0 0.555475 0.891676 0.0497313 0.0729
0 0.400165 0.818115 0.0385851 0.0527143
0 0.271395 0.858948 0.0432884 0.0587513
0 0.128635 0.806349 0.0391237 0.0579525
0 0.219023 0.819566 0.0357664 0.0530931
0 0.076227 0.814872 0.0402476 0.0587034
0 0.897806 0.826125 0.0293009 0.0422443
0 0.632155 0.916822 0.0432821 0.0506943
0 0.0559392 0.782744 0.0339761 0.0484383
0 0.350614 0.833761 0.0239598 0.0334126
0 0.706368 0.870973 0.0414963 0.0543327
0 0.178545 0.80279 0.0275215 0.0440437
0 0.305398 0.811164 0.0207581 0.0296184
0 0.285278 0.81418 0.0247659 0.0307502
0 0.76134 0.851705 0.0299421 0.0418766
0 0.247635 0.83087 0.0311372 0.0437973
0 0.669284 0.820352 0.0150822 0.0205032
0 0.63173 0.960505 0.0589423 0.0655787
0 0.253926 0.80175 0.0201398 0.020722
0 0.730344 0.809403 0.0143833 0.019018
0 0.354633 0.803876 0.0170012 0.0188328
0 0.480125 0.813947 0.0123516 0.015797
0 0.867002 0.819652 0.0236425 0.0320576
0 0.366396 0.804577 0.0158986 0.0215057
0 0.156374 0.808329 0.0305006 0.0457659
0 0.709468 0.808023 0.0126665 0.0183943
0 0.690793 0.808155 0.0125019 0.0156326
