0 0.366208 0.640034 0.105691 0.153042
0 0.160857 0.619738 0.109977 0.160017
0 0.629278 0.439624 0.0704525 0.105
0 0.733564 0.728765 0.0878124 0.134386
0 0.54098 0.688432 0.112754 0.168395
0 0.666597 0.60367 0.0820524 0.112801
0 0.294924 0.584449 0.0813828 0.12451
0 0.892437 0.694751 0.0842804 0.12241
0 0.946762 0.567057 0.0718592 0.103497
0 0.778865 0.540099 0.0670261 0.089455
0 0.167005 0.356523 0.0590139 0.0880651
0 0.762373 0.443325 0.0586257 0.0840052
0 0.448547 0.367485 0.0463163 0.0682429
0 0.379343 0.481097 0.0807222 0.0955217
0 0.315001 0.370788 0.0564059 0.0866063
0 0.500692 0.509806 0.0797796 0.11318
0 0.705106 0.420621 0.0415361 0.0556482
0 0.0934595 0.352955 0.0599486 0.0841542
0 0.964028 0.436084 0.0683996 0.0974589
0 0.405932 0.34307 0.0440836 0.0649385
0 0.133976 0.315031 0.0419994 0.0650541
0 0.267838 0.359474 0.0364787 0.0523126
0 0.0482588 0.460721 0.0703148 0.0833334
0 0.670999 0.36498 0.0295795 0.0403573
0 0.628617 0.339873 0.0320832 0.0464481
0 0.36424 0.37962 0.0469747 0.0664444
0 0.830875 0.489477 0.0462111 0.0580783
0 0.224241 0.386362 0.0452498 0.038415
0 0.0444771 0.32317 0.0491189 0.0770406
0 0.812538 0.39285 0.035951 0.0423538
0 0.219388 0.302508 0.0348791 0.0433982
0 0.169421 0.491519 0.0936145 0.104091
0 0.171503 0.260888 0.0271319 0.0326971
0 0.098815 0.261754 0.0264715 0.0338721
0 0.665672 0.314904 0.0200469 0.0241987
0 0.537564 0.357753 0.0335249 0.03762
0 0.404678 0.290034 0.022265 0.0255749
0 0.492667 0.324443 0.0292582 0.0391254
0 0.368215 0.277192 0.0181005 0.0207454
0 0.441866 0.305004 0.0267924 0.0361299
0 0.519897 0.324668 0.0297821 0.0376102
0 0.5569 0.315274 0.0252508 0.0320529
0 0.739742 0.392012 0.0316134 0.0436096
0 0.364709 0.299454 0.0231209 0.0264907
0 0.222016 0.35365 0.0413185 0.0516178
0 0.154978 0.246921 0.0190812 0.0230098
0 0.781165 0.385697 0.0291843 0.0344592
0 0.331807 0.302597 0.0270048 0.0236812
0 0.0681535 0.279735 0.0327495 0.0410175
0 0.480986 0.255878 0.0117767 0.0148522
0 0.491111 0.268786 0.0134598 0.0169936
0 0.0829819 0.254936 0.0198085 0.0263137
0 0.807541 0.442268 0.0444485 0.05884
0 0.855745 0.40587 0.0285839 0.0322479
0 0.603406 0.311699 0.0196817 0.0248415
0 0.509599 0.296884 0.0201672 0.0251368
0 0.316495 0.277839 0.0179469 0.020612
0 0.295942 0.269935 0.0168348 0.0208817
0 0.215191 0.455952 0.0776422 0.0974377
0 0.591051 0.407325 0.0464327 0.0688131
0 0.455811 0.257792 0.0109768 0.0143086
0 0.719188 0.365921 0.0287245 0.0376884
0 0.582198 0.309853 0.0237827 0.0278421
0 0.390145 0.279386 0.0171539 0.0231825
0 0.391383 0.25644 0.0108724 0.0134931
0 0.605455 0.280375 0.0127542 0.0163733
0 0.384016 0.278666 0.0169066 0.0230041
0 0.266559 0.278248 0.0214591 0.0269871
0 0.178423 0.29054 0.0352801 0.0333327
0 0.347456 0.273136 0.0171795 0.0197229
0 0.347474 0.276666 0.0175284 0.0207438
0 0.794326 0.350904 0.019365 0.0232963
0 0.388072 0.315267 0.0284307 0.0395625
0 0.443301 0.266274 0.0136753 0.0180568
0 0.555836 0.283586 0.0143843 0.0185247
0 0.433806 0.282379 0.01679 0.0231445
0 0.741773 0.35739 0.0278796 0.0371171
0 0.356028 0.255276 0.0113287 0.013824
0 0.0470894 0.27536 0.0290261 0.0314029
0 0.63069 0.294388 0.0154889 0.0192794
0 0.453329 0.277804 0.0157224 0.0193224
0 0.600996 0.348928 0.0266264 0.0322497
0 0.432826 0.25772 0.0107181 0.014608
0 0.328748 0.246178 0.0105458 0.0126288
