0 0.579395 0.22378 0.0707848 0.0906665
0 0.172331 0.887176 0.0998413 0.099559
0 0.246248 0.546445 0.084065 0.0797506
0 0.0913766 0.672763 0.0803417 0.0898699
0 0.413734 0.877332 0.0809947 0.0812765
0 0.752484 0.751435 0.0692333 0.0909557
0 0.880495 0.144188 0.0632389 0.0841765
0 0.289749 0.263704 0.0710265 0.0859079
0 0.193984 0.0776512 0.0638991 0.0617342
0 0.416793 0.14464 0.0604834 0.0781981
0 0.537813 0.191185 0.0635157 0.0853224
0 0.959121 0.624756 0.0796249 0.0776618
0 0.687419 0.125762 0.0666674 0.0921553
0 0.314532 0.8051 0.0814361 0.0867691
0 0.15636 0.525143 0.0787597 0.0906162
0 0.863687 0.0299697 0.054447 0.0599395
0 0.122986 0.297118 0.0752086 0.0921108
0 0.360464 0.205072 0.0639496 0.0801812
0 0.775105 0.34382 0.0673573 0.0869471
0 0.361534 0.608682 0.089359 0.0785028
0 0.545362 0.0450968 0.0611374 0.0760912
0 0.529102 0.414903 0.066831 0.0753268
0 0.288852 0.710504 0.0834092 0.0783995
0 0.832481 0.239507 0.0610268 0.0752996
0 0.118151 0.187572 0.0720337 0.0797356
0 0.073048 0.533552 0.0743979 0.0786221
0 0.697111 0.218519 0.0708325 0.0816701
0 0.494454 0.123992 0.0619123 0.0842565
0 0.307659 0.0839986 0.0618785 0.0827852
0 0.230714 0.331113 0.0670062 0.0797642
0 0.204909 0.636259 0.0723744 0.0761393
0 0.76345 0.0616916 0.0573598 0.0743289
0 0.971918 0.800821 0.0558441 0.0673044
0 0.890147 0.464509 0.068107 0.0819475
0 0.324259 0.466491 0.0754179 0.0776079
0 0.531568 0.735067 0.0849303 0.0974277
0 0.320759 0.389531 0.0656432 0.0670577
0 0.9396 0.234797 0.0485743 0.0792979
0 0.422566 0.038559 0.0635203 0.0694388
0 0.116916 0.388676 0.0739131 0.0942239
0 0.223451 0.181089 0.075932 0.09182
0 0.497143 0.593753 0.0910736 0.0840867
0 0.723959 0.574586 0.0742247 0.0757547
0 0.0598998 0.108101 0.0625008 0.0670716
0 0.219264 0.457077 0.0788054 0.0841232
0 0.901933 0.320728 0.0708405 0.0871826
0 0.58027 0.614196 0.0603494 0.0680498
0 0.372752 0.329406 0.0723465 0.0742468
0 0.801534 0.016899 0.0521793 0.0336649
0 0.449093 0.225329 0.0621958 0.082255
0 0.719018 0.0275176 0.0531355 0.0550216
0 0.402903 0.483529 0.0684982 0.0781483
0 0.976253 0.430307 0.0457621 0.0811194
0 0.672085 0.34861 0.0534575 0.0757047
0 0.86641 0.664706 0.0784458 0.0856651
0 0.194335 0.719953 0.0675809 0.06936
0 0.484543 0.337641 0.0615746 0.0715666
0 0.0445699 0.683513 0.0465515 0.0704334
0 0.741415 0.283543 0.0624606 0.063913
0 0.901429 0.0237476 0.0405497 0.0473362
0 0.278201 0.619937 0.0709894 0.0641565
0 0.0127219 0.27152 0.0254438 0.0651768
