0 0.588478 0.59541 0.089459 0.114907
0 0.376133 0.808671 0.0913461 0.127468
0 0.817607 0.692099 0.0917006 0.123321
0 0.0489213 0.780123 0.0890592 0.143832
0 0.298042 0.615217 0.0618902 0.0877838
0 0.672456 0.698034 0.0735338 0.098712
0 0.497277 0.876708 0.103116 0.0725048
0 0.181324 0.80029 0.106645 0.141308
0 0.865208 0.241474 0.0569595 0.0938883
0 0.880465 0.61685 0.0729174 0.110297
0 0.63517 0.330193 0.0588263 0.0939495
0 0.111747 0.219447 0.0514186 0.0856119
0 0.833617 0.457853 0.0697611 0.109937
0 0.735186 0.471887 0.0539404 0.0817101
0 0.720715 0.159532 0.0543025 0.0899561
0 0.280341 0.112309 0.0453118 0.0729728
0 0.126178 0.645005 0.0593373 0.0983088
0 0.17678 0.20153 0.0465565 0.0682638
0 0.5097 0.387225 0.0576813 0.0931061
0 0.687343 0.420042 0.0638056 0.0994815
0 0.922952 0.883331 0.0743912 0.106468
0 0.0378156 0.580059 0.0590185 0.0925577
0 0.43819 0.125858 0.0506659 0.0868798
0 0.463363 0.609137 0.0673283 0.0949615
0 0.932904 0.237079 0.063446 0.103653
0 0.391074 0.157176 0.0515646 0.0797393
0 0.249096 0.478628 0.0660304 0.103689
0 0.305206 0.219257 0.055353 0.0759324
0 0.227724 0.244173 0.0535384 0.0919748
0 0.956056 0.456507 0.0757309 0.112735
0 0.195867 0.671999 0.091958 0.122727
0 0.582376 0.477643 0.0621393 0.0709992
0 0.17491 0.138213 0.0440983 0.0580904
0 0.557261 0.283913 0.0504986 0.0794883
0 0.148605 0.075868 0.045875 0.0772398
0 0.0745544 0.330485 0.0507071 0.08657
0 0.440056 0.258535 0.0538692 0.0879649
0 0.404028 0.60193 0.057145 0.109896
0 0.136748 0.437963 0.0583526 0.0709864
0 0.31614 0.318109 0.0549808 0.0951742
0 0.0657742 0.496814 0.0530899 0.0723
0 0.207145 0.423696 0.0569053 0.0850588
0 0.832695 0.861676 0.0831188 0.125185
0 0.754143 0.664055 0.069306 0.112312
0 0.0994676 0.135845 0.043195 0.0668723
0 0.21527 0.342779 0.0496456 0.061403
0 0.268597 0.691058 0.0447264 0.100139
0 0.612099 0.159713 0.0486843 0.0850872
0 0.334439 0.0881821 0.0419924 0.0625476
0 0.597473 0.760431 0.0923837 0.160281
0 0.966228 0.145649 0.0498306 0.0803006
0 0.717222 0.0660391 0.041636 0.0675264
0 0.750085 0.300633 0.061823 0.0888588
0 0.325845 0.1516 0.0413922 0.061358
0 0.244333 0.599057 0.0439021 0.0609285
0 0.361877 0.600929 0.0538492 0.0965561
0 0.34272 0.541545 0.0520247 0.0623669
0 0.520396 0.232299 0.0506159 0.0756853
0 0.33055 0.471248 0.0581454 0.0825163
0 0.764218 0.0950996 0.0437284 0.07377
0 0.27448 0.350385 0.043196 0.0637194
0 0.40393 0.242157 0.0451066 0.0759855
0 0.0886345 0.610998 0.0430662 0.0749859
0 0.978861 0.223534 0.0422785 0.0962647
0 0.429788 0.403342 0.0588829 0.0947031
0 0.532929 0.0454253 0.0446331 0.0694675
0 0.526753 0.170266 0.0553576 0.0605849
0 0.473787 0.0506682 0.0415297 0.076387
0 0.124671 0.535919 0.0620344 0.0888508
0 0.211789 0.0779665 0.0473188 0.0785928
0 0.644142 0.897031 0.095499 0.0460896
0 0.0238318 0.432024 0.0395393 0.102568
0 0.309366 0.0348115 0.0398586 0.0659655
0 0.942293 0.64512 0.0710539 0.137299
0 0.864117 0.168717 0.0444294 0.045426
0 0.952543 0.0715717 0.0478243 0.0708723
0 0.413226 0.0813523 0.0379925 0.0667869
0 0.656686 0.112995 0.044611 0.0783072
0 0.741126 0.376357 0.0548347 0.078935
0 0.80941 0.0531267 0.0411747 0.059873
0 0.467524 0.443334 0.0472969 0.0738605
0 0.59011 0.0437153 0.0402876 0.0729571
0 0.521442 0.114546 0.0518179 0.0650165
0 0.416085 0.0190047 0.0402172 0.0380093
0 0.905306 0.38113 0.0645798 0.112792
0 0.617732 0.0376882 0.0396742 0.0597182
0 0.354868 0.0368386 0.0422308 0.0500715
0 0.355315 0.412501 0.0536091 0.065391
0 0.850836 0.0740974 0.0458218 0.0703312
0 0.0996058 0.0217728 0.0406245 0.04344
0 0.753194 0.866009 0.121752 0.123941
0 0.973195 0.66864 0.0355972 0.120107
0 0.952869 0.889819 0.043372 0.0986061
0 0.048755 0.0453477 0.0347931 0.0551515
0 0.219024 0.0156902 0.0365075 0.0311017
0 0.0748435 0.439236 0.049251 0.0437158
0 0.0384078 0.212994 0.0358738 0.0816793
0 0.502441 0.0150866 0.0374689 0.0299243
0 0.875227 0.12376 0.0484423 0.0562658
0 0.0585205 0.242131 0.0419405 0.0661645
0 0.824546 0.278284 0.039465 0.0638751
0 0.381113 0.35657 0.0460289 0.0789989
0 0.903092 0.0576428 0.0446835 0.0602725
0 0.979234 0.352655 0.0413952 0.07607
0 0.49697 0.544263 0.0591519 0.0531853
0 0.0358525 0.224078 0.0348175 0.0692881
0 0.9089 0.366819 0.0614258 0.0983508
0 0.811305 0.217086 0.0466585 0.0742
0 0.380584 0.0158881 0.0375205 0.0317762
0 0.128707 0.51374 0.0569796 0.0677424
