0 0.110888 0.750494 0.0635909 0.0881018
0 0.487994 0.563274 0.0408606 0.0582332
0 0.301252 0.522239 0.0393187 0.0566957
0 0.546876 0.566166 0.037504 0.0539354
0 0.376719 0.765569 0.0533568 0.0733246
0 0.238009 0.506437 0.0404024 0.0555222
0 0.750504 0.587838 0.0381433 0.0527267
0 0.0901148 0.435438 0.0373477 0.0492729
0 0.841092 0.607564 0.0419228 0.0563922
0 0.511789 0.47244 0.0328596 0.0444396
0 0.377986 0.473165 0.033971 0.0496973
0 0.0266457 0.588795 0.0406588 0.0608599
0 0.105776 0.389473 0.0352252 0.0428629
0 0.540998 0.278486 0.0241311 0.0329789
0 0.544078 0.503605 0.0361137 0.0473763
0 0.694719 0.517728 0.0342476 0.0456115
0 0.965643 0.641473 0.0434135 0.0657237
0 0.770011 0.496673 0.0341022 0.0481573
0 0.578595 0.28085 0.0263388 0.0362791
0 0.685111 0.596895 0.0326824 0.0478134
0 0.339364 0.438079 0.0318185 0.0451038
0 0.712581 0.474796 0.0327747 0.0463814
0 0.119028 0.355247 0.0309759 0.0383902
0 0.404034 0.317459 0.0272421 0.0368682
0 0.59482 0.469312 0.0318499 0.0452229
0 0.648227 0.487758 0.0300564 0.0434006
0 0.448274 0.371316 0.0271059 0.0381227
0 0.253695 0.39729 0.0312899 0.0488952
0 0.283838 0.429324 0.03262 0.0473938
0 0.387376 0.383493 0.0294904 0.0339433
0 0.187121 0.384075 0.029869 0.0414402
0 0.501639 0.343147 0.0266811 0.0369449
0 0.927258 0.531395 0.0327343 0.0480832
0 0.346949 0.365426 0.0288447 0.038871
0 0.580119 0.340381 0.0248152 0.0322664
0 0.465514 0.430322 0.0326001 0.0437695
0 0.209196 0.321648 0.0279445 0.0378304
0 0.744019 0.465995 0.0311129 0.0447247
0 0.945755 0.608711 0.0348164 0.0519886
0 0.382254 0.412251 0.0327555 0.0425924
0 0.646645 0.441035 0.032283 0.0436365
0 0.306263 0.367472 0.0239398 0.0326571
0 0.239987 0.258837 0.0238029 0.0313478
0 0.505148 0.25514 0.0202191 0.0270374
0 0.356044 0.335364 0.0262251 0.0328095
0 0.291644 0.318061 0.0262139 0.0341721
0 0.473555 0.273403 0.0229048 0.0315238
0 0.403511 0.439686 0.0303506 0.0420321
0 0.466502 0.554413 0.0343781 0.0516258
0 0.154867 0.269928 0.024954 0.0357971
0 0.0698209 0.24976 0.0246946 0.0314946
0 0.244457 0.37535 0.0264062 0.0371237
0 0.632467 0.474995 0.0307178 0.0448119
0 0.122768 0.182393 0.0215425 0.02845
0 0.566748 0.317851 0.0243938 0.0341529
0 0.0830354 0.221586 0.0233858 0.0299723
0 0.529398 0.320429 0.0240097 0.0336169
0 0.356569 0.314631 0.0245431 0.0300545
0 0.110982 0.256899 0.0241993 0.0354583
0 0.33144 0.335149 0.0235711 0.0318362
0 0.2141 0.22963 0.0222913 0.0296337
0 0.305931 0.40548 0.0304869 0.0420481
0 0.866268 0.498236 0.025701 0.0365673
0 0.736933 0.527688 0.0306807 0.0436354
0 0.241161 0.253074 0.024017 0.0293937
0 0.971258 0.526633 0.0360426 0.0453326
0 0.515244 0.298094 0.0224436 0.0325186
0 0.170837 0.195795 0.0197998 0.0268303
0 0.977424 0.581737 0.0310062 0.0421549
0 0.550059 0.324888 0.0209585 0.0313623
0 0.28582 0.317017 0.0270481 0.0335847
