0 0.799881 0.746862 0.0892271 0.115012
0 0.525448 0.594009 0.066152 0.0972202
0 0.138394 0.643063 0.0773263 0.0955284
0 0.632284 0.694593 0.0750956 0.0962768
0 0.729745 0.567566 0.0543758 0.0705976
0 0.691207 0.619069 0.0637365 0.0758794
0 0.737406 0.72235 0.0716763 0.0928164
0 0.125836 0.472612 0.0520831 0.0656679
0 0.459773 0.630555 0.0683414 0.0907805
0 0.234783 0.562907 0.0482185 0.064686
0 0.898584 0.585095 0.0521132 0.0582315
0 0.809161 0.643626 0.0770062 0.0836201
0 0.363926 0.557969 0.0476208 0.0611605
0 0.485445 0.541886 0.0529604 0.0695588
0 0.448387 0.511445 0.0384645 0.0509314
0 0.914618 0.740561 0.0854145 0.106463
0 0.103082 0.525809 0.0605466 0.0789124
0 0.306251 0.566646 0.054801 0.0726221
0 0.170456 0.499025 0.0442388 0.0636571
0 0.711127 0.876624 0.10773 0.106406
0 0.582253 0.604957 0.0518808 0.0686782
0 0.751868 0.662821 0.069401 0.0652954
0 0.621901 0.554035 0.0388522 0.0473012
0 0.349617 0.511055 0.0500756 0.0625954
0 0.834787 0.559189 0.0487904 0.0367617
0 0.584647 0.552318 0.0359861 0.0448016
0 0.220411 0.518245 0.0460173 0.048929
0 0.492683 0.475806 0.0234816 0.0292862
0 0.383563 0.511764 0.0357519 0.0477137
0 0.600857 0.487046 0.02727 0.02844
0 0.832257 0.591227 0.0580563 0.0506189
0 0.624452 0.592371 0.0411291 0.0437126
0 0.515334 0.502822 0.0296577 0.0432739
0 0.695578 0.545825 0.0335695 0.0411657
0 0.417596 0.506402 0.0301882 0.0392021
0 0.170491 0.449574 0.0322027 0.0337458
0 0.425084 0.556606 0.0482622 0.0615679
0 0.285546 0.49537 0.038157 0.0514648
0 0.6542 0.518789 0.0301367 0.03748
0 0.689823 0.510807 0.0300006 0.0308135
0 0.915477 0.64313 0.0548546 0.0521601
0 0.219282 0.446605 0.0267762 0.032279
0 0.593693 0.443036 0.0212086 0.0252261
0 0.650191 0.448247 0.0226583 0.0263027
0 0.642167 0.62139 0.0467174 0.0475973
0 0.561352 0.482427 0.0257378 0.0326288
0 0.256648 0.494367 0.0331364 0.0400826
0 0.314917 0.510017 0.0313721 0.0364588
0 0.272007 0.457966 0.0301882 0.0335543
0 0.543689 0.518935 0.0374081 0.0461805
0 0.540452 0.428784 0.0194468 0.0247435
0 0.245371 0.451321 0.0279015 0.0392202
0 0.632825 0.415583 0.0163996 0.0206669
0 0.472405 0.441299 0.0208272 0.0256986
0 0.16689 0.421904 0.0197182 0.0261688
0 0.420648 0.478955 0.0238239 0.0270581
0 0.268928 0.555828 0.0401442 0.0608227
0 0.628695 0.469282 0.023326 0.0284051
0 0.684992 0.574583 0.0374368 0.0393482
0 0.369952 0.44079 0.0186188 0.0219809
0 0.420049 0.432912 0.0178358 0.0222946
0 0.557047 0.40752 0.016311 0.0211492
0 0.568204 0.454539 0.0202791 0.025523
0 0.50563 0.421362 0.0239691 0.0276182
0 0.265564 0.564218 0.0432244 0.0640625
0 0.482241 0.418484 0.0172398 0.0206741
0 0.0212682 0.516533 0.0422494 0.0612127
0 0.535937 0.457484 0.024155 0.030913
0 0.460967 0.469052 0.0236544 0.0299866
0 0.416508 0.396756 0.01458 0.0190349
0 0.191304 0.50672 0.0291298 0.0467426
0 0.0293909 0.444719 0.0370128 0.0443513
0 0.54906 0.515611 0.0319802 0.040205
0 0.647499 0.420055 0.0162033 0.0205333
0 0.560903 0.432393 0.0182044 0.0237642
0 0.363899 0.464308 0.0246371 0.0307243
0 0.340897 0.474957 0.0274961 0.0287077
0 0.331066 0.441823 0.0180053 0.0227814
0 0.901323 0.938958 0.0688046 0.0948162
0 0.741711 0.444667 0.0233105 0.0305023
0 0.339742 0.469113 0.0284163 0.029902
0 0.517169 0.396411 0.0169038 0.0216718
0 0.591361 0.406433 0.0152327 0.0192024
0 0.508958 0.449174 0.0280823 0.0308857
0 0.579445 0.500882 0.024422 0.0308458
0 0.54014 0.514424 0.0318249 0.0379778
0 0.169858 0.420017 0.0234142 0.0278473
0 0.402048 0.39624 0.016241 0.0203363
0 0.645353 0.473528 0.024636 0.0281727
0 0.543158 0.425844 0.0187527 0.0249138
0 0.579351 0.392741 0.0140038 0.0174186
0 0.96289 0.649053 0.0420784 0.0574945
0 0.435336 0.398649 0.0150163 0.0190697
0 0.519062 0.3798 0.0132236 0.0161274
0 0.578551 0.417855 0.0156471 0.0197831
0 0.434209 0.403912 0.0147537 0.020241
0 0.57111 0.420773 0.0162598 0.0205334
0 0.673768 0.430108 0.0196959 0.0271604
0 0.457574 0.473757 0.02371 0.0290799
0 0.295604 0.42784 0.0181961 0.0236817
