0 0.615865 0.879104 0.0504284 0.0741325
0 0.180961 0.858487 0.0383183 0.0560822
0 0.451748 0.832307 0.0400875 0.0530708
0 0.128608 0.880433 0.0386801 0.0545498
0 0.697204 0.889664 0.0408855 0.0520216
0 0.104722 0.848664 0.0360967 0.0499886
0 0.762488 0.835658 0.0419203 0.0577774
0 0.229972 0.851978 0.0303973 0.0459667
0 0.273457 0.859691 0.0358823 0.0530945
0 0.334481 0.889681 0.039299 0.0551266
0 0.404424 0.851937 0.0246283 0.0355648
0 0.796093 0.881064 0.028161 0.037336
0 0.355147 0.835592 0.0189481 0.0282061
0 0.0424193 0.899844 0.0298913 0.0491199
0 0.338364 0.843525 0.0218712 0.0297222
0 0.302046 0.863952 0.029947 0.043869
0 0.25438 0.845833 0.0224057 0.0364834
0 0.712161 0.790044 0.0142448 0.0204592
0 0.567366 0.802677 0.0122734 0.0144413
0 0.755937 0.771894 0.015239 0.019413
0 0.953438 0.95359 0.0583565 0.0336252
