0 0.722027 0.747004 0.0643878 0.127073
0 0.646931 0.936373 0.0708332 0.112878
0 0.399193 0.593657 0.0575862 0.101353
0 0.906388 0.539038 0.0548168 0.0981401
0 0.62984 0.768045 0.0588096 0.112661
0 0.569776 0.741874 0.0561949 0.099277
0 0.891828 0.941352 0.0771122 0.0896996
0 0.706306 0.550636 0.0504538 0.0984966
0 0.802231 0.560334 0.0530653 0.111385
0 0.783064 0.349289 0.0399633 0.0744012
0 0.397664 0.347534 0.0402205 0.0819749
0 0.680401 0.359271 0.0476584 0.0947516
0 0.469744 0.303668 0.0439425 0.0775391
0 0.200717 0.349051 0.040031 0.0702684
0 0.760312 0.501782 0.0479822 0.0936198
0 0.454647 0.525114 0.0460782 0.0924793
0 0.312078 0.217262 0.0367451 0.0662062
0 0.30459 0.300183 0.0352628 0.0762844
0 0.61626 0.362309 0.0401516 0.0847059
0 0.387878 0.439268 0.0439772 0.0875498
0 0.508171 0.354295 0.0374715 0.0746526
0 0.896509 0.332433 0.0364777 0.0832915
0 0.336186 0.347659 0.0358491 0.0769445
0 0.348505 0.469687 0.0453193 0.0855793
0 0.221524 0.562728 0.0456289 0.0739899
0 0.94074 0.31946 0.037709 0.0812909
0 0.665101 0.560416 0.0457354 0.08949
0 0.538094 0.292857 0.0416052 0.0757049
0 0.263588 0.207386 0.0303429 0.0591252
0 0.266444 0.315857 0.0359822 0.0769919
0 0.785532 0.250033 0.0336626 0.0560592
0 0.965005 0.421433 0.0478413 0.096147
0 0.545838 0.382077 0.03659 0.0755016
0 0.389592 0.219465 0.035331 0.0694398
0 0.484433 0.434972 0.0394088 0.0550125
0 0.646088 0.333521 0.0340555 0.0729602
0 0.586077 0.279716 0.0302773 0.0623941
0 0.717443 0.216401 0.0323599 0.0627239
0 0.343823 0.13654 0.0286479 0.0562864
0 0.519314 0.171849 0.0282572 0.0542689
0 0.498591 0.532531 0.0451218 0.0823761
0 0.646711 0.278749 0.0355423 0.0505977
0 0.545398 0.173181 0.0278126 0.0551501
0 0.560331 0.262682 0.0324657 0.063853
0 0.87334 0.31691 0.0332352 0.0839411
0 0.967697 0.278203 0.0336452 0.0777877
0 0.66936 0.127501 0.0303726 0.0555764
0 0.909769 0.190911 0.0319851 0.0660061
0 0.447519 0.440586 0.035227 0.0474789
0 0.176662 0.269773 0.0317349 0.0725165
0 0.361617 0.31986 0.0304874 0.0767745
0 0.851429 0.181562 0.031567 0.0644846
0 0.175832 0.365947 0.0259542 0.0601175
0 0.46828 0.241328 0.0357794 0.0505488
0 0.714692 0.154566 0.0259045 0.048254
0 0.618378 0.228201 0.0319626 0.0640759
0 0.19473 0.162414 0.025548 0.053536
0 0.827521 0.157586 0.0275631 0.055843
0 0.282464 0.138861 0.0307457 0.0622543
0 0.445743 0.0865941 0.0258253 0.0459631
0 0.413571 0.196275 0.0279634 0.0560182
0 0.380159 0.165347 0.0263189 0.0333007
0 0.739164 0.218447 0.0259615 0.0576372
0 0.438878 0.152182 0.0322328 0.0528845
0 0.161078 0.163471 0.0252491 0.0461615
0 0.135642 0.243069 0.0248435 0.0453688
0 0.214381 0.50602 0.0461145 0.0599798
0 0.229204 0.181326 0.0301697 0.0564434
0 0.254577 0.110049 0.0253884 0.0475271
0 0.587044 0.131253 0.0245756 0.0482962
0 0.789489 0.300049 0.0327873 0.0498737
0 0.790522 0.173127 0.0258428 0.0511803
0 0.240295 0.305337 0.0307364 0.0668382
0 0.0805166 0.162557 0.0263299 0.0444453
0 0.640449 0.131688 0.0236807 0.0492713
0 0.376665 0.0988674 0.023269 0.0397979
0 0.235666 0.0951797 0.020825 0.0345425
0 0.482895 0.0861848 0.0240355 0.0453295
0 0.549452 0.116797 0.0250889 0.0458565
0 0.50676 0.0863963 0.0208992 0.0381916
0 0.544576 0.0808973 0.0199795 0.0351053
0 0.569024 0.125185 0.0230268 0.043737
0 0.524526 0.10604 0.0234377 0.0437909
0 0.157569 0.217972 0.0248379 0.0543975
0 0.892538 0.17283 0.0262377 0.0556204
0 0.0421601 0.0993704 0.0226087 0.0377732
0 0.257037 0.105118 0.025079 0.0478894
0 0.205408 0.100526 0.0189084 0.0353404
0 0.301295 0.0989471 0.0250276 0.0466354
0 0.509239 0.122601 0.0237402 0.0405355
0 0.498259 0.0888749 0.0208691 0.0399602
0 0.604831 0.165886 0.0227912 0.0423669
0 0.33109 0.0937455 0.025036 0.040551
0 0.449679 0.199083 0.0273735 0.0506116
0 0.220307 0.127139 0.0221069 0.0382612
0 0.151833 0.127328 0.0210011 0.0345295
0 0.206962 0.0968089 0.020031 0.0314505
0 0.463813 0.0880722 0.0226145 0.041499
0 0.421069 0.093661 0.0244926 0.04635
0 0.195688 0.109666 0.0208289 0.0351523
0 0.282798 0.0810488 0.0201125 0.0369706
0 0.0388494 0.101215 0.0223505 0.0365884
0 0.0632532 0.192051 0.0258096 0.0457892
0 0.425136 0.0899638 0.0232985 0.0444715
