0 0.263865 0.221226 0.068916 0.0928457
0 0.188047 0.22916 0.0718061 0.0888223
0 0.419824 0.193314 0.0660068 0.0808302
0 0.84654 0.195068 0.064893 0.0874071
0 0.617146 0.19366 0.0728288 0.0849574
0 0.526848 0.23261 0.0626015 0.0748989
0 0.719047 0.187544 0.0521025 0.0798111
0 0.529181 0.165812 0.0575615 0.0779107
0 0.923045 0.217359 0.0643955 0.083323
0 0.475331 0.215842 0.0374901 0.0485709
0 0.87871 0.140979 0.0570715 0.062594
0 0.13495 0.16281 0.0709275 0.0579736
0 0.329576 0.220855 0.027767 0.041265
0 0.937185 0.160734 0.0373293 0.037376
0 0.81635 0.134392 0.0449858 0.0449699
0 0.0453554 0.220691 0.0583123 0.0836557
0 0.671942 0.206843 0.0360376 0.0484068
0 0.653259 0.169418 0.0391726 0.0676322
0 0.755121 0.20704 0.0384956 0.0600449
0 0.785385 0.183394 0.0398997 0.0644047
0 0.666017 0.207532 0.0346993 0.0462776
0 0.301907 0.225173 0.0254116 0.0345285
0 0.399989 0.246209 0.0463929 0.0505137
