0 0.292471 0.506075 0.0354817 0.0510717
0 0.400701 0.528187 0.0401652 0.0534759
0 0.236091 0.489957 0.0362926 0.0504233
0 0.160935 0.480001 0.0416838 0.0539602
0 0.47934 0.554327 0.0459135 0.0633275
0 0.210562 0.501187 0.0362263 0.0501695
0 0.0230683 0.456992 0.0408513 0.0548798
0 0.457714 0.527539 0.0360981 0.0505384
0 0.557744 0.560719 0.0410128 0.0566231
0 0.947558 0.628815 0.0287838 0.0397793
0 0.0746174 0.455203 0.0456834 0.0604338
0 0.657111 0.554172 0.0422064 0.0583867
0 0.370823 0.515448 0.0347621 0.0468195
0 0.907441 0.61387 0.0365444 0.0488149
0 0.712872 0.588351 0.0395258 0.0536016
0 0.534571 0.526382 0.0390478 0.0512798
0 0.855321 0.603961 0.0353954 0.0457882
0 0.927498 0.494679 0.0274565 0.0395035
0 0.0832833 0.455673 0.0443408 0.0569015
0 0.315358 0.503137 0.0252158 0.038097
