0 0.0937958 0.725529 0.0692939 0.0907775
0 0.482008 0.562527 0.045467 0.0612461
0 0.29776 0.507761 0.042809 0.057927
0 0.358021 0.750232 0.0554689 0.0739464
0 0.237667 0.486379 0.0435507 0.0597492
0 0.542404 0.569494 0.0389674 0.0545388
0 0.832417 0.629837 0.0489761 0.0625401
0 0.676907 0.605405 0.0353675 0.0510523
0 0.380177 0.460557 0.0379469 0.0533506
0 0.0215563 0.558206 0.0430719 0.0657213
0 0.691573 0.531976 0.0365036 0.047991
0 0.51301 0.473614 0.0367496 0.0495269
0 0.196123 0.35479 0.0316077 0.0422849
0 0.343448 0.425158 0.0359161 0.0504839
0 0.415479 0.308163 0.0289291 0.0373255
0 0.130308 0.329247 0.0316276 0.0395207
0 0.744746 0.603072 0.0398695 0.0536589
0 0.0927988 0.406776 0.0387851 0.0522228
0 0.543983 0.503218 0.0382467 0.0482792
0 0.111883 0.359927 0.035572 0.0450879
0 0.746047 0.481688 0.036236 0.0481763
0 0.598148 0.472619 0.0313305 0.0444666
0 0.59165 0.346493 0.0295233 0.0380513
0 0.287484 0.413183 0.0357273 0.0502439
0 0.712151 0.486609 0.0333097 0.0443747
0 0.649143 0.44802 0.0326241 0.0414492
0 0.772352 0.514273 0.039246 0.0541002
0 0.474489 0.429002 0.0336716 0.0448847
0 0.257652 0.238625 0.0250674 0.0333529
0 0.590834 0.28694 0.0275339 0.0359332
0 0.454965 0.370792 0.029808 0.0403113
0 0.255976 0.35397 0.0277282 0.0378321
0 0.954778 0.669082 0.0506224 0.0696412
0 0.394972 0.374121 0.0302607 0.0361601
0 0.556063 0.282967 0.0221999 0.0303475
0 0.406536 0.429622 0.0312435 0.0421547
0 0.653477 0.497893 0.0330698 0.0428272
0 0.366993 0.329954 0.028494 0.037892
0 0.512239 0.343945 0.0281622 0.0380954
0 0.968905 0.615169 0.035326 0.0458413
0 0.315098 0.351592 0.02592 0.0352795
0 0.935793 0.636743 0.0458099 0.0585858
0 0.386832 0.403162 0.0330399 0.0416327
0 0.661841 0.723687 0.0450701 0.06101
0 0.568115 0.474308 0.0317844 0.0422699
0 0.518719 0.254782 0.0230297 0.0295642
0 0.685771 0.365703 0.0300154 0.0444019
0 0.459799 0.553025 0.0358792 0.0549158
0 0.471355 0.271706 0.0226454 0.0307489
0 0.261448 0.377047 0.0309353 0.0471514
0 0.293604 0.300456 0.0238621 0.0335155
0 0.6328 0.309102 0.0256158 0.0333257
0 0.606825 0.443863 0.0266904 0.0313223
0 0.806362 0.461114 0.0340292 0.0439226
0 0.353642 0.353483 0.027661 0.0382525
0 0.526958 0.296587 0.0236629 0.0317801
0 0.540739 0.322387 0.0259486 0.0354829
0 0.102147 0.194055 0.0237408 0.0310238
0 0.742028 0.522357 0.0338467 0.0480288
0 0.36822 0.305533 0.0276423 0.0339907
0 0.125792 0.237066 0.0277175 0.0354216
0 0.38491 0.180837 0.0199477 0.02653
0 0.560114 0.33172 0.0249142 0.0359486
0 0.487917 0.305946 0.0246278 0.034225
0 0.145201 0.154206 0.0208705 0.0272071
0 0.968101 0.557316 0.035606 0.0460894
0 0.91937 0.563739 0.0382694 0.0509641
0 0.304468 0.393691 0.0278677 0.0415507
0 0.638007 0.479582 0.030797 0.0431681
0 0.46162 0.418213 0.0301928 0.0429977
0 0.307505 0.302568 0.0244528 0.0358237
0 0.476219 0.348512 0.0263516 0.0362918
0 0.577643 0.323288 0.0248868 0.0345046
0 0.489893 0.272784 0.0231387 0.0318495
0 0.154217 0.224962 0.025022 0.033186
0 0.620187 0.485656 0.0316554 0.040567
0 0.429468 0.208493 0.0179605 0.0238032
0 0.05477 0.223173 0.0239682 0.0352513
