0 0.113484 0.217906 0.036534 0.0494317
0 0.475496 0.144647 0.0672024 0.0967977
0 0.702482 0.13015 0.0472755 0.0631956
0 0.696177 0.393268 0.04377 0.06273
0 0.164438 0.206787 0.0407046 0.0569028
0 0.859462 0.41187 0.0476402 0.0711436
0 0.371364 0.211289 0.0442773 0.0585281
0 0.548742 0.168382 0.0327211 0.0513479
0 0.742421 0.423514 0.0373089 0.0579087
0 0.311048 0.221509 0.0445576 0.0568735
0 0.219352 0.21293 0.0388121 0.0503833
0 0.591943 0.222255 0.0418138 0.0538233
0 0.322169 0.469936 0.0428572 0.0527844
0 0.846545 0.193538 0.0383188 0.0537539
0 0.600015 0.454076 0.0401871 0.05205
0 0.876671 0.208773 0.0403931 0.0549815
0 0.513163 0.191658 0.0327741 0.0413421
0 0.727417 0.212785 0.0453465 0.060731
0 0.602427 0.159156 0.0365256 0.0499592
0 0.787023 0.189901 0.0400429 0.0541186
0 0.605235 0.405703 0.0448183 0.0557118
0 0.0470848 0.221144 0.0403072 0.06026
0 0.408838 0.180945 0.035246 0.0494525
0 0.245347 0.196401 0.0337523 0.0526024
0 0.369418 0.455267 0.0465727 0.0616076
0 0.156138 0.446955 0.0385231 0.0523153
0 0.266955 0.189781 0.0323878 0.0466075
0 0.517619 0.0961756 0.0291214 0.0415984
0 0.907761 0.18953 0.0353117 0.0499964
0 0.837197 0.137844 0.0315205 0.0431701
0 0.0962878 0.502536 0.0408177 0.0540586
0 0.952558 0.434239 0.0426037 0.0588369
0 0.407263 0.112763 0.024233 0.0327792
0 0.217643 0.470549 0.041212 0.0546963
0 0.277134 0.504335 0.0518124 0.0716747
0 0.232165 0.415478 0.0396496 0.0536834
0 0.958386 0.220459 0.0289972 0.0516587
0 0.7746 0.265757 0.040211 0.0556472
0 0.203129 0.391765 0.0340148 0.0475939
0 0.0100869 0.236397 0.0201737 0.042805
0 0.688982 0.19937 0.0346173 0.0489465
0 0.866043 0.0966134 0.0253876 0.0351181
0 0.83613 0.265544 0.0418953 0.0587532
0 0.894226 0.124329 0.0264145 0.0352481
0 0.906921 0.461224 0.0387121 0.0552561
0 0.637155 0.152376 0.0322449 0.0428956
0 0.0579889 0.413726 0.0372815 0.0508895
0 0.0224975 0.203451 0.028987 0.0435751
0 0.648552 0.429802 0.0396655 0.0505564
0 0.320263 0.171843 0.0350219 0.0426776
0 0.636129 0.103372 0.0241871 0.0338593
0 0.416064 0.452578 0.0430817 0.0517143
0 0.249905 0.455639 0.0390223 0.0526871
0 0.662404 0.109636 0.0270357 0.0334051
0 0.0359447 0.411451 0.0309692 0.0489125
0 0.231229 0.135964 0.0245832 0.0308779
0 0.893497 0.15571 0.0304417 0.0343914
0 0.213042 0.126593 0.0235586 0.0299765
0 0.80227 0.138604 0.026086 0.0338451
0 0.225363 0.13361 0.0243201 0.029786
0 0.42764 0.163229 0.0243467 0.0363752
0 0.984788 0.437103 0.0289652 0.0724277
0 0.302444 0.139313 0.0251784 0.0295574
