0 0.40557 0.666637 0.0914893 0.148477
0 0.614032 0.41062 0.060994 0.100687
0 0.5859 0.668352 0.1001 0.155321
0 0.321763 0.636364 0.0708095 0.118286
0 0.20024 0.695246 0.0970864 0.159551
0 0.505801 0.503303 0.0725676 0.115262
0 0.374183 0.509354 0.0753814 0.0933386
0 0.685126 0.558833 0.065997 0.107864
0 0.919796 0.597172 0.0846828 0.120196
0 0.143764 0.445065 0.0484463 0.0795088
0 0.77943 0.664597 0.0819622 0.133493
0 0.289101 0.414852 0.0471528 0.0755587
0 0.0718603 0.45797 0.0542388 0.0787066
0 0.949644 0.45701 0.0621166 0.102567
0 0.679565 0.373645 0.0363417 0.0559705
0 0.370847 0.367616 0.0377556 0.0596109
0 0.779532 0.473648 0.056061 0.0837415
0 0.931999 0.329896 0.0625259 0.0883545
0 0.418452 0.382799 0.0415846 0.0686203
0 0.743603 0.376935 0.0473108 0.0782832
0 0.0971564 0.406918 0.0358349 0.0587805
0 0.336695 0.413266 0.0395435 0.0612065
0 0.241527 0.418017 0.0323693 0.0480519
0 0.816241 0.412203 0.0381811 0.0470746
0 0.63097 0.326044 0.0271153 0.0412045
0 0.0512115 0.576218 0.0646084 0.0838003
0 0.211074 0.52959 0.0745775 0.104635
0 0.583437 0.313996 0.0288584 0.0436324
0 0.0368034 0.636363 0.0603891 0.107963
0 0.647758 0.394856 0.0379152 0.0700235
0 0.192246 0.423153 0.041898 0.0584751
0 0.776635 0.320794 0.0340341 0.0410471
0 0.510305 0.309241 0.0231091 0.0305969
0 0.0166273 0.434435 0.0332547 0.0602118
0 0.18113 0.375557 0.0337083 0.0394541
0 0.678268 0.315866 0.0291534 0.0390038
0 0.616425 0.280448 0.0168335 0.0222871
0 0.564569 0.390545 0.0375051 0.0656258
0 0.205081 0.452417 0.0402682 0.0319355
0 0.515829 0.396889 0.0503105 0.0538792
0 0.355505 0.31984 0.0192394 0.0210046
0 0.0266617 0.39092 0.0287711 0.0417404
0 0.317813 0.315007 0.0156725 0.0197577
0 0.714806 0.279697 0.0155354 0.0209868
0 0.288641 0.349549 0.0256721 0.0233995
0 0.394892 0.320807 0.0233341 0.0330485
0 0.499891 0.356169 0.0306839 0.0352402
0 0.705887 0.340629 0.0295993 0.0475364
0 0.558423 0.319688 0.0231012 0.0313682
0 0.822865 0.320827 0.0269436 0.0327352
0 0.702278 0.3018 0.0251333 0.0307112
0 0.532312 0.296699 0.0211967 0.0251294
0 0.476354 0.326291 0.0249254 0.0345368
0 0.122789 0.351313 0.022498 0.0259624
0 0.228903 0.367163 0.0220603 0.0296098
0 0.0538779 0.365772 0.0199261 0.0288923
0 0.452621 0.468559 0.0509186 0.089834
0 0.692756 0.271196 0.0144524 0.0183476
0 0.342821 0.30722 0.0134575 0.0177382
0 0.433272 0.278099 0.0141758 0.0176579
0 0.295427 0.315858 0.0144426 0.0179559
0 0.306351 0.293545 0.011106 0.0138665
0 0.656738 0.25732 0.0111277 0.0154005
0 0.318888 0.342504 0.0221006 0.0296477
0 0.422196 0.320666 0.0239394 0.0331058
0 0.726158 0.276597 0.0159348 0.021023
0 0.704982 0.268337 0.0132733 0.0171383
0 0.648705 0.304185 0.0187593 0.0316252
0 0.530211 0.255179 0.0107607 0.0142326
0 0.0088172 0.391365 0.0176228 0.0304422
0 0.193234 0.319574 0.0122516 0.0142023
0 0.667314 0.28165 0.0159719 0.0202236
0 0.568118 0.279116 0.0161602 0.020532
0 0.743463 0.320142 0.0270145 0.0276265
0 0.49747 0.279525 0.0142866 0.0183321
0 0.293193 0.29685 0.0113154 0.0147665
0 0.266463 0.316143 0.0138635 0.0181736
0 0.386677 0.287938 0.014254 0.0187748
0 0.318064 0.311338 0.015198 0.0193896
0 0.779085 0.281701 0.0159889 0.0211057
0 0.459509 0.296693 0.0177393 0.0225974
0 0.753762 0.270491 0.0153652 0.0192835
0 0.333697 0.293524 0.0107927 0.0141206
0 0.46071 0.300676 0.0192612 0.02476
0 0.366663 0.302186 0.0144602 0.0180816
0 0.127906 0.327204 0.0146551 0.0172771
0 0.502217 0.27933 0.0141051 0.0175357
0 0.340464 0.314436 0.0147028 0.0220098
0 0.41972 0.270265 0.013905 0.0188243
0 0.420003 0.316653 0.0230082 0.0329545
0 0.405065 0.277681 0.0130985 0.0171692
0 0.367627 0.295126 0.0136336 0.0179336
0 0.673641 0.314642 0.0303656 0.0399962
