0 0.227053 0.6653 0.112632 0.0872843
0 0.821838 0.724492 0.109662 0.0823359
0 0.457282 0.688489 0.122488 0.0890614
0 0.790714 0.635363 0.123277 0.0933299
0 0.138396 0.651686 0.105578 0.0785315
0 0.322087 0.657963 0.115368 0.0829407
0 0.862927 0.822849 0.125681 0.100995
0 0.447085 0.828096 0.172937 0.134072
0 0.819914 0.537282 0.0981405 0.0795452
0 0.265456 0.389633 0.0605733 0.0534369
0 0.0604963 0.591303 0.0969647 0.0719637
0 0.934754 0.740619 0.0757135 0.0794398
0 0.0906486 0.75241 0.179599 0.120444
0 0.822048 0.939401 0.158026 0.120678
0 0.33278 0.400066 0.0572116 0.0481297
0 0.233285 0.352411 0.056555 0.0495579
0 0.85416 0.473677 0.0713413 0.065074
0 0.643065 0.800537 0.138083 0.0914284
0 0.414869 0.36737 0.0579373 0.0488708
0 0.455885 0.404568 0.0597418 0.053814
0 0.353917 0.354004 0.0582574 0.0497397
0 0.379586 0.496557 0.0770361 0.0608936
0 0.58997 0.406072 0.0648623 0.054863
0 0.960865 0.474182 0.0653717 0.0636269
0 0.704437 0.431151 0.0683476 0.0625663
0 0.657903 0.736314 0.127625 0.0661249
0 0.0657023 0.364094 0.059216 0.0470108
0 0.49342 0.416447 0.0433399 0.0416146
0 0.764906 0.449321 0.0696435 0.059027
0 0.67182 0.390099 0.0592936 0.0485718
0 0.81765 0.427549 0.0630911 0.0478892
0 0.113367 0.42077 0.0721816 0.0566016
0 0.387617 0.453075 0.0802322 0.0502338
0 0.66577 0.688666 0.0960959 0.0539075
0 0.910277 0.471119 0.0751244 0.0698069
0 0.257252 0.861455 0.168735 0.129168
0 0.969812 0.423144 0.0584831 0.0505164
0 0.571497 0.48224 0.0974668 0.0758949
0 0.635949 0.422526 0.0558157 0.0483213
0 0.0218077 0.627761 0.0435869 0.0681362
0 0.494962 0.367735 0.0517577 0.042672
0 0.0853677 0.0998577 0.0506895 0.055531
0 0.0193218 0.467411 0.038451 0.0527767
0 0.260375 0.270209 0.0522173 0.0436515
0 0.166527 0.416224 0.0618731 0.0499487
0 0.930494 0.555389 0.0972338 0.0719629
0 0.159514 0.254261 0.0526175 0.0448332
0 0.170553 0.361302 0.0565499 0.0466674
0 0.648489 0.778127 0.148053 0.128615
