0 0.277751 0.406695 0.038708 0.0588063
0 0.321623 0.461741 0.0405745 0.0669478
0 0.522357 0.786412 0.049683 0.0814705
0 0.495086 0.541411 0.0444176 0.0733822
0 0.450274 0.508849 0.0462484 0.0690781
0 0.77837 0.635767 0.0425539 0.0742179
0 0.535829 0.537348 0.035491 0.0645548
0 0.0591917 0.591093 0.0383507 0.0581457
0 0.852455 0.647797 0.0356535 0.0601843
0 0.648707 0.608105 0.0493443 0.0794741
0 0.806004 0.545718 0.0327583 0.0469269
0 0.373454 0.43958 0.0321305 0.0569201
0 0.70421 0.54649 0.0352022 0.0425865
0 0.702729 0.471263 0.0357658 0.0549971
0 0.759826 0.425692 0.0275232 0.0461241
0 0.295799 0.571173 0.058652 0.0849498
0 0.62952 0.548566 0.0337597 0.05203
0 0.83794 0.479097 0.0277222 0.0444593
0 0.181995 0.451444 0.0350975 0.0503867
0 0.105463 0.517833 0.0398458 0.0620204
0 0.454605 0.435006 0.0322706 0.0555811
0 0.611822 0.439457 0.0351619 0.0465068
0 0.699943 0.591205 0.034745 0.0546031
0 0.0148155 0.448204 0.0250994 0.0502457
0 0.0235194 0.394968 0.0270409 0.0434128
0 0.0647132 0.383434 0.0311888 0.0457097
0 0.38796 0.364913 0.0284463 0.0512768
0 0.654643 0.398469 0.0264009 0.0402339
0 0.954238 0.621254 0.0442511 0.0718123
0 0.870118 0.521219 0.0292427 0.045393
0 0.331941 0.394392 0.0336834 0.0432129
0 0.929503 0.532018 0.0253031 0.0368502
0 0.295483 0.366898 0.0290496 0.0400608
0 0.246843 0.347809 0.0321016 0.0469888
0 0.442986 0.286772 0.0182457 0.0299844
0 0.684298 0.366864 0.0213947 0.0323861
0 0.104639 0.411908 0.0309087 0.0449261
0 0.793422 0.41591 0.0251396 0.0395931
0 0.370223 0.349471 0.0230098 0.0395101
0 0.665843 0.367398 0.0206055 0.0297313
0 0.952892 0.4333 0.016256 0.0239091
0 0.535232 0.329832 0.0246311 0.0312647
0 0.459223 0.365139 0.0276215 0.0430715
0 0.947172 0.499554 0.0241837 0.0330767
0 0.0547195 0.418313 0.0349849 0.0500212
0 0.416882 0.324095 0.0228553 0.031448
0 0.582958 0.377486 0.0245941 0.0339039
0 0.515545 0.312285 0.022352 0.0338717
0 0.478903 0.32343 0.0230127 0.0342864
0 0.518241 0.308856 0.020829 0.0322452
0 0.934405 0.436033 0.0168581 0.0238443
0 0.905463 0.466001 0.021698 0.031142
0 0.419457 0.667732 0.0629575 0.0933662
0 0.764362 0.374938 0.0189295 0.0287939
0 0.0957283 0.371252 0.0257666 0.0345529
0 0.946839 0.544671 0.0233391 0.0285762
0 0.268338 0.321056 0.0237866 0.0336804
0 0.0715572 0.321492 0.0224678 0.0323744
0 0.603939 0.380447 0.0246127 0.0354536
0 0.567371 0.267489 0.0129183 0.017003
0 0.682695 0.303824 0.0131824 0.0186863
0 0.714952 0.405119 0.0273071 0.0407899
0 0.616848 0.339975 0.019709 0.0294917
0 0.644173 0.294245 0.0134987 0.0178267
0 0.61947 0.335775 0.0201947 0.0297742
0 0.00726699 0.537263 0.014534 0.0697332
0 0.449151 0.360889 0.0255388 0.0444564
0 0.59261 0.334349 0.0220741 0.0326378
0 0.616874 0.303243 0.0183386 0.0249822
0 0.662683 0.337806 0.0173443 0.0248135
0 0.39349 0.245155 0.0113768 0.0162924
0 0.764187 0.370218 0.0177464 0.0271583
0 0.86702 0.419021 0.0178787 0.0248881
0 0.326959 0.33036 0.0250889 0.0400524
0 0.735335 0.418812 0.0253383 0.041441
0 0.512495 0.315568 0.0224802 0.034084
0 0.432647 0.365413 0.0239657 0.0428788
0 0.590894 0.338624 0.0207487 0.0322107
0 0.596861 0.420949 0.0273149 0.0425923
0 0.159479 0.304413 0.0196794 0.0274632
0 0.0100041 0.535612 0.0200082 0.067487
0 0.531177 0.244029 0.00921774 0.0115241
0 0.616013 0.299811 0.0161592 0.0224268
0 0.275823 0.277445 0.0159917 0.0239198
0 0.576373 0.336224 0.0201561 0.0286581
0 0.568626 0.256456 0.0109728 0.0136259
0 0.607627 0.375492 0.0271348 0.0369426
0 0.630354 0.269329 0.0103146 0.0135409
0 0.142359 0.281621 0.0175673 0.0256114
0 0.554511 0.266188 0.012594 0.0171326
0 0.719259 0.293778 0.0108547 0.0152242
0 0.581037 0.268632 0.0121246 0.0159259
0 0.656884 0.306309 0.0139488 0.0189819
0 0.38261 0.243504 0.0112749 0.0162284
0 0.569681 0.292241 0.0171517 0.0246282
0 0.471838 0.269098 0.0151919 0.0221044
0 0.508982 0.269193 0.0139194 0.0204138
0 0.905476 0.380216 0.010276 0.0145492
0 0.742936 0.327982 0.0140005 0.01905
0 0.891854 0.432342 0.0184235 0.0237925
0 0.383435 0.266454 0.0148715 0.0206476
