0 0.736632 0.253228 0.079666 0.10286
0 0.9345 0.280323 0.0840847 0.115936
0 0.278914 0.367604 0.0773039 0.0945296
0 0.467183 0.323168 0.0730087 0.0978286
0 0.34921 0.248431 0.0662075 0.0924322
0 0.584528 0.249952 0.0864515 0.122539
0 0.389704 0.221873 0.0437338 0.0552453
0 0.27443 0.235074 0.0485098 0.0645917
0 0.0667544 0.198409 0.046775 0.0739506
0 0.885118 0.316022 0.0451988 0.0511213
0 0.196907 0.245355 0.041281 0.0533365
0 0.369117 0.616052 0.0781295 0.0893104
0 0.224985 0.214737 0.0311378 0.0432024
0 0.18303 0.144601 0.0326815 0.0431328
0 0.982948 0.367168 0.034103 0.0949246
0 0.844013 0.302698 0.0348148 0.0410397
0 0.852791 0.328398 0.0295506 0.0354959
0 0.17543 0.198911 0.0264704 0.0330835
