0 0.139678 0.760196 0.0452801 0.057025
0 0.743399 0.495732 0.0330147 0.0495733
0 0.298228 0.662189 0.0361407 0.0570072
0 0.128236 0.415449 0.0300715 0.0465067
0 0.693574 0.513045 0.0312741 0.0460693
0 0.129505 0.51627 0.0336125 0.0479333
0 0.074036 0.419839 0.0336626 0.0475287
0 0.649123 0.42302 0.0280741 0.0424273
0 0.367041 0.707942 0.0342034 0.0491663
0 0.355893 0.59218 0.0285713 0.045697
0 0.241197 0.29415 0.0275272 0.0396235
0 0.0757169 0.755337 0.0361264 0.0556357
0 0.315103 0.551419 0.03128 0.0473883
0 0.486047 0.273867 0.0304859 0.0401993
0 0.625083 0.67611 0.0347153 0.0510962
0 0.802003 0.326636 0.0270996 0.0430104
0 0.62009 0.364142 0.0262711 0.0400457
0 0.703582 0.295189 0.0249863 0.0399495
0 0.748267 0.809882 0.0336434 0.0475307
0 0.278234 0.459101 0.0291416 0.0429639
0 0.213636 0.786276 0.0386847 0.0561192
0 0.907169 0.270334 0.0248203 0.0369893
0 0.965038 0.429976 0.0295498 0.0458097
0 0.79518 0.609264 0.0307991 0.0486867
0 0.693304 0.36176 0.0270821 0.0417617
0 0.774832 0.428698 0.0283455 0.0415936
0 0.146737 0.624787 0.0306827 0.0450432
0 0.107779 0.245695 0.026403 0.0392583
0 0.139178 0.166933 0.0272095 0.0375053
0 0.861056 0.379526 0.0283501 0.0451761
0 0.947782 0.325005 0.0251045 0.0394595
0 0.229291 0.471323 0.033293 0.0462936
0 0.941527 0.245985 0.0273897 0.0394095
0 0.0477276 0.471856 0.0302301 0.0429791
0 0.7296 0.423775 0.0303036 0.0439236
0 0.198068 0.525308 0.0330209 0.0471072
0 0.213352 0.358232 0.0310995 0.0451852
0 0.827866 0.297523 0.0261324 0.0402904
0 0.237928 0.208307 0.0230851 0.0360398
0 0.931305 0.572171 0.0285925 0.0409461
0 0.882523 0.302904 0.0246605 0.0396351
0 0.908925 0.459497 0.0271362 0.0452812
0 0.851131 0.484768 0.0268719 0.041609
0 0.661347 0.173909 0.0233916 0.0358682
0 0.206911 0.207171 0.0232014 0.0345509
0 0.0872645 0.200102 0.0251687 0.0385844
0 0.26175 0.38044 0.0275657 0.0415779
0 0.345672 0.13277 0.0229973 0.0351776
0 0.219183 0.658652 0.029776 0.0415197
0 0.0328321 0.59043 0.0340714 0.0469736
0 0.0508788 0.267445 0.0295967 0.0435352
0 0.983864 0.748485 0.0318167 0.0456177
0 0.59361 0.609601 0.0362341 0.0534115
0 0.586753 0.322223 0.0284781 0.0407825
0 0.723918 0.191252 0.0222495 0.0350156
0 0.330298 0.464988 0.0295177 0.0416519
0 0.889436 0.183284 0.0235641 0.0359667
0 0.969538 0.22345 0.0233429 0.0391049
0 0.175863 0.265439 0.0252918 0.0378111
0 0.730538 0.141299 0.0219028 0.0347335
0 0.908541 0.148852 0.0222511 0.0360614
0 0.15962 0.442208 0.0303692 0.0470192
0 0.710624 0.16232 0.0228039 0.0334021
0 0.302759 0.254125 0.0243863 0.0366421
0 0.599193 0.515484 0.0290264 0.0470535
0 0.904207 0.0786614 0.023027 0.034409
0 0.122534 0.0868534 0.0214804 0.0353274
0 0.652645 0.29321 0.0257555 0.0379346
0 0.186025 0.107532 0.0207105 0.0322303
0 0.820406 0.398973 0.0273949 0.0421409
0 0.757622 0.129573 0.0200429 0.032158
0 0.620703 0.285666 0.0257861 0.0402451
0 0.738477 0.045134 0.0215489 0.0332145
0 0.378548 0.310521 0.0258115 0.0409207
0 0.927777 0.42442 0.0273613 0.0451227
0 0.867075 0.610367 0.0294708 0.0431894
0 0.900293 0.0407199 0.0222769 0.0322045
0 0.0135078 0.208789 0.0263592 0.0449096
0 0.085806 0.0804676 0.0220839 0.0360172
0 0.0378141 0.36707 0.027132 0.0386442
0 0.627884 0.24541 0.0243498 0.0352823
0 0.0264531 0.0383868 0.0260763 0.0366552
0 0.157027 0.332716 0.0284612 0.046165
0 0.377627 0.0656229 0.0217028 0.032754
0 0.744839 0.331601 0.026813 0.0406314
0 0.762338 0.223145 0.0235151 0.0309726
0 0.817166 0.249507 0.0236809 0.035156
0 0.399846 0.122201 0.0210042 0.0337621
0 0.0524705 0.175866 0.0235189 0.0359184
0 0.88574 0.868968 0.0345089 0.0529217
0 0.860738 0.206605 0.0227476 0.0389566
0 0.743293 0.276949 0.0249593 0.0363261
0 0.928806 0.112537 0.0206951 0.0305414
0 0.0504339 0.665323 0.0410899 0.0594406
0 0.622151 0.75169 0.0313667 0.0440266
0 0.97462 0.332329 0.0255917 0.0409965
0 0.220458 0.13837 0.0228671 0.0348678
0 0.604175 0.127735 0.0217978 0.0321857
0 0.969237 0.155048 0.0222343 0.0357729
0 0.919406 0.374156 0.0274162 0.0435532
0 0.600138 0.18324 0.026337 0.0405291
0 0.679649 0.229985 0.0227432 0.0334703
0 0.183384 0.0637346 0.0217252 0.0317123
0 0.8679 0.0279287 0.020779 0.0288475
0 0.951393 0.0406993 0.0207581 0.0298085
0 0.19318 0.0280162 0.022278 0.0317297
0 0.597797 0.229227 0.0221116 0.0366102
0 0.811082 0.152513 0.0214722 0.0339309
0 0.815116 0.787451 0.0327599 0.0487377
0 0.321835 0.315664 0.0267275 0.0390002
0 0.865801 0.10831 0.0204302 0.0325336
0 0.0169573 0.350052 0.0291411 0.0371283
0 0.185444 0.178345 0.0240443 0.0346789
0 0.844555 0.101997 0.0199186 0.031289
0 0.311244 0.0459422 0.0203935 0.0310922
0 0.149858 0.582925 0.0297344 0.0395538
0 0.834998 0.141272 0.0215364 0.033351
0 0.992494 0.459204 0.0150121 0.0409262
0 0.250522 0.0601586 0.0213014 0.0335855
0 0.118129 0.304115 0.0295021 0.0450379
0 0.335505 0.0439165 0.0200272 0.0293448
0 0.102633 0.638019 0.0321341 0.0495697
0 0.980594 0.123342 0.0200394 0.0314235
0 0.78651 0.182492 0.0211737 0.0325106
0 0.804796 0.104299 0.0200779 0.0302508
0 0.045659 0.117919 0.0261684 0.0406747
0 0.150529 0.220126 0.0271816 0.0385711
0 0.246412 0.540812 0.0328348 0.0452478
0 0.971083 0.185481 0.0203712 0.0314025
0 0.804086 0.0152612 0.0188128 0.0278501
0 0.777822 0.117795 0.0219228 0.0334473
0 0.814797 0.15189 0.0221508 0.0336526
0 0.00626887 0.45057 0.0125377 0.0423786
0 0.673871 0.0410152 0.0225927 0.0307077
