0 0.320205 0.802929 0.0291055 0.0521692
0 0.329878 0.891527 0.0322647 0.0536474
0 0.88733 0.760384 0.0322552 0.0506704
0 0.788855 0.446135 0.0302634 0.0474995
0 0.461815 0.102518 0.0272587 0.0411856
0 0.753655 0.863878 0.030057 0.0517124
0 0.968038 0.779943 0.0292923 0.0545699
0 0.732764 0.853701 0.0291094 0.0523453
0 0.33842 0.957777 0.0324341 0.0538487
0 0.494244 0.781687 0.0317894 0.0514396
0 0.910849 0.417455 0.0276056 0.0423541
0 0.969566 0.872458 0.0365969 0.0611748
0 0.715804 0.796725 0.0310358 0.0511988
0 0.504417 0.435981 0.0287946 0.0460329
0 0.797008 0.872164 0.0329758 0.0525181
0 0.164723 0.593815 0.0243391 0.0407646
0 0.930229 0.75001 0.0320374 0.0510477
0 0.255416 0.487964 0.0273656 0.0428953
0 0.607018 0.601225 0.0277775 0.0433586
0 0.987878 0.778933 0.0239265 0.0529299
0 0.878487 0.503026 0.0299656 0.0460291
0 0.788222 0.669235 0.0291449 0.0460859
0 0.883553 0.351561 0.0237106 0.0353321
0 0.350366 0.854646 0.0323799 0.0528677
0 0.659312 0.797641 0.0300765 0.0469065
0 0.552351 0.531527 0.0265738 0.045014
0 0.215753 0.560309 0.030525 0.0488321
0 0.517334 0.506334 0.0270662 0.0427417
0 0.901649 0.828137 0.0333706 0.0562122
0 0.561808 0.608347 0.0256866 0.0396199
0 0.787679 0.316004 0.029273 0.0468697
0 0.396931 0.617968 0.0268744 0.0446318
0 0.297477 0.941741 0.0335555 0.0544811
0 0.206263 0.805163 0.0309705 0.0508858
0 0.66188 0.889851 0.0313681 0.052705
0 0.0978346 0.417938 0.0274074 0.0447978
0 0.330347 0.405669 0.0262472 0.0405074
0 0.620781 0.399746 0.0268568 0.0444376
0 0.0319474 0.337012 0.0280452 0.0430736
0 0.572435 0.724962 0.0281345 0.0445101
0 0.88158 0.713562 0.031369 0.0434837
0 0.573689 0.655719 0.0258434 0.0437229
0 0.194932 0.575746 0.0291566 0.048148
0 0.813863 0.797365 0.0299489 0.0517929
0 0.79161 0.781797 0.0296453 0.0526915
0 0.593257 0.443773 0.0258091 0.0423653
0 0.911775 0.235754 0.0266527 0.0402213
0 0.817385 0.384104 0.0265335 0.0390656
0 0.29044 0.376627 0.0272996 0.0452188
0 0.945996 0.308807 0.0254745 0.0428304
0 0.192187 0.26729 0.0243361 0.0395386
0 0.314238 0.433979 0.0268998 0.0437037
0 0.491158 0.541395 0.0256521 0.0416313
0 0.0691659 0.369054 0.0275076 0.0435859
0 0.699494 0.362948 0.028388 0.0430732
0 0.926437 0.314373 0.0253849 0.040853
0 0.569259 0.500696 0.0249002 0.0412891
0 0.153245 0.303813 0.0284666 0.0415343
0 0.571382 0.337545 0.0267022 0.0447594
0 0.694426 0.850962 0.0295911 0.0497341
0 0.273679 0.729035 0.0289818 0.0475682
0 0.101313 0.937492 0.0331572 0.0484865
0 0.473029 0.491701 0.026582 0.0387016
0 0.398022 0.552703 0.0258235 0.0409872
0 0.977558 0.423681 0.0275135 0.0445917
0 0.10868 0.466704 0.0259467 0.0430681
0 0.0714085 0.435751 0.028455 0.0472464
0 0.550732 0.462203 0.0243262 0.0427521
0 0.905122 0.471763 0.028282 0.0438194
0 0.17657 0.889707 0.0320256 0.0473942
0 0.0607042 0.49328 0.0258075 0.0411957
0 0.664668 0.755851 0.0267784 0.0432659
0 0.275606 0.440256 0.0265024 0.0407395
0 0.260513 0.921823 0.0333572 0.0577324
0 0.438301 0.908902 0.0339262 0.0580391
0 0.824623 0.598716 0.0306295 0.0504266
0 0.557871 0.763975 0.0312106 0.0492168
0 0.508881 0.951283 0.0313849 0.0545452
0 0.562499 0.87527 0.0355003 0.0546093
0 0.212404 0.872517 0.0317689 0.0503574
0 0.656749 0.517817 0.0285245 0.0470183
0 0.560381 0.112898 0.0268547 0.0405988
0 0.0665084 0.71248 0.0247658 0.043014
0 0.921899 0.556455 0.0292614 0.0451452
0 0.38806 0.693796 0.0265235 0.0443854
0 0.0549626 0.904846 0.0212327 0.0448566
0 0.30027 0.520144 0.0279139 0.0450786
0 0.428251 0.666272 0.0270094 0.0445475
0 0.237105 0.518226 0.027809 0.046253
0 0.961097 0.57539 0.0307049 0.0462231
0 0.0631439 0.252689 0.0285457 0.0447515
0 0.483716 0.124497 0.0308383 0.0492601
0 0.638026 0.263586 0.0253875 0.0389304
0 0.513165 0.348903 0.0255517 0.0413533
0 0.37735 0.593707 0.0260649 0.0430029
0 0.761596 0.0741322 0.0268999 0.0404488
0 0.205871 0.498103 0.0278066 0.0441124
0 0.710069 0.232317 0.0241475 0.0385568
0 0.530193 0.318224 0.0239744 0.0395014
0 0.676752 0.221361 0.0237282 0.0377509
0 0.303145 0.610758 0.0271451 0.0450509
0 0.691601 0.562494 0.027898 0.0429267
0 0.826996 0.431998 0.0266579 0.0426065
0 0.302379 0.850516 0.0317692 0.0557014
0 0.713333 0.927296 0.0321448 0.0519077
0 0.889895 0.121168 0.0254856 0.0380803
0 0.69452 0.239896 0.0223638 0.0359423
0 0.433262 0.141097 0.030451 0.0449092
0 0.802024 0.129107 0.0252455 0.0409191
0 0.755483 0.683236 0.0284899 0.0416557
0 0.673524 0.706429 0.0306541 0.0468736
0 0.655969 0.0823048 0.0259283 0.0393966
0 0.304768 0.337217 0.0251161 0.0428398
0 0.770456 0.0304773 0.0278582 0.0367106
0 0.164393 0.933223 0.034547 0.0500784
0 0.0821903 0.624297 0.0259903 0.0475542
0 0.641756 0.237785 0.0239237 0.0356709
0 0.870245 0.415623 0.0304012 0.0426843
0 0.972429 0.826423 0.029191 0.0452385
0 0.78525 0.924581 0.03962 0.0553783
0 0.934238 0.192653 0.0272636 0.0393721
0 0.0343172 0.744844 0.0197815 0.04017
0 0.834279 0.124079 0.0257593 0.0419297
0 0.846591 0.688338 0.0328285 0.0526446
0 0.0138931 0.520893 0.0250957 0.0382854
0 0.332133 0.544967 0.0280726 0.0474878
0 0.323466 0.726492 0.0264189 0.0448244
0 0.437623 0.353766 0.0274911 0.0402282
0 0.916539 0.662272 0.0271179 0.0427444
0 0.690674 0.777793 0.0281355 0.0483922
0 0.482895 0.726205 0.0285196 0.0455311
0 0.390667 0.393206 0.0274798 0.0419087
0 0.216671 0.621729 0.0291566 0.0461894
0 0.124611 0.297042 0.0270254 0.0430881
0 0.542004 0.678041 0.0277077 0.0444105
0 0.325473 0.630751 0.0293786 0.0489216
0 0.38115 0.934611 0.0322571 0.0521183
0 0.311354 0.235904 0.0232075 0.0361184
0 0.657944 0.683371 0.025766 0.0448612
0 0.117252 0.887947 0.0296014 0.0469421
0 0.679706 0.435176 0.0237188 0.0420855
0 0.44515 0.442665 0.0278238 0.0452932
0 0.717029 0.495353 0.026882 0.0454842
0 0.697818 0.309226 0.0248364 0.0409627
0 0.346993 0.756676 0.0298043 0.0486172
0 0.28374 0.529187 0.0254657 0.0426303
0 0.14326 0.888353 0.0317563 0.049963
0 0.389499 0.52026 0.0242614 0.0356125
0 0.658689 0.321891 0.02469 0.0400743
0 0.329687 0.16072 0.0240201 0.035776
0 0.00895699 0.281856 0.017914 0.0406287
0 0.132512 0.577854 0.024628 0.040592
0 0.256092 0.683166 0.0283157 0.0436307
0 0.56649 0.572454 0.0247388 0.0399797
0 0.459146 0.979515 0.0322573 0.0409696
0 0.597072 0.66692 0.0288969 0.0438828
0 0.0853744 0.244906 0.0253277 0.0407146
0 0.358385 0.237571 0.0221517 0.0384071
0 0.893372 0.309283 0.0256948 0.0385071
0 0.172102 0.339784 0.0254817 0.0396553
0 0.858917 0.527032 0.0301731 0.0458265
0 0.962268 0.2504 0.025066 0.0444991
0 0.803904 0.250921 0.0253241 0.0350593
0 0.639639 0.775094 0.028437 0.0499629
0 0.714128 0.45072 0.0269847 0.0405079
0 0.6735 0.275981 0.023815 0.0349574
0 0.441253 0.312738 0.0270278 0.0422237
0 0.782542 0.132592 0.0251268 0.0397758
0 0.452092 0.872009 0.0319636 0.0501549
0 0.245811 0.40009 0.0256484 0.0430338
0 0.848917 0.0611321 0.0255295 0.0409814
0 0.861576 0.286521 0.02672 0.0422707
0 0.798254 0.196073 0.027994 0.039533
0 0.165269 0.197017 0.0258344 0.0385278
0 0.122313 0.0920856 0.0261199 0.046308
0 0.987314 0.639768 0.0249258 0.0480323
0 0.206717 0.684233 0.0288043 0.0482941
0 0.665968 0.61734 0.026965 0.0413429
0 0.919163 0.0555741 0.0244122 0.0387803
0 0.868502 0.247729 0.0279785 0.0379039
0 0.820101 0.712485 0.0272482 0.0443705
0 0.0985873 0.553317 0.0265984 0.0427395
0 0.775546 0.179292 0.028075 0.0437402
0 0.788255 0.937728 0.0427271 0.0615864
0 0.643974 0.614625 0.0263193 0.0417898
0 0.872031 0.116657 0.0224358 0.0389867
0 0.846823 0.635304 0.0279037 0.0439396
0 0.240636 0.317636 0.0245182 0.0342867
0 0.537094 0.28673 0.0239201 0.0384088
0 0.108538 0.356281 0.0258038 0.0375278
0 0.297591 0.201378 0.0247375 0.0394133
0 0.594185 0.128085 0.0228367 0.0370907
0 0.202685 0.218653 0.0253791 0.0406576
0 0.243121 0.623948 0.027985 0.0459337
0 0.162912 0.242932 0.0255827 0.0393506
0 0.411394 0.988456 0.0306724 0.0230871
0 0.390292 0.188751 0.0258896 0.0410244
0 0.681855 0.317039 0.0252174 0.0415315
0 0.93742 0.356907 0.025909 0.0401806
0 0.205258 0.458565 0.0264736 0.0399072
0 0.446067 0.810107 0.0298828 0.0463909
0 0.240575 0.75374 0.028142 0.0471692
0 0.335311 0.200556 0.0218112 0.0352188
0 0.604024 0.764587 0.0298273 0.0462158
0 0.622427 0.222952 0.0232243 0.0386207
0 0.444553 0.64451 0.0265704 0.0455396
0 0.953351 0.461607 0.0299074 0.0436953
0 0.355912 0.597717 0.0273419 0.0470543
0 0.429832 0.842263 0.0312361 0.0489475
0 0.661587 0.385516 0.0283216 0.0432708
0 0.106176 0.241835 0.0253508 0.0398432
0 0.736708 0.196516 0.0257975 0.0365727
0 0.388823 0.341927 0.0290856 0.0436639
0 0.643477 0.116201 0.0262501 0.0414708
0 0.688164 0.901415 0.0285936 0.0459406
0 0.390495 0.148084 0.0265503 0.0398377
0 0.642336 0.962595 0.038293 0.0463007
0 0.335741 0.336458 0.024538 0.0387081
0 0.663972 0.454633 0.0260047 0.0433517
0 0.27747 0.614366 0.0279465 0.0442368
0 0.92457 0.50766 0.028373 0.0414736
0 0.0376559 0.442734 0.0287737 0.0413734
0 0.264496 0.397425 0.0269551 0.0404472
0 0.858242 0.591079 0.0280706 0.0427255
0 0.585963 0.560834 0.0278159 0.0461177
0 0.330807 0.301066 0.022989 0.0369407
0 0.565964 0.970488 0.0332922 0.044121
0 0.0869543 0.480656 0.0257987 0.0397373
0 0.386398 0.459356 0.0255032 0.0365034
0 0.928638 0.0990301 0.0234692 0.0345741
0 0.169058 0.704792 0.0300389 0.0489
0 0.944517 0.136644 0.0241917 0.0377259
0 0.311256 0.15872 0.0232026 0.035879
0 0.701889 0.631548 0.0272833 0.039646
0 0.685435 0.778907 0.0295631 0.0462893
0 0.470699 0.298577 0.0264046 0.0436301
0 0.132163 0.830659 0.029465 0.0481812
0 0.799263 0.278134 0.0252116 0.0416
0 0.108128 0.322942 0.0255447 0.0377331
0 0.354561 0.142647 0.0253149 0.0380297
0 0.89434 0.159247 0.0251947 0.0389131
0 0.456087 0.199562 0.0233591 0.0387905
0 0.575933 0.163209 0.0264679 0.0410707
0 0.830078 0.229076 0.025131 0.040911
0 0.935942 0.710292 0.0276272 0.0353457
0 0.530471 0.540746 0.0247637 0.0402857
0 0.634552 0.0821454 0.0207459 0.0318321
0 0.597454 0.0880921 0.0238227 0.0373251
0 0.464131 0.45168 0.0243376 0.0386882
0 0.41063 0.300353 0.0244956 0.0400176
0 0.248232 0.215839 0.0243099 0.0411606
0 0.159767 0.672879 0.0277336 0.0443157
0 0.744884 0.23531 0.0256147 0.0407698
0 0.678093 0.780609 0.0249475 0.0473104
0 0.0310928 0.219568 0.0220602 0.0336275
0 0.71976 0.92552 0.0330693 0.0521126
0 0.571086 0.400629 0.0258469 0.043683
0 0.667084 0.590462 0.025322 0.0294537
0 0.907365 0.631226 0.0250235 0.0365538
0 0.865611 0.224868 0.0293474 0.0407742
0 0.606547 0.233002 0.0240397 0.0398355
0 0.287001 0.477273 0.028199 0.0443353
0 0.0916173 0.765169 0.0245911 0.0449316
0 0.169975 0.344807 0.0249662 0.0416516
0 0.0340761 0.296453 0.0255065 0.0373995
0 0.518997 0.697107 0.0285595 0.0446481
0 0.111914 0.848319 0.0303282 0.0409698
0 0.518802 0.395314 0.0263823 0.042586
0 0.919267 0.369566 0.0268755 0.0401556
0 0.162987 0.395244 0.0260096 0.0430372
0 0.408491 0.428296 0.0280248 0.0435991
0 0.430858 0.777558 0.0309439 0.0447696
0 0.795241 0.404255 0.0272667 0.0404803
0 0.850969 0.455721 0.0285835 0.0438795
0 0.601989 0.901725 0.0347265 0.057226
0 0.00963263 0.451876 0.0192653 0.0411398
0 0.62722 0.163953 0.0257177 0.0415489
0 0.330466 0.498539 0.0276064 0.0426054
0 0.0182364 0.399927 0.0288704 0.0439815
0 0.414798 0.519814 0.0254744 0.040964
0 0.816097 0.280746 0.025798 0.0401328
0 0.529379 0.939578 0.0324379 0.053747
0 0.966017 0.542782 0.0279047 0.0421875
0 0.517393 0.659712 0.0266909 0.0422174
0 0.806777 0.0474529 0.0255432 0.0356237
0 0.893657 0.084557 0.0217472 0.0311827
0 0.83481 0.179397 0.0238897 0.0381266
0 0.450747 0.386975 0.0267761 0.0405344
0 0.943291 0.68102 0.0319038 0.0445494
0 0.855236 0.0213027 0.0242168 0.0352889
0 0.243667 0.348776 0.0268875 0.0388909
0 0.533997 0.739427 0.0303055 0.0469431
0 0.481186 0.456096 0.0270059 0.0427349
0 0.426499 0.572217 0.0258495 0.0403645
0 0.603083 0.518489 0.0299046 0.048305
0 0.48228 0.969499 0.0342014 0.0555935
0 0.477376 0.689247 0.0280252 0.0391445
0 0.475006 0.204339 0.0269831 0.0400252
0 0.978399 0.496472 0.0278999 0.0434299
0 0.313258 0.268975 0.0241033 0.0384346
