0 0.60779 0.427849 0.0723685 0.101618
0 0.192624 0.534022 0.0739839 0.0957948
0 0.45271 0.537089 0.0708926 0.0961367
0 0.433538 0.65888 0.0709775 0.0907657
0 0.4693 0.376198 0.0629288 0.0855211
0 0.823108 0.445911 0.0642408 0.0936762
0 0.471072 0.152939 0.0550465 0.0760759
0 0.476431 0.274363 0.0589831 0.0817912
0 0.382302 0.379007 0.0627737 0.0883106
0 0.662103 0.390844 0.060745 0.0981504
0 0.805325 0.305138 0.0658758 0.0953304
0 0.297395 0.309549 0.0562816 0.0818637
0 0.671107 0.2043 0.0524662 0.0765423
0 0.150836 0.396857 0.057045 0.0788788
0 0.830176 0.188985 0.0687941 0.0931823
0 0.296912 0.460046 0.0651615 0.0885927
0 0.228991 0.376998 0.0560899 0.078994
0 0.545004 0.295552 0.0556067 0.0806358
0 0.379398 0.260834 0.0562094 0.0796816
0 0.626171 0.274675 0.0625614 0.0900369
0 0.317518 0.191094 0.0501389 0.0684385
0 0.72203 0.279002 0.0606127 0.0826907
0 0.226702 0.213325 0.0443956 0.0708968
0 0.0648035 0.380708 0.0604461 0.0892828
0 0.210675 0.296784 0.045471 0.0615409
0 0.333315 0.273134 0.0495944 0.0762521
0 0.842389 0.2764 0.0495523 0.0895626
0 0.585096 0.275833 0.0539682 0.0852479
0 0.427606 0.239252 0.0423166 0.064941
0 0.736042 0.411086 0.0603978 0.0799911
