0 0.180445 0.58032 0.105069 0.118085
0 0.0249246 0.572117 0.0497512 0.0928149
0 0.519061 0.465641 0.0458942 0.0630812
0 0.566097 0.433813 0.0531742 0.069976
0 0.348061 0.373656 0.0409192 0.0535288
0 0.264483 0.356306 0.0520586 0.0738796
0 0.864988 0.449339 0.0419781 0.0547815
0 0.185499 0.452358 0.0765165 0.092906
0 0.385798 0.376479 0.0447148 0.063306
0 0.41531 0.428322 0.0500985 0.0696883
0 0.451334 0.470403 0.0475385 0.0634041
0 0.693946 0.440376 0.0389858 0.0450291
0 0.192064 0.345881 0.0328029 0.0435382
0 0.93912 0.483327 0.0484413 0.0512997
0 0.224458 0.336753 0.0334554 0.0468569
0 0.616104 0.448077 0.0419914 0.0569377
0 0.961087 0.454717 0.0426308 0.0565128
0 0.945877 0.53294 0.0568771 0.0717234
0 0.193342 0.301571 0.0273414 0.0349759
0 0.156768 0.318191 0.0269515 0.0394261
0 0.47548 0.424018 0.0362644 0.048037
0 0.878612 0.395845 0.0404922 0.0482461
0 0.59628 0.36025 0.0231257 0.0258321
0 0.696469 0.497878 0.0474517 0.0626938
0 0.53677 0.392916 0.0392489 0.0437677
0 0.355183 0.314598 0.0282474 0.0361121
0 0.218595 0.27442 0.0209047 0.0287279
0 0.726078 0.424787 0.0309494 0.0396195
0 0.599081 0.392918 0.0320855 0.0376078
0 0.791157 0.433333 0.0364855 0.0454382
0 0.443029 0.355709 0.0313948 0.0394542
0 0.757776 0.437139 0.0302429 0.0378939
0 0.709454 0.392952 0.027 0.034867
0 0.0666575 0.29039 0.0228877 0.0327116
0 0.953785 0.383438 0.0373287 0.0460179
0 0.459263 0.340642 0.0239486 0.0277265
0 0.107905 0.287662 0.0210941 0.0285404
0 0.515029 0.377524 0.0292395 0.0394588
0 0.804183 0.388072 0.0263973 0.0317109
0 0.624543 0.382399 0.0230448 0.0307992
0 0.418531 0.326672 0.0267154 0.0295508
0 0.325058 0.323307 0.0312958 0.0417382
0 0.485658 0.380979 0.0342043 0.039782
0 0.187653 0.393025 0.0373708 0.0442598
0 0.25097 0.28155 0.0199929 0.0255338
0 0.447269 0.401209 0.0375032 0.0463015
0 0.943696 0.412128 0.0372919 0.0473423
0 0.678471 0.405357 0.0284155 0.0396558
0 0.314173 0.307134 0.0269543 0.0372701
0 0.652568 0.39221 0.0311346 0.0441663
0 0.825593 0.364173 0.0205036 0.0259374
0 0.169452 0.278638 0.0179368 0.0227732
0 0.827484 0.392131 0.0310265 0.0367355
0 0.891706 0.37401 0.0284712 0.0312876
0 0.390474 0.308338 0.0217113 0.0266952
0 0.0800425 0.258874 0.0157842 0.0202704
0 0.140148 0.292639 0.0207308 0.0275067
0 0.185051 0.267879 0.0161699 0.0221717
0 0.374245 0.328422 0.0320452 0.0357634
0 0.135914 0.319337 0.0201979 0.0282929
0 0.104521 0.24216 0.0125172 0.0160056
0 0.882853 0.390261 0.041168 0.0474399
0 0.470893 0.359474 0.0264198 0.030341
0 0.155232 0.280325 0.017828 0.022333
0 0.131517 0.271492 0.0166896 0.0209268
0 0.296237 0.325704 0.0268198 0.0412839
0 0.419682 0.354739 0.0269011 0.0360158
0 0.731076 0.37331 0.0200918 0.0229038
0 0.0683395 0.245804 0.0119284 0.0154703
0 0.167061 0.269972 0.0158312 0.0208465
0 0.78266 0.36408 0.0225683 0.0268735
0 0.293743 0.292518 0.0194395 0.0247679
0 0.0307126 0.313844 0.0196095 0.0302244
