0 0.721591 0.449173 0.0289122 0.04018
0 0.0440194 0.391714 0.0612158 0.085135
0 0.209311 0.475809 0.0340183 0.0446771
0 0.388434 0.39695 0.0255109 0.0359756
0 0.671008 0.34711 0.0294813 0.0413439
0 0.823257 0.350352 0.0287571 0.0422505
0 0.513846 0.407828 0.0261803 0.0361125
0 0.409634 0.393652 0.0261621 0.0359875
0 0.841139 0.325252 0.0251987 0.0349505
0 0.864306 0.343766 0.0257584 0.0414652
0 0.287335 0.434741 0.0248244 0.0344024
0 0.464785 0.392239 0.0252086 0.0358589
0 0.260107 0.424493 0.0197719 0.0282536
0 0.442773 0.394108 0.025938 0.035428
0 0.229415 0.434808 0.0248447 0.0367035
0 0.768105 0.409692 0.0286581 0.0418846
0 0.608045 0.48367 0.0297022 0.0378416
0 0.73248 0.384035 0.0253904 0.0374174
0 0.968077 0.368301 0.0356339 0.0528301
0 0.340497 0.37238 0.0567783 0.0827027
0 0.755262 0.344346 0.0237122 0.0372996
0 0.622465 0.468129 0.0261264 0.0343309
0 0.893473 0.369568 0.0282299 0.0421563
0 0.320542 0.429825 0.0182681 0.0254852
0 0.805655 0.324524 0.0189816 0.025518
0 0.483139 0.428636 0.0263912 0.0334353
0 0.899898 0.36901 0.030065 0.0428596
0 0.623774 0.384178 0.024709 0.0321187
0 0.48146 0.399312 0.0245308 0.0342255
0 0.49688 0.383116 0.0229535 0.0322472
0 0.916789 0.337053 0.0259834 0.0335976
0 0.523271 0.46629 0.035282 0.0420987
0 0.482396 0.389401 0.0231342 0.0328585
