0 0.539256 0.809199 0.0213758 0.0287111
0 0.494077 0.834023 0.0197779 0.0256584
0 0.856026 0.88266 0.0251793 0.0278597
0 0.381155 0.344164 0.0151165 0.019343
0 0.308319 0.329557 0.0151114 0.0198431
0 0.764842 0.701775 0.0184654 0.0236111
0 0.802844 0.48531 0.0161999 0.0222815
0 0.661742 0.851538 0.0197679 0.0270254
0 0.422171 0.33302 0.0138783 0.0192178
0 0.364456 0.574945 0.0171848 0.0231124
0 0.486873 0.766637 0.0194879 0.0267876
0 0.392154 0.321474 0.0137327 0.0177465
0 0.330572 0.317219 0.0139225 0.0186853
0 0.189645 0.796562 0.0239128 0.033133
0 0.463657 0.840477 0.0196047 0.0261478
0 0.154598 0.503793 0.0178584 0.0224334
0 0.708219 0.555874 0.0190825 0.0248238
0 0.740054 0.579327 0.0170407 0.0227966
0 0.611806 0.342226 0.0138249 0.018242
0 0.346522 0.318537 0.0131775 0.0184573
0 0.8131 0.896666 0.0241173 0.0297665
0 0.819371 0.595899 0.0162811 0.0213757
0 0.37625 0.467481 0.0183882 0.0244343
0 0.748118 0.378943 0.0133306 0.016981
0 0.829856 0.489928 0.016013 0.0203959
0 0.723112 0.469219 0.0158268 0.0227585
0 0.5978 0.417197 0.0160391 0.022859
0 0.0725683 0.709425 0.0228244 0.0303286
0 0.805168 0.379823 0.0143109 0.0175554
0 0.0587254 0.783552 0.02462 0.0326965
0 0.790166 0.381672 0.0133817 0.0187141
0 0.860068 0.442235 0.0157171 0.0204696
0 0.371199 0.316365 0.014267 0.0185053
0 0.708259 0.419399 0.0164401 0.0199453
0 0.366544 0.509912 0.0174516 0.0242206
0 0.768416 0.385137 0.013777 0.0166193
0 0.891424 0.416706 0.0159008 0.0199533
0 0.661659 0.360968 0.0149548 0.0206568
0 0.769442 0.496532 0.0158252 0.020706
0 0.158575 0.2954 0.0152916 0.0202068
0 0.501355 0.333199 0.0141579 0.0193606
0 0.839899 0.405459 0.0146896 0.0200637
0 0.628835 0.567798 0.0190259 0.0244
0 0.868149 0.519508 0.016766 0.0213446
0 0.628051 0.393583 0.0147022 0.0207864
0 0.584731 0.510827 0.0178173 0.0246195
0 0.529605 0.340256 0.0139048 0.0187679
0 0.515701 0.441838 0.0156317 0.0221069
0 0.592542 0.346331 0.0129745 0.0174873
0 0.38457 0.504729 0.0171253 0.0219477
0 0.472093 0.332325 0.0129562 0.0169371
0 0.469322 0.39402 0.0165167 0.0216166
0 0.483374 0.334313 0.012936 0.0172274
0 0.827311 0.753689 0.0198353 0.0252814
0 0.856206 0.394819 0.0156538 0.0193009
0 0.592427 0.440204 0.0154436 0.0217667
0 0.229116 0.398868 0.0162261 0.0208772
0 0.355136 0.773149 0.0200337 0.0255375
0 0.716164 0.380632 0.0145565 0.0182513
0 0.404998 0.328606 0.0138407 0.0185789
0 0.826279 0.455938 0.0148888 0.0204081
0 0.572823 0.410016 0.0175737 0.0220811
0 0.376992 0.83033 0.0190276 0.0248375
0 0.499256 0.335081 0.0144646 0.0195829
0 0.636322 0.423657 0.0158422 0.0215493
0 0.558369 0.34265 0.0137533 0.0184892
0 0.622052 0.862195 0.0226023 0.0301325
0 0.701895 0.615668 0.016012 0.0225476
0 0.582383 0.512604 0.0170074 0.0236393
0 0.750977 0.380134 0.0139494 0.0176487
0 0.521632 0.678421 0.0169954 0.0198994
0 0.877787 0.50253 0.0162498 0.0212791
0 0.437511 0.318441 0.0126696 0.0164516
0 0.643009 0.349692 0.0158779 0.0209159
0 0.384209 0.41014 0.0175398 0.0218558
0 0.766028 0.75318 0.0198847 0.0256348
0 0.564642 0.446906 0.0147102 0.0216861
0 0.656424 0.485133 0.0156689 0.0207261
0 0.831086 0.48764 0.0161064 0.0203243
0 0.53817 0.359693 0.0139013 0.0179215
0 0.47009 0.470939 0.0160666 0.021113
0 0.485732 0.332816 0.0133949 0.0179602
0 0.215148 0.348441 0.0160964 0.0203725
0 0.784472 0.380338 0.0139713 0.0179809
0 0.465657 0.426962 0.0174274 0.0223368
0 0.383632 0.342526 0.0149392 0.0194683
0 0.569033 0.347175 0.0137603 0.0181127
0 0.718959 0.360311 0.0144066 0.017315
