0 0.675563 0.238629 0.0380762 0.0551411
0 0.709808 0.69605 0.0363748 0.0535639
0 0.19962 0.158474 0.0388772 0.0555616
0 0.801787 0.702908 0.0413258 0.0594669
0 0.16305 0.543927 0.0383495 0.0544922
0 0.138313 0.618514 0.0379113 0.0555838
0 0.574879 0.330384 0.0357952 0.0485399
0 0.69251 0.869754 0.0422885 0.0562523
0 0.221186 0.375264 0.0330683 0.0515218
0 0.751483 0.180275 0.0381407 0.0547328
0 0.373995 0.303384 0.0363431 0.0568357
0 0.23167 0.887451 0.0443193 0.0601379
0 0.617879 0.803992 0.0364777 0.052597
0 0.461307 0.796595 0.0428408 0.0646166
0 0.834582 0.628208 0.034536 0.0531836
0 0.545812 0.504667 0.0360201 0.0502338
0 0.656051 0.639464 0.0518824 0.0727813
0 0.0955286 0.269561 0.0369468 0.0528846
0 0.561024 0.583194 0.0362835 0.0508869
0 0.735032 0.395637 0.0437477 0.0572948
0 0.0456808 0.228582 0.0353635 0.0533522
0 0.233852 0.818231 0.039342 0.0517275
0 0.46498 0.570931 0.0362919 0.0529254
0 0.118684 0.222004 0.0386194 0.0563954
0 0.13826 0.896984 0.0423408 0.0541086
0 0.42857 0.887766 0.0426273 0.0485825
0 0.0759585 0.68963 0.0379695 0.0566751
0 0.8876 0.394108 0.0362404 0.0543667
0 0.557 0.388022 0.0381274 0.0510257
0 0.159554 0.80046 0.0394821 0.0616027
0 0.4753 0.155557 0.0321304 0.0468715
0 0.712902 0.559696 0.0355637 0.0542254
0 0.296713 0.383395 0.0345686 0.0516947
0 0.38409 0.593478 0.0391632 0.0565658
0 0.332527 0.646343 0.0346534 0.050243
0 0.889167 0.73382 0.0400654 0.0572762
0 0.132709 0.386213 0.0349024 0.050839
0 0.679402 0.0909184 0.0352445 0.0531905
0 0.54608 0.639662 0.0406271 0.0538046
0 0.374328 0.0457115 0.0336546 0.0453322
0 0.512788 0.291125 0.0350828 0.0527067
0 0.612201 0.103622 0.0312294 0.0452581
0 0.344202 0.472763 0.0354344 0.0542377
0 0.16034 0.125371 0.0374448 0.0556574
0 0.739525 0.261325 0.0366247 0.0517406
0 0.656924 0.293987 0.0353643 0.0500537
0 0.442188 0.254477 0.0358494 0.0543263
0 0.299529 0.0848179 0.0324609 0.0431426
0 0.285279 0.133219 0.0338575 0.0526052
0 0.0812131 0.821102 0.0408187 0.0659328
0 0.480816 0.40334 0.0358198 0.0502632
0 0.527109 0.246103 0.0323402 0.0521848
0 0.818998 0.0412062 0.0337231 0.0518873
0 0.335981 0.181758 0.0319841 0.0446651
0 0.322497 0.883153 0.0450946 0.0539562
0 0.250362 0.658937 0.0351125 0.0505762
0 0.429573 0.0738237 0.0332654 0.0484283
0 0.0222648 0.59258 0.0353551 0.0628833
0 0.733947 0.517097 0.0363482 0.0484951
0 0.217136 0.595765 0.0334802 0.0497437
0 0.805062 0.557639 0.0358168 0.0567202
0 0.259135 0.470513 0.0349067 0.0531309
0 0.883387 0.846946 0.04328 0.0629608
0 0.883699 0.560563 0.0361746 0.0520307
0 0.284804 0.259599 0.0384946 0.0586349
0 0.0958863 0.0855005 0.0356897 0.0502308
0 0.0558023 0.379766 0.0326836 0.0512403
0 0.158414 0.331185 0.038492 0.0539949
0 0.581401 0.287392 0.0306288 0.0450569
0 0.646259 0.449946 0.0412169 0.0554732
0 0.362492 0.726208 0.0353989 0.0560585
0 0.225086 0.537867 0.0334023 0.0487331
0 0.407433 0.731622 0.0378804 0.0567439
0 0.564091 0.0204518 0.0336042 0.0409035
0 0.88441 0.0870526 0.0324465 0.0471558
0 0.483531 0.112127 0.0324654 0.038727
0 0.877185 0.496597 0.0382683 0.0546123
0 0.488627 0.0634149 0.0338446 0.0450506
0 0.112334 0.44545 0.0324675 0.0487004
0 0.59419 0.254747 0.0338502 0.044443
0 0.657044 0.0469312 0.0317914 0.0492764
0 0.516806 0.860143 0.043483 0.0614666
0 0.324044 0.53519 0.0333425 0.0477013
0 0.914195 0.607811 0.0364651 0.0557093
0 0.875226 0.345263 0.0340958 0.0446158
0 0.769798 0.85768 0.040631 0.0478413
0 0.36633 0.111323 0.0331812 0.0486102
0 0.88873 0.173092 0.0322697 0.052806
0 0.410716 0.517207 0.031579 0.0488975
0 0.430989 0.378236 0.0328985 0.0443197
0 0.0809663 0.613866 0.0353249 0.0470661
0 0.408691 0.157789 0.0295142 0.0421582
0 0.202549 0.745048 0.0362103 0.0572279
0 0.412563 0.121162 0.0297946 0.0342836
0 0.164656 0.0828075 0.0310887 0.0364443
0 0.968901 0.169647 0.0303865 0.05124
0 0.862085 0.455842 0.0381447 0.0455151
0 0.0453727 0.0965359 0.0373116 0.0494065
0 0.632519 0.561723 0.0318033 0.0461557
0 0.975229 0.505354 0.0367031 0.0556459
0 0.482048 0.366261 0.0339029 0.0397328
0 0.407024 0.462196 0.0379788 0.0515375
0 0.230776 0.0537748 0.03861 0.0520754
0 0.278521 0.71833 0.0343192 0.0518435
0 0.0189986 0.131313 0.0351626 0.0518564
0 0.075861 0.550604 0.0308892 0.0502914
0 0.545326 0.695018 0.0367157 0.0582537
0 0.970377 0.402845 0.0362461 0.0532933
0 0.880741 0.0192706 0.0324337 0.0385413
0 0.971472 0.828933 0.0426075 0.0665276
0 0.541881 0.141436 0.0297567 0.0434524
0 0.492087 0.0253192 0.0317163 0.0428968
0 0.505666 0.442882 0.0341022 0.0475021
0 0.954461 0.0279099 0.0372513 0.0479361
0 0.62688 0.734539 0.037302 0.0529476
0 0.768019 0.811609 0.0346234 0.0469202
0 0.0276034 0.735228 0.0333458 0.0705901
0 0.0402107 0.443848 0.0375925 0.0543332
0 0.593518 0.869146 0.0423733 0.0570084
0 0.0163459 0.318204 0.0326603 0.0528393
0 0.190458 0.419704 0.0322845 0.0459929
0 0.462055 0.205244 0.0293075 0.0414387
0 0.416957 0.412486 0.0342834 0.0431133
0 0.529914 0.194483 0.0291273 0.0383254
0 0.196132 0.269003 0.0364131 0.0532675
0 0.623456 0.0169993 0.0310347 0.0339986
0 0.0963185 0.746291 0.0343267 0.0515451
0 0.064175 0.492625 0.0348322 0.0516275
0 0.960431 0.35961 0.0383381 0.0452706
0 0.145066 0.476823 0.0322717 0.0520393
0 0.654991 0.593522 0.0343554 0.0326597
0 0.984882 0.704167 0.02962 0.0548277
0 0.0254266 0.172898 0.0347243 0.0498843
0 0.814914 0.258103 0.0372252 0.0549641
0 0.785234 0.0213448 0.0326847 0.0422373
0 0.781674 0.879031 0.0424786 0.029154
0 0.228221 0.6959 0.0344957 0.0471027
0 0.17979 0.463921 0.0336966 0.0496667
0 0.536034 0.0991523 0.0311522 0.0383661
0 0.608035 0.153222 0.0355291 0.0511511
0 0.582242 0.703666 0.0411997 0.0583556
0 0.951198 0.312864 0.0363756 0.0446151
0 0.575986 0.442786 0.0350565 0.0515501
0 0.459249 0.646454 0.0379734 0.057584
0 0.381128 0.258209 0.0345912 0.0459094
0 0.758542 0.13019 0.0307406 0.0431764
0 0.425278 0.316557 0.0327305 0.0517298
0 0.705693 0.0555684 0.0308664 0.0407739
0 0.566542 0.446384 0.0360341 0.0509218
