0 0.494298 0.598322 0.0657828 0.100662
0 0.863195 0.491173 0.0489431 0.0759209
0 0.339442 0.603474 0.0658009 0.0935585
0 0.681318 0.598959 0.0578432 0.0815578
0 0.757267 0.564443 0.0547427 0.0733053
0 0.330367 0.541526 0.034905 0.0351589
0 0.437279 0.507556 0.0228498 0.0277365
0 0.825766 0.475344 0.0398388 0.0563321
0 0.369284 0.525743 0.0262878 0.0339506
0 0.946182 0.491168 0.0549202 0.0638833
0 0.47271 0.480082 0.0234089 0.0288992
0 0.817827 0.398599 0.0226936 0.0281527
0 0.790587 0.403812 0.0224695 0.0269137
0 0.329884 0.483057 0.0157278 0.0199055
0 0.207295 0.568328 0.0395888 0.0499804
0 0.593964 0.447474 0.019886 0.0250612
0 0.270248 0.51706 0.0176225 0.0214124
0 0.304998 0.533559 0.0203033 0.0252304
0 0.796618 0.401737 0.022632 0.0267275
0 0.912766 0.54193 0.0292919 0.0369761
0 0.556032 0.445706 0.0177787 0.0230023
0 0.429213 0.484144 0.0204626 0.0244293
0 0.362093 0.498511 0.0194604 0.024866
0 0.897678 0.382912 0.0204254 0.0246076
0 0.532024 0.453397 0.0184685 0.0230897
0 0.443913 0.467846 0.0172812 0.02118
0 0.504631 0.457045 0.0163845 0.0201385
0 0.47232 0.458548 0.0180695 0.0216453
0 0.900853 0.380017 0.0205528 0.0244299
0 0.389861 0.493161 0.0174765 0.0224683
0 0.577906 0.445873 0.0199083 0.0254682
0 0.616247 0.455996 0.0233585 0.0281555
0 0.532779 0.449627 0.0165061 0.0202997
0 0.271802 0.563146 0.037441 0.045365
0 0.617005 0.452248 0.0208738 0.025
0 0.558951 0.456139 0.0178539 0.0235413
0 0.14378 0.649601 0.0432432 0.053183
0 0.347875 0.477582 0.0163496 0.0223577
0 0.40101 0.489892 0.0183735 0.0243909
0 0.955434 0.376387 0.0180199 0.0226643
