0 0.482267 0.340816 0.0291172 0.0469499
0 0.476611 0.523088 0.0305213 0.0514952
0 0.760314 0.93525 0.031638 0.0460575
0 0.682047 0.0637466 0.0317213 0.0506234
0 0.749966 0.682569 0.0301613 0.0443734
0 0.622582 0.12498 0.0264145 0.0418541
0 0.699512 0.743017 0.026689 0.0431971
0 0.562293 0.542631 0.028718 0.045447
0 0.308536 0.0719079 0.0302889 0.0489631
0 0.415184 0.0981476 0.0309881 0.0445673
0 0.752583 0.0835702 0.0253191 0.0396424
0 0.108107 0.764879 0.0253644 0.0414091
0 0.714317 0.855465 0.0260401 0.0421524
0 0.682894 0.807212 0.0297054 0.0470177
0 0.208547 0.233355 0.030412 0.0458618
0 0.749136 0.358204 0.0274784 0.0411217
0 0.048614 0.0791385 0.0262695 0.0441115
0 0.6285 0.364884 0.0299343 0.0473873
0 0.684216 0.369211 0.0302167 0.0424841
0 0.855521 0.294345 0.0298065 0.0446723
0 0.914011 0.188925 0.025528 0.0394198
0 0.58681 0.350734 0.0287207 0.046247
0 0.518148 0.0655772 0.0350744 0.0500593
0 0.267443 0.352923 0.0283326 0.0443109
0 0.309773 0.920295 0.0301481 0.047224
0 0.647704 0.654755 0.0300059 0.0472385
0 0.805762 0.673823 0.0301979 0.0460026
0 0.842489 0.381756 0.0282015 0.0441678
0 0.401146 0.35773 0.0279396 0.0427939
0 0.0991481 0.0848051 0.0267497 0.0409166
0 0.584568 0.228343 0.0287411 0.0409325
0 0.956174 0.120939 0.0322695 0.0434558
0 0.442335 0.646407 0.0290472 0.0453743
0 0.898879 0.14087 0.0315853 0.0436418
0 0.377913 0.662628 0.0281746 0.0409237
0 0.756455 0.604719 0.0273608 0.0417039
0 0.355209 0.225831 0.0295736 0.0465489
0 0.713339 0.939902 0.0271894 0.0399807
0 0.824926 0.862414 0.0296999 0.0464231
0 0.940866 0.738216 0.0296261 0.0445651
0 0.0804289 0.181148 0.0261979 0.0441473
0 0.902926 0.406549 0.0283688 0.0471994
0 0.752758 0.243316 0.0304839 0.0437281
0 0.54241 0.351065 0.0269787 0.0450006
0 0.646477 0.799058 0.0301182 0.0470995
0 0.273212 0.1285 0.0262393 0.0405836
0 0.70747 0.53917 0.0270845 0.0433229
0 0.530907 0.66218 0.0313471 0.0508543
0 0.260532 0.51951 0.0271608 0.042124
0 0.274898 0.189367 0.0258594 0.0404215
0 0.204609 0.823295 0.030364 0.048951
0 0.382498 0.190902 0.0257707 0.0389323
0 0.0657206 0.12683 0.0274606 0.0424405
0 0.800747 0.353702 0.0297081 0.0458889
0 0.44214 0.786906 0.0265261 0.047018
0 0.156247 0.648298 0.0289946 0.0456661
0 0.687802 0.612651 0.026121 0.0418821
0 0.870815 0.47639 0.02715 0.0417501
0 0.948174 0.894524 0.0284618 0.0423956
0 0.599755 0.607348 0.0271746 0.0405663
0 0.214309 0.361151 0.025497 0.0411081
0 0.532522 0.919948 0.0290712 0.0489063
0 0.238959 0.651175 0.0310561 0.0443382
0 0.723452 0.216529 0.0268486 0.0387409
0 0.885769 0.0710823 0.0247807 0.0416526
0 0.783107 0.202773 0.0291533 0.0431094
0 0.169122 0.116246 0.0284911 0.0421052
0 0.479703 0.910754 0.0298038 0.0470594
0 0.0140918 0.542261 0.027833 0.0423765
0 0.04239 0.28848 0.0269019 0.0442596
0 0.493288 0.610945 0.0255859 0.0392433
0 0.975414 0.549047 0.0276543 0.0442554
0 0.530759 0.603957 0.0275646 0.0409683
0 0.52899 0.232299 0.0309097 0.040273
0 0.30448 0.778191 0.0283511 0.0469401
0 0.921853 0.489119 0.0234509 0.0384087
0 0.0996778 0.298945 0.0276022 0.0432237
0 0.312036 0.24731 0.0270228 0.0435155
0 0.31844 0.530222 0.0272912 0.0430216
0 0.459762 0.0945772 0.0286407 0.0418296
0 0.86905 0.580547 0.0267857 0.0401955
0 0.214095 0.592349 0.0286322 0.0427599
0 0.900967 0.310859 0.0285145 0.0446566
0 0.271614 0.848065 0.0294373 0.044883
0 0.445149 0.727016 0.0255762 0.0410278
0 0.0973996 0.247621 0.0249736 0.0428831
0 0.0220399 0.353805 0.0236104 0.0400248
0 0.264013 0.90996 0.0260448 0.0415997
0 0.675191 0.128587 0.0241157 0.0369676
0 0.938252 0.612714 0.0291065 0.045252
0 0.679252 0.863763 0.0253149 0.0396778
0 0.259179 0.292538 0.0286455 0.0446284
0 0.0259348 0.187346 0.0281273 0.0444435
0 0.358539 0.779468 0.0282616 0.0457838
0 0.606593 0.84328 0.0298121 0.0479088
0 0.149663 0.343899 0.0298171 0.0435398
0 0.332975 0.718224 0.0258813 0.0419651
0 0.407272 0.496253 0.0265859 0.0420942
0 0.365527 0.723132 0.0266174 0.0429816
0 0.896447 0.864603 0.0322651 0.0437185
0 0.658699 0.920775 0.0296462 0.0459757
0 0.430552 0.411743 0.0276579 0.0410453
0 0.0953275 0.862975 0.0278086 0.041489
0 0.776557 0.736538 0.0289474 0.0431181
0 0.876943 0.386847 0.0275091 0.0412668
0 0.122083 0.121831 0.0277197 0.0413417
0 0.599739 0.669489 0.0276878 0.0427387
0 0.214724 0.128058 0.0291502 0.0414983
0 0.534793 0.460269 0.026933 0.0407845
0 0.945999 0.0914963 0.0246067 0.0309973
0 0.0290951 0.618423 0.0304168 0.0456154
0 0.484104 0.670436 0.0264437 0.0433092
0 0.0586416 0.350877 0.024551 0.0397522
0 0.312306 0.839102 0.0275722 0.0457054
0 0.885031 0.909211 0.0268559 0.0414013
0 0.486613 0.783106 0.0271573 0.0446656
0 0.988089 0.189835 0.0238222 0.0454524
0 0.255536 0.238351 0.0274678 0.0399405
0 0.790638 0.268451 0.0270325 0.0373082
0 0.184695 0.783726 0.0265442 0.0396949
0 0.940896 0.806406 0.0262047 0.038928
0 0.487302 0.726981 0.0282101 0.0417791
0 0.0166446 0.131014 0.0184652 0.0431719
0 0.385957 0.406431 0.0277068 0.0415304
0 0.825106 0.1964 0.0322344 0.0433039
0 0.289655 0.562512 0.028031 0.0410811
0 0.954795 0.299046 0.0290085 0.0462853
0 0.180154 0.194736 0.0271797 0.0370828
0 0.0553156 0.832515 0.0311926 0.0452629
0 0.919225 0.577891 0.026112 0.0387318
0 0.600664 0.729915 0.028191 0.0430626
0 0.787395 0.797876 0.0263609 0.0413597
0 0.974628 0.485824 0.029034 0.043784
0 0.216847 0.299376 0.0283258 0.0422853
0 0.0488905 0.471778 0.0277048 0.0416292
0 0.158168 0.410919 0.0265092 0.0433548
0 0.866866 0.698828 0.0286549 0.0448044
0 0.273512 0.590355 0.0249806 0.0387478
0 0.944671 0.662388 0.0300135 0.0501361
0 0.652218 0.502455 0.0252937 0.0389715
0 0.376144 0.851596 0.0264304 0.0454987
0 0.340452 0.6585 0.0258765 0.0375274
0 0.76867 0.564578 0.0296869 0.0454834
0 0.9818 0.411278 0.0311354 0.0471014
0 0.12756 0.535141 0.030802 0.0502778
0 0.426012 0.915803 0.0297556 0.0470087
0 0.92044 0.275112 0.0223589 0.033406
0 0.184391 0.406729 0.0273534 0.0447027
0 0.263742 0.0772447 0.0287623 0.0461415
0 0.217694 0.64384 0.0270803 0.0424393
0 0.166897 0.231179 0.0275178 0.0429623
0 0.797562 0.576465 0.0266415 0.0417747
0 0.657875 0.215438 0.0300171 0.0447353
0 0.322145 0.173015 0.0293536 0.0461516
0 0.133112 0.861009 0.0281026 0.0417364
0 0.588361 0.47851 0.0264103 0.0425156
0 0.140314 0.304023 0.0267034 0.040915
0 0.828407 0.760999 0.0301723 0.0444278
0 0.830789 0.929608 0.0267511 0.0432755
0 0.19277 0.589327 0.0291542 0.0427343
0 0.707215 0.65659 0.0277655 0.0435209
0 0.355945 0.938064 0.0294262 0.04548
0 0.48983 0.478889 0.0254698 0.0354342
0 0.855934 0.14039 0.0280096 0.0413234
0 0.150277 0.881446 0.0266076 0.038747
0 0.952329 0.260213 0.0266983 0.0363215
0 0.953534 0.11625 0.0317808 0.0454877
0 0.333999 0.4784 0.0264161 0.0374676
0 0.128448 0.186546 0.0269127 0.0470777
0 0.990021 0.68402 0.0183952 0.0495762
0 0.978589 0.650886 0.0288277 0.0423656
0 0.0129261 0.247442 0.0163806 0.0429348
0 0.672876 0.489172 0.0275438 0.0409636
0 0.0722076 0.380788 0.0275647 0.0444954
0 0.995063 0.0805169 0.00987339 0.0387662
0 0.239795 0.140186 0.0251447 0.0411035
0 0.235914 0.186793 0.0248141 0.0386534
0 0.592861 0.924533 0.026598 0.0391722
0 0.969154 0.985345 0.0262291 0.0289785
0 0.0570132 0.421952 0.0286788 0.0474343
0 0.395244 0.851083 0.0255606 0.0449598
