0 0.829662 0.651906 0.0502642 0.0623182
0 0.737389 0.661196 0.0483129 0.0625107
0 0.405618 0.263987 0.0450775 0.0604311
0 0.29447 0.92383 0.0513147 0.0636921
0 0.86688 0.33292 0.0391054 0.051775
0 0.748369 0.833612 0.0528374 0.064365
0 0.933331 0.782725 0.0486313 0.0643269
0 0.665802 0.782888 0.0481638 0.0648882
0 0.287959 0.852645 0.0461448 0.0570244
0 0.211047 0.851349 0.0526365 0.0666973
0 0.50906 0.799928 0.0506329 0.0659988
0 0.150226 0.207479 0.0460701 0.0609147
0 0.175366 0.597927 0.0444376 0.0580912
0 0.0424642 0.667864 0.0465394 0.0684842
0 0.205057 0.41833 0.0437191 0.0579593
0 0.676766 0.607019 0.0572247 0.0740717
0 0.31682 0.750742 0.0409681 0.0583172
0 0.104942 0.184119 0.0451993 0.0590483
0 0.111772 0.751562 0.0488754 0.0588528
0 0.160064 0.67131 0.0433224 0.0581243
0 0.716431 0.360592 0.0450905 0.0577217
0 0.888921 0.502228 0.0431932 0.0557367
0 0.359701 0.672396 0.0460943 0.0601067
0 0.399463 0.608871 0.0478949 0.0638283
0 0.567531 0.630849 0.0453472 0.0546424
0 0.488465 0.246217 0.0392513 0.0541803
0 0.921695 0.669313 0.0484043 0.0609649
0 0.717947 0.5271 0.0412558 0.0544729
0 0.632152 0.214119 0.0443074 0.0575052
0 0.573411 0.685031 0.0449986 0.0589006
0 0.259597 0.511671 0.0438874 0.0565856
0 0.5467 0.498083 0.0449659 0.0544059
0 0.279402 0.416221 0.0420472 0.0555946
0 0.63261 0.429197 0.0472668 0.0605442
0 0.399414 0.74612 0.0487683 0.0629469
0 0.110296 0.506604 0.0410912 0.052546
0 0.539506 0.380491 0.0435787 0.0531829
0 0.344247 0.32355 0.043688 0.0620075
0 0.550636 0.0938204 0.0418113 0.0554681
0 0.206026 0.94761 0.0518892 0.0607
0 0.549872 0.318894 0.0403246 0.0507851
0 0.30468 0.0737475 0.0401203 0.0493762
0 0.0881044 0.617946 0.0388117 0.0546103
0 0.699377 0.146628 0.0442341 0.0578492
0 0.414803 0.392201 0.0380614 0.0484529
0 0.573531 0.573684 0.0412164 0.0537276
0 0.234297 0.581219 0.0411445 0.0536886
0 0.279856 0.697229 0.0410207 0.0552303
0 0.61312 0.0685593 0.0427642 0.0573412
0 0.342085 0.497645 0.0417868 0.0554541
0 0.420692 0.162427 0.0362259 0.0480325
0 0.237504 0.120231 0.0372302 0.0470395
0 0.478249 0.576573 0.0450611 0.0571712
0 0.414831 0.530303 0.042264 0.0566759
0 0.846726 0.28957 0.0409359 0.0497392
0 0.809427 0.50815 0.0417606 0.0553137
0 0.733774 0.48089 0.0463893 0.0514681
0 0.92788 0.54444 0.0463089 0.060718
0 0.184787 0.470522 0.038128 0.0471066
0 0.85203 0.575911 0.0429674 0.0573496
0 0.62429 0.275417 0.0418806 0.0534052
0 0.912624 0.102805 0.0362951 0.0529359
0 0.236187 0.637134 0.0434213 0.0589379
0 0.135585 0.387969 0.0415884 0.0516583
0 0.117927 0.448792 0.0395847 0.0541122
0 0.545786 0.275489 0.0373657 0.0486
0 0.492168 0.893319 0.0485066 0.0525671
0 0.485717 0.141408 0.035971 0.0466699
0 0.423833 0.122379 0.0333769 0.0418468
0 0.356355 0.146808 0.0357486 0.0454625
0 0.365062 0.0919008 0.0379341 0.050562
0 0.0443863 0.452115 0.0420446 0.0591216
0 0.229917 0.170271 0.0413206 0.0560893
0 0.070962 0.808198 0.0442614 0.0727551
0 0.248397 0.296499 0.0471059 0.0613831
0 0.487489 0.0196065 0.0399511 0.0392129
0 0.0361295 0.15269 0.0424132 0.0538519
0 0.69954 0.226627 0.0403833 0.0563381
0 0.833911 0.119133 0.0409231 0.0586036
0 0.479334 0.292029 0.0400595 0.0558881
0 0.718404 0.421438 0.0447916 0.0519715
0 0.970188 0.431114 0.0413555 0.0561447
0 0.159484 0.317258 0.0467744 0.0565623
0 0.421758 0.0752722 0.0359581 0.0461225
0 0.0846962 0.541843 0.0429829 0.0597776
0 0.659974 0.704788 0.0411297 0.0550586
0 0.642422 0.540131 0.0403938 0.0538149
0 0.135689 0.883178 0.0563134 0.0738327
0 0.649221 0.852133 0.0511337 0.0643002
0 0.763908 0.211074 0.0399796 0.0565861
0 0.574075 0.851994 0.0500345 0.0640129
0 0.308876 0.142388 0.0368503 0.0492536
0 0.386567 0.902778 0.0556199 0.0572989
0 0.875282 0.438116 0.0449142 0.059293
0 0.949729 0.331395 0.0453682 0.0612107
0 0.289223 0.214933 0.0360023 0.047161
0 0.555442 0.242432 0.0394196 0.0485094
0 0.263591 0.739094 0.0426934 0.0567235
0 0.405353 0.473911 0.0426785 0.0538875
0 0.837739 0.83228 0.0498857 0.0362007
0 0.476903 0.517499 0.0395179 0.0525974
0 0.484081 0.193235 0.0366247 0.0462131
0 0.445992 0.739305 0.0447451 0.0610734
0 0.0157598 0.303084 0.0315196 0.0572597
0 0.484878 0.65198 0.0422829 0.0574162
0 0.102324 0.140537 0.038774 0.041452
0 0.815372 0.0339844 0.0421505 0.0507775
0 0.138808 0.809388 0.04736 0.0584159
0 0.472778 0.101075 0.0343173 0.0404239
0 0.417221 0.0322959 0.0375143 0.0452284
0 0.932675 0.292759 0.0440748 0.0518654
0 0.926966 0.725178 0.0430527 0.0490154
0 0.852897 0.399057 0.0431297 0.0461623
0 0.0675233 0.352172 0.0443549 0.0569858
0 0.592737 0.163519 0.0386522 0.0520996
0 0.461086 0.375859 0.0387381 0.0473007
0 0.55758 0.801773 0.0527799 0.0598949
0 0.049044 0.589531 0.043582 0.0606327
0 0.561231 0.439732 0.0415483 0.0523151
0 0.696331 0.089966 0.0414569 0.0541981
0 0.584221 0.0280242 0.0375736 0.0490575
0 0.0757607 0.281783 0.0454563 0.0573788
0 0.180185 0.51599 0.0417546 0.0542118
0 0.910209 0.427146 0.0406801 0.0545474
0 0.399192 0.428291 0.0394145 0.050395
0 0.162066 0.966185 0.0604824 0.0488302
0 0.495568 0.439388 0.0416857 0.0506332
0 0.579847 0.126644 0.0382168 0.0490705
0 0.651764 0.485719 0.0487357 0.0594691
0 0.106315 0.115863 0.0384506 0.0449079
0 0.401486 0.337158 0.0391184 0.0544566
0 0.41917 0.212416 0.0359847 0.0472654
0 0.0657329 0.343713 0.0441846 0.059434
0 0.363035 0.0327241 0.0360808 0.039562
0 0.332788 0.567246 0.0403924 0.0520632
0 0.54926 0.00973292 0.035914 0.0193795
0 0.744278 0.00864475 0.0379851 0.0172221
0 0.332053 0.578004 0.0418428 0.0586185
0 0.0631098 0.33132 0.0393738 0.0470594
0 0.0213387 0.523192 0.0397523 0.05825
0 0.264565 0.955779 0.0411545 0.026556
0 0.165817 0.101031 0.0441241 0.0560504
0 0.817501 0.814462 0.0465693 0.0486704
0 0.521054 0.713208 0.0504336 0.0684703
