0 0.727641 0.392431 0.038169 0.0530616
0 0.887155 0.468987 0.0256676 0.0361551
0 0.456325 0.430804 0.0359122 0.0519686
0 0.944795 0.450953 0.0280785 0.0375572
0 0.32264 0.433216 0.0311599 0.0437805
0 0.819406 0.467641 0.0296467 0.0395466
0 0.129405 0.449023 0.0328726 0.0434664
0 0.468466 0.30788 0.0277963 0.037187
0 0.244238 0.426284 0.0258936 0.0371592
0 0.192828 0.434686 0.031295 0.0443913
0 0.932125 0.369303 0.0293175 0.0400141
0 0.264903 0.421196 0.0266895 0.0376472
0 0.29595 0.430737 0.0282053 0.0417389
0 0.397532 0.408446 0.0297498 0.0409777
0 0.814632 0.4103 0.0312109 0.0388724
0 0.192767 0.313456 0.0265368 0.0306373
0 0.415912 0.401504 0.0251474 0.0342363
0 0.681953 0.503267 0.0295645 0.0412272
0 0.478395 0.406832 0.0271107 0.0392802
0 0.218449 0.424087 0.0290436 0.0387367
0 0.447064 0.348412 0.0309763 0.0368493
0 0.430338 0.313867 0.0289545 0.0388372
0 0.122182 0.249304 0.023607 0.0303429
0 0.232259 0.322744 0.0286434 0.0359671
0 0.152773 0.375143 0.0280221 0.0340177
0 0.505 0.391508 0.0279762 0.0372743
0 0.0145095 0.449186 0.029019 0.04723
0 0.179521 0.481755 0.0271942 0.0350983
0 0.800637 0.368175 0.0319805 0.0408574
0 0.571945 0.353808 0.0258609 0.0335501
0 0.329306 0.224118 0.020955 0.025543
0 0.0816505 0.394891 0.0299828 0.035967
0 0.693555 0.372119 0.0303918 0.0365721
0 0.23272 0.396309 0.0252531 0.0286805
0 0.754807 0.387245 0.0286855 0.0406351
0 0.630734 0.393393 0.0308489 0.0413178
0 0.276583 0.391698 0.0282687 0.0356031
0 0.511037 0.343297 0.0285816 0.03263
0 0.0913723 0.463656 0.0353258 0.0465549
0 0.977903 0.382776 0.0261021 0.0402687
0 0.122749 0.365322 0.0277213 0.0308248
0 0.583307 0.409925 0.0266254 0.03645
0 0.334813 0.357299 0.0268967 0.0317777
0 0.625061 0.358499 0.0273605 0.031579
0 0.776587 0.36008 0.0277591 0.0370219
0 0.203145 0.374817 0.0269924 0.0297817
0 0.602026 0.366134 0.0268761 0.0337293
0 0.777161 0.285619 0.0287294 0.0366171
0 0.417019 0.206985 0.0233532 0.0303222
0 0.442892 0.208905 0.0230953 0.0281572
0 0.86071 0.38654 0.0274277 0.0365414
0 0.777902 0.256696 0.024307 0.0273401
0 0.165688 0.231397 0.0204711 0.0239141
0 0.701534 0.205961 0.0227727 0.0287254
0 0.492807 0.314425 0.0279074 0.0329435
0 0.656457 0.404065 0.0296427 0.0378782
0 0.432181 0.241208 0.0227642 0.0298272
0 0.494717 0.416071 0.0235207 0.0366629
0 0.52566 0.309848 0.0261209 0.031289
0 0.0521597 0.445974 0.0395293 0.0543045
0 0.754095 0.353299 0.0290466 0.0341529
0 0.692305 0.239348 0.0261189 0.0359108
0 0.65829 0.24514 0.0249639 0.0316655
0 0.897862 0.305553 0.0260345 0.0341144
0 0.382811 0.316982 0.0283032 0.0306213
0 0.107826 0.408042 0.0279595 0.0345545
0 0.194925 0.340945 0.028862 0.0342832
0 0.340296 0.416067 0.0292684 0.0412991
0 0.0856912 0.356576 0.0265112 0.0323361
0 0.214362 0.231146 0.0211614 0.0243621
0 0.423426 0.444127 0.0286262 0.0365531
0 0.126953 0.33522 0.0247901 0.0303154
0 0.261541 0.298844 0.0260924 0.030998
0 0.345196 0.236055 0.0223362 0.0286723
0 0.606691 0.403428 0.0296448 0.0392185
0 0.416003 0.37411 0.0263556 0.0234037
0 0.3781 0.250674 0.0254453 0.0320903
0 0.159927 0.413709 0.0313223 0.037298
0 0.406318 0.31956 0.0253523 0.0311494
0 0.841745 0.482597 0.0255785 0.0357403
0 0.643904 0.373875 0.0250498 0.0308323
0 0.852893 0.336127 0.027545 0.0321297
0 0.06036 0.365022 0.0270306 0.0301544
0 0.371726 0.412531 0.0275754 0.0393606
0 0.540845 0.332161 0.0278439 0.0306126
0 0.222894 0.251931 0.0224488 0.0292057
0 0.469284 0.216713 0.0235575 0.0270246
0 0.0763521 0.255185 0.0227433 0.0299191
0 0.57203 0.204612 0.0245037 0.0275646
0 0.0357304 0.350774 0.0243013 0.0285614
0 0.283351 0.326054 0.0279548 0.0362471
0 0.532542 0.414187 0.0284754 0.043606
0 0.12402 0.289449 0.0229784 0.0289197
0 0.667958 0.374527 0.0274576 0.0359139
0 0.416698 0.231275 0.0218288 0.025776
0 0.313736 0.298298 0.0240738 0.0267085
0 0.726878 0.234842 0.0239277 0.0320354
0 0.49659 0.211226 0.0232456 0.0301728
0 0.416926 0.273995 0.0271147 0.0330512
0 0.594494 0.284047 0.0265636 0.0326431
0 0.0541548 0.395292 0.0260767 0.0270342
0 0.101309 0.225894 0.0233783 0.029916
0 0.311108 0.380672 0.0273684 0.0285664
0 0.554105 0.307346 0.0264451 0.0321555
0 0.631267 0.2877 0.0296747 0.0364069
0 0.400503 0.45288 0.030516 0.041609
0 0.552397 0.243512 0.0241392 0.0325178
0 0.178731 0.375766 0.0244729 0.0281718
0 0.565399 0.227049 0.0232986 0.0299327
0 0.577586 0.301253 0.0263027 0.0331737
0 0.195803 0.268793 0.0217772 0.0300932
0 0.301697 0.222417 0.0208765 0.02651
0 0.554427 0.391308 0.0273005 0.0293285
0 0.0480709 0.232142 0.0225254 0.0261647
0 0.215128 0.394756 0.0255563 0.0261399
0 0.0100706 0.379716 0.0201413 0.0297483
0 0.726746 0.27009 0.0236449 0.0285789
0 0.798677 0.444298 0.0284235 0.0373123
0 0.16509 0.25473 0.021074 0.0249609
0 0.245086 0.232457 0.0214931 0.0280076
0 0.664327 0.191062 0.0219553 0.0251086
0 0.279232 0.228491 0.0248999 0.0322738
0 0.610039 0.341365 0.0255468 0.028766
0 0.374508 0.22374 0.021093 0.024117
0 0.309666 0.237248 0.0244466 0.0322283
0 0.34482 0.26334 0.0248249 0.0313119
0 0.532534 0.189579 0.0226715 0.0286903
0 0.554588 0.419591 0.030765 0.040591
0 0.738808 0.289214 0.0267162 0.032965
0 0.104245 0.252364 0.0219252 0.0288645
0 0.801405 0.182647 0.0203167 0.025839
0 0.536784 0.417959 0.0295959 0.0433617
0 0.248744 0.377996 0.0261484 0.0288836
0 0.854673 0.269863 0.0244667 0.0306793
0 0.380348 0.34296 0.0253617 0.0278465
0 0.146036 0.426562 0.0243191 0.0322673
0 0.45984 0.25846 0.0248323 0.0322204
0 0.269932 0.224213 0.0235969 0.0306138
0 0.659014 0.210685 0.0223151 0.0267736
0 0.868916 0.257407 0.0207176 0.0273496
0 0.0451647 0.445568 0.0372367 0.0492762
0 0.724872 0.199273 0.0217657 0.0271606
0 0.0392728 0.444979 0.0306751 0.0479909
0 0.448848 0.242149 0.0218359 0.029483
0 0.667643 0.304828 0.0260649 0.0336212
0 0.918779 0.183025 0.0239729 0.0295942
0 0.18409 0.24331 0.0206415 0.0274694
0 0.527728 0.239588 0.0242834 0.030718
0 0.542266 0.265225 0.0238614 0.0323261
0 0.551812 0.358789 0.0241865 0.0265666
0 0.916353 0.332642 0.0272383 0.0340798
0 0.152631 0.245944 0.0195217 0.0261127
0 0.0172039 0.236982 0.0219235 0.0298386
0 0.51754 0.371721 0.0268497 0.031218
0 0.138579 0.420649 0.0263046 0.0338211
0 0.50866 0.256998 0.0256439 0.0327755
0 0.480252 0.353509 0.0275213 0.030218
0 0.210495 0.269746 0.0214712 0.0287741
0 0.480642 0.241556 0.0239264 0.0276787
0 0.351034 0.223753 0.0196602 0.0235202
0 0.610824 0.204709 0.022986 0.0284536
0 0.809616 0.280505 0.0262631 0.0345837
0 0.909152 0.276576 0.0253067 0.0324394
0 0.444469 0.307047 0.0259722 0.038022
0 0.391178 0.212721 0.0209165 0.0250161
0 0.822514 0.191376 0.0220486 0.0277164
0 0.584448 0.385332 0.0233916 0.0246367
0 0.902968 0.397083 0.0313477 0.03953
0 0.252688 0.391733 0.0232616 0.0274745
0 0.331305 0.241041 0.0221139 0.0305415
0 0.947724 0.299309 0.0249722 0.0299089
0 0.0591752 0.448906 0.0358109 0.0518483
0 0.136402 0.416156 0.0265299 0.02939
0 0.845601 0.178475 0.0208336 0.0282504
0 0.393705 0.380299 0.0251377 0.0211093
0 0.476531 0.26549 0.0244091 0.0332356
0 0.237921 0.281618 0.0256454 0.0343045
0 0.588588 0.334506 0.023328 0.0289541
0 0.181707 0.237097 0.019344 0.0247706
0 0.680773 0.180992 0.0191902 0.0240692
0 0.530341 0.216647 0.0232195 0.0256387
0 0.375941 0.227057 0.0225617 0.0253405
0 0.682058 0.210541 0.0206425 0.0255843
0 0.974873 0.315371 0.0213539 0.0385561
0 0.268778 0.253357 0.0210687 0.0254981
0 0.601981 0.180105 0.0218159 0.0273538
0 0.957982 0.204333 0.0211678 0.0286064
0 0.632557 0.233774 0.0240943 0.0308768
0 0.468831 0.376261 0.0261795 0.0236192
0 0.179805 0.250779 0.0202024 0.025739
0 0.373156 0.247667 0.0247665 0.0304283
0 0.707147 0.143941 0.0230076 0.0295495
0 0.817368 0.321988 0.0272179 0.0341487
0 0.170181 0.279313 0.0217554 0.0292338
0 0.378517 0.315726 0.0273577 0.0304083
0 0.198047 0.40309 0.0236243 0.0255454
0 0.569666 0.349261 0.0263771 0.036039
0 0.402107 0.261401 0.0239788 0.0298597
0 0.219746 0.361047 0.0247101 0.02998
0 0.334848 0.320508 0.0244018 0.033334
0 0.842319 0.176752 0.0217087 0.0284127
0 0.813775 0.278098 0.0261026 0.0331933
0 0.320395 0.323909 0.0234099 0.0333627
0 0.468134 0.261932 0.0257013 0.0333033
0 0.184511 0.282043 0.0206468 0.0260896
0 0.162016 0.419102 0.0289703 0.0369991
0 0.924094 0.233546 0.0225266 0.029036
0 0.211745 0.27544 0.0224913 0.0298544
0 0.693217 0.18654 0.0193855 0.0214706
0 0.767774 0.318286 0.0274384 0.0299952
0 0.771416 0.207428 0.0215332 0.0271629
0 0.406977 0.274781 0.0248587 0.0329071
0 0.361141 0.244101 0.0204978 0.0257548
0 0.613022 0.336374 0.0260337 0.0262424
0 0.713787 0.339123 0.0246727 0.0306071
0 0.549036 0.240171 0.02518 0.0306381
0 0.411215 0.406528 0.0394941 0.0383748
0 0.158625 0.319915 0.0254251 0.0304568
0 0.809286 0.28731 0.0268276 0.0342724
0 0.0568571 0.332462 0.0205669 0.0244528
0 0.24217 0.252991 0.0215885 0.0269869
0 0.671351 0.225122 0.0220607 0.0281593
0 0.905375 0.272283 0.0247009 0.0327311
0 0.193288 0.398187 0.0244497 0.0250362
0 0.866339 0.363633 0.024909 0.0299857
0 0.81955 0.275537 0.0245205 0.0331718
0 0.244037 0.244748 0.0214871 0.0297729
0 0.477138 0.373498 0.0264418 0.0238947
0 0.346294 0.38968 0.0245088 0.0249531
0 0.377987 0.291012 0.0253646 0.0289355
0 0.445468 0.384511 0.0284825 0.0246929
0 0.580229 0.2521 0.0242376 0.0318401
0 0.866289 0.141527 0.0206779 0.0266901
0 0.64481 0.195398 0.0210476 0.0267843
0 0.147884 0.243697 0.020846 0.0251714
0 0.771713 0.326055 0.0297007 0.0289411
0 0.802622 0.20964 0.0213442 0.0272329
0 0.839906 0.358932 0.0272091 0.0303345
0 0.612078 0.237601 0.0255054 0.0329208
0 0.531318 0.364663 0.0255976 0.0315448
0 0.959872 0.180635 0.0196167 0.0283667
0 0.851049 0.267474 0.0243929 0.0309374
0 0.668231 0.43519 0.0286543 0.0330683
0 0.402999 0.270683 0.0252182 0.0347306
0 0.00640921 0.281544 0.0127239 0.0289188
0 0.689435 0.188567 0.0198894 0.0228449
0 0.692941 0.34464 0.0229501 0.0259241
0 0.868231 0.17293 0.0204025 0.0246789
0 0.731409 0.28589 0.0248827 0.0344071
0 0.0352433 0.44543 0.0282055 0.0433861
0 0.227936 0.231944 0.0196344 0.0248652
0 0.901641 0.159849 0.0192326 0.0246517
0 0.481955 0.348743 0.0291664 0.0336909
0 0.728615 0.31821 0.02686 0.0330292
0 0.404966 0.235967 0.0215694 0.0276948
0 0.348415 0.227186 0.0216608 0.0268446
