0 0.213842 0.945552 0.0326887 0.0486155
0 0.909703 0.65943 0.0278065 0.0421066
0 0.316001 0.965371 0.0352589 0.0472113
0 0.254952 0.870436 0.0323588 0.0431236
0 0.7104 0.681083 0.0283224 0.0429235
0 0.686827 0.80181 0.0289027 0.044508
0 0.204105 0.690439 0.028825 0.0459948
0 0.1821 0.414335 0.0289323 0.0438188
0 0.36248 0.930164 0.031835 0.0415264
0 0.680171 0.720243 0.0278958 0.0412243
0 0.695492 0.161138 0.0283203 0.0395033
0 0.36163 0.758565 0.030479 0.0445753
0 0.826433 0.817327 0.0301754 0.0442814
0 0.862956 0.285044 0.0298794 0.0426051
0 0.580756 0.612166 0.0290123 0.0411241
0 0.175227 0.730819 0.0302283 0.0435882
0 0.55822 0.711497 0.0271161 0.0396019
0 0.668549 0.847258 0.0295405 0.0412334
0 0.448761 0.46339 0.0265774 0.0368151
0 0.461613 0.686228 0.0299349 0.0421694
0 0.472143 0.542729 0.0296515 0.0441097
0 0.430459 0.761971 0.0275416 0.0401636
0 0.0348774 0.521015 0.0278269 0.0401622
0 0.0790962 0.785435 0.0282362 0.0408962
0 0.403803 0.868959 0.0297546 0.0402702
0 0.967534 0.582289 0.0286552 0.0453488
0 0.213693 0.608842 0.0306698 0.0439848
0 0.0402403 0.728596 0.0298351 0.0455943
0 0.294409 0.779037 0.0296902 0.0460924
0 0.313695 0.917009 0.028796 0.0432526
0 0.0497791 0.59261 0.0274466 0.039167
0 0.931973 0.366483 0.0293438 0.0405019
0 0.224897 0.395069 0.0265124 0.0382644
0 0.419322 0.496931 0.0265593 0.038628
0 0.0939124 0.477818 0.0297459 0.0423046
0 0.360533 0.598729 0.0297054 0.0414446
0 0.5426 0.119058 0.025233 0.0346479
0 0.68668 0.0417777 0.028734 0.0401945
0 0.314339 0.50768 0.0286938 0.0406238
0 0.490536 0.875471 0.0277687 0.036842
0 0.0518374 0.641605 0.0269679 0.0431894
0 0.736338 0.457567 0.0250334 0.034799
0 0.068362 0.351314 0.0290175 0.040674
0 0.782105 0.15594 0.0278543 0.0375937
0 0.149833 0.641794 0.029406 0.0435897
0 0.403743 0.396188 0.0273943 0.0422339
0 0.329808 0.570544 0.0296186 0.0418941
0 0.762413 0.663615 0.0290443 0.0409395
0 0.527853 0.41048 0.0260035 0.0387895
0 0.579883 0.913897 0.0318021 0.0423838
0 0.563177 0.10647 0.0276986 0.0395321
0 0.119569 0.376187 0.0284606 0.0426884
0 0.351967 0.660002 0.0294511 0.0441394
0 0.813723 0.0858934 0.0253227 0.0377532
0 0.814465 0.371766 0.0261742 0.0378685
0 0.891393 0.533896 0.0262253 0.0372446
0 0.611944 0.0188393 0.0294737 0.0376785
0 0.102272 0.341483 0.0270201 0.0378153
0 0.150082 0.299868 0.0299187 0.0451035
0 0.847835 0.538646 0.0266792 0.0392103
0 0.557757 0.0490733 0.0262651 0.0377629
0 0.0742658 0.301955 0.0280389 0.0397298
0 0.319761 0.145257 0.0283855 0.0418023
0 0.474974 0.36605 0.0262354 0.0417385
0 0.0978173 0.713987 0.0277631 0.0431332
0 0.672985 0.194489 0.0293264 0.0409784
0 0.0910348 0.119896 0.0262596 0.0368166
0 0.958285 0.759035 0.0288578 0.0399532
0 0.15044 0.510144 0.026672 0.0371708
0 0.550062 0.643345 0.0293274 0.042653
0 0.181387 0.542776 0.0312078 0.0431601
0 0.367033 0.242809 0.0278468 0.0397938
0 0.514463 0.283078 0.0258938 0.0349079
0 0.659396 0.414466 0.0279308 0.0394704
0 0.296402 0.392214 0.0297468 0.0415841
0 0.783501 0.549052 0.0257357 0.0404215
0 0.539767 0.474107 0.0264744 0.0403605
0 0.770217 0.469278 0.0246223 0.0352267
0 0.340057 0.184556 0.0258348 0.0349272
0 0.190536 0.295958 0.0297016 0.0425575
0 0.244613 0.110491 0.027181 0.0409829
0 0.860927 0.858295 0.0323597 0.0455753
0 0.644183 0.261684 0.0272623 0.03817
0 0.467942 0.917553 0.0292486 0.0408806
0 0.880269 0.339787 0.0274765 0.0380472
0 0.427582 0.345398 0.0305208 0.0439778
0 0.562915 0.552474 0.0273813 0.0413483
0 0.678006 0.457558 0.027828 0.0380861
0 0.29545 0.927806 0.0273127 0.0398155
0 0.669712 0.610433 0.0280094 0.0408213
0 0.0414479 0.486902 0.0286422 0.0400999
0 0.751331 0.19607 0.0253411 0.0361119
0 0.205223 0.0594958 0.0276912 0.0400828
0 0.609078 0.100014 0.02835 0.0430338
0 0.116802 0.164652 0.027214 0.0379379
0 0.586446 0.443324 0.025569 0.0369484
0 0.855041 0.912485 0.0305328 0.0415165
0 0.488753 0.315959 0.0262528 0.0383242
0 0.270254 0.320996 0.0275488 0.0380325
0 0.0197106 0.292735 0.0302346 0.0426315
0 0.861054 0.13483 0.0249521 0.0348496
0 0.836715 0.657749 0.0283867 0.0435804
0 0.527189 0.371681 0.0272152 0.0375342
0 0.600862 0.973015 0.0376165 0.0308914
0 0.477229 0.0524696 0.0290399 0.0420459
0 0.45554 0.271783 0.0295842 0.0426332
0 0.33565 0.293168 0.0272247 0.0355141
0 0.426091 0.170365 0.0287418 0.0396468
0 0.0490687 0.437343 0.0293906 0.0424404
0 0.609408 0.342492 0.0295534 0.0409093
0 0.791873 0.0671275 0.0263378 0.0377035
0 0.562988 0.273817 0.0275625 0.0394836
0 0.277014 0.291044 0.0250906 0.0339951
0 0.961448 0.273655 0.0250378 0.0413136
0 0.118607 0.663289 0.0314345 0.0472563
0 0.0562545 0.253952 0.0262721 0.0363047
0 0.370158 0.64703 0.0274971 0.0415981
0 0.62525 0.465627 0.02676 0.0383441
0 0.740376 0.956717 0.0352553 0.0283474
0 0.249343 0.174117 0.0277602 0.0416732
0 0.650946 0.832068 0.02822 0.0383032
0 0.597881 0.220485 0.0276403 0.0375071
0 0.249786 0.634942 0.0284428 0.0436125
0 0.776769 0.263336 0.0256203 0.0349037
0 0.535632 0.331521 0.0268618 0.0383038
0 0.7055 0.881783 0.0264478 0.0378254
0 0.41215 0.213855 0.0281155 0.0403669
0 0.36799 0.14411 0.026862 0.0382657
0 0.853698 0.793107 0.0285389 0.0396262
0 0.511516 0.567813 0.0276108 0.0388936
0 0.730829 0.0443044 0.0257463 0.0361332
0 0.500039 0.524316 0.0293898 0.0425883
0 0.28757 0.273169 0.0255408 0.0367674
0 0.471129 0.104447 0.026001 0.0388709
0 0.746052 0.413255 0.0263784 0.0384209
0 0.625269 0.397042 0.0274485 0.0399634
0 0.587531 0.509562 0.0264337 0.039945
0 0.229129 0.434129 0.0296567 0.0406993
0 0.932315 0.331541 0.0241272 0.0328058
0 0.159412 0.779012 0.0312073 0.0447678
0 0.830434 0.217838 0.0240553 0.0358627
0 0.329047 0.10195 0.0258737 0.037089
0 0.775138 0.512392 0.0248099 0.0353071
0 0.733274 0.206856 0.0291832 0.0416653
0 0.775753 0.722671 0.0288942 0.0422249
0 0.735509 0.166091 0.0261202 0.030724
0 0.800982 0.0168242 0.0301228 0.0336009
0 0.904261 0.217717 0.025034 0.0348553
0 0.23289 0.236351 0.0274874 0.0401583
0 0.454282 0.0881635 0.0255362 0.0375746
0 0.563517 0.457271 0.0261686 0.0385142
0 0.862906 0.240566 0.0296562 0.0426738
0 0.675021 0.498004 0.026128 0.0396202
0 0.86948 0.200925 0.0276243 0.0376278
0 0.709989 0.360747 0.0266098 0.0388274
0 0.0818981 0.239683 0.0274511 0.0403082
0 0.312809 0.623741 0.0276667 0.0362646
0 0.204307 0.341514 0.0275169 0.0372198
0 0.365197 0.322471 0.0288596 0.0420739
0 0.779096 0.216502 0.0269285 0.0374619
0 0.648701 0.301041 0.027758 0.035448
0 0.32265 0.0601883 0.025959 0.0385843
0 0.338178 0.433085 0.0294004 0.0425728
0 0.362888 0.48823 0.0289235 0.045842
0 0.854217 0.0384726 0.0238945 0.034746
0 0.216755 0.240965 0.0255335 0.0375562
0 0.511945 0.326299 0.0261478 0.0392526
0 0.547604 0.0104972 0.0293024 0.0209707
0 0.92707 0.504907 0.0276453 0.0415165
0 0.152695 0.229783 0.0280436 0.04004
0 0.420506 0.949571 0.0270159 0.0356447
0 0.876057 0.389511 0.0247723 0.0341964
0 0.609264 0.278032 0.0263573 0.0369487
0 0.140801 0.167299 0.027984 0.0423499
0 0.410972 0.627018 0.0259024 0.0363594
0 0.74049 0.339629 0.0296631 0.0410598
0 0.642136 0.510845 0.0280527 0.0421448
0 0.276301 0.118369 0.0234541 0.0347239
0 0.583326 0.257067 0.0267143 0.037859
0 0.342223 0.216049 0.0271686 0.0368997
0 0.818432 0.229311 0.0263756 0.0374299
0 0.946805 0.236266 0.0243557 0.0338849
0 0.863417 0.431376 0.0278826 0.041045
0 0.453643 0.212329 0.0295685 0.0415517
0 0.886476 0.417598 0.0265766 0.0369787
0 0.666178 0.142244 0.027155 0.0400447
0 0.70316 0.286889 0.0271063 0.0393415
0 0.530606 0.265114 0.0244915 0.0359135
0 0.241487 0.337374 0.0304009 0.0424538
0 0.607007 0.545137 0.0249081 0.0374846
0 0.769174 0.848378 0.0296047 0.0427876
0 0.391993 0.83971 0.0251063 0.0300896
0 0.764965 0.305854 0.0265348 0.0373282
0 0.370063 0.28135 0.0284442 0.0392746
0 0.232496 0.82514 0.0301617 0.0432488
0 0.425111 0.671811 0.0283442 0.0388762
0 0.840635 0.177171 0.0250114 0.0343874
0 0.747883 0.52024 0.0253446 0.0386892
0 0.478312 0.771942 0.0279674 0.0415102
0 0.541025 0.757797 0.0292307 0.0403536
0 0.921014 0.208288 0.0241226 0.037243
0 0.257179 0.0485803 0.0260589 0.0353315
0 0.720375 0.240763 0.0256248 0.0362234
0 0.872742 0.529958 0.0232742 0.0365791
0 0.822515 0.546005 0.0269897 0.039275
0 0.832025 0.288884 0.0285265 0.0413329
0 0.686882 0.245604 0.0281456 0.0390326
0 0.858298 0.390818 0.0250748 0.0330288
0 0.926585 0.302039 0.0243643 0.0327288
0 0.11051 0.597894 0.0284706 0.0403129
0 0.880511 0.0812306 0.0302696 0.0388297
0 0.622649 0.264095 0.0248247 0.0376202
0 0.789794 0.869456 0.031654 0.0466305
0 0.286434 0.142727 0.0259441 0.0389721
0 0.290947 0.47313 0.0281231 0.0389153
0 0.794837 0.419343 0.0251251 0.0387243
0 0.969642 0.316416 0.0186737 0.0393462
0 0.705184 0.253371 0.025046 0.032428
0 0.116215 0.0682635 0.027113 0.0363604
0 0.501072 0.476203 0.0312706 0.0401989
0 0.136362 0.47695 0.0291211 0.0393742
0 0.50492 0.683377 0.0282312 0.0394274
0 0.795983 0.334295 0.0282275 0.0386623
0 0.467909 0.736362 0.0274025 0.0379795
0 0.360784 0.895103 0.0275893 0.0365732
0 0.521873 0.99102 0.0334141 0.0179594
0 0.942158 0.463885 0.0266687 0.0399196
0 0.0601796 0.385677 0.0314722 0.0448864
0 0.933864 0.195281 0.0214008 0.0321697
0 0.651834 0.382919 0.0255329 0.0328567
0 0.193355 0.144217 0.0267465 0.0384762
0 0.147501 0.378402 0.028236 0.0385792
0 0.867988 0.0428256 0.0234919 0.0332903
0 0.427794 0.274885 0.0285685 0.0416962
0 0.743549 0.259397 0.024953 0.0359051
0 0.990878 0.52498 0.0182444 0.038155
0 0.45154 0.207578 0.0293877 0.0410654
0 0.534589 0.0725852 0.0271008 0.0389125
0 0.810193 0.298856 0.0275486 0.0366906
0 0.797366 0.379958 0.0251684 0.0357891
0 0.746399 0.385265 0.0238689 0.0311176
0 0.360181 0.483271 0.0287383 0.0451294
0 0.63145 0.612587 0.0280001 0.0398412
0 0.316362 0.388119 0.0278693 0.0415588
0 0.791178 0.249409 0.0243889 0.0361856
0 0.21559 0.513069 0.0272596 0.0356108
0 0.901587 0.464551 0.0270634 0.0382884
0 0.921763 0.269487 0.0252398 0.0363019
0 0.735777 0.312793 0.0259791 0.033188
0 0.638241 0.0331913 0.0286386 0.0439183
0 0.122123 0.198785 0.0266929 0.0382825
0 0.688951 0.249892 0.0263676 0.0378028
0 0.65246 0.349104 0.0282486 0.0400384
0 0.842875 0.485119 0.0273222 0.0390595
0 0.241386 0.289077 0.0283216 0.0402915
0 0.82587 0.221271 0.026453 0.0388104
0 0.609129 0.438577 0.023846 0.0335361
0 0.167773 0.484546 0.0296001 0.0383492
0 0.622041 0.699766 0.0257841 0.0360302
0 0.97534 0.798805 0.0287903 0.0412603
0 0.196945 0.18554 0.0280952 0.0414016
0 0.772566 0.404287 0.0242245 0.0367399
0 0.272433 0.238954 0.0267004 0.0369325
0 0.653551 0.336104 0.0283424 0.0385396
0 0.491088 0.281734 0.0245739 0.0350007
0 0.16722 0.0947112 0.0237228 0.0359024
0 0.701057 0.28051 0.0277977 0.03935
0 0.778639 0.29054 0.0251184 0.0354595
