0 0.336839 0.150074 0.0815389 0.116306
0 0.372413 0.385937 0.0920101 0.125747
0 0.504239 0.407604 0.0793776 0.108539
0 0.770487 0.635127 0.111217 0.137598
0 0.181334 0.515669 0.0776464 0.119086
0 0.573491 0.25323 0.0711344 0.103444
0 0.162181 0.160393 0.089812 0.127042
0 0.827232 0.526299 0.0992695 0.114886
0 0.141499 0.349941 0.089784 0.114799
0 0.672968 0.745059 0.116986 0.151769
0 0.441127 0.303321 0.0769604 0.117969
0 0.675069 0.425657 0.0966344 0.136566
0 0.788506 0.0803594 0.0738941 0.0879264
0 0.825959 0.358559 0.0784674 0.105464
0 0.964061 0.114423 0.0718779 0.0964515
0 0.828785 0.898632 0.149737 0.141687
0 0.885172 0.251226 0.101808 0.123656
0 0.569514 0.571888 0.0948406 0.13774
0 0.949919 0.716264 0.0525536 0.116775
0 0.769782 0.795078 0.110617 0.152741
0 0.350513 0.56016 0.0975714 0.129273
0 0.722643 0.327789 0.071084 0.0790848
0 0.843971 0.427235 0.0877346 0.0887182
0 0.352507 0.789611 0.112682 0.14408
0 0.475913 0.0318625 0.0686632 0.063725
0 0.226573 0.0343635 0.0758579 0.0686257
0 0.366987 0.0309501 0.0757065 0.0619001
0 0.734887 0.0968641 0.0672976 0.0956795
0 0.0344237 0.709441 0.0688473 0.132037
0 0.977708 0.542698 0.0431627 0.1282
0 0.0883925 0.0338162 0.0474553 0.0669557
0 0.982072 0.537702 0.034712 0.105845
0 0.0143758 0.48711 0.0287516 0.129111
0 0.069097 0.124256 0.0435043 0.0937663
