0 0.567706 0.379582 0.0719397 0.0889249
0 0.936472 0.763818 0.0957359 0.140757
0 0.450917 0.642152 0.0904097 0.108339
0 0.392831 0.337967 0.0797074 0.105789
0 0.323831 0.76439 0.087087 0.119833
0 0.197068 0.345907 0.0899234 0.126387
0 0.183106 0.547634 0.082629 0.107664
0 0.502813 0.718668 0.082826 0.110838
0 0.503971 0.343011 0.0813646 0.107865
0 0.443322 0.539317 0.071896 0.093795
0 0.467587 0.855832 0.113963 0.130597
0 0.563075 0.492603 0.0909265 0.101069
0 0.780673 0.727384 0.0943277 0.130561
0 0.68097 0.779002 0.0961818 0.141888
0 0.877653 0.689888 0.0840508 0.109716
0 0.525414 0.0927259 0.0507807 0.0716551
0 0.819484 0.289373 0.072039 0.0927413
0 0.303557 0.320829 0.0737077 0.102823
0 0.0932228 0.504534 0.0798725 0.105202
0 0.69305 0.651061 0.0866602 0.119505
0 0.258516 0.377317 0.0672608 0.0926743
0 0.481229 0.433895 0.0754353 0.105609
0 0.317348 0.103871 0.0659195 0.0902025
0 0.83279 0.551595 0.0738152 0.0917564
0 0.235544 0.209382 0.0664119 0.0858206
0 0.210578 0.836778 0.0991055 0.115354
0 0.725818 0.135114 0.0489153 0.0745872
0 0.751507 0.0647686 0.0566875 0.0645335
0 0.808274 0.443724 0.0633732 0.0853298
0 0.710056 0.299641 0.0674847 0.0758096
0 0.947062 0.28567 0.0573765 0.0888035
0 0.631077 0.330167 0.068943 0.0781855
0 0.063318 0.350598 0.0724576 0.0898697
0 0.326545 0.563587 0.0836599 0.110745
0 0.0457021 0.267929 0.0741533 0.0973023
0 0.496484 0.137443 0.0578291 0.0764926
0 0.401644 0.215381 0.0623066 0.0858402
0 0.624617 0.0961895 0.0600432 0.0810768
0 0.445631 0.469496 0.0764982 0.0848854
0 0.721878 0.222216 0.0578232 0.0786212
0 0.212675 0.078271 0.0556324 0.077919
0 0.474211 0.800631 0.0959822 0.111884
0 0.865934 0.478695 0.0625591 0.0707244
0 0.891847 0.216793 0.0649799 0.0760492
0 0.691545 0.246426 0.0436739 0.0544896
0 0.914835 0.342884 0.0607513 0.0861393
0 0.588862 0.106313 0.0466574 0.0744432
0 0.697565 0.119802 0.0435024 0.0625553
0 0.76007 0.55399 0.0655148 0.0961407
0 0.163731 0.116557 0.0634661 0.0875524
0 0.550285 0.199778 0.0487089 0.0647284
0 0.450893 0.29817 0.0617855 0.0856097
0 0.602083 0.44109 0.0640919 0.0707521
0 0.344866 0.366642 0.0509161 0.0713563
0 0.422536 0.0810821 0.0489318 0.0697381
0 0.798946 0.0262162 0.0539377 0.0524324
0 0.765762 0.121613 0.0518236 0.0682313
0 0.414726 0.138827 0.0626599 0.0729633
0 0.48686 0.257915 0.064348 0.0747264
0 0.118032 0.228068 0.0663071 0.0871648
0 0.484884 0.793466 0.0835857 0.107194
0 0.132203 0.323547 0.061484 0.0861491
0 0.100236 0.777121 0.0961264 0.116639
0 0.285293 0.500953 0.0711424 0.0741646
0 0.943674 0.113167 0.0300312 0.067636
0 0.866533 0.0307995 0.0514393 0.0578997
0 0.935129 0.174679 0.0526602 0.0659352
0 0.517123 0.192759 0.0546956 0.077002
0 0.617083 0.26884 0.0669269 0.0760911
0 0.407465 0.134466 0.0557199 0.0687019
0 0.0415209 0.466772 0.0681723 0.096463
0 0.372928 0.101354 0.0533115 0.0733345
0 0.722044 0.0633679 0.045035 0.0637619
0 0.245963 0.552492 0.065617 0.088706
0 0.121921 0.116206 0.0510111 0.0804637
0 0.954614 0.412733 0.0610674 0.0883396
0 0.894911 0.130798 0.0522127 0.0616148
0 0.36321 0.0335783 0.0445823 0.0503971
0 0.056905 0.134542 0.0498011 0.0692339
0 0.619361 0.252438 0.0684975 0.0943402
0 0.07649 0.18384 0.0521551 0.07747
0 0.622566 0.161118 0.0584896 0.0740353
