0 0.341365 0.576586 0.0408731 0.0529552
0 0.828448 0.818879 0.0443661 0.0582439
0 0.40458 0.416549 0.0334477 0.0430226
0 0.507524 0.392337 0.037569 0.0466329
0 0.846039 0.761762 0.0393547 0.0510852
0 0.61467 0.258547 0.0361827 0.0489112
0 0.460319 0.596289 0.0395748 0.0496445
0 0.495995 0.316088 0.0361252 0.0405499
0 0.347063 0.882909 0.0360375 0.0471739
0 0.505634 0.818817 0.0326351 0.0420912
0 0.719574 0.33208 0.0390426 0.0486207
0 0.574982 0.449872 0.0352303 0.0427153
0 0.705586 0.499461 0.0376694 0.0464393
0 0.476558 0.121561 0.033349 0.0429196
0 0.391476 0.13741 0.0319535 0.0404654
0 0.845836 0.41909 0.0383534 0.0485625
0 0.400797 0.595399 0.0367185 0.0469887
0 0.0983091 0.191408 0.0372053 0.0443812
0 0.285286 0.210029 0.03474 0.0457386
0 0.721967 0.696171 0.0340931 0.04511
0 0.573215 0.342339 0.0354805 0.0460263
0 0.263156 0.873013 0.0351869 0.0466356
0 0.48815 0.0502172 0.0367295 0.0475566
0 0.26262 0.364715 0.0426308 0.0508365
0 0.594014 0.509946 0.0361866 0.0428286
0 0.242998 0.224542 0.0314256 0.0401764
0 0.865044 0.831032 0.042004 0.0531775
0 0.761676 0.318085 0.0353119 0.0459789
0 0.150476 0.388635 0.0340923 0.04377
0 0.549515 0.257068 0.0356103 0.0448724
0 0.671792 0.16092 0.0321579 0.0404516
0 0.897289 0.401305 0.0362785 0.0460043
0 0.524236 0.644492 0.0348679 0.0445977
0 0.493223 0.579026 0.0351851 0.0471586
0 0.432119 0.230632 0.0403826 0.0475256
0 0.554864 0.511274 0.033947 0.0445215
0 0.179778 0.7364 0.0366017 0.0487333
0 0.0531664 0.815185 0.033904 0.051741
0 0.632713 0.180383 0.0337487 0.0459664
0 0.606738 0.57507 0.038171 0.0479816
0 0.425444 0.802568 0.0331089 0.0431865
0 0.297553 0.72905 0.0329613 0.0435843
0 0.734104 0.622506 0.0344437 0.044298
0 0.80635 0.750146 0.0357578 0.0477428
0 0.333329 0.207124 0.0356189 0.0419055
0 0.159047 0.227955 0.0379525 0.0478087
0 0.125924 0.30022 0.0351262 0.0473465
0 0.834303 0.266956 0.0350073 0.0448391
0 0.593796 0.710652 0.0307293 0.0405691
0 0.674798 0.34283 0.0349325 0.0434234
0 0.461979 0.513064 0.0381247 0.0513302
0 0.164366 0.806274 0.0354783 0.0497414
0 0.197315 0.221604 0.0348345 0.0430221
0 0.0541886 0.695016 0.0329935 0.0446702
0 0.683731 0.242278 0.0344077 0.0474676
0 0.343078 0.803511 0.0347043 0.0434998
0 0.141437 0.672966 0.0353257 0.0451344
0 0.710603 0.761545 0.0348536 0.0467199
0 0.368456 0.205414 0.034614 0.0453788
0 0.709873 0.240821 0.0327469 0.0436963
0 0.204245 0.876934 0.0379694 0.0465908
0 0.571076 0.177886 0.0364449 0.0454876
0 0.536388 0.05216 0.0331017 0.0449165
0 0.558237 0.110515 0.0336256 0.044906
0 0.832585 0.0690515 0.0380768 0.051343
0 0.219013 0.810147 0.0377255 0.0484146
0 0.188127 0.380605 0.0356515 0.0429626
0 0.384579 0.329558 0.0354573 0.0409613
0 0.554619 0.872018 0.03487 0.0469021
0 0.79742 0.323101 0.0349283 0.0433669
0 0.47475 0.453832 0.0352182 0.0459052
0 0.756321 0.767909 0.0397795 0.0498981
0 0.0963401 0.688734 0.0363274 0.0478125
0 0.270268 0.480173 0.0356074 0.0461851
0 0.950296 0.590009 0.0355515 0.0484233
0 0.145218 0.849635 0.0393081 0.0470203
0 0.161414 0.299047 0.0334691 0.044188
0 0.512093 0.7099 0.0289875 0.039702
0 0.319837 0.293035 0.0351742 0.0462144
0 0.750759 0.491799 0.0340883 0.0427471
0 0.316319 0.42352 0.039187 0.0511184
0 0.026877 0.469593 0.0398219 0.0486719
0 0.596247 0.636356 0.0343668 0.0434837
0 0.64184 0.823443 0.0356469 0.0469009
0 0.483182 0.772323 0.0350565 0.0452738
0 0.21691 0.308379 0.0349187 0.0441044
0 0.782458 0.0219118 0.0355809 0.0437743
0 0.0210286 0.332795 0.0349848 0.0427302
0 0.889997 0.602877 0.0352488 0.0455402
0 0.0583365 0.629072 0.0336589 0.0454321
0 0.514199 0.257087 0.0318916 0.042027
0 0.0752212 0.494598 0.0342641 0.0460728
0 0.0317099 0.120392 0.032648 0.0422278
0 0.246497 0.298457 0.0296601 0.0399274
0 0.837162 0.490037 0.0330074 0.0405924
0 0.676713 0.575457 0.0377645 0.0483131
0 0.103719 0.453276 0.0348547 0.0414806
0 0.506943 0.510584 0.0335587 0.0468952
0 0.765131 0.62595 0.0348724 0.0446093
0 0.465369 0.327305 0.0332331 0.0390394
0 0.381556 0.827699 0.0312531 0.0393005
0 0.186863 0.500782 0.0339998 0.0421074
0 0.0577781 0.331559 0.0340987 0.0428185
0 0.100504 0.62667 0.0316806 0.0430932
0 0.682365 0.687567 0.0362522 0.0488313
0 0.396085 0.465112 0.0339523 0.0435368
0 0.709146 0.811955 0.0346605 0.0455446
0 0.598582 0.0942174 0.0355364 0.0453118
0 0.969268 0.775134 0.0422632 0.053146
0 0.641393 0.566797 0.032515 0.0412818
0 0.28229 0.149406 0.0365694 0.0438786
0 0.541465 0.582044 0.0332666 0.0410081
0 0.323184 0.138717 0.0330968 0.0418134
0 0.624371 0.762978 0.0320387 0.0417203
0 0.194964 0.546672 0.0319305 0.0404756
0 0.764194 0.151088 0.0333693 0.0429447
0 0.100022 0.111085 0.0310049 0.0378333
0 0.102535 0.394648 0.0386495 0.045527
0 0.241846 0.696222 0.031514 0.0386032
0 0.307869 0.920585 0.0372648 0.0378935
0 0.217635 0.560584 0.0351202 0.0469992
0 0.252932 0.552028 0.0364619 0.0473003
0 0.589957 0.0278704 0.0345151 0.0459164
0 0.0674701 0.755072 0.0345536 0.0467638
0 0.902519 0.753455 0.0393658 0.049262
0 0.887327 0.124826 0.0342461 0.0449919
0 0.344957 0.340764 0.0310979 0.0387088
0 0.7807 0.0689008 0.0376064 0.048655
0 0.932325 0.552176 0.0347321 0.0421336
0 0.398147 0.854676 0.034547 0.0456862
0 0.533627 0.762768 0.0355096 0.0444348
0 0.2933 0.29432 0.0337706 0.0453085
0 0.907944 0.808528 0.0337044 0.0372334
0 0.915312 0.615246 0.0382248 0.0489359
0 0.788748 0.497406 0.0330529 0.0379991
0 0.310363 0.484938 0.0364173 0.046823
0 0.660746 0.501003 0.0374845 0.0466295
0 0.344072 0.731759 0.0327048 0.0429169
0 0.632918 0.707201 0.0325621 0.0420666
0 0.825052 0.154889 0.0370888 0.0500962
0 0.814929 0.677896 0.0322144 0.0430174
0 0.476835 0.716246 0.0304585 0.0392872
0 0.986148 0.53515 0.0277031 0.0456074
0 0.0471783 0.244842 0.0329462 0.0398813
0 0.36506 0.46367 0.0332811 0.0465187
0 0.305931 0.673224 0.0326535 0.0433492
0 0.208989 0.686706 0.0348116 0.0461411
0 0.150974 0.487802 0.0346685 0.0459268
0 0.32325 0.783926 0.0298516 0.0398026
0 0.610451 0.32426 0.0382854 0.0509014
0 0.582274 0.79389 0.035593 0.0439998
0 0.448365 0.148526 0.0307249 0.0418519
0 0.210996 0.0820267 0.0304336 0.0411885
0 0.876134 0.245791 0.0340225 0.0475078
0 0.370137 0.519655 0.0364346 0.0502985
0 0.621247 0.628749 0.0322348 0.0401986
0 0.448125 0.562378 0.0322256 0.0341619
0 0.826252 0.64753 0.0334095 0.0410591
0 0.95031 0.743755 0.0358204 0.0407948
0 0.171014 0.165335 0.0354067 0.0456571
0 0.189643 0.430592 0.0351777 0.0458048
0 0.390085 0.716002 0.02955 0.0411783
0 0.282082 0.54842 0.0341424 0.0434738
0 0.27258 0.80685 0.0298002 0.0384384
0 0.75234 0.556348 0.0359039 0.0441252
0 0.77486 0.685494 0.033066 0.0425293
0 0.702517 0.625057 0.0319888 0.0403738
0 0.285532 0.45059 0.0361734 0.0467409
0 0.921014 0.607875 0.0376556 0.0495432
0 0.428165 0.723755 0.0316353 0.0387268
0 0.624045 0.0296235 0.038201 0.05042
0 0.951323 0.824146 0.039399 0.0470242
0 0.499863 0.147378 0.035561 0.0486015
0 0.184648 0.677473 0.032958 0.042043
0 0.740726 0.405827 0.0315889 0.0375013
0 0.938667 0.23163 0.0337088 0.048438
0 0.653089 0.328997 0.0308321 0.0393913
0 0.147544 0.578629 0.0366358 0.0414022
0 0.836283 0.687817 0.0370449 0.0443792
0 0.617646 0.665725 0.0299493 0.0408912
0 0.881618 0.717429 0.0392189 0.0439319
0 0.384999 0.27175 0.0353659 0.0440794
0 0.649022 0.62772 0.03353 0.0422305
0 0.957725 0.243021 0.0251591 0.04995
0 0.987343 0.650933 0.0253145 0.0485445
0 0.0615895 0.381404 0.0337859 0.0435709
0 0.390975 0.707259 0.0300797 0.0398558
0 0.774034 0.447218 0.0317552 0.0417832
0 0.549623 0.700413 0.0311077 0.0385659
