0 0.842329 0.817255 0.027408 0.0457346
0 0.886402 0.813652 0.0268 0.0471949
0 0.269276 0.859759 0.02627 0.0523102
0 0.918253 0.848776 0.0255688 0.0497311
0 0.847921 0.887569 0.0300716 0.053661
0 0.973899 0.868862 0.0276894 0.0587229
0 0.275555 0.770083 0.0242593 0.0492817
0 0.198172 0.882261 0.0282624 0.055777
0 0.29697 0.828182 0.027042 0.0514147
0 0.449825 0.776069 0.0256973 0.0487469
0 0.268642 0.925834 0.0259863 0.0504066
0 0.546172 0.537124 0.0228526 0.0416903
0 0.737257 0.91176 0.0282651 0.0459969
0 0.813258 0.364395 0.0258354 0.0442932
0 0.667093 0.824623 0.0276789 0.0476597
0 0.49 0.134184 0.0271214 0.0444166
0 0.153903 0.954424 0.0287223 0.052314
0 0.793931 0.491771 0.0266512 0.0437349
0 0.907061 0.940477 0.0320265 0.055415
0 0.694184 0.897264 0.0272484 0.0502342
0 0.634739 0.41769 0.0232428 0.0434486
0 0.378241 0.600425 0.0225315 0.0399132
0 0.641823 0.807533 0.0269426 0.0475197
0 0.154143 0.538739 0.021992 0.0397432
0 0.186228 0.526233 0.0260925 0.0463854
0 0.653501 0.541954 0.0270037 0.0459196
0 0.347568 0.380575 0.0227311 0.0396286
0 0.714707 0.967802 0.0319983 0.0516861
0 0.0627657 0.267591 0.0247235 0.0397358
0 0.849697 0.582186 0.0265614 0.0424316
0 0.514675 0.436039 0.0261116 0.0437894
0 0.483789 0.539744 0.0222247 0.0420957
0 0.590973 0.616784 0.0241963 0.0401361
0 0.443827 0.288379 0.0221151 0.0414535
0 0.0953846 0.303322 0.025484 0.0420126
0 0.333591 0.971627 0.0315346 0.0434452
0 0.903282 0.412174 0.0239574 0.0388865
0 0.312041 0.344022 0.0253515 0.0454247
0 0.718435 0.252076 0.0207166 0.0358465
0 0.87372 0.560159 0.0260029 0.0413894
0 0.186705 0.251345 0.025327 0.039096
0 0.675026 0.884025 0.0264656 0.0492073
0 0.919237 0.48331 0.0252102 0.0423245
0 0.602813 0.45891 0.0237176 0.0411152
0 0.742556 0.825045 0.0264821 0.0468361
0 0.84006 0.0779769 0.023489 0.0383589
0 0.904658 0.536582 0.0252716 0.0426968
0 0.720078 0.483266 0.0246622 0.0389983
0 0.949 0.302922 0.0243361 0.0387753
0 0.886471 0.724532 0.024118 0.040202
0 0.458895 0.940109 0.0257345 0.053602
0 0.327111 0.404567 0.0222629 0.0418579
0 0.526037 0.102025 0.0247021 0.0407486
0 0.0396372 0.642613 0.0244352 0.0410818
0 0.983863 0.499921 0.0249004 0.0382925
0 0.259475 0.448114 0.0253841 0.0409862
0 0.306208 0.601173 0.0264668 0.0443539
0 0.385578 0.969571 0.0290428 0.0473541
0 0.474884 0.487876 0.0238867 0.0384025
0 0.763976 0.841395 0.0278137 0.0450529
0 0.611125 0.820534 0.0271777 0.0468021
0 0.758195 0.712737 0.024725 0.0422705
0 0.299587 0.490093 0.0265185 0.0465614
0 0.231764 0.219544 0.0210619 0.0355711
0 0.537109 0.350989 0.0238815 0.0402169
0 0.11548 0.354783 0.0233935 0.0441101
0 0.515615 0.508369 0.0235167 0.038368
0 0.916036 0.897146 0.0275629 0.0421072
0 0.238073 0.693335 0.0269106 0.047657
0 0.404085 0.650282 0.0222404 0.0382072
0 0.0457925 0.20861 0.0222204 0.0405529
0 0.390957 0.533395 0.0240561 0.0420765
0 0.546295 0.616351 0.0236032 0.0391474
0 0.30864 0.915713 0.0271952 0.0517918
0 0.547686 0.666204 0.0222273 0.042284
0 0.908395 0.620885 0.0256952 0.0405931
0 0.332893 0.308547 0.0225962 0.0426846
0 0.842054 0.770181 0.0268196 0.0407744
0 0.832284 0.43568 0.0234379 0.0366773
0 0.0869163 0.369773 0.0255679 0.04386
0 0.972819 0.77186 0.0293762 0.0514477
0 0.716798 0.528382 0.0259025 0.0427427
0 0.37615 0.892624 0.0281408 0.0546364
0 0.119583 0.835029 0.0275119 0.0456921
0 0.260427 0.579957 0.0260772 0.0452358
0 0.749688 0.267675 0.0224404 0.0378166
0 0.159223 0.824062 0.0300422 0.0534266
0 0.939319 0.851325 0.0207647 0.0459957
0 0.902886 0.30799 0.0244152 0.0375763
0 0.0614686 0.822811 0.0256762 0.0449497
0 0.673447 0.289212 0.0224217 0.0367705
0 0.536874 0.732767 0.0251395 0.043168
0 0.717545 0.392904 0.0249624 0.0407938
0 0.422199 0.416684 0.0248117 0.0422271
0 0.23973 0.475005 0.0253243 0.0438437
0 0.328733 0.516936 0.0276715 0.046789
0 0.308667 0.728147 0.02609 0.0460065
0 0.180942 0.635574 0.0263471 0.0487808
0 0.977046 0.265168 0.0243385 0.0395133
0 0.645129 0.952989 0.0293039 0.0494934
0 0.910272 0.751469 0.0262154 0.0428535
0 0.701806 0.140214 0.0253185 0.0425221
0 0.681193 0.590374 0.0246814 0.041796
0 0.0661916 0.425343 0.0238686 0.0442732
0 0.0388457 0.869564 0.0268704 0.0431873
0 0.190784 0.0418451 0.0209077 0.0360383
0 0.56993 0.680936 0.0258586 0.0457594
0 0.639999 0.729459 0.0258496 0.041095
0 0.622693 0.77384 0.0240971 0.0419859
0 0.515939 0.767055 0.0267879 0.0490994
0 0.971048 0.379539 0.0245672 0.0450932
0 0.119275 0.406976 0.0225787 0.0425689
0 0.101621 0.875133 0.0276189 0.0481588
0 0.120632 0.791919 0.0264244 0.0400803
0 0.557186 0.469985 0.0205029 0.0392618
0 0.566667 0.978512 0.0314537 0.0427979
0 0.890525 0.77346 0.029034 0.0326704
0 0.228871 0.640591 0.0260275 0.0416856
0 0.810685 0.742936 0.0276159 0.0462624
0 0.681088 0.263171 0.0223564 0.034845
0 0.969524 0.968528 0.0303761 0.0580265
0 0.644064 0.641467 0.0254557 0.0419465
0 0.735344 0.308369 0.0225286 0.0352269
0 0.638048 0.881218 0.0249302 0.0492556
0 0.110696 0.712789 0.0228869 0.0446955
0 0.16136 0.240062 0.0242196 0.0411874
0 0.332605 0.469909 0.025143 0.041717
0 0.950973 0.385073 0.0251459 0.0434063
0 0.914312 0.120501 0.0245171 0.0418123
0 0.388779 0.685236 0.0250373 0.0461948
0 0.558976 0.322864 0.0222557 0.0402522
0 0.356403 0.208068 0.0198653 0.0320804
0 0.84059 0.542637 0.0248941 0.0387128
0 0.972362 0.575095 0.0244938 0.0420017
0 0.514685 0.684332 0.0237515 0.042097
0 0.408479 0.380199 0.0223976 0.0348684
0 0.363236 0.312369 0.0229152 0.0393622
0 0.553461 0.579397 0.0221313 0.0392956
0 0.962579 0.713233 0.0249733 0.0425926
0 0.216158 0.411137 0.0221303 0.0367613
0 0.153325 0.896273 0.0292952 0.0517969
0 0.210858 0.447503 0.0244944 0.0407397
0 0.897205 0.183973 0.0225998 0.0399189
0 0.586165 0.412875 0.0228057 0.0445114
0 0.367877 0.132417 0.0211678 0.0345011
0 0.782779 0.964015 0.0328499 0.0518642
0 0.288496 0.695659 0.0224285 0.0468443
0 0.387752 0.500977 0.0215431 0.0323784
0 0.982049 0.123083 0.0220762 0.0327978
0 0.882104 0.453158 0.0264648 0.0399996
0 0.835531 0.328376 0.0246784 0.0403188
0 0.690467 0.844494 0.0284773 0.0417267
0 0.460938 0.347011 0.0236129 0.03795
0 0.286765 0.573822 0.023912 0.0392586
0 0.725009 0.718821 0.0257594 0.0399773
0 0.108398 0.187698 0.0237613 0.0427013
0 0.569192 0.512038 0.0226864 0.0413731
0 0.665112 0.245161 0.0208981 0.0359165
0 0.134035 0.297594 0.022277 0.0351132
0 0.597337 0.351621 0.0248802 0.0423189
0 0.607964 0.591604 0.0223255 0.0410316
0 0.598813 0.902386 0.0256077 0.0497833
0 0.0129286 0.958486 0.0258572 0.0390347
0 0.288525 0.40621 0.0234985 0.037375
0 0.384084 0.136744 0.02061 0.0328969
0 0.858712 0.660285 0.0253078 0.0418462
0 0.837662 0.179066 0.0223776 0.0401298
0 0.447016 0.718837 0.0244955 0.0415451
0 0.161205 0.753582 0.0286557 0.0486314
0 0.24743 0.103271 0.0205673 0.0352457
0 0.773714 0.804057 0.0279516 0.0409619
0 0.351018 0.239073 0.0208567 0.0349511
0 0.385291 0.178256 0.0202568 0.0344815
0 0.941332 0.649366 0.0256964 0.0428711
0 0.0962351 0.414132 0.0218298 0.0373647
0 0.0172818 0.445037 0.0217492 0.0376556
0 0.139902 0.267304 0.0225852 0.0355803
0 0.944464 0.185484 0.0222361 0.0382009
0 0.992545 0.21035 0.0149101 0.0383508
0 0.920085 0.575936 0.0256313 0.0389721
0 0.706483 0.302566 0.0206017 0.0306534
0 0.648816 0.117526 0.023038 0.0403612
0 0.779938 0.237662 0.023106 0.034722
0 0.229855 0.907764 0.0272066 0.0499554
0 0.0231476 0.197394 0.0234765 0.0397652
0 0.356446 0.674918 0.0215665 0.0407047
0 0.0195815 0.381584 0.023285 0.0402381
0 0.363685 0.572658 0.0231702 0.0433304
0 0.891646 0.348957 0.0243973 0.0388783
0 0.201991 0.708589 0.0246869 0.0424812
0 0.685611 0.348769 0.023259 0.040811
0 0.247793 0.822044 0.0281894 0.0527649
0 0.723971 0.343075 0.0228784 0.0406513
0 0.718999 0.108689 0.0216764 0.0387355
0 0.43971 0.176014 0.0246674 0.0425386
0 0.262769 0.362202 0.0222423 0.0345039
0 0.611058 0.266664 0.0246542 0.0401836
0 0.953421 0.427354 0.0233629 0.0397562
0 0.853937 0.505293 0.0264126 0.0426846
0 0.203845 0.194521 0.022278 0.0376902
0 0.0708729 0.614522 0.0233586 0.0416738
0 0.229737 0.787571 0.0247014 0.0473322
0 0.0954979 0.487531 0.0236184 0.0402319
0 0.61728 0.890324 0.0237577 0.0425474
0 0.707765 0.798398 0.0280386 0.0467269
0 0.836774 0.480323 0.0250656 0.0376459
0 0.563084 0.775513 0.0251816 0.0404768
0 0.956124 0.525901 0.0263201 0.036235
0 0.937418 0.437411 0.0233246 0.037214
0 0.437581 0.948096 0.0255713 0.0514008
0 0.688019 0.459052 0.0236467 0.0442228
0 0.869062 0.279564 0.0242142 0.0431519
0 0.620503 0.122299 0.0239321 0.0396629
0 0.524056 0.624369 0.0217793 0.0375553
0 0.856161 0.182881 0.0215454 0.0407703
0 0.532188 0.649806 0.0207617 0.0422415
0 0.616483 0.503224 0.0271466 0.0439156
0 0.257691 0.165556 0.0212193 0.0390261
0 0.137779 0.618201 0.0275037 0.0450983
0 0.296961 0.179652 0.0215194 0.0384832
0 0.360278 0.827778 0.0247283 0.0498711
0 0.928327 0.178046 0.0214245 0.0385036
0 0.0664807 0.557054 0.0237239 0.043351
0 0.07185 0.22717 0.0213017 0.0377902
0 0.140315 0.650989 0.0264933 0.0469584
0 0.742458 0.75689 0.0252962 0.0430843
0 0.497382 0.86934 0.0311129 0.0479569
0 0.805052 0.151618 0.0205563 0.0345707
0 0.226926 0.586276 0.0248828 0.0407
0 0.0858568 0.770141 0.0269057 0.0488828
0 0.238237 0.969142 0.0368896 0.0429163
0 0.574202 0.338028 0.0220841 0.0363244
0 0.679263 0.658879 0.0232278 0.0373455
0 0.91657 0.436583 0.0228485 0.0395552
0 0.291896 0.142676 0.0213787 0.0344482
0 0.377545 0.827061 0.0252941 0.0455341
0 0.533429 0.400583 0.0227428 0.041498
0 0.79637 0.34371 0.020879 0.0408471
0 0.469645 0.301929 0.0209435 0.0363963
0 0.0531743 0.699838 0.0254796 0.046714
0 0.125036 0.515759 0.02318 0.0405678
0 0.82176 0.226387 0.0254482 0.0419967
0 0.806046 0.449141 0.0246717 0.0392189
0 0.884218 0.180889 0.0183964 0.0372302
0 0.568465 0.295571 0.0214043 0.0369224
0 0.455407 0.43624 0.0248146 0.0438313
0 0.917574 0.371992 0.0219625 0.0381301
0 0.707573 0.348403 0.0223787 0.0391644
0 0.248318 0.13896 0.0223269 0.0343712
0 0.467628 0.620746 0.0249248 0.0459571
0 0.130336 0.560039 0.0244063 0.04566
0 0.258765 0.391412 0.0226895 0.0382505
0 0.185369 0.343444 0.0224927 0.0402358
0 0.983574 0.67942 0.0165825 0.0425224
0 0.56679 0.149661 0.0233776 0.0384529
0 0.415594 0.321225 0.0235905 0.0376306
0 0.20203 0.574607 0.0260731 0.0439598
0 0.291006 0.443542 0.0242547 0.0386894
0 0.421297 0.632005 0.0234664 0.0404769
0 0.85786 0.176084 0.0222109 0.0387403
0 0.83701 0.640571 0.0242394 0.0407244
0 0.783531 0.274433 0.0230071 0.0397485
0 0.0620594 0.783076 0.027693 0.043305
0 0.495591 0.738068 0.0257266 0.0444775
0 0.931866 0.213809 0.0203148 0.0339362
0 0.347129 0.173528 0.0224536 0.0374271
0 0.151658 0.500961 0.0222503 0.0373366
0 0.493335 0.660541 0.0237105 0.0412268
0 0.167763 0.406961 0.024287 0.040692
0 0.410433 0.245542 0.0200687 0.0357251
0 0.397639 0.79963 0.0255394 0.0486307
0 0.489868 0.907012 0.0292351 0.0514788
0 0.880799 0.689863 0.022118 0.0349115
0 0.658195 0.989995 0.027713 0.0200102
0 0.394749 0.24845 0.0216483 0.0378181
0 0.555253 0.837686 0.0270041 0.0447426
0 0.5964 0.792793 0.0241484 0.0477994
0 0.269257 0.525719 0.0230318 0.040428
0 0.114398 0.452479 0.021721 0.0357897
0 0.48392 0.697816 0.0241456 0.0414356
0 0.202607 0.288784 0.0233661 0.034454
0 0.732743 0.275379 0.0205671 0.0332058
0 0.129891 0.184235 0.0216627 0.0381601
0 0.322791 0.270487 0.0212391 0.0351952
0 0.678272 0.413203 0.0238003 0.0416772
0 0.80511 0.704312 0.0251474 0.0335073
0 0.845659 0.25168 0.0227085 0.0347504
0 0.511343 0.543862 0.0209816 0.0358551
0 0.248426 0.522288 0.0238719 0.041524
0 0.00629239 0.603479 0.0125848 0.0467519
0 0.447402 0.686294 0.0235693 0.0361025
0 0.192664 0.114364 0.025323 0.0451971
0 0.830245 0.924632 0.0263813 0.0438173
0 0.403585 0.219003 0.0194899 0.0336546
0 0.0345872 0.34341 0.025727 0.0416885
0 0.0364885 0.551153 0.0233375 0.0387337
0 0.283178 0.359793 0.0225466 0.037096
0 0.0386638 0.297142 0.0257438 0.0398954
0 0.57745 0.55682 0.0231108 0.0407188
0 0.530058 0.300302 0.0247924 0.044527
