0 0.838945 0.49623 0.0379261 0.0530251
0 0.771295 0.469619 0.031588 0.0477074
0 0.160224 0.632498 0.0341755 0.045644
0 0.539432 0.564394 0.0359688 0.0529271
0 0.0995433 0.649941 0.0378901 0.0479839
0 0.803249 0.589796 0.0370466 0.0503675
0 0.863227 0.584528 0.0444874 0.0631434
0 0.874698 0.436167 0.0312614 0.0446232
0 0.55211 0.251146 0.030292 0.0461653
0 0.229846 0.633403 0.0350773 0.0465701
0 0.516604 0.26095 0.0300105 0.044419
0 0.807959 0.442457 0.0297571 0.0415937
0 0.184188 0.55579 0.0347317 0.0472154
0 0.648621 0.545626 0.030813 0.0402952
0 0.251193 0.71813 0.0377276 0.0521565
0 0.0820148 0.739246 0.0416909 0.058783
0 0.338666 0.456603 0.0401676 0.0534365
0 0.90595 0.477353 0.0337032 0.0481756
0 0.652478 0.634311 0.0341932 0.0480661
0 0.579711 0.631854 0.0391499 0.0576357
0 0.204643 0.699406 0.0395753 0.0532934
0 0.119515 0.563637 0.0329816 0.0465841
0 0.237031 0.371046 0.0336655 0.0462478
0 0.537643 0.19949 0.0272208 0.0369233
0 0.0227543 0.299518 0.0301617 0.0411785
0 0.194192 0.271025 0.0305336 0.0411461
0 0.849338 0.238298 0.0321621 0.0428516
0 0.930652 0.556189 0.0358814 0.050359
0 0.573603 0.477329 0.0362375 0.0552032
0 0.625697 0.283194 0.0286717 0.0406637
0 0.16846 0.419127 0.0318426 0.0427676
0 0.792176 0.182084 0.0316939 0.0423276
0 0.182205 0.366266 0.0343884 0.0462971
0 0.0611532 0.505954 0.0327349 0.0471186
0 0.405166 0.592869 0.0345938 0.0503071
0 0.0136243 0.348564 0.0272486 0.0436516
0 0.465653 0.262227 0.0339008 0.0466227
0 0.150871 0.190921 0.0288623 0.039838
0 0.246344 0.299012 0.0337941 0.0470138
0 0.606686 0.0515285 0.0272003 0.0386984
0 0.740876 0.0601321 0.0298167 0.0426426
0 0.0471036 0.403274 0.0329082 0.0425139
0 0.252852 0.213055 0.0312437 0.0443274
0 0.262399 0.0863377 0.0273861 0.0387076
0 0.275119 0.692409 0.0375411 0.0523031
0 0.975915 0.396786 0.033614 0.0520567
0 0.827405 0.0898806 0.0301352 0.0406822
0 0.841014 0.173855 0.0318592 0.0451437
0 0.277667 0.300982 0.0303199 0.0409039
0 0.758824 0.108334 0.0304091 0.0445364
0 0.730754 0.251763 0.0297795 0.0412688
0 0.913992 0.102645 0.0297848 0.0450388
0 0.580828 0.301344 0.028068 0.0422006
0 0.700421 0.0782916 0.0286499 0.0393227
0 0.108963 0.281934 0.0314853 0.0456249
0 0.746661 0.386651 0.0373338 0.0526253
0 0.546652 0.492867 0.0365616 0.0537584
0 0.589667 0.24476 0.0279711 0.040094
0 0.679367 0.34843 0.0403984 0.0586032
0 0.375436 0.152872 0.0283465 0.0394363
0 0.0988712 0.153756 0.0293647 0.0425231
0 0.602461 0.549833 0.0359303 0.0501921
0 0.585033 0.198555 0.0258516 0.035925
0 0.377157 0.110746 0.0273602 0.0363342
0 0.977111 0.499147 0.039711 0.0555555
0 0.0152109 0.474046 0.0304217 0.0467831
0 0.900415 0.243197 0.0307365 0.0406637
0 0.407393 0.104276 0.0279447 0.0383975
0 0.0792595 0.344634 0.0326316 0.0441429
0 0.126016 0.721454 0.0366463 0.0557368
0 0.0167989 0.249141 0.031073 0.0428202
0 0.280187 0.124337 0.0276869 0.0363494
0 0.44282 0.140267 0.0281744 0.0383094
0 0.427951 0.271689 0.0300564 0.0417911
0 0.521953 0.491997 0.036292 0.0517883
0 0.0675543 0.584586 0.0351733 0.0480907
0 0.283154 0.621585 0.0348152 0.0455593
0 0.728835 0.151095 0.0281788 0.0394611
0 0.638254 0.22592 0.0273922 0.0378583
0 0.335279 0.344056 0.0309023 0.0442452
0 0.122928 0.510305 0.0310027 0.0421938
0 0.121927 0.229129 0.0310006 0.0461952
0 0.45622 0.0951063 0.0284988 0.0378017
0 0.510164 0.0246579 0.027438 0.0377873
0 0.248426 0.452069 0.0320177 0.045908
0 0.627956 0.469636 0.03645 0.0480116
0 0.48675 0.326737 0.027187 0.0401221
0 0.253135 0.547718 0.0343067 0.0456937
0 0.907238 0.211469 0.0326372 0.0412115
0 0.269853 0.264608 0.0282655 0.0372772
0 0.671452 0.137371 0.0278814 0.0364568
0 0.538349 0.0558939 0.0287352 0.0412585
0 0.685306 0.0421949 0.0289266 0.0400761
0 0.84582 0.128908 0.0325336 0.0458438
0 0.687095 0.173338 0.0303427 0.0430643
0 0.395277 0.225223 0.0305281 0.0420908
0 0.893223 0.404381 0.0307627 0.0451048
0 0.344136 0.151769 0.0281945 0.0413339
0 0.305549 0.157085 0.0256862 0.0358455
0 0.72815 0.203156 0.0290379 0.0390344
0 0.0652626 0.28386 0.0306459 0.042117
0 0.821508 0.0405221 0.02766 0.0414357
0 0.322126 0.68603 0.032275 0.0458989
0 0.245438 0.0542034 0.0234848 0.0250895
0 0.617434 0.638561 0.0515785 0.0679544
0 0.0636323 0.232785 0.0296226 0.0416711
0 0.784888 0.145484 0.0298957 0.0403937
0 0.234986 0.262419 0.0290033 0.0380637
0 0.697761 0.268501 0.0329622 0.0432732
0 0.632991 0.0865206 0.0281939 0.0389247
0 0.0738913 0.411124 0.0329019 0.0479483
0 0.312805 0.0466343 0.0260714 0.0336669
0 0.553018 0.642978 0.0331397 0.0490695
0 0.168042 0.315524 0.0326489 0.0442294
0 0.00943603 0.405413 0.0188721 0.0486649
0 0.275038 0.165035 0.0269961 0.0361809
0 0.762451 0.0190872 0.028997 0.0377355
0 0.316311 0.0764715 0.0269104 0.0373644
0 0.144855 0.277399 0.0299163 0.0414945
0 0.874173 0.0576914 0.0290779 0.0424211
0 0.305459 0.190156 0.0271032 0.0348502
0 0.434082 0.59439 0.0366308 0.0560038
0 0.30265 0.692602 0.0282401 0.0429998
0 0.0705748 0.466502 0.0329837 0.045792
0 0.641699 0.185282 0.0282831 0.0379387
0 0.607255 0.0140915 0.0284494 0.028183
0 0.488026 0.0708361 0.028495 0.0386061
0 0.206532 0.0695761 0.0283964 0.0355044
0 0.384369 0.0633758 0.027244 0.0376522
0 0.0298358 0.597448 0.0383601 0.0506006
0 0.344026 0.097464 0.0265371 0.0378839
0 0.142545 0.713247 0.0317276 0.0497271
0 0.632968 0.149573 0.0300308 0.0386405
0 0.439751 0.01772 0.0276513 0.0324958
0 0.473202 0.150338 0.0228663 0.0286826
0 0.58826 0.103159 0.0291249 0.0384005
0 0.035341 0.127805 0.0301923 0.0410213
0 0.949174 0.250707 0.0262264 0.0459894
0 0.0112267 0.138597 0.0224534 0.0437734
0 0.698178 0.322509 0.0326857 0.0487065
0 0.077738 0.120377 0.0288353 0.0392049
0 0.488944 0.132936 0.0257775 0.0338582
0 0.460057 0.676032 0.0397997 0.0569888
0 0.438231 0.212239 0.0297123 0.0397627
0 0.252377 0.489191 0.0365025 0.0499032
0 0.899757 0.0523152 0.027619 0.0408766
0 0.086245 0.0878875 0.0261981 0.02607
0 0.563155 0.0165426 0.0275152 0.0329819
0 0.928899 0.239871 0.0335777 0.0456587
0 0.228286 0.121371 0.0284128 0.0365582
0 0.300667 0.382108 0.0327615 0.0443913
0 0.605905 0.162539 0.0265049 0.0365231
0 0.199231 0.180588 0.027533 0.0379713
0 0.923972 0.145355 0.0289173 0.0414375
0 0.286196 0.48361 0.0335189 0.043998
0 0.141464 0.122965 0.0286177 0.0368278
0 0.37102 0.33211 0.0335892 0.0474763
0 0.807551 0.374653 0.0345335 0.0511241
0 0.318356 0.121953 0.0263261 0.0346467
0 0.531724 0.646917 0.0350384 0.049813
0 0.793314 0.235555 0.0313597 0.0457363
0 0.155923 0.112465 0.027419 0.0377134
0 0.161419 0.480473 0.0332673 0.0486008
0 0.877612 0.238934 0.0303867 0.0438906
0 0.26875 0.424176 0.0302156 0.0448827
0 0.833192 0.269196 0.03078 0.0440286
0 0.107267 0.458141 0.0347812 0.0494675
0 0.886927 0.12097 0.0310463 0.0430728
0 0.155044 0.151288 0.0261941 0.0364347
0 0.137663 0.0837338 0.0251838 0.032294
0 0.576168 0.163626 0.0278278 0.0377153
0 0.182929 0.129462 0.0262573 0.0348373
0 0.829105 0.00720593 0.0251827 0.0143272
0 0.0244176 0.104302 0.0252562 0.0293996
0 0.0369777 0.676614 0.029776 0.0488723
0 0.364379 0.0353865 0.0287595 0.0368785
