0 0.737375 0.527134 0.0975887 0.155366
0 0.825026 0.7304 0.0984556 0.14135
0 0.50946 0.462322 0.0965535 0.135739
0 0.338002 0.225865 0.0943658 0.131198
0 0.89853 0.282152 0.0805698 0.127978
0 0.188525 0.20299 0.102297 0.115541
0 0.758499 0.225981 0.0816365 0.112645
0 0.0726962 0.417538 0.0936569 0.134615
0 0.872491 0.447492 0.0813515 0.118243
0 0.795031 0.0824171 0.0732954 0.109866
0 0.512039 0.815924 0.0968697 0.137209
0 0.634092 0.700711 0.112101 0.14245
0 0.477028 0.598139 0.0762085 0.10868
0 0.280049 0.531071 0.0776508 0.0905811
0 0.0492941 0.211985 0.0768066 0.146865
0 0.240367 0.603303 0.0855456 0.117424
0 0.635841 0.25655 0.0785021 0.105078
0 0.960617 0.614737 0.0767021 0.134642
0 0.0862207 0.604421 0.0729411 0.102081
0 0.642207 0.40314 0.0790363 0.121861
0 0.623472 0.0612163 0.100244 0.113158
0 0.375297 0.64915 0.118282 0.139154
0 0.319201 0.84036 0.118379 0.117189
0 0.0338798 0.748813 0.0677597 0.133388
0 0.972094 0.285084 0.0558123 0.115451
