0 0.724103 0.548029 0.0915296 0.121744
0 0.502838 0.787184 0.0676369 0.0890442
0 0.126241 0.111975 0.0580395 0.0903357
0 0.584894 0.664201 0.0698284 0.0942409
0 0.442035 0.485271 0.0705215 0.10151
0 0.641145 0.170282 0.0624588 0.0920163
0 0.128881 0.290706 0.0590814 0.0838351
0 0.0382532 0.114679 0.0516806 0.0752537
0 0.89333 0.550949 0.0836716 0.120958
0 0.278173 0.149223 0.0595238 0.0922951
0 0.171954 0.172608 0.0557154 0.0789508
0 0.658592 0.44875 0.0567998 0.0906736
0 0.386857 0.19115 0.0518169 0.0770451
0 0.727707 0.444129 0.0551387 0.0756504
0 0.375221 0.76891 0.0658412 0.0922785
0 0.0245589 0.285682 0.0491178 0.102236
0 0.594563 0.339134 0.0656878 0.0981826
0 0.275305 0.386002 0.0626717 0.0918263
0 0.203911 0.0728464 0.055478 0.0734732
0 0.155425 0.396433 0.0641537 0.1005
0 0.586623 0.0293641 0.0580233 0.0585731
0 0.545005 0.452032 0.0648306 0.087468
0 0.440181 0.159 0.0431356 0.0677592
0 0.838029 0.298589 0.0749653 0.103797
0 0.850931 0.198419 0.0578251 0.0790645
0 0.100766 0.69565 0.0610367 0.0873596
0 0.84228 0.660399 0.0746277 0.0889729
0 0.236423 0.909227 0.0629812 0.0579266
0 0.428561 0.888599 0.0845638 0.0583603
0 0.566392 0.247225 0.0513285 0.0687317
0 0.705288 0.257678 0.0600564 0.084962
0 0.45787 0.288807 0.0508404 0.0700019
0 0.693333 0.853387 0.0571384 0.0701019
0 0.220777 0.595792 0.0680929 0.096239
0 0.351254 0.898679 0.0685939 0.0552614
0 0.143119 0.92279 0.0626469 0.0529926
0 0.280117 0.0586599 0.0522526 0.0728859
0 0.0278249 0.44095 0.0555024 0.108803
0 0.945322 0.393471 0.0705364 0.0919515
0 0.360402 0.519791 0.0684504 0.0933067
0 0.838827 0.44375 0.0678707 0.0981899
0 0.249678 0.473133 0.0704452 0.0913248
0 0.0538516 0.223563 0.0612581 0.0910987
0 0.429228 0.024454 0.0499741 0.0398797
0 0.128651 0.568819 0.0532456 0.0723384
0 0.479277 0.361361 0.0631493 0.0880992
0 0.975315 0.44468 0.0481449 0.103759
0 0.339789 0.0682406 0.0542558 0.0916697
0 0.442689 0.387262 0.0586226 0.0803573
0 0.176964 0.664579 0.0645797 0.0944633
0 0.55897 0.776996 0.0619486 0.0918238
0 0.670873 0.671923 0.068829 0.0942587
0 0.103494 0.830659 0.0545226 0.0746182
0 0.0238618 0.548602 0.0425627 0.092889
0 0.0146514 0.205144 0.0293028 0.0873043
0 0.98041 0.593655 0.0391792 0.086649
