0 0.692457 0.367663 0.032011 0.0451921
0 0.629052 0.631643 0.0396601 0.0502991
0 0.464622 0.583367 0.0351787 0.0486961
0 0.0862446 0.703844 0.0394633 0.0542961
0 0.419065 0.412045 0.0317566 0.0421079
0 0.713218 0.573126 0.038018 0.0465443
0 0.76144 0.240117 0.0288263 0.0418154
0 0.358312 0.583837 0.0344428 0.0456615
0 0.450787 0.629219 0.0363787 0.049576
0 0.42788 0.363193 0.0309889 0.0442538
0 0.607772 0.12035 0.0234642 0.0372454
0 0.241066 0.606432 0.0341266 0.0460787
0 0.36873 0.387702 0.0305681 0.0441483
0 0.385108 0.931837 0.0362122 0.0464241
0 0.325257 0.336536 0.0311359 0.0446137
0 0.926109 0.431437 0.038287 0.0482971
0 0.113171 0.324411 0.0300836 0.0403815
0 0.908625 0.612866 0.0380058 0.052644
0 0.160502 0.316043 0.0326259 0.0450511
0 0.877487 0.69287 0.0364563 0.0468797
0 0.151243 0.121892 0.0323239 0.0435654
0 0.109463 0.819857 0.0400969 0.0517834
0 0.49877 0.067578 0.0308554 0.0459013
0 0.321185 0.385827 0.0312031 0.0453708
0 0.217025 0.705991 0.0374569 0.0501501
0 0.177706 0.355133 0.0303729 0.0400401
0 0.392015 0.981008 0.0422532 0.0379839
0 0.841537 0.601193 0.0339731 0.0464321
0 0.178082 0.892276 0.0342638 0.0458448
0 0.347406 0.665917 0.0343902 0.045743
0 0.773498 0.556969 0.0366103 0.0468925
0 0.416748 0.695522 0.0345654 0.0464005
0 0.926846 0.553801 0.0354076 0.0471546
0 0.0551497 0.703077 0.0357171 0.0515368
0 0.516798 0.372102 0.0305893 0.0438222
0 0.232096 0.0873069 0.032224 0.0458693
0 0.334217 0.148707 0.0281788 0.038152
0 0.662419 0.344097 0.0295433 0.0422516
0 0.442854 0.252666 0.0290297 0.0414685
0 0.381941 0.178036 0.0274529 0.0415102
0 0.255996 0.231552 0.0264182 0.0375036
0 0.315891 0.720606 0.0340517 0.0462028
0 0.609738 0.312601 0.0270324 0.037602
0 0.395705 0.536817 0.0334248 0.0452702
0 0.671288 0.134221 0.0289413 0.0416296
0 0.311353 0.575412 0.0311747 0.0418859
0 0.735023 0.306808 0.0327753 0.0437277
0 0.0896473 0.508741 0.0341262 0.0460402
0 0.688125 0.271221 0.029693 0.0434941
0 0.856954 0.221151 0.0290443 0.0382051
0 0.0956177 0.900916 0.0330283 0.0409941
0 0.982822 0.832821 0.0343552 0.0513355
0 0.152005 0.871624 0.033126 0.0415894
0 0.769119 0.901537 0.0331003 0.0431656
0 0.266378 0.404839 0.0298345 0.0414302
0 0.824301 0.147607 0.0285664 0.0398536
0 0.0254857 0.356014 0.0334485 0.0436166
0 0.575885 0.261039 0.0280022 0.0432822
0 0.0505917 0.383524 0.0324125 0.0421416
0 0.535262 0.519435 0.0354363 0.0493624
0 0.470391 0.339794 0.0301954 0.0458691
0 0.348944 0.503954 0.0330428 0.0467724
0 0.306365 0.288673 0.0324472 0.0473038
0 0.127417 0.153002 0.0318251 0.0420918
0 0.761263 0.854083 0.0396194 0.0476936
0 0.22947 0.352806 0.0334176 0.0447924
0 0.880817 0.146077 0.0308838 0.0424939
0 0.728174 0.211401 0.0298678 0.042653
0 0.85061 0.893061 0.0316395 0.0429096
0 0.0544291 0.151616 0.028935 0.0377748
0 0.246408 0.188782 0.0287208 0.0395678
0 0.294565 0.220395 0.0265608 0.0390887
0 0.41562 0.129779 0.0322497 0.0437271
0 0.377215 0.311356 0.0278375 0.0398131
0 0.802194 0.223214 0.0300276 0.0408676
0 0.659077 0.0526166 0.0281525 0.04101
0 0.8065 0.770065 0.0326633 0.0389444
0 0.333334 0.0489428 0.0334749 0.0465895
0 0.189949 0.252804 0.0295887 0.0394153
0 0.864205 0.799783 0.0362799 0.0466125
0 0.047788 0.806911 0.0349487 0.0478374
0 0.659361 0.291177 0.029598 0.0421003
0 0.494949 0.28649 0.0279826 0.0424187
0 0.725932 0.913867 0.0393524 0.0498013
0 0.170665 0.749966 0.0337255 0.0480379
0 0.0356557 0.741482 0.0288681 0.048563
0 0.0452343 0.462563 0.0300362 0.0435864
0 0.966313 0.738794 0.0336281 0.0437368
0 0.0312323 0.289397 0.0320574 0.0410002
0 0.79791 0.101294 0.0284039 0.0397105
0 0.376914 0.879636 0.032869 0.0428701
0 0.0976739 0.287085 0.0327958 0.0394728
0 0.261327 0.866358 0.0341351 0.0444159
0 0.847826 0.0213367 0.0287502 0.0419235
0 0.587772 0.8404 0.0327946 0.0403826
0 0.261949 0.812318 0.0301239 0.040155
0 0.107349 0.084386 0.0279211 0.0408851
0 0.783078 0.0227637 0.0315265 0.0425996
0 0.191672 0.0736705 0.029256 0.0419276
0 0.179514 0.525523 0.031014 0.042919
0 0.51472 0.206419 0.0279585 0.0405434
0 0.21307 0.459194 0.0330998 0.0445653
0 0.195833 0.596003 0.0332378 0.0432819
0 0.982505 0.49134 0.0340427 0.0506665
0 0.198248 0.214793 0.0319773 0.0417915
0 0.79079 0.297929 0.030589 0.0429405
0 0.490419 0.406512 0.0307125 0.0447938
0 0.819605 0.257079 0.0320892 0.0425002
0 0.495207 0.869003 0.0374063 0.0465374
0 0.710642 0.0892689 0.0300107 0.0397203
0 0.129408 0.609868 0.0355318 0.0443939
0 0.959081 0.620457 0.0401646 0.0497652
0 0.108513 0.772445 0.0361747 0.0484622
0 0.643595 0.0859604 0.0288603 0.041716
0 0.815321 0.512598 0.03759 0.0465738
0 0.0833001 0.980915 0.0360644 0.0381696
0 0.139018 0.204321 0.0351584 0.0473022
0 0.0491988 0.218789 0.0307563 0.0406872
0 0.169429 0.695974 0.0353875 0.0436432
0 0.718059 0.162532 0.0322044 0.0434087
0 0.367367 0.445626 0.0263963 0.0396789
0 0.05379 0.642014 0.0358321 0.0491295
0 0.794343 0.851405 0.0347996 0.0428223
0 0.479665 0.0218433 0.0294686 0.0425544
0 0.788288 0.919082 0.0348433 0.0517143
0 0.413622 0.232471 0.0297812 0.0411705
0 0.689592 0.465869 0.0340452 0.0448931
0 0.758533 0.486923 0.032234 0.0424567
0 0.574049 0.545243 0.03393 0.0451622
0 0.781833 0.629532 0.0354532 0.0438517
0 0.921292 0.333175 0.0339916 0.0478981
0 0.279444 0.0483209 0.0321442 0.0470723
0 0.290915 0.182538 0.0257231 0.0348354
0 0.668302 0.215817 0.0283903 0.0402884
0 0.923955 0.761294 0.0307499 0.0411163
0 0.427094 0.186614 0.0290439 0.0429888
0 0.0286148 0.514619 0.0344544 0.0483406
0 0.983093 0.551748 0.0337444 0.0511127
0 0.24363 0.450873 0.0333709 0.0437132
0 0.117973 0.570808 0.0311789 0.0387219
0 0.0219497 0.322467 0.0335798 0.0408541
0 0.133012 0.669336 0.0368046 0.0467583
0 0.59608 0.0176746 0.0320731 0.0352645
0 0.0808269 0.453606 0.0340661 0.0456649
0 0.890038 0.944772 0.0381687 0.0343279
0 0.400659 0.0329337 0.0321651 0.0446501
0 0.868433 0.51786 0.0322315 0.0388239
0 0.0803276 0.358648 0.0283147 0.036283
0 0.782369 0.594977 0.0330579 0.0401501
0 0.439348 0.97583 0.0386338 0.0474991
0 0.683467 0.434479 0.0291447 0.0367364
0 0.627165 0.347922 0.0263021 0.0385629
0 0.887175 0.0529867 0.0271484 0.0398193
0 0.251431 0.132689 0.0327432 0.044823
0 0.732915 0.274248 0.0256542 0.0313323
0 0.751219 0.365908 0.0314453 0.0425516
0 0.616215 0.269472 0.0291734 0.0387085
0 0.699474 0.956859 0.0435728 0.046846
0 0.862072 0.552536 0.0358229 0.0447864
0 0.477408 0.766493 0.0330915 0.0420309
0 0.0109704 0.257591 0.021897 0.0418845
0 0.432736 0.31473 0.0269096 0.0388401
0 0.55447 0.291288 0.0261839 0.0386858
0 0.17265 0.429228 0.0312644 0.0408457
0 0.531004 0.261356 0.0270534 0.042049
0 0.956867 0.504231 0.0344032 0.0440179
0 0.888008 0.596583 0.0302177 0.0432388
0 0.227344 0.538294 0.0332324 0.045318
0 0.870494 0.258283 0.0301912 0.0400001
0 0.747784 0.747968 0.0390393 0.0457302
0 0.460066 0.0689768 0.0314354 0.0455652
0 0.700517 0.873464 0.037294 0.0437946
0 0.164384 0.960432 0.0335022 0.0454556
0 0.27601 0.469943 0.0288185 0.0380841
0 0.134965 0.34812 0.0298912 0.0388772
0 0.426495 0.023318 0.0279255 0.0351176
0 0.836448 0.851285 0.0342026 0.0399649
0 0.733279 0.711626 0.0322385 0.0394588
0 0.667893 0.749929 0.0371967 0.045909
0 0.756624 0.809421 0.034996 0.0419468
0 0.0885533 0.93754 0.0315798 0.0410667
0 0.389627 0.641544 0.0324981 0.0439413
0 0.466853 0.14621 0.0292843 0.0378819
0 0.968167 0.901452 0.0342587 0.0432724
0 0.559404 0.171768 0.0299751 0.0458458
0 0.621099 0.539394 0.0338488 0.043926
0 0.531075 0.906176 0.0352083 0.0455359
0 0.311863 0.457108 0.0310897 0.0405586
0 0.83566 0.691908 0.0337925 0.0432486
0 0.548473 0.846982 0.033042 0.039994
0 0.200912 0.389087 0.0334277 0.0414321
0 0.649399 0.128751 0.0254461 0.0383386
0 0.519645 0.631375 0.0329052 0.0458456
0 0.337254 0.931697 0.0352195 0.0460991
0 0.538994 0.169377 0.0292279 0.0392035
0 0.11422 0.448319 0.034591 0.0448166
0 0.838367 0.379011 0.031892 0.0411223
0 0.424936 0.461303 0.0325745 0.0453747
0 0.20474 0.178523 0.0291333 0.0395843
0 0.607704 0.191129 0.0271276 0.0376705
0 0.990008 0.932177 0.0199836 0.0349842
0 0.0689868 0.601376 0.0334177 0.0455933
0 0.300521 0.153971 0.0291481 0.0362352
0 0.192794 0.929469 0.0378704 0.0462603
0 0.0110971 0.219632 0.0221554 0.0428477
0 0.307659 0.19101 0.0253906 0.0398214
0 0.330423 0.81115 0.0313783 0.0400558
0 0.151277 0.836578 0.0339606 0.0398386
0 0.124729 0.106846 0.0279778 0.036223
0 0.19702 0.117816 0.0312328 0.0412265
0 0.0632109 0.0637969 0.0297989 0.0384857
0 0.949586 0.0927698 0.0247322 0.0459438
0 0.234524 0.298346 0.0303935 0.0432704
0 0.853708 0.412717 0.0357414 0.0436409
0 0.268699 0.359347 0.0280968 0.0371481
0 0.253396 0.318998 0.0283839 0.0403754
0 0.0694675 0.190994 0.032664 0.0430065
0 0.308784 0.978587 0.0405126 0.0428177
0 0.950059 0.299856 0.0320415 0.045222
0 0.769636 0.190747 0.0254469 0.0382658
0 0.95024 0.939326 0.0387562 0.0304913
0 0.189016 0.408613 0.0297925 0.0373478
0 0.989473 0.875383 0.0210535 0.0398581
0 0.0155354 0.459745 0.0305949 0.0502106
0 0.897969 0.892701 0.0338537 0.0440226
0 0.781025 0.693263 0.033639 0.0447449
0 0.25124 0.497866 0.0320779 0.0393114
0 0.923773 0.810727 0.0325714 0.0411165
0 0.56589 0.963917 0.0431004 0.0509003
0 0.238921 0.731073 0.0328931 0.0447261
0 0.733459 0.433774 0.0327358 0.0429773
0 0.779583 0.368715 0.0290287 0.0381377
0 0.914872 0.873561 0.0295326 0.0360054
0 0.4684 0.141136 0.028474 0.0335113
0 0.511194 0.97708 0.0349566 0.0454136
0 0.502819 0.671951 0.0307042 0.0434082
0 0.29722 0.979984 0.0377483 0.0397537
0 0.544319 0.417149 0.0317402 0.0447721
0 0.394649 0.274268 0.0282114 0.0400686
0 0.783585 0.19241 0.0264819 0.0368128
0 0.353623 0.865128 0.0288925 0.0385971
0 0.908281 0.254509 0.0307228 0.0411982
0 0.0143681 0.137462 0.0281643 0.0397416
0 0.212826 0.668132 0.0303384 0.0363981
0 0.801253 0.80785 0.0346203 0.0416225
0 0.970589 0.695923 0.0373726 0.0446744
0 0.34959 0.191655 0.0279324 0.0363217
0 0.608116 0.920823 0.0307898 0.0440674
0 0.737992 0.868342 0.033338 0.0386389
0 0.0524588 0.271951 0.0268728 0.0368011
0 0.264332 0.775431 0.0317174 0.0377665
0 0.673399 0.919416 0.0348566 0.0523083
0 0.364962 0.344973 0.0284308 0.0403893
0 0.891879 0.207248 0.027235 0.0398774
0 0.546227 0.325955 0.0327362 0.0413224
0 0.522918 0.813412 0.0324919 0.0410255
0 0.102854 0.387962 0.0295863 0.0376379
0 0.373736 0.030408 0.0306679 0.0383866
0 0.583437 0.414466 0.0323994 0.0430324
0 0.112291 0.568945 0.0337521 0.040485
0 0.862661 0.452476 0.0356724 0.0441659
0 0.496113 0.976432 0.0310442 0.0445618
0 0.909688 0.381669 0.0344788 0.0473415
0 0.186474 0.150175 0.0319898 0.0419915
0 0.993351 0.77428 0.0132971 0.0525942
0 0.899675 0.553481 0.0358068 0.0465254
0 0.491928 0.739732 0.0302353 0.0402052
0 0.405844 0.87517 0.0326403 0.0426441
0 0.592637 0.370783 0.0304429 0.0417389
0 0.212632 0.879849 0.0340374 0.0419708
0 0.683005 0.835402 0.0347731 0.0399883
