0 0.334732 0.59801 0.105422 0.17404
0 0.242349 0.897536 0.104477 0.16828
0 0.18178 0.660224 0.113891 0.210559
0 0.580507 0.132041 0.079386 0.15756
0 0.412755 0.315009 0.0757739 0.155304
0 0.35225 0.924712 0.118253 0.129167
0 0.743573 0.384615 0.0897276 0.181364
0 0.299786 0.294857 0.0685936 0.12553
0 0.465101 0.452774 0.0897379 0.169532
0 0.210733 0.40784 0.0861756 0.149421
0 0.605804 0.447603 0.0814407 0.186726
0 0.413274 0.643725 0.0705532 0.162648
0 0.367391 0.413368 0.076027 0.121767
0 0.285605 0.445692 0.079543 0.147642
0 0.872319 0.461513 0.0918978 0.21654
0 0.415413 0.113058 0.0716054 0.134118
0 0.631245 0.700767 0.124107 0.234306
0 0.960199 0.229703 0.0790178 0.157818
0 0.199175 0.257506 0.0751004 0.121599
0 0.925372 0.112341 0.0769234 0.151463
0 0.538229 0.424675 0.0825541 0.213491
0 0.69573 0.559841 0.0899134 0.15535
0 0.0507559 0.662801 0.101494 0.259198
0 0.657049 0.218004 0.069372 0.16276
0 0.940081 0.493021 0.072691 0.144756
0 0.69501 0.132475 0.067185 0.148132
0 0.825083 0.181431 0.082592 0.171808
0 0.784297 0.538934 0.0722198 0.14482
0 0.0776204 0.338243 0.0976765 0.16172
0 0.517398 0.14295 0.0576788 0.123553
0 0.84506 0.756797 0.0794891 0.182247
0 0.49533 0.251897 0.0707006 0.0942718
0 0.318469 0.782948 0.100255 0.191462
0 0.683338 0.928805 0.12826 0.142389
0 0.558176 0.246536 0.066139 0.107912
0 0.426476 0.879544 0.0860891 0.182877
0 0.116916 0.07479 0.0648975 0.123106
0 0.125404 0.253719 0.0684732 0.104105
0 0.661609 0.434135 0.0647593 0.145358
0 0.752383 0.18599 0.0664192 0.128428
0 0.105866 0.541169 0.0894853 0.169499
0 0.734442 0.672253 0.0909012 0.130441
0 0.804289 0.392542 0.0614178 0.11628
0 0.0976858 0.931277 0.0880391 0.084099
0 0.371638 0.241067 0.0572021 0.120694
0 0.245686 0.220551 0.0595888 0.147478
0 0.278668 0.0555957 0.066185 0.111191
0 0.760669 0.868035 0.101674 0.24026
0 0.792365 0.671998 0.0575628 0.127628
0 0.925924 0.79579 0.105073 0.304667
0 0.171241 0.145875 0.0466912 0.076293
0 0.472112 0.0540933 0.0668221 0.107913
0 0.939617 0.348977 0.0683636 0.123642
0 0.817682 0.616175 0.0542429 0.0948194
0 0.186095 0.0416214 0.07341 0.0832314
0 0.735259 0.0953452 0.0517248 0.106508
0 0.12602 0.168197 0.0514013 0.0784012
0 0.290991 0.136577 0.0562089 0.0844272
0 0.520117 0.579029 0.0564817 0.0954885
0 0.366314 0.0938502 0.0542542 0.111912
0 0.529295 0.945959 0.129082 0.0982592
0 0.482343 0.305352 0.0616086 0.0746994
0 0.0592484 0.133422 0.055774 0.0907573
0 0.686486 0.320307 0.0438564 0.0644248
0 0.0263932 0.412986 0.05019 0.182159
0 0.856956 0.0688301 0.0530804 0.08915
0 0.37984 0.77426 0.0708012 0.162195
0 0.839747 0.92716 0.088287 0.145391
0 0.623801 0.237422 0.0500032 0.0805967
0 0.382005 0.535136 0.0903033 0.190311
0 0.865527 0.241998 0.0585291 0.106147
0 0.545777 0.790567 0.0668852 0.120959
0 0.327154 0.0538601 0.0514025 0.104494
0 0.167266 0.207136 0.0377712 0.0716473
0 0.548332 0.0444256 0.0582921 0.0866317
0 0.222814 0.133702 0.0483774 0.0688079
0 0.131619 0.342208 0.0509234 0.0763135
0 0.909866 0.240226 0.0620821 0.123886
0 0.459221 0.153631 0.0511182 0.097278
0 0.0350758 0.209641 0.0348632 0.100075
0 0.312327 0.19622 0.0560147 0.0751718
0 0.650507 0.0425669 0.0438883 0.0667552
0 0.977956 0.0620544 0.0440888 0.0639221
0 0.791585 0.0521904 0.0469589 0.0671326
0 0.979306 0.537353 0.040303 0.163953
0 0.982755 0.390641 0.0344904 0.0975071
0 0.0178686 0.855966 0.0356894 0.201463
0 0.986333 0.127438 0.0273349 0.118597
0 0.549333 0.680735 0.0923441 0.161356
0 0.909935 0.247461 0.0518555 0.102701
0 0.39453 0.0179214 0.0511205 0.0357896
0 0.974339 0.607572 0.0411793 0.106782
0 0.539469 0.674134 0.089773 0.138688
0 0.247298 0.193154 0.0593607 0.0978107
0 0.976225 0.560295 0.0433922 0.180944
