0 0.919303 0.54306 0.0749439 0.106348
0 0.500978 0.309815 0.0521273 0.113534
0 0.674128 0.370251 0.0574699 0.119321
0 0.797421 0.67601 0.0648241 0.157701
0 0.567951 0.497537 0.0641661 0.134091
0 0.537938 0.66495 0.0823652 0.182621
0 0.7039 0.754615 0.0724228 0.149341
0 0.797684 0.382299 0.0545868 0.108642
0 0.763442 0.462472 0.0553379 0.126966
0 0.305055 0.819079 0.0873499 0.201196
0 0.317984 0.378659 0.0627398 0.10783
0 0.790208 0.905247 0.143749 0.162908
0 0.917852 0.660173 0.0691607 0.14855
0 0.70271 0.501057 0.0585352 0.121961
0 0.379456 0.565296 0.0596272 0.123213
0 0.478177 0.575051 0.0576578 0.128941
0 0.715746 0.296238 0.0470924 0.101256
0 0.245355 0.260491 0.0539918 0.104087
0 0.856374 0.397685 0.0503708 0.0965558
0 0.62457 0.276279 0.0469614 0.099706
0 0.0404461 0.608807 0.0710547 0.131694
0 0.116813 0.292115 0.0537747 0.0908959
0 0.551681 0.936357 0.13594 0.123183
0 0.14411 0.387092 0.0632071 0.121496
0 0.204016 0.504052 0.0639099 0.140413
0 0.969759 0.336958 0.0498089 0.106973
0 0.890827 0.324534 0.0487991 0.0971784
0 0.394802 0.892405 0.0894003 0.162069
0 0.585369 0.196939 0.0383133 0.0786306
0 0.851452 0.0936915 0.0317759 0.0627157
0 0.881383 0.183143 0.0374416 0.0782957
0 0.885884 0.101632 0.03405 0.0637655
0 0.588862 0.388769 0.0576527 0.100643
0 0.794545 0.243437 0.0416668 0.0891824
0 0.922253 0.269972 0.039323 0.0889258
0 0.698613 0.0945039 0.0307841 0.0675724
0 0.620794 0.120948 0.0342459 0.0698022
0 0.0354569 0.373815 0.0638283 0.10792
0 0.969187 0.157171 0.0333199 0.0676561
0 0.572333 0.127264 0.0314266 0.0620413
0 0.749687 0.150769 0.0323998 0.0689259
0 0.389858 0.137515 0.0376181 0.0811929
0 0.14584 0.104952 0.0389464 0.0662908
0 0.347563 0.521128 0.0480728 0.111247
0 0.664126 0.0667751 0.0282434 0.0620584
0 0.43719 0.26203 0.0478394 0.102088
0 0.502171 0.139675 0.0340023 0.070768
0 0.649487 0.236833 0.0362822 0.0820094
0 0.464525 0.235341 0.0410681 0.0903727
0 0.580472 0.0335813 0.0267753 0.0531529
0 0.655936 0.129017 0.0303196 0.0648861
0 0.201759 0.109345 0.037619 0.0622198
0 0.37256 0.225894 0.0430807 0.0871542
0 0.802415 0.155228 0.03606 0.0675295
0 0.210447 0.248237 0.0415537 0.0988907
0 0.528349 0.185363 0.0402567 0.0867423
0 0.6203 0.0619939 0.0287523 0.0526905
0 0.0858796 0.0897921 0.0378823 0.0628165
0 0.261957 0.0523845 0.0308072 0.0525908
0 0.352322 0.0774326 0.0316976 0.0653964
0 0.932402 0.164887 0.0299866 0.0535442
0 0.34062 0.234654 0.041693 0.0746578
0 0.502311 0.0594036 0.0258884 0.0568631
0 0.509378 0.451395 0.0615671 0.12204
0 0.86252 0.27289 0.0412916 0.0885041
0 0.309402 0.068516 0.0299156 0.0542434
0 0.454387 0.166522 0.0399044 0.0644745
0 0.412585 0.341152 0.0471479 0.100993
0 0.284805 0.121351 0.0328852 0.0675069
0 0.559229 0.0237517 0.0261638 0.0471684
0 0.173805 0.766367 0.089688 0.158088
0 0.375037 0.0631921 0.026131 0.0517682
0 0.645607 0.0219663 0.0262405 0.0439327
0 0.186952 0.18479 0.0413225 0.0726112
0 0.77008 0.121255 0.0287384 0.0655228
0 0.531989 0.063937 0.0287382 0.061983
0 0.442739 0.418215 0.0627825 0.148118
0 0.0885902 0.179442 0.0454353 0.0817631
0 0.893018 0.0270642 0.0285004 0.0530176
0 0.754239 0.0707674 0.0242321 0.0532613
0 0.837334 0.0268828 0.0253132 0.0517565
0 0.727974 0.0969973 0.0262475 0.0608642
0 0.942985 0.0856078 0.0293968 0.0523497
0 0.957694 0.114281 0.0313118 0.0501493
0 0.670417 0.198393 0.0340864 0.0728831
0 0.0186755 0.289265 0.0373509 0.0878595
0 0.329872 0.0612774 0.0244965 0.0497904
0 0.945236 0.215859 0.0344894 0.0642076
0 0.939627 0.0376631 0.0275196 0.0419619
0 0.260891 0.122974 0.0305571 0.0671928
0 0.299673 0.132911 0.0362725 0.0712513
0 0.971982 0.0236451 0.0240093 0.0464287
0 0.0837239 0.681827 0.0910978 0.187628
0 0.12264 0.0545493 0.0326929 0.0530088
0 0.972843 0.0708996 0.0245594 0.0498573
0 0.81542 0.083528 0.0278866 0.0588165
0 0.481024 0.08338 0.0290924 0.0618802
0 0.0573468 0.160122 0.0407415 0.0770891
0 0.445631 0.0785825 0.0282625 0.0476508
0 0.124117 0.179001 0.0359296 0.0615304
0 0.351071 0.142766 0.0321968 0.0735401
0 0.0319212 0.0810537 0.040143 0.0573809
0 0.870601 0.0232973 0.0261387 0.0465945
0 0.0343096 0.0341234 0.0355602 0.0381089
0 0.802794 0.0186941 0.0231066 0.0373882
0 0.431306 0.067086 0.0236855 0.0495327
0 0.715418 0.0311411 0.0221931 0.0420505
0 0.522035 0.0923027 0.0310555 0.0631379
0 0.761837 0.0138508 0.0252041 0.0276811
0 0.0755519 0.0363805 0.0301539 0.0395655
0 0.13115 0.226378 0.041522 0.0486293
0 0.444463 0.123939 0.0289825 0.0524363
0 0.67496 0.015347 0.0266328 0.0306941
0 0.622139 0.683944 0.060229 0.133067
0 0.44035 0.169951 0.034506 0.0682066
0 0.738302 0.0473059 0.0220388 0.0449587
0 0.0271976 0.378498 0.0532203 0.102559
0 0.38819 0.0340348 0.0239439 0.0390675
0 0.919797 0.0962928 0.025021 0.0500185
0 0.69777 0.0240321 0.0224189 0.0470787
0 0.782022 0.015675 0.025757 0.0313089
0 0.797689 0.066647 0.0232629 0.0580569
0 0.362144 0.021379 0.0252717 0.0334133
0 0.573937 0.266706 0.034906 0.0725304
0 0.974344 0.0781892 0.0251101 0.0547898
0 0.00873115 0.178813 0.0174319 0.0759325
0 0.850166 0.171772 0.0332012 0.0683125
0 0.864481 0.0227053 0.0289965 0.0454107
0 0.0594907 0.0612266 0.0281913 0.0457639
0 0.218753 0.0854674 0.0271016 0.052764
0 0.414319 0.0464258 0.0243945 0.050117
