0 0.35295 0.816923 0.0371732 0.0484903
0 0.514999 0.0786214 0.0328813 0.0464324
0 0.87348 0.280213 0.0347229 0.0447025
0 0.453109 0.691887 0.0399135 0.0481095
0 0.462876 0.811287 0.0405156 0.0532438
0 0.683511 0.957707 0.0426062 0.0558897
0 0.832536 0.867032 0.0345007 0.045298
0 0.539792 0.188865 0.0346305 0.0460677
0 0.73521 0.916314 0.0383443 0.0500919
0 0.21642 0.839544 0.0364489 0.048938
0 0.405228 0.359249 0.0348091 0.0482449
0 0.886368 0.217111 0.036784 0.0499377
0 0.363481 0.115906 0.0343452 0.0442848
0 0.433512 0.740433 0.0385677 0.0539553
0 0.828637 0.234941 0.0344463 0.0470495
0 0.446481 0.410754 0.0360469 0.0503048
0 0.103093 0.82865 0.0433281 0.0543671
0 0.353472 0.511853 0.0351248 0.0471169
0 0.0430877 0.814518 0.0442904 0.0565353
0 0.115604 0.483178 0.0372541 0.0465337
0 0.686697 0.444464 0.0375169 0.049794
0 0.566864 0.324974 0.0363186 0.0492924
0 0.595186 0.198334 0.0339033 0.0435732
0 0.642917 0.0929442 0.0323681 0.0438221
0 0.62901 0.884396 0.0403805 0.0543329
0 0.310555 0.6196 0.0356179 0.0444153
0 0.686842 0.905348 0.0361338 0.0481979
0 0.777566 0.40641 0.0357307 0.046244
0 0.528011 0.818977 0.0383467 0.051285
0 0.384874 0.874315 0.0435226 0.0578491
0 0.791119 0.918318 0.0466115 0.0577679
0 0.248347 0.61871 0.0384182 0.0476665
0 0.367261 0.743127 0.0395865 0.0512917
0 0.355668 0.347194 0.0383545 0.0506517
0 0.849999 0.923948 0.0402395 0.056126
0 0.0926317 0.709698 0.0374815 0.0532135
0 0.658909 0.247731 0.0362663 0.044652
0 0.348592 0.673423 0.0378466 0.0481638
0 0.707778 0.672002 0.0389616 0.0468683
0 0.298801 0.797321 0.0395594 0.0536072
0 0.878962 0.430835 0.0398304 0.0491783
0 0.489884 0.758626 0.0374252 0.0521482
0 0.548887 0.943034 0.0373285 0.0517536
0 0.745653 0.615774 0.0395451 0.0506476
0 0.779275 0.860545 0.0365078 0.0498558
0 0.152967 0.272577 0.0348778 0.0415
0 0.744028 0.976269 0.0393494 0.0474628
0 0.420851 0.116268 0.0362823 0.0473618
0 0.870625 0.512039 0.040308 0.0495697
0 0.273034 0.09336 0.0323979 0.0436379
0 0.287693 0.342307 0.0340134 0.0435379
0 0.712032 0.84697 0.0388092 0.053994
0 0.605947 0.246509 0.0355364 0.0469357
0 0.333749 0.293531 0.0385172 0.0483112
0 0.502687 0.123503 0.031885 0.0422425
0 0.584103 0.701908 0.0413616 0.0511086
0 0.589962 0.772616 0.0360147 0.0470934
0 0.936161 0.28476 0.0330868 0.0445484
0 0.484736 0.934404 0.0403925 0.0537941
0 0.439086 0.214752 0.0341404 0.0451892
0 0.0771488 0.649122 0.0402267 0.0505539
0 0.572973 0.593188 0.034843 0.0486479
0 0.758924 0.79193 0.0390686 0.051313
0 0.380938 0.456116 0.0353245 0.0485241
0 0.801872 0.364896 0.0355364 0.0484617
0 0.297963 0.194553 0.0346415 0.0450727
0 0.394838 0.821078 0.0384186 0.047551
0 0.356831 0.567158 0.0374084 0.0460624
0 0.42253 0.518589 0.0371944 0.0501921
0 0.582755 0.49423 0.0350437 0.0505335
0 0.325572 0.859148 0.0357749 0.0436874
0 0.447903 0.0835387 0.030987 0.0420472
0 0.765245 0.306776 0.0331285 0.045526
0 0.0521623 0.583292 0.0386388 0.0438014
0 0.365415 0.927433 0.0376488 0.0447189
0 0.327079 0.112099 0.0324687 0.0442479
0 0.920155 0.822001 0.0352398 0.0480619
0 0.411192 0.160277 0.0354766 0.0449165
0 0.238052 0.792559 0.0357886 0.0467551
0 0.842433 0.394423 0.0362831 0.0483244
0 0.819695 0.319559 0.0341064 0.0460616
0 0.405531 0.56884 0.0377196 0.0492571
0 0.20833 0.0888687 0.0328054 0.044732
0 0.570455 0.0866159 0.0322052 0.0434109
0 0.396252 0.217594 0.0370263 0.0485249
0 0.157845 0.828803 0.0409032 0.0539272
0 0.804265 0.121882 0.0311205 0.043483
0 0.6202 0.339996 0.036274 0.0443411
0 0.548344 0.234795 0.0320304 0.0440604
0 0.232731 0.187623 0.0365004 0.046959
0 0.247189 0.901143 0.0460153 0.0550673
0 0.582732 0.828704 0.0359694 0.0453033
0 0.205351 0.609285 0.0388444 0.0505785
0 0.273847 0.290493 0.036836 0.044953
0 0.581731 0.652264 0.0388633 0.0457922
0 0.753184 0.349287 0.039813 0.0530926
0 0.488708 0.273213 0.0381607 0.04835
0 0.771643 0.263049 0.0340292 0.0457436
0 0.162125 0.72385 0.0382265 0.0513512
0 0.903749 0.383389 0.0370378 0.0453742
0 0.865933 0.127577 0.0376019 0.0502266
0 0.923406 0.334973 0.0336746 0.0461085
0 0.101473 0.591407 0.0363739 0.0461704
0 0.183099 0.785822 0.0372472 0.0510777
0 0.697468 0.340535 0.0376025 0.0491387
0 0.371402 0.41049 0.0331864 0.0449388
0 0.130141 0.429709 0.0371236 0.0471633
0 0.453536 0.30811 0.0383047 0.0504749
0 0.500706 0.225852 0.0368374 0.0476682
0 0.146947 0.59879 0.034721 0.0446463
0 0.541992 0.769502 0.0410969 0.0554803
0 0.926505 0.471315 0.0359921 0.0475937
0 0.460394 0.135071 0.0308851 0.0399011
0 0.232242 0.676333 0.0364502 0.045949
0 0.208532 0.136875 0.0364337 0.0462152
0 0.479062 0.532414 0.0332144 0.0471159
0 0.649795 0.842513 0.0368379 0.0526577
0 0.850447 0.696649 0.0412132 0.0498266
0 0.233903 0.244631 0.0375088 0.0478183
0 0.513499 0.363939 0.0360326 0.0506953
0 0.217098 0.722025 0.0395 0.0508627
0 0.27129 0.728389 0.0403615 0.0480824
0 0.707185 0.245893 0.0329563 0.0438381
0 0.864008 0.766134 0.0374416 0.0445443
0 0.861665 0.326172 0.0377407 0.0496942
0 0.0209008 0.469408 0.0363828 0.0500853
0 0.358771 0.170326 0.0348633 0.0461945
0 0.306202 0.913529 0.0408452 0.0527763
0 0.446898 0.474219 0.0333321 0.0468602
0 0.281425 0.251238 0.0368841 0.043327
0 0.397135 0.682698 0.0396129 0.0489494
0 0.643176 0.784006 0.0352568 0.0474294
0 0.968556 0.421846 0.038847 0.0475582
0 0.0446939 0.699221 0.0392952 0.0528847
0 0.613676 0.552293 0.0364189 0.05072
0 0.138679 0.211354 0.0361452 0.0470548
0 0.636405 0.439287 0.0383467 0.0515093
0 0.130696 0.895198 0.0406347 0.0529037
0 0.719907 0.510388 0.0363136 0.046316
0 0.632382 0.713135 0.0428424 0.0566506
0 0.13184 0.536753 0.0356815 0.0434923
0 0.131248 0.77058 0.0386609 0.0514771
0 0.0425532 0.35863 0.0374589 0.0494103
0 0.316577 0.752126 0.0372808 0.0476574
0 0.171978 0.377762 0.0363151 0.0454809
0 0.0948313 0.274565 0.0344253 0.0433178
0 0.290865 0.447389 0.0363754 0.044537
0 0.25684 0.139621 0.0367692 0.0488424
0 0.263756 0.854262 0.0389234 0.0498259
0 0.309123 0.149869 0.0335627 0.044761
0 0.328827 0.246169 0.0338672 0.044642
0 0.820211 0.181528 0.0370766 0.0492572
0 0.588222 0.282612 0.0357224 0.0501884
0 0.358827 0.63327 0.0338935 0.0413505
0 0.648498 0.197318 0.0370305 0.0482717
0 0.151843 0.0743534 0.0337434 0.0422138
0 0.817691 0.812101 0.0359535 0.0451872
0 0.507696 0.422369 0.0359723 0.0487323
0 0.169862 0.442469 0.0347947 0.0433399
0 0.757234 0.109489 0.0375269 0.0485604
0 0.780356 0.512576 0.036683 0.0470244
0 0.156124 0.326289 0.0333222 0.0449604
0 0.488861 0.485359 0.0340616 0.0456148
0 0.180881 0.895066 0.0379601 0.0511745
0 0.669507 0.549178 0.0342918 0.0467237
0 0.325671 0.399836 0.0350797 0.0464756
0 0.743586 0.688289 0.0350856 0.0445299
0 0.504107 0.589656 0.0368515 0.0502056
0 0.360901 0.0543177 0.0318913 0.0452623
0 0.511186 0.687547 0.0422668 0.0529844
0 0.337923 0.205625 0.0326522 0.0417807
0 0.117344 0.363531 0.0363508 0.048711
0 0.585099 0.924274 0.041379 0.0547714
0 0.418058 0.934909 0.0375269 0.0499086
0 0.714175 0.300064 0.0326248 0.0434918
0 0.390037 0.311629 0.037196 0.0487936
0 0.506346 0.318499 0.0376116 0.0447504
0 0.490216 0.178567 0.0352203 0.0453288
0 0.719341 0.204736 0.035584 0.0454865
0 0.596959 0.148305 0.0359312 0.0471433
0 0.657755 0.145312 0.0346031 0.043452
0 0.765869 0.211761 0.0381559 0.0473224
0 0.682395 0.402138 0.0349653 0.049777
0 0.453873 0.572982 0.0374372 0.0509849
0 0.769784 0.162663 0.034842 0.0459976
0 0.438652 0.867373 0.0392496 0.050646
0 0.557907 0.88454 0.034631 0.0454311
0 0.896681 0.173084 0.0344887 0.0421808
0 0.629387 0.391271 0.03505 0.0447743
0 0.22911 0.386528 0.0349025 0.0444289
0 0.555644 0.128995 0.0357112 0.0497324
0 0.769554 0.456522 0.0372386 0.0498653
0 0.811115 0.522181 0.0338341 0.0445286
0 0.179837 0.491385 0.0363472 0.0471539
0 0.305914 0.0483994 0.0343843 0.0464663
0 0.708337 0.786821 0.0391279 0.0490227
0 0.794434 0.682864 0.037954 0.0466152
0 0.807017 0.0707337 0.0331848 0.0437158
0 0.54365 0.532053 0.0340286 0.0510155
0 0.256418 0.0493093 0.0317932 0.0416552
0 0.942107 0.882151 0.035881 0.0552258
0 0.938183 0.649578 0.0364964 0.0491207
0 0.877792 0.871858 0.0336834 0.0457254
0 0.0784157 0.210453 0.0333656 0.0466847
0 0.279421 0.396263 0.0345658 0.0417371
0 0.769878 0.57238 0.0332886 0.044477
0 0.843209 0.479786 0.0363892 0.0468508
0 0.711582 0.402286 0.0358516 0.0503428
0 0.975085 0.373592 0.0389999 0.0478489
0 0.220398 0.547932 0.0371916 0.043766
0 0.665575 0.297565 0.0367493 0.0481095
0 0.661897 0.492403 0.0347356 0.0491346
0 0.858974 0.629571 0.0360964 0.0489063
0 0.959554 0.713606 0.0366009 0.0494488
0 0.0592604 0.426378 0.0351838 0.0435864
0 0.0876622 0.314347 0.0329775 0.0448787
0 0.93126 0.234038 0.0348434 0.0465016
0 0.0509992 0.261419 0.0375414 0.0482968
0 0.610877 0.0510441 0.0327572 0.0430503
0 0.531607 0.632122 0.040295 0.0504375
0 0.0785542 0.882253 0.0388346 0.0512779
0 0.916252 0.940634 0.0338429 0.0470875
0 0.969247 0.332051 0.0326256 0.043363
0 0.116668 0.0703044 0.0341202 0.0437624
0 0.814106 0.416219 0.0342897 0.0465859
0 0.529506 0.504613 0.0330915 0.0439314
0 0.960857 0.537038 0.0379932 0.0488812
0 0.405929 0.0171954 0.0329811 0.0343909
0 0.954727 0.598144 0.0356314 0.045714
0 0.569748 0.432056 0.0373311 0.0534926
0 0.188556 0.186665 0.0349363 0.043719
0 0.815789 0.581111 0.0360418 0.0468157
0 0.702162 0.106988 0.0351349 0.0457227
0 0.423764 0.637579 0.0335054 0.0452963
0 0.869224 0.812939 0.035154 0.04331
0 0.163489 0.0279745 0.0334937 0.0443339
0 0.349829 0.0174073 0.0336677 0.0347834
0 0.0154421 0.89583 0.0308841 0.0504898
0 0.56952 0.394038 0.0350401 0.0451383
0 0.0652782 0.522846 0.0365977 0.0470616
0 0.388786 0.269408 0.0329633 0.0397466
0 0.987181 0.486694 0.0256388 0.0459349
0 0.0730602 0.164279 0.0337176 0.0458015
0 0.506538 0.0337155 0.0339788 0.0456532
0 0.035608 0.305381 0.0326215 0.0507014
0 0.754249 0.0667365 0.0328691 0.0426934
0 0.718183 0.564858 0.0342428 0.0464129
0 0.146686 0.130497 0.0351919 0.0428476
0 0.449665 0.36238 0.0323734 0.0457387
0 0.906372 0.583215 0.03431 0.0457196
0 0.187393 0.233591 0.0363646 0.0484412
0 0.181036 0.681342 0.0367821 0.0465439
0 0.555268 0.285872 0.0352402 0.0463219
0 0.227693 0.436191 0.0365739 0.0470619
0 0.473234 0.630854 0.0371555 0.047757
0 0.565674 0.0424047 0.0348082 0.0452701
0 0.926965 0.428367 0.0410904 0.045591
0 0.907318 0.134113 0.0356758 0.0480969
0 0.709314 0.0656059 0.0305656 0.0384794
0 0.942252 0.133663 0.0385727 0.0516722
0 0.743493 0.729513 0.0382936 0.0479797
0 0.51132 0.985555 0.0380334 0.0288898
0 0.943345 0.188418 0.0347616 0.0431137
0 0.95504 0.773193 0.0336613 0.0538061
0 0.984132 0.242229 0.0307987 0.0416996
0 0.714873 0.162246 0.036651 0.043513
0 0.668133 0.726844 0.0341284 0.0477391
0 0.208743 0.287353 0.0390462 0.0499474
0 0.0611698 0.47881 0.0354368 0.0405371
0 0.259371 0.328457 0.0333755 0.0415713
0 0.50444 0.872501 0.037439 0.0473
0 0.987781 0.284197 0.0244371 0.0436823
0 0.0412548 0.207832 0.0220238 0.0441225
0 0.2887 0.563101 0.0383249 0.0472614
0 0.110029 0.0207483 0.0323988 0.0412958
0 0.922397 0.516523 0.0340883 0.0423487
0 0.113766 0.122948 0.0341409 0.0430477
0 0.880774 0.0834379 0.0366173 0.0451968
0 0.484762 0.0942123 0.0309271 0.0426751
0 0.210283 0.0417809 0.0326018 0.0437146
0 0.271879 0.530487 0.0378635 0.0460308
0 0.265061 0.00826004 0.0318113 0.0165201
0 0.105807 0.170505 0.0320407 0.0438226
0 0.0252089 0.646811 0.0360205 0.0436647
0 0.137213 0.65575 0.0384086 0.0480113
0 0.433878 0.249826 0.0325798 0.0415518
0 0.825063 0.76202 0.0388378 0.0469104
0 0.666382 0.360444 0.0345314 0.0435638
0 0.278643 0.677065 0.0368877 0.0429371
0 0.804711 0.490726 0.0303583 0.0365294
0 0.695038 0.613815 0.0389557 0.0455019
0 0.446046 0.0222619 0.0301304 0.0407287
0 0.896244 0.709752 0.0392742 0.0504013
0 0.549445 0.0142443 0.0320557 0.0269566
0 0.333385 0.463357 0.0312867 0.0406908
0 0.895844 0.701351 0.0396231 0.0489969
0 0.407308 0.983182 0.0367542 0.0208832
0 0.740968 0.441015 0.0357505 0.0436743
0 0.320586 0.509535 0.0335485 0.0421673
0 0.67483 0.039698 0.032353 0.0385751
