0 0.716564 0.611253 0.0776347 0.112292
0 0.517503 0.649358 0.0730425 0.115847
0 0.200685 0.767329 0.0766576 0.133321
0 0.66053 0.783387 0.0869457 0.114491
0 0.424164 0.423685 0.0684096 0.10148
0 0.423046 0.791799 0.0763357 0.117962
0 0.506724 0.926997 0.0889599 0.105772
0 0.0772584 0.689082 0.0703205 0.101463
0 0.482217 0.540219 0.0645174 0.104583
0 0.663715 0.954404 0.0955399 0.0911057
0 0.267941 0.743793 0.0672297 0.098684
0 0.611975 0.34776 0.0566002 0.0875499
0 0.762632 0.301477 0.0519337 0.0795711
0 0.688403 0.388426 0.0471083 0.065875
0 0.454897 0.12099 0.044104 0.0672367
0 0.513357 0.497139 0.0530354 0.0812861
0 0.260309 0.511591 0.0670468 0.103164
0 0.713285 0.457774 0.0506398 0.0742585
0 0.339649 0.49644 0.0551 0.0808309
0 0.253074 0.616106 0.0606665 0.0907366
0 0.522376 0.192153 0.0508718 0.0705045
0 0.677303 0.564071 0.0656055 0.0942433
0 0.602354 0.260359 0.0511083 0.0750505
0 0.135481 0.906508 0.0624305 0.0700956
0 0.499175 0.0415151 0.0400982 0.0580335
0 0.0901337 0.191744 0.0462898 0.0697267
0 0.561604 0.553123 0.0636674 0.0785158
0 0.558423 0.756233 0.0804445 0.11142
0 0.554371 0.362162 0.0669592 0.0974411
0 0.302071 0.409301 0.0532554 0.0793402
0 0.389994 0.103234 0.0455524 0.0636432
0 0.503199 0.756798 0.0693377 0.106295
0 0.145137 0.19861 0.0441033 0.066501
0 0.666852 0.0579656 0.0372974 0.0539082
0 0.416897 0.161104 0.0437691 0.0597316
0 0.711983 0.274044 0.0481413 0.0729151
0 0.803843 0.458765 0.0458464 0.0744083
0 0.778804 0.117606 0.0420649 0.0606103
0 0.568954 0.105851 0.0435507 0.0543983
0 0.252569 0.154168 0.0429153 0.0650777
0 0.175128 0.672571 0.0651201 0.0866649
0 0.509125 0.281308 0.0530985 0.0795701
0 0.60186 0.138219 0.0381553 0.0505974
0 0.546688 0.877441 0.0703562 0.0730888
0 0.37467 0.641046 0.0653423 0.101173
0 0.576733 0.0659158 0.0384754 0.0512594
0 0.502999 0.231275 0.0420955 0.0570833
0 0.372434 0.0218217 0.0403456 0.0436435
0 0.766363 0.439261 0.0558735 0.087324
0 0.714127 0.176222 0.0378513 0.059832
0 0.546752 0.0638775 0.0376112 0.0508287
0 0.326294 0.733567 0.0616466 0.083214
0 0.17535 0.61514 0.0517294 0.0585545
0 0.485324 0.140118 0.0454437 0.0632713
0 0.340614 0.204036 0.0489506 0.0605005
0 0.845778 0.479795 0.0486923 0.0745523
0 0.0339252 0.825776 0.0678504 0.121824
0 0.561745 0.0158324 0.0319248 0.0302242
0 0.362291 0.0691963 0.0412532 0.0648617
0 0.146186 0.375302 0.0596909 0.0906236
0 0.700159 0.87979 0.0752971 0.0957535
0 0.681273 0.166556 0.0422491 0.0570178
0 0.74246 0.784616 0.0735605 0.0933134
0 0.359287 0.309584 0.0501335 0.0667472
0 0.565426 0.451961 0.0748821 0.10165
0 0.825786 0.564158 0.0624889 0.0959756
0 0.680285 0.219762 0.0449281 0.0668519
0 0.538106 0.279458 0.0494347 0.069874
0 0.385455 0.222054 0.047801 0.0665445
0 0.690363 0.12245 0.03559 0.0493554
0 0.579995 0.0253166 0.0290522 0.0376941
0 0.821172 0.11875 0.0395535 0.0553168
0 0.349323 0.383147 0.0563479 0.0829561
0 0.40461 0.0316245 0.0339412 0.0568794
0 0.641724 0.267301 0.049386 0.0781864
0 0.0817441 0.316371 0.0440701 0.0690132
0 0.325228 0.895587 0.0800365 0.110355
0 0.481956 0.974278 0.140694 0.0493263
0 0.727596 0.413965 0.0413018 0.0471902
0 0.219537 0.0207152 0.0415293 0.04046
0 0.460528 0.974807 0.11283 0.048407
0 0.4371 0.20429 0.0439219 0.0642706
0 0.60033 0.041394 0.0313452 0.0385416
0 0.0893658 0.120733 0.0415251 0.0622578
0 0.620959 0.553511 0.0713326 0.0943463
0 0.302507 0.47812 0.0488203 0.0755013
0 0.912692 0.54369 0.0598606 0.0991195
0 0.43955 0.0114909 0.0342523 0.0229416
0 0.597334 0.185436 0.0436016 0.0585028
