0 0.215811 0.284498 0.0948741 0.144588
0 0.0528949 0.31361 0.10579 0.167115
0 0.686081 0.165551 0.0888297 0.127178
0 0.331657 0.377085 0.100867 0.140154
0 0.285549 0.236641 0.0987216 0.129263
0 0.394269 0.241134 0.0817298 0.117698
0 0.495131 0.230304 0.0851397 0.134349
0 0.150093 0.333152 0.071299 0.0943749
0 0.866146 0.139569 0.0844488 0.118764
0 0.612851 0.206108 0.0780002 0.115528
0 0.449453 0.225705 0.0562256 0.0967805
0 0.534679 0.152584 0.0599858 0.079776
0 0.354752 0.216856 0.048044 0.0834896
0 0.0152934 0.292537 0.0303309 0.119745
