0 0.665625 0.56256 0.117361 0.154847
0 0.684713 0.799454 0.101435 0.174507
0 0.403398 0.648492 0.100735 0.18016
0 0.456602 0.882589 0.101384 0.18304
0 0.517643 0.688579 0.0836233 0.134737
0 0.916212 0.866394 0.108183 0.193869
0 0.804533 0.682723 0.0937151 0.158393
0 0.570248 0.487996 0.0749068 0.124036
0 0.139474 0.86303 0.0971112 0.177223
0 0.697293 0.420673 0.0717995 0.116534
0 0.615607 0.367514 0.0671166 0.115845
0 0.740897 0.281592 0.069869 0.115389
0 0.461334 0.197788 0.0674298 0.126692
0 0.45472 0.47161 0.0771439 0.130925
0 0.368473 0.225994 0.0762181 0.14651
0 0.18952 0.382552 0.0801322 0.15237
0 0.255945 0.674356 0.070357 0.143527
0 0.831243 0.488321 0.078982 0.13243
0 0.0583562 0.689969 0.0860074 0.150823
0 0.915058 0.130692 0.0630146 0.115686
0 0.835964 0.23616 0.074849 0.120897
0 0.793172 0.161037 0.0640181 0.111495
0 0.256908 0.485814 0.0896659 0.140576
0 0.92561 0.42373 0.0788235 0.15364
0 0.519911 0.224054 0.0607611 0.113598
0 0.713492 0.191013 0.056537 0.0869947
0 0.0416159 0.308648 0.0626674 0.180445
0 0.0340345 0.520195 0.0679942 0.161982
0 0.144896 0.209514 0.0635027 0.100053
0 0.649539 0.230202 0.0574605 0.101735
0 0.950474 0.24472 0.0745979 0.121161
0 0.450329 0.0367629 0.0498337 0.0734326
0 0.415492 0.121807 0.0502522 0.0772014
0 0.672718 0.305774 0.0617739 0.0860744
0 0.512071 0.393036 0.0571383 0.1024
0 0.596087 0.265956 0.0576532 0.0843047
0 0.360108 0.410399 0.0660898 0.121567
0 0.967352 0.122145 0.0633873 0.0996141
0 0.260912 0.30844 0.0531319 0.0938726
0 0.548581 0.313045 0.0588674 0.0853557
0 0.338946 0.126298 0.0531558 0.0868517
0 0.733268 0.109432 0.0516424 0.0826852
0 0.757535 0.559519 0.0741224 0.118098
0 0.12217 0.315583 0.0625073 0.100452
0 0.839046 0.0960468 0.0549397 0.0998133
0 0.186171 0.135916 0.0566627 0.0880158
0 0.188567 0.251817 0.0668417 0.06466
0 0.659926 0.0550066 0.0479467 0.0884983
0 0.075617 0.236195 0.0559637 0.101779
0 0.770823 0.0627571 0.0465786 0.0824767
0 0.269739 0.0462888 0.0439487 0.067219
0 0.194215 0.0485614 0.0457838 0.0677209
0 0.420531 0.330772 0.0533349 0.09189
0 0.310872 0.284226 0.0494479 0.0675894
0 0.291962 0.157851 0.0515614 0.0839671
0 0.975355 0.450186 0.0492894 0.134981
0 0.514397 0.10072 0.051733 0.0985949
0 0.310165 0.0564368 0.0507458 0.0717867
0 0.0652965 0.129103 0.0429947 0.0756114
0 0.376545 0.515146 0.0521817 0.077091
0 0.230418 0.0342093 0.0545242 0.0681736
0 0.285163 0.397969 0.0689744 0.0838483
0 0.0576559 0.0384586 0.0423229 0.0762357
0 0.409897 0.0531583 0.0380677 0.0500672
0 0.116667 0.0534265 0.0484116 0.0512066
0 0.0412704 0.118143 0.0354738 0.0949614
0 0.623694 0.125695 0.0499512 0.0999177
0 0.696927 0.0959721 0.0449702 0.0826685
0 0.242685 0.187299 0.0562225 0.0810859
0 0.574126 0.0693467 0.0418802 0.0684081
0 0.108589 0.124481 0.0485218 0.0710598
0 0.607826 0.0273638 0.0365846 0.0408102
0 0.112613 0.402841 0.103957 0.122043
0 0.490922 0.0329491 0.0384209 0.0633014
0 0.083565 0.5298 0.0486471 0.0790225
0 0.879919 0.067439 0.0459148 0.0822827
0 0.109046 0.0161052 0.047906 0.0321972
0 0.480389 0.0908071 0.0342894 0.0595355
0 0.591459 0.125478 0.0414673 0.0942276
0 0.558759 0.12986 0.0529364 0.102785
0 0.705309 0.0369735 0.0351701 0.0472961
0 0.973951 0.551441 0.0502205 0.112825
0 0.175347 0.0134928 0.0428261 0.0269856
0 0.233063 0.232084 0.0446451 0.0458562
0 0.41706 0.208198 0.0483505 0.0964525
0 0.377209 0.0885412 0.0333917 0.0530076
0 0.74184 0.0410192 0.0362427 0.0496929
0 0.399376 0.0137534 0.0341214 0.0275068
0 0.554704 0.0370012 0.0398388 0.0640285
0 0.171058 0.0163994 0.041428 0.0327987
0 0.986861 0.0550823 0.0262785 0.0461596
