0 0.709705 0.74884 0.125619 0.163745
0 0.523883 0.715952 0.117595 0.160158
0 0.429692 0.565486 0.0543189 0.0709684
0 0.141636 0.588313 0.0694712 0.0869822
0 0.0469188 0.617904 0.076642 0.102711
0 0.287071 0.612745 0.0545683 0.0749559
0 0.884571 0.51118 0.0507359 0.0680911
0 0.925499 0.462199 0.0562492 0.0654734
0 0.871483 0.446078 0.0434591 0.0484107
0 0.57134 0.552818 0.0425669 0.0736777
0 0.334029 0.466638 0.029394 0.037439
0 0.83998 0.41119 0.0418264 0.047694
0 0.279694 0.534305 0.0482612 0.0516884
0 0.732112 0.465774 0.0332735 0.0421715
0 0.465742 0.560771 0.0348864 0.0529144
0 0.386893 0.595653 0.0486961 0.0651964
0 0.557888 0.468954 0.0362375 0.0459372
0 0.761672 0.49831 0.0440116 0.0630155
0 0.794354 0.487598 0.0336646 0.0446634
0 0.501094 0.458602 0.026763 0.0402655
0 0.646553 0.441217 0.0280741 0.0406075
0 0.240377 0.472376 0.0251409 0.0296192
0 0.518941 0.506288 0.0394205 0.0549912
0 0.181799 0.542977 0.0410214 0.0468313
0 0.0971602 0.559936 0.0403941 0.0451263
0 0.137402 0.523043 0.0296482 0.031584
0 0.642747 0.508376 0.0501472 0.0759905
0 0.0744269 0.501102 0.0286448 0.0283765
0 0.24788 0.560487 0.0365585 0.0467081
0 0.957751 0.438662 0.0352283 0.0408137
0 0.277131 0.488969 0.0251444 0.0277327
0 0.898738 0.415545 0.031575 0.0374868
0 0.376736 0.473908 0.0285793 0.0362334
0 0.66942 0.654633 0.0436604 0.0279894
0 0.0445024 0.537829 0.0414044 0.0526862
0 0.574429 0.431861 0.020455 0.0277161
0 0.164866 0.490442 0.0278023 0.033706
0 0.250306 0.504133 0.0297897 0.0382052
0 0.439286 0.457524 0.017368 0.0262098
0 0.372452 0.469074 0.0296844 0.0374525
0 0.785719 0.452257 0.028186 0.0296159
0 0.206562 0.499624 0.0231841 0.0286396
0 0.0716237 0.533441 0.0304631 0.0401127
0 0.0960618 0.528127 0.034004 0.0305851
0 0.400255 0.536292 0.0335321 0.0393583
0 0.617696 0.421076 0.0128288 0.0144865
0 0.303637 0.511212 0.0288191 0.038805
0 0.0969598 0.5665 0.0489984 0.0563883
0 0.804184 0.430841 0.023514 0.0294382
0 0.301766 0.505655 0.0279651 0.0341759
0 0.756811 0.406984 0.0127081 0.0154877
0 0.553011 0.431102 0.0182627 0.0255551
0 0.0119619 0.540042 0.0239156 0.0389735
0 0.294194 0.478025 0.0221991 0.0260778
0 0.758388 0.437545 0.0249641 0.0337727
0 0.417213 0.453157 0.0163257 0.0197578
0 0.0416413 0.529524 0.0387104 0.0451811
0 0.508403 0.430523 0.0141941 0.017238
0 0.7426 0.429759 0.0224266 0.0292599
0 0.538652 0.434059 0.0169724 0.0242302
0 0.470688 0.446108 0.0163317 0.0234116
0 0.6655 0.437577 0.0194898 0.030518
0 0.622255 0.437421 0.0185705 0.0249628
0 0.482823 0.445134 0.0167957 0.0226701
