0 0.776523 0.575187 0.0766428 0.11081
0 0.287382 0.634187 0.0784804 0.0882992
0 0.146244 0.67477 0.073431 0.115201
0 0.263446 0.432439 0.0633163 0.101529
0 0.0386642 0.521133 0.0749049 0.122806
0 0.179727 0.470582 0.0718069 0.111657
0 0.378141 0.615925 0.0724854 0.102996
0 0.444058 0.569326 0.0681036 0.097576
0 0.250774 0.773651 0.0846461 0.118101
0 0.847739 0.569048 0.0700562 0.104818
0 0.32692 0.456903 0.0648696 0.0969595
0 0.673643 0.649342 0.0747671 0.109155
0 0.700607 0.456764 0.0729452 0.09554
0 0.80246 0.419429 0.0618568 0.091502
0 0.653759 0.368902 0.0547778 0.0855762
0 0.0948309 0.484767 0.0625914 0.0817772
0 0.506492 0.288693 0.0503119 0.0754362
0 0.104079 0.287488 0.0498852 0.0560994
0 0.647738 0.482977 0.0652114 0.0825842
0 0.924877 0.5101 0.0643169 0.0876753
0 0.956593 0.42603 0.0633877 0.0853645
0 0.524696 0.592489 0.0596472 0.0835732
0 0.601231 0.311517 0.0541406 0.0802756
0 0.862793 0.413979 0.0538567 0.0694856
0 0.708558 0.315658 0.04238 0.0475495
0 0.562703 0.517628 0.0588045 0.0973103
0 0.327063 0.33889 0.0488848 0.0761266
0 0.114292 0.388094 0.0533437 0.0892223
0 0.392215 0.372242 0.0512748 0.0786594
0 0.929552 0.288614 0.0483555 0.075902
0 0.481204 0.444381 0.0520634 0.080327
0 0.765814 0.26423 0.042935 0.0515836
0 0.759247 0.465797 0.0472215 0.0597069
0 0.634324 0.283736 0.0357313 0.0496964
0 0.515347 0.39004 0.0493746 0.0809873
0 0.130847 0.579079 0.0769063 0.0538159
0 0.544121 0.299464 0.0400523 0.0689095
0 0.084076 0.739518 0.078113 0.118792
0 0.292129 0.176787 0.034197 0.0444426
0 0.735534 0.363464 0.0509129 0.066367
0 0.967723 0.282097 0.0334339 0.0646771
0 0.822429 0.322827 0.0504505 0.0707239
0 0.716752 0.559194 0.0533343 0.0913595
0 0.236744 0.156908 0.0395924 0.0427464
0 0.194649 0.287732 0.0500252 0.0764232
0 0.873897 0.268066 0.0458191 0.0633563
0 0.0607027 0.219849 0.0414477 0.0564729
0 0.293936 0.568088 0.0631424 0.0656086
0 0.196724 0.118325 0.0312817 0.0427874
0 0.331385 0.196313 0.0410474 0.0551094
0 0.591197 0.245555 0.049383 0.035647
0 0.215949 0.43037 0.042397 0.0775942
0 0.438262 0.427315 0.0473755 0.084809
0 0.27304 0.334318 0.0422503 0.0575148
0 0.629539 0.208644 0.0408281 0.0454767
0 0.706346 0.265147 0.0363224 0.0476121
0 0.112024 0.209491 0.0383802 0.0529137
0 0.802026 0.19957 0.0397882 0.0470398
0 0.518273 0.124195 0.0352074 0.0510636
0 0.717794 0.092364 0.0339649 0.0492596
0 0.600204 0.112933 0.0353146 0.0532422
0 0.551487 0.404402 0.0426955 0.0682204
0 0.760316 0.428121 0.0476034 0.0783849
0 0.0639983 0.426868 0.0615192 0.0542244
0 0.17955 0.185162 0.0412874 0.0557415
0 0.103309 0.100067 0.0334934 0.045226
0 0.444323 0.239277 0.0377505 0.0465465
0 0.723786 0.164271 0.0381088 0.0475343
0 0.684385 0.225698 0.0347162 0.0431378
0 0.770338 0.224153 0.039439 0.0429677
0 0.821614 0.0504396 0.0324726 0.0441618
0 0.0262685 0.146195 0.040553 0.0529401
0 0.197454 0.367265 0.0505081 0.0429871
0 0.595746 0.514833 0.0504185 0.0896471
0 0.513427 0.190596 0.0371114 0.0470397
0 0.898282 0.146782 0.0355198 0.0378238
0 0.568263 0.0256249 0.0319151 0.0437639
0 0.874863 0.111925 0.0321613 0.0385355
0 0.691253 0.369758 0.0451668 0.0616575
0 0.744929 0.0776425 0.0344337 0.0490682
0 0.786549 0.31649 0.0458544 0.0634001
0 0.772033 0.0200355 0.0330518 0.0400709
0 0.444054 0.299613 0.0390507 0.0544981
0 0.948718 0.117963 0.0358881 0.0485093
0 0.943901 0.192796 0.0327461 0.0449013
0 0.758877 0.313834 0.0511473 0.0619448
0 0.291988 0.133602 0.0349605 0.0391811
0 0.655275 0.260488 0.0385557 0.0568863
0 0.85265 0.157639 0.0358536 0.0376698
0 0.877796 0.489334 0.048698 0.0543161
0 0.341599 0.0763383 0.0294151 0.0385782
0 0.411187 0.311798 0.0370501 0.0521906
0 0.158485 0.0811429 0.0294348 0.0375974
0 0.692007 0.106258 0.0367685 0.0549662
0 0.857111 0.0491326 0.030341 0.0399592
0 0.710508 0.0361964 0.0310707 0.0400742
0 0.732262 0.255284 0.0353848 0.0541592
0 0.666727 0.199426 0.032417 0.0379505
0 0.169476 0.127167 0.0318725 0.0395737
0 0.826722 0.179758 0.0337557 0.0431643
0 0.671104 0.021524 0.0335118 0.0421347
0 0.727359 0.126337 0.0359356 0.0378191
0 0.152384 0.153481 0.0302946 0.0428393
0 0.773226 0.0787144 0.035333 0.047258
0 0.423515 0.176305 0.0374893 0.0379462
0 0.906175 0.184717 0.0368351 0.0417523
0 0.326801 0.117175 0.0309055 0.0373773
0 0.877157 0.340516 0.0539583 0.0670624
0 0.570713 0.166357 0.0352549 0.0500738
0 0.947072 0.354482 0.0409634 0.0370925
0 0.259194 0.070571 0.029792 0.0354178
0 0.870984 0.216188 0.0381443 0.0348483
0 0.228039 0.248823 0.0378987 0.0502286
0 0.93847 0.0816045 0.0302845 0.0346769
0 0.397955 0.231121 0.0353162 0.049157
0 0.45489 0.0294267 0.0288838 0.0413554
0 0.962653 0.235367 0.0305862 0.036988
0 0.711812 0.204687 0.0319173 0.0392133
0 0.504283 0.057755 0.0279999 0.0368308
0 0.377717 0.106746 0.0369338 0.0508321
0 0.268655 0.0413744 0.0262201 0.0311453
0 0.813647 0.126552 0.0380547 0.0470866
0 0.145086 0.297446 0.0409603 0.0513477
0 0.672095 0.310364 0.0366226 0.0433644
0 0.449779 0.123602 0.030567 0.0365721
0 0.930946 0.223356 0.0314533 0.0328387
0 0.766372 0.134874 0.0367849 0.0394012
0 0.23958 0.20008 0.0406714 0.0463584
0 0.541858 0.0271391 0.0277645 0.0383551
0 0.406244 0.123573 0.0323897 0.0386006
0 0.636818 0.114125 0.0366869 0.0428213
0 0.820803 0.236444 0.0357727 0.0360925
0 0.475545 0.143954 0.0316974 0.0362118
0 0.862933 0.187468 0.0351753 0.0345356
0 0.167742 0.0448624 0.0275265 0.0331506
0 0.762637 0.170227 0.0380909 0.0421321
0 0.0379533 0.280243 0.04974 0.0722838
0 0.900854 0.227436 0.029637 0.0351803
0 0.848924 0.105634 0.0326542 0.0424907
0 0.20886 0.0880583 0.0289334 0.0350912
0 0.860155 0.517794 0.0687973 0.0809325
0 0.262611 0.249883 0.0346468 0.0399632
0 0.906593 0.342377 0.0426708 0.0646787
0 0.272074 0.198913 0.0359334 0.0459326
0 0.671585 0.15554 0.0410931 0.0375799
0 0.424068 0.213027 0.0321 0.03583
0 0.280708 0.287019 0.034349 0.0347327
0 0.31685 0.222716 0.0350878 0.0400607
0 0.0319783 0.197006 0.0318586 0.0485984
0 0.602656 0.18079 0.036414 0.0457846
0 0.570691 0.217687 0.0371698 0.0356799
0 0.571633 0.399514 0.0498706 0.0721723
0 0.141094 0.128116 0.0302308 0.0356316
0 0.250115 0.121683 0.0290668 0.0342421
0 0.386466 0.062344 0.0264642 0.0334093
0 0.623843 0.143948 0.0328513 0.043972
0 0.357918 0.30364 0.0378656 0.0563047
0 0.191082 0.0669771 0.0272708 0.0305498
0 0.436967 0.146779 0.0329373 0.0331476
0 0.174549 0.229146 0.0365111 0.0302261
0 0.450855 0.343687 0.0377254 0.0442662
0 0.0889172 0.186639 0.0300481 0.0417093
0 0.0117447 0.424022 0.0234894 0.0744124
0 0.671673 0.0778886 0.0294977 0.0436653
0 0.106452 0.0469707 0.0275207 0.0298794
0 0.839909 0.118711 0.0339687 0.0438809
0 0.846927 0.112249 0.0339281 0.046912
0 0.640805 0.0720605 0.0344372 0.0356662
0 0.245166 0.0349686 0.0265827 0.0295053
0 0.363922 0.260822 0.0377149 0.0465932
0 0.330202 0.15779 0.033282 0.0265563
0 0.239196 0.313302 0.0349206 0.045967
0 0.125764 0.179798 0.0395418 0.0487602
0 0.637165 0.0294242 0.0284998 0.0300586
0 0.461821 0.200664 0.0359888 0.0349293
0 0.41975 0.102104 0.0294621 0.0323967
0 0.00687725 0.132886 0.0137545 0.0463624
0 0.895842 0.342989 0.0524315 0.0681104
0 0.47263 0.248738 0.0359009 0.0489388
0 0.0518906 0.157204 0.0345925 0.0401751
0 0.414638 0.0617876 0.0289908 0.0355072
0 0.469203 0.0868884 0.0331289 0.0431553
0 0.472267 0.266281 0.0354449 0.0668027
0 0.32636 0.251004 0.0314589 0.0266417
0 0.444129 0.0840707 0.0269938 0.0335969
0 0.404445 0.161266 0.0303361 0.0393098
0 0.432622 0.0347453 0.0272635 0.0380126
0 0.0150884 0.332884 0.0301623 0.0507586
0 0.38081 0.259732 0.0326801 0.0462883
0 0.54802 0.112243 0.0303659 0.0428216
0 0.52235 0.227854 0.0343305 0.0344401
0 0.549373 0.164213 0.0329465 0.0476665
0 0.641686 0.0464168 0.0297234 0.0275804
0 0.572608 0.115622 0.0300692 0.0431426
0 0.956827 0.169249 0.0296904 0.0384102
0 0.68273 0.265653 0.0334557 0.0498183
0 0.977715 0.359575 0.0235054 0.0545358
0 0.858078 0.508763 0.0623991 0.0616488
0 0.964416 0.178658 0.0212233 0.0452308
0 0.97886 0.367901 0.0281721 0.0694459
0 0.122234 0.172849 0.037961 0.0413216
0 0.969378 0.214393 0.0204651 0.0408649
