0 0.86131 0.683508 0.10044 0.0623071
0 0.355134 0.368132 0.0531828 0.0420317
0 0.405555 0.676022 0.0990221 0.0718209
0 0.946753 0.79608 0.0750668 0.0699728
0 0.0923919 0.570908 0.0738974 0.0569458
0 0.158295 0.789399 0.0848131 0.0716524
0 0.856611 0.563818 0.0748875 0.050428
0 0.111254 0.878727 0.126701 0.0666565
0 0.161355 0.274488 0.0445385 0.0353352
0 0.65403 0.476267 0.0602575 0.0424099
0 0.717077 0.416003 0.0500465 0.0351919
0 0.249481 0.295498 0.039264 0.0321352
0 0.490683 0.506119 0.070846 0.0523313
0 0.810007 0.429361 0.0472358 0.0362103
0 0.511395 0.221537 0.0423494 0.0335793
0 0.926689 0.449284 0.0511856 0.039188
0 0.180346 0.452336 0.0613505 0.0401206
0 0.437225 0.830384 0.0987429 0.0656536
0 0.477154 0.19188 0.0349476 0.0281767
0 0.234394 0.432055 0.0537881 0.0425896
0 0.124995 0.35611 0.047894 0.0371978
0 0.768409 0.567622 0.0766495 0.0471218
0 0.704699 0.385303 0.0536946 0.029801
0 0.582523 0.21775 0.0404753 0.0309423
0 0.321612 0.20746 0.0448593 0.0315631
0 0.687012 0.214426 0.0306003 0.0244435
0 0.74168 0.306549 0.0423478 0.0287785
0 0.426062 0.244096 0.0351769 0.0330628
0 0.441837 0.352383 0.0534436 0.033192
0 0.655415 0.657884 0.0743617 0.0487326
0 0.291068 0.327143 0.0344394 0.0298202
0 0.615317 0.369798 0.0437591 0.0327605
0 0.127669 0.429929 0.0628099 0.0463686
0 0.947209 0.20025 0.0315071 0.0216205
0 0.91466 0.17828 0.0319744 0.0227451
0 0.636164 0.605712 0.0902704 0.0552873
0 0.349648 0.171896 0.0341505 0.0251342
0 0.17983 0.167875 0.029919 0.0207329
0 0.217125 0.267818 0.0352469 0.0275934
0 0.39216 0.356932 0.030774 0.0276258
0 0.11949 0.43563 0.0539444 0.0421719
0 0.190316 0.187905 0.0352779 0.0263007
0 0.859938 0.196074 0.0396587 0.0275801
0 0.800314 0.277561 0.0345276 0.0237812
0 0.777667 0.237896 0.0340978 0.0230756
0 0.456378 0.2438 0.0439152 0.0343334
0 0.294048 0.0908486 0.0245164 0.0167703
0 0.624869 0.226848 0.0378303 0.0269886
0 0.979568 0.234586 0.0374268 0.0259738
0 0.356331 0.213539 0.0332017 0.0249357
0 0.769061 0.197141 0.0290104 0.0200011
0 0.49326 0.452097 0.054372 0.041649
0 0.461365 0.597799 0.0635813 0.0583559
0 0.687727 0.182864 0.0291296 0.0236169
0 0.206386 0.0577003 0.0276393 0.0192094
0 0.0833995 0.249122 0.0410272 0.0285789
0 0.96349 0.179419 0.0313759 0.0204501
0 0.345855 0.109661 0.0270981 0.0188807
0 0.562724 0.138356 0.0324196 0.0220291
0 0.524775 0.0779255 0.0229197 0.0173598
0 0.0404561 0.238675 0.0429944 0.0401591
0 0.91856 0.147904 0.0259974 0.0213866
0 0.192177 0.402852 0.0597748 0.0362604
0 0.718602 0.148024 0.0242068 0.0169045
0 0.250725 0.258373 0.0403483 0.0309986
0 0.149007 0.166476 0.0376591 0.0182699
0 0.564979 0.18806 0.0316561 0.0249654
0 0.204259 0.340487 0.0492176 0.0313111
0 0.147273 0.081661 0.0302302 0.0225424
0 0.563864 0.0952453 0.0248997 0.0174555
0 0.74428 0.261118 0.0353614 0.0240166
0 0.268663 0.197136 0.0324473 0.026013
0 0.859559 0.145856 0.0279491 0.0192366
0 0.636063 0.5578 0.0746535 0.0435491
0 0.220922 0.18852 0.0314364 0.024196
0 0.527191 0.0427119 0.0212486 0.0140528
0 0.676559 0.161195 0.0256642 0.0202345
0 0.965139 0.186579 0.0286139 0.0199067
0 0.567761 0.184433 0.0340316 0.0247675
0 0.984442 0.236138 0.0300758 0.0261263
0 0.389794 0.0418156 0.0220771 0.0149306
0 0.848863 0.179681 0.0314716 0.0225636
0 0.718451 0.165933 0.0296096 0.0204298
0 0.440356 0.0541675 0.0217861 0.0157398
0 0.67562 0.164277 0.0248583 0.0215468
0 0.0325605 0.212242 0.0268495 0.0360077
0 0.473031 0.0725257 0.0227983 0.0167683
0 0.948335 0.313388 0.0400627 0.0308409
0 0.646371 0.440362 0.0415499 0.0270536
