0 0.688295 0.287118 0.0686848 0.0924911
0 0.793319 0.372373 0.0895727 0.120586
0 0.600365 0.372556 0.054766 0.0879823
0 0.803481 0.277446 0.0579154 0.0709367
0 0.350511 0.421782 0.0523103 0.0705633
0 0.477663 0.376962 0.0542635 0.0856147
0 0.531409 0.337099 0.0502376 0.072802
0 0.103121 0.392436 0.0518426 0.0753215
0 0.281395 0.412942 0.0432725 0.060345
0 0.241199 0.37673 0.0375832 0.0516314
0 0.393703 0.343221 0.0371284 0.0535823
0 0.512141 0.369848 0.0375253 0.0628396
0 0.383548 0.307086 0.0340976 0.0414091
0 0.437311 0.358437 0.0383553 0.0569119
0 0.361141 0.342011 0.0333189 0.0424052
0 0.224238 0.422841 0.0412893 0.0589672
0 0.253536 0.334792 0.0298054 0.0373888
0 0.177849 0.406825 0.0408292 0.0584751
0 0.468235 0.313442 0.0373182 0.0408917
0 0.590287 0.320172 0.0465206 0.0433359
0 0.90421 0.270902 0.100292 0.130981
0 0.630458 0.308758 0.0509588 0.0617296
0 0.35114 0.316368 0.0283395 0.0294274
0 0.439718 0.322624 0.0336422 0.0412764
0 0.198592 0.387927 0.031081 0.040995
0 0.3209 0.352135 0.0311323 0.0443201
0 0.185677 0.356109 0.0340859 0.0404241
0 0.299707 0.384068 0.0336702 0.0479074
0 0.0259151 0.435693 0.0364799 0.0510943
0 0.066532 0.416515 0.0282038 0.0419876
0 0.0686093 0.38265 0.0253371 0.0328746
0 0.302999 0.337308 0.0226346 0.0297007
0 0.372607 0.374544 0.0336777 0.045589
