0 0.114165 0.763739 0.10107 0.132261
0 0.739696 0.698396 0.0559204 0.0764229
0 0.449331 0.67509 0.0283748 0.0435978
0 0.25924 0.656828 0.0275329 0.034552
0 0.554879 0.65154 0.0362444 0.0486269
0 0.676358 0.643606 0.0319388 0.049288
0 0.366583 0.678258 0.0258245 0.0322737
0 0.371084 0.733604 0.050612 0.0605738
0 0.604068 0.648949 0.0324673 0.0433447
0 0.216076 0.681272 0.0266506 0.0343328
0 0.470732 0.664065 0.0222204 0.0366475
0 0.512991 0.673547 0.0304142 0.0426956
0 0.354885 0.781685 0.0494668 0.0654038
0 0.42938 0.659625 0.0229614 0.0360798
0 0.366763 0.727987 0.0455482 0.054873
0 0.499903 0.658031 0.0198084 0.0275781
0 0.627609 0.653229 0.0265553 0.0366116
