0 0.787615 0.8595 0.0630462 0.0973347
0 0.588447 0.819666 0.0586082 0.093924
0 0.690396 0.885125 0.0762502 0.0845896
0 0.40684 0.549036 0.0418209 0.0699911
0 0.486336 0.76131 0.0561993 0.0878037
0 0.400017 0.673554 0.0559582 0.0794953
0 0.334356 0.673736 0.0604817 0.0860863
0 0.315471 0.581248 0.0426322 0.0696424
0 0.130422 0.61515 0.0374966 0.0679893
0 0.816215 0.579074 0.0370864 0.0606177
0 0.405035 0.837391 0.0748171 0.0985226
0 0.208742 0.749595 0.056509 0.0875042
0 0.362623 0.568676 0.0478751 0.0842297
0 0.473133 0.542034 0.0348837 0.0565069
0 0.481217 0.6811 0.0471809 0.0607259
0 0.253048 0.497021 0.036079 0.0638926
0 0.30995 0.772694 0.0536905 0.0748467
0 0.622405 0.516604 0.0401632 0.0610665
0 0.776351 0.604247 0.0382769 0.0617626
0 0.891895 0.543569 0.0333809 0.0588308
0 0.676677 0.612625 0.0464592 0.0645453
0 0.0798498 0.510786 0.0328884 0.0593512
0 0.931824 0.826493 0.0530701 0.0830244
0 0.722182 0.689481 0.046866 0.0712845
0 0.205569 0.517454 0.0311798 0.0593088
0 0.147126 0.84083 0.0525797 0.0817194
0 0.152861 0.591364 0.0322243 0.0545593
0 0.175808 0.484015 0.0317103 0.0593356
0 0.570667 0.656401 0.0540331 0.0861273
0 0.508091 0.545483 0.036791 0.0583551
0 0.927919 0.737217 0.0457142 0.0721405
0 0.633912 0.687389 0.0428698 0.0678272
0 0.391936 0.481795 0.0324435 0.056256
0 0.688769 0.505017 0.0336815 0.0540701
0 0.125424 0.522546 0.0316532 0.0534987
0 0.100918 0.583314 0.036148 0.0774988
0 0.547612 0.543708 0.0296328 0.0485348
0 0.855905 0.5323 0.033935 0.0608356
0 0.976181 0.479731 0.0317429 0.0550641
0 0.75755 0.666062 0.0381992 0.0625721
0 0.728737 0.853411 0.0522305 0.0963913
0 0.224573 0.601872 0.0467951 0.0846843
0 0.593832 0.443696 0.0243135 0.0389153
0 0.0209103 0.608232 0.0372613 0.0608155
0 0.0177948 0.681399 0.0354262 0.0653418
0 0.468786 0.393456 0.0246654 0.0400862
0 0.94377 0.641234 0.0420128 0.0647523
0 0.796103 0.46881 0.0295984 0.0456387
0 0.91303 0.463444 0.0298952 0.0464219
0 0.349984 0.460351 0.0299556 0.0485126
0 0.886654 0.655845 0.0401234 0.0642878
0 0.573073 0.50096 0.030991 0.0482451
0 0.456256 0.441111 0.0262013 0.0479105
0 0.658384 0.422211 0.0242769 0.0367014
0 0.205844 0.425419 0.0267028 0.0466109
0 0.900043 0.938089 0.0736938 0.109386
0 0.771275 0.470866 0.0290472 0.0459055
0 0.342936 0.403131 0.0215169 0.0408761
0 0.291135 0.398135 0.0203404 0.0410014
0 0.264785 0.705501 0.0437632 0.0577616
0 0.143508 0.409711 0.0230239 0.0429615
0 0.518569 0.425194 0.0215606 0.0394369
0 0.752623 0.42315 0.0250977 0.0365173
0 0.47603 0.621443 0.0297574 0.0425577
0 0.271824 0.466456 0.0266187 0.0415665
0 0.938168 0.560792 0.0348965 0.0497318
0 0.168559 0.412527 0.026911 0.0461536
0 0.778281 0.39793 0.0232406 0.0303661
0 0.0591239 0.437842 0.0260733 0.0452503
0 0.478851 0.486112 0.0286419 0.0436806
0 0.62396 0.396335 0.0222731 0.0352995
0 0.493261 0.403097 0.0227711 0.0400131
0 0.505853 0.628365 0.0327221 0.0496617
0 0.433423 0.385463 0.0245956 0.0403556
0 0.663556 0.390089 0.0207602 0.0269636
0 0.227134 0.487791 0.0234805 0.0467827
0 0.797968 0.415194 0.0287882 0.0466031
0 0.872598 0.43171 0.0239346 0.03212
0 0.111017 0.488083 0.0286711 0.0472722
0 0.334577 0.744516 0.0365598 0.0581411
0 0.509372 0.365652 0.0206627 0.0344086
0 0.0907989 0.379691 0.0252987 0.0429919
0 0.156302 0.370435 0.0230096 0.0379145
0 0.819633 0.420097 0.025552 0.0416121
0 0.793169 0.547145 0.0306852 0.0459875
0 0.346262 0.35467 0.0197018 0.0328007
0 0.683898 0.39614 0.0228406 0.0357553
0 0.406739 0.375964 0.0228568 0.0422831
0 0.921675 0.374695 0.0221104 0.0298388
0 0.740125 0.507962 0.0299774 0.0553354
0 0.551926 0.394539 0.0223006 0.0263995
0 0.654071 0.483167 0.0325725 0.0522661
0 0.312313 0.405046 0.0217309 0.0380548
0 0.191069 0.588115 0.0342513 0.0638475
0 0.500394 0.454419 0.0258598 0.0445522
0 0.254925 0.364738 0.019188 0.0358118
0 0.769904 0.525225 0.0306303 0.0505537
0 0.550524 0.428897 0.0235765 0.0383807
0 0.714596 0.365162 0.0199306 0.0270458
0 0.309723 0.496054 0.0268729 0.0427921
0 0.541232 0.375042 0.0204979 0.0256247
0 0.316386 0.369358 0.0172816 0.0241948
0 0.298345 0.359609 0.0181092 0.0308032
0 0.188592 0.352239 0.0211239 0.034128
0 0.249849 0.433002 0.0230053 0.0437746
0 0.129622 0.344173 0.0201051 0.0319423
0 0.0108185 0.439077 0.0205071 0.0478882
0 0.464566 0.342544 0.0197815 0.0282097
0 0.969812 0.411783 0.0237282 0.0311102
0 0.706995 0.404577 0.0227355 0.0357706
0 0.374728 0.374636 0.0200686 0.034809
0 0.834681 0.392289 0.0206467 0.0277386
0 0.928038 0.597769 0.0354225 0.0339294
0 0.549138 0.61171 0.040744 0.0481141
0 0.265632 0.4149 0.0221962 0.0414242
0 0.768399 0.372829 0.0220707 0.0271111
0 0.898425 0.419759 0.0246399 0.037421
0 0.928083 0.430794 0.0250118 0.0346664
0 0.560033 0.357719 0.0189302 0.0250825
0 0.64015 0.34724 0.0201181 0.0241454
0 0.0564121 0.30251 0.016691 0.0242129
0 0.309817 0.448615 0.0249458 0.0444664
0 0.444967 0.352776 0.0189896 0.0302646
0 0.662441 0.33103 0.0200497 0.0259214
0 0.810067 0.360389 0.0196781 0.0223008
0 0.568898 0.380953 0.0196072 0.0295179
0 0.577953 0.426841 0.02085 0.0354042
0 0.0796437 0.295875 0.0162635 0.0207226
0 0.529327 0.290193 0.0155643 0.0199104
0 0.841253 0.48876 0.0269634 0.0293953
0 0.360106 0.379497 0.0156245 0.0325244
0 0.292411 0.306914 0.018348 0.0256291
0 0.604721 0.405658 0.0198346 0.0297915
0 0.792554 0.376103 0.0197381 0.0256829
0 0.20235 0.290998 0.0154866 0.0225041
0 0.443924 0.346187 0.0185755 0.0274221
0 0.308392 0.296862 0.0145525 0.0212204
0 0.691633 0.36565 0.0193173 0.0253136
0 0.212457 0.334291 0.0202434 0.0338584
0 0.37397 0.339474 0.0172553 0.0255005
0 0.0812019 0.337597 0.0184556 0.0263701
0 0.111166 0.318143 0.018168 0.0262925
0 0.682035 0.338989 0.01805 0.0230507
0 0.128887 0.317154 0.017042 0.0221947
0 0.623899 0.304413 0.0162411 0.0217654
0 0.193357 0.38761 0.0222 0.0372869
0 0.205323 0.464583 0.0260961 0.0374365
0 0.731686 0.372628 0.0194084 0.0235823
0 0.286683 0.440555 0.0228329 0.0389883
0 0.407363 0.323468 0.0166893 0.0206594
0 0.217065 0.297829 0.0165476 0.0218663
0 0.179116 0.310184 0.0173079 0.021952
0 0.488038 0.329975 0.0161766 0.0241212
0 0.622695 0.367582 0.0179667 0.0212747
0 0.583614 0.401336 0.0208599 0.0265928
0 0.270922 0.361908 0.0180183 0.0335634
0 0.979429 0.38613 0.0212667 0.024819
0 0.262451 0.308863 0.0158978 0.0249604
0 0.326789 0.296801 0.015277 0.0216367
0 0.57712 0.308638 0.0144365 0.0194068
0 0.958761 0.972276 0.0508818 0.0554487
0 0.904317 0.395078 0.022254 0.0219812
0 0.537594 0.349589 0.019367 0.027449
0 0.705054 0.772851 0.0539255 0.040562
0 0.352481 0.315591 0.0149756 0.024258
0 0.115789 0.406129 0.0244141 0.0428647
0 0.226537 0.347475 0.0194733 0.0311713
0 0.0938997 0.343147 0.0172827 0.0237738
0 0.491933 0.302407 0.0161884 0.0219661
0 0.223511 0.370576 0.0195981 0.0308311
0 0.585191 0.32694 0.0163525 0.0206955
0 0.114448 0.297324 0.015577 0.0202934
0 0.638516 0.385175 0.018109 0.0286629
0 0.952987 0.396491 0.0192959 0.0259879
0 0.334887 0.307775 0.0162696 0.0247157
0 0.0675994 0.324247 0.017948 0.0236371
0 0.850748 0.374414 0.0223236 0.0280328
0 0.606762 0.269573 0.0125343 0.0157261
0 0.0654725 0.327065 0.0186994 0.0248412
0 0.247019 0.310719 0.0165855 0.0226528
0 0.145903 0.244423 0.0122449 0.016972
0 0.623262 0.330365 0.0165235 0.0216358
0 0.615037 0.343906 0.0168823 0.0226855
0 0.606642 0.336746 0.0168158 0.0208105
0 0.973822 0.360019 0.0178276 0.0198441
0 0.172453 0.340789 0.0177383 0.0280073
0 0.553751 0.284299 0.0129874 0.0164188
0 0.00782544 0.527788 0.0156509 0.0524432
0 0.232402 0.316792 0.0168991 0.0241164
0 0.733501 0.378888 0.0198397 0.0270585
0 0.934776 0.405411 0.0200703 0.0239678
0 0.285044 0.358653 0.0162356 0.0323071
0 0.0400089 0.319623 0.01673 0.0245485
0 0.595972 0.351202 0.0182123 0.023247
0 0.179163 0.277984 0.0150334 0.022018
0 0.218218 0.304011 0.0168099 0.0239556
0 0.317868 0.321028 0.0165018 0.0251421
0 0.753875 0.393682 0.0193312 0.0242643
0 0.152476 0.290528 0.0153822 0.0223283
0 0.13325 0.281791 0.0138987 0.0205403
0 0.339551 0.307891 0.0155845 0.0245946
0 0.579521 0.276605 0.0137205 0.0181876
0 0.328629 0.33684 0.0169738 0.0260527
0 0.872811 0.357064 0.0175522 0.0224545
0 0.609121 0.340238 0.0171534 0.0232098
0 0.886173 0.374842 0.0204475 0.025002
0 0.706362 0.781355 0.0527251 0.0373009
0 0.214686 0.389235 0.0193551 0.0319863
0 0.745877 0.596767 0.0369663 0.0585363
0 0.106134 0.366389 0.0184614 0.029424
0 0.0426867 0.365186 0.0227669 0.034863
0 0.181135 0.2724 0.0156277 0.0222831
0 0.977782 0.361247 0.0180222 0.0208473
0 0.0970365 0.280588 0.01506 0.0221292
0 0.119764 0.270375 0.0153527 0.0200484
0 0.328246 0.342868 0.0177267 0.0289259
0 0.59745 0.315841 0.0152987 0.0200378
0 0.397683 0.339976 0.0166629 0.0236677
0 0.937601 0.383338 0.0165806 0.0234277
0 0.429616 0.320594 0.0181381 0.0227053
0 0.71595 0.344778 0.0182625 0.0183471
0 0.23754 0.360237 0.017251 0.0337624
0 0.579487 0.27355 0.0130197 0.0173569
0 0.367255 0.305006 0.0161842 0.0222041
0 0.152989 0.27017 0.0148619 0.0207694
0 0.327499 0.266483 0.0136306 0.0183193
0 0.73489 0.398942 0.0211475 0.0318502
0 0.173323 0.336533 0.0176482 0.0276218
0 0.544147 0.501447 0.0263109 0.0408052
0 0.217022 0.258598 0.0138238 0.0185967
0 0.0666356 0.356343 0.0201003 0.0299648
0 0.956336 0.928004 0.0563229 0.100563
0 0.617962 0.469599 0.0227081 0.0266052
0 0.953343 0.350497 0.0185951 0.0197798
0 0.566581 0.333525 0.0176563 0.0239998
0 0.567481 0.339955 0.017055 0.021011
0 0.855223 0.373668 0.0223484 0.0287251
0 0.73779 0.394591 0.0199932 0.0299881
0 0.688085 0.362283 0.0189688 0.0239782
0 0.606498 0.367394 0.019085 0.0251558
0 0.157274 0.330867 0.0186098 0.0251696
0 0.0161606 0.336392 0.0166203 0.0318899
0 0.328821 0.350759 0.0165008 0.0279074
0 0.357236 0.294041 0.0140951 0.019206
0 0.159583 0.316859 0.0176609 0.0269034
0 0.111664 0.297049 0.0157564 0.0207471
0 0.354253 0.310938 0.0156625 0.0236763
0 0.262078 0.285245 0.0139651 0.0208812
0 0.316284 0.324073 0.0163963 0.0242762
0 0.175938 0.332029 0.0172261 0.0268148
0 0.165274 0.280993 0.0150697 0.0214552
0 0.503821 0.331733 0.0176447 0.0241202
0 0.839883 0.427729 0.0247757 0.0394161
0 0.308496 0.300102 0.0159371 0.0233659
0 0.431182 0.342845 0.0171274 0.0256504
0 0.0165175 0.390644 0.0207315 0.0363796
0 0.013576 0.337182 0.0138969 0.0316828
0 0.136224 0.306957 0.0162578 0.0245098
0 0.713345 0.404404 0.0222271 0.0350671
0 0.639284 0.353913 0.0194551 0.0280988
0 0.446251 0.286592 0.0140392 0.0196727
0 0.420435 0.270351 0.012858 0.0176238
0 0.889993 0.37488 0.0220535 0.0249264
0 0.973257 0.364506 0.0168158 0.0206644
0 0.385401 0.409485 0.0223227 0.029281
0 0.954987 0.369132 0.0190582 0.020279
0 0.382272 0.433385 0.0233582 0.0331512
0 0.472112 0.309025 0.0153181 0.022241
0 0.252794 0.29532 0.0135686 0.0192751
