0 0.773643 0.31159 0.0833851 0.116697
0 0.247428 0.314768 0.0695419 0.109225
0 0.578727 0.243898 0.0645393 0.110304
0 0.0425659 0.319191 0.0843177 0.129504
0 0.643084 0.233205 0.0533575 0.0844464
0 0.42188 0.21838 0.0636721 0.123209
0 0.463134 0.285944 0.0502879 0.0668846
0 0.931239 0.21968 0.0584763 0.0861908
0 0.128452 0.258663 0.0431585 0.0623004
0 0.32203 0.289273 0.0352796 0.0492759
0 0.160668 0.287704 0.0362355 0.0441986
0 0.833289 0.245451 0.0310501 0.0374656
0 0.504267 0.331766 0.0420563 0.0541399
0 0.857789 0.251938 0.0242928 0.0300875
0 0.195429 0.296899 0.0365831 0.0561147
0 0.295024 0.317947 0.0369893 0.0609323
0 0.892205 0.249166 0.0254177 0.0324044
0 0.525627 0.287872 0.0353352 0.0462112
