0 0.176102 0.351142 0.0666715 0.113192
0 0.234003 0.55139 0.0742511 0.12007
0 0.305838 0.301857 0.0714814 0.133773
0 0.695882 0.597117 0.0697472 0.117052
0 0.374726 0.213693 0.0712344 0.126496
0 0.583485 0.512638 0.0718871 0.108996
0 0.431407 0.172289 0.0658322 0.0958633
0 0.606163 0.164774 0.0683401 0.111027
0 0.318558 0.481009 0.071834 0.111205
0 0.475275 0.243319 0.0618519 0.104025
0 0.415117 0.4683 0.0595101 0.095937
0 0.117089 0.525478 0.0465581 0.0759388
0 0.691513 0.0798177 0.0669926 0.102085
0 0.491332 0.472615 0.0577486 0.102308
0 0.528041 0.164029 0.0582001 0.0975224
0 0.806055 0.434214 0.072847 0.12492
0 0.524698 0.478778 0.0529115 0.0996286
0 0.805353 0.0310889 0.0593037 0.0621777
