0 0.175577 0.682604 0.0391366 0.0446353
0 0.842537 0.513773 0.047657 0.0583212
0 0.429789 0.653202 0.0461934 0.0546202
0 0.315922 0.564045 0.0325242 0.0489287
0 0.271511 0.640491 0.0400098 0.0492847
0 0.281691 0.58254 0.0251259 0.0362059
0 0.21571 0.625833 0.0474019 0.0610353
0 0.647145 0.497287 0.0394902 0.0454697
0 0.435992 0.565401 0.0320663 0.044195
0 0.938076 0.477722 0.0348537 0.0427528
0 0.211586 0.556258 0.0264503 0.0342466
0 0.131758 0.639131 0.0348331 0.0485188
0 0.0248515 0.616213 0.0329054 0.059874
0 0.346372 0.517633 0.0286387 0.0331833
0 0.0947801 0.59821 0.0303804 0.0357389
0 0.378653 0.533823 0.0203413 0.0267731
0 0.714261 0.543344 0.0442276 0.0484577
0 0.979243 0.454422 0.0366459 0.0574274
0 0.897619 0.488594 0.0371033 0.0431424
0 0.476563 0.565699 0.0298319 0.037433
0 0.468765 0.480618 0.0163863 0.0220179
0 0.191053 0.586671 0.0296577 0.0348997
0 0.862718 0.476683 0.0317083 0.0412487
0 0.814048 0.401524 0.0325388 0.0429222
0 0.236557 0.536444 0.0207161 0.0263929
0 0.722139 0.475076 0.0304361 0.0358166
0 0.679298 0.472774 0.0228539 0.0267886
0 0.0771882 0.546433 0.0221889 0.0282212
0 0.152881 0.585961 0.0310208 0.0440104
0 0.262575 0.54574 0.0244627 0.0317707
0 0.703716 0.50373 0.028952 0.0328885
0 0.399838 0.524706 0.0223914 0.0251678
0 0.44495 0.49167 0.0166112 0.020352
0 0.303351 0.516352 0.0217134 0.027933
0 0.259226 0.522535 0.019851 0.0216535
0 0.628219 0.558557 0.0438916 0.0470707
0 0.0981498 0.559765 0.0235326 0.03217
0 0.49549 0.524505 0.0304007 0.0583238
0 0.440583 0.517677 0.0252835 0.0293474
0 0.574214 0.468048 0.0324178 0.0406864
0 0.395192 0.479098 0.0156381 0.0201129
0 0.216143 0.498707 0.0166456 0.0190323
0 0.796122 0.427848 0.0278557 0.0344839
0 0.238178 0.507514 0.0174623 0.0217953
0 0.162765 0.558951 0.0264438 0.0371171
0 0.921379 0.441717 0.0259232 0.0307381
0 0.454661 0.470601 0.0130911 0.0167915
0 0.97687 0.539192 0.0462595 0.0710252
0 0.105341 0.528722 0.0186998 0.0220371
0 0.457857 0.510061 0.0183823 0.0235249
0 0.706102 0.452945 0.0188562 0.0227903
0 0.0903333 0.641925 0.03042 0.0427434
0 0.609107 0.490476 0.0252632 0.0324144
0 0.0609456 0.537226 0.0196834 0.027538
0 0.368259 0.481918 0.0165017 0.0210829
0 0.807897 0.462103 0.0273499 0.0334016
0 0.943774 0.431143 0.02117 0.027553
0 0.0676926 0.629222 0.0336401 0.0437975
0 0.407903 0.504107 0.0223015 0.0251079
0 0.0766702 0.568798 0.0221319 0.0272875
0 0.0312819 0.553471 0.0188532 0.024516
0 0.458898 0.514261 0.0193895 0.0264652
0 0.694813 0.477495 0.0218277 0.0268103
0 0.178178 0.490526 0.0206656 0.023107
0 0.481783 0.467944 0.0143661 0.0164557
0 0.848199 0.441224 0.0275385 0.0362517
0 0.828535 0.475204 0.0302704 0.0279904
