0 0.455114 0.728554 0.113782 0.134568
0 0.606567 0.651066 0.0837063 0.114145
0 0.0858066 0.688725 0.0724915 0.0907064
0 0.273413 0.676158 0.0611866 0.0797105
0 0.794017 0.541025 0.0618206 0.0809099
0 0.701015 0.563884 0.0494326 0.0623974
0 0.378654 0.589296 0.0544486 0.0721245
0 0.224004 0.627235 0.0364721 0.0479208
0 0.412003 0.661804 0.0501279 0.0674185
0 0.28253 0.620111 0.0460935 0.0539694
0 0.503459 0.627688 0.0551064 0.0645622
0 0.719072 0.518936 0.0398265 0.0537718
0 0.667332 0.511988 0.032214 0.0441248
0 0.640753 0.620431 0.0546068 0.0816895
0 0.245015 0.607755 0.0315331 0.0450205
0 0.641819 0.51386 0.0252953 0.035709
0 0.144816 0.620993 0.0435547 0.0573159
0 0.758628 0.527185 0.0321205 0.0445198
0 0.691372 0.514516 0.0236811 0.0337673
0 0.591057 0.491775 0.0274792 0.0337931
0 0.480669 0.434259 0.0227567 0.0261034
0 0.263332 0.526031 0.0188328 0.0251795
0 0.540383 0.464596 0.0259768 0.0337675
0 0.932242 0.418939 0.0151382 0.0150749
0 0.935393 0.418396 0.016209 0.0171381
0 0.565762 0.503849 0.0263748 0.0329425
0 0.909179 0.423445 0.0150269 0.0172602
0 0.467818 0.534754 0.0278385 0.0380526
0 0.333043 0.516611 0.0155374 0.0206402
0 0.444227 0.43584 0.0285183 0.0380116
0 0.299397 0.597029 0.0307093 0.0454681
0 0.867202 0.696218 0.0537125 0.07492
0 0.356282 0.504021 0.0147917 0.0178846
0 0.33553 0.515818 0.0148166 0.0191221
