0 0.572209 0.722544 0.0904077 0.147127
0 0.751009 0.759964 0.0987555 0.17591
0 0.643368 0.564264 0.058574 0.101448
0 0.149209 0.865332 0.0983981 0.162564
0 0.424822 0.898323 0.141909 0.168383
0 0.90813 0.927491 0.100163 0.145017
0 0.0675328 0.652537 0.0867561 0.149717
0 0.881875 0.586905 0.0819168 0.119706
0 0.483546 0.598291 0.0656801 0.120032
0 0.779659 0.609873 0.0653427 0.100147
0 0.251399 0.603424 0.0708888 0.118736
0 0.888817 0.391873 0.031678 0.0474057
0 0.418738 0.636964 0.05953 0.099049
0 0.738878 0.488673 0.0596185 0.0791027
0 0.420353 0.514001 0.0525954 0.078874
0 0.314396 0.424462 0.0430643 0.0637053
0 0.520561 0.468502 0.060121 0.0790937
0 0.8935 0.469041 0.0319134 0.0547602
0 0.662924 0.449469 0.0390255 0.0644104
0 0.623952 0.469605 0.0508925 0.0644459
0 0.53715 0.596558 0.0560019 0.106447
0 0.834449 0.364315 0.032856 0.0382544
0 0.610117 0.376226 0.0373501 0.0518745
0 0.820327 0.50169 0.0488417 0.0791298
0 0.31582 0.569467 0.0598717 0.106773
0 0.208489 0.570448 0.0507099 0.124867
0 0.146513 0.518206 0.0477718 0.0918588
0 0.804837 0.444972 0.0352617 0.0547071
0 0.183505 0.309102 0.0333003 0.0473122
0 0.675921 0.284354 0.0237371 0.0364745
0 0.573894 0.41617 0.0503689 0.0673464
0 0.415364 0.388473 0.0490606 0.0750388
0 0.425893 0.292095 0.0326928 0.0446084
0 0.339586 0.49246 0.0568623 0.0711943
0 0.179543 0.506279 0.0521223 0.10661
0 0.485909 0.386992 0.0386973 0.0659362
0 0.678643 0.350216 0.0337154 0.0480832
0 0.938586 0.541335 0.0431705 0.0685972
0 0.352352 0.399715 0.0319506 0.0561907
0 0.462534 0.378766 0.029228 0.0527453
0 0.729749 0.609525 0.0539106 0.0928789
0 0.583787 0.51974 0.0545834 0.0835636
0 0.0466932 0.539988 0.0547992 0.090592
0 0.385175 0.30855 0.0308493 0.0463719
0 0.232825 0.441162 0.041451 0.0702307
0 0.833681 0.44372 0.0355244 0.0531378
0 0.615584 0.966528 0.171233 0.0669443
0 0.65038 0.263271 0.0215286 0.0365366
0 0.709356 0.434311 0.0343916 0.0477541
0 0.0986097 0.313138 0.0368353 0.0588925
0 0.282106 0.237324 0.0235116 0.037299
0 0.332202 0.287503 0.0269428 0.0362792
0 0.128169 0.318654 0.0376083 0.0563388
0 0.311901 0.298821 0.0282964 0.0440305
0 0.269715 0.472677 0.041988 0.0644018
0 0.356704 0.32471 0.0252868 0.0409534
0 0.76558 0.420241 0.0370201 0.0486666
0 0.293454 0.292857 0.024732 0.0477069
0 0.290628 0.186634 0.0210794 0.0329772
0 0.832626 0.396821 0.0324556 0.034052
0 0.641376 0.359976 0.0349411 0.0554966
0 0.492566 0.244464 0.0252756 0.0398592
0 0.654183 0.178156 0.0184093 0.0279833
0 0.472807 0.310848 0.0307671 0.0433365
0 0.226034 0.188881 0.020422 0.0340735
0 0.30144 0.221821 0.022805 0.0388001
0 0.19029 0.265714 0.0267903 0.0304882
0 0.602288 0.20991 0.0196286 0.0303141
0 0.140056 0.183593 0.0201284 0.0376469
0 0.572255 0.210589 0.0205832 0.0280781
0 0.332962 0.330015 0.0325941 0.0456303
0 0.569354 0.306401 0.0267693 0.0358933
0 0.24639 0.17945 0.019988 0.0302247
0 0.217049 0.374075 0.0297889 0.0396137
0 0.306004 0.351971 0.032798 0.0413116
0 0.683686 0.230516 0.0224543 0.0387608
0 0.510363 0.298798 0.031072 0.0430449
0 0.134732 0.28274 0.0260403 0.0288685
0 0.447807 0.191912 0.0206697 0.0295334
0 0.182836 0.191967 0.0213868 0.0346859
0 0.146093 0.223003 0.0241134 0.0304088
0 0.358861 0.205154 0.0232882 0.0316558
0 0.603927 0.266031 0.0248398 0.0393019
0 0.552904 0.267311 0.0239144 0.0356899
0 0.418449 0.212207 0.0217265 0.03363
0 0.234861 0.119938 0.0166004 0.0229619
0 0.438299 0.347171 0.0287699 0.0380404
0 0.20305 0.146533 0.0189854 0.0286165
0 0.466265 0.223947 0.0229783 0.034403
0 0.212888 0.168017 0.0206036 0.0329079
0 0.396024 0.257672 0.0280235 0.0426559
0 0.480112 0.157455 0.016573 0.0236292
0 0.253393 0.121269 0.0154492 0.0209216
0 0.25579 0.146983 0.0174817 0.0256108
0 0.774412 0.392389 0.0341535 0.0316731
0 0.366525 0.247179 0.0273018 0.0410466
0 0.175652 0.160837 0.0192893 0.0279895
0 0.568109 0.242117 0.0226822 0.030518
0 0.135431 0.252705 0.0278542 0.0374877
0 0.431173 0.166962 0.017902 0.0247736
0 0.236727 0.362778 0.0333433 0.0457139
0 0.282204 0.15855 0.0172362 0.0232175
0 0.736532 0.313691 0.0257505 0.0340057
0 0.358314 0.132536 0.0136948 0.0194336
0 0.519016 0.196743 0.0199413 0.0274717
0 0.256725 0.152322 0.0171271 0.0269328
0 0.569152 0.344291 0.0331906 0.0439727
0 0.27458 0.184278 0.019787 0.032131
0 0.218555 0.117696 0.0156317 0.0218222
0 0.0914202 0.416376 0.0500556 0.0749352
0 0.393085 0.199562 0.0218207 0.0254662
0 0.217744 0.164227 0.0206401 0.0310007
0 0.228967 0.434176 0.0452616 0.0698955
0 0.306776 0.131339 0.0146163 0.0212893
0 0.275921 0.359085 0.0354906 0.0563099
0 0.356075 0.202822 0.0228254 0.0310349
0 0.3524 0.155691 0.0162543 0.0237095
0 0.273131 0.291825 0.0291159 0.0454851
0 0.449248 0.303965 0.0266388 0.0381056
0 0.234577 0.232381 0.0235372 0.0341548
0 0.351856 0.182078 0.0198059 0.0257074
0 0.389536 0.22119 0.0227924 0.0305263
0 0.382507 0.120146 0.0136164 0.0194286
0 0.34447 0.129814 0.0135282 0.0186862
0 0.227783 0.160725 0.0170946 0.0244591
0 0.284154 0.141863 0.0168863 0.0233893
0 0.251198 0.289539 0.0279317 0.0448937
0 0.493491 0.192164 0.0184771 0.0264714
0 0.197435 0.106547 0.0155925 0.0213261
0 0.31971 0.154215 0.0166942 0.025615
0 0.3789 0.180986 0.0193495 0.0272254
0 0.171567 0.141217 0.0183188 0.0265812
0 0.568678 0.249189 0.024262 0.0363454
0 0.236925 0.139104 0.015689 0.023302
0 0.365255 0.169346 0.0173062 0.0251255
0 0.376407 0.248739 0.0221571 0.0371914
0 0.144213 0.106104 0.0135229 0.0234567
0 0.332299 0.154251 0.0170762 0.0252727
0 0.309088 0.1055 0.0125489 0.0185896
0 0.431346 0.192051 0.0186003 0.0275838
0 0.334345 0.221863 0.0235474 0.038829
0 0.221246 0.371133 0.0331887 0.0430398
0 0.191441 0.23354 0.0234959 0.0321549
0 0.594967 0.18228 0.0169727 0.0235263
0 0.39578 0.128768 0.014747 0.0200614
