0 0.725033 0.470692 0.104584 0.126768
0 0.380004 0.874291 0.110903 0.121466
0 0.917618 0.702694 0.0892227 0.117566
0 0.661326 0.833859 0.102668 0.109317
0 0.109459 0.624217 0.0957395 0.124043
0 0.261196 0.621058 0.0837375 0.108626
0 0.44412 0.318007 0.0592903 0.0813046
0 0.318306 0.482829 0.0734683 0.0900189
0 0.886216 0.37402 0.0796921 0.110628
0 0.207743 0.391311 0.0652152 0.0849129
0 0.78849 0.462558 0.0839008 0.10845
0 0.491425 0.631759 0.0757617 0.0989212
0 0.401904 0.406382 0.0660797 0.0880415
0 0.633134 0.37667 0.0722488 0.0951502
0 0.825153 0.185822 0.053661 0.069955
0 0.412205 0.499959 0.0591515 0.0853655
0 0.605687 0.464449 0.0685642 0.0961824
0 0.344601 0.288823 0.0512706 0.0666461
0 0.199219 0.482305 0.0537613 0.0820886
0 0.156819 0.502377 0.0643452 0.0855396
0 0.507465 0.337135 0.0658464 0.0868815
0 0.0997237 0.373623 0.0477682 0.0638367
0 0.250783 0.349034 0.0564691 0.0744651
0 0.782475 0.364371 0.065049 0.0809919
0 0.0578763 0.417873 0.0618869 0.083433
0 0.212154 0.280975 0.0461674 0.0629175
0 0.0455911 0.528981 0.0665483 0.0862879
0 0.517558 0.207071 0.0397239 0.0550767
0 0.399428 0.22395 0.0454461 0.0653206
0 0.70389 0.788116 0.0869257 0.121041
0 0.927355 0.290666 0.0727402 0.0945168
0 0.685498 0.305003 0.0603845 0.0825244
0 0.838479 0.276837 0.0659077 0.0756472
0 0.775335 0.126464 0.0418425 0.0586707
0 0.726172 0.168598 0.0458757 0.0612772
0 0.572015 0.248982 0.0529732 0.0733261
0 0.102366 0.278052 0.0411401 0.0555686
0 0.0167143 0.23881 0.0333899 0.0476257
0 0.312786 0.235262 0.0470036 0.053499
0 0.867871 0.0406379 0.0359646 0.0470042
0 0.41489 0.112798 0.03353 0.0449688
0 0.922222 0.150834 0.0503986 0.0608679
0 0.271924 0.251916 0.050301 0.0669481
0 0.441409 0.218336 0.0429796 0.0568438
0 0.657794 0.14396 0.0464838 0.0614329
0 0.491303 0.194179 0.0385452 0.0534219
0 0.348883 0.227122 0.0423373 0.0548932
0 0.886878 0.0868345 0.0354208 0.04837
0 0.432377 0.258754 0.0443671 0.0510702
0 0.0537543 0.183226 0.0337276 0.043901
0 0.711172 0.104607 0.0368879 0.0498266
0 0.142475 0.16182 0.0330203 0.0427704
0 0.672041 0.24528 0.061198 0.0594172
0 0.934569 0.224503 0.0566704 0.074
0 0.305144 0.14381 0.039782 0.0505958
0 0.548618 0.887174 0.0939643 0.0504921
0 0.787357 0.250679 0.0528269 0.064509
0 0.575916 0.181984 0.0428535 0.0587611
0 0.526641 0.149736 0.0363288 0.0479667
0 0.606389 0.167315 0.0422196 0.0588076
0 0.922466 0.103548 0.0343456 0.0474627
0 0.0933078 0.220798 0.0356613 0.0438976
0 0.161073 0.142521 0.0334524 0.0438784
0 0.203462 0.195892 0.0349145 0.0483191
0 0.751379 0.0634585 0.0348087 0.0422189
0 0.618558 0.0839413 0.036777 0.0471322
0 0.0979761 0.940813 0.0656927 0.0919294
0 0.569401 0.0707403 0.0356039 0.0459305
0 0.165646 0.196401 0.0373116 0.0511628
0 0.695168 0.164641 0.0393143 0.058097
0 0.371113 0.162363 0.0324679 0.040895
0 0.26268 0.203211 0.0429807 0.0456892
0 0.402076 0.16055 0.0326224 0.0360106
0 0.874126 0.156036 0.0421539 0.0506569
0 0.826227 0.135528 0.04473 0.0562596
0 0.202886 0.13226 0.0324081 0.0400989
0 0.0793651 0.187162 0.0328421 0.0403754
0 0.563619 0.379675 0.0529173 0.0712944
0 0.843795 0.096845 0.0394901 0.0471113
0 0.016086 0.350717 0.0320743 0.0879583
0 0.631409 0.0497405 0.0317197 0.0392184
0 0.34977 0.19522 0.0367692 0.0365478
0 0.481603 0.160695 0.0344233 0.0364312
0 0.687428 0.121673 0.04056 0.051476
0 0.100248 0.132999 0.0311086 0.0397314
0 0.719045 0.0383652 0.0321613 0.040408
0 0.572372 0.129226 0.0369989 0.0429253
0 0.97592 0.783785 0.0478264 0.096628
0 0.391765 0.186982 0.0386304 0.038839
0 0.273038 0.0470554 0.0248417 0.028784
0 0.0227508 0.454213 0.0455016 0.0780882
0 0.225646 0.122635 0.0299426 0.0376894
0 0.753602 0.149057 0.0340434 0.0456951
0 0.345621 0.10523 0.0321387 0.039448
0 0.0142103 0.179579 0.0284126 0.0413028
0 0.438424 0.0566307 0.0318037 0.0439611
0 0.810566 0.0895737 0.0368849 0.0458377
0 0.106227 0.183598 0.0302672 0.038064
0 0.0476422 0.309393 0.0449783 0.061832
0 0.506519 0.0862788 0.0358482 0.0440301
0 0.448001 0.163344 0.031937 0.0422734
0 0.238212 0.0605716 0.0283705 0.0381255
0 0.611787 0.127265 0.0338595 0.0387856
0 0.333815 0.137186 0.0296932 0.0367267
0 0.161033 0.308785 0.0464421 0.061484
0 0.684754 0.0769438 0.0342735 0.038302
0 0.749709 0.0303098 0.0314285 0.0299915
0 0.522741 0.116623 0.0322568 0.0401925
0 0.236072 0.164962 0.0306197 0.0421332
0 0.490093 0.132623 0.0304794 0.035861
0 0.163715 0.136702 0.0344096 0.046505
0 0.0899913 0.15924 0.0295525 0.0361913
0 0.423481 0.0178763 0.0278943 0.0272615
0 0.746105 0.01005 0.0265471 0.0201
0 0.249347 0.134699 0.0276125 0.0332282
