0 0.268773 0.827198 0.0938882 0.146541
0 0.605457 0.786344 0.0694677 0.108681
0 0.481119 0.903078 0.156673 0.190891
0 0.460754 0.600721 0.0450382 0.0703367
0 0.103895 0.742554 0.066955 0.117256
0 0.571735 0.641542 0.0392397 0.058337
0 0.625652 0.670853 0.0612347 0.0670969
0 0.357698 0.634402 0.0425965 0.0751022
0 0.876862 0.935995 0.176555 0.128009
0 0.822996 0.760289 0.0714895 0.0654144
0 0.499944 0.707258 0.0535566 0.0915293
0 0.229297 0.687609 0.0482055 0.11176
0 0.124513 0.574897 0.0404828 0.0612796
0 0.817645 0.686963 0.0477484 0.0656494
0 0.205551 0.575505 0.0353261 0.0645366
0 0.2416 0.548155 0.033153 0.0531502
0 0.0620854 0.534111 0.0311304 0.0428864
0 0.57916 0.724581 0.0425378 0.0895468
0 0.694337 0.488106 0.0242811 0.0358505
0 0.163066 0.529118 0.0328605 0.0471686
0 0.0560139 0.933727 0.112028 0.0725418
0 0.72603 0.566047 0.0219879 0.0320143
0 0.851245 0.801821 0.0791958 0.0486004
0 0.274173 0.532661 0.0251857 0.0405335
0 0.0995117 0.543158 0.0289743 0.0412866
0 0.0872417 0.63496 0.0459775 0.0715348
0 0.195801 0.522258 0.0283146 0.0384745
0 0.775943 0.557838 0.0205984 0.0317095
0 0.880341 0.585415 0.024674 0.0361484
0 0.373323 0.533467 0.0213605 0.034698
0 0.918234 0.592571 0.0230473 0.0318986
0 0.46582 0.540625 0.0206797 0.0286832
0 0.573477 0.551323 0.0217924 0.033581
0 0.51923 0.469345 0.018693 0.0338671
0 0.334034 0.530257 0.027444 0.0402992
0 0.261523 0.611367 0.0383174 0.0519388
0 0.459399 0.678737 0.0438721 0.0869896
0 0.963395 0.842901 0.0312239 0.0875706
0 0.0825764 0.497155 0.02626 0.0372501
0 0.628649 0.550856 0.0190798 0.0299351
0 0.310371 0.53511 0.0224096 0.0326592
0 0.680486 0.570514 0.0201671 0.0316029
0 0.966317 0.590685 0.0262611 0.0392364
0 0.865269 0.555354 0.0238239 0.0362965
0 0.895676 0.480502 0.0129868 0.0204983
0 0.109522 0.505917 0.0258627 0.0338698
0 0.0181856 0.526021 0.0363712 0.0697929
0 0.390216 0.536329 0.0194722 0.0315218
0 0.230066 0.498825 0.0187836 0.0243231
0 0.916275 0.56643 0.022098 0.0280941
0 0.353687 0.53586 0.0205281 0.0312084
0 0.405736 0.522443 0.0180895 0.0292392
0 0.545717 0.549587 0.0208166 0.0348688
0 0.89415 0.517626 0.0174725 0.0224297
0 0.261211 0.506329 0.0178788 0.0236311
0 0.421675 0.54135 0.0207075 0.026795
0 0.843156 0.565674 0.0194813 0.0276382
0 0.897874 0.558526 0.0204071 0.0295046
0 0.742475 0.538642 0.0151509 0.0224098
0 0.21758 0.505672 0.0170448 0.0241273
0 0.234427 0.468541 0.013189 0.0176322
0 0.16151 0.486997 0.0167099 0.0197565
0 0.180764 0.493186 0.0165532 0.0210513
0 0.132611 0.451532 0.0147154 0.022151
0 0.587946 0.488663 0.0104298 0.0147409
0 0.293926 0.527033 0.0203036 0.0322073
0 0.822209 0.567679 0.021048 0.0306936
0 0.407274 0.47163 0.0100916 0.0145878
0 0.292499 0.49624 0.0161765 0.0202354
0 0.742696 0.535258 0.0142651 0.0212878
0 0.0561217 0.47039 0.0163216 0.0198122
0 0.605575 0.549777 0.0207106 0.0303702
0 0.818001 0.532601 0.0149937 0.0227846
0 0.457507 0.516697 0.0144073 0.0196041
0 0.423095 0.514862 0.0147865 0.0219765
0 0.754746 0.528643 0.0137152 0.0204279
0 0.179615 0.467023 0.0116014 0.0142195
0 0.212798 0.487326 0.0142024 0.0198572
0 0.131881 0.504893 0.0223044 0.0331399
0 0.246666 0.491473 0.016732 0.0217381
0 0.936452 0.575005 0.0178444 0.0272795
0 0.0175106 0.471085 0.0196405 0.024239
0 0.293925 0.501147 0.0165049 0.020606
0 0.392051 0.506307 0.0126807 0.0180958
0 0.472535 0.5158 0.0161129 0.0203358
0 0.611877 0.489714 0.0099843 0.0135494
0 0.664974 0.55512 0.0179321 0.0268795
0 0.857478 0.792192 0.06761 0.043903
0 0.953023 0.54118 0.0149746 0.0195107
0 0.765848 0.541604 0.0161432 0.0213757
0 0.197319 0.489621 0.0154865 0.0188913
0 0.103525 0.439275 0.0172626 0.0261639
0 0.267862 0.470564 0.011886 0.0155898
0 0.270263 0.485585 0.0143911 0.0182129
0 0.668841 0.494908 0.0110209 0.0160142
0 0.253905 0.465705 0.0111421 0.0144678
0 0.763531 0.54285 0.0153408 0.0218082
0 0.0773808 0.470031 0.0155806 0.0182314
0 0.952958 0.568712 0.0196255 0.0267345
0 0.461443 0.514403 0.0139735 0.0198515
0 0.861807 0.511208 0.0114685 0.0157221
0 0.442936 0.516613 0.0163628 0.0235101
0 0.79607 0.54469 0.0176062 0.0258626
0 0.437818 0.516553 0.0148338 0.0222592
