0 0.494317 0.302909 0.0865753 0.136775
0 0.240053 0.257488 0.117532 0.168321
0 0.839156 0.582181 0.114182 0.15626
0 0.728804 0.379849 0.0862014 0.122947
0 0.126183 0.202904 0.110825 0.146644
0 0.340663 0.238656 0.0910236 0.14438
0 0.868578 0.364657 0.0732683 0.0959329
0 0.679655 0.274966 0.0662285 0.0956503
0 0.409663 0.260978 0.0641567 0.0946179
0 0.76266 0.254581 0.0647882 0.097103
0 0.961874 0.467316 0.0762514 0.181564
0 0.885081 0.289706 0.024321 0.0288649
0 0.157023 0.104012 0.0783935 0.0576405
0 0.954883 0.377751 0.0452385 0.060943
0 0.63848 0.318741 0.0430387 0.0637447
0 0.820166 0.271565 0.0260201 0.0368424
0 0.904305 0.295693 0.020414 0.0254198
0 0.91563 0.273182 0.0231968 0.0288009
