0 0.906052 0.843788 0.142159 0.139948
0 0.330873 0.832631 0.114759 0.131989
0 0.279119 0.63876 0.084919 0.117441
0 0.154657 0.592717 0.0779686 0.0912889
0 0.648419 0.250557 0.0719091 0.113731
0 0.246879 0.184973 0.0584386 0.0950686
0 0.144775 0.276201 0.0670054 0.110348
0 0.34063 0.243306 0.0611069 0.103953
0 0.725257 0.161187 0.0520432 0.0858772
0 0.804876 0.225576 0.0840077 0.133441
0 0.53919 0.203582 0.0629175 0.112485
0 0.96431 0.291321 0.0713798 0.138291
0 0.0514771 0.835073 0.100139 0.120649
0 0.917957 0.194771 0.0516552 0.0670005
0 0.316692 0.145164 0.0555655 0.068777
0 0.616573 0.128094 0.0549145 0.0688599
0 0.483631 0.224039 0.0570169 0.0873484
0 0.096635 0.681062 0.0877321 0.108764
0 0.449863 0.858193 0.0975502 0.090737
0 0.449797 0.223473 0.0504829 0.0831837
0 0.198454 0.154662 0.0423062 0.0683052
0 0.477071 0.154319 0.0514471 0.0676351
0 0.0536491 0.149987 0.0632562 0.095114
0 0.682765 0.134 0.0476141 0.0751554
0 0.0248158 0.251635 0.0385589 0.11013
0 0.419651 0.153209 0.0486272 0.065843
0 0.315957 0.200681 0.0412008 0.0617956
0 0.390816 0.181207 0.0576739 0.0851633
0 0.033887 0.763659 0.066532 0.0809324
0 0.113291 0.693245 0.0666005 0.0945585
0 0.165135 0.192624 0.0489196 0.0539933
0 0.90248 0.266727 0.0603834 0.0888711
0 0.105205 0.181284 0.0379544 0.0599647
0 0.16437 0.181925 0.048007 0.0649249
0 0.930758 0.254929 0.052029 0.0947824
0 0.136391 0.174992 0.0378182 0.0577865
0 0.7617 0.223811 0.040876 0.0824124
0 0.526593 0.143947 0.038822 0.0647512
0 0.87791 0.263544 0.0553072 0.0834389
0 0.0103767 0.614144 0.0207534 0.0802214
0 0.601752 0.240384 0.0415113 0.0680142
0 0.892131 0.267441 0.0630457 0.0863858
0 0.0225476 0.835196 0.0449217 0.122398
