0 0.59046 0.739037 0.0292641 0.0539127
0 0.846597 0.700443 0.0289078 0.0561367
0 0.351891 0.744474 0.0324913 0.0646089
0 0.0819978 0.250124 0.0274705 0.046141
0 0.680906 0.893196 0.0319856 0.0636486
0 0.626618 0.928626 0.0335063 0.064246
0 0.29552 0.535592 0.0286975 0.0518022
0 0.68921 0.80072 0.028462 0.0576298
0 0.0269703 0.855461 0.0357073 0.0672386
0 0.810837 0.721574 0.0280327 0.0548502
0 0.392779 0.706559 0.0308944 0.0620079
0 0.167028 0.712932 0.0282652 0.0499027
0 0.892979 0.909941 0.0311653 0.0603283
0 0.22585 0.632873 0.0288918 0.0552464
0 0.348157 0.597388 0.0298182 0.0463245
0 0.524572 0.948307 0.0346486 0.0646622
0 0.567418 0.967914 0.0384047 0.0640728
0 0.449823 0.843182 0.029752 0.0612598
0 0.349824 0.639933 0.02832 0.055642
0 0.76059 0.729035 0.0296379 0.061409
0 0.329377 0.823781 0.0282087 0.0559047
0 0.962395 0.95728 0.0316479 0.0567183
0 0.682907 0.967714 0.0327561 0.05825
0 0.286602 0.812956 0.033681 0.06623
0 0.190052 0.887286 0.0344465 0.0618538
0 0.611376 0.846235 0.0307138 0.0570213
0 0.734288 0.81075 0.0290699 0.0546322
0 0.66342 0.775341 0.028898 0.0520065
0 0.27265 0.905416 0.0314775 0.0649982
0 0.899353 0.776277 0.0334839 0.0625345
0 0.558218 0.702697 0.0304834 0.0616169
0 0.808043 0.936477 0.0373573 0.069021
0 0.166283 0.793799 0.0319168 0.0580372
0 0.384271 0.57398 0.0285609 0.0547502
0 0.715048 0.56562 0.0267721 0.0534019
0 0.889543 0.705309 0.0277161 0.0451975
0 0.258108 0.729745 0.0271654 0.0583161
0 0.827455 0.60527 0.0298841 0.0576128
0 0.917808 0.944966 0.031226 0.0478065
0 0.774627 0.883597 0.0331405 0.0557331
0 0.845617 0.825254 0.0292061 0.0561119
0 0.233629 0.876017 0.0334442 0.0728231
0 0.0478991 0.526722 0.0285824 0.0507221
0 0.868489 0.900754 0.0312214 0.0614107
0 0.21999 0.745659 0.0301637 0.0520054
0 0.775516 0.406862 0.0245892 0.0500108
0 0.416364 0.773456 0.0285685 0.0465973
0 0.342298 0.503939 0.0255709 0.0510271
0 0.778517 0.671322 0.0278009 0.0552233
0 0.297067 0.625329 0.0276883 0.0558441
0 0.518742 0.28935 0.0219893 0.0449213
0 0.059103 0.833893 0.0314255 0.0628624
0 0.567305 0.645913 0.0290646 0.0507307
0 0.44758 0.728621 0.0290209 0.0518303
0 0.36707 0.535174 0.0286129 0.049383
0 0.0785533 0.534631 0.028415 0.0510106
0 0.94254 0.673656 0.0302458 0.0548378
0 0.751538 0.58439 0.0276756 0.0478861
0 0.336352 0.963343 0.0372219 0.0527327
0 0.129761 0.380481 0.0254382 0.0470888
0 0.778724 0.180388 0.025964 0.0453891
0 0.0800596 0.740534 0.029559 0.0461728
0 0.140504 0.731263 0.0281512 0.0509699
0 0.95865 0.895508 0.0311232 0.0567944
0 0.0809802 0.958572 0.0341557 0.050758
0 0.691999 0.503332 0.0232101 0.0484039
0 0.65047 0.722358 0.0267284 0.0464846
0 0.206661 0.455562 0.0253106 0.0480137
0 0.166971 0.953615 0.0355582 0.0627762
0 0.174752 0.503959 0.0292901 0.0538396
0 0.711124 0.46943 0.0251413 0.0497144
0 0.285079 0.699815 0.0277978 0.0475443
0 0.915779 0.626946 0.027384 0.0541004
0 0.0546578 0.684744 0.0302719 0.0617107
0 0.200913 0.238374 0.025913 0.0514055
0 0.153986 0.416689 0.0247996 0.0433836
0 0.727934 0.387351 0.0229857 0.0461926
0 0.012035 0.489174 0.0235867 0.0567493
0 0.0674519 0.771273 0.0302029 0.0438534
0 0.0170139 0.742701 0.0311347 0.0464514
0 0.963994 0.407849 0.025235 0.0437314
0 0.147113 0.193554 0.0253117 0.0481409
0 0.540532 0.551669 0.027729 0.0512826
0 0.271943 0.487215 0.0243833 0.04088
0 0.967354 0.761437 0.0268879 0.0536313
0 0.69155 0.427817 0.0250586 0.0560137
0 0.452282 0.681605 0.0309683 0.054245
0 0.181663 0.306538 0.0259218 0.0460106
0 0.0588327 0.381005 0.0276358 0.0498254
0 0.020752 0.422697 0.0276772 0.0516718
0 0.267928 0.176927 0.0252332 0.0458752
0 0.649249 0.2303 0.0251636 0.0465351
0 0.219661 0.412798 0.0236755 0.0459586
0 0.648197 0.846924 0.0275124 0.0491459
0 0.421009 0.975341 0.030585 0.0479361
0 0.36081 0.796386 0.0279033 0.0444642
0 0.437113 0.380039 0.0245315 0.0469302
0 0.298445 0.747127 0.0337738 0.0600081
0 0.393998 0.968457 0.0345191 0.0561687
0 0.35322 0.88993 0.0305088 0.0641247
0 0.163348 0.28239 0.0231673 0.0385109
0 0.694247 0.113589 0.0242893 0.0470798
0 0.120136 0.250575 0.0247564 0.0425035
0 0.682507 0.327984 0.0258457 0.0523927
0 0.714402 0.681396 0.0270728 0.052174
0 0.179673 0.578782 0.0281408 0.0438912
0 0.19312 0.169526 0.0235494 0.0450923
0 0.557215 0.103625 0.0219378 0.0450188
0 0.130252 0.574982 0.0301531 0.0554039
0 0.51764 0.33096 0.0238226 0.0453699
0 0.174093 0.393812 0.0273777 0.0474121
0 0.92775 0.367545 0.0270964 0.0477779
0 0.897443 0.547514 0.0268044 0.0499365
0 0.0775829 0.903831 0.0367966 0.0577225
0 0.306583 0.425971 0.0273004 0.0527539
0 0.283447 0.225762 0.0232244 0.0430202
0 0.78582 0.812963 0.0286076 0.052187
0 0.541996 0.392214 0.0206944 0.041509
0 0.314149 0.13786 0.023996 0.0436232
0 0.164609 0.632541 0.0237859 0.0490686
0 0.280127 0.146548 0.0230897 0.0423967
0 0.304729 0.949544 0.0341241 0.0618649
0 0.0998018 0.55818 0.0301378 0.0519041
0 0.777188 0.22925 0.0227863 0.0430724
0 0.752938 0.637127 0.0226942 0.0470755
0 0.144037 0.148544 0.0232138 0.0394636
0 0.824767 0.6597 0.024556 0.0463789
0 0.39359 0.888244 0.0332916 0.0672318
0 0.569497 0.419873 0.0246683 0.0468354
0 0.43878 0.781672 0.0270206 0.0437987
0 0.699824 0.611327 0.0284532 0.0537506
0 0.485713 0.590836 0.026171 0.0420515
0 0.240235 0.362575 0.0256945 0.0474288
0 0.142729 0.511928 0.0291325 0.0518907
0 0.314521 0.599526 0.0264651 0.0544388
0 0.462952 0.56098 0.0309875 0.0569582
0 0.705864 0.303925 0.0268612 0.0610202
0 0.400849 0.820252 0.0294157 0.0536661
0 0.758483 0.240772 0.0240295 0.0476423
0 0.317616 0.350147 0.02619 0.0540756
0 0.680273 0.699485 0.0266116 0.0519728
0 0.0140988 0.550301 0.0275189 0.0490717
0 0.119713 0.303272 0.0266944 0.0470982
0 0.967939 0.163378 0.0244972 0.0446178
0 0.467868 0.401174 0.0240247 0.0415511
0 0.648458 0.289836 0.0252459 0.0465023
0 0.0523726 0.588035 0.0302497 0.0568835
0 0.888441 0.190964 0.0219933 0.0442194
0 0.6671 0.620977 0.0249912 0.0503323
0 0.120141 0.781136 0.0262058 0.0437396
0 0.0151481 0.796274 0.0298228 0.047036
0 0.713511 0.950051 0.0297476 0.057819
0 0.456681 0.0670667 0.0205553 0.0398089
0 0.419817 0.619669 0.0290003 0.0553684
0 0.615741 0.368234 0.0221276 0.042175
0 0.927427 0.168428 0.024012 0.0439697
0 0.803733 0.645692 0.0240955 0.0469855
0 0.570844 0.597705 0.0272241 0.0426281
0 0.390173 0.660732 0.0276864 0.0382
0 0.763363 0.506933 0.0269894 0.0521098
0 0.879925 0.402708 0.0215044 0.0469561
0 0.302712 0.310162 0.0236954 0.0424861
0 0.534888 0.135163 0.0238478 0.0439504
0 0.864954 0.295099 0.0262516 0.0498133
0 0.812919 0.561479 0.0225176 0.0412956
0 0.266177 0.24658 0.0248706 0.0427751
0 0.0531483 0.445267 0.029569 0.0489725
0 0.157138 0.353807 0.0254791 0.0447862
0 0.271526 0.298509 0.0263778 0.0485071
0 0.159892 0.247689 0.0259641 0.0379127
0 0.368526 0.445254 0.0251352 0.0489824
0 0.145647 0.86505 0.0350846 0.0577309
0 0.0951711 0.625637 0.0263744 0.0429758
0 0.375357 0.314356 0.0238439 0.0451481
0 0.435981 0.252122 0.0257279 0.0465181
0 0.818695 0.221256 0.0215988 0.0420418
0 0.222711 0.973905 0.0362863 0.0317699
0 0.289274 0.388574 0.0246589 0.0446748
0 0.537991 0.337805 0.0221935 0.0418873
0 0.365102 0.0816197 0.0208499 0.0394804
0 0.837038 0.972973 0.0404911 0.0535845
0 0.358537 0.342727 0.0220536 0.043637
0 0.376218 0.356457 0.0226527 0.0436088
0 0.216725 0.338094 0.02462 0.0429047
0 0.80059 0.377721 0.0227028 0.052031
0 0.337274 0.450695 0.025353 0.0503632
0 0.135711 0.679768 0.0273594 0.0433202
0 0.196549 0.632374 0.0273929 0.0537439
0 0.364248 0.176588 0.0241999 0.0421137
0 0.97691 0.306091 0.0245262 0.047229
0 0.55779 0.790548 0.0278129 0.048009
0 0.1206 0.485665 0.0266906 0.0478793
0 0.741642 0.213871 0.0239246 0.0440655
0 0.0916177 0.41948 0.0245259 0.0475927
0 0.605797 0.551154 0.0274279 0.0553673
0 0.801763 0.212719 0.0228022 0.0446743
0 0.369603 0.401309 0.0241451 0.0457112
0 0.110789 0.417492 0.0248737 0.0467896
0 0.201051 0.54928 0.0281182 0.0464483
0 0.898031 0.861718 0.032666 0.0376133
0 0.284623 0.440335 0.0236226 0.0456759
0 0.610274 0.62093 0.0264047 0.0435585
0 0.0829111 0.81103 0.0282931 0.0591143
0 0.532928 0.817144 0.0308056 0.0562946
0 0.441533 0.306121 0.0228995 0.0403426
0 0.888052 0.742451 0.0269125 0.0428984
0 0.583927 0.224961 0.0252952 0.0457949
0 0.844328 0.502087 0.0220081 0.0470745
0 0.211427 0.702085 0.0274629 0.0436073
0 0.841971 0.340436 0.0241695 0.044549
0 0.100543 0.0817667 0.0217608 0.0443074
0 0.885341 0.109611 0.0209446 0.037474
0 0.230178 0.116155 0.0225445 0.0425998
0 0.310627 0.0350521 0.0215905 0.0384762
0 0.59658 0.052916 0.0198176 0.0372146
0 0.263676 0.524176 0.0252598 0.0469282
0 0.209367 0.585157 0.0264056 0.0448126
0 0.303902 0.213013 0.0222656 0.0411154
0 0.670037 0.462325 0.0247803 0.0508137
0 0.625616 0.653477 0.0270259 0.0512346
0 0.263307 0.368941 0.0244048 0.0439404
0 0.966378 0.0630063 0.0200096 0.0366408
0 0.757322 0.818952 0.0281588 0.0469166
0 0.914374 0.40973 0.0239773 0.043228
0 0.317934 0.205047 0.0211211 0.0406124
0 0.197707 0.418851 0.0254711 0.043054
0 0.1432 0.777773 0.02579 0.0484512
0 0.373872 0.242679 0.0244978 0.0436177
0 0.575216 0.107088 0.0236233 0.0476111
0 0.569583 0.29053 0.0215395 0.0466668
0 0.219994 0.306728 0.0247753 0.0403262
0 0.18867 0.752317 0.0270709 0.0435005
0 0.621699 0.421796 0.0235742 0.0507651
0 0.206391 0.372856 0.0243289 0.0403882
0 0.245821 0.548323 0.0257874 0.05641
0 0.969818 0.835625 0.0316698 0.0551386
0 0.27888 0.0716064 0.0203799 0.0382316
0 0.111854 0.738155 0.0284476 0.0466333
0 0.920924 0.983301 0.035956 0.0333987
0 0.626412 0.313946 0.0219622 0.0469629
0 0.0350251 0.364207 0.0290404 0.0489458
0 0.671642 0.740059 0.0260134 0.0365652
0 0.439713 0.114317 0.021932 0.0410952
0 0.87061 0.836549 0.0302673 0.0521107
0 0.733393 0.654676 0.0236167 0.0482971
0 0.533061 0.0722168 0.0191814 0.033947
0 0.945851 0.739021 0.0266518 0.0602596
0 0.493578 0.294901 0.0235082 0.0455002
0 0.567859 0.493339 0.0225729 0.0415068
0 0.945517 0.105957 0.0227322 0.0440633
0 0.171112 0.215554 0.0234478 0.0431439
0 0.814883 0.0374937 0.0198727 0.0335098
0 0.744039 0.551364 0.0229852 0.0307198
0 0.836955 0.204045 0.0225048 0.0388175
0 0.0213906 0.203094 0.0206304 0.0401207
0 0.556115 0.179684 0.0212552 0.045168
0 0.732239 0.346593 0.0239459 0.0437066
0 0.706486 0.381615 0.0247324 0.0520569
0 0.7287 0.290633 0.023525 0.0460728
0 0.405594 0.36102 0.0234299 0.0458557
0 0.97111 0.583729 0.0264475 0.0460972
0 0.294291 0.498728 0.023978 0.0349073
0 0.0840923 0.493463 0.0255584 0.0415426
0 0.985322 0.217612 0.0223888 0.0404331
0 0.669218 0.152052 0.0222624 0.0470454
0 0.43107 0.574588 0.027433 0.052169
0 0.805898 0.285863 0.0222633 0.0408217
0 0.319424 0.520232 0.0267002 0.0522407
0 0.131439 0.931897 0.0366406 0.0709747
0 0.312793 0.255612 0.0233087 0.0422576
0 0.265453 0.0477531 0.0184132 0.0366867
0 0.245061 0.482798 0.0218865 0.0451969
0 0.565141 0.357515 0.0271423 0.0538352
0 0.237205 0.206742 0.022975 0.0408081
0 0.77445 0.143863 0.0235104 0.0375683
0 0.444187 0.195102 0.0227217 0.0442887
0 0.135426 0.644244 0.0255902 0.0377985
0 0.288592 0.0169185 0.0197077 0.0335653
0 0.86312 0.221077 0.0230431 0.0436648
0 0.715947 0.219171 0.023921 0.04353
0 0.966607 0.103643 0.0199738 0.0400344
0 0.521817 0.236022 0.0223346 0.0453308
0 0.83136 0.0938935 0.021505 0.0401106
0 0.634883 0.0735892 0.0196733 0.0386746
0 0.657386 0.935211 0.0295056 0.0598953
0 0.354279 0.394281 0.0203649 0.0459401
0 0.660587 0.351334 0.022856 0.0479205
0 0.342052 0.0161278 0.0199683 0.0322452
0 0.457562 0.466698 0.0247831 0.0419634
0 0.867194 0.15343 0.0212048 0.0448206
0 0.407868 0.0584511 0.0177687 0.035834
0 0.828337 0.458149 0.0246403 0.0424696
0 0.528654 0.469526 0.0255369 0.0518396
0 0.565863 0.0526714 0.0192844 0.0344179
0 0.230284 0.497623 0.0242243 0.0447619
0 0.879531 0.0757159 0.0195339 0.0352052
0 0.84666 0.123295 0.0199684 0.0389166
0 0.986951 0.260276 0.0225534 0.0380013
0 0.574444 0.881499 0.0316617 0.0582825
0 0.654558 0.554509 0.0294218 0.0583484
