0 0.839871 0.276691 0.0217529 0.0326996
0 0.829713 0.480639 0.0264236 0.0328171
0 0.985024 0.802746 0.0273541 0.0424938
0 0.325377 0.838226 0.0244012 0.0340679
0 0.822881 0.810089 0.0280342 0.0404421
0 0.764026 0.636606 0.0258749 0.0336768
0 0.424511 0.932767 0.0253699 0.0368462
0 0.252075 0.934086 0.0240267 0.0328173
0 0.865274 0.474614 0.0287498 0.0380338
0 0.850437 0.56258 0.0254484 0.0342792
0 0.778783 0.497527 0.025721 0.0346081
0 0.929246 0.391099 0.0292648 0.0384302
0 0.824924 0.71364 0.0260033 0.0363985
0 0.63798 0.749337 0.0248319 0.0368709
0 0.5354 0.66988 0.0214787 0.0334475
0 0.96786 0.510878 0.0231207 0.0329248
0 0.758377 0.430376 0.0218115 0.0337843
0 0.471511 0.832334 0.0230707 0.0343765
0 0.778867 0.725774 0.0274408 0.0371985
0 0.557998 0.786763 0.0249586 0.0364167
0 0.82856 0.172896 0.0211487 0.0296553
0 0.850608 0.342271 0.0284302 0.0362225
0 0.42268 0.899011 0.0241819 0.0315578
0 0.932606 0.729927 0.0206917 0.0306992
0 0.414583 0.833183 0.0234325 0.0347942
0 0.205653 0.943068 0.0242064 0.0356934
0 0.800228 0.299842 0.0230915 0.0327436
0 0.640249 0.629348 0.0245221 0.0345665
0 0.502042 0.645218 0.0220693 0.0342032
0 0.56417 0.583522 0.0233438 0.0340522
0 0.310223 0.787291 0.0229152 0.0344065
0 0.565094 0.669533 0.0214911 0.0324362
0 0.748184 0.213115 0.0217091 0.0307481
0 0.587713 0.765294 0.0225517 0.0350879
0 0.481639 0.768144 0.0229105 0.0337376
0 0.719342 0.20622 0.0200682 0.0287757
0 0.463298 0.358239 0.0189736 0.0283238
0 0.2531 0.894953 0.0234084 0.0323532
0 0.637394 0.593276 0.025307 0.0340406
0 0.966278 0.646393 0.0240139 0.0335498
0 0.355176 0.517775 0.0211608 0.0325918
0 0.989977 0.86034 0.0200451 0.0383389
0 0.884679 0.251987 0.0250355 0.0329247
0 0.503996 0.794363 0.0247432 0.03633
0 0.879478 0.908373 0.0247105 0.0351295
0 0.486153 0.347063 0.0193624 0.030225
0 0.066009 0.842109 0.0225549 0.0323078
0 0.423461 0.441851 0.0197916 0.0284597
0 0.441615 0.80253 0.0204977 0.0302342
0 0.449456 0.917928 0.0253498 0.0352749
0 0.220856 0.695575 0.0210092 0.0294943
0 0.685154 0.369034 0.0203937 0.0279821
0 0.123603 0.49333 0.0196253 0.0280867
0 0.366985 0.448378 0.0206914 0.0297831
0 0.420371 0.666678 0.0209721 0.0302759
0 0.552628 0.382026 0.0187924 0.0293683
0 0.639064 0.700898 0.0232446 0.0330059
0 0.924874 0.426687 0.032073 0.0387379
0 0.206314 0.434509 0.0193235 0.0269518
0 0.608985 0.613681 0.0255259 0.03631
0 0.0774754 0.0848898 0.0207569 0.0307667
0 0.34958 0.763604 0.0222713 0.0328543
0 0.107384 0.81676 0.0233365 0.0319836
0 0.731124 0.666214 0.0270594 0.0379532
0 0.184185 0.257898 0.019815 0.0277508
0 0.235353 0.737185 0.0203615 0.0321006
0 0.919527 0.301697 0.0262632 0.035958
0 0.510287 0.691369 0.0203241 0.0306656
0 0.705005 0.589464 0.0275063 0.0358397
0 0.350478 0.668429 0.022597 0.0330551
0 0.954967 0.48307 0.0227573 0.0317402
0 0.112384 0.847834 0.0225165 0.0321819
0 0.859575 0.418783 0.0250128 0.0317989
0 0.604658 0.558991 0.0216551 0.0318754
0 0.355449 0.800793 0.0224281 0.0331905
0 0.819997 0.433766 0.0250797 0.0330427
0 0.534663 0.878275 0.0221994 0.0321415
0 0.738026 0.628402 0.0258184 0.0337842
0 0.833004 0.539771 0.0248234 0.030801
0 0.490406 0.437615 0.0195415 0.028123
0 0.367724 0.93704 0.0234923 0.0344891
0 0.392456 0.916592 0.0234924 0.0342907
0 0.415203 0.611564 0.0229523 0.0331657
0 0.688025 0.664503 0.0238954 0.0331218
0 0.44986 0.877161 0.023461 0.0329529
0 0.185918 0.922317 0.0225659 0.0313602
0 0.507481 0.871174 0.0227835 0.0311863
0 0.756333 0.173106 0.0216408 0.0309072
0 0.533327 0.456126 0.0193367 0.0280773
0 0.394783 0.76525 0.0205466 0.0286676
0 0.123737 0.53079 0.0208276 0.0311089
0 0.610729 0.412645 0.0194194 0.0290291
0 0.0747576 0.178004 0.0212013 0.0289841
0 0.388634 0.666598 0.0226962 0.0321372
0 0.682412 0.525569 0.0239594 0.0325161
0 0.125786 0.32603 0.0204894 0.0299917
0 0.933868 0.914253 0.026178 0.0394588
0 0.0794228 0.301889 0.0193187 0.028018
0 0.172048 0.441593 0.0200881 0.0291306
0 0.462932 0.779403 0.0210762 0.0314308
0 0.56882 0.434304 0.0195101 0.0271391
0 0.748951 0.257709 0.0205828 0.0290241
0 0.12917 0.865796 0.0245193 0.0338783
0 0.381087 0.29902 0.0195753 0.0274888
0 0.35664 0.909893 0.0228395 0.0325447
0 0.0648672 0.218178 0.0204446 0.0274757
0 0.737141 0.480954 0.0263787 0.0370055
0 0.697681 0.765255 0.0299408 0.0449801
0 0.0867442 0.613877 0.0197187 0.0310003
0 0.698173 0.177103 0.0194139 0.0275048
0 0.305536 0.879409 0.0235265 0.0319723
0 0.27996 0.23987 0.0188037 0.0270319
0 0.370277 0.854674 0.0229764 0.0307638
0 0.582253 0.247975 0.0197716 0.0289731
0 0.281434 0.521004 0.0191446 0.0267908
0 0.286089 0.832295 0.0223287 0.0309011
0 0.393327 0.456943 0.0201988 0.0269218
0 0.0800529 0.579833 0.0205036 0.0293939
0 0.621883 0.457522 0.0197233 0.0280582
0 0.622931 0.192316 0.0198021 0.0289464
0 0.933527 0.25328 0.0240074 0.033297
0 0.834546 0.1139 0.023365 0.0292856
0 0.76107 0.683014 0.025724 0.0345125
0 0.385782 0.415827 0.0200934 0.0273977
0 0.526553 0.939155 0.0233857 0.0345558
0 0.808968 0.24224 0.0235611 0.0338926
0 0.682943 0.107847 0.0181221 0.026952
0 0.145714 0.730879 0.0217139 0.0319859
0 0.673405 0.453852 0.0229362 0.0320357
0 0.0785022 0.707236 0.0194152 0.0303303
0 0.523495 0.377808 0.0179457 0.025635
0 0.909105 0.900677 0.0225117 0.0337048
0 0.41043 0.307466 0.0205922 0.029036
0 0.189414 0.0606324 0.0190062 0.0273059
0 0.113286 0.632244 0.0197935 0.0298604
0 0.266344 0.42446 0.0191611 0.0267036
0 0.642044 0.401884 0.0202732 0.0293242
0 0.0589237 0.899184 0.0210796 0.0293894
0 0.921419 0.33585 0.0254478 0.0347985
0 0.254202 0.741236 0.0206459 0.0324594
0 0.497984 0.513624 0.0216291 0.0309751
0 0.172931 0.630867 0.0218894 0.0314041
0 0.192976 0.731383 0.0204544 0.0308575
0 0.198873 0.569239 0.0202759 0.0304428
0 0.681085 0.0658851 0.0179541 0.0242602
0 0.802184 0.0469125 0.0186922 0.0245033
0 0.259887 0.245067 0.0202894 0.0298207
0 0.1292 0.79938 0.0232394 0.0342877
0 0.750783 0.740561 0.0250345 0.0367954
0 0.218322 0.876493 0.0232794 0.0306587
0 0.401242 0.534899 0.0204254 0.0301651
0 0.14362 0.578397 0.0206215 0.0297792
0 0.143042 0.248031 0.020467 0.026899
0 0.5328 0.357854 0.0189517 0.0272125
0 0.291202 0.671998 0.0214136 0.0309155
0 0.792388 0.155278 0.0210314 0.0300118
0 0.363914 0.741535 0.0206016 0.0296833
0 0.376608 0.170251 0.0175366 0.0235793
0 0.280862 0.171045 0.0181046 0.0272696
0 0.0682715 0.618557 0.0192436 0.0276419
0 0.503655 0.711925 0.0213228 0.0310263
0 0.398094 0.798872 0.0241927 0.0337994
0 0.598376 0.682177 0.0219776 0.0334143
0 0.338594 0.0897017 0.019081 0.026763
0 0.249554 0.216885 0.0186236 0.0265952
0 0.470841 0.433272 0.0180038 0.0267132
0 0.177387 0.840767 0.0224748 0.032082
0 0.760549 0.126784 0.0197826 0.0282866
0 0.035177 0.519519 0.0201078 0.0282824
0 0.299399 0.558714 0.0216037 0.0314945
0 0.647664 0.878336 0.0274584 0.0395687
0 0.059177 0.392749 0.0199541 0.0286335
0 0.0391934 0.563042 0.0201077 0.0282553
0 0.206107 0.613861 0.0205007 0.0295441
0 0.418226 0.197583 0.0199391 0.0284844
0 0.116926 0.119526 0.0195004 0.0291954
0 0.180359 0.568798 0.0203699 0.0307791
0 0.653186 0.255247 0.0188561 0.0271489
0 0.267111 0.717441 0.0196567 0.0296
0 0.813839 0.098328 0.0209095 0.0286963
0 0.522684 0.273226 0.0195702 0.0280793
0 0.079052 0.545959 0.019476 0.02852
0 0.271354 0.883376 0.0223502 0.0315269
0 0.0724477 0.13094 0.0207151 0.0287452
0 0.0268423 0.492339 0.0191939 0.0274954
0 0.449257 0.643272 0.0207993 0.03188
0 0.00725298 0.418123 0.014506 0.0290643
0 0.429734 0.411752 0.0192185 0.0269354
0 0.92622 0.216523 0.0227974 0.031741
0 0.812058 0.405314 0.0245031 0.0309014
0 0.587247 0.357795 0.0194094 0.0281531
0 0.401613 0.503839 0.0202391 0.0276289
0 0.605061 0.932627 0.025107 0.0376816
0 0.0967101 0.954215 0.0234749 0.0337383
0 0.245234 0.788846 0.0216287 0.030422
0 0.404441 0.140498 0.0177496 0.0259784
0 0.564815 0.965488 0.0237907 0.0342472
0 0.019546 0.6149 0.0171853 0.028916
0 0.44156 0.980837 0.0278054 0.0372086
0 0.513327 0.466317 0.0207031 0.0299748
0 0.784897 0.0279099 0.0188124 0.0263275
0 0.101069 0.101416 0.0200922 0.0307663
0 0.452616 0.483891 0.021481 0.0292659
0 0.292354 0.348859 0.0197268 0.0273314
0 0.15656 0.0701361 0.0196862 0.0275538
0 0.380014 0.879189 0.0245565 0.0334129
0 0.502668 0.950183 0.0253978 0.0337656
0 0.295199 0.253859 0.0188917 0.0261654
0 0.023734 0.385811 0.0202955 0.0303493
0 0.650965 0.225558 0.0205528 0.0287531
0 0.9171 0.348031 0.0255753 0.0336882
0 0.0457407 0.718165 0.0201131 0.0310359
0 0.367289 0.61559 0.0215048 0.0322336
0 0.197204 0.468946 0.018782 0.0251501
0 0.338414 0.73796 0.0211165 0.0295151
0 0.523941 0.491086 0.0197226 0.0285347
0 0.179964 0.527046 0.0209026 0.028061
0 0.631692 0.0805663 0.0178056 0.0246891
0 0.409578 0.747727 0.0216766 0.0305378
0 0.475038 0.880181 0.0225914 0.0324865
0 0.622174 0.493426 0.0221448 0.0327415
0 0.437147 0.849242 0.0207263 0.0306477
0 0.439388 0.373276 0.0183559 0.026602
0 0.274863 0.294411 0.0200127 0.029341
0 0.727033 0.26392 0.0219969 0.0304025
0 0.148168 0.808547 0.0221578 0.030562
0 0.484984 0.119547 0.019438 0.0270024
0 0.151494 0.339189 0.0204415 0.0292137
0 0.355518 0.117605 0.0186702 0.0264789
0 0.443655 0.0294731 0.0176041 0.02213
0 0.815292 0.559685 0.0246624 0.0329471
0 0.86697 0.203609 0.0240555 0.0327893
0 0.44432 0.176246 0.0202877 0.029243
0 0.147334 0.604287 0.0205613 0.0287886
0 0.142988 0.298535 0.0197436 0.0273371
0 0.519969 0.166606 0.0203051 0.0281477
0 0.970884 0.589742 0.0235447 0.0343219
0 0.126009 0.689395 0.0195616 0.0305735
0 0.0448002 0.372823 0.0190925 0.0275493
0 0.254793 0.165173 0.0183643 0.0277051
0 0.116935 0.959976 0.0235044 0.0308254
0 0.413474 0.267226 0.0207232 0.0293261
0 0.768742 0.38432 0.0217214 0.0290736
0 0.522712 0.580101 0.0208918 0.0309679
0 0.679861 0.185559 0.0192873 0.0269957
0 0.366445 0.267452 0.0198926 0.0271109
0 0.710287 0.560572 0.026404 0.0357724
0 0.715115 0.153967 0.0189384 0.0261807
0 0.417263 0.341767 0.0200649 0.0280101
0 0.756118 0.354469 0.0237964 0.0342401
0 0.253268 0.968565 0.0233176 0.0328852
0 0.0207523 0.323142 0.0195465 0.0270728
0 0.352915 0.179509 0.0180287 0.0258636
0 0.471447 0.478731 0.020508 0.0305938
0 0.670051 0.0105194 0.0187848 0.0210387
0 0.862623 0.310582 0.0245377 0.033236
0 0.244748 0.545105 0.0205207 0.029679
0 0.393003 0.104375 0.0184176 0.0260311
0 0.980726 0.898576 0.0240961 0.0344826
0 0.231795 0.244065 0.0192593 0.0268661
0 0.504859 0.219306 0.0209475 0.0292885
0 0.33902 0.882934 0.0236752 0.0328758
0 0.115679 0.735054 0.0210142 0.0309182
0 0.0896383 0.515952 0.0195603 0.0310926
0 0.242273 0.414603 0.0201074 0.0274841
0 0.569947 0.471091 0.0204184 0.0302505
0 0.528667 0.635614 0.020495 0.0296022
0 0.0564439 0.581761 0.019977 0.028401
0 0.510412 0.253655 0.0196071 0.0278275
0 0.794711 0.438412 0.0262746 0.0345854
0 0.568649 0.75364 0.0232225 0.0340302
0 0.134346 0.144171 0.0203678 0.0285298
0 0.653177 0.0961627 0.0183725 0.0251501
0 0.710174 0.359638 0.0215792 0.031611
0 0.573674 0.285286 0.0190191 0.0274985
0 0.472684 0.520443 0.0222744 0.0309439
0 0.267327 0.487221 0.0203938 0.0296919
0 0.0902069 0.339315 0.0195372 0.0291387
0 0.0609436 0.35395 0.0191774 0.0266063
0 0.951402 0.721106 0.0230377 0.0378901
0 0.515222 0.538443 0.0223503 0.032716
0 0.22967 0.0683378 0.0184894 0.0260451
0 0.723865 0.178044 0.020023 0.0288207
0 0.532473 0.216156 0.0200576 0.0287697
0 0.77101 0.0558688 0.0194342 0.0261338
0 0.321023 0.493527 0.0197866 0.0296601
0 0.10475 0.449551 0.0200062 0.0275745
0 0.590278 0.45967 0.0214522 0.0323366
0 0.287845 0.922953 0.0233333 0.0320072
0 0.670177 0.0537034 0.0167628 0.0237643
0 0.833235 0.239072 0.0219761 0.0314585
0 0.0995447 0.246895 0.0214948 0.0288162
0 0.562954 0.334924 0.0190254 0.0262942
0 0.741474 0.0248087 0.0188886 0.0249189
0 0.340498 0.059886 0.0182125 0.0257669
0 0.494791 0.278002 0.0190153 0.0268492
0 0.772698 0.408365 0.0242048 0.0334652
0 0.68192 0.236767 0.0207409 0.0286788
0 0.38131 0.639067 0.0218364 0.029723
0 0.308592 0.0962057 0.0179841 0.0260576
