0 0.511478 0.817379 0.0443859 0.0619146
0 0.703104 0.758298 0.0335003 0.0444878
0 0.78403 0.695117 0.0290274 0.0399234
0 0.870173 0.702227 0.0323536 0.0456446
0 0.550175 0.746776 0.0366568 0.0551542
0 0.505081 0.682742 0.0297719 0.0447171
0 0.827961 0.64186 0.0289566 0.042387
0 0.191072 0.749302 0.0408756 0.0582558
0 0.658103 0.709264 0.0290285 0.041585
0 0.233775 0.708414 0.0351551 0.0502756
0 0.396514 0.685387 0.030997 0.0471104
0 0.538926 0.66265 0.0271492 0.0403255
0 0.618599 0.611022 0.0250333 0.0371117
0 0.945162 0.728868 0.038385 0.0533321
0 0.862763 0.662407 0.0260773 0.036223
0 0.23929 0.668047 0.0283072 0.0376072
0 0.521585 0.633336 0.0242048 0.0330583
0 0.96365 0.681432 0.0278526 0.0393645
0 0.663087 0.679116 0.02631 0.0298356
0 0.285502 0.627479 0.0265067 0.0363239
0 0.901892 0.597797 0.0206675 0.0282454
0 0.906838 0.642312 0.0248959 0.0370227
0 0.277363 0.594353 0.0252424 0.0344313
0 0.498404 0.607086 0.0251828 0.0366602
0 0.683452 0.613667 0.0250729 0.0349718
0 0.89093 0.632816 0.0241543 0.0366932
0 0.0666428 0.470398 0.0180561 0.0233883
0 0.635711 0.586408 0.0217842 0.0328284
0 0.967862 0.535517 0.017897 0.0247097
0 0.0685008 0.447205 0.0121699 0.0131903
0 0.46824 0.623259 0.0232977 0.0294563
0 0.327787 0.59035 0.022946 0.0314852
0 0.293167 0.548636 0.0205834 0.0257254
0 0.904926 0.554755 0.0184582 0.0257062
0 0.711166 0.591487 0.0203157 0.0280523
0 0.169298 0.470113 0.0145609 0.0187376
0 0.573873 0.714866 0.032288 0.0446896
0 0.924504 0.651376 0.0252855 0.0375017
0 0.10448 0.485841 0.0175876 0.0235089
0 0.243219 0.43317 0.0125191 0.0162214
0 0.929534 0.577792 0.0190651 0.0264717
0 0.530893 0.568106 0.0202667 0.0278397
0 0.19545 0.45446 0.0124406 0.0158429
0 0.329462 0.521486 0.0176159 0.0204733
0 0.495349 0.504436 0.0133858 0.0185623
0 0.218274 0.483152 0.0159598 0.0177607
0 0.779788 0.528614 0.0160376 0.0212461
0 0.855854 0.509728 0.016209 0.0224895
0 0.317709 0.47946 0.0129416 0.0159927
0 0.71937 0.533841 0.016046 0.0199722
0 0.608986 0.516285 0.0148617 0.0200655
0 0.347216 0.505979 0.0153932 0.0182931
0 0.856711 0.555795 0.0195534 0.0262321
0 0.330788 0.480296 0.012366 0.0150113
0 0.363939 0.722621 0.034653 0.0492612
0 0.134869 0.467708 0.013953 0.0187133
0 0.518872 0.478698 0.0128456 0.0171948
0 0.297355 0.5278 0.0172611 0.0211541
0 0.571884 0.508151 0.0155406 0.019609
0 0.194459 0.471219 0.0162438 0.0203299
0 0.796531 0.537618 0.017446 0.0218348
0 0.593236 0.522236 0.0161957 0.0211018
0 0.931446 0.5346 0.0171101 0.0243584
0 0.743832 0.530971 0.0152502 0.018622
0 0.795374 0.541325 0.017695 0.0229766
0 0.882087 0.674745 0.025034 0.0335423
0 0.53869 0.554923 0.0174443 0.026662
0 0.691302 0.605222 0.0224117 0.0325136
0 0.605655 0.596329 0.0219028 0.0329241
0 0.344099 0.482464 0.0126639 0.0156167
0 0.695002 0.578785 0.0214397 0.0273705
0 0.354671 0.490742 0.0135013 0.0166817
0 0.244543 0.471018 0.0132301 0.0157895
0 0.263263 0.463533 0.0126665 0.0160452
0 0.553013 0.493493 0.0138974 0.0189596
0 0.695559 0.555271 0.0187932 0.0237904
0 0.348308 0.60081 0.0245021 0.0298246
0 0.565333 0.555164 0.0190077 0.0263062
0 0.94207 0.535627 0.0165115 0.0232604
0 0.521614 0.505002 0.0143323 0.0198139
0 0.265693 0.466388 0.0126582 0.0156923
0 0.46726 0.571621 0.019392 0.0274666
0 0.504652 0.511179 0.0141586 0.0187777
0 0.729432 0.591899 0.0226105 0.0295383
0 0.665903 0.550055 0.0186072 0.0253195
0 0.482107 0.490104 0.0125792 0.0172074
0 0.354159 0.506442 0.0155388 0.0193377
0 0.784904 0.594618 0.0209579 0.0267574
0 0.49553 0.545227 0.0170763 0.0236864
0 0.420128 0.492237 0.0131111 0.017502
0 0.593122 0.503987 0.0143213 0.0177648
0 0.620756 0.517615 0.0143477 0.0193148
0 0.696766 0.51867 0.0149603 0.0208021
0 0.647783 0.5207 0.0151532 0.0197607
0 0.106812 0.445856 0.011449 0.013979
0 0.618434 0.545763 0.0179895 0.0238041
0 0.303743 0.50331 0.0151587 0.0183024
