0 0.210332 0.474668 0.061234 0.0833736
0 0.793451 0.634105 0.0710211 0.0920988
0 0.423798 0.0695762 0.0356012 0.0543459
0 0.840332 0.517886 0.0546024 0.0822364
0 0.485105 0.203858 0.0422445 0.0611772
0 0.347382 0.308672 0.0515314 0.065556
0 0.0861808 0.206302 0.0444442 0.0626127
0 0.35644 0.70392 0.0721157 0.0858366
0 0.67952 0.342274 0.0501997 0.0662107
0 0.52832 0.687389 0.0638088 0.0837435
0 0.180084 0.112997 0.039705 0.0626614
0 0.850924 0.24952 0.0441021 0.072383
0 0.274245 0.108028 0.0335508 0.0528083
0 0.210776 0.214146 0.0444962 0.0612602
0 0.548728 0.0696083 0.0377316 0.0526508
0 0.376168 0.105595 0.0340499 0.0517173
0 0.654434 0.207971 0.0436842 0.0601931
0 0.298959 0.162944 0.0365432 0.054645
0 0.510809 0.536586 0.056362 0.0870029
0 0.193253 0.318187 0.0541544 0.0680451
0 0.342044 0.0975044 0.0341039 0.0510789
0 0.612215 0.386842 0.0537264 0.0767777
0 0.410353 0.216558 0.0446124 0.062477
0 0.330238 0.547661 0.0713432 0.0912167
0 0.905977 0.571625 0.0640429 0.0983689
0 0.566556 0.216168 0.0474216 0.0600993
0 0.609277 0.127968 0.0352853 0.0590563
0 0.0562775 0.0724412 0.0363489 0.0520295
0 0.696703 0.108289 0.0319388 0.048411
0 0.761303 0.310344 0.0529901 0.0758889
0 0.913201 0.263102 0.0394749 0.0617893
0 0.581492 0.352213 0.0607912 0.0752946
0 0.124003 0.121115 0.0379024 0.0552752
0 0.495669 0.123998 0.0393288 0.0601191
0 0.728875 0.402997 0.0545897 0.0833214
0 0.61753 0.0503075 0.0305325 0.0475189
0 0.725619 0.212036 0.0366941 0.0533704
0 0.878118 0.180337 0.0405155 0.0586754
0 0.901249 0.330741 0.0407352 0.0635697
0 0.397863 0.0589006 0.0311393 0.0558837
0 0.960839 0.303769 0.0411606 0.0631333
0 0.727304 0.292221 0.0402729 0.0686871
0 0.827117 0.153228 0.031621 0.0505756
0 0.760887 0.176809 0.037015 0.0568507
0 0.71125 0.0615345 0.0335513 0.0478412
0 0.756305 0.242555 0.0398062 0.047741
0 0.23281 0.0466406 0.0345432 0.0547519
0 0.437357 0.153491 0.0349422 0.050814
0 0.260696 0.0516995 0.0368033 0.057382
0 0.318798 0.242741 0.0450139 0.0573139
0 0.334853 0.025206 0.0300767 0.0294074
0 0.073028 0.0495131 0.0268882 0.0374102
0 0.747748 0.127648 0.0325022 0.0394462
0 0.0322022 0.588888 0.0498288 0.0787893
0 0.359332 0.0308055 0.0353067 0.0457646
0 0.0068774 0.163695 0.0137539 0.0502676
