0 0.641429 0.588198 0.0226072 0.0299028
0 0.427759 0.632968 0.0201453 0.0301647
0 0.644153 0.801581 0.0250372 0.0312197
0 0.278248 0.870425 0.0227242 0.0327505
0 0.739538 0.632734 0.0220875 0.0284819
0 0.825654 0.799008 0.0257172 0.029027
0 0.630094 0.697078 0.0221582 0.0290244
0 0.452328 0.37126 0.0173906 0.0200163
0 0.542424 0.510886 0.0187313 0.0253696
0 0.793932 0.482181 0.0198771 0.0237482
0 0.616247 0.468201 0.0200891 0.0267973
0 0.496662 0.27428 0.0174686 0.0196482
0 0.580281 0.487256 0.0200635 0.02491
0 0.615759 0.530716 0.0199745 0.0254431
0 0.0280753 0.669668 0.0198828 0.026055
0 0.657876 0.374331 0.0188301 0.0231245
0 0.157433 0.381968 0.0142429 0.0166986
0 0.263307 0.634547 0.0206894 0.0285208
0 0.00644006 0.327574 0.0128163 0.0162852
0 0.503116 0.344219 0.0185719 0.0216161
0 0.0603364 0.380615 0.0154263 0.0180942
0 0.13067 0.231582 0.0127262 0.0120378
0 0.0562257 0.309285 0.0141273 0.0153438
0 0.624184 0.29654 0.0170815 0.020739
0 0.816256 0.617614 0.024449 0.0301734
0 0.0755224 0.665222 0.019176 0.0242769
0 0.550342 0.598425 0.021058 0.0281883
0 0.167836 0.33203 0.0144729 0.0164151
0 0.538848 0.246131 0.0162569 0.019671
0 0.029384 0.368935 0.0133117 0.0159554
0 0.0666373 0.283847 0.0131637 0.0154844
0 0.416185 0.427633 0.0200306 0.0218689
0 0.16492 0.442204 0.01637 0.0195601
0 0.829765 0.441305 0.0199442 0.0254532
0 0.888307 0.644382 0.0202457 0.0238578
0 0.0383773 0.335951 0.0143166 0.0160797
0 0.847301 0.545235 0.0212582 0.0247219
0 0.0634229 0.378395 0.0163566 0.0189951
0 0.0712266 0.428875 0.0155497 0.0198395
0 0.0210753 0.401729 0.014475 0.0158703
