0 0.856837 0.638488 0.118396 0.154148
0 0.609257 0.685942 0.131881 0.153565
0 0.521118 0.681599 0.0712927 0.135173
0 0.710432 0.656771 0.0761884 0.100372
0 0.220486 0.506136 0.0481349 0.0655912
0 0.447494 0.540091 0.0377684 0.054923
0 0.321859 0.504087 0.0458076 0.0568291
0 0.109076 0.503265 0.0415318 0.0577335
0 0.690844 0.552702 0.0385884 0.059422
0 0.372895 0.523683 0.0316025 0.0387747
0 0.503859 0.525698 0.0270258 0.0386549
0 0.0560925 0.533447 0.0470384 0.0731932
0 0.336621 0.588765 0.0401378 0.0583582
0 0.555657 0.522111 0.0304584 0.0458122
0 0.15323 0.53337 0.0492357 0.0610315
0 0.779823 0.529811 0.0320324 0.0526844
0 0.864224 0.546993 0.0645878 0.0480498
0 0.179238 0.839533 0.305877 0.130479
0 0.789191 0.616865 0.053142 0.0847144
0 0.627729 0.515503 0.0373354 0.0600275
0 0.283589 0.512202 0.0360335 0.0449228
0 0.804379 0.533571 0.0271769 0.0405483
0 0.0687363 0.453425 0.0347093 0.0447664
0 0.707702 0.501365 0.0315553 0.0359833
0 0.367424 0.472022 0.0269852 0.0362679
0 0.476258 0.511727 0.028288 0.0408136
0 0.0370662 0.446722 0.0295594 0.0445858
0 0.248879 0.484635 0.0329267 0.0450508
0 0.416738 0.499719 0.0262112 0.0333644
0 0.328742 0.455056 0.0292378 0.0178274
0 0.157664 0.491007 0.0429613 0.0391718
0 0.735103 0.543813 0.0394268 0.0569811
0 0.39513 0.477127 0.0269022 0.0314163
0 0.519728 0.469137 0.020661 0.03144
0 0.582766 0.59326 0.0392033 0.0247324
0 0.712667 0.471223 0.021594 0.0227798
0 0.764392 0.490136 0.0206596 0.0270129
0 0.919416 0.522055 0.0218723 0.0260192
0 0.300043 0.4615 0.0267884 0.0270071
0 0.651514 0.479148 0.0205503 0.0231859
0 0.161924 0.48627 0.0406149 0.0406384
0 0.558135 0.45768 0.0153255 0.0192211
0 0.273182 0.466496 0.0237136 0.0290764
0 0.34974 0.445053 0.020151 0.0229355
0 0.448781 0.480612 0.0314557 0.0341002
0 0.78625 0.532393 0.0451041 0.0472282
0 0.397618 0.445497 0.0154404 0.0187378
0 0.677146 0.469944 0.0183299 0.0215479
0 0.611621 0.460967 0.0132312 0.0165804
0 0.788697 0.4803 0.0241126 0.0248799
