0 0.512274 0.874435 0.125695 0.189863
0 0.796435 0.640116 0.102725 0.143204
0 0.820082 0.348085 0.0897809 0.129338
0 0.263044 0.385337 0.0988 0.134014
0 0.363715 0.265029 0.0913749 0.107747
0 0.586239 0.554671 0.0950794 0.127961
0 0.436657 0.135242 0.0963902 0.130283
0 0.492585 0.279158 0.086285 0.113142
0 0.247608 0.180974 0.0904379 0.120572
0 0.15454 0.384706 0.0985135 0.126968
0 0.0399139 0.161892 0.0797362 0.122246
0 0.645204 0.314962 0.0735735 0.10504
0 0.913897 0.847206 0.131978 0.168976
0 0.717728 0.437075 0.0911784 0.133777
0 0.279472 0.904979 0.131568 0.190043
0 0.387854 0.562563 0.103005 0.150496
0 0.194238 0.0748092 0.0750981 0.101236
0 0.686805 0.749228 0.118618 0.175423
0 0.538111 0.182977 0.0908505 0.11948
0 0.706667 0.207758 0.0894245 0.113313
0 0.598272 0.104708 0.0897211 0.125426
0 0.87665 0.070024 0.0950226 0.128016
0 0.748975 0.09203 0.0791916 0.110508
0 0.0935045 0.237729 0.0844014 0.0918448
0 0.0378974 0.453164 0.0757844 0.146997
0 0.165789 0.652817 0.126973 0.150631
0 0.117473 0.0783765 0.0774462 0.102644
0 0.867612 0.242461 0.0732174 0.0892279
0 0.36656 0.0613544 0.0829484 0.105021
0 0.965345 0.520059 0.0693098 0.1719
0 0.480684 0.430196 0.11021 0.145401
0 0.960385 0.23118 0.0469574 0.105451
0 0.632625 0.805461 0.081704 0.106203
