0 0.607768 0.710357 0.127685 0.153491
0 0.277431 0.814899 0.130742 0.125753
0 0.788039 0.262759 0.0956396 0.127432
0 0.736002 0.552793 0.110611 0.158019
0 0.844566 0.114817 0.0894951 0.122287
0 0.466619 0.819635 0.0981425 0.132984
0 0.921181 0.330846 0.0970657 0.136095
0 0.875265 0.490944 0.0995781 0.125677
0 0.073518 0.552005 0.0830317 0.109529
0 0.656808 0.414391 0.0913398 0.130159
0 0.675775 0.0799203 0.114117 0.123991
0 0.0836304 0.363073 0.100736 0.1331
0 0.234846 0.570102 0.0901791 0.118243
0 0.945129 0.667129 0.0882374 0.130056
0 0.791981 0.764029 0.104617 0.137143
0 0.2787 0.50143 0.0872459 0.0985252
0 0.353614 0.625153 0.122695 0.137773
0 0.0861723 0.156104 0.085797 0.140606
0 0.507433 0.45864 0.105933 0.146527
0 0.375862 0.205423 0.105392 0.13526
0 0.220135 0.167009 0.104854 0.118481
0 0.667404 0.279008 0.0911762 0.102713
0 0.0220454 0.693355 0.0440908 0.127063
0 0.919369 0.861111 0.0773674 0.156684
0 0.382763 0.0414311 0.0972087 0.0828621
0 0.466634 0.589809 0.0867577 0.123474
0 0.97662 0.350161 0.0467594 0.130503
