0 0.426882 0.124579 0.054011 0.0676495
0 0.510027 0.109246 0.0437887 0.0615212
0 0.70899 0.044551 0.04345 0.0656417
0 0.686761 0.260057 0.042613 0.0607594
0 0.159943 0.363296 0.0544009 0.0718212
0 0.398804 0.367331 0.0441222 0.0789486
0 0.346962 0.125611 0.0445875 0.062817
0 0.310635 0.288716 0.0448277 0.0645554
0 0.53999 0.241816 0.0427231 0.0564357
0 0.585406 0.448915 0.0534444 0.0761509
0 0.637496 0.143978 0.0439533 0.063042
0 0.564045 0.134707 0.0398006 0.0551448
0 0.765544 0.0406394 0.0401661 0.0614116
0 0.25656 0.417845 0.0501071 0.0750494
0 0.217136 0.233778 0.0461525 0.0621499
0 0.72277 0.765238 0.053302 0.079514
0 0.490736 0.779624 0.0548113 0.0853615
0 0.234133 0.72082 0.067853 0.0859999
0 0.443184 0.582056 0.0462715 0.0710789
0 0.310225 0.195404 0.0448677 0.0679126
0 0.16014 0.15763 0.042267 0.0625091
0 0.606155 0.235033 0.0435047 0.0593483
0 0.254672 0.361657 0.044998 0.0539729
0 0.429387 0.237626 0.0470016 0.0709018
0 0.759449 0.13904 0.042774 0.0641315
0 0.490573 0.314065 0.0421487 0.0542226
0 0.091609 0.255647 0.0492877 0.0699396
0 0.776212 0.641722 0.0502516 0.0656538
0 0.370735 0.480907 0.0535071 0.0764157
0 0.590511 0.313513 0.0600479 0.0892162
0 0.72863 0.582146 0.0482135 0.0794127
0 0.312029 0.115143 0.0377821 0.0611543
0 0.689079 0.157057 0.0371852 0.0548493
0 0.763299 0.429758 0.0485128 0.0693708
0 0.833309 0.0857518 0.0361639 0.0482835
0 0.91545 0.370662 0.0505196 0.068124
0 0.243221 0.104544 0.0391041 0.065576
0 0.655164 0.382891 0.0469795 0.0672126
0 0.550436 0.658835 0.0481829 0.0680271
0 0.897424 0.0997997 0.0381571 0.0574499
0 0.62397 0.631359 0.0484512 0.0682827
0 0.78355 0.320075 0.0455839 0.0606339
0 0.968008 0.457758 0.0524408 0.0534714
0 0.91714 0.483831 0.0520294 0.0702226
0 0.830286 0.407117 0.0411903 0.0577129
0 0.972984 0.139059 0.0395292 0.0592543
0 0.750402 0.233898 0.0470041 0.0611527
0 0.0718229 0.451371 0.0541701 0.077314
0 0.0493242 0.362602 0.0525791 0.0732273
0 0.948424 0.085204 0.0407124 0.0601391
0 0.935196 0.214362 0.045047 0.0633622
0 0.81453 0.113811 0.039559 0.0534922
0 0.74134 0.0891691 0.0405399 0.0619131
0 0.974873 0.303611 0.0411884 0.0643702
0 0.02648 0.248577 0.0524209 0.0691172
0 0.0138718 0.305174 0.0277436 0.0778507
0 0.538787 0.574651 0.0460253 0.067235
