0 0.510001 0.62207 0.0832434 0.124949
0 0.58789 0.680319 0.102029 0.13865
0 0.881776 0.641716 0.0933132 0.139176
0 0.780938 0.637684 0.10844 0.161905
0 0.2237 0.689078 0.0812982 0.118217
0 0.0912045 0.651612 0.0828888 0.125454
0 0.671468 0.64019 0.0627577 0.0962183
0 0.19979 0.913443 0.175524 0.111837
0 0.300784 0.552615 0.0529692 0.0771142
0 0.340255 0.565922 0.0618171 0.0980053
0 0.271571 0.627909 0.0606123 0.100946
0 0.891854 0.524209 0.0496532 0.0676661
0 0.0551214 0.523037 0.0573685 0.0851568
0 0.848006 0.60339 0.0536404 0.0840338
0 0.157398 0.567002 0.0576238 0.0872857
0 0.112575 0.524965 0.045494 0.0681277
0 0.459803 0.66786 0.0556667 0.101653
0 0.613447 0.531831 0.0491148 0.082286
0 0.858976 0.539713 0.0377823 0.0534197
0 0.391997 0.575362 0.0390547 0.0748022
0 0.756804 0.518697 0.0398578 0.0538142
0 0.437497 0.48295 0.0248837 0.0417078
0 0.237305 0.44277 0.0283251 0.0420713
0 0.151933 0.498994 0.0384822 0.0488776
0 0.543204 0.495931 0.0298054 0.0426602
0 0.925636 0.521386 0.0295763 0.0414816
0 0.27486 0.513279 0.0248611 0.0385291
0 0.486075 0.488336 0.0218868 0.0328526
0 0.715051 0.614124 0.0570922 0.0910591
0 0.874463 0.919087 0.161254 0.161328
0 0.19426 0.547264 0.0353849 0.0661554
0 0.965506 0.55753 0.0459726 0.0651174
0 0.458861 0.470299 0.0199739 0.0322269
0 0.831847 0.484808 0.0210102 0.0291899
0 0.582292 0.514986 0.0311379 0.0504372
0 0.82448 0.555768 0.0281933 0.0356071
0 0.715366 0.547147 0.0394909 0.054069
0 0.661008 0.50757 0.0230837 0.0344563
0 0.103765 0.469574 0.0371949 0.045862
0 0.961054 0.671315 0.0543907 0.149548
0 0.794056 0.48375 0.0197091 0.0275549
0 0.770945 0.485612 0.0174142 0.0219198
0 0.103784 0.3907 0.0333305 0.0450321
0 0.397555 0.484274 0.0210613 0.0320414
0 0.831869 0.521292 0.0242619 0.0338997
0 0.721269 0.495778 0.0241447 0.0316801
0 0.65608 0.73537 0.0635109 0.12381
0 0.196137 0.538421 0.0361969 0.068648
0 0.809544 0.484883 0.0189949 0.0275259
0 0.380107 0.464418 0.0203927 0.0303667
0 0.629794 0.47001 0.0130209 0.0188345
0 0.646312 0.50076 0.0215824 0.0288949
0 0.831582 0.494692 0.0193361 0.0255869
