0 0.714284 0.716549 0.0271351 0.0428735
0 0.931982 0.696648 0.0317345 0.0490006
0 0.156623 0.63341 0.0253469 0.0377491
0 0.96174 0.64699 0.0284943 0.0475377
0 0.831711 0.658015 0.0301685 0.0535431
0 0.921804 0.654053 0.0261719 0.0386908
0 0.208708 0.346286 0.0286467 0.0454928
0 0.877937 0.62723 0.0253662 0.0379964
0 0.976242 0.706579 0.0324665 0.0502349
0 0.135257 0.336746 0.0234567 0.0410252
0 0.660242 0.0650555 0.0246133 0.0430006
0 0.263163 0.363998 0.025318 0.0485229
0 0.899416 0.143181 0.0275269 0.0486285
0 0.570458 0.228582 0.0247585 0.0407502
0 0.391151 0.151965 0.0248558 0.041684
0 0.116153 0.637278 0.0261266 0.0386068
0 0.47153 0.151902 0.0263094 0.0395276
0 0.596915 0.70331 0.0223773 0.0388367
0 0.382591 0.237157 0.0248293 0.0421627
0 0.31759 0.787387 0.025646 0.0423697
0 0.603043 0.667008 0.023196 0.0378809
0 0.524047 0.37981 0.0251389 0.0415293
0 0.328172 0.661141 0.0280783 0.0449004
0 0.187886 0.76715 0.0262608 0.0453592
0 0.33966 0.514131 0.0259332 0.0425986
0 0.290108 0.502916 0.0258914 0.0406744
0 0.333359 0.752978 0.0239528 0.0375929
0 0.557944 0.0526843 0.0249987 0.0457081
0 0.61653 0.742673 0.0219404 0.042159
0 0.684537 0.115813 0.0249327 0.0424084
0 0.811424 0.0899559 0.0234705 0.0416299
0 0.799949 0.0490113 0.0259569 0.0452306
0 0.826507 0.6123 0.0252613 0.0350533
0 0.648918 0.624402 0.0260187 0.0402132
0 0.266992 0.4845 0.0264031 0.0413215
0 0.439185 0.234414 0.0264292 0.0448336
0 0.117045 0.066433 0.0233372 0.0401199
0 0.48582 0.356033 0.0271156 0.0427841
0 0.434981 0.330976 0.025786 0.0375922
0 0.368322 0.0992152 0.0250033 0.0428618
0 0.468535 0.646191 0.0277216 0.0433042
0 0.472305 0.512783 0.0252723 0.0423458
0 0.522888 0.210242 0.022827 0.0366467
0 0.207941 0.583295 0.0251629 0.0388035
0 0.64916 0.687993 0.0276567 0.0473565
0 0.784454 0.461453 0.0209301 0.0297731
0 0.432867 0.458462 0.0230925 0.0357261
0 0.355646 0.131459 0.0243249 0.0394783
0 0.299367 0.394955 0.0261134 0.0459413
0 0.233328 0.770763 0.0249471 0.0436588
0 0.875633 0.0893944 0.0258022 0.0477618
0 0.0940925 0.106704 0.0243131 0.0393636
0 0.668626 0.714185 0.0266756 0.0487316
0 0.254524 0.595137 0.0267091 0.0397196
0 0.226111 0.167511 0.0243567 0.0370529
0 0.462576 0.725115 0.0266731 0.0460087
0 0.309724 0.099879 0.0228652 0.0380794
0 0.373154 0.771609 0.0232132 0.0413131
0 0.354536 0.323188 0.026109 0.0433823
0 0.0422214 0.274337 0.0248791 0.0379186
0 0.427689 0.509538 0.024943 0.0373835
0 0.310798 0.599971 0.0266613 0.041947
0 0.551741 0.76199 0.0251257 0.0443035
0 0.0468345 0.816828 0.0252576 0.0459988
0 0.719506 0.0495957 0.0262177 0.0435207
0 0.48367 0.297593 0.027141 0.0388991
0 0.417932 0.0851934 0.0270006 0.0470981
0 0.935735 0.221072 0.023049 0.0386027
0 0.0946385 0.473992 0.0241565 0.0385111
0 0.129866 0.293116 0.0245445 0.0402441
0 0.0451161 0.529595 0.0232715 0.0377325
0 0.0614837 0.684367 0.0232556 0.0347034
0 0.573209 0.286556 0.024864 0.0385498
0 0.0358305 0.374856 0.0248216 0.0385489
0 0.343352 0.466001 0.0232001 0.034455
0 0.283191 0.0560397 0.0237 0.0392207
0 0.168641 0.563536 0.0239897 0.037521
0 0.264224 0.19243 0.0247017 0.0392426
0 0.0676872 0.645849 0.0229398 0.0370788
0 0.839924 0.418644 0.0226604 0.0322506
0 0.9147 0.468995 0.0253777 0.0406454
0 0.528453 0.728575 0.022613 0.0423902
0 0.0609896 0.730893 0.0244054 0.0417118
0 0.46745 0.0480304 0.0225109 0.0438191
0 0.200652 0.651826 0.0242584 0.037659
0 0.605191 0.255776 0.0235123 0.0304688
0 0.176896 0.291741 0.0243343 0.0414173
0 0.281019 0.749602 0.0240897 0.0424298
0 0.0273339 0.651781 0.0226863 0.0388622
0 0.831273 0.442812 0.0236481 0.0366973
0 0.0104722 0.375002 0.0209445 0.0407095
0 0.733323 0.205789 0.0239435 0.0370157
0 0.518253 0.439244 0.0230827 0.0330833
0 0.776276 0.333647 0.024465 0.0387557
0 0.864122 0.396069 0.0244732 0.0390807
0 0.530528 0.246151 0.0243032 0.0399941
0 0.376868 0.700015 0.0255143 0.0413074
0 0.777237 0.242967 0.0238123 0.0349351
0 0.303733 0.27935 0.0226018 0.0366075
0 0.310987 0.534052 0.0266724 0.0411406
0 0.103532 0.667079 0.0252541 0.0364016
0 0.383636 0.510211 0.0230314 0.0371819
0 0.0483185 0.484931 0.0243017 0.0397325
0 0.146996 0.251503 0.0237166 0.0372355
0 0.0980852 0.81328 0.0274834 0.0410353
0 0.415458 0.769881 0.0245504 0.0452272
0 0.596067 0.593123 0.0243714 0.0390283
0 0.925551 0.61008 0.0249914 0.0374916
0 0.600231 0.631374 0.0259928 0.0363994
0 0.304962 0.475052 0.0252923 0.0392117
0 0.258034 0.551613 0.0258703 0.0404283
0 0.640387 0.0259176 0.0210424 0.0369704
0 0.920274 0.0426457 0.0214588 0.0401458
0 0.943445 0.298021 0.0228283 0.0379199
0 0.312815 0.347988 0.0241692 0.0411566
0 0.552282 0.70149 0.0245916 0.0432491
0 0.441607 0.367445 0.0243534 0.0385525
0 0.879825 0.593945 0.0255291 0.0381756
0 0.56324 0.493362 0.02494 0.0369718
0 0.820419 0.270313 0.025177 0.0417276
0 0.344775 0.188575 0.0247451 0.0455209
0 0.240432 0.526603 0.0263515 0.0399471
0 0.527826 0.472651 0.023237 0.0369372
0 0.564217 0.584281 0.0242083 0.0405948
0 0.0550468 0.775858 0.0262833 0.0454958
0 0.244281 0.403253 0.0278841 0.0423572
0 0.0865656 0.310961 0.0238436 0.0369051
0 0.396657 0.211631 0.0238894 0.0375753
0 0.0886568 0.518175 0.0245541 0.0365615
0 0.825117 0.370086 0.0237124 0.035185
0 0.346873 0.61355 0.0266856 0.0426476
0 0.433887 0.586955 0.0238991 0.03989
0 0.518326 0.0347874 0.0212278 0.0383538
0 0.108776 0.188932 0.0232731 0.0387015
0 0.51065 0.675094 0.0265844 0.0439783
0 0.767894 0.0682753 0.0244846 0.043408
0 0.0796721 0.175638 0.0248429 0.0415146
0 0.603385 0.0293487 0.0203629 0.0349432
0 0.443672 0.291763 0.0259732 0.0439152
0 0.556344 0.165039 0.0223042 0.0351952
0 0.833422 0.51562 0.0257483 0.0419312
0 0.848204 0.0145109 0.0271616 0.0290218
0 0.559717 0.0141187 0.0245483 0.0281092
0 0.82289 0.400917 0.0234522 0.0348969
0 0.241874 0.687253 0.0242202 0.0370804
0 0.141409 0.45757 0.0230091 0.0392687
0 0.134671 0.219859 0.0247961 0.0407731
0 0.289923 0.575811 0.0273525 0.0392254
0 0.0826655 0.230475 0.0253765 0.0381131
0 0.568398 0.344636 0.0215223 0.0343178
0 0.389306 0.328508 0.0274395 0.043386
0 0.567884 0.548486 0.0226908 0.0372147
0 0.530502 0.611848 0.0227938 0.0402361
0 0.609756 0.285157 0.0221687 0.030865
0 0.687738 0.0230824 0.023596 0.0429128
0 0.610922 0.500282 0.0239441 0.0350439
0 0.434445 0.695831 0.0246003 0.0408058
0 0.510549 0.755749 0.022632 0.0402025
0 0.555616 0.363673 0.0238034 0.034127
0 0.730308 0.269269 0.0222193 0.0326655
0 0.974458 0.601528 0.0273746 0.0448381
0 0.874092 0.358825 0.0245293 0.0355933
0 0.202211 0.615893 0.0235404 0.0321768
0 0.402493 0.317515 0.0233836 0.0390134
0 0.736309 0.672601 0.0290726 0.0478053
0 0.614157 0.448623 0.0210908 0.0305541
0 0.960379 0.554585 0.0268265 0.038618
0 0.601952 0.35711 0.0202623 0.0305531
0 0.372051 0.573744 0.0260403 0.0432194
0 0.62792 0.116983 0.0228292 0.036012
0 0.90892 0.246486 0.0260159 0.0406554
0 0.641103 0.453689 0.0208996 0.0347652
0 0.939915 0.531562 0.0248528 0.0392632
0 0.609687 0.331883 0.0211248 0.0352651
0 0.5936 0.141591 0.0241665 0.0404434
0 0.176463 0.0599143 0.0240249 0.0383366
0 0.515147 0.64016 0.0253993 0.0409078
0 0.688799 0.162368 0.0247828 0.0400635
0 0.181785 0.177791 0.0239097 0.0372671
0 0.645847 0.4101 0.0225683 0.0377503
0 0.780592 0.494046 0.0263411 0.0409412
0 0.104887 0.750845 0.0246792 0.0422782
0 0.646132 0.354793 0.0228256 0.0352702
0 0.7928 0.553352 0.022949 0.0342563
0 0.24944 0.655603 0.0259912 0.0378389
0 0.132969 0.484259 0.0231529 0.0395681
0 0.9664 0.362599 0.0248207 0.0430878
0 0.753124 0.424779 0.0225471 0.0344069
0 0.173554 0.462958 0.0248504 0.0353109
0 0.777546 0.436119 0.0225039 0.0283854
0 0.562962 0.414899 0.0238873 0.0324335
0 0.345462 0.430958 0.0250433 0.037603
0 0.565273 0.663684 0.021314 0.0411678
0 0.603901 0.385225 0.0205994 0.0279493
0 0.809261 0.707032 0.0241798 0.0453106
0 0.787056 0.581204 0.0241152 0.0367299
0 0.919225 0.406626 0.023527 0.0353445
0 0.0822969 0.138864 0.0234018 0.0412275
0 0.565149 0.446781 0.0234392 0.0350691
0 0.82319 0.57996 0.024604 0.0338611
0 0.723761 0.131026 0.0247042 0.0377453
0 0.865362 0.221211 0.0280952 0.0463199
0 0.740964 0.247319 0.0203383 0.0285677
0 0.29595 0.641715 0.0272254 0.046805
0 0.183088 0.111998 0.0262696 0.0440913
0 0.613692 0.564746 0.0216959 0.0346178
0 0.908088 0.0704455 0.024626 0.0476442
0 0.628358 0.156947 0.0277393 0.0407923
0 0.166963 0.605945 0.0250744 0.0378674
0 0.0682789 0.60607 0.0223263 0.0371149
0 0.494933 0.188774 0.0217806 0.0363977
0 0.852069 0.0542309 0.0246544 0.0451746
0 0.225986 0.563791 0.0233144 0.0396632
0 0.643192 0.65475 0.0235525 0.0363823
0 0.510545 0.514568 0.0223901 0.0349434
0 0.647333 0.590151 0.0224144 0.0337997
0 0.40064 0.366332 0.0243746 0.0395717
0 0.431816 0.54911 0.0241813 0.0354453
0 0.39904 0.544427 0.025723 0.0409903
0 0.512378 0.593949 0.0235205 0.0405729
0 0.620182 0.311204 0.0234667 0.0383389
0 0.933217 0.496323 0.0255554 0.0353209
0 0.143508 0.117359 0.0274918 0.0432761
0 0.794513 0.672664 0.02148 0.035346
0 0.180312 0.378395 0.0248929 0.0406336
0 0.478638 0.477958 0.0224471 0.0345533
0 0.882182 0.511046 0.0253227 0.039249
0 0.82043 0.338456 0.0234428 0.0333184
0 0.428175 0.025638 0.0213148 0.0345436
0 0.234818 0.722491 0.0266657 0.0393646
0 0.333754 0.704066 0.0279279 0.046666
0 0.779863 0.388742 0.0261286 0.0302595
0 0.400191 0.490678 0.0232267 0.0373278
0 0.981579 0.507102 0.027157 0.0405437
0 0.819065 0.215197 0.0213291 0.0334136
0 0.419039 0.722126 0.0260837 0.0454343
0 0.26611 0.245937 0.0253279 0.0396719
0 0.768535 0.130532 0.0245418 0.0420317
0 0.60598 0.416925 0.0227163 0.0363788
0 0.605484 0.534604 0.024263 0.0363554
0 0.822258 0.309921 0.0208679 0.0301802
0 0.167717 0.408118 0.025471 0.0430372
0 0.427811 0.659204 0.0241316 0.0397348
0 0.779278 0.208814 0.0236341 0.0366132
0 0.389442 0.626919 0.0257718 0.0410747
0 0.40476 0.460594 0.0219262 0.03666
0 0.229173 0.13171 0.0237723 0.0359369
0 0.918106 0.166415 0.0283457 0.0504124
0 0.593852 0.472958 0.0211419 0.031806
0 0.103313 0.710255 0.0236933 0.0386454
0 0.276032 0.711742 0.0227 0.0370532
0 0.601876 0.0984776 0.0241234 0.0442886
0 0.197809 0.53879 0.0251406 0.0386761
0 0.61821 0.0162752 0.0194811 0.0324731
0 0.233136 0.0491252 0.0229806 0.0370884
0 0.905974 0.360274 0.0256935 0.0427649
0 0.668552 0.0172473 0.0220043 0.034096
0 0.782397 0.287745 0.0229706 0.0368359
0 0.0352953 0.331576 0.0254531 0.0420181
0 0.128217 0.577249 0.0236528 0.0370005
0 0.195384 0.0852934 0.0250255 0.0423574
0 0.251723 0.0800852 0.0253916 0.0449522
0 0.652258 0.538856 0.0217026 0.0355852
0 0.35042 0.369768 0.0249682 0.0369018
0 0.468394 0.771091 0.0237683 0.0405268
0 0.770287 0.268536 0.0230176 0.0334303
0 0.11635 0.696377 0.0228771 0.0378326
0 0.553242 0.519824 0.0233753 0.0345643
0 0.981516 0.419604 0.0192398 0.0348903
0 0.209124 0.186902 0.0260358 0.0418473
0 0.567491 0.194159 0.0227248 0.0313167
0 0.553324 0.261903 0.0264122 0.039658
0 0.359312 0.404032 0.0236788 0.039977
0 0.524704 0.342916 0.0249662 0.0363434
0 0.917239 0.54468 0.0273125 0.0383896
0 0.823011 0.479518 0.0216454 0.0291172
0 0.152074 0.180614 0.0247638 0.0381143
0 0.920687 0.573381 0.0233944 0.0342003
0 0.306327 0.175622 0.024674 0.0398245
0 0.821056 0.14994 0.0238688 0.0460494
0 0.781324 0.413571 0.0246743 0.0309691
0 0.120895 0.50588 0.0247519 0.036185
0 0.908108 0.428414 0.0265709 0.0376553
0 0.278833 0.331762 0.0240953 0.0411251
0 0.036462 0.612899 0.0230366 0.0383549
0 0.429179 0.424661 0.0233524 0.0331064
0 0.109063 0.60409 0.022996 0.0309135
0 0.365595 0.0390681 0.0213017 0.0342836
0 0.477813 0.324983 0.0247084 0.0320818
0 0.380083 0.665021 0.0249755 0.0382902
0 0.85968 0.452441 0.0244774 0.0335075
0 0.570145 0.389413 0.0230621 0.030993
0 0.487459 0.233242 0.0269591 0.0438999
0 0.611105 0.231737 0.0250444 0.0353549
0 0.441552 0.0156125 0.0191652 0.027615
0 0.130006 0.542958 0.0251124 0.0367027
0 0.904333 0.276077 0.0229746 0.0322298
0 0.0396469 0.0707478 0.0220148 0.0342103
0 0.83932 0.280397 0.021859 0.0340872
0 0.246998 0.623966 0.0249451 0.0318913
