0 0.149505 0.886948 0.0338811 0.0419926
0 0.193301 0.813792 0.031179 0.0361326
0 0.384647 0.818711 0.0252069 0.0339287
0 0.858935 0.584 0.0252888 0.0301302
0 0.813957 0.71056 0.0294485 0.0368065
0 0.44464 0.883977 0.0268028 0.0329651
0 0.765267 0.680413 0.0251066 0.0289049
0 0.516436 0.87017 0.0311753 0.0396259
0 0.479053 0.806585 0.0278229 0.0350622
0 0.250419 0.700818 0.0197252 0.0254055
0 0.551947 0.824768 0.027664 0.0353603
0 0.0974316 0.648891 0.0202337 0.0254778
0 0.0811644 0.91164 0.0291574 0.0436211
0 0.65647 0.7481 0.0295173 0.0320194
0 0.612845 0.616346 0.0233604 0.0287987
0 0.287881 0.636149 0.0232201 0.028124
0 0.5088 0.471338 0.0172438 0.0218201
0 0.660228 0.861013 0.0322603 0.0416573
0 0.59169 0.769516 0.0249935 0.0325491
0 0.524802 0.687531 0.0226258 0.0288077
0 0.954716 0.725088 0.0296585 0.035922
0 0.388401 0.591809 0.0204445 0.02388
0 0.699588 0.619904 0.0240831 0.0298232
0 0.788428 0.531182 0.0199764 0.0230434
0 0.928685 0.652767 0.0253332 0.0327381
0 0.424104 0.840343 0.0247656 0.0315754
0 0.340999 0.817387 0.0272659 0.0355444
0 0.516487 0.797855 0.0249013 0.031691
0 0.138293 0.821792 0.0285203 0.0367815
0 0.352112 0.682694 0.0218492 0.0240309
0 0.301846 0.702538 0.0223683 0.0271776
0 0.558809 0.731583 0.0222614 0.0284126
0 0.854404 0.761764 0.0292103 0.0354944
0 0.195136 0.597991 0.0176142 0.020394
0 0.632996 0.366369 0.0138401 0.0159979
0 0.31966 0.545801 0.0181889 0.0200798
0 0.717315 0.746761 0.0244148 0.0289886
0 0.979485 0.624958 0.0258339 0.0319553
0 0.336454 0.631059 0.0235327 0.0272182
0 0.479513 0.483848 0.0177219 0.0203731
0 0.617877 0.511944 0.019462 0.0222548
0 0.920785 0.380729 0.0184425 0.0222879
0 0.445484 0.356922 0.0131269 0.0156542
0 0.367092 0.51116 0.0178502 0.0206909
0 0.709055 0.773699 0.0268591 0.0330935
0 0.71566 0.564632 0.0214918 0.0242865
0 0.703801 0.703939 0.0274126 0.0317789
0 0.454616 0.41863 0.0153135 0.0196102
0 0.915092 0.627416 0.0242886 0.0301804
0 0.602285 0.379475 0.0139864 0.0179149
0 0.521272 0.749688 0.0251307 0.0309319
0 0.191606 0.509875 0.015705 0.0181178
0 0.28185 0.510664 0.0167185 0.019396
0 0.197099 0.560533 0.0174954 0.0187641
0 0.606235 0.480629 0.0181091 0.0219126
0 0.56484 0.461651 0.0168421 0.0205651
0 0.448294 0.67686 0.0238827 0.0270308
0 0.398371 0.692857 0.0243407 0.029529
0 0.545961 0.52176 0.0171942 0.0217569
0 0.422461 0.452798 0.015786 0.0186495
0 0.57166 0.515325 0.0186296 0.0221418
0 0.692671 0.434713 0.0167984 0.0197238
0 0.664688 0.626324 0.0246241 0.0273074
0 0.135402 0.635575 0.0193535 0.0243649
0 0.769558 0.723213 0.0286758 0.0355202
0 0.758098 0.39302 0.015881 0.0193679
0 0.884719 0.687539 0.0255417 0.0330532
0 0.359307 0.566315 0.0199748 0.0223124
0 0.141886 0.539702 0.0164802 0.018525
0 0.846799 0.424099 0.0177101 0.0221589
0 0.9525 0.51365 0.021352 0.0264233
0 0.947294 0.448734 0.0184685 0.0227757
0 0.915534 0.458802 0.0179791 0.0221367
0 0.605611 0.35198 0.0140111 0.0155488
0 0.892811 0.644418 0.0256561 0.0305723
0 0.972676 0.443565 0.0192875 0.0244829
0 0.859198 0.62407 0.0266373 0.0345905
0 0.881002 0.414228 0.0178734 0.0215281
0 0.828761 0.708016 0.0265348 0.03585
0 0.568051 0.304967 0.0124792 0.0149575
0 0.0929671 0.568443 0.0180116 0.0225777
0 0.151841 0.502982 0.0173417 0.0208372
0 0.424986 0.42551 0.0151817 0.0188238
0 0.547314 0.367376 0.0137537 0.0166269
0 0.523133 0.443513 0.0161968 0.0200434
0 0.286373 0.556275 0.0168322 0.0207254
0 0.457316 0.478217 0.0176018 0.0194414
0 0.29787 0.523347 0.0175701 0.0191843
0 0.476357 0.573415 0.0202259 0.023412
0 0.659469 0.629466 0.0229321 0.0259893
0 0.856209 0.696189 0.0258389 0.0322175
0 0.767981 0.73197 0.0290533 0.0349731
0 0.167451 0.491585 0.0159596 0.0182478
0 0.494224 0.397134 0.0154444 0.018457
0 0.644348 0.438606 0.0161802 0.0186561
0 0.797915 0.422501 0.0173828 0.020491
0 0.702392 0.823224 0.0320135 0.0360649
0 0.837111 0.624005 0.0244415 0.0306763
0 0.650739 0.507461 0.018597 0.0210419
0 0.410492 0.519897 0.0174538 0.0200798
0 0.329309 0.473189 0.0158631 0.0174084
0 0.779531 0.380558 0.015721 0.0194808
0 0.946563 0.640835 0.0251263 0.0320137
0 0.965415 0.642404 0.0241037 0.0308399
0 0.783066 0.331565 0.0146486 0.0182786
0 0.42705 0.518846 0.0178118 0.020789
0 0.807359 0.638569 0.0254505 0.0317299
0 0.797434 0.496191 0.0190699 0.0233219
0 0.714006 0.503225 0.0188076 0.0204994
0 0.606175 0.45808 0.017544 0.0194201
0 0.277959 0.416014 0.0122394 0.0146294
0 0.493048 0.379535 0.0141899 0.0168371
0 0.386383 0.518899 0.0171272 0.0196404
0 0.631075 0.339459 0.0134268 0.0154022
0 0.573051 0.738104 0.0234493 0.0275425
0 0.444309 0.532428 0.017614 0.0216373
0 0.480741 0.61429 0.0207802 0.0228949
0 0.456097 0.334101 0.0121752 0.0141067
0 0.529467 0.343464 0.0127697 0.0164809
0 0.464736 0.58479 0.0202227 0.0245388
0 0.527492 0.536814 0.0175754 0.0202892
0 0.699478 0.707763 0.0257408 0.0320585
0 0.0932377 0.597939 0.0177359 0.0217691
0 0.341971 0.388784 0.0117733 0.0135413
0 0.852638 0.327887 0.0146988 0.0177931
0 0.468814 0.435918 0.0162033 0.0198211
0 0.234409 0.863072 0.0292529 0.0356514
0 0.483168 0.319791 0.0121532 0.0142117
0 0.503163 0.345081 0.0128672 0.0163404
0 0.27863 0.395524 0.0123121 0.0144672
0 0.16516 0.454815 0.0133164 0.0176117
0 0.517905 0.418009 0.0155208 0.0187158
0 0.729188 0.277709 0.0128599 0.0146821
0 0.518001 0.358164 0.0131361 0.017594
0 0.491069 0.50811 0.0188302 0.0235828
0 0.334345 0.435532 0.0144197 0.0165634
0 0.547965 0.465732 0.016991 0.0210033
0 0.639944 0.421368 0.0152415 0.0179701
0 0.744553 0.486289 0.0203133 0.0219364
0 0.391185 0.518473 0.0176086 0.0200222
0 0.944771 0.551081 0.0222157 0.0271025
0 0.364712 0.39266 0.0133927 0.0167145
0 0.391557 0.534214 0.0182842 0.0205614
0 0.290029 0.553073 0.0181699 0.0208271
0 0.329547 0.47614 0.0162565 0.0176535
0 0.654847 0.305522 0.0125645 0.014288
0 0.444396 0.452426 0.0166685 0.0201319
0 0.330949 0.240916 0.0105294 0.0118876
0 0.693734 0.328448 0.013427 0.0152829
0 0.480163 0.247844 0.0106474 0.0125876
0 0.622098 0.45203 0.0167992 0.0200413
0 0.105195 0.494385 0.0165616 0.0189926
0 0.363278 0.387745 0.0131721 0.015922
0 0.741083 0.319229 0.0137454 0.016327
0 0.834491 0.631074 0.0251442 0.0337278
0 0.0446893 0.590439 0.0166569 0.0211448
0 0.429657 0.373431 0.0133846 0.0154818
0 0.0948469 0.456383 0.0149736 0.0184229
0 0.596489 0.546164 0.0191162 0.0228142
0 0.520425 0.603353 0.0218599 0.0245907
0 0.771802 0.403994 0.0161222 0.01939
0 0.343325 0.38598 0.0128311 0.0146142
0 0.758033 0.304951 0.0133519 0.016573
0 0.396536 0.435145 0.0147551 0.0174681
0 0.597107 0.428773 0.0149818 0.0180586
0 0.256811 0.355479 0.011733 0.0130122
0 0.381339 0.381717 0.0132459 0.0153703
0 0.231854 0.404186 0.0121493 0.0137112
0 0.709348 0.392724 0.0150602 0.0192154
0 0.138682 0.482621 0.0156858 0.0179008
0 0.629761 0.408121 0.0152032 0.018525
0 0.668547 0.420048 0.0159508 0.019775
0 0.330435 0.269467 0.0102411 0.0121658
0 0.542529 0.420501 0.0155331 0.018685
0 0.408794 0.556428 0.0190932 0.0219614
0 0.411773 0.605232 0.0205164 0.0248018
0 0.706603 0.283094 0.0124254 0.0148067
0 0.135184 0.640176 0.0204619 0.0254302
0 0.526888 0.407047 0.0146416 0.0175199
0 0.466728 0.328553 0.0116909 0.0144831
0 0.959778 0.466369 0.0196081 0.0252176
0 0.206416 0.390792 0.0118743 0.0130014
0 0.657145 0.403893 0.0146755 0.0180559
0 0.445157 0.446226 0.0158476 0.0203886
0 0.635736 0.421106 0.0155434 0.0186537
0 0.518628 0.230016 0.0108438 0.0123373
0 0.575324 0.515244 0.0176356 0.0221813
0 0.584143 0.420775 0.0160689 0.0187813
0 0.261678 0.386435 0.0115826 0.0137693
0 0.759777 0.484318 0.0192402 0.0224346
0 0.69519 0.309804 0.0128395 0.0144788
0 0.728772 0.39031 0.0154146 0.0182015
0 0.556864 0.308334 0.0123163 0.01401
0 0.682516 0.339828 0.0134573 0.0149283
0 0.721089 0.392008 0.0151854 0.019007
0 0.469666 0.344622 0.0129473 0.01499
0 0.257115 0.384486 0.012209 0.014197
0 0.973079 0.637036 0.0278786 0.0328466
0 0.693746 0.371639 0.0150415 0.0174723
0 0.272922 0.416863 0.0131965 0.0150523
0 0.990328 0.441738 0.018174 0.0253508
0 0.577905 0.373456 0.0147757 0.0183124
0 0.429906 0.375953 0.013214 0.0148089
0 0.339797 0.388098 0.012034 0.0142443
0 0.580661 0.330989 0.0129124 0.0149129
0 0.543836 0.795575 0.02498 0.0303944
0 0.589054 0.455341 0.0165665 0.0200691
0 0.455818 0.281205 0.0114738 0.0130111
0 0.99112 0.571049 0.0177598 0.0298714
0 0.804321 0.359861 0.0160137 0.0180028
0 0.555999 0.427444 0.0168806 0.018532
