0 0.245893 0.794272 0.0338199 0.0508196
0 0.71264 0.787428 0.0446957 0.0572727
0 0.325235 0.692245 0.0366184 0.0465716
0 0.463863 0.900525 0.0379393 0.0292423
0 0.427751 0.612786 0.0326966 0.0432728
0 0.968902 0.785867 0.0360481 0.0536315
0 0.324886 0.764101 0.0361758 0.0464025
0 0.201212 0.906052 0.0465446 0.0564079
0 0.437511 0.549668 0.0314924 0.0416898
0 0.282968 0.507458 0.0355116 0.0478314
0 0.835856 0.591645 0.0365463 0.0465496
0 0.631138 0.848809 0.0439134 0.0624353
0 0.819249 0.80291 0.0390575 0.0510996
0 0.359037 0.903929 0.0428069 0.0402134
0 0.643793 0.802513 0.0435041 0.0498783
0 0.856516 0.851139 0.0357964 0.0482145
0 0.351712 0.649248 0.0383199 0.0484516
0 0.950195 0.669531 0.0379816 0.0505975
0 0.434304 0.721202 0.0392956 0.0509939
0 0.640329 0.640727 0.0336125 0.043925
0 0.34554 0.458083 0.0326148 0.0416286
0 0.189142 0.577768 0.0306627 0.0410337
0 0.244022 0.71231 0.0369276 0.0455406
0 0.232537 0.522579 0.0319247 0.0430342
0 0.273415 0.616495 0.0321977 0.0395504
0 0.75909 0.524767 0.0325146 0.0420597
0 0.181961 0.523856 0.0314337 0.0445168
0 0.677967 0.863835 0.0413572 0.0555012
0 0.22581 0.648147 0.0337988 0.0438371
0 0.672054 0.477774 0.0292332 0.0382067
0 0.197426 0.617964 0.0294406 0.0392302
0 0.570063 0.125699 0.0234573 0.0311954
0 0.618992 0.605533 0.0325981 0.0408635
0 0.203144 0.440822 0.0292443 0.0434334
0 0.165508 0.429824 0.0264001 0.0387344
0 0.517783 0.523217 0.031099 0.0398108
0 0.694531 0.666554 0.0410213 0.0552286
0 0.0702319 0.660005 0.0341956 0.0402789
0 0.249749 0.402863 0.0324728 0.0385039
0 0.0397695 0.600235 0.0342568 0.0490259
0 0.347817 0.576898 0.0340553 0.0431999
0 0.668847 0.14133 0.0237676 0.0320618
0 0.25814 0.273378 0.0272327 0.0389832
0 0.421158 0.229331 0.026136 0.0351622
0 0.17353 0.392014 0.027625 0.0377372
0 0.499101 0.379639 0.031126 0.0414359
0 0.401363 0.354537 0.0272902 0.038014
0 0.661759 0.663057 0.0368996 0.0501472
0 0.133701 0.337313 0.0261257 0.0352236
0 0.940505 0.495728 0.033918 0.0456652
0 0.842682 0.342113 0.0286568 0.0365252
0 0.885485 0.287993 0.0289885 0.0360691
0 0.0481573 0.846597 0.0377308 0.0455889
0 0.883838 0.446494 0.0291588 0.0373481
0 0.860652 0.393862 0.0304934 0.0382573
0 0.908899 0.509225 0.0338417 0.0412308
0 0.23887 0.348648 0.0276909 0.0344466
0 0.624237 0.345815 0.0267956 0.0384423
0 0.448856 0.441535 0.0296679 0.0407426
0 0.448762 0.32172 0.0269309 0.0356301
0 0.36326 0.540583 0.0353436 0.0421
0 0.140242 0.848479 0.0381027 0.0478277
0 0.49548 0.100371 0.0230787 0.0302306
0 0.657524 0.36873 0.0249347 0.0328624
0 0.253223 0.559478 0.032742 0.042478
0 0.46705 0.444721 0.0258375 0.0371273
0 0.74568 0.446689 0.0304268 0.0401475
0 0.403195 0.262503 0.0273714 0.0375441
0 0.681581 0.423826 0.0269533 0.0355568
0 0.373679 0.349513 0.0270025 0.0370556
0 0.55519 0.196387 0.0250341 0.0345046
0 0.471566 0.0500234 0.0199306 0.027027
0 0.417515 0.70377 0.0365072 0.0431241
0 0.197842 0.0479248 0.019862 0.0273546
0 0.602118 0.340865 0.0243367 0.0355547
0 0.83414 0.139603 0.0241394 0.0331817
0 0.139937 0.246763 0.0241096 0.0324688
0 0.812582 0.378671 0.0317499 0.0422173
0 0.460006 0.265094 0.0271521 0.0370308
0 0.816967 0.507511 0.0341267 0.043845
0 0.160362 0.0516472 0.018944 0.0249691
0 0.356414 0.323481 0.0241015 0.0309531
0 0.855481 0.0947287 0.0220919 0.0293118
0 0.216897 0.341055 0.0257579 0.0336198
0 0.21088 0.252072 0.0261644 0.0347557
0 0.37031 0.136007 0.0235142 0.03005
0 0.297857 0.269631 0.0240154 0.0321417
0 0.326917 0.126217 0.0213373 0.0295941
0 0.489368 0.200062 0.0271699 0.035518
0 0.0180178 0.319966 0.0284456 0.0383605
0 0.126827 0.614685 0.0332953 0.0441723
0 0.140993 0.174821 0.0233953 0.0306097
0 0.322429 0.397212 0.0286259 0.0350544
0 0.781516 0.145733 0.026548 0.0368173
0 0.344962 0.22285 0.0251482 0.0345348
0 0.549885 0.345307 0.0270391 0.0326871
0 0.28892 0.295361 0.0246215 0.0318393
0 0.698285 0.394321 0.0272856 0.0350251
0 0.493485 0.0265305 0.0212893 0.0273196
0 0.0221812 0.0845281 0.0222017 0.0289869
0 0.663986 0.580175 0.0327236 0.0413496
0 0.520158 0.24125 0.0245398 0.033497
0 0.415177 0.412967 0.0297516 0.0367687
0 0.256255 0.122658 0.0221451 0.0297855
0 0.627465 0.201035 0.0252876 0.0338079
0 0.275215 0.138238 0.0225738 0.0306941
0 0.877662 0.334577 0.0261507 0.0335196
0 0.761319 0.215653 0.0289684 0.0364728
0 0.282423 0.107328 0.0228951 0.0305468
0 0.569175 0.382055 0.0261511 0.0363923
0 0.599415 0.469638 0.0281 0.0389208
0 0.696942 0.0774745 0.0225949 0.0312316
0 0.426021 0.040483 0.0220695 0.0306741
0 0.240175 0.235383 0.0243151 0.033127
0 0.338695 0.0721634 0.0220397 0.0287839
0 0.57553 0.194949 0.0226476 0.0317461
0 0.415361 0.0958709 0.0219305 0.0293638
0 0.175351 0.199867 0.0249204 0.0331968
0 0.636095 0.527282 0.0343141 0.0450792
0 0.0905828 0.350239 0.0233912 0.0340073
0 0.410064 0.143453 0.0228976 0.0299758
0 0.322725 0.444352 0.0277638 0.0397825
0 0.159355 0.142569 0.0224463 0.0301951
0 0.220267 0.176784 0.0233742 0.0300767
0 0.575488 0.461541 0.0275768 0.0385822
0 0.52389 0.192095 0.025878 0.0350515
0 0.456179 0.385812 0.0287478 0.0375995
0 0.565865 0.501786 0.0282656 0.0395888
0 0.432095 0.520488 0.0292156 0.0291493
0 0.240994 0.0573507 0.0209806 0.0275623
0 0.377425 0.207505 0.0227864 0.031736
0 0.266439 0.0560474 0.0223498 0.0279646
0 0.495468 0.314719 0.0236773 0.0320641
0 0.466158 0.211899 0.0251455 0.0331958
0 0.309443 0.14309 0.0227751 0.0307106
0 0.647216 0.0961314 0.0244268 0.0328934
0 0.31661 0.317051 0.0250837 0.0359725
0 0.471542 0.165229 0.023328 0.0319614
0 0.0734545 0.273396 0.0266205 0.0347606
0 0.143851 0.513054 0.0283585 0.0392332
0 0.521822 0.0422031 0.022569 0.0294048
0 0.731662 0.374505 0.0280836 0.0373907
0 0.282694 0.297902 0.0279634 0.0332742
0 0.791503 0.363689 0.0303988 0.0412539
0 0.399326 0.476042 0.029304 0.036912
0 0.324597 0.604709 0.0330035 0.0403825
0 0.550911 0.406503 0.0274416 0.0380866
0 0.90552 0.410687 0.0265896 0.0367629
0 0.0822769 0.525145 0.02758 0.0316998
0 0.376732 0.172615 0.0224892 0.0303728
0 0.226488 0.209604 0.0227854 0.0310732
0 0.215976 0.148746 0.0216317 0.0298688
0 0.646498 0.157368 0.0222694 0.0294221
0 0.128109 0.460439 0.0306937 0.0417078
0 0.267726 0.197129 0.0230126 0.0303279
0 0.784739 0.297159 0.029587 0.0394881
0 0.244162 0.142117 0.0218874 0.0287813
0 0.0816717 0.0470915 0.020738 0.0231208
0 0.315914 0.150183 0.0233595 0.0324338
0 0.364249 0.400615 0.0307816 0.0395717
0 0.089326 0.13773 0.0225043 0.0318685
0 0.973176 0.384094 0.0318699 0.0403174
0 0.116253 0.452726 0.0296185 0.0398239
0 0.736883 0.0766761 0.0234011 0.0307032
0 0.322121 0.450771 0.0286423 0.0376175
0 0.0404032 0.1559 0.0216774 0.0288969
0 0.836639 0.294768 0.0257267 0.0303747
0 0.312659 0.146286 0.024075 0.0335168
0 0.761925 0.148302 0.0241062 0.0346094
0 0.2589 0.0321497 0.0213181 0.0257158
0 0.211461 0.206914 0.0229302 0.0315974
0 0.317725 0.23083 0.0229874 0.0306126
0 0.497221 0.899294 0.0306149 0.0259983
0 0.777501 0.0715644 0.0228521 0.0293849
0 0.373664 0.539574 0.0346128 0.0451101
0 0.210134 0.0308057 0.0171469 0.0152484
0 0.229981 0.143256 0.0218645 0.0294763
0 0.00863174 0.0502289 0.0169327 0.0209562
0 0.815933 0.0697738 0.0217236 0.0287252
0 0.122142 0.52057 0.0327724 0.041639
0 0.457443 0.380732 0.0285616 0.0354257
0 0.252178 0.678134 0.0352464 0.040093
0 0.041636 0.142586 0.0214724 0.0265666
