0 0.961759 0.588292 0.0478649 0.0678535
0 0.173982 0.486126 0.0422085 0.0563405
0 0.881693 0.82732 0.0525997 0.0802761
0 0.1849 0.80419 0.0459448 0.0614552
0 0.83273 0.648499 0.0471653 0.0675837
0 0.896485 0.751082 0.0500973 0.0745111
0 0.439407 0.37422 0.0414534 0.0622906
0 0.524692 0.741525 0.0483522 0.0675778
0 0.56602 0.69512 0.0473 0.068222
0 0.468397 0.534312 0.0469517 0.0618719
0 0.216143 0.418795 0.0387302 0.0532788
0 0.438692 0.665673 0.0458649 0.061828
0 0.437997 0.591538 0.0460938 0.0623357
0 0.834328 0.511622 0.039658 0.0564062
0 0.336012 0.615001 0.0452436 0.0574277
0 0.290896 0.482527 0.0477376 0.0634438
0 0.350242 0.501926 0.0487545 0.064362
0 0.919325 0.659499 0.0463707 0.0732225
0 0.569535 0.585599 0.0434119 0.0589597
0 0.106526 0.805038 0.0473077 0.0611763
0 0.606906 0.483435 0.0439146 0.0629794
0 0.528871 0.346594 0.0445167 0.0579226
0 0.596715 0.64444 0.0495192 0.0632599
0 0.271762 0.424604 0.0388313 0.0531308
0 0.866766 0.538079 0.0429424 0.0619577
0 0.828198 0.358988 0.0434078 0.0598383
0 0.785454 0.722495 0.0444267 0.0680326
0 0.180283 0.423121 0.0392914 0.0554543
0 0.882629 0.599132 0.0508415 0.0706984
0 0.664803 0.678302 0.0485235 0.0723368
0 0.232395 0.491945 0.0426158 0.0636406
0 0.862769 0.341184 0.0410824 0.0563867
0 0.639009 0.383185 0.0417655 0.0616875
0 0.598473 0.294798 0.0400864 0.0531532
0 0.374419 0.677691 0.0468637 0.0613369
0 0.402894 0.480616 0.0429503 0.0612679
0 0.695235 0.927081 0.0546421 0.0683022
0 0.104935 0.578417 0.0412022 0.0527015
0 0.688732 0.4556 0.0409344 0.0589041
0 0.528406 0.262795 0.040618 0.0600665
0 0.110406 0.509642 0.0376275 0.0522431
0 0.66896 0.277337 0.0385405 0.0586577
0 0.951257 0.753278 0.0582407 0.0817621
0 0.206123 0.8936 0.0538707 0.076137
0 0.58631 0.400349 0.0476742 0.065665
0 0.0642662 0.714652 0.0491311 0.0644146
0 0.975681 0.518273 0.0456032 0.0579491
0 0.107488 0.674605 0.0432803 0.0580447
0 0.684698 0.368729 0.043792 0.0604606
0 0.751707 0.444167 0.0397923 0.0531879
0 0.730831 0.499936 0.0431469 0.0583267
0 0.373743 0.0776256 0.0332687 0.0452167
0 0.351711 0.146382 0.0360472 0.0451445
0 0.0338631 0.391832 0.0446803 0.0595695
0 0.564939 0.478325 0.0450245 0.0652163
0 0.698338 0.14478 0.0344692 0.0495865
0 0.758866 0.139125 0.0360107 0.0466219
0 0.44088 0.170334 0.0368825 0.053161
0 0.281199 0.552722 0.040827 0.0552486
0 0.654146 0.47715 0.044294 0.0632409
0 0.466475 0.759719 0.0505346 0.0687449
0 0.178282 0.264622 0.0429879 0.0574015
0 0.766323 0.359097 0.0417657 0.0601258
0 0.0690136 0.331529 0.0392136 0.0539878
0 0.701047 0.575255 0.0395172 0.0580001
0 0.707642 0.239677 0.0380632 0.0558131
0 0.430094 0.100793 0.0392426 0.0533084
0 0.561333 0.28394 0.0429884 0.0594989
0 0.382919 0.865441 0.0578947 0.0673311
0 0.478509 0.395897 0.0411785 0.0539098
0 0.111123 0.268052 0.0430118 0.058811
0 0.319254 0.301566 0.0400481 0.0506681
0 0.167598 0.720222 0.0442194 0.0571724
0 0.117771 0.38127 0.0404804 0.0533621
0 0.587058 0.348938 0.0409224 0.0509701
0 0.509813 0.522843 0.0394102 0.056852
0 0.182618 0.348624 0.0416542 0.0564304
0 0.27712 0.164235 0.0388106 0.051192
0 0.701485 0.0774376 0.032482 0.0449255
0 0.228826 0.157231 0.0380403 0.0517755
0 0.408453 0.305857 0.0397317 0.0590845
0 0.231214 0.579658 0.043061 0.0551125
0 0.951352 0.483048 0.0374367 0.0505116
0 0.139284 0.20365 0.0405579 0.057965
0 0.275613 0.285842 0.0435793 0.0575352
0 0.64482 0.728497 0.0445274 0.0594988
0 0.0266329 0.222068 0.0382785 0.0498145
0 0.253162 0.08373 0.0366037 0.048013
0 0.309803 0.90724 0.0589987 0.0701469
0 0.648366 0.113209 0.0336012 0.0506462
0 0.0516558 0.504338 0.0424191 0.0541592
0 0.0657716 0.603748 0.0399979 0.0518038
0 0.740459 0.24785 0.0387301 0.0571968
0 0.534727 0.404869 0.0446725 0.0598589
0 0.621314 0.560931 0.0479218 0.0655921
0 0.29345 0.208799 0.0395852 0.0574105
0 0.894052 0.444502 0.0432999 0.0592059
0 0.355403 0.783356 0.0495644 0.0601172
0 0.499073 0.306103 0.0381809 0.0550405
0 0.12066 0.447966 0.0396174 0.0556448
0 0.539608 0.928155 0.0553997 0.0670155
0 0.0742972 0.159641 0.0368452 0.0465488
0 0.632382 0.029049 0.0333905 0.0413532
0 0.774651 0.307273 0.0347998 0.0462443
0 0.818164 0.181202 0.033923 0.0489186
0 0.749643 0.890899 0.0491115 0.0605579
0 0.583473 0.0799859 0.0383097 0.0537479
0 0.632993 0.336167 0.0360064 0.0408389
0 0.0881543 0.900559 0.0479118 0.0691072
0 0.514666 0.62373 0.0482824 0.0670002
0 0.700283 0.305106 0.0371119 0.0598443
0 0.0874454 0.198749 0.0342565 0.0474744
0 0.358727 0.369499 0.0421172 0.0527831
0 0.670576 0.208719 0.0351879 0.0506306
0 0.736161 0.761613 0.0447191 0.0653442
0 0.597931 0.205051 0.040137 0.0589992
0 0.225693 0.716397 0.0418864 0.0565298
0 0.423451 0.267913 0.0348171 0.0448011
0 0.627207 0.228463 0.0411028 0.0571357
0 0.500396 0.0689418 0.0371958 0.0521454
0 0.929839 0.31672 0.0422928 0.0542017
0 0.672552 0.851325 0.0441362 0.0608585
0 0.122099 0.0819951 0.0339342 0.0390238
0 0.59877 0.126372 0.0307486 0.0378943
0 0.921079 0.23363 0.0376995 0.0556009
0 0.486344 0.247929 0.039118 0.054691
0 0.75816 0.190989 0.0353227 0.0488818
0 0.0280742 0.142604 0.0338345 0.0416269
0 0.719912 0.543163 0.0428215 0.0627417
0 0.9745 0.422473 0.0411713 0.0610636
0 0.637431 0.0689836 0.0337276 0.0438297
0 0.794868 0.0393833 0.0357178 0.0488475
0 0.573381 0.172175 0.038058 0.0519056
0 0.0823962 0.11899 0.0362222 0.0472537
0 0.0194565 0.270381 0.0356095 0.0454633
0 0.759131 0.409833 0.0364903 0.0403777
0 0.557568 0.816405 0.0458376 0.0591637
0 0.323601 0.0571347 0.0334522 0.0441355
0 0.883151 0.0328678 0.0337345 0.0478098
0 0.778498 0.0760894 0.0377285 0.0557206
0 0.545625 0.151699 0.0338515 0.0529943
0 0.0183024 0.319892 0.0362084 0.0526077
0 0.214289 0.123855 0.0343452 0.043007
0 0.495824 0.125805 0.0362534 0.0523562
0 0.145938 0.132518 0.0358244 0.0485268
0 0.337526 0.444082 0.0439409 0.0543556
0 0.817672 0.0175728 0.0348694 0.0350962
0 0.416995 0.146884 0.03387 0.0466987
0 0.813685 0.474728 0.0375256 0.0533476
0 0.0300642 0.622143 0.036602 0.0574091
0 0.638453 0.826714 0.0477543 0.0677498
0 0.280391 0.0556294 0.0336943 0.0435916
0 0.736149 0.0138634 0.0320831 0.0277268
0 0.220961 0.236579 0.0376184 0.0510901
0 0.850465 0.0907454 0.0366722 0.0459831
0 0.625809 0.773636 0.0545188 0.0591803
0 0.470008 0.133537 0.0362108 0.0517558
0 0.856845 0.0519068 0.0365433 0.039714
0 0.736608 0.33659 0.0376345 0.0542206
0 0.750409 0.936876 0.0483997 0.0474026
0 0.612571 0.16044 0.0377335 0.0455956
0 0.386259 0.391818 0.0383729 0.0506528
0 0.814788 0.234387 0.038748 0.0544756
0 0.310355 0.11241 0.0378952 0.0510719
0 0.032502 0.177773 0.0374002 0.0445621
0 0.473373 0.975504 0.0494324 0.0488899
0 0.349752 0.0534661 0.0308952 0.042447
0 0.234174 0.98075 0.0586753 0.0385002
0 0.237705 0.054312 0.0277102 0.0297918
0 0.38595 0.941976 0.0616746 0.0694881
0 0.276699 0.125236 0.0333523 0.0390818
0 0.0674293 0.837072 0.0336099 0.0541786
0 0.383704 0.641855 0.0417631 0.044301
0 0.425106 0.0443661 0.0323637 0.0435616
0 0.546299 0.0386689 0.0353236 0.0485195
0 0.555132 0.869385 0.0437756 0.0558426
0 0.16934 0.0963449 0.0292547 0.0408407
0 0.957873 0.293265 0.0296593 0.0606004
0 0.83296 0.148658 0.035729 0.050709
0 0.44156 0.460297 0.0435259 0.0570265
0 0.249023 0.322656 0.0402149 0.0521882
0 0.188089 0.0988475 0.0301783 0.0426902
0 0.904461 0.19212 0.0374678 0.0468739
0 0.203547 0.212841 0.035884 0.0474478
0 0.515445 0.0148311 0.0345369 0.0296083
0 0.278268 0.777551 0.0462688 0.0593971
0 0.833669 0.310196 0.0334129 0.0400699
0 0.162739 0.191571 0.03658 0.0508772
0 0.461364 0.0239565 0.0323143 0.0443921
0 0.58584 0.0415276 0.0317133 0.0351711
0 0.683346 0.0404949 0.0351075 0.0457898
0 0.248033 0.87394 0.048717 0.0637739
0 0.1528 0.0719576 0.0289178 0.0338437
0 0.30396 0.438884 0.0356719 0.0422851
0 0.48458 0.03511 0.0306324 0.041362
0 0.382907 0.0254894 0.0297566 0.0295734
0 0.901211 0.413787 0.0427256 0.0496391
0 0.854333 0.126618 0.0367821 0.0553639
0 0.897236 0.430462 0.0471273 0.0732691
0 0.381883 0.165575 0.0350014 0.0480261
0 0.146629 0.973056 0.0460778 0.0538885
0 0.521175 0.145651 0.0355684 0.0512047
0 0.44208 0.989589 0.0518559 0.0206537
0 0.529785 0.517685 0.0365234 0.0584476
0 0.896744 0.269817 0.0403112 0.0540374
0 0.0688551 0.0855751 0.0280295 0.0230459
0 0.676138 0.626452 0.0445423 0.0631826
0 0.755158 0.0961215 0.0328978 0.0429005
0 0.378352 0.283865 0.0425922 0.0534902
0 0.930112 0.165412 0.0297754 0.0451259
0 0.599585 0.0211414 0.0308538 0.0388813
0 0.141778 0.128866 0.0369418 0.0476528
0 0.105608 0.351318 0.0309571 0.0309432
0 0.378653 0.947609 0.0574992 0.0716583
0 0.854112 0.467445 0.0426785 0.0665962
0 0.758795 0.770879 0.0474762 0.0684583
0 0.21011 0.0900983 0.0301914 0.0375966
0 0.413567 0.248378 0.0332674 0.0343315
0 0.704834 0.187681 0.0323196 0.0432764
0 0.274538 0.770421 0.0500424 0.0638024
0 0.818097 0.288159 0.0355812 0.042644
0 0.330577 0.0991886 0.0284153 0.0417141
0 0.00699176 0.476071 0.0139835 0.0513794
0 0.0861295 0.441552 0.0376793 0.0529758
0 0.376458 0.0265984 0.0292794 0.0289056
