0 0.581662 0.178486 0.0391079 0.0622988
0 0.86853 0.65858 0.150433 0.225783
0 0.252615 0.344533 0.102261 0.145804
0 0.592563 0.277492 0.0701883 0.113695
0 0.659123 0.287471 0.0759371 0.10976
0 0.593394 0.552301 0.136646 0.197227
0 0.285996 0.588096 0.118773 0.2323
0 0.544697 0.397487 0.100782 0.16952
0 0.288376 0.19196 0.0798469 0.123397
0 0.75994 0.266077 0.0763991 0.133514
0 0.865072 0.276639 0.0686867 0.12035
0 0.459496 0.370108 0.0990025 0.165825
0 0.365096 0.272626 0.09052 0.160826
0 0.166007 0.541033 0.15464 0.244263
0 0.353383 0.126633 0.055211 0.0775775
0 0.161609 0.090775 0.0575586 0.0963344
0 0.185446 0.138502 0.0474841 0.0815007
0 0.258075 0.114414 0.0490563 0.0753797
0 0.53571 0.228585 0.058532 0.0864929
0 0.803469 0.363668 0.064711 0.109214
0 0.695589 0.205171 0.0652603 0.109611
0 0.55689 0.145273 0.039179 0.0672852
0 0.468896 0.190787 0.0509095 0.0752833
0 0.4366 0.171032 0.0525976 0.0743555
0 0.0627441 0.502526 0.125488 0.246046
0 0.304349 0.0940899 0.0581719 0.0856016
0 0.430743 0.125473 0.059164 0.0867413
0 0.515823 0.136139 0.053399 0.0831804
0 0.226751 0.197172 0.0664523 0.1066
0 0.445971 0.242758 0.058643 0.0883159
0 0.426536 0.306284 0.0610968 0.099158
0 0.214734 0.123463 0.0411579 0.0690842
0 0.189664 0.244393 0.064391 0.106073
0 0.829469 0.197448 0.0507431 0.0828482
0 0.325175 0.190436 0.0568122 0.095203
0 0.0832564 0.183127 0.0781498 0.134455
0 0.978305 0.266641 0.0433897 0.0963322
0 0.88533 0.168242 0.0473442 0.0713092
0 0.75669 0.17467 0.0521663 0.0781271
0 0.968716 0.20074 0.0545168 0.0783646
0 0.893047 0.203837 0.053051 0.0783682
0 0.986155 0.396814 0.0276894 0.153826
