0 0.623378 0.364117 0.077393 0.119166
0 0.689395 0.532669 0.0931702 0.14303
0 0.342309 0.439624 0.0913837 0.132605
0 0.551538 0.574519 0.0903631 0.148076
0 0.82695 0.471674 0.0899191 0.130584
0 0.95008 0.653563 0.0856346 0.155484
0 0.406716 0.29541 0.0709487 0.10457
0 0.47708 0.426883 0.0837034 0.117706
0 0.684999 0.895104 0.104904 0.148389
0 0.140375 0.338827 0.073431 0.110255
0 0.500335 0.262789 0.0744385 0.1102
0 0.616079 0.235223 0.0720537 0.106106
0 0.834074 0.758239 0.101222 0.143301
0 0.129442 0.502386 0.0817669 0.119694
0 0.294454 0.301286 0.0710786 0.104733
0 0.308213 0.677643 0.10241 0.147601
0 0.770968 0.132672 0.0663014 0.109383
0 0.14168 0.783926 0.0973019 0.139294
0 0.877291 0.117805 0.0650429 0.1037
0 0.261984 0.22243 0.0702134 0.109712
0 0.782204 0.313699 0.0718739 0.117597
0 0.122978 0.132605 0.0701229 0.100143
0 0.378589 0.1699 0.0671631 0.0993272
0 0.106523 0.241044 0.0685378 0.102465
0 0.698869 0.343036 0.065076 0.104533
0 0.655537 0.0756259 0.0587131 0.0998931
0 0.9346 0.409534 0.0857597 0.12186
0 0.888624 0.271806 0.0684998 0.104716
0 0.521686 0.0717447 0.0619261 0.0958674
0 0.942596 0.253908 0.0667528 0.0994914
0 0.970431 0.0923969 0.0551277 0.0824106
0 0.406305 0.0294214 0.0589078 0.0588313
0 0.500642 0.024535 0.0564995 0.0489414
0 0.273401 0.0305223 0.0641588 0.0610445
0 0.830916 0.0620104 0.0456432 0.0526798
0 0.725871 0.06486 0.053437 0.0845536
0 0.0485569 0.216046 0.0442903 0.107229
0 0.184165 0.00939714 0.0658833 0.018776
0 0.597461 0.0372369 0.0480667 0.0610166
0 0.183074 0.0127763 0.0708209 0.0253204
