0 0.139873 0.793583 0.0272483 0.0320697
0 0.245266 0.778607 0.0268978 0.0333191
0 0.735341 0.735913 0.0283239 0.0366434
0 0.799984 0.871951 0.0291471 0.0367571
0 0.803763 0.907383 0.0303667 0.0362087
0 0.71263 0.811029 0.027494 0.0359768
0 0.840493 0.82914 0.0306776 0.0393827
0 0.740018 0.699112 0.0248671 0.0295238
0 0.559429 0.78516 0.0281867 0.0376017
0 0.783966 0.79491 0.0279228 0.034093
0 0.885886 0.863065 0.0276375 0.0340847
0 0.855304 0.758742 0.0251675 0.0309565
0 0.723424 0.88072 0.0301851 0.0379429
0 0.400451 0.70404 0.0260444 0.032687
0 0.386998 0.791072 0.0299025 0.038513
0 0.344909 0.662105 0.0257532 0.0324816
0 0.410505 0.531993 0.0237205 0.0314674
0 0.790132 0.842908 0.0263994 0.0317963
0 0.604877 0.779814 0.0246181 0.0320473
0 0.326477 0.786473 0.0267721 0.0332842
0 0.124955 0.125728 0.0280617 0.0334906
0 0.360564 0.831071 0.0291223 0.0364183
0 0.312357 0.673283 0.0251719 0.0313332
0 0.658983 0.791559 0.024942 0.0321236
0 0.833945 0.681709 0.0246611 0.0292198
0 0.587044 0.723036 0.0242952 0.0305155
0 0.502439 0.561762 0.0226423 0.0293371
0 0.201914 0.812441 0.0289561 0.0338257
0 0.145568 0.766061 0.0247485 0.0302567
0 0.381584 0.667627 0.0236301 0.03074
0 0.313005 0.177674 0.022938 0.0305546
0 0.623971 0.766359 0.0240246 0.0323371
0 0.167964 0.755062 0.0277412 0.034989
0 0.155016 0.661706 0.0262231 0.0342337
0 0.515257 0.682678 0.0257284 0.0320202
0 0.230651 0.624927 0.0256662 0.0327478
0 0.496729 0.649664 0.0251428 0.0310103
0 0.431724 0.648944 0.0208797 0.0260904
0 0.920514 0.726897 0.0239223 0.0319919
0 0.693118 0.70414 0.0240061 0.0299768
0 0.881334 0.90468 0.0324678 0.0407452
0 0.421305 0.797465 0.0279306 0.0358694
0 0.814771 0.769337 0.0294674 0.0349291
0 0.755295 0.877198 0.02778 0.034824
0 0.136225 0.720055 0.0253595 0.0314598
0 0.439554 0.671097 0.0252617 0.0313873
0 0.238222 0.747204 0.0273078 0.0309456
0 0.467187 0.643001 0.0228983 0.0282257
0 0.902791 0.677707 0.0245001 0.0297083
0 0.77975 0.735155 0.0266428 0.0328365
0 0.320116 0.760535 0.0268975 0.0309515
0 0.448683 0.857747 0.0282371 0.0362621
0 0.722746 0.614032 0.0224953 0.0277231
0 0.661569 0.905725 0.0286784 0.0374712
0 0.155082 0.36356 0.0262072 0.0359773
0 0.665554 0.720271 0.0246954 0.0312969
0 0.558182 0.916025 0.0273438 0.0263147
0 0.255876 0.633565 0.0256133 0.0313022
0 0.45223 0.717158 0.0269002 0.0341562
0 0.090789 0.775463 0.028008 0.0346681
0 0.546088 0.408838 0.0213256 0.027427
0 0.572443 0.570443 0.019929 0.0255645
0 0.166505 0.177941 0.0229307 0.0297155
0 0.0641464 0.58442 0.0247731 0.0309639
0 0.463111 0.743582 0.027228 0.0340671
0 0.353732 0.527065 0.0244944 0.0312522
0 0.303204 0.716281 0.0278214 0.0342731
0 0.746868 0.805622 0.0244486 0.0317054
0 0.340117 0.636819 0.0254461 0.0299848
0 0.628859 0.438193 0.022023 0.0274555
0 0.0553173 0.773457 0.0255686 0.0328362
0 0.618823 0.597446 0.0202742 0.0239122
0 0.461217 0.78111 0.0284016 0.0366652
0 0.221726 0.159341 0.0220854 0.0295689
0 0.476256 0.651831 0.0227516 0.0298849
0 0.144709 0.572466 0.0210192 0.0248915
0 0.534718 0.706392 0.0267714 0.0348039
0 0.0496464 0.733204 0.0280271 0.0337643
0 0.633193 0.893394 0.0275942 0.0381603
0 0.196005 0.648113 0.0237834 0.0287434
0 0.641817 0.755103 0.0226063 0.0271523
0 0.0552778 0.343807 0.0189319 0.0228064
0 0.100516 0.627238 0.0244398 0.0297032
0 0.207397 0.494406 0.0236023 0.0304281
0 0.582749 0.605433 0.0200209 0.0257217
0 0.0439978 0.617616 0.0235778 0.0274351
0 0.295867 0.618531 0.0253271 0.0313089
0 0.659792 0.762331 0.0234009 0.0296422
0 0.878031 0.746489 0.0253445 0.0335926
0 0.354261 0.702328 0.0258198 0.0314855
0 0.70851 0.808696 0.0273836 0.0365744
0 0.665014 0.591549 0.0249584 0.0316364
0 0.893008 0.709699 0.0238102 0.0308363
0 0.75451 0.622786 0.0212418 0.0273705
0 0.64007 0.775596 0.0229107 0.0300802
0 0.742849 0.773287 0.0260041 0.0313126
0 0.659033 0.417047 0.0184469 0.023028
0 0.130873 0.556731 0.0215861 0.0244961
0 0.506941 0.763531 0.0236284 0.0324381
0 0.0422004 0.805336 0.0267121 0.0290911
0 0.322165 0.734207 0.0265497 0.0292031
0 0.214097 0.60159 0.0224272 0.0293264
0 0.281244 0.658073 0.0239179 0.0300792
0 0.246034 0.154161 0.0213647 0.0285089
0 0.910979 0.706076 0.022551 0.0300554
0 0.743986 0.838985 0.0298071 0.0348427
0 0.7427 0.803234 0.0258257 0.0315599
0 0.547134 0.56881 0.0203801 0.0267192
0 0.480245 0.790961 0.0268099 0.0382916
0 0.821365 0.77415 0.0281607 0.0344862
0 0.29527 0.823593 0.0298177 0.0364412
0 0.488541 0.799503 0.0288582 0.036765
0 0.259641 0.718264 0.0274641 0.0316757
0 0.0646825 0.724531 0.0266304 0.0320995
0 0.371217 0.743419 0.0267809 0.0329247
0 0.1066 0.744976 0.0270654 0.0273287
0 0.202053 0.690245 0.0260796 0.0318043
0 0.540438 0.699514 0.0253602 0.0347569
0 0.624784 0.59804 0.0199074 0.0250607
0 0.203672 0.490073 0.0237327 0.0308285
0 0.673279 0.794557 0.0237704 0.0317625
0 0.054934 0.667155 0.0253434 0.0302152
0 0.328536 0.463389 0.0245834 0.0319265
0 0.947068 0.673963 0.0208868 0.025794
0 0.473112 0.648523 0.0250807 0.0294433
0 0.792526 0.615392 0.0215799 0.0265572
0 0.928961 0.697771 0.0211395 0.0293859
0 0.8935 0.764702 0.024614 0.0313931
0 0.501959 0.723815 0.0260914 0.0284256
0 0.391112 0.536593 0.0246377 0.0320902
0 0.465766 0.321059 0.0187141 0.024957
0 0.0152573 0.443191 0.0223673 0.0301203
0 0.0733629 0.770006 0.0264374 0.0346363
0 0.696312 0.598545 0.0229165 0.0287191
0 0.515453 0.709829 0.0249491 0.0316837
0 0.211708 0.720226 0.0261194 0.0299383
0 0.819936 0.741408 0.0250919 0.0291255
0 0.144593 0.357441 0.0234385 0.0338285
0 0.596543 0.74929 0.0231013 0.0299421
0 0.0813646 0.772418 0.0307287 0.0358088
0 0.459347 0.569781 0.0217649 0.0259855
0 0.0662035 0.413948 0.0202224 0.0251754
0 0.218039 0.160655 0.0225493 0.0322345
0 0.0395137 0.346697 0.0169396 0.0220865
0 0.123828 0.635881 0.0239029 0.0292007
0 0.88677 0.90425 0.0308716 0.0401682
0 0.656027 0.720138 0.0224779 0.0302022
