0 0.0378647 0.736865 0.0756816 0.118086
0 0.921406 0.579268 0.051791 0.0645797
0 0.850749 0.551756 0.038364 0.0528394
0 0.176625 0.532105 0.0513806 0.0601569
0 0.40083 0.576409 0.0303061 0.049793
0 0.0960358 0.550574 0.0403273 0.0612988
0 0.280446 0.534374 0.0379895 0.0490503
0 0.591773 0.581021 0.0426641 0.0581105
0 0.710205 0.548308 0.0279804 0.0409997
0 0.645512 0.600126 0.0460565 0.0750502
0 0.0261899 0.539139 0.0347766 0.0483273
0 0.448584 0.562904 0.0276055 0.0425381
0 0.682928 0.570412 0.0193176 0.031242
0 0.289642 0.49896 0.0282982 0.0276316
0 0.791043 0.56728 0.0301294 0.0456968
0 0.242419 0.536409 0.0216536 0.0365361
0 0.829721 0.543427 0.0211721 0.0395737
0 0.662942 0.540152 0.0163109 0.0248161
0 0.496643 0.510537 0.0117809 0.016607
0 0.369805 0.544653 0.0279164 0.0419455
0 0.51862 0.547159 0.0155735 0.02322
0 0.733802 0.585181 0.0312866 0.0528493
0 0.543598 0.518668 0.0122947 0.015622
0 0.497462 0.512973 0.0128743 0.0189402
0 0.729182 0.52871 0.0130235 0.0179789
0 0.516323 0.526196 0.0145564 0.0187639
0 0.602431 0.521452 0.013209 0.0188751
0 0.356323 0.537062 0.0217416 0.0310553
0 0.751278 0.538757 0.0195621 0.0243464
0 0.772741 0.555167 0.0192947 0.0314695
0 0.599258 0.520998 0.0143519 0.0196337
0 0.531958 0.494055 0.00874405 0.0107868
0 0.988021 0.567233 0.023959 0.0653492
0 0.769702 0.550421 0.0169865 0.027137
