0 0.522112 0.685995 0.0362572 0.0540865
0 0.666919 0.801177 0.0626862 0.0674298
0 0.0547329 0.800055 0.0926898 0.124802
0 0.866088 0.847544 0.0643583 0.0815266
0 0.743856 0.643182 0.0472034 0.0701824
0 0.757365 0.923121 0.0578405 0.0822041
0 0.153662 0.81459 0.0624544 0.0910854
0 0.213531 0.692699 0.0648311 0.0927055
0 0.704762 0.882228 0.0691331 0.082494
0 0.934954 0.750122 0.0537975 0.0841787
0 0.148596 0.70556 0.0689602 0.0869691
0 0.857616 0.697311 0.0488092 0.0602489
0 0.652416 0.729501 0.0428002 0.0556896
0 0.819355 0.762433 0.0547522 0.0692699
0 0.843226 0.652945 0.0429943 0.0583254
0 0.656207 0.673157 0.0458759 0.0570293
0 0.287076 0.768476 0.0588776 0.0866001
0 0.721017 0.791505 0.0515842 0.0719349
0 0.642967 0.57324 0.0304464 0.0433562
0 0.384096 0.614282 0.039296 0.0623854
0 0.302036 0.598872 0.0388484 0.0630375
0 0.365858 0.710642 0.0512509 0.0703285
0 0.711347 0.562958 0.0253646 0.0365797
0 0.230322 0.612587 0.0391889 0.0485626
0 0.691326 0.537565 0.0250211 0.034185
0 0.758284 0.588212 0.0260784 0.0325887
0 0.763247 0.776922 0.0447128 0.0665063
0 0.48081 0.820391 0.0826456 0.0936874
0 0.524345 0.555255 0.02581 0.0394318
0 0.269739 0.59358 0.0367657 0.0565514
0 0.467925 0.52523 0.0217834 0.0297644
0 0.497787 0.515879 0.0218167 0.0341649
0 0.330692 0.61217 0.0344606 0.0538387
0 0.550463 0.560357 0.0260122 0.0337679
0 0.411537 0.560237 0.0267779 0.0372959
0 0.774046 0.605076 0.0258491 0.0350092
0 0.653781 0.628071 0.0360226 0.0428879
0 0.739622 0.573503 0.0233395 0.0299423
0 0.543263 0.525174 0.0175903 0.025208
0 0.755498 0.553012 0.0215675 0.0277436
0 0.417137 0.522601 0.0243754 0.0317295
0 0.465144 0.56905 0.0286082 0.0388157
0 0.530014 0.513956 0.0165522 0.0218065
0 0.363224 0.603546 0.0262053 0.0459135
0 0.595397 0.507433 0.017668 0.0215277
0 0.607988 0.535881 0.0207613 0.0299646
0 0.622749 0.540887 0.0178503 0.0249903
0 0.468976 0.565717 0.0291113 0.0397528
0 0.564504 0.530939 0.0170677 0.0216555
0 0.645689 0.533808 0.0176641 0.0231264
0 0.590035 0.524249 0.0183529 0.0218092
