0 0.297307 0.232508 0.0574353 0.0883838
0 0.510222 0.302722 0.0506678 0.0717039
0 0.481353 0.264444 0.0359951 0.0492816
0 0.0477515 0.244927 0.0468158 0.0880987
0 0.340452 0.224802 0.0466671 0.0625304
0 0.164216 0.211125 0.0614283 0.091133
0 0.658577 0.300448 0.0464255 0.0671104
0 0.454014 0.283026 0.0436451 0.0564674
0 0.242986 0.211027 0.0406919 0.0642077
0 0.93669 0.36522 0.0412918 0.0650769
0 0.747912 0.386468 0.0402734 0.0649511
0 0.061223 0.154427 0.0551156 0.0893598
0 0.207904 0.236996 0.0503004 0.0784687
0 0.540781 0.253397 0.0472505 0.0646764
0 0.575801 0.29751 0.0393171 0.0595299
0 0.402107 0.273737 0.0568645 0.0816062
0 0.47991 0.209649 0.0398476 0.0575502
0 0.0476895 0.414523 0.0639623 0.0890467
0 0.734045 0.296009 0.0447245 0.0610057
0 0.61498 0.260514 0.0402156 0.0572974
0 0.793984 0.295762 0.0369318 0.06057
0 0.836143 0.283846 0.0311863 0.0484206
0 0.880419 0.307437 0.0395916 0.071096
0 0.965251 0.307013 0.036644 0.0542453
0 0.122723 0.193401 0.0393659 0.0499302
0 0.901744 0.288233 0.0311241 0.0578012
0 0.204753 0.178161 0.0328713 0.0448077
0 0.747959 0.251983 0.0357151 0.0454432
0 0.448668 0.216977 0.040959 0.0630491
0 0.701753 0.289654 0.0285398 0.0493242
0 0.683163 0.273719 0.0267775 0.0350867
0 0.362997 0.249181 0.0284592 0.0564058
0 0.989561 0.314412 0.0208773 0.0512934
0 0.365988 0.255731 0.0350013 0.0638659
0 0.763394 0.296555 0.0240412 0.0394401
0 0.262181 0.247336 0.0373874 0.0591466
0 0.699642 0.286112 0.0265497 0.0382682
