0 0.461341 0.779959 0.0480593 0.070862
0 0.111061 0.796451 0.0858476 0.129583
0 0.350647 0.867792 0.0936485 0.132355
0 0.596515 0.766802 0.0649365 0.0892692
0 0.350086 0.759606 0.0651363 0.0783838
0 0.401505 0.734569 0.0437496 0.0617422
0 0.693627 0.842256 0.0699269 0.0951619
0 0.794898 0.906006 0.0995421 0.146968
0 0.191465 0.866542 0.0544163 0.0709824
0 0.953583 0.818055 0.0830395 0.109454
0 0.496305 0.661422 0.0500055 0.0701334
0 0.541458 0.736463 0.0581724 0.0822816
0 0.405223 0.593606 0.0435499 0.0630075
0 0.811744 0.712759 0.0496113 0.0770681
0 0.403477 0.81987 0.0421468 0.0624002
0 0.691015 0.688867 0.0523191 0.084519
0 0.876745 0.702596 0.0597237 0.0779656
0 0.211854 0.794859 0.0429368 0.0591581
0 0.788975 0.751503 0.0512398 0.0687455
0 0.139532 0.695232 0.0460906 0.0633877
0 0.218325 0.462797 0.0328551 0.0482927
0 0.456827 0.52238 0.0384598 0.0542154
0 0.0679224 0.641264 0.0452123 0.0580757
0 0.737535 0.553067 0.037546 0.0538844
0 0.103888 0.547673 0.031222 0.041576
0 0.253781 0.471049 0.0290539 0.0419987
0 0.856421 0.467242 0.034277 0.0515925
0 0.701141 0.54762 0.0354693 0.0499566
0 0.715672 0.489478 0.0359915 0.0471975
0 0.735859 0.42346 0.0327002 0.0473834
0 0.312726 0.512503 0.0350186 0.0547698
0 0.566482 0.626517 0.0405787 0.0635807
0 0.236506 0.548149 0.0378858 0.0590328
0 0.809297 0.565492 0.0424007 0.0557867
0 0.233892 0.729837 0.0346982 0.049041
0 0.0709381 0.58141 0.0310252 0.0402892
0 0.28206 0.509391 0.0296344 0.0435099
0 0.147882 0.490772 0.0279912 0.0460238
0 0.429918 0.447041 0.0298739 0.0456087
0 0.93475 0.568217 0.0407465 0.0522079
0 0.259192 0.530176 0.0313805 0.046934
0 0.84854 0.550958 0.0382763 0.0520237
0 0.933145 0.514011 0.0315025 0.0433609
0 0.585213 0.573686 0.0345345 0.0493019
0 0.40854 0.460091 0.0289291 0.0421577
0 0.7099 0.443194 0.0321878 0.0433388
0 0.617733 0.46484 0.0261663 0.0445786
0 0.744057 0.510926 0.035453 0.0408685
0 0.52343 0.454751 0.0302784 0.0439906
0 0.512821 0.523938 0.0320087 0.0486515
0 0.811392 0.433238 0.0330322 0.044405
0 0.21489 0.544636 0.031937 0.0519218
0 0.161094 0.655676 0.0427973 0.0570971
0 0.344622 0.711604 0.0438942 0.0454084
0 0.181331 0.467503 0.0279578 0.0454808
0 0.890054 0.457165 0.0352894 0.0500475
0 0.4872 0.517986 0.0336086 0.0544797
0 0.680314 0.436501 0.0292164 0.0373669
0 0.161791 0.553251 0.0298651 0.0426083
0 0.0893217 0.486741 0.0255422 0.0345238
0 0.312757 0.461029 0.0274044 0.0329664
0 0.500513 0.468196 0.0288694 0.0449604
0 0.297838 0.564082 0.0352257 0.0495158
0 0.379688 0.483356 0.0254233 0.0364596
0 0.341559 0.461449 0.0237962 0.0354679
0 0.670061 0.466004 0.0287966 0.0402327
0 0.0818401 0.522137 0.029148 0.0417299
0 0.785256 0.48486 0.0299972 0.033366
0 0.474258 0.478588 0.0258259 0.0339798
0 0.642771 0.51626 0.0303831 0.0379702
0 0.650614 0.556395 0.0341249 0.0510449
0 0.455683 0.467055 0.0290892 0.041522
0 0.291503 0.636792 0.0357603 0.0549855
0 0.861855 0.429298 0.03078 0.026162
0 0.598919 0.618557 0.0328342 0.0492711
0 0.706701 0.41906 0.0281796 0.0333801
0 0.798859 0.464891 0.0293148 0.0385133
0 0.0448759 0.840774 0.0340343 0.0607672
0 0.296875 0.478899 0.0244487 0.027202
0 0.7923 0.519725 0.0340233 0.0457317
0 0.639465 0.474277 0.0254183 0.039008
0 0.570087 0.455623 0.0229084 0.03671
0 0.565725 0.555893 0.0277533 0.0450607
0 0.499104 0.618727 0.0365555 0.041709
0 0.6706 0.50671 0.0318573 0.046579
0 0.650607 0.451871 0.0259933 0.0367507
0 0.601584 0.435803 0.0252569 0.034894
0 0.987469 0.55699 0.0250616 0.0526122
0 0.201544 0.520687 0.0277343 0.0393681
0 0.0395697 0.849587 0.0306425 0.0721439
0 0.639652 0.743477 0.0461839 0.0742773
0 0.558373 0.417934 0.0326761 0.0376432
0 0.595474 0.451806 0.0240425 0.0410589
0 0.62019 0.618737 0.0326111 0.0489815
0 0.690475 0.471302 0.0251162 0.0393373
0 0.599494 0.445004 0.0250257 0.0436193
0 0.552886 0.450121 0.0252621 0.0365397
0 0.988122 0.918185 0.0237564 0.101014
