0 0.213199 0.938847 0.116462 0.12175
0 0.333333 0.889909 0.0910893 0.115692
0 0.257062 0.633576 0.0492398 0.0677263
0 0.525494 0.704136 0.0614941 0.0937048
0 0.720136 0.628835 0.0699233 0.092191
0 0.945019 0.552927 0.0761341 0.0996758
0 0.927808 0.786253 0.127283 0.154509
0 0.611382 0.533141 0.0369808 0.0511985
0 0.575364 0.535091 0.0429475 0.0607809
0 0.537481 0.604375 0.0617643 0.0771677
0 0.860884 0.524267 0.0602957 0.0746005
0 0.449288 0.634442 0.0479418 0.0591913
0 0.596646 0.884245 0.107899 0.123592
0 0.598589 0.482739 0.0343706 0.0431007
0 0.337211 0.66096 0.0508576 0.0692415
0 0.394884 0.593247 0.0378726 0.0467675
0 0.380282 0.700935 0.0597069 0.072534
0 0.0228383 0.505767 0.0456766 0.0610186
0 0.824932 0.542071 0.0451393 0.0567025
0 0.837589 0.330902 0.0295475 0.0365147
0 0.307629 0.539356 0.0359131 0.046103
0 0.243734 0.739222 0.0686669 0.0819996
0 0.49596 0.541079 0.0339962 0.0448191
0 0.79643 0.455987 0.0336596 0.0431789
0 0.275195 0.612927 0.0389945 0.0512317
0 0.28082 0.829673 0.0828829 0.0957409
0 0.917937 0.512985 0.0501606 0.0622213
0 0.114695 0.702734 0.0656347 0.0879231
0 0.250742 0.571138 0.0394416 0.048941
0 0.172195 0.726897 0.0615418 0.0810369
0 0.860703 0.460018 0.0383453 0.0482472
0 0.701249 0.762034 0.0623301 0.0848055
0 0.561508 0.436101 0.029469 0.0374777
0 0.155519 0.868024 0.0914698 0.100908
0 0.439769 0.421614 0.0235123 0.0290926
0 0.618979 0.455051 0.0287317 0.0362032
0 0.746819 0.323606 0.0181828 0.0221828
0 0.810228 0.492988 0.0403247 0.0485796
0 0.222935 0.441466 0.0214437 0.0287706
0 0.707055 0.33495 0.0188868 0.0264869
0 0.776726 0.32658 0.0240931 0.0302445
0 0.412028 0.494304 0.0320338 0.0376082
0 0.460563 0.513053 0.031131 0.0380482
0 0.303978 0.734381 0.0543518 0.0768457
0 0.124413 0.452928 0.0258629 0.0360237
0 0.733604 0.427481 0.0290033 0.0374239
0 0.668939 0.351843 0.0184263 0.0252701
0 0.91242 0.39332 0.0317753 0.0431744
0 0.140265 0.44339 0.0244839 0.0331057
0 0.0233003 0.572446 0.0339081 0.043545
0 0.54175 0.413115 0.0214951 0.0278652
0 0.344156 0.369808 0.0150411 0.0186228
0 0.509372 0.379397 0.0161732 0.0226099
0 0.50232 0.4242 0.0262849 0.0339161
0 0.118507 0.626427 0.0448071 0.0603179
0 0.355412 0.521302 0.0279224 0.035043
0 0.519839 0.393865 0.0188763 0.0240945
0 0.45046 0.476195 0.0276209 0.0350977
0 0.125542 0.532141 0.0332839 0.0426935
0 0.256781 0.432393 0.0211349 0.0290215
0 0.334143 0.453175 0.023421 0.029547
0 0.582719 0.423946 0.0252766 0.0339169
0 0.0624208 0.535661 0.0328354 0.0405626
0 0.322702 0.398088 0.0167126 0.0216513
0 0.0462993 0.663406 0.0485581 0.0695745
0 0.381741 0.366029 0.0155109 0.0203317
0 0.735531 0.329845 0.0185234 0.0242547
0 0.544622 0.335168 0.0119176 0.0154387
0 0.969883 0.353463 0.0264162 0.050639
0 0.541332 0.554536 0.0404102 0.0479836
0 0.839849 0.424329 0.0397316 0.0471436
0 0.6429 0.378147 0.0206576 0.0259231
0 0.619092 0.41231 0.0246639 0.0328416
0 0.520622 0.423007 0.0236246 0.0318634
0 0.409036 0.455119 0.0260056 0.0325773
0 0.689958 0.341934 0.0194099 0.0261993
0 0.740538 0.3275 0.0186782 0.0240469
0 0.970586 0.39264 0.0346596 0.0532478
0 0.111513 0.934637 0.0738089 0.102892
0 0.671167 0.527448 0.0320515 0.044013
0 0.485311 0.449168 0.0245186 0.0315853
0 0.562849 0.430952 0.0289224 0.0373707
0 0.437278 0.526064 0.0357916 0.0406994
0 0.468488 0.407443 0.0225489 0.0294518
0 0.542285 0.341685 0.0127691 0.0173691
