0 0.269483 0.682126 0.111576 0.160868
0 0.414672 0.560702 0.107476 0.171009
0 0.103278 0.556621 0.115063 0.17825
0 0.714615 0.321206 0.0935997 0.168758
0 0.195449 0.861013 0.121282 0.210067
0 0.352176 0.300068 0.0892126 0.146261
0 0.658672 0.435329 0.0882412 0.147714
0 0.482658 0.30199 0.0784382 0.140296
0 0.240693 0.476805 0.0940528 0.158764
0 0.597029 0.320636 0.0747067 0.118608
0 0.542308 0.11515 0.0814455 0.1416
0 0.856419 0.468712 0.10525 0.195546
0 0.506678 0.201613 0.0855256 0.150789
0 0.627266 0.225001 0.0825815 0.134157
0 0.674104 0.669017 0.122346 0.214072
0 0.639775 0.0994133 0.0759576 0.123375
0 0.312552 0.437724 0.0931755 0.160444
0 0.408147 0.158167 0.0812733 0.144648
0 0.154435 0.337745 0.0860632 0.145214
0 0.47688 0.449186 0.0971421 0.170967
0 0.0953976 0.216104 0.0743809 0.128723
0 0.581641 0.572628 0.0948748 0.17365
0 0.870107 0.250061 0.0943882 0.174605
0 0.407948 0.82198 0.122178 0.220776
0 0.327654 0.105003 0.0773384 0.14477
0 0.263096 0.217723 0.0850064 0.147595
0 0.730808 0.0774456 0.0808266 0.152
0 0.566126 0.766575 0.106925 0.178261
0 0.199194 0.138836 0.0761293 0.134511
0 0.806607 0.220598 0.0835932 0.165987
0 0.145523 0.137807 0.0754637 0.139115
0 0.730711 0.578536 0.0889115 0.158319
0 0.756876 0.250921 0.0779695 0.140725
0 0.833661 0.77491 0.107852 0.197288
