0 0.810407 0.319536 0.0532947 0.0699935
0 0.917989 0.332825 0.0640575 0.0852886
0 0.179737 0.450142 0.0575168 0.0738139
0 0.863474 0.362985 0.040839 0.0556516
0 0.0938578 0.395601 0.0536258 0.0707143
0 0.774614 0.328246 0.0365585 0.0446625
0 0.645779 0.359846 0.0334341 0.0466914
0 0.722108 0.361203 0.0322311 0.0481707
0 0.457008 0.386081 0.0403418 0.0503677
0 0.339756 0.36388 0.0250399 0.0309489
0 0.403759 0.373186 0.0270237 0.0339611
0 0.669599 0.369755 0.0265669 0.0434345
0 0.299533 0.371986 0.0289299 0.0376849
0 0.348005 0.439424 0.0369768 0.0503445
0 0.381706 0.369164 0.0196907 0.0238305
0 0.68657 0.349176 0.0220199 0.0322225
0 0.620897 0.362363 0.0264146 0.0404144
0 0.523553 0.357681 0.0303719 0.0399811
0 0.616879 0.331815 0.0176767 0.0213359
0 0.593058 0.331726 0.0179222 0.0217579
0 0.267646 0.357532 0.0229271 0.0406723
0 0.365239 0.358055 0.0192174 0.0253356
0 0.556972 0.342811 0.0202517 0.0263794
0 0.431505 0.354002 0.0196112 0.0258747
0 0.296241 0.366146 0.0318196 0.0439975
