0 0.640461 0.826421 0.0820484 0.0994802
0 0.556213 0.136374 0.0622039 0.0826575
0 0.0478458 0.739229 0.0893924 0.0991007
0 0.676134 0.273142 0.0731674 0.0870038
0 0.225786 0.171125 0.0736269 0.087021
0 0.332779 0.550141 0.0797174 0.075303
0 0.791293 0.317287 0.0759152 0.0892693
0 0.183557 0.239214 0.0753396 0.0975431
0 0.334139 0.395684 0.0688292 0.0756504
0 0.22831 0.62096 0.0945544 0.0841664
0 0.393839 0.202444 0.0690048 0.0797476
0 0.902436 0.383891 0.0699696 0.0832857
0 0.168613 0.39439 0.0801521 0.0966984
0 0.714182 0.100154 0.0591217 0.0783221
0 0.818352 0.0843124 0.0546011 0.0684624
0 0.47908 0.0439551 0.055724 0.0761718
0 0.376838 0.334408 0.058202 0.0625551
0 0.600517 0.0444917 0.0594635 0.0731271
0 0.812163 0.456266 0.0635002 0.0810687
0 0.272774 0.818194 0.0807903 0.0804461
0 0.252031 0.357806 0.0676715 0.0847446
0 0.213395 0.715171 0.0757403 0.0797085
0 0.557853 0.432666 0.0651999 0.0736849
0 0.689041 0.645126 0.0866762 0.0923874
0 0.821089 0.222013 0.068178 0.091236
0 0.886299 0.781827 0.0931248 0.0926114
0 0.592052 0.262547 0.0600618 0.0605286
0 0.251938 0.447708 0.0818324 0.0764761
0 0.488208 0.162855 0.05509 0.066139
0 0.307442 0.236532 0.068203 0.0774684
0 0.975874 0.310813 0.0482517 0.0813594
0 0.0568603 0.506115 0.0788158 0.0954157
0 0.639462 0.147486 0.0578953 0.0783705
0 0.836819 0.95869 0.0791895 0.0604248
0 0.93441 0.482258 0.0779192 0.0875625
0 0.0877965 0.105323 0.0576493 0.0900705
0 0.113869 0.0975445 0.0690749 0.0838545
0 0.266653 0.0640519 0.064906 0.0726349
0 0.181516 0.515006 0.0728359 0.0799425
0 0.470161 0.240934 0.0660493 0.0757614
0 0.467003 0.590141 0.0817171 0.078901
0 0.0823658 0.35921 0.0701425 0.0787123
0 0.141757 0.592354 0.0689418 0.0637121
0 0.650289 0.217215 0.0646703 0.0860053
0 0.548436 0.337446 0.0623137 0.073881
0 0.871354 0.616888 0.0763771 0.0777817
0 0.957596 0.670368 0.0497734 0.0834225
0 0.914237 0.179095 0.0629793 0.0867528
0 0.421014 0.448021 0.0546686 0.0661877
0 0.714188 0.425574 0.0638065 0.0779209
0 0.273196 0.0186174 0.0614298 0.0372348
0 0.341957 0.483 0.0739745 0.0646599
0 0.446287 0.287988 0.0603135 0.0635843
0 0.0523299 0.300168 0.0527583 0.0677906
0 0.336281 0.081632 0.0680289 0.0784898
0 0.555223 0.229139 0.054248 0.0650889
0 0.907653 0.188931 0.0593147 0.079636
0 0.896746 0.957619 0.0578087 0.0774525
0 0.37344 0.407944 0.0642961 0.0691346
0 0.754777 0.0787363 0.0556866 0.076931
0 0.798083 0.395392 0.0717491 0.0797787
0 0.966726 0.609888 0.0431191 0.0699345
0 0.442932 0.719538 0.0831738 0.0913898
