0 0.665725 0.719928 0.0434439 0.0614777
0 0.400794 0.446772 0.0377526 0.0476634
0 0.680995 0.594874 0.0434104 0.0599918
0 0.491285 0.62784 0.0400494 0.0548389
0 0.556308 0.600734 0.0373964 0.051963
0 0.301186 0.596665 0.0380849 0.0526262
0 0.480784 0.731797 0.0438973 0.0604216
0 0.759322 0.609081 0.0414318 0.056872
0 0.134331 0.829701 0.0433823 0.0576328
0 0.369865 0.765739 0.039719 0.0583841
0 0.752582 0.685309 0.0408862 0.0598402
0 0.435428 0.616973 0.0396424 0.0506825
0 0.45302 0.508286 0.0376835 0.0492912
0 0.697007 0.450737 0.0380634 0.0528278
0 0.147901 0.471258 0.041661 0.0531259
0 0.944086 0.46211 0.0423786 0.0581694
0 0.188312 0.804067 0.0437819 0.0593517
0 0.620379 0.573357 0.0406448 0.0548361
0 0.397985 0.517396 0.0384707 0.0532443
0 0.601608 0.462796 0.0373031 0.0525388
0 0.270214 0.729257 0.0469122 0.0600527
0 0.368301 0.651894 0.0452111 0.0589348
0 0.432579 0.7622 0.0403846 0.0514196
0 0.0374877 0.529265 0.0361782 0.0517315
0 0.342338 0.514396 0.0368168 0.0522467
0 0.173467 0.36055 0.032298 0.0445099
0 0.245547 0.434982 0.0336056 0.048976
0 0.488604 0.21329 0.030426 0.042261
0 0.394475 0.386406 0.0377832 0.0531227
0 0.575561 0.399933 0.0376009 0.048508
0 0.93798 0.392093 0.0411568 0.0548653
0 0.0470677 0.336306 0.0388216 0.0494637
0 0.816885 0.469728 0.0392353 0.0537733
0 0.118048 0.591205 0.038867 0.0487451
0 0.165796 0.66127 0.0463414 0.0615316
0 0.0493285 0.673322 0.0407674 0.0553314
0 0.620789 0.331888 0.0340288 0.0480612
0 0.795174 0.593159 0.0432941 0.0595654
0 0.76927 0.363551 0.0358732 0.0493232
0 0.873016 0.449059 0.0391178 0.054985
0 0.559754 0.760943 0.0480778 0.0668001
0 0.495581 0.395619 0.0344692 0.048533
0 0.75804 0.46265 0.0372784 0.0514095
0 0.207361 0.477809 0.0361125 0.0498373
0 0.686994 0.199865 0.0289772 0.0397246
0 0.277289 0.325659 0.0319007 0.0424069
0 0.302284 0.417416 0.033386 0.0459465
0 0.732736 0.0924085 0.0260806 0.0382448
0 0.281196 0.285818 0.0305295 0.0400153
0 0.726614 0.347705 0.0356021 0.0517538
0 0.633913 0.13192 0.0292568 0.0411297
0 0.439035 0.307672 0.0322319 0.0452203
0 0.451519 0.346931 0.034898 0.0473595
0 0.856389 0.172984 0.0270332 0.0380918
0 0.227829 0.393333 0.0332053 0.0426061
0 0.899414 0.391228 0.041782 0.0557339
0 0.0832466 0.472529 0.0368809 0.046344
0 0.822679 0.346237 0.0363911 0.048971
0 0.682905 0.14382 0.0271837 0.0373746
0 0.526427 0.264449 0.0304044 0.044562
0 0.392935 0.326903 0.0302591 0.0421401
0 0.224281 0.346117 0.0308712 0.0429084
0 0.774445 0.11754 0.0286822 0.0407968
0 0.81704 0.118125 0.0290119 0.0413301
0 0.826759 0.226509 0.0308758 0.0455438
0 0.585708 0.185462 0.0288363 0.0412101
0 0.675481 0.0412531 0.0261889 0.0354021
0 0.343848 0.157349 0.0262971 0.0359429
0 0.571527 0.0731995 0.0247812 0.036535
0 0.883932 0.263675 0.0322582 0.0446505
0 0.82131 0.183368 0.0297665 0.0400416
0 0.338539 0.201402 0.0279769 0.0354296
0 0.0274819 0.290141 0.0322711 0.0426559
0 0.424922 0.267506 0.030994 0.042061
0 0.539949 0.222155 0.03041 0.0419272
0 0.743981 0.30623 0.0338896 0.0476758
0 0.610828 0.0406254 0.0267901 0.0370702
0 0.732399 0.057925 0.0275721 0.0350694
0 0.488081 0.440906 0.0328411 0.0452158
0 0.566654 0.490517 0.0348131 0.0462608
0 0.715869 0.119892 0.0282757 0.0416487
0 0.16353 0.174591 0.0269482 0.0347204
0 0.163656 0.224187 0.0306143 0.0394979
0 0.857671 0.0894123 0.0291706 0.0373882
0 0.500118 0.133201 0.0298859 0.0411065
0 0.887942 0.67487 0.048284 0.0595789
0 0.425875 0.169653 0.0284223 0.0376457
0 0.55685 0.141918 0.0270607 0.0363889
0 0.841118 0.0369807 0.0298023 0.0391092
0 0.397035 0.1653 0.0266771 0.0358993
0 0.249021 0.540547 0.0422297 0.0572853
0 0.640775 0.239448 0.0344699 0.0457287
0 0.642454 0.0197417 0.025616 0.036728
0 0.0859451 0.183657 0.0252586 0.0313303
0 0.488391 0.174801 0.0299572 0.0394177
0 0.650735 0.0964004 0.0269507 0.0369618
0 0.680399 0.347721 0.0320691 0.0447756
0 0.144545 0.0875004 0.02231 0.0282691
0 0.162452 0.321663 0.0313762 0.0430995
0 0.103568 0.350506 0.0334212 0.0439665
0 0.159713 0.430412 0.0352868 0.0433362
0 0.189346 0.556316 0.0380325 0.0531483
0 0.558621 0.0932349 0.0246222 0.0363197
0 0.0899129 0.728102 0.0447742 0.0599045
0 0.380219 0.111968 0.0226272 0.0295454
0 0.816914 0.270507 0.0327122 0.0488008
0 0.716382 0.0154777 0.0264168 0.0309555
0 0.765125 0.286235 0.0310881 0.0409217
0 0.20412 0.192182 0.0243314 0.0330041
0 0.457257 0.176086 0.0262095 0.0355359
0 0.269403 0.237537 0.0291788 0.0381835
0 0.415842 0.132283 0.0228569 0.0290372
0 0.506056 0.307418 0.0311502 0.0441623
0 0.241934 0.693354 0.0430193 0.0511141
0 0.525221 0.508178 0.0350353 0.0472921
0 0.524806 0.0898547 0.024943 0.0344457
0 0.0103924 0.266518 0.0207848 0.0393044
0 0.798931 0.327253 0.0324484 0.0456079
0 0.241526 0.158741 0.0241778 0.0322381
0 0.19025 0.11847 0.0242131 0.0320459
0 0.482342 0.0703365 0.0244558 0.033965
0 0.55552 0.449952 0.0352363 0.0455311
0 0.885928 0.198183 0.033392 0.0469927
0 0.760749 0.155432 0.0274387 0.0375318
0 0.60044 0.0716474 0.0249037 0.0348347
0 0.296385 0.509242 0.0377729 0.0498999
0 0.149246 0.114575 0.0252445 0.0312797
0 0.859264 0.123657 0.0288897 0.0385667
0 0.0868592 0.274749 0.0307802 0.0416763
0 0.26489 0.203394 0.0275232 0.0368761
0 0.71707 0.272151 0.0310406 0.0442101
0 0.0285736 0.166654 0.0269255 0.0347585
0 0.122976 0.190289 0.0272908 0.033761
0 0.239412 0.100784 0.0234299 0.0289089
0 0.0649718 0.182535 0.0269001 0.0349644
0 0.974917 0.414516 0.0319738 0.0463919
0 0.24782 0.308244 0.0304786 0.0424312
0 0.29931 0.207464 0.0287107 0.039267
0 0.347083 0.109811 0.0241779 0.030706
0 0.638449 0.440784 0.034388 0.0508408
0 0.415963 0.231538 0.0252078 0.0342155
0 0.564779 0.168905 0.0260439 0.035043
0 0.285674 0.106806 0.0229309 0.0279782
0 0.128885 0.734962 0.0491802 0.060985
0 0.171826 0.572948 0.0407964 0.0534826
0 0.442266 0.0410048 0.0231489 0.0308925
0 0.279073 0.129751 0.0221117 0.0299721
0 0.36429 0.283328 0.0316045 0.0433159
0 0.606756 0.309221 0.0287922 0.0423932
0 0.392573 0.133298 0.0236218 0.0304876
0 0.606357 0.111345 0.0278767 0.0413763
0 0.61025 0.269245 0.0355492 0.0477901
0 0.160918 0.138749 0.0260512 0.031696
0 0.202779 0.295047 0.0313476 0.0412906
0 0.708625 0.538874 0.0405853 0.050975
0 0.16631 0.0890482 0.0212223 0.0270265
0 0.682408 0.0788623 0.0255987 0.0340916
0 0.094559 0.512061 0.0371611 0.0464024
0 0.515637 0.185589 0.0286524 0.0388748
0 0.403225 0.622665 0.0422931 0.0489347
0 0.314949 0.0303299 0.0191527 0.0229962
0 0.429585 0.206458 0.0268908 0.0371096
0 0.398956 0.26973 0.0298559 0.04101
0 0.464616 0.118249 0.0250389 0.0305583
0 0.045704 0.277175 0.0283343 0.0389915
0 0.23903 0.185393 0.0257974 0.0337412
0 0.376976 0.0819339 0.0216951 0.0292939
0 0.792946 0.084452 0.0272989 0.0375187
0 0.11565 0.161168 0.0255746 0.0317631
0 0.316365 0.245504 0.0281756 0.0377092
0 0.211635 0.101533 0.0225729 0.0282033
0 0.527828 0.016065 0.0254513 0.0320077
0 0.304665 0.268772 0.028154 0.0393276
0 0.0448162 0.626479 0.0383378 0.0442039
0 0.356142 0.0877666 0.0217241 0.028887
0 0.741341 0.249056 0.0312383 0.0423941
0 0.47403 0.0931672 0.0261253 0.0364848
0 0.0122859 0.534322 0.0245111 0.0551379
0 0.230397 0.25071 0.0275875 0.0402312
0 0.688044 0.0975125 0.0259303 0.0375893
0 0.645118 0.381195 0.0340467 0.045524
0 0.762422 0.0362138 0.0275246 0.0357437
0 0.418337 0.0815001 0.0232029 0.0309638
0 0.242878 0.131056 0.0235211 0.02898
0 0.411453 0.0323401 0.0230382 0.032929
0 0.305187 0.0710558 0.0214362 0.0271017
0 0.10848 0.263193 0.0282701 0.0392953
0 0.403023 0.0657461 0.0227356 0.0296655
0 0.043769 0.137328 0.0248828 0.0306664
0 0.58263 0.261348 0.0320446 0.0440495
0 0.345498 0.0250498 0.0201717 0.0195582
0 0.971251 0.622767 0.0469242 0.0596313
0 0.661898 0.346186 0.0307684 0.0442709
0 0.380907 0.0496199 0.0229864 0.0303539
0 0.872724 0.306726 0.0314503 0.0452487
0 0.673819 0.346591 0.0365229 0.0439007
0 0.185735 0.252474 0.0269115 0.036862
0 0.493133 0.0107947 0.0253071 0.0214934
0 0.211986 0.22069 0.0251126 0.0304337
0 0.353595 0.417462 0.0396317 0.0497595
0 0.447765 0.137019 0.0264349 0.0349046
0 0.778049 0.204036 0.0325891 0.0468205
0 0.138375 0.166701 0.0267555 0.0353573
0 0.31227 0.136621 0.0249592 0.033368
0 0.536451 0.370705 0.0324791 0.0451022
0 0.786076 0.0292921 0.0297447 0.0404643
0 0.69522 0.25505 0.029674 0.0403717
0 0.214433 0.148808 0.023894 0.0323556
0 0.858776 0.337112 0.0306747 0.0454349
0 0.475847 0.0213864 0.0231401 0.0303903
0 0.0137719 0.192208 0.0259872 0.0368869
0 0.587807 0.0339136 0.0242363 0.0353462
0 0.335396 0.0550929 0.020391 0.0265497
0 0.158723 0.275061 0.0280226 0.0331969
0 0.0663313 0.126228 0.0229911 0.0288809
0 0.205425 0.144152 0.0247375 0.0317708
0 0.828098 0.407625 0.0413469 0.0579057
0 0.159962 0.297034 0.0297023 0.0338515
0 0.355175 0.0562276 0.0208557 0.024949
0 0.284323 0.204249 0.0259439 0.0380309
0 0.209443 0.261959 0.0281085 0.036765
0 0.334036 0.271422 0.0267743 0.0387547
0 0.209583 0.145959 0.024051 0.0323049
0 0.126195 0.100786 0.0231697 0.0282649
0 0.259788 0.119878 0.0234848 0.0309512
0 0.384914 0.219131 0.02998 0.0390127
0 0.45253 0.0801053 0.0246031 0.0304194
0 0.609385 0.00724058 0.0230598 0.0144812
0 0.181282 0.0494135 0.0227029 0.0226071
0 0.310306 0.0995056 0.0221147 0.0284953
