0 0.379647 0.818605 0.0199627 0.0460642
0 0.797924 0.914288 0.0238702 0.051263
0 0.6332 0.837044 0.021686 0.0500717
0 0.332427 0.826752 0.0204069 0.0487583
0 0.24958 0.880238 0.0229261 0.0458401
0 0.177532 0.714403 0.0206641 0.044194
0 0.709135 0.911486 0.0237386 0.0511814
0 0.953992 0.771749 0.02348 0.0523564
0 0.853465 0.697254 0.0222607 0.0511064
0 0.899039 0.726053 0.0229811 0.0468354
0 0.501201 0.944743 0.0246565 0.0585756
0 0.14758 0.894167 0.0225089 0.0408119
0 0.271293 0.701282 0.020949 0.0470266
0 0.232216 0.664867 0.0211003 0.0491997
0 0.413848 0.629019 0.0199862 0.0396519
0 0.306186 0.552996 0.0183964 0.0441984
0 0.684751 0.82713 0.0215652 0.0480354
0 0.0571636 0.87094 0.0245917 0.0496906
0 0.629472 0.626701 0.0187979 0.0431149
0 0.162441 0.809335 0.0224102 0.0490355
0 0.120511 0.409724 0.0180347 0.0432377
0 0.791875 0.830499 0.0242197 0.0520638
0 0.561707 0.918077 0.0232373 0.0479815
0 0.827832 0.553079 0.021122 0.052058
0 0.191319 0.518159 0.0198589 0.0465343
0 0.317035 0.910827 0.0215042 0.0513809
0 0.182987 0.942975 0.0233557 0.0480556
0 0.43219 0.809112 0.0207558 0.0437771
0 0.888654 0.826881 0.0236519 0.046492
0 0.382403 0.764635 0.0227017 0.0495657
0 0.165601 0.392689 0.0176086 0.0419379
0 0.872944 0.339099 0.0200485 0.0436977
0 0.707391 0.670457 0.0201529 0.044924
0 0.227669 0.307924 0.018434 0.0423424
0 0.0355172 0.700873 0.021836 0.0450548
0 0.606164 0.828911 0.020061 0.0497242
0 0.666646 0.916783 0.0209521 0.051895
0 0.361421 0.704844 0.0214839 0.0439704
0 0.375673 0.899256 0.0221795 0.0551767
0 0.729715 0.602532 0.0186596 0.0467449
0 0.878968 0.150592 0.0172844 0.0337558
0 0.445683 0.691324 0.019301 0.0436334
0 0.0270797 0.538375 0.019805 0.047496
0 0.348192 0.92608 0.0204995 0.0444988
0 0.607704 0.565787 0.019293 0.0432638
0 0.906608 0.588512 0.0189529 0.0492727
0 0.478002 0.309948 0.0176315 0.0404065
0 0.105159 0.325954 0.0197455 0.0396432
0 0.0187152 0.936896 0.0246613 0.048481
0 0.234177 0.388592 0.0186483 0.0433615
0 0.293872 0.34908 0.0165392 0.0358925
0 0.260019 0.504066 0.0197301 0.0434431
0 0.586488 0.36415 0.0180591 0.0413463
0 0.110252 0.581958 0.018421 0.0409205
0 0.740145 0.939635 0.0233758 0.0466343
0 0.668964 0.546087 0.0176435 0.0390394
0 0.272027 0.928088 0.0203261 0.0429399
0 0.15358 0.300019 0.0202348 0.0421353
0 0.701187 0.504507 0.019544 0.0367544
0 0.368813 0.522624 0.0168067 0.0413233
0 0.580887 0.868258 0.0204754 0.048962
0 0.183713 0.373383 0.0173823 0.0380941
0 0.91452 0.14074 0.01805 0.0370468
0 0.781692 0.779036 0.0200676 0.0453133
0 0.507108 0.271592 0.0177731 0.0444018
0 0.556215 0.694003 0.0186064 0.0489187
0 0.334135 0.151691 0.0193378 0.0400141
0 0.0335181 0.754645 0.0232666 0.0501991
0 0.677595 0.582873 0.0191555 0.0457514
0 0.224335 0.79021 0.0204844 0.0397747
0 0.0112453 0.646927 0.0188914 0.0387212
0 0.0822082 0.401737 0.0178523 0.0399833
0 0.455803 0.3836 0.0165678 0.0361133
0 0.443515 0.422631 0.0193539 0.0428925
0 0.540649 0.702053 0.0193592 0.0468033
0 0.638977 0.744092 0.0194689 0.0474609
0 0.41218 0.694375 0.0205183 0.0442161
0 0.169907 0.527907 0.0200286 0.0426952
0 0.27878 0.97685 0.0209861 0.0451363
0 0.340453 0.506918 0.0176369 0.0428516
0 0.617086 0.225718 0.0181465 0.0424815
0 0.368392 0.971881 0.022494 0.0483566
0 0.562908 0.797215 0.0223492 0.0490683
0 0.0855664 0.358414 0.0191094 0.0408085
0 0.0994526 0.72603 0.0202185 0.0421865
0 0.192782 0.274565 0.0189489 0.0399341
0 0.190656 0.617604 0.0189462 0.0441679
0 0.499805 0.41508 0.0207878 0.0472105
0 0.563894 0.112302 0.0195687 0.0403463
0 0.254086 0.270634 0.0178736 0.0383448
0 0.316665 0.8371 0.0191912 0.0428936
0 0.0652276 0.558183 0.0176152 0.0434554
0 0.882304 0.1009 0.0179342 0.035737
0 0.824687 0.8151 0.0239508 0.0456867
0 0.828724 0.0504804 0.0189869 0.0356137
0 0.8802 0.774236 0.0227184 0.0476439
0 0.208776 0.744842 0.0189507 0.0404926
0 0.383471 0.620247 0.0172537 0.0363761
0 0.598633 0.911545 0.0212111 0.0479218
0 0.555116 0.273626 0.0180412 0.0412377
0 0.224363 0.934581 0.0238886 0.0445316
0 0.369815 0.372105 0.0177428 0.0414346
0 0.410092 0.59694 0.0183818 0.0321648
0 0.467487 0.647007 0.0188145 0.0411882
0 0.0451743 0.229877 0.0198918 0.0418278
0 0.302133 0.978418 0.0213639 0.0427761
0 0.439344 0.915927 0.0255041 0.046294
0 0.907687 0.303651 0.0186253 0.0407414
0 0.0839641 0.523201 0.0190457 0.0434986
0 0.146517 0.369088 0.0172618 0.0389261
0 0.21383 0.983661 0.0217652 0.0323347
0 0.382533 0.419317 0.0181701 0.0429928
0 0.781462 0.240323 0.0161018 0.0342326
0 0.477187 0.529566 0.0202738 0.0425203
0 0.447108 0.859594 0.0206092 0.0453812
0 0.845024 0.957027 0.0236111 0.0469101
0 0.147443 0.133393 0.021112 0.0427861
0 0.969018 0.122004 0.0179007 0.0375934
0 0.794737 0.524899 0.0178986 0.0405401
0 0.75582 0.641033 0.0226956 0.0511301
0 0.858809 0.630765 0.0193197 0.0458967
0 0.412912 0.779427 0.0187975 0.0426788
0 0.498511 0.874701 0.0201521 0.0433226
0 0.94538 0.500977 0.0217253 0.0503849
0 0.332032 0.352179 0.0165398 0.0392171
0 0.867089 0.243913 0.0169086 0.0372426
0 0.0209883 0.310807 0.0201864 0.0392189
0 0.693535 0.436998 0.0176541 0.044104
0 0.969039 0.329288 0.0184618 0.0408156
0 0.331747 0.11912 0.0167604 0.0357216
0 0.208026 0.144935 0.0173654 0.0365739
0 0.482412 0.744924 0.0200111 0.0489567
0 0.051504 0.601201 0.0185292 0.0450268
0 0.117519 0.944597 0.0228173 0.0463734
0 0.698384 0.71413 0.0208348 0.0464273
0 0.473062 0.603984 0.0201968 0.0457348
0 0.126805 0.147317 0.0188748 0.0435145
0 0.337881 0.743257 0.0203874 0.0474174
0 0.465147 0.821744 0.0200722 0.0436995
0 0.128536 0.267293 0.0165524 0.037367
0 0.693094 0.239834 0.0179381 0.0386474
0 0.0325992 0.136093 0.0189113 0.0414599
0 0.815204 0.142748 0.0176498 0.0392829
0 0.447525 0.973726 0.0236576 0.0506439
0 0.115321 0.824958 0.0218366 0.0528645
0 0.501122 0.817337 0.0188419 0.0492603
0 0.31502 0.714942 0.0192587 0.0460265
0 0.726464 0.199659 0.0173779 0.0320073
0 0.910181 0.924223 0.0223648 0.0465673
0 0.820069 0.965446 0.0240105 0.0478832
0 0.884343 0.680359 0.0187313 0.0432945
0 0.505278 0.110676 0.0165989 0.0331987
0 0.610793 0.517491 0.0167031 0.0411386
0 0.00666904 0.171585 0.0133381 0.0440717
0 0.761403 0.984149 0.0204755 0.0317021
0 0.509992 0.207266 0.0172402 0.0407579
0 0.220207 0.559028 0.021657 0.0488945
0 0.297219 0.397244 0.0178843 0.04348
0 0.94572 0.64102 0.0195126 0.0444241
0 0.906059 0.248359 0.0185211 0.0373006
0 0.637309 0.220239 0.0182915 0.0391656
0 0.0526002 0.655286 0.0182939 0.0429139
0 0.85829 0.413345 0.0169432 0.0381845
0 0.770652 0.613646 0.0198247 0.0429668
0 0.830853 0.340322 0.019022 0.0427465
0 0.63307 0.317831 0.0161546 0.0369761
0 0.586797 0.1863 0.0168606 0.0414366
0 0.17282 0.655487 0.0184999 0.040723
0 0.959147 0.688886 0.0211041 0.0493352
0 0.129003 0.688055 0.019938 0.0395643
0 0.543995 0.0929745 0.0180567 0.0403397
0 0.284423 0.0964044 0.0177351 0.0386516
0 0.776793 0.326221 0.0175259 0.0384005
0 0.879495 0.185732 0.0164391 0.0361408
0 0.716327 0.79507 0.020592 0.0486824
0 0.625113 0.464441 0.0163761 0.0395706
0 0.576297 0.223532 0.0172129 0.0390378
0 0.693594 0.125074 0.0164337 0.0346354
0 0.762984 0.867733 0.0189304 0.0439781
0 0.127049 0.552583 0.0176085 0.0365772
0 0.851348 0.331871 0.0183826 0.0406636
0 0.94034 0.554031 0.0208845 0.0443769
0 0.705524 0.540218 0.0187566 0.0399174
0 0.825302 0.274762 0.0182545 0.0430738
0 0.72372 0.234776 0.0169428 0.0381262
0 0.980013 0.282799 0.0200356 0.0376194
0 0.382522 0.283065 0.0187405 0.0361192
0 0.649408 0.892137 0.0212164 0.0473089
0 0.461183 0.427319 0.0162766 0.0413523
0 0.621119 0.358575 0.0201594 0.0463154
0 0.91392 0.355062 0.0171535 0.0414315
0 0.893648 0.541966 0.0197441 0.0444428
0 0.843943 0.89509 0.0208042 0.0414452
0 0.269512 0.28881 0.0158685 0.0374418
0 0.313483 0.654286 0.0177222 0.0371135
0 0.645976 0.959189 0.0247261 0.0640835
0 0.0621257 0.969289 0.0239792 0.0422777
0 0.443962 0.109383 0.0169563 0.0343755
0 0.723634 0.047038 0.016979 0.0325948
0 0.708509 0.0341977 0.0142738 0.0302686
0 0.783635 0.0453619 0.016874 0.0371254
0 0.57222 0.710895 0.0210728 0.051771
0 0.608116 0.976612 0.0212267 0.0461899
0 0.407917 0.142972 0.0179128 0.0406073
0 0.126303 0.0530442 0.0186974 0.0353525
0 0.543543 0.535449 0.0177691 0.0412252
0 0.57713 0.329112 0.0164057 0.0398295
0 0.572408 0.634933 0.0178829 0.0442948
0 0.582622 0.0103198 0.0153671 0.0206396
0 0.452103 0.148306 0.0182047 0.0426791
0 0.200468 0.377468 0.0165819 0.039394
0 0.864117 0.919529 0.022657 0.0435616
0 0.818788 0.194408 0.0177511 0.0360353
0 0.79078 0.981964 0.0221167 0.0358589
0 0.224456 0.623497 0.0171268 0.0395924
0 0.835658 0.482081 0.018078 0.041729
0 0.599057 0.43426 0.0170832 0.0450108
0 0.571845 0.435114 0.0174686 0.0425506
0 0.893012 0.282302 0.016951 0.0364106
0 0.154433 0.761353 0.0182854 0.0409283
0 0.327628 0.620584 0.0178626 0.037026
0 0.377386 0.0545521 0.0171036 0.0376861
0 0.429252 0.319527 0.0161613 0.0335346
0 0.679053 0.358332 0.0191947 0.0428723
0 0.681911 0.0261848 0.0148663 0.0283903
0 0.309386 0.10627 0.0156126 0.0392557
0 0.702803 0.339119 0.0203707 0.0432796
0 0.0917031 0.190685 0.0177335 0.0401303
0 0.502709 0.0660598 0.017292 0.0380348
0 0.6538 0.494134 0.0180371 0.0454529
0 0.686196 0.181675 0.0179915 0.0389164
0 0.510127 0.148132 0.0162577 0.041916
0 0.187514 0.0893487 0.0171296 0.0380297
0 0.257482 0.318695 0.0158356 0.0409046
0 0.484824 0.36838 0.0173256 0.0370685
0 0.944161 0.979971 0.0225807 0.0377007
0 0.762951 0.0796855 0.0169809 0.0362611
0 0.175948 0.179023 0.0199443 0.0375024
0 0.265516 0.463046 0.0163071 0.0327614
0 0.529238 0.852174 0.018975 0.0456715
0 0.748297 0.394997 0.0179054 0.0351412
0 0.141052 0.950282 0.0220957 0.0475433
0 0.35382 0.0949101 0.0177906 0.0391987
0 0.525501 0.218443 0.0172303 0.0392578
0 0.306998 0.162412 0.0172549 0.0377893
0 0.654914 0.0214381 0.016473 0.0348623
0 0.948476 0.934259 0.0224026 0.0445942
0 0.594192 0.677352 0.018259 0.0481865
0 0.456014 0.0230381 0.0163332 0.0329055
0 0.556053 0.579961 0.0179757 0.0448625
0 0.991768 0.246295 0.015987 0.0337052
0 0.793786 0.665112 0.0191708 0.0360785
0 0.742402 0.885188 0.0222986 0.0470181
0 0.713747 0.0764296 0.0175646 0.0370294
0 0.848767 0.20062 0.0172073 0.0378805
0 0.0916659 0.0842078 0.0164434 0.0331466
0 0.467355 0.0913781 0.0154456 0.0331233
0 0.322596 0.439617 0.0176172 0.0414579
0 0.833522 0.0986511 0.0170681 0.0340255
0 0.768083 0.75726 0.0180244 0.0394291
0 0.00795057 0.270618 0.0159011 0.039534
0 0.1191 0.208115 0.0185087 0.0405482
0 0.522275 0.567837 0.0175575 0.0392302
0 0.599138 0.280754 0.0188166 0.0424751
0 0.168866 0.0755964 0.0175138 0.0350419
0 0.238013 0.20209 0.0167962 0.0380364
0 0.231926 0.104674 0.0175304 0.0399154
0 0.125702 0.515177 0.0178596 0.0384436
0 0.0699496 0.147917 0.0184983 0.038281
0 0.521291 0.327877 0.0177437 0.0408661
0 0.644319 0.703498 0.0172697 0.0397135
0 0.438238 0.343373 0.0155979 0.0340355
0 0.601251 0.0198154 0.0163456 0.0357087
0 0.029768 0.492776 0.0190383 0.037911
0 0.960353 0.860672 0.0224306 0.0431053
0 0.428681 0.772795 0.0179823 0.0334106
0 0.462957 0.2689 0.0176779 0.0410769
0 0.933975 0.329204 0.0179581 0.0420783
0 0.93516 0.133657 0.0169125 0.0365363
0 0.0301526 0.373723 0.0190525 0.0417406
0 0.831981 0.136605 0.0189396 0.0387157
0 0.775717 0.364454 0.0186789 0.0365981
0 0.752804 0.129159 0.0186103 0.0400258
0 0.593407 0.0597219 0.0162235 0.0371062
0 0.709289 0.127375 0.0175238 0.0347733
0 0.315259 0.241553 0.0178533 0.040068
0 0.466902 0.212017 0.0173971 0.0358722
0 0.415065 0.0882552 0.0166412 0.03216
0 0.033278 0.0422213 0.0191252 0.0359282
0 0.482735 0.130163 0.0166462 0.0367985
0 0.474309 0.480812 0.0200293 0.0385374
0 0.779673 0.210817 0.0165535 0.0303711
0 0.378597 0.143022 0.018423 0.0420567
0 0.253448 0.655763 0.0180257 0.040884
0 0.984955 0.465261 0.0211193 0.03709
0 0.867086 0.960245 0.0212051 0.0367626
0 0.618868 0.419619 0.0155915 0.0383959
0 0.320665 0.067512 0.0165463 0.0324763
0 0.0698954 0.227665 0.0186822 0.0434561
0 0.0575776 0.287163 0.0194991 0.040741
