0 0.405549 0.472792 0.0663756 0.0960975
0 0.256419 0.517885 0.0776653 0.0996951
0 0.319411 0.29398 0.048298 0.0645476
0 0.766125 0.570485 0.0561081 0.080106
0 0.0621197 0.411766 0.0733538 0.103202
0 0.176045 0.424624 0.070475 0.100331
0 0.19159 0.304193 0.0495652 0.0693625
0 0.683355 0.632523 0.0632704 0.0883155
0 0.269967 0.240942 0.0446926 0.0519422
0 0.117594 0.28651 0.0501929 0.0658083
0 0.588435 0.538374 0.048151 0.0655274
0 0.226338 0.414822 0.0640682 0.0848373
0 0.409627 0.272526 0.0426251 0.0560411
0 0.705601 0.547223 0.0608589 0.0645809
0 0.842454 0.557338 0.0677998 0.0862925
0 0.953985 0.459641 0.0485176 0.0631643
0 0.506954 0.413998 0.0565584 0.0674954
0 0.476299 0.258672 0.0393551 0.0521278
0 0.896114 0.488732 0.0439457 0.0604643
0 0.771287 0.323744 0.0399174 0.0412314
0 0.811176 0.496253 0.0543663 0.0658909
0 0.34551 0.543728 0.0651453 0.0939877
0 0.177099 0.258731 0.0443942 0.0582233
0 0.935859 0.56893 0.0651731 0.0887408
0 0.382631 0.322706 0.0462212 0.0606923
0 0.748345 0.460995 0.0467457 0.0647805
0 0.111895 0.423895 0.0456361 0.0615372
0 0.54156 0.243095 0.0372261 0.0464771
0 0.469687 0.209817 0.034318 0.0434749
0 0.424945 0.400703 0.0477911 0.0498544
0 0.521101 0.491838 0.0663654 0.0919489
0 0.457485 0.428916 0.0507671 0.06587
0 0.136376 0.140694 0.0309076 0.0332137
0 0.575071 0.471556 0.0422586 0.0605262
0 0.582024 0.230935 0.0344885 0.0466769
0 0.233768 0.315585 0.041537 0.0608565
0 0.643782 0.415815 0.0539804 0.0719608
0 0.926977 0.348111 0.0464447 0.0585555
0 0.601388 0.262474 0.0410908 0.0527791
0 0.86023 0.490902 0.040218 0.0420572
0 0.276377 0.170501 0.0337059 0.0421359
0 0.690008 0.343214 0.0359915 0.0399967
0 0.188199 0.162062 0.0317094 0.0414867
0 0.512716 0.222358 0.0298082 0.0400619
0 0.684448 0.514383 0.0577456 0.0628645
0 0.750653 0.35668 0.0504354 0.0507899
0 0.19451 0.217092 0.0352439 0.0474923
0 0.66123 0.460067 0.0412276 0.036187
0 0.355009 0.403128 0.0675212 0.0860996
0 0.320988 0.159722 0.0295953 0.0370387
0 0.38137 0.252082 0.0341898 0.0360312
0 0.980257 0.411987 0.0359726 0.0462043
0 0.302583 0.416699 0.0526898 0.0659984
0 0.443855 0.250086 0.0368195 0.0510715
0 0.494097 0.219961 0.02869 0.0410153
0 0.298565 0.219993 0.0382598 0.051001
0 0.0678554 0.126066 0.028592 0.0391446
0 0.355459 0.347454 0.0457066 0.0348881
0 0.501051 0.176751 0.0299351 0.0363207
0 0.349436 0.159068 0.0269553 0.0344543
0 0.15621 0.35163 0.0494631 0.0425745
0 0.433244 0.182437 0.0295935 0.036791
0 0.387849 0.184359 0.031126 0.0387046
0 0.288439 0.549726 0.0510971 0.0747853
0 0.372291 0.159266 0.0272242 0.0348069
0 0.206168 0.127895 0.025304 0.0245255
0 0.776123 0.479859 0.0411268 0.0556541
0 0.476547 0.166479 0.0333269 0.0417567
0 0.970629 0.609673 0.0392742 0.0695238
0 0.280665 0.472444 0.042463 0.0691488
0 0.257147 0.395081 0.0422569 0.0601873
0 0.0548239 0.199617 0.0346353 0.0557804
0 0.855747 0.385958 0.040329 0.0231203
0 0.0343085 0.323467 0.0326502 0.0620252
0 0.431557 0.154934 0.0273369 0.0308101
0 0.652857 0.490769 0.037528 0.0366072
0 0.210444 0.158388 0.0270112 0.0359125
0 0.628882 0.511054 0.0463315 0.0563341
0 0.366192 0.305908 0.040524 0.0493967
0 0.302601 0.15962 0.0242499 0.0324509
0 0.617441 0.243214 0.0321728 0.040424
0 0.251434 0.159541 0.0294761 0.0409269
0 0.536893 0.150831 0.0310953 0.0347016
0 0.231868 0.13991 0.0257349 0.0300398
0 0.117673 0.129421 0.0232452 0.0298559
0 0.583302 0.299171 0.0383875 0.0447807
0 0.266504 0.142631 0.0228785 0.022281
0 0.0607526 0.343257 0.0471551 0.0457224
0 0.514556 0.286812 0.0355244 0.0478535
0 0.367213 0.285257 0.0428987 0.0450304
0 0.369324 0.29887 0.0411336 0.0523716
0 0.560088 0.542868 0.0377001 0.0672255
0 0.874818 0.467193 0.0291523 0.0328938
0 0.24892 0.439808 0.0413346 0.043618
0 0.885548 0.566297 0.052948 0.0780136
0 0.291035 0.156006 0.0245007 0.031136
0 0.160941 0.129089 0.0256075 0.0320314
0 0.362204 0.288456 0.0418334 0.0492894
0 0.488236 0.489444 0.0502914 0.0719996
0 0.694112 0.522796 0.0692278 0.0730385
0 0.230259 0.145058 0.025862 0.0344159
0 0.159743 0.117018 0.026107 0.0267083
0 0.0844162 0.138323 0.0286817 0.0353295
