0 0.851893 0.142606 0.028688 0.0509312
0 0.296947 0.738153 0.0284183 0.0519861
0 0.534585 0.708763 0.0269752 0.0498418
0 0.676828 0.848136 0.0270856 0.0540817
0 0.843062 0.476013 0.0275826 0.047776
0 0.617132 0.852505 0.0261004 0.0496437
0 0.345501 0.736497 0.0272733 0.0516781
0 0.735072 0.516955 0.0264328 0.050345
0 0.853755 0.645834 0.0283318 0.0494869
0 0.585243 0.456551 0.0266292 0.0489085
0 0.617423 0.334397 0.0238993 0.0450273
0 0.886305 0.134917 0.0250294 0.0435942
0 0.402535 0.860935 0.028054 0.0556604
0 0.186443 0.787074 0.0271757 0.053458
0 0.795194 0.824968 0.0273401 0.0569401
0 0.679193 0.309846 0.0245599 0.044609
0 0.192331 0.87425 0.0264327 0.0471355
0 0.793393 0.117987 0.0244141 0.0446674
0 0.147365 0.824822 0.0243413 0.047924
0 0.157367 0.529962 0.0256667 0.0498535
0 0.972125 0.940411 0.0272156 0.051849
0 0.328439 0.150513 0.0223398 0.0426937
0 0.119613 0.315392 0.0250671 0.0460276
0 0.966967 0.77992 0.0289579 0.0609334
0 0.848036 0.330232 0.0263306 0.0437553
0 0.0830029 0.262355 0.0230129 0.0440291
0 0.571778 0.0355591 0.0241289 0.0426223
0 0.71382 0.376936 0.0256012 0.0480091
0 0.258663 0.728335 0.0253479 0.0444475
0 0.202316 0.731988 0.0270085 0.0539814
0 0.302388 0.397377 0.0255624 0.0486162
0 0.477843 0.484535 0.0236766 0.0434557
0 0.864092 0.698985 0.0246731 0.0466719
0 0.348861 0.857675 0.0274248 0.0554985
0 0.0196547 0.238089 0.0227348 0.0425193
0 0.0807797 0.793362 0.0291153 0.0555437
0 0.468571 0.665178 0.0254109 0.0477629
0 0.952307 0.264664 0.0237488 0.0470768
0 0.472108 0.436371 0.0227795 0.0422358
0 0.428931 0.470612 0.0248729 0.0448487
0 0.859582 0.825145 0.027459 0.053631
0 0.81399 0.697549 0.0258854 0.0499591
0 0.214095 0.593479 0.0237963 0.0461155
0 0.581609 0.708309 0.0263475 0.0531935
0 0.56723 0.290753 0.0226471 0.042722
0 0.799925 0.760932 0.0267007 0.053664
0 0.327026 0.254892 0.0227723 0.0454412
0 0.975429 0.67438 0.0240555 0.047479
0 0.0247989 0.804875 0.0267453 0.053731
0 0.533916 0.351509 0.0255318 0.0448706
0 0.371506 0.153516 0.0241331 0.0466872
0 0.410907 0.652148 0.023676 0.0469446
0 0.694542 0.622563 0.0248756 0.0472872
0 0.943076 0.141708 0.0243168 0.0448717
0 0.47167 0.187712 0.0219992 0.0421306
0 0.766835 0.395601 0.0261824 0.045158
0 0.52504 0.0591781 0.025321 0.0447297
0 0.58529 0.354732 0.0232286 0.0446257
0 0.295507 0.652262 0.0240885 0.048217
0 0.574106 0.551513 0.0241762 0.0489408
0 0.221269 0.227004 0.0223094 0.0463803
0 0.730357 0.313469 0.0251978 0.0425354
0 0.0287047 0.522693 0.0245084 0.044918
0 0.741351 0.276546 0.0250944 0.0412791
0 0.785768 0.239966 0.0263561 0.0484061
0 0.165674 0.351544 0.0254982 0.0479326
0 0.99054 0.652888 0.0186138 0.0482904
0 0.284166 0.847224 0.0256535 0.0500153
0 0.622861 0.765099 0.0222441 0.0503548
0 0.479688 0.0434084 0.0257668 0.0447743
0 0.905193 0.312415 0.0252838 0.0478966
0 0.511553 0.604828 0.0257557 0.0486127
0 0.788281 0.476211 0.0272138 0.0464527
0 0.910562 0.517875 0.0246506 0.0450426
0 0.41784 0.547902 0.0240877 0.0471337
0 0.260738 0.281991 0.0245928 0.0489877
0 0.137754 0.621159 0.023593 0.0434107
0 0.474785 0.579413 0.0247441 0.0485627
0 0.696199 0.789825 0.0260931 0.0521656
0 0.21326 0.304025 0.0230482 0.0422381
0 0.843074 0.539641 0.0283813 0.0473564
0 0.926087 0.346538 0.024679 0.0466104
0 0.802936 0.343741 0.0259333 0.0455168
0 0.613663 0.559641 0.0248 0.0474745
0 0.657852 0.79951 0.0248188 0.0521864
0 0.31876 0.317471 0.0220102 0.0455115
0 0.0368707 0.409481 0.02328 0.0448485
0 0.738767 0.651279 0.0247677 0.0453253
0 0.10997 0.122185 0.0215621 0.0433259
0 0.523719 0.109604 0.0229414 0.0452711
0 0.402114 0.757586 0.0288276 0.0502094
0 0.250086 0.675117 0.0277054 0.0488266
0 0.0831982 0.582548 0.0258273 0.049472
0 0.599336 0.205864 0.0235661 0.0451757
0 0.688706 0.507782 0.0247919 0.0450674
0 0.517352 0.259631 0.0236063 0.0455858
0 0.761028 0.738882 0.0252705 0.0513222
0 0.381263 0.0798431 0.0231413 0.0474873
0 0.463085 0.522445 0.02279 0.0429957
0 0.435934 0.234104 0.0246101 0.0489362
0 0.910869 0.616436 0.0270363 0.0490562
0 0.638217 0.446445 0.0234646 0.0467417
0 0.941629 0.402689 0.0256321 0.0472531
0 0.141936 0.73132 0.0264087 0.0476362
0 0.411304 0.603073 0.0234017 0.0431729
0 0.468627 0.82137 0.0281633 0.0583696
0 0.27158 0.101739 0.0205491 0.0423315
0 0.591601 0.597974 0.0227318 0.0416897
0 0.796544 0.5163 0.0236647 0.0420201
0 0.537319 0.427034 0.0248259 0.0478303
0 0.197023 0.659017 0.02479 0.045976
0 0.730359 0.846863 0.0270744 0.051726
0 0.621346 0.464517 0.0254463 0.0484689
0 0.0988996 0.395765 0.0227059 0.0455545
0 0.0679745 0.203407 0.0240008 0.0460068
0 0.523388 0.548341 0.0262191 0.0517323
0 0.377879 0.230237 0.0229459 0.0406893
0 0.863215 0.393281 0.024081 0.0437284
0 0.576074 0.651695 0.0284182 0.0535273
0 0.320753 0.521868 0.0277796 0.0526987
0 0.66654 0.402577 0.0215712 0.0405393
0 0.425715 0.104715 0.0230196 0.0435271
0 0.111404 0.191045 0.0221873 0.0449348
0 0.27476 0.796034 0.0246423 0.0493698
0 0.0304588 0.479754 0.0221426 0.0412121
0 0.877437 0.0389675 0.0262638 0.0512455
0 0.135966 0.546471 0.0251838 0.0458947
0 0.680173 0.117835 0.0249262 0.0468851
0 0.613138 0.0151305 0.0242048 0.0302117
0 0.206101 0.463967 0.0263497 0.0483256
0 0.899956 0.245686 0.0219826 0.040166
0 0.365651 0.60433 0.0240962 0.040667
0 0.638238 0.656886 0.0245157 0.0494405
0 0.159728 0.660749 0.0245615 0.0471045
0 0.157475 0.402632 0.0228277 0.0430031
0 0.897425 0.188304 0.0251753 0.0465823
0 0.693473 0.187508 0.023185 0.0424614
0 0.469549 0.370749 0.024284 0.0466139
0 0.211207 0.522964 0.0240402 0.0495472
0 0.256571 0.467375 0.0243277 0.0427488
0 0.262403 0.575223 0.0231674 0.0438458
0 0.363579 0.4226 0.0249244 0.044762
0 0.735839 0.0170364 0.0238413 0.0340662
0 0.926631 0.736221 0.0295212 0.0527009
0 0.863916 0.761353 0.0253178 0.0455833
0 0.433659 0.03933 0.024741 0.0497033
0 0.629261 0.395435 0.0243467 0.0498612
0 0.780796 0.435894 0.0249123 0.0418123
0 0.69172 0.551674 0.0266842 0.0471994
0 0.674753 0.0155036 0.0258593 0.0310072
0 0.0889291 0.686491 0.0247016 0.0484048
0 0.731026 0.23213 0.023897 0.0428768
0 0.730535 0.17885 0.0273446 0.0480981
0 0.395449 0.263204 0.0251779 0.0465066
0 0.473879 0.102056 0.0242946 0.0455313
0 0.924097 0.871585 0.02682 0.0511967
0 0.0465006 0.33751 0.0234374 0.0425529
0 0.804804 0.654352 0.025355 0.038966
0 0.360036 0.676203 0.0241233 0.0460217
0 0.677106 0.269295 0.0228343 0.0350261
0 0.546465 0.221471 0.0221199 0.0438958
0 0.898967 0.488082 0.0238932 0.0462803
0 0.046421 0.13715 0.0222765 0.0413306
0 0.771444 0.529232 0.0242061 0.0451576
0 0.167747 0.284253 0.0230611 0.0465088
0 0.673349 0.0544697 0.0239908 0.0413396
0 0.434605 0.413912 0.0230124 0.0469381
0 0.472857 0.75377 0.0275387 0.0552683
0 0.233379 0.0815956 0.021501 0.04361
0 0.735488 0.474157 0.0245722 0.0421453
0 0.26332 0.537693 0.0217073 0.0367742
0 0.133464 0.0860703 0.021638 0.044117
0 0.650682 0.619801 0.0212545 0.0402387
0 0.11126 0.685928 0.0257008 0.0494671
0 0.576024 0.240724 0.0253895 0.043986
0 0.261695 0.630175 0.0249231 0.0464589
0 0.367531 0.295948 0.0232766 0.0458314
0 0.926448 0.0198715 0.0218616 0.0394933
0 0.433918 0.297246 0.0250505 0.0488792
0 0.178029 0.113928 0.0214149 0.0388649
0 0.527398 0.497993 0.0246138 0.0441032
0 0.628871 0.0606318 0.0248462 0.0426531
0 0.599037 0.783007 0.0221834 0.0458254
0 0.57305 0.928041 0.0243526 0.0486298
0 0.622834 0.25831 0.0262774 0.0471825
0 0.624995 0.514502 0.0243603 0.0477617
0 0.682129 0.439 0.0232533 0.04721
0 0.0153752 0.144969 0.0206051 0.0390555
0 0.736933 0.592898 0.0241188 0.0489894
0 0.843528 0.0761976 0.0252613 0.0447713
0 0.947038 0.212744 0.0237396 0.0470124
0 0.418386 0.423862 0.0223771 0.0472519
0 0.69621 0.692903 0.026063 0.05258
0 0.366767 0.387242 0.0228851 0.0357002
0 0.321325 0.47787 0.0235227 0.0412094
0 0.16687 0.490623 0.0226122 0.0415316
0 0.844167 0.292496 0.0237806 0.0372684
0 0.603943 0.397984 0.0238781 0.0457558
0 0.248556 0.403776 0.0234298 0.0372653
0 0.125432 0.253824 0.0242908 0.0491943
0 0.954246 0.472641 0.0232176 0.0418621
0 0.84111 0.435015 0.0252384 0.0350355
0 0.0995126 0.524576 0.0239857 0.0448656
0 0.681638 0.215712 0.0239075 0.0417844
0 0.384472 0.476135 0.0244788 0.0458324
0 0.362057 0.345211 0.0258132 0.0469437
0 0.0826321 0.0850433 0.0209677 0.0419758
0 0.963052 0.430229 0.0224638 0.0426328
0 0.265799 0.207673 0.02202 0.042975
0 0.0292296 0.579444 0.0244588 0.0462902
0 0.529514 0.311645 0.0237858 0.0392937
0 0.174218 0.0758412 0.0214093 0.0412393
0 0.41387 0.161799 0.0250252 0.0495662
0 0.897682 0.397107 0.0252148 0.0440194
0 0.542883 0.78885 0.0273475 0.0623545
0 0.478227 0.234275 0.0243346 0.046915
0 0.307256 0.199973 0.0222857 0.0410496
0 0.299041 0.45029 0.0226115 0.0416418
0 0.516288 0.183805 0.0238775 0.042169
0 0.573165 0.515931 0.0227518 0.0342306
0 0.273064 0.0428924 0.020627 0.0419473
0 0.373646 0.0289614 0.0232576 0.046853
0 0.788704 0.307691 0.0254368 0.0447969
0 0.795222 0.401944 0.0245527 0.0477367
0 0.277459 0.271545 0.020238 0.0419187
0 0.52058 0.661817 0.0251925 0.0397616
0 0.910859 0.700073 0.0249195 0.0462373
0 0.310575 0.682117 0.0245697 0.0432798
0 0.168272 0.158017 0.0228076 0.0449469
0 0.851456 0.600628 0.0245182 0.0433805
0 0.326392 0.112944 0.0224902 0.0447969
0 0.967884 0.628738 0.0239544 0.0450059
0 0.692502 0.25399 0.0211298 0.0372644
0 0.144855 0.485889 0.0220172 0.0401999
0 0.0899399 0.479472 0.0228502 0.0407251
0 0.864019 0.57618 0.0264029 0.0466577
0 0.931457 0.560559 0.0249134 0.0449825
0 0.628551 0.109315 0.0242558 0.0428241
0 0.0377222 0.613858 0.024171 0.0456432
0 0.287788 0.328409 0.0246793 0.0502993
0 0.268207 0.157361 0.0210606 0.0402808
0 0.0152113 0.107327 0.018171 0.0306034
0 0.343234 0.798125 0.0247901 0.047246
0 0.693295 0.292465 0.0209076 0.0366316
0 0.763113 0.59589 0.023818 0.0466507
0 0.193183 0.606233 0.023504 0.0449907
0 0.314526 0.367329 0.0214194 0.0391643
0 0.23251 0.0217866 0.0202482 0.0256716
0 0.419238 0.216805 0.0212557 0.0436228
0 0.89571 0.442716 0.0277128 0.0483055
0 0.358347 0.634668 0.023148 0.0350161
0 0.934262 0.0697416 0.0195223 0.0357009
0 0.310525 0.598431 0.0238182 0.0422792
0 0.990402 0.521237 0.0191967 0.0460931
0 0.395215 0.711709 0.0223918 0.0467436
0 0.697641 0.442719 0.022349 0.0451389
0 0.750309 0.710409 0.0245123 0.0451294
0 0.256349 0.431607 0.0212481 0.0336506
0 0.967154 0.0492439 0.0247631 0.0465719
0 0.801517 0.277385 0.026483 0.0481201
0 0.571679 0.115842 0.0248043 0.0466424
0 0.295173 0.608359 0.0228045 0.0391768
0 0.826535 0.123586 0.0246315 0.0447337
0 0.614858 0.141765 0.0226315 0.0441884
0 0.247336 0.778719 0.0259453 0.0491501
0 0.664396 0.679915 0.0264242 0.0505182
0 0.0758639 0.131968 0.0213823 0.0385426
0 0.432798 0.604989 0.0233824 0.0410824
0 0.291289 0.205997 0.0190254 0.0411782
0 0.0959298 0.360083 0.022743 0.036375
0 0.58185 0.150306 0.0254954 0.0506713
0 0.566558 0.0798351 0.0238146 0.0397456
0 0.0223097 0.691265 0.0239781 0.0513584
0 0.87191 0.188466 0.023374 0.0446353
0 0.538272 0.0989091 0.0210915 0.0398566
0 0.795482 0.56035 0.0254713 0.0408723
0 0.0874237 0.768282 0.026314 0.0417323
0 0.851467 0.790519 0.0226679 0.0467657
0 0.371565 0.51951 0.0253097 0.0465519
0 0.431782 0.364941 0.0236155 0.0420251
0 0.858808 0.263212 0.0248684 0.0434157
0 0.286266 0.912326 0.030781 0.057884
0 0.103218 0.024733 0.0161861 0.0230752
0 0.251307 0.51253 0.0228306 0.043157
0 0.648809 0.365353 0.0240718 0.0422196
0 0.418866 0.511944 0.0237549 0.0340363
0 0.02048 0.0584461 0.0180135 0.0327949
0 0.323651 0.416918 0.0207203 0.0425186
0 0.213928 0.106479 0.0202727 0.0408537
0 0.942267 0.622693 0.0265175 0.0502987
0 0.337625 0.105566 0.01979 0.0459406
0 0.478205 0.323766 0.0243917 0.0438219
0 0.84711 0.710971 0.0213652 0.044503
0 0.460771 0.149746 0.0223919 0.0418311
0 0.726807 0.0474541 0.0236441 0.0385874
0 0.0208743 0.320134 0.0231583 0.0408623
0 0.223625 0.124479 0.0202866 0.0385733
0 0.987866 0.317739 0.0152472 0.0532328
0 0.0565019 0.250946 0.0244498 0.0452721
0 0.219295 0.164732 0.0233047 0.0444018
