0 0.186056 0.079244 0.0343147 0.0432848
0 0.720579 0.250302 0.0314783 0.0434496
0 0.127324 0.0887737 0.0299503 0.0405244
0 0.370059 0.837674 0.02956 0.0478783
0 0.311941 0.6728 0.0323694 0.0478822
0 0.130521 0.814917 0.0315703 0.0446259
0 0.446642 0.27737 0.0297832 0.0424994
0 0.208285 0.585705 0.0304337 0.0447362
0 0.226582 0.452285 0.0338614 0.0485493
0 0.849547 0.0627403 0.0322994 0.0442523
0 0.107918 0.419404 0.0304007 0.0455721
0 0.0471921 0.790067 0.0288965 0.0451619
0 0.7837 0.818461 0.0336264 0.04564
0 0.750701 0.451532 0.0298823 0.0401672
0 0.87949 0.544231 0.0336571 0.0479624
0 0.464409 0.856331 0.0308895 0.0478441
0 0.778506 0.773092 0.0346805 0.0440907
0 0.806308 0.289517 0.0302109 0.04406
0 0.887703 0.440469 0.0341702 0.0500456
0 0.188743 0.359809 0.0335979 0.0481649
0 0.429625 0.653084 0.0327912 0.0479401
0 0.261491 0.233624 0.0302663 0.0391952
0 0.492625 0.384427 0.0310798 0.0428559
0 0.521334 0.192728 0.0304833 0.0423524
0 0.354338 0.443935 0.0273621 0.0391987
0 0.665621 0.305723 0.0296432 0.0417377
0 0.621611 0.407957 0.0288054 0.0420686
0 0.525195 0.275701 0.0293197 0.0373847
0 0.752545 0.740004 0.0315043 0.0428509
0 0.018874 0.332489 0.0224316 0.0449299
0 0.815142 0.858097 0.0372885 0.052952
0 0.7923 0.433187 0.0327202 0.0482588
0 0.966946 0.877776 0.0281509 0.0541492
0 0.361331 0.377417 0.0305966 0.0450931
0 0.0592474 0.455231 0.0309207 0.0464945
0 0.869572 0.735796 0.0308167 0.0500742
0 0.171916 0.621574 0.0297099 0.0386663
0 0.826559 0.436799 0.0307289 0.0452666
0 0.563704 0.590635 0.0302697 0.0409794
0 0.0938764 0.72845 0.0296817 0.0442968
0 0.276137 0.462852 0.0329335 0.0473206
0 0.113481 0.592839 0.0323442 0.0441437
0 0.265323 0.826534 0.0266806 0.0410301
0 0.645948 0.32561 0.0307695 0.0429717
0 0.489299 0.83218 0.0293651 0.0464766
0 0.218664 0.340866 0.0367516 0.0527431
0 0.968066 0.313893 0.0315918 0.0439535
0 0.820553 0.809562 0.0324547 0.0402626
0 0.420875 0.345923 0.0325601 0.0440467
0 0.562165 0.737392 0.0304629 0.0405239
0 0.337694 0.368565 0.0298388 0.0454901
0 0.184902 0.50042 0.0288088 0.0363506
0 0.730983 0.679583 0.0327992 0.0388558
0 0.0600987 0.742955 0.0297092 0.0373489
0 0.629575 0.580099 0.0285325 0.0377175
0 0.535082 0.658564 0.0283058 0.0412221
0 0.232758 0.528979 0.0273812 0.0408379
0 0.685737 0.868147 0.0383619 0.0487804
0 0.963867 0.444977 0.0306654 0.0440282
0 0.0493845 0.68787 0.0291685 0.0426857
0 0.250154 0.541597 0.0294983 0.038893
0 0.286813 0.802796 0.0264657 0.0374424
0 0.55851 0.553981 0.0277775 0.0363028
0 0.175649 0.567993 0.0297947 0.0410168
0 0.444581 0.523399 0.027373 0.0404287
0 0.694152 0.598006 0.0332335 0.0357239
0 0.70558 0.820817 0.0321522 0.0478758
0 0.639316 0.714255 0.0293958 0.0399668
0 0.0239368 0.755104 0.0280079 0.0415792
0 0.219587 0.700656 0.0289662 0.0408549
0 0.647677 0.412321 0.0297103 0.0428427
0 0.363878 0.219188 0.0289221 0.0392509
0 0.932495 0.865821 0.039566 0.0619457
0 0.76521 0.388955 0.0310598 0.0425726
0 0.150251 0.651518 0.0280755 0.039658
0 0.545108 0.770417 0.0335402 0.0426535
0 0.616041 0.672305 0.0292646 0.0387129
0 0.245021 0.590202 0.0320107 0.0418472
0 0.643404 0.891118 0.0411909 0.0463675
0 0.654323 0.583288 0.0276085 0.0376913
0 0.106685 0.664839 0.0292411 0.0421022
0 0.637154 0.850883 0.0346549 0.0453728
0 0.815252 0.755331 0.0310987 0.0461232
0 0.416011 0.553614 0.0251734 0.0400499
0 0.660275 0.813533 0.0341602 0.0479046
0 0.693122 0.74806 0.0312811 0.0458174
0 0.177334 0.751615 0.0297501 0.039889
0 0.217775 0.631683 0.0287954 0.0386087
0 0.312642 0.464642 0.0290045 0.0400772
0 0.361989 0.693599 0.0295985 0.040625
0 0.215114 0.796407 0.0272043 0.0458128
0 0.472617 0.28402 0.0269076 0.0373457
0 0.96451 0.728091 0.0299206 0.0429911
0 0.336475 0.719666 0.0319613 0.0395645
0 0.123707 0.726432 0.0284585 0.041168
0 0.472673 0.581699 0.0277731 0.0399174
0 0.190207 0.795227 0.0295829 0.0464361
0 0.196001 0.536787 0.0318908 0.0397408
0 0.00989342 0.72379 0.0196891 0.0430817
0 0.275015 0.327764 0.0332162 0.0483206
0 0.514201 0.305656 0.0285349 0.0403805
0 0.66056 0.375753 0.0281651 0.0368536
0 0.103486 0.565601 0.0275787 0.0359785
0 0.577629 0.671604 0.0283204 0.0396446
0 0.28148 0.695918 0.0295124 0.0409495
0 0.336717 0.760763 0.0322188 0.039856
0 0.38553 0.435236 0.02855 0.0400446
0 0.82463 0.582664 0.0297726 0.0403864
0 0.17172 0.820955 0.029751 0.0441692
0 0.180508 0.418911 0.0348389 0.0483651
0 0.969085 0.550228 0.0274632 0.0421423
0 0.511689 0.655139 0.0282795 0.0418554
0 0.460101 0.196401 0.0261202 0.0367606
0 0.732187 0.598513 0.0299972 0.0415016
0 0.231597 0.825187 0.0274445 0.0433212
0 0.925339 0.799438 0.0329678 0.0464308
0 0.0821638 0.566256 0.0246757 0.0382249
0 0.520979 0.548182 0.0272812 0.0371853
0 0.380906 0.722388 0.0286765 0.0419222
0 0.870903 0.396983 0.0313934 0.0456292
0 0.717803 0.718035 0.0330622 0.0435936
0 0.300136 0.330194 0.0319978 0.0484934
0 0.830839 0.702249 0.02966 0.0453375
0 0.311864 0.520366 0.0264689 0.0338781
0 0.0135221 0.680624 0.0270442 0.041572
0 0.676126 0.562391 0.0296858 0.0362532
0 0.0908081 0.820204 0.0274605 0.0433239
0 0.795121 0.558568 0.0278952 0.0371027
0 0.488916 0.326299 0.0276802 0.0364198
0 0.491499 0.736661 0.031885 0.0337096
0 0.588715 0.405739 0.0287579 0.0433157
0 0.715906 0.373077 0.0305381 0.0427245
0 0.618512 0.767239 0.0328596 0.0473013
0 0.485032 0.768038 0.0306413 0.0387802
0 0.0623606 0.584241 0.0308825 0.0410048
0 0.0514202 0.54743 0.0296602 0.0364075
0 0.206612 0.660637 0.0286429 0.0400691
0 0.443571 0.582686 0.0286152 0.0425911
0 0.405436 0.289412 0.0252426 0.0364666
0 0.374796 0.773838 0.0307114 0.0429947
0 0.0799173 0.35227 0.029101 0.0409275
0 0.561766 0.699556 0.0308804 0.0360741
0 0.760979 0.842479 0.0328806 0.0352055
0 0.127712 0.634732 0.0273827 0.0391725
0 0.723793 0.856008 0.0297445 0.0440619
0 0.533544 0.822648 0.0289133 0.0453936
0 0.872272 0.859634 0.0300749 0.0438282
0 0.332363 0.321108 0.0298393 0.0408138
0 0.660147 0.626647 0.0296555 0.0392584
0 0.0376641 0.446747 0.0314655 0.0490985
0 0.402181 0.768675 0.0280688 0.0434408
0 0.683901 0.710184 0.0299383 0.0376707
0 0.275601 0.733558 0.031033 0.0354813
0 0.439046 0.717715 0.0300514 0.0308447
0 0.37108 0.547533 0.0271662 0.0393751
0 0.259844 0.696542 0.025798 0.0349666
0 0.402875 0.523338 0.0264579 0.0366814
0 0.769109 0.679349 0.0296843 0.0407839
0 0.806253 0.717261 0.0315289 0.0468086
0 0.86532 0.305119 0.0319141 0.0416167
0 0.69708 0.63683 0.0296484 0.0392008
0 0.0750713 0.802189 0.0261631 0.0438507
0 0.755575 0.880907 0.0307838 0.0453587
0 0.0905867 0.633373 0.0281577 0.0369611
0 0.948477 0.423571 0.0305689 0.0464829
0 0.3036 0.291708 0.0254085 0.0349312
0 0.320671 0.835058 0.0283953 0.0439903
0 0.928195 0.423539 0.0309292 0.0471998
0 0.874699 0.673745 0.0329885 0.0480062
0 0.735801 0.874013 0.0331753 0.045583
0 0.646651 0.778133 0.0296921 0.0367859
0 0.324794 0.832953 0.0291194 0.0447708
0 0.912575 0.648247 0.0317013 0.0480594
0 0.451155 0.381442 0.0273024 0.0402768
0 0.288648 0.6266 0.0301407 0.038896
0 0.00693101 0.81448 0.013862 0.0398938
0 0.536451 0.33758 0.0315945 0.0399504
0 0.811407 0.63099 0.0296484 0.0392508
0 0.587771 0.831133 0.0319879 0.0469376
0 0.62114 0.526118 0.0302959 0.0422892
0 0.40876 0.324899 0.0312318 0.04075
0 0.414736 0.861965 0.0328168 0.0326008
0 0.338316 0.611517 0.0301565 0.0430927
0 0.320779 0.568139 0.0269994 0.0396236
0 0.487112 0.793174 0.0304047 0.0309508
0 0.193284 0.720462 0.03035 0.0378536
0 0.670249 0.734093 0.0281836 0.036627
0 0.92979 0.583312 0.0286716 0.0397024
0 0.780996 0.894876 0.0397421 0.0504324
0 0.55623 0.382864 0.0277733 0.0427244
0 0.714878 0.776252 0.0318515 0.0412921
0 0.899663 0.870441 0.0362408 0.0561012
0 0.339962 0.676482 0.0290635 0.0419813
0 0.162618 0.362547 0.0289472 0.0439862
0 0.742657 0.417837 0.0267127 0.0351155
0 0.598291 0.379964 0.0280357 0.0388782
0 0.619728 0.277842 0.0303368 0.0384599
0 0.382467 0.30795 0.0309448 0.0417007
0 0.427389 0.751098 0.0309037 0.0460024
0 0.726251 0.642685 0.0295877 0.0354917
0 0.49669 0.284832 0.0272458 0.0380054
0 0.561913 0.299055 0.0261084 0.0351284
0 0.301793 0.591969 0.029299 0.0384903
0 0.448122 0.765728 0.0281452 0.040221
0 0.279039 0.758946 0.0306977 0.0343758
0 0.294004 0.544857 0.0278871 0.0366316
0 0.149414 0.510305 0.0310181 0.0432871
0 0.977106 0.415385 0.0269367 0.0383282
0 0.748717 0.820666 0.0275688 0.0330769
0 0.532604 0.52462 0.0249192 0.0339883
0 0.552092 0.85399 0.0294609 0.0393051
0 0.985677 0.586835 0.0190743 0.0337819
0 0.412465 0.477215 0.0266418 0.0399071
0 0.626082 0.538577 0.0278111 0.0371431
0 0.509604 0.570272 0.0243452 0.0358631
0 0.545065 0.437346 0.0294658 0.0396322
0 0.583679 0.327837 0.0323108 0.0411226
0 0.399065 0.602925 0.0285286 0.037619
0 0.772548 0.63195 0.0303013 0.0387358
0 0.412291 0.725511 0.0267765 0.0385295
0 0.129262 0.642183 0.0262864 0.0403049
0 0.922171 0.758896 0.0334171 0.0443357
0 0.16698 0.543328 0.0275526 0.0343081
0 0.488275 0.70955 0.0331762 0.0289642
0 0.459877 0.545126 0.0275276 0.0348322
0 0.659533 0.761352 0.032382 0.0351131
0 0.323461 0.435053 0.0245397 0.0312141
0 0.393655 0.487594 0.0263155 0.0381079
0 0.501007 0.532118 0.0262575 0.0368488
0 0.257727 0.784248 0.0283152 0.035793
0 0.795819 0.678673 0.0300898 0.0342881
0 0.535147 0.898038 0.0304844 0.0251873
0 0.497401 0.893467 0.0309015 0.0274292
0 0.620075 0.828863 0.0317486 0.0503983
0 0.664049 0.660858 0.0302256 0.0408543
0 0.917521 0.3335 0.0321152 0.0455076
0 0.778755 0.715655 0.0256546 0.0389313
0 0.392371 0.562486 0.0278885 0.0359238
0 0.613263 0.70753 0.0288021 0.0347057
0 0.410149 0.884201 0.0327883 0.0335981
0 0.727142 0.448765 0.0275318 0.0386914
0 0.250236 0.724315 0.0262192 0.0389557
0 0.394528 0.570718 0.0274451 0.0351694
0 0.930693 0.376601 0.0341991 0.0466997
0 0.793115 0.651766 0.0304569 0.0330755
0 0.430375 0.423935 0.0261299 0.0380419
0 0.838517 0.291562 0.0298746 0.0429722
0 0.15815 0.708677 0.0275822 0.0404308
0 0.982483 0.621699 0.02178 0.0442948
0 0.447603 0.576844 0.028578 0.0395077
0 0.0728705 0.628432 0.0268255 0.0387541
0 0.933534 0.316689 0.0313213 0.0406862
0 0.624078 0.81467 0.0301643 0.0431879
0 0.954347 0.771349 0.0323652 0.0444048
0 0.144077 0.471969 0.0291813 0.0404987
0 0.457799 0.473464 0.0281311 0.0415724
0 0.650983 0.582584 0.0439135 0.0386391
0 0.335599 0.527374 0.0250627 0.031105
0 0.113133 0.360234 0.0235427 0.0393178
0 0.730069 0.76817 0.0297931 0.0387829
0 0.420557 0.181242 0.0237825 0.0328521
0 0.116984 0.785584 0.0287432 0.039577
0 0.453449 0.408627 0.0282347 0.0408741
0 0.967269 0.64528 0.0291571 0.0444736
0 0.641822 0.682954 0.0287304 0.0301313
0 0.594427 0.525421 0.0260248 0.0369423
0 0.198396 0.531916 0.0327637 0.0422174
0 0.936648 0.422874 0.0330559 0.0459763
