0 0.582634 0.524038 0.0966894 0.134203
0 0.407965 0.360366 0.0436827 0.0587834
0 0.196098 0.730321 0.215119 0.29599
0 0.970625 0.466562 0.0573505 0.158873
0 0.866491 0.451902 0.11352 0.148318
0 0.112588 0.307462 0.0546913 0.0461538
0 0.197098 0.346852 0.0381093 0.0522899
0 0.909022 0.347031 0.0619677 0.0712092
0 0.021346 0.447815 0.0426851 0.0807318
0 0.486073 0.369936 0.0309008 0.0385644
0 0.0211621 0.35665 0.0415548 0.0510801
0 0.344912 0.256038 0.0327632 0.055025
0 0.877701 0.294901 0.033683 0.0434782
0 0.780151 0.32081 0.0361874 0.0490768
0 0.285148 0.3417 0.0407587 0.0499491
0 0.604257 0.323714 0.0279942 0.0375675
0 0.497153 0.303608 0.0237412 0.0335008
0 0.576615 0.3172 0.025152 0.0345598
0 0.423427 0.325646 0.0200647 0.0278379
0 0.442563 0.305501 0.0177714 0.0256429
0 0.805782 0.266221 0.0211502 0.0284651
0 0.0574628 0.355431 0.0342901 0.0434217
0 0.837299 0.288359 0.0296436 0.0360225
0 0.250656 0.339215 0.030594 0.0341905
0 0.745236 0.748962 0.225801 0.259291
0 0.543227 0.304309 0.0207523 0.0303652
0 0.332315 0.323371 0.0267509 0.0395616
0 0.394757 0.309785 0.0224794 0.0326852
0 0.371736 0.33562 0.0261039 0.037273
0 0.599918 0.319158 0.0258648 0.0362118
0 0.871741 0.267444 0.0211891 0.0221622
0 0.647165 0.279126 0.0177302 0.0223512
0 0.718144 0.283172 0.0203489 0.0276443
0 0.633854 0.27674 0.0147575 0.0205488
0 0.505028 0.278432 0.0158824 0.0203145
0 0.766147 0.259138 0.017281 0.0222333
0 0.822874 0.266949 0.0182446 0.0225104
0 0.696217 0.286694 0.0230682 0.0308684
0 0.668283 0.269199 0.0157495 0.021009
0 0.730569 0.266962 0.0159275 0.0230741
0 0.871327 0.252365 0.0176235 0.0197054
0 0.764662 0.261775 0.018016 0.0246738
0 0.570189 0.283737 0.0152605 0.0200537
0 0.522255 0.298094 0.0205088 0.0279111
0 0.631608 0.258236 0.0105274 0.0145355
0 0.744788 0.255084 0.0139297 0.0174842
0 0.480887 0.305704 0.019174 0.028866
0 0.604226 0.279958 0.0142815 0.0184559
0 0.47944 0.280164 0.0143166 0.0186413
0 0.775146 0.2833 0.0231295 0.0289012
0 0.545557 0.279422 0.0144162 0.0186794
0 0.816621 0.242558 0.0137058 0.018674
0 0.799225 0.265497 0.0198764 0.0295967
0 0.744652 0.271998 0.0184083 0.023566
0 0.608373 0.296965 0.0177237 0.0214447
0 0.595392 0.26695 0.0112425 0.0140761
0 0.56927 0.269324 0.0114883 0.0147562
0 0.618792 0.257861 0.00952835 0.0133563
0 0.607842 0.267245 0.0116604 0.0153965
0 0.643837 0.257361 0.00986185 0.0140136
0 0.796704 0.241884 0.0121382 0.0162939
0 0.731025 0.2457 0.00996151 0.0146113
0 0.655375 0.256637 0.0105574 0.0143429
