0 0.19178 0.823173 0.0473321 0.0704044
0 0.328181 0.706318 0.0399704 0.0483648
0 0.0342698 0.832637 0.0683975 0.0738581
0 0.773238 0.913876 0.0543758 0.0485195
0 0.607549 0.871365 0.0559693 0.0862297
0 0.354333 0.8613 0.0565773 0.0759239
0 0.748692 0.650598 0.0398997 0.0609729
0 0.230278 0.240437 0.0262062 0.0377559
0 0.152491 0.850081 0.0587935 0.0657986
0 0.922235 0.858852 0.0474588 0.0659534
0 0.872068 0.379964 0.0313534 0.0429276
0 0.836641 0.906967 0.0649324 0.0647196
0 0.400795 0.792687 0.0466391 0.0690044
0 0.556763 0.665671 0.0451506 0.0496113
0 0.477669 0.401339 0.0279915 0.0429743
0 0.191568 0.480014 0.0321135 0.0460714
0 0.264891 0.260236 0.0270605 0.0382828
0 0.763212 0.485363 0.0308388 0.0436962
0 0.590195 0.434525 0.032328 0.0463147
0 0.136576 0.130139 0.0308479 0.0438016
0 0.644344 0.823612 0.0551815 0.0864494
0 0.162592 0.583878 0.0421307 0.0668505
0 0.240416 0.854866 0.0574835 0.067482
0 0.919445 0.283552 0.0305748 0.0439526
0 0.125447 0.817594 0.0437377 0.0677313
0 0.755179 0.187074 0.0284692 0.0413048
0 0.102979 0.487072 0.0308852 0.0460745
0 0.905513 0.456717 0.0306137 0.0420444
0 0.901937 0.928503 0.0461918 0.0356785
0 0.379074 0.27085 0.0310187 0.0458592
0 0.336269 0.571573 0.0339939 0.0451623
0 0.489678 0.573828 0.033042 0.0487129
0 0.867486 0.309319 0.0280712 0.0416968
0 0.539401 0.890661 0.0565687 0.0519356
0 0.445281 0.365657 0.0276794 0.042892
0 0.578081 0.0721499 0.0240818 0.0355953
0 0.217425 0.452691 0.0315127 0.046678
0 0.296241 0.866933 0.0521182 0.058943
0 0.294456 0.0785446 0.0250821 0.0356421
0 0.0865807 0.598958 0.0358036 0.0519545
0 0.77621 0.141519 0.0279091 0.039146
0 0.171145 0.0523631 0.0278256 0.0375953
0 0.797872 0.413981 0.0304258 0.043143
0 0.696953 0.123544 0.0235567 0.0357787
0 0.682999 0.888785 0.0484168 0.060685
0 0.490123 0.343874 0.0309574 0.0448827
0 0.857343 0.173791 0.0280582 0.041127
0 0.34969 0.38353 0.0275042 0.0375693
0 0.664878 0.304861 0.0289743 0.0424744
0 0.2636 0.459046 0.0348982 0.0491797
0 0.337809 0.420279 0.0281831 0.0387218
0 0.243242 0.333521 0.0271346 0.0415794
0 0.156857 0.679341 0.0415937 0.0548197
0 0.214728 0.351496 0.0261069 0.0402991
0 0.612796 0.521273 0.0331207 0.0473225
0 0.486949 0.524449 0.0342848 0.0451916
0 0.628167 0.23828 0.0323784 0.0503117
0 0.567826 0.394419 0.0316362 0.0457221
0 0.615339 0.395647 0.0307781 0.0422077
0 0.823241 0.555903 0.0331162 0.0506207
0 0.701174 0.0702285 0.023061 0.03493
0 0.467277 0.0992677 0.0244322 0.0315989
0 0.571947 0.852167 0.0458821 0.0710457
0 0.411531 0.533724 0.0315668 0.0448345
0 0.0554176 0.595812 0.0349876 0.0530778
0 0.429064 0.467681 0.0277954 0.0408293
0 0.671712 0.0409209 0.0236414 0.0349377
0 0.868686 0.57514 0.0289303 0.0445849
0 0.461543 0.867995 0.0610323 0.0773953
0 0.0934807 0.647687 0.0452698 0.0441345
0 0.11645 0.378732 0.0283706 0.0411545
0 0.92973 0.321264 0.0313007 0.0489475
0 0.968398 0.200596 0.0264587 0.0391151
0 0.227919 0.790621 0.0486435 0.0542464
0 0.515236 0.806997 0.0484734 0.0682516
0 0.624055 0.1443 0.0274209 0.0387659
0 0.127254 0.261965 0.0270419 0.0409806
0 0.377472 0.585404 0.0399065 0.0527458
0 0.804254 0.194395 0.025691 0.0404492
0 0.303195 0.164298 0.0249321 0.0389136
0 0.625546 0.456005 0.0323833 0.0451825
0 0.848733 0.528337 0.0285103 0.0427718
0 0.7667 0.260289 0.0253856 0.0372917
0 0.20201 0.245469 0.0263131 0.0390166
0 0.879157 0.630434 0.03533 0.0548354
0 0.235787 0.113099 0.0274749 0.0429738
0 0.69174 0.235697 0.033908 0.0527141
0 0.129141 0.636878 0.0408427 0.0532058
0 0.494757 0.744575 0.0464251 0.0583683
0 0.377129 0.20057 0.0297606 0.0443776
0 0.200337 0.321253 0.0263796 0.0348203
0 0.670715 0.353859 0.0273851 0.0384093
0 0.111676 0.11303 0.0294075 0.0426652
0 0.247298 0.723664 0.0494514 0.0655123
0 0.515358 0.193947 0.025318 0.0372556
0 0.303418 0.352139 0.027332 0.039551
0 0.258452 0.539906 0.0375141 0.0547234
0 0.0493681 0.3682 0.0307843 0.0437762
0 0.021908 0.631534 0.0372848 0.0528119
0 0.666271 0.191191 0.0283281 0.0422155
0 0.576137 0.228028 0.0315234 0.0464302
0 0.850761 0.619119 0.0358244 0.0562106
0 0.337345 0.0419307 0.0262787 0.0409001
0 0.653298 0.639791 0.043912 0.0621599
0 0.124272 0.534491 0.0357959 0.0503045
0 0.947392 0.144075 0.0254448 0.0360889
0 0.404605 0.149853 0.0273102 0.0395772
0 0.472044 0.174001 0.0241955 0.0375865
0 0.0492141 0.109157 0.0261818 0.038928
0 0.326454 0.478055 0.0325991 0.0468067
0 0.941361 0.78732 0.0467699 0.0512501
0 0.0719354 0.438761 0.0307691 0.045247
0 0.244412 0.50291 0.0323972 0.0410309
0 0.774616 0.0882199 0.025061 0.0374929
0 0.826751 0.437194 0.0255219 0.0295839
0 0.405552 0.0481971 0.0250079 0.0365952
0 0.552993 0.286797 0.0295918 0.0443726
0 0.722903 0.0330149 0.0236672 0.029294
0 0.593854 0.183168 0.0246265 0.0360375
0 0.0993397 0.79467 0.0420871 0.0645206
0 0.554056 0.720277 0.0406919 0.0438047
0 0.316187 0.212249 0.0272761 0.0408087
0 0.357419 0.436159 0.0314604 0.0405256
0 0.742551 0.383208 0.032085 0.0443064
0 0.665639 0.142013 0.0251614 0.0357032
0 0.206718 0.11897 0.0295119 0.0435848
0 0.696192 0.546352 0.0288544 0.0430185
0 0.194767 0.419437 0.0296386 0.0410608
0 0.788158 0.535804 0.0293852 0.0396362
0 0.301249 0.485615 0.0262331 0.0363104
0 0.668056 0.503644 0.0324526 0.0421585
0 0.715798 0.411409 0.0339042 0.0449229
0 0.104735 0.159575 0.0301215 0.0410764
0 0.775935 0.32046 0.0292185 0.0369473
0 0.168056 0.341295 0.0279616 0.0401799
0 0.952792 0.919635 0.0283615 0.0581245
0 0.824176 0.477679 0.03095 0.041733
0 0.302966 0.817881 0.0442073 0.0526703
0 0.506985 0.125489 0.0232023 0.0334518
0 0.73534 0.311956 0.0279129 0.0394823
0 0.806836 0.863816 0.0803934 0.0770763
0 0.268384 0.408779 0.0301813 0.0422118
0 0.518338 0.266372 0.0266272 0.0362968
0 0.175371 0.180136 0.0257725 0.0368253
0 0.307848 0.302405 0.0281657 0.0385874
0 0.436207 0.796675 0.0406572 0.0589865
0 0.0211044 0.419795 0.0257435 0.0485319
0 0.768522 0.360557 0.0277866 0.0409797
0 0.939785 0.608195 0.041795 0.0662258
0 0.750617 0.032667 0.0250061 0.0258709
0 0.662369 0.391934 0.0296783 0.0396095
0 0.0196428 0.587546 0.0314447 0.0389037
0 0.885713 0.820533 0.0437923 0.0628697
0 0.439278 0.257175 0.0249954 0.0351042
0 0.420962 0.361257 0.0295805 0.0405172
0 0.0631983 0.155444 0.0262009 0.0391845
0 0.308038 0.762121 0.0447396 0.0623693
0 0.991692 0.492808 0.016616 0.0531051
0 0.234258 0.0278367 0.0262647 0.034804
0 0.134612 0.748478 0.0367099 0.038322
0 0.0738797 0.335232 0.0266906 0.0415158
0 0.616014 0.352865 0.0310528 0.0408125
0 0.0423479 0.512738 0.0320941 0.0453588
0 0.0237896 0.77771 0.0442474 0.0420654
0 0.770836 0.56919 0.0372401 0.0518545
0 0.80174 0.499686 0.0275246 0.040226
0 0.266387 0.784729 0.0425819 0.0551062
0 0.42243 0.636905 0.0475473 0.0614548
0 0.982331 0.177821 0.0269451 0.0350746
0 0.91641 0.165312 0.0259373 0.0382322
0 0.931259 0.916126 0.0350922 0.0510132
0 0.686945 0.51808 0.0300972 0.0366698
0 0.679224 0.409795 0.0302789 0.0396364
0 0.599407 0.486629 0.0306578 0.0405598
0 0.454968 0.445702 0.028544 0.0390833
0 0.238966 0.0632271 0.0307748 0.0426729
0 0.836009 0.108696 0.0297928 0.0412958
0 0.549226 0.346787 0.0314341 0.0456172
0 0.865167 0.798272 0.0375883 0.0570564
0 0.101295 0.747124 0.0295567 0.0392517
0 0.170293 0.286603 0.0281582 0.0378821
0 0.5717 0.537965 0.0366373 0.0495104
0 0.838743 0.244147 0.0292816 0.0437333
0 0.986415 0.148335 0.0252487 0.0329689
0 0.666328 0.561754 0.0365698 0.0499586
0 0.555761 0.785984 0.0481376 0.0639323
0 0.534864 0.167822 0.0229935 0.0309074
0 0.509849 0.244643 0.0253025 0.0300683
0 0.474795 0.138096 0.0259319 0.0325869
0 0.61409 0.320535 0.0265147 0.0355911
0 0.676743 0.465507 0.0366446 0.0426426
0 0.573128 0.348028 0.0276549 0.0388288
0 0.599011 0.640746 0.0402165 0.0522783
0 0.763724 0.422688 0.0305264 0.0447315
0 0.516852 0.301012 0.0269842 0.0430674
0 0.828422 0.823291 0.0517387 0.0560345
0 0.953771 0.42165 0.0291725 0.0423293
0 0.353548 0.171749 0.0292674 0.040657
0 0.101751 0.57369 0.0330455 0.0459635
0 0.432804 0.552356 0.030662 0.0382651
0 0.461901 0.634183 0.0361313 0.0478647
0 0.373393 0.0759149 0.0281112 0.0402652
0 0.00568739 0.600267 0.0113748 0.0419773
0 0.0461418 0.172766 0.0276048 0.0441518
0 0.465193 0.481091 0.0309549 0.0386654
0 0.329555 0.632402 0.0370882 0.0428539
0 0.732976 0.915502 0.0522554 0.038871
0 0.72697 0.850769 0.0396498 0.0605114
0 0.450371 0.311707 0.0265945 0.0346974
0 0.878093 0.0414828 0.0251213 0.0232102
0 0.0289705 0.293138 0.0270177 0.0436748
0 0.107647 0.188654 0.0280361 0.0403248
0 0.46852 0.0133001 0.0259613 0.0265475
0 0.734847 0.467697 0.030241 0.0402857
0 0.729998 0.484302 0.0314528 0.0451361
0 0.942972 0.483863 0.0305742 0.0418901
0 0.69769 0.17259 0.0286012 0.0390413
0 0.497169 0.866144 0.0547999 0.0745346
0 0.197177 0.376673 0.0266789 0.0365102
0 0.519919 0.00859116 0.0247461 0.0170261
0 0.479548 0.824305 0.0433874 0.0566526
0 0.692206 0.0403241 0.023842 0.0337779
0 0.265302 0.133766 0.0253298 0.0386206
0 0.758243 0.293517 0.0246721 0.0339273
