0 0.214902 0.261744 0.0735472 0.103825
0 0.475229 0.820927 0.109915 0.148005
0 0.872191 0.754438 0.0867781 0.115226
0 0.148262 0.764531 0.0816395 0.106168
0 0.57244 0.584795 0.0780401 0.101223
0 0.523669 0.422786 0.073682 0.105334
0 0.629919 0.863592 0.0855545 0.109117
0 0.31098 0.127445 0.0667171 0.098838
0 0.671009 0.238462 0.0717073 0.098118
0 0.338061 0.451866 0.0728089 0.100439
0 0.915731 0.884615 0.0701485 0.1345
0 0.198203 0.574067 0.0715127 0.0914483
0 0.529758 0.178104 0.0697754 0.0948325
0 0.304569 0.596895 0.083016 0.10854
0 0.107294 0.216318 0.0661616 0.0904866
0 0.515061 0.315672 0.064515 0.0860209
0 0.815713 0.180514 0.0641186 0.0921891
0 0.191337 0.109589 0.0557634 0.0767136
0 0.74237 0.272037 0.0589062 0.0832884
0 0.82149 0.492501 0.071208 0.0997498
0 0.125826 0.090512 0.0572583 0.0895196
0 0.0955459 0.402251 0.0741144 0.0937616
0 0.236446 0.444581 0.0640673 0.0869236
0 0.417251 0.1531 0.0687302 0.087963
0 0.345533 0.321683 0.0620555 0.0900797
0 0.699536 0.14476 0.0662675 0.0855365
0 0.672631 0.456146 0.0670649 0.0894177
0 0.077458 0.55888 0.0637792 0.0844988
0 0.795524 0.274031 0.0644156 0.0864669
0 0.891612 0.310533 0.063036 0.0825706
0 0.931857 0.16802 0.0619343 0.0884642
0 0.467645 0.647576 0.080402 0.101975
0 0.430426 0.50888 0.0714301 0.101385
0 0.98389 0.474676 0.0322191 0.116247
