0 0.0738265 0.771739 0.0797942 0.159933
0 0.711863 0.484756 0.0860848 0.0892875
0 0.155837 0.742876 0.112169 0.177196
0 0.338866 0.656259 0.102733 0.104278
0 0.065154 0.933805 0.110428 0.13074
0 0.341912 0.822139 0.114774 0.190004
0 0.439314 0.0426864 0.0403408 0.0645621
0 0.921059 0.611205 0.0893354 0.194158
0 0.58359 0.568993 0.0697931 0.119901
0 0.913886 0.335917 0.0663084 0.107667
0 0.362947 0.475031 0.0735591 0.112124
0 0.772186 0.683804 0.11152 0.21022
0 0.662699 0.68392 0.0773974 0.149773
0 0.632312 0.481414 0.0731373 0.0734987
0 0.478869 0.745857 0.117494 0.185298
0 0.841757 0.386579 0.078977 0.108543
0 0.175263 0.608452 0.0672887 0.0955481
0 0.483646 0.599506 0.0722078 0.0709607
0 0.197256 0.371287 0.0582246 0.098441
0 0.224476 0.515989 0.0664255 0.0890255
0 0.888643 0.179792 0.0519207 0.0859789
0 0.48522 0.463092 0.0616263 0.111612
0 0.700077 0.368295 0.0589262 0.0956474
0 0.779024 0.435977 0.0514996 0.08919
0 0.438799 0.235982 0.0511034 0.0905707
0 0.110988 0.613277 0.0627896 0.0740399
0 0.786563 0.278519 0.0564945 0.111225
0 0.0997659 0.444846 0.0555819 0.0851946
0 0.413042 0.150391 0.0416546 0.0761336
0 0.368931 0.0991851 0.0447262 0.0652142
0 0.0460553 0.564765 0.0717373 0.109873
0 0.458221 0.354504 0.0544661 0.0745292
0 0.078922 0.352354 0.0616124 0.0989247
0 0.25092 0.39464 0.0561006 0.0876097
0 0.231459 0.620827 0.0530197 0.0927664
0 0.30048 0.178005 0.0457073 0.0746801
0 0.218478 0.139501 0.045604 0.0702503
0 0.326143 0.0960905 0.0478541 0.0775218
0 0.406906 0.269467 0.0456196 0.0811949
0 0.484588 0.10172 0.0421749 0.0606206
0 0.0345036 0.4564 0.0626323 0.0805997
0 0.0561154 0.108018 0.0459032 0.079694
0 0.268077 0.0746184 0.0458752 0.0719812
0 0.804671 0.168296 0.0595667 0.0797748
0 0.256432 0.252212 0.0456907 0.0770709
0 0.152981 0.229043 0.0490376 0.0772149
0 0.129812 0.383852 0.0495225 0.069871
0 0.46353 0.167195 0.0483344 0.0642902
0 0.95045 0.292181 0.0504276 0.0855777
0 0.303141 0.366667 0.0503819 0.0705724
0 0.565069 0.100623 0.0405197 0.0624421
0 0.940235 0.164545 0.0529095 0.0907575
0 0.494684 0.255231 0.0571099 0.0658987
0 0.0519541 0.262824 0.0545039 0.0853816
0 0.142373 0.295216 0.0495065 0.0768143
0 0.165514 0.107961 0.0486117 0.0856221
0 0.677187 0.161294 0.048999 0.0807004
0 0.959032 0.436489 0.0804024 0.0724508
0 0.741688 0.185075 0.0521427 0.0873043
0 0.14921 0.554558 0.0629538 0.0608664
0 0.390895 0.385155 0.0688913 0.0531943
0 0.855645 0.107158 0.0513479 0.0862257
0 0.195531 0.252806 0.0469989 0.0767931
0 0.574351 0.237863 0.0660534 0.0889658
0 0.38307 0.15814 0.0394434 0.0647807
0 0.60005 0.0706632 0.0424385 0.0691633
0 0.111516 0.145906 0.0452282 0.0653463
0 0.862711 0.571817 0.0743111 0.195536
0 0.694868 0.052679 0.0398125 0.0621712
0 0.536949 0.458428 0.0607134 0.054435
0 0.220352 0.306255 0.0546167 0.0543959
0 0.611835 0.0177022 0.0296398 0.0354043
0 0.841324 0.259693 0.0496834 0.0966302
0 0.342243 0.30757 0.0566176 0.0669888
0 0.4115 0.0729972 0.0392801 0.0645513
0 0.175498 0.486642 0.0532696 0.0736292
0 0.390456 0.0241658 0.038667 0.046347
0 0.530573 0.286876 0.049296 0.0423587
0 0.252318 0.158579 0.0420521 0.0630319
0 0.418001 0.581884 0.0654019 0.0784437
0 0.791425 0.0333572 0.0446182 0.0667143
0 0.90395 0.0673692 0.04534 0.0652472
0 0.93384 0.0815285 0.0488003 0.0627855
0 0.53858 0.33175 0.0545568 0.0428885
0 0.957119 0.237239 0.0584118 0.0515741
0 0.536838 0.200332 0.0478687 0.0838242
0 0.335202 0.235473 0.0549203 0.0530139
0 0.522681 0.0296425 0.0377317 0.050325
0 0.202644 0.20722 0.0385138 0.0482358
0 0.0233613 0.75213 0.0379073 0.145422
0 0.820751 0.0903675 0.0403988 0.0686761
0 0.85823 0.569407 0.0629068 0.116549
0 0.538714 0.413543 0.0504179 0.0386249
0 0.404229 0.577531 0.0874274 0.0675699
0 0.560478 0.0308881 0.0326947 0.0496721
0 0.978515 0.0769851 0.0283571 0.0733274
0 0.529488 0.380568 0.0530329 0.0498887
0 0.360227 0.200469 0.0499937 0.0420112
0 0.292943 0.288195 0.0372871 0.0630775
0 0.32164 0.0425688 0.0512253 0.0342131
0 0.484743 0.0149773 0.0339827 0.0295209
0 0.0181725 0.24334 0.036345 0.0857926
0 0.626812 0.185836 0.0513445 0.0635199
0 0.980197 0.541115 0.0394625 0.148876
0 0.269885 0.019069 0.0386824 0.0340487
0 0.980076 0.161237 0.0279688 0.0996722
0 0.84771 0.0430439 0.0445204 0.0491799
0 0.634192 0.0886462 0.0361352 0.0602546
0 0.553664 0.244866 0.0501392 0.0711137
0 0.12464 0.218273 0.0332063 0.0743291
0 0.248881 0.165751 0.0427624 0.0623915
0 0.642268 0.0293746 0.0376409 0.0562458
0 0.853553 0.485182 0.0664875 0.074365
0 0.890727 0.0169238 0.0389364 0.0338075
0 0.336829 0.161022 0.0352088 0.0588723
0 0.437979 0.161125 0.0295514 0.0514248
0 0.832376 0.269527 0.0474693 0.103942
0 0.583771 0.0354124 0.0293356 0.0403137
0 0.97172 0.0348835 0.0323841 0.0506008
0 0.537391 0.189644 0.0430824 0.0789161
