0 0.721332 0.555831 0.0844177 0.119266
0 0.138809 0.27078 0.0567401 0.0862034
0 0.854564 0.319566 0.0694073 0.100747
0 0.731901 0.456849 0.0528597 0.0772858
0 0.89146 0.567588 0.0792908 0.11869
0 0.0296092 0.262508 0.0590831 0.0969196
0 0.186516 0.15293 0.0534469 0.0829882
0 0.576602 0.665015 0.064901 0.0924236
0 0.716345 0.264878 0.0587097 0.090145
0 0.223552 0.058192 0.0533986 0.0727363
0 0.601808 0.339754 0.0584129 0.0971385
0 0.359569 0.76425 0.0605888 0.0899026
0 0.281325 0.376752 0.0559729 0.0906436
0 0.44269 0.481052 0.0658773 0.100733
0 0.399788 0.186608 0.044257 0.0726264
0 0.862621 0.211856 0.0602366 0.0858719
0 0.408597 0.882273 0.075861 0.0613937
0 0.487431 0.786163 0.0605902 0.0854143
0 0.580793 0.243807 0.0471932 0.0719939
0 0.147177 0.0917541 0.0536097 0.0870004
0 0.295194 0.138148 0.0603889 0.088254
0 0.118716 0.907554 0.058715 0.0445683
0 0.357678 0.520673 0.0596423 0.0918226
0 0.250023 0.462783 0.065324 0.0922633
0 0.660445 0.457825 0.0513751 0.0932066
0 0.0680068 0.199081 0.0575777 0.0867107
0 0.546745 0.773933 0.0609901 0.0889017
0 0.303453 0.0479402 0.0539872 0.0697785
0 0.0579171 0.0911065 0.0495513 0.075498
0 0.670941 0.863272 0.05196 0.0655745
0 0.658617 0.182133 0.0480049 0.0794055
0 0.213014 0.892619 0.0605526 0.0576302
0 0.609004 0.0293638 0.0521801 0.0587194
0 0.372964 0.383416 0.0540982 0.0851222
0 0.82864 0.674871 0.0704006 0.0866322
0 0.456072 0.155497 0.0404892 0.0695705
0 0.467185 0.288503 0.0470625 0.0709056
0 0.547911 0.448619 0.0576759 0.0839805
0 0.946653 0.415403 0.0641327 0.0880633
0 0.215819 0.582265 0.0603994 0.0874844
0 0.0255856 0.415401 0.0511712 0.099623
0 0.161525 0.381895 0.0573553 0.0920434
0 0.84129 0.468336 0.063969 0.0965654
0 0.0928592 0.682925 0.0563173 0.0852584
0 0.330716 0.887747 0.0579592 0.0555748
0 0.592815 0.873191 0.0581177 0.0576096
0 0.0187484 0.517047 0.036096 0.0805065
0 0.121793 0.549129 0.051856 0.0808832
0 0.443977 0.387428 0.0574028 0.0793512
0 0.97551 0.469558 0.045857 0.0979153
