0 0.891125 0.605098 0.0629715 0.0874752
0 0.631654 0.759859 0.0780186 0.103548
0 0.897601 0.790198 0.0690142 0.110346
0 0.961739 0.840101 0.0738247 0.139466
0 0.19509 0.857692 0.0844126 0.129195
0 0.366517 0.18392 0.0426671 0.0651086
0 0.590524 0.295532 0.0509539 0.0755789
0 0.590933 0.166636 0.0393986 0.0710133
0 0.72151 0.864459 0.087392 0.123086
0 0.513811 0.899669 0.0674702 0.0853611
0 0.58672 0.532271 0.0568797 0.0810862
0 0.627075 0.849469 0.0709688 0.0999086
0 0.737459 0.497644 0.0529949 0.0920289
0 0.433563 0.140586 0.0450678 0.0788118
0 0.453164 0.536153 0.0466072 0.0779907
0 0.494814 0.273273 0.0444046 0.0818383
0 0.106137 0.576103 0.0594315 0.091904
0 0.549495 0.70881 0.0656252 0.103719
0 0.453965 0.317566 0.0428877 0.063167
0 0.0864177 0.805095 0.0700551 0.101349
0 0.54992 0.240913 0.0445194 0.0829483
0 0.829247 0.36544 0.0465183 0.0763512
0 0.492717 0.183173 0.04494 0.0819382
0 0.435507 0.64825 0.0602348 0.108842
0 0.660195 0.0547718 0.0338533 0.0530636
0 0.66802 0.582446 0.0529367 0.0812755
0 0.238103 0.813366 0.0714135 0.115899
0 0.147907 0.235043 0.0499169 0.0770985
0 0.563733 0.960323 0.0604303 0.0686954
0 0.863392 0.905839 0.0720463 0.0833477
0 0.319757 0.341412 0.0445426 0.0676431
0 0.0973925 0.492995 0.046161 0.0713486
0 0.502076 0.961139 0.0632255 0.0772327
0 0.118539 0.944259 0.0533159 0.0908733
0 0.611583 0.454865 0.0508183 0.0955988
0 0.550137 0.0912486 0.0369019 0.0628936
0 0.690395 0.304405 0.0440786 0.0740979
0 0.197873 0.315582 0.0473551 0.0704102
0 0.732199 0.371535 0.0489037 0.078986
0 0.185851 0.512307 0.0496552 0.0841432
0 0.843863 0.247735 0.0405954 0.0728499
0 0.342126 0.48923 0.0450362 0.0714617
0 0.469111 0.374645 0.0464649 0.105293
0 0.332702 0.106371 0.0402898 0.052687
0 0.847838 0.475976 0.056052 0.0798273
0 0.330954 0.279762 0.0442436 0.070829
0 0.263479 0.747872 0.0617112 0.0854555
0 0.489867 0.63578 0.0529995 0.0958593
0 0.512545 0.0980697 0.0347065 0.0559275
0 0.908431 0.350159 0.0500553 0.0803594
0 0.474895 0.896012 0.0398443 0.0655489
0 0.402028 0.21649 0.041988 0.0722219
0 0.939378 0.297054 0.0581547 0.0902432
0 0.637475 0.118774 0.0357653 0.0531413
0 0.280996 0.456461 0.0422131 0.065414
0 0.135095 0.145214 0.0408619 0.0565564
0 0.432491 0.0520521 0.0380846 0.0611439
0 0.419491 0.289263 0.0403609 0.0870946
0 0.599797 0.064929 0.0349893 0.0566109
0 0.254844 0.185586 0.0373254 0.0588671
0 0.241953 0.283906 0.0440626 0.0720872
0 0.529861 0.04956 0.0438393 0.0609366
0 0.957985 0.38616 0.0591808 0.0983786
0 0.698024 0.150644 0.0478321 0.0613562
0 0.30069 0.245728 0.0382354 0.0690373
0 0.30182 0.830092 0.0609567 0.0899342
0 0.679732 0.507605 0.0462584 0.0739531
0 0.0892302 0.949954 0.0605305 0.100092
0 0.349927 0.431686 0.0405895 0.0599198
0 0.56764 0.455244 0.0429176 0.0805523
0 0.463732 0.465495 0.0382006 0.0689971
0 0.702227 0.0440203 0.0363238 0.0521485
0 0.11282 0.275654 0.0406223 0.0656518
0 0.291127 0.928437 0.0674449 0.109123
0 0.962424 0.695935 0.0592255 0.0852108
0 0.252846 0.496327 0.0420014 0.0722867
0 0.111535 0.208891 0.0413114 0.0624745
0 0.157416 0.171731 0.0408171 0.0557292
0 0.557504 0.402481 0.0448086 0.0661859
0 0.719485 0.788962 0.0773975 0.0969597
0 0.20952 0.494337 0.0403463 0.066993
0 0.65478 0.180898 0.0437193 0.0621086
0 0.39293 0.503025 0.0461983 0.0699612
0 0.58187 0.109047 0.0343155 0.0545447
0 0.791232 0.321663 0.0450676 0.0678864
0 0.755393 0.449348 0.0402255 0.0721474
0 0.263041 0.581513 0.0539735 0.0895646
0 0.360491 0.24851 0.0352131 0.0583099
0 0.179809 0.606197 0.052556 0.0934336
0 0.207498 0.608241 0.0496945 0.0891376
0 0.194257 0.199644 0.0397164 0.0664228
0 0.79288 0.0405357 0.0402695 0.056241
0 0.29023 0.297287 0.036869 0.0553501
0 0.198328 0.154115 0.0407013 0.0552892
0 0.802556 0.447085 0.051828 0.0790974
0 0.0954968 0.171978 0.0326855 0.0433048
0 0.35974 0.374853 0.0497275 0.071914
0 0.276587 0.344532 0.0489035 0.0935949
0 0.281922 0.511004 0.0437409 0.078525
0 0.417731 0.194791 0.0370175 0.0648541
0 0.0931068 0.241068 0.0304674 0.0490646
0 0.453077 0.0540659 0.0279243 0.0515876
0 0.23292 0.217311 0.0390055 0.0565662
0 0.164274 0.495966 0.0334893 0.0654053
0 0.256143 0.972796 0.0619532 0.0544083
0 0.0629257 0.838205 0.0423208 0.0944939
0 0.865681 0.0593825 0.042956 0.0633605
0 0.0680471 0.336509 0.0495128 0.069272
0 0.451396 0.266772 0.037672 0.0627281
0 0.648632 0.515409 0.0482104 0.0726615
0 0.404019 0.983294 0.0624314 0.0334117
0 0.0936996 0.961015 0.055996 0.0778074
0 0.621819 0.0800295 0.0330311 0.0478065
0 0.423697 0.555015 0.0478112 0.0831281
0 0.271995 0.332674 0.0486187 0.0824033
0 0.268778 0.319312 0.0433444 0.0618706
