0 0.78731 0.570664 0.0949888 0.140598
0 0.297984 0.608054 0.0932875 0.127956
0 0.294864 0.847849 0.0940959 0.182413
0 0.399366 0.634362 0.104235 0.147913
0 0.920828 0.556951 0.0817966 0.121275
0 0.135037 0.748671 0.0969463 0.121063
0 0.205263 0.88267 0.136444 0.18762
0 0.678074 0.758381 0.0931993 0.159414
0 0.694445 0.484942 0.0704542 0.10789
0 0.153815 0.551354 0.0815928 0.113998
0 0.635286 0.49708 0.072546 0.12521
0 0.946835 0.861311 0.105975 0.151842
0 0.613021 0.887747 0.114117 0.156876
0 0.482851 0.520049 0.0744677 0.108908
0 0.031013 0.467496 0.0619112 0.114924
0 0.910622 0.402646 0.0575005 0.087752
0 0.839063 0.477487 0.0867544 0.157571
0 0.169585 0.472362 0.0652497 0.0550692
0 0.598953 0.53047 0.0573587 0.0926065
0 0.779047 0.277759 0.0415611 0.0539339
0 0.145541 0.322992 0.0301809 0.0461828
0 0.267293 0.515768 0.0611808 0.0724165
0 0.391583 0.263969 0.0237613 0.0330191
0 0.644427 0.241639 0.0311539 0.0435008
0 0.0877237 0.378379 0.03257 0.0392681
0 0.0990973 0.445088 0.0574915 0.0880241
0 0.741934 0.205165 0.0284977 0.0435681
0 0.0968533 0.303646 0.0262864 0.0383998
0 0.261076 0.387312 0.0236446 0.0345059
0 0.122173 0.321986 0.0292103 0.040625
0 0.204924 0.282056 0.0231944 0.0341892
0 0.451317 0.22959 0.021242 0.0309217
0 0.944666 0.229632 0.0360325 0.0575367
0 0.292116 0.278758 0.0196492 0.0294918
0 0.978384 0.638204 0.0432327 0.147346
0 0.506651 0.265428 0.0263989 0.0366239
0 0.406323 0.242982 0.0203684 0.0301503
0 0.25524 0.274176 0.0200926 0.0296772
0 0.922313 0.234572 0.0351818 0.0527282
0 0.366329 0.276365 0.0228921 0.0321645
0 0.347923 0.241469 0.0199501 0.0303263
0 0.11485 0.288244 0.0213094 0.0295194
0 0.172791 0.298659 0.0239795 0.0333678
0 0.593175 0.202601 0.0270657 0.0368829
0 0.536359 0.219001 0.0233973 0.032773
0 0.506201 0.209614 0.0208698 0.0301881
0 0.561207 0.22194 0.0230537 0.0321857
0 0.332958 0.220354 0.0171305 0.0234384
0 0.15226 0.294752 0.0219518 0.0280805
0 0.43449 0.238751 0.0194155 0.0275267
0 0.0351178 0.351158 0.0333573 0.0473135
0 0.207253 0.253154 0.0192489 0.0246936
0 0.228171 0.243768 0.0164971 0.022796
0 0.807622 0.201358 0.0271843 0.0357854
0 0.0507514 0.316064 0.0240976 0.0353476
0 0.208019 0.245617 0.018073 0.0235617
0 0.447659 0.20343 0.0181046 0.024021
0 0.115226 0.25353 0.0181607 0.024325
0 0.2025 0.221502 0.0142753 0.0199292
0 0.17864 0.241473 0.0171526 0.0236625
0 0.5971 0.167013 0.0187226 0.0243137
0 0.491293 0.214886 0.0200179 0.0283945
0 0.48668 0.209883 0.0192542 0.0249906
0 0.436209 0.276555 0.0254121 0.0336783
0 0.041763 0.275431 0.022727 0.0312067
0 0.649604 0.151633 0.02043 0.0282187
0 0.321536 0.290204 0.0239972 0.0349257
0 0.0631325 0.266559 0.0197431 0.0274659
0 0.0123521 0.379805 0.0246047 0.0629799
0 0.814503 0.185932 0.0257847 0.0306362
0 0.414289 0.221238 0.0177017 0.0240843
0 0.331274 0.2523 0.0188365 0.0257014
