0 0.756408 0.375713 0.0688751 0.0968911
0 0.820695 0.487385 0.0920198 0.124593
0 0.330496 0.340688 0.0467813 0.065589
0 0.642457 0.413995 0.0614851 0.0865932
0 0.169905 0.250846 0.0477235 0.0721422
0 0.526841 0.375717 0.0585712 0.0859207
0 0.590303 0.352426 0.0421499 0.0589393
0 0.394111 0.367774 0.0487624 0.0653021
0 0.864492 0.404031 0.0579304 0.0699961
0 0.558723 0.383772 0.0409294 0.0608119
0 0.957316 0.40904 0.0853671 0.11474
0 0.309224 0.287465 0.0356873 0.0455861
0 0.46622 0.281836 0.0335705 0.0447036
0 0.508831 0.311952 0.0366727 0.0474467
0 0.424698 0.339688 0.0371229 0.0516954
0 0.0809039 0.279629 0.0317071 0.0431192
0 0.654821 0.348474 0.0459962 0.0484982
0 0.433611 0.300742 0.0316721 0.0418488
0 0.383456 0.29855 0.0341256 0.0499317
0 0.431329 0.273684 0.0272541 0.0281138
0 0.498581 0.337715 0.0395657 0.0478344
0 0.130241 0.255213 0.0288797 0.0410269
0 0.0431266 0.306586 0.0402472 0.0719141
0 0.262834 0.249692 0.0339618 0.0431828
0 0.788672 0.392447 0.0511388 0.0598357
0 0.476773 0.331463 0.0327787 0.0438395
0 0.331789 0.253278 0.0296417 0.0387495
0 0.377721 0.274909 0.0237185 0.030834
0 0.245216 0.290608 0.0468228 0.0590073
0 0.463366 0.314151 0.0398828 0.0558577
