0 0.473261 0.344852 0.0331872 0.0650762
0 0.782349 0.509279 0.0354526 0.0697832
0 0.830024 0.288758 0.0351109 0.063728
0 0.189671 0.457445 0.0295547 0.0593546
0 0.845092 0.488821 0.0319408 0.0663423
0 0.277027 0.535467 0.033741 0.07337
0 0.44054 0.304507 0.0285629 0.0503442
0 0.536678 0.518242 0.0313234 0.0632067
0 0.686355 0.497821 0.028342 0.0640064
0 0.0900286 0.408762 0.0295212 0.060894
0 0.637118 0.394798 0.0319194 0.0658266
0 0.261568 0.369108 0.0285403 0.058033
0 0.385603 0.419852 0.0325278 0.0708235
0 0.594352 0.518048 0.030107 0.0705734
0 0.407652 0.511979 0.0347657 0.0663055
0 0.241163 0.430194 0.0266805 0.0562537
0 0.537378 0.358977 0.0289036 0.0590475
0 0.214204 0.321018 0.0254108 0.044495
0 0.640913 0.523018 0.0315645 0.0683506
0 0.69092 0.318062 0.0297007 0.0604613
0 0.778469 0.306729 0.0314512 0.0661845
0 0.492588 0.530685 0.0318303 0.0657251
0 0.197621 0.384582 0.0286611 0.0591156
0 0.713639 0.512614 0.0280857 0.0595343
0 0.101457 0.351881 0.0296782 0.0562192
0 0.327144 0.436947 0.0386694 0.0680576
0 0.355207 0.265291 0.0284818 0.0491892
0 0.667242 0.274297 0.0274486 0.0581538
0 0.863002 0.274772 0.0295101 0.0561003
0 0.703348 0.375342 0.0304595 0.0633834
0 0.047367 0.367568 0.0303804 0.0667655
0 0.585922 0.257772 0.0292156 0.0580661
0 0.747607 0.3683 0.0322548 0.07306
0 0.374893 0.322764 0.0318108 0.0560867
0 0.141661 0.447324 0.0309449 0.0584008
0 0.824034 0.372067 0.0311501 0.067799
0 0.891249 0.311189 0.0311382 0.0622874
0 0.326058 0.375741 0.0299171 0.057991
0 0.436045 0.362515 0.0313309 0.0616421
0 0.454059 0.493283 0.0313149 0.063546
0 0.158916 0.341993 0.0308388 0.0567853
0 0.652115 0.3349 0.0282482 0.0599827
0 0.0959796 0.541635 0.036682 0.0663868
0 0.527421 0.25077 0.0274401 0.059559
0 0.335579 0.343556 0.0267325 0.0504393
0 0.258134 0.311016 0.0263193 0.0455361
0 0.798154 0.229618 0.0341354 0.069358
0 0.0773011 0.374318 0.0243078 0.0482901
0 0.586218 0.355046 0.0269654 0.0538325
