0 0.436892 0.642346 0.0562598 0.0976275
0 0.288258 0.643271 0.0531719 0.0843692
0 0.942787 0.900005 0.110614 0.19999
0 0.874718 0.644305 0.0616446 0.116735
0 0.485656 0.631182 0.0453625 0.0734583
0 0.673474 0.631806 0.0514694 0.0717981
0 0.494179 0.555616 0.0228493 0.0391676
0 0.218629 0.60078 0.0192713 0.0269368
0 0.776879 0.622529 0.0440971 0.0744338
0 0.946751 0.565164 0.0308704 0.0460609
0 0.972324 0.536326 0.0265841 0.0411877
0 0.0304923 0.75639 0.0609846 0.15998
0 0.889989 0.529702 0.0395788 0.0555333
0 0.107103 0.629444 0.0339983 0.0437754
0 0.221417 0.555478 0.018116 0.0299488
0 0.751659 0.52218 0.0186622 0.0289627
0 0.0873829 0.767191 0.0555258 0.0796494
0 0.434598 0.568224 0.0197678 0.0282022
0 0.727382 0.517231 0.017948 0.0275947
0 0.683603 0.497692 0.0158697 0.0257757
0 0.163039 0.568251 0.0372516 0.0483353
0 0.58529 0.520858 0.0192709 0.0280104
0 0.830105 0.539478 0.0287796 0.0404926
0 0.9854 0.633468 0.0291998 0.0875246
0 0.538835 0.519639 0.0181786 0.02703
0 0.0286844 0.718005 0.0569534 0.0873928
0 0.243759 0.858138 0.101911 0.17199
0 0.247391 0.535013 0.0148064 0.0212881
0 0.396488 0.553087 0.017311 0.0266304
0 0.609117 0.499552 0.0184547 0.0299547
0 0.47054 0.50503 0.0123568 0.0186966
0 0.544024 0.490059 0.0168051 0.023995
0 0.648895 0.486969 0.0145828 0.0243965
0 0.220464 0.522532 0.0124379 0.0193542
0 0.794482 0.459636 0.0127934 0.0192469
0 0.503129 0.48284 0.0130035 0.0175205
0 0.156939 0.529387 0.0186263 0.0268378
0 0.455417 0.479608 0.010822 0.0155083
0 0.981639 0.470284 0.0139706 0.0220203
0 0.316546 0.524137 0.0123577 0.0188364
0 0.582645 0.496711 0.0144047 0.0199611
0 0.369163 0.483642 0.0115613 0.0181799
0 0.977375 0.494889 0.0176449 0.0256441
0 0.0697711 0.543034 0.0149204 0.0212771
0 0.495311 0.504567 0.0180185 0.0258425
0 0.953202 0.486802 0.0188263 0.0260292
0 0.707414 0.456749 0.0101395 0.0161292
0 0.664225 0.487837 0.0142721 0.0250544
0 0.342449 0.506994 0.0123443 0.0184102
0 0.53042 0.472594 0.0110764 0.0174148
0 0.729618 0.453231 0.0101933 0.0147749
0 0.342152 0.492661 0.0109439 0.0158201
0 0.713479 0.491201 0.0134327 0.021217
0 0.242133 0.482859 0.0105891 0.0152437
0 0.46222 0.48828 0.0123423 0.0186666
