0 0.569156 0.537933 0.0300144 0.0434282
0 0.235767 0.285871 0.0261189 0.0416374
0 0.116761 0.405457 0.0282001 0.041433
0 0.613338 0.505966 0.0278358 0.0409589
0 0.180717 0.46816 0.0276189 0.0419472
0 0.232753 0.33476 0.0263358 0.0398649
0 0.501224 0.622349 0.0308232 0.0477887
0 0.616799 0.790831 0.0304374 0.0408403
0 0.798263 0.645462 0.0266321 0.035676
0 0.306662 0.653498 0.0282848 0.0434042
0 0.269666 0.226617 0.0255794 0.0411997
0 0.172051 0.334616 0.0268252 0.0439907
0 0.690556 0.39066 0.0276377 0.0408269
0 0.129349 0.469144 0.0276836 0.041372
0 0.0632772 0.570056 0.0293721 0.04246
0 0.507362 0.216164 0.0242451 0.0410619
0 0.159172 0.416483 0.0274507 0.0430085
0 0.280425 0.351749 0.0286988 0.0460085
0 0.222002 0.541488 0.0283304 0.03897
0 0.589825 0.259805 0.0245284 0.0392587
0 0.755422 0.793076 0.0296453 0.0413038
0 0.217107 0.221758 0.0263478 0.0420736
0 0.312824 0.286171 0.0257731 0.0417158
0 0.723103 0.914141 0.0336055 0.0504017
0 0.754865 0.118671 0.0231974 0.0361777
0 0.212614 0.145337 0.0268137 0.0397079
0 0.32999 0.393602 0.0277231 0.0415403
0 0.429846 0.42475 0.0282757 0.0416246
0 0.144531 0.118804 0.0231536 0.0334987
0 0.499645 0.321395 0.0259975 0.0426863
0 0.653978 0.479563 0.0267132 0.0396224
0 0.778528 0.210128 0.0248411 0.0371992
0 0.692458 0.845144 0.0308089 0.0432535
0 0.484229 0.4436 0.0251463 0.04118
0 0.335945 0.535491 0.0271886 0.0404778
0 0.443039 0.58741 0.0291271 0.044471
0 0.140032 0.24942 0.0271922 0.0418689
0 0.739702 0.8458 0.0308927 0.0456627
0 0.950697 0.889623 0.0301312 0.0416492
0 0.152848 0.156785 0.0255016 0.0407016
0 0.0274131 0.636434 0.0283678 0.0490124
0 0.919203 0.729156 0.0274166 0.0362182
0 0.399327 0.768286 0.0294364 0.0405994
0 0.382552 0.185291 0.0236545 0.0376169
0 0.450418 0.0649005 0.0251936 0.0367748
0 0.294228 0.75547 0.0291671 0.0411466
0 0.641782 0.627429 0.0275344 0.038694
0 0.202522 0.425512 0.0251022 0.0388278
0 0.595768 0.423818 0.0256931 0.0396687
0 0.631713 0.695464 0.0278212 0.0420676
0 0.164842 0.786237 0.027898 0.0400639
0 0.36343 0.218498 0.0265042 0.0403956
0 0.842289 0.673384 0.0288998 0.0408714
0 0.131187 0.189568 0.0244062 0.0383221
0 0.779006 0.254966 0.0240614 0.0368367
0 0.105916 0.300402 0.025771 0.0375542
0 0.193462 0.797971 0.0271219 0.0390103
0 0.135181 0.071879 0.0249908 0.0325785
0 0.360064 0.630456 0.028546 0.0455648
0 0.0502149 0.446599 0.0275552 0.0399929
0 0.879793 0.846513 0.0259695 0.0371864
0 0.405796 0.676616 0.0276511 0.0397963
0 0.734623 0.215538 0.0219769 0.0346205
0 0.22384 0.670747 0.0295147 0.0421181
0 0.597198 0.649964 0.0297964 0.0442583
0 0.889101 0.512667 0.0292191 0.0404535
0 0.242888 0.386673 0.0283759 0.0459629
0 0.209572 0.365004 0.0259604 0.0416307
0 0.217242 0.487437 0.0281971 0.0431889
0 0.559361 0.428386 0.0275326 0.0411193
0 0.326861 0.155299 0.0244567 0.0371299
0 0.860786 0.111937 0.023789 0.0370494
0 0.54459 0.243173 0.0230715 0.0345467
0 0.303659 0.441822 0.0268548 0.0409655
0 0.671861 0.543147 0.0284142 0.0418784
0 0.542659 0.28649 0.0254227 0.0445446
0 0.775134 0.68872 0.0283602 0.0399025
0 0.452247 0.736344 0.0269504 0.0387772
0 0.622095 0.836589 0.0306032 0.0443878
0 0.755959 0.485929 0.0263209 0.0385282
0 0.638268 0.267059 0.024071 0.0388949
0 0.615481 0.0940967 0.0245644 0.0423396
0 0.297944 0.174981 0.0251956 0.0383218
0 0.866166 0.333675 0.024547 0.0373143
0 0.041471 0.20865 0.0245373 0.0388288
0 0.478892 0.111696 0.0251881 0.0397669
0 0.487441 0.812338 0.0293298 0.0460269
0 0.419734 0.52846 0.0252046 0.0385817
0 0.445451 0.308333 0.026701 0.0396381
0 0.520604 0.570411 0.0270479 0.0420749
0 0.836156 0.808936 0.0314117 0.0438148
0 0.0663587 0.864161 0.0253028 0.0430328
0 0.551977 0.0763825 0.0249533 0.0387042
0 0.233853 0.897941 0.0312118 0.0423416
0 0.702297 0.236554 0.0237077 0.0385376
0 0.243365 0.755364 0.0301825 0.0439244
0 0.319107 0.595526 0.0268446 0.0427712
0 0.685467 0.0636325 0.0218935 0.0342682
0 0.606578 0.0461314 0.022389 0.0359489
0 0.00971009 0.381552 0.0194202 0.0356093
0 0.910866 0.893062 0.0313044 0.0453056
0 0.721733 0.436537 0.0257343 0.037208
0 0.749765 0.0792051 0.0224653 0.0356214
0 0.66673 0.912171 0.0361467 0.0473774
0 0.662396 0.0496572 0.0226465 0.0365295
0 0.075867 0.772854 0.0280003 0.0396198
0 0.286787 0.679761 0.0287115 0.0425315
0 0.0435293 0.103967 0.0230934 0.0346153
0 0.429787 0.490248 0.0240577 0.0382271
0 0.444461 0.156522 0.0241375 0.0394176
0 0.0938508 0.525458 0.0284285 0.0417618
0 0.361338 0.338462 0.0259196 0.0424502
0 0.19517 0.739976 0.0266209 0.0378124
0 0.13475 0.63469 0.0266623 0.0381141
0 0.522326 0.438722 0.0277821 0.0441797
0 0.652971 0.800049 0.0303772 0.0425259
0 0.698824 0.694726 0.0295583 0.0419245
0 0.0525905 0.278283 0.0262052 0.0408535
0 0.83586 0.760583 0.0279251 0.0371074
0 0.506787 0.512378 0.0275351 0.0422518
0 0.669504 0.12416 0.0228446 0.0356188
0 0.920482 0.461055 0.0273964 0.0386662
0 0.930453 0.683339 0.0289865 0.036762
0 0.751478 0.16677 0.0241937 0.0384918
0 0.862494 0.859315 0.0286293 0.0399429
0 0.635925 0.0757134 0.0246326 0.0385595
0 0.846288 0.148243 0.0229733 0.0357076
0 0.51623 0.878024 0.0301783 0.043976
0 0.100649 0.358975 0.026217 0.0412881
0 0.730377 0.262758 0.0247193 0.0391208
0 0.558312 0.275072 0.0237288 0.0395382
0 0.384597 0.131827 0.0234174 0.0385983
0 0.846506 0.0340288 0.0226925 0.0337946
0 0.949554 0.364273 0.025098 0.0352507
0 0.716269 0.770987 0.0268827 0.0402643
0 0.0803038 0.159671 0.022508 0.0355545
0 0.784532 0.475194 0.0261612 0.0383039
0 0.862874 0.629125 0.0279068 0.0386835
0 0.353482 0.827854 0.0294353 0.0405754
0 0.537773 0.547908 0.0262482 0.0419226
0 0.945095 0.571663 0.0288092 0.0404123
0 0.49081 0.388815 0.025607 0.0421958
0 0.471258 0.193443 0.0254265 0.0416128
0 0.991356 0.565805 0.0172872 0.0371382
0 0.819229 0.10216 0.0251873 0.0370974
0 0.147819 0.689112 0.0281874 0.0394824
0 0.810339 0.839564 0.027009 0.0416185
0 0.527471 0.0341025 0.0228802 0.0392011
0 0.244372 0.831123 0.0287965 0.0420971
0 0.00950619 0.279807 0.0190124 0.0354807
0 0.0269189 0.515433 0.0269579 0.0417837
0 0.924006 0.10362 0.0247562 0.0381738
0 0.414277 0.384559 0.0261926 0.0394917
0 0.722308 0.119536 0.0229445 0.0359723
0 0.883454 0.0791501 0.0225855 0.0348849
0 0.582553 0.737269 0.0275333 0.0398891
0 0.246519 0.580833 0.0292468 0.0439936
0 0.724622 0.0626111 0.0229963 0.0366678
0 0.281084 0.0603466 0.0268592 0.0485208
0 0.703397 0.448731 0.0262161 0.0407673
0 0.408854 0.277161 0.0258698 0.03914
0 0.821667 0.164532 0.0240337 0.0368384
0 0.722557 0.574727 0.0289296 0.0407999
0 0.385225 0.562972 0.0276213 0.043897
0 0.619996 0.457514 0.0274791 0.0420742
0 0.225137 0.0756493 0.0245361 0.0375967
0 0.453849 0.111973 0.023494 0.0373864
0 0.162602 0.563899 0.0253845 0.0368649
0 0.191576 0.154592 0.0250629 0.0396574
0 0.356908 0.980651 0.0339919 0.038406
0 0.786793 0.739801 0.0268499 0.0375851
0 0.937187 0.314391 0.024729 0.0369044
0 0.85333 0.454431 0.026433 0.037429
0 0.725253 0.164194 0.0249681 0.0390464
0 0.670725 0.595496 0.0256716 0.0362176
0 0.556793 0.207861 0.0241964 0.040769
0 0.359106 0.142656 0.0218481 0.0337311
0 0.182574 0.275147 0.0270402 0.0422626
0 0.692715 0.648294 0.0283768 0.0412325
0 0.404462 0.0226446 0.0230592 0.0279973
0 0.377836 0.272183 0.0259076 0.0396675
0 0.331859 0.0782103 0.0234581 0.0382801
0 0.348228 0.351914 0.0235838 0.0378551
0 0.681389 0.0928783 0.0219019 0.0338398
0 0.572406 0.0283597 0.0226072 0.0361532
0 0.66665 0.30142 0.0236254 0.036059
0 0.959515 0.303562 0.024197 0.0358222
0 0.154697 0.490874 0.0266981 0.0402338
0 0.703679 0.0381092 0.0231323 0.0361119
0 0.930518 0.434077 0.0259357 0.0360628
0 0.0188468 0.157747 0.0224698 0.0341321
0 0.903556 0.315997 0.0248135 0.0362937
0 0.30555 0.823454 0.0273986 0.0414494
0 0.499374 0.275718 0.0246515 0.0385282
0 0.135874 0.549361 0.0269892 0.0389171
0 0.97191 0.440536 0.0257355 0.0363709
0 0.375485 0.521296 0.0257932 0.0386307
0 0.126975 0.303216 0.0258647 0.0401098
0 0.732667 0.537348 0.0265629 0.035907
0 0.761065 0.0181294 0.0238957 0.0353052
0 0.483343 0.174614 0.0253712 0.0418744
0 0.66281 0.228889 0.0250026 0.0398518
0 0.896975 0.0338697 0.0216991 0.0331403
0 0.304666 0.932524 0.0339464 0.0482388
0 0.563908 0.834311 0.0316572 0.0453167
0 0.581053 0.146002 0.0245045 0.0412746
0 0.246825 0.145641 0.0255986 0.0410887
0 0.62465 0.0185524 0.022608 0.0354871
0 0.308348 0.224965 0.0252088 0.036925
0 0.180422 0.0573026 0.0232583 0.0219009
0 0.43105 0.0271584 0.0238421 0.0355985
0 0.470067 0.355972 0.0260305 0.0445876
0 0.913425 0.607948 0.0278013 0.0414563
0 0.0279855 0.401546 0.0252147 0.0382541
0 0.552029 0.732543 0.0268799 0.0389236
0 0.0567241 0.361284 0.0252351 0.038353
0 0.988725 0.677907 0.0225506 0.042025
0 0.790948 0.16585 0.0216665 0.0363817
0 0.405569 0.0990615 0.0224059 0.036255
0 0.483111 0.96448 0.0283185 0.0422255
0 0.667926 0.452579 0.0258167 0.0406193
0 0.461009 0.256161 0.0265024 0.0419335
0 0.804508 0.166019 0.0224278 0.0370473
0 0.321536 0.507898 0.0248223 0.0378237
0 0.256647 0.175061 0.0245016 0.0369109
0 0.688477 0.0118884 0.0228319 0.02376
0 0.523919 0.202794 0.0234123 0.0379944
0 0.881605 0.47657 0.0262199 0.0364019
0 0.91853 0.796624 0.0280169 0.0393915
0 0.231029 0.975302 0.0293352 0.0418854
0 0.772745 0.573605 0.0275877 0.0393396
0 0.318735 0.980924 0.0332168 0.0381515
0 0.656731 0.339237 0.0239574 0.036524
0 0.452399 0.035309 0.024612 0.0343986
0 0.561857 0.894532 0.0293905 0.0420471
0 0.96391 0.741761 0.0305141 0.0396492
0 0.0896444 0.120477 0.0236515 0.0343387
0 0.882286 0.0322456 0.0226139 0.0328044
0 0.0390207 0.712348 0.0217164 0.0430645
0 0.414032 0.318735 0.0248449 0.0396504
0 0.457188 0.424635 0.0259486 0.0382893
0 0.906049 0.164969 0.023296 0.0355288
0 0.527326 0.3751 0.0268101 0.0442843
0 0.791349 0.390424 0.0251846 0.0370289
0 0.110336 0.945407 0.0322544 0.0421003
0 0.807717 0.00864855 0.0225292 0.0172971
0 0.717634 0.335874 0.0231959 0.0320683
0 0.585263 0.0782723 0.0216738 0.0338581
0 0.55905 0.197928 0.0248774 0.0404766
0 0.512335 0.141355 0.0246229 0.0399881
0 0.917384 0.0241962 0.0191315 0.0346259
0 0.253704 0.47521 0.024813 0.0371145
0 0.504273 0.274476 0.0245889 0.0381677
0 0.556419 0.802228 0.0267241 0.0313765
0 0.11211 0.799121 0.0305239 0.0422628
0 0.908652 0.116167 0.0235044 0.03618
0 0.523816 0.114302 0.0240116 0.0377222
0 0.639276 0.188525 0.0245016 0.0382921
0 0.252688 0.0488695 0.02366 0.0270741
0 0.364971 0.560022 0.0262118 0.0425352
0 0.484691 0.168925 0.0256847 0.0407051
0 0.751246 0.691727 0.0245891 0.0354935
0 0.364339 0.711563 0.0286486 0.0415264
0 0.817849 0.07543 0.0245571 0.0328169
0 0.772053 0.751178 0.0261351 0.0373341
0 0.382954 0.405818 0.0265779 0.0411171
0 0.792531 0.017774 0.0244726 0.0345306
0 0.506101 0.0194573 0.0234467 0.0358175
0 0.20216 0.0700692 0.0233558 0.0351316
0 0.812185 0.44618 0.0265689 0.0375843
0 0.433349 0.22596 0.0233891 0.0390012
0 0.779812 0.0777792 0.0229994 0.0368707
0 0.953057 0.715037 0.0268827 0.0294729
0 0.0143327 0.184768 0.0221727 0.037313
0 0.225695 0.428805 0.0250242 0.0380894
0 0.922659 0.224115 0.0243765 0.0372172
0 0.513203 0.147736 0.0245919 0.0389398
0 0.550063 0.0712572 0.0246483 0.0396499
0 0.580741 0.376099 0.0262289 0.0402735
0 0.926321 0.67823 0.0279604 0.0355213
0 0.663603 0.0142813 0.021232 0.0285626
0 0.246388 0.232172 0.0246146 0.0397886
0 0.535285 0.485469 0.0260183 0.04074
0 0.85409 0.00605912 0.0228245 0.0119626
0 0.591392 0.93183 0.0331831 0.044718
0 0.556721 0.127511 0.0254501 0.041263
0 0.976374 0.388137 0.0254478 0.0364198
0 0.355056 0.728833 0.0270995 0.0372117
0 0.916094 0.372215 0.0259138 0.0367724
0 0.41596 0.182178 0.0234766 0.0362103
0 0.670638 0.455829 0.025506 0.0402968
0 0.722205 0.365109 0.0250124 0.0354054
0 0.654523 0.961027 0.0372423 0.0391762
0 0.321372 0.0407859 0.0224113 0.0303158
0 0.428991 0.126975 0.0240665 0.0393268
0 0.50763 0.0988536 0.0246508 0.0387629
0 0.277055 0.51126 0.0255304 0.0381987
0 0.771542 0.586782 0.0263234 0.0399501
0 0.471225 0.346787 0.0273378 0.0430754
0 0.494499 0.700807 0.0259298 0.038194
