0 0.284139 0.757891 0.11582 0.18488
0 0.326093 0.577816 0.118337 0.191817
0 0.631968 0.146839 0.0855742 0.158999
0 0.870936 0.5116 0.119801 0.220838
0 0.862102 0.230634 0.0940718 0.183471
0 0.47628 0.443954 0.0952135 0.154749
0 0.291057 0.901971 0.12465 0.137901
0 0.757151 0.417507 0.106218 0.180899
0 0.696218 0.246761 0.0819867 0.172496
0 0.187176 0.854521 0.118818 0.170218
0 0.294265 0.40887 0.0916047 0.135094
0 0.440596 0.302597 0.0868994 0.155322
0 0.331361 0.264184 0.0834787 0.14518
0 0.22794 0.366925 0.0935318 0.150468
0 0.164593 0.611516 0.138512 0.230093
0 0.566963 0.150158 0.0658907 0.112895
0 0.689642 0.583194 0.104709 0.160622
0 0.61047 0.717672 0.147215 0.22624
0 0.380545 0.393673 0.0851786 0.12479
0 0.611487 0.466877 0.100872 0.206271
0 0.234646 0.221957 0.0854414 0.130564
0 0.964629 0.168473 0.0707425 0.14773
0 0.793956 0.227181 0.0800166 0.133952
0 0.778304 0.947021 0.110495 0.105958
0 0.596092 0.255325 0.0694616 0.114909
0 0.776626 0.578826 0.0825337 0.138531
0 0.529375 0.261968 0.0830342 0.115434
0 0.470774 0.110405 0.0765483 0.133669
0 0.742308 0.156396 0.0737829 0.148904
0 0.102906 0.275138 0.106829 0.168319
0 0.100811 0.492211 0.102578 0.170936
0 0.396026 0.621831 0.0795045 0.153515
0 0.815883 0.430359 0.0777533 0.131296
0 0.380263 0.857993 0.092186 0.173172
0 0.546685 0.427343 0.0995613 0.223859
0 0.287829 0.188357 0.0742147 0.152213
0 0.159699 0.20451 0.0763085 0.112133
0 0.174859 0.120757 0.062928 0.0927143
0 0.707996 0.884178 0.13457 0.228223
0 0.0458792 0.592501 0.0907463 0.26928
0 0.0421972 0.867452 0.084015 0.0955296
0 0.799688 0.803947 0.10216 0.171704
0 0.935935 0.571706 0.104057 0.176084
0 0.224879 0.102064 0.0537916 0.080837
0 0.118148 0.0547527 0.0734624 0.109505
0 0.619046 0.936003 0.146651 0.127994
0 0.882309 0.845518 0.139137 0.282063
0 0.78405 0.127899 0.0648748 0.113149
0 0.665839 0.463201 0.0773136 0.151817
0 0.762797 0.705343 0.0646943 0.143173
0 0.430462 0.0761927 0.061684 0.11727
0 0.343719 0.105536 0.0689894 0.086466
0 0.971476 0.307776 0.0570482 0.137723
0 0.461758 0.938937 0.143651 0.107199
0 0.707214 0.697178 0.106161 0.144584
0 0.612253 0.0577465 0.0612187 0.0896733
0 0.540055 0.0529675 0.0702702 0.0977119
0 0.344806 0.0389717 0.0808949 0.0779435
0 0.155556 0.291783 0.0599909 0.0841957
0 0.968956 0.605775 0.0619905 0.190191
0 0.0414357 0.348308 0.0726623 0.202956
0 0.402499 0.225378 0.0671394 0.137417
0 0.905827 0.122066 0.0674244 0.102576
0 0.657574 0.253739 0.0532927 0.090711
0 0.502613 0.799415 0.0823662 0.124053
0 0.948082 0.419766 0.0860847 0.12178
0 0.894255 0.300498 0.0646 0.100563
0 0.182508 0.0410593 0.0728139 0.0821186
0 0.510967 0.304116 0.0699768 0.0863661
0 0.39519 0.0394201 0.0725815 0.0788401
0 0.800913 0.651427 0.0586735 0.0873186
0 0.712316 0.0651946 0.0495789 0.0659487
0 0.077726 0.158515 0.0538837 0.133429
0 0.341556 0.7563 0.0793139 0.178599
0 0.714993 0.349483 0.0515798 0.0708059
0 0.0821669 0.141433 0.0478276 0.108624
0 0.507214 0.158866 0.0605131 0.121236
0 0.706147 0.346532 0.04951 0.0722675
0 0.273498 0.0991866 0.051486 0.0705499
0 0.853948 0.0991508 0.0554228 0.0738476
0 0.412629 0.209408 0.0661121 0.117313
0 0.505217 0.580961 0.060006 0.0915039
0 0.281053 0.0952194 0.0548394 0.0682353
0 0.248177 0.0216 0.0705989 0.0432
0 0.329017 0.773107 0.0638627 0.138648
0 0.513086 0.144079 0.0551658 0.0930161
0 0.382339 0.542524 0.0907174 0.161833
