0 0.15981 0.820036 0.0459654 0.0792228
0 0.568567 0.615895 0.0412065 0.0559053
0 0.805853 0.659438 0.042453 0.0642233
0 0.189036 0.613403 0.0378746 0.05909
0 0.656945 0.758644 0.0397375 0.0584805
0 0.418216 0.474883 0.0391822 0.058452
0 0.680395 0.669923 0.0453619 0.0683773
0 0.411989 0.358764 0.0337695 0.0509714
0 0.561007 0.700034 0.0429013 0.0623652
0 0.329191 0.384935 0.0328017 0.0517257
0 0.61441 0.443345 0.0348663 0.0541455
0 0.417923 0.734313 0.0381365 0.059848
0 0.898914 0.417446 0.0313591 0.0495905
0 0.732082 0.512417 0.0382019 0.0614893
0 0.485941 0.632415 0.0332859 0.0529556
0 0.951698 0.533819 0.0377594 0.0526711
0 0.399308 0.606361 0.0357647 0.0578249
0 0.738706 0.312106 0.0324764 0.0539877
0 0.936771 0.739452 0.0456173 0.0693611
0 0.445955 0.880806 0.0509131 0.0587376
0 0.271711 0.677682 0.0396474 0.0629974
0 0.278823 0.519506 0.0376163 0.0653746
0 0.919639 0.628028 0.0402912 0.0604774
0 0.574471 0.489017 0.0381033 0.0628309
0 0.0623626 0.727767 0.0471726 0.0768902
0 0.529251 0.301003 0.0336481 0.0504705
0 0.603558 0.33933 0.0341364 0.0524707
0 0.42911 0.823381 0.041031 0.0561813
0 0.687492 0.586059 0.0386407 0.0564745
0 0.824745 0.482188 0.0357164 0.0544337
0 0.809419 0.561475 0.0390818 0.0587534
0 0.0746101 0.529325 0.0367474 0.0654163
0 0.76721 0.416997 0.0321821 0.0500334
0 0.882223 0.540144 0.0402142 0.0507931
0 0.686925 0.860184 0.0507875 0.0761982
0 0.941799 0.446347 0.0354214 0.0540473
0 0.199693 0.463169 0.0338614 0.0476717
0 0.521409 0.870855 0.0505341 0.065987
0 0.517178 0.36156 0.0334108 0.0492002
0 0.302495 0.769269 0.0359467 0.060168
0 0.824377 0.334938 0.0302101 0.0467058
0 0.654949 0.52853 0.0385272 0.0578323
0 0.673575 0.448139 0.0319841 0.0506659
0 0.459144 0.408846 0.0293023 0.0462857
0 0.345967 0.258046 0.0308399 0.0423762
0 0.935872 0.209056 0.0267799 0.0405651
0 0.147547 0.323679 0.0309344 0.0465822
0 0.168908 0.537998 0.033721 0.0545845
0 0.0936678 0.456514 0.0363296 0.0556429
0 0.929927 0.344107 0.0317923 0.0519549
0 0.170697 0.672005 0.040506 0.0705084
0 0.306568 0.135462 0.0260019 0.0405715
0 0.780982 0.271583 0.0288685 0.0475616
0 0.317046 0.638518 0.041431 0.0696011
0 0.108963 0.817274 0.0426278 0.0678461
0 0.974285 0.661673 0.0373768 0.0597649
0 0.787449 0.374067 0.0279318 0.041027
0 0.663542 0.213335 0.027344 0.0419859
0 0.182564 0.280839 0.0308722 0.0434859
0 0.621866 0.100143 0.0297951 0.0423155
0 0.391007 0.130237 0.0270278 0.0378504
0 0.808311 0.269922 0.0256395 0.0396762
0 0.0773569 0.313805 0.0308797 0.0460965
0 0.212233 0.232772 0.0286913 0.0446797
0 0.262273 0.174828 0.0261108 0.0391807
0 0.036412 0.888769 0.0426757 0.0678856
0 0.854534 0.214255 0.0276272 0.0420795
0 0.817357 0.191074 0.026384 0.0417033
0 0.0388135 0.658492 0.0374152 0.0592934
0 0.0318587 0.529541 0.0349773 0.0559429
0 0.279276 0.442863 0.0361607 0.0546658
0 0.205857 0.38247 0.0290339 0.0366271
0 0.267707 0.77862 0.0328081 0.0649443
0 0.27645 0.243187 0.0300294 0.0457188
0 0.496035 0.0469134 0.0244371 0.0337182
0 0.374961 0.20839 0.0276865 0.0436665
0 0.737082 0.201821 0.0269407 0.0445045
0 0.225316 0.331976 0.0285157 0.0476456
0 0.279408 0.108094 0.0264679 0.0380255
0 0.0412249 0.190831 0.0274837 0.0427936
0 0.609975 0.292451 0.031011 0.0408602
0 0.342964 0.207127 0.0261413 0.0406511
0 0.913338 0.300409 0.0282814 0.0359877
0 0.110372 0.411288 0.0305371 0.0437814
0 0.904175 0.176676 0.0278763 0.0406651
0 0.481962 0.295949 0.0305002 0.0437547
0 0.959784 0.490851 0.0344812 0.0382326
0 0.725764 0.0611203 0.0247892 0.0322266
0 0.0959959 0.20007 0.0282269 0.0415192
0 0.878961 0.814696 0.0404984 0.0568035
0 0.249562 0.136584 0.025673 0.0366388
0 0.686627 0.16454 0.0248852 0.0362039
0 0.186115 0.230882 0.0266895 0.0392275
0 0.605696 0.207326 0.027445 0.0382624
0 0.979849 0.40622 0.0328751 0.0579726
0 0.497977 0.478716 0.0302546 0.0451398
0 0.711586 0.230602 0.0261388 0.0443816
0 0.183886 0.129813 0.030101 0.0427201
0 0.705752 0.0360177 0.022043 0.0317413
0 0.784954 0.186246 0.0268675 0.0386155
0 0.315501 0.327116 0.0317455 0.0375283
0 0.758149 0.0130275 0.0217649 0.0260551
0 0.148788 0.163109 0.0304494 0.0478575
0 0.383121 0.287394 0.0295184 0.0413395
0 0.45048 0.0332914 0.0224634 0.0326847
0 0.247047 0.296577 0.0279438 0.0415163
0 0.867265 0.340674 0.0308369 0.0473508
0 0.50583 0.132363 0.0221025 0.0324693
0 0.893131 0.274109 0.0289185 0.0373243
0 0.388744 0.0927537 0.023431 0.0322679
0 0.419482 0.570476 0.0328582 0.0409466
0 0.556251 0.129455 0.0246805 0.0376015
0 0.546722 0.172365 0.0262465 0.0375555
0 0.809673 0.427423 0.032935 0.0419796
0 0.299198 0.214353 0.0284614 0.044319
0 0.342816 0.115822 0.0250597 0.0349328
0 0.670919 0.279623 0.0333987 0.047511
0 0.126139 0.241842 0.0296083 0.042218
0 0.0480283 0.267947 0.0294786 0.042424
0 0.891124 0.0167834 0.0238991 0.0333382
0 0.407217 0.319445 0.0317904 0.0358255
0 0.444502 0.204238 0.0258987 0.0362576
0 0.212528 0.180322 0.0281259 0.0424191
0 0.617959 0.160263 0.0255098 0.0411195
0 0.807951 0.0147109 0.0222961 0.0292362
0 0.78044 0.0951879 0.0220922 0.0318909
0 0.563038 0.4043 0.0329271 0.0508641
0 0.504098 0.205976 0.0286846 0.0346267
0 0.897582 0.076765 0.0227135 0.0333763
0 0.30629 0.293098 0.0285281 0.0347695
0 0.0541434 0.236577 0.0305354 0.0385312
0 0.403804 0.178354 0.0271615 0.0397454
0 0.681934 0.390356 0.0255562 0.0340675
0 0.842632 0.0385011 0.0217876 0.0315679
0 0.318442 0.098396 0.0245542 0.0348228
0 0.789047 0.227782 0.0266724 0.0368326
0 0.103182 0.365241 0.0323508 0.0424069
0 0.919016 0.123785 0.0273537 0.0388584
0 0.798468 0.0810668 0.0226835 0.0334389
0 0.789305 0.611394 0.0261133 0.0330564
0 0.659593 0.164727 0.024159 0.0356256
0 0.653819 0.0290995 0.0237249 0.0307616
0 0.407442 0.272743 0.0282506 0.0403467
0 0.600196 0.243895 0.0284985 0.039152
0 0.656479 0.392873 0.0269376 0.0355359
0 0.493293 0.255444 0.0269846 0.0386476
0 0.49037 0.162589 0.0269642 0.0382781
0 0.41423 0.0181235 0.0203905 0.0292353
0 0.817974 0.15451 0.0268436 0.0289161
0 0.196117 0.420187 0.030298 0.0292402
0 0.990739 0.60957 0.0185211 0.0581177
0 0.531719 0.263234 0.0287341 0.0312034
0 0.970085 0.0351311 0.0257984 0.0394797
0 0.550821 0.554394 0.0327431 0.0459255
0 0.85938 0.123464 0.0276762 0.039111
0 0.967759 0.0927379 0.0294983 0.0428536
0 0.395041 0.0272769 0.019623 0.0301175
0 0.767475 0.12992 0.0252906 0.0387505
0 0.7087 0.00993221 0.0192579 0.0198644
0 0.433972 0.125786 0.0258644 0.0369713
0 0.00659328 0.320433 0.0131866 0.05127
0 0.779058 0.155526 0.024214 0.0256734
0 0.381731 0.0154241 0.0203394 0.0250095
0 0.00811733 0.110711 0.016175 0.0421256
0 0.0822636 0.0249502 0.028469 0.0218763
0 0.956201 0.0142471 0.0230965 0.0284942
0 0.534735 0.207199 0.0260677 0.0378042
0 0.845455 0.844506 0.043494 0.0591774
0 0.916056 0.073575 0.0232361 0.0323779
0 0.682033 0.238374 0.0270132 0.0289541
0 0.815932 0.127902 0.0237652 0.0281055
0 0.58085 0.037438 0.0234139 0.0341697
0 0.992549 0.739177 0.0149027 0.0574263
0 0.739499 0.14795 0.024167 0.0367052
0 0.597223 0.163173 0.0269217 0.0366775
0 0.856453 0.0639895 0.0233479 0.0321337
0 0.437395 0.0815615 0.0226936 0.0359559
0 0.29934 0.272228 0.0272545 0.0240125
0 0.661337 0.39492 0.0289856 0.0346845
0 0.9846 0.246528 0.0132183 0.0499233
0 0.0139295 0.563987 0.0232867 0.0640819
0 0.155429 0.019999 0.0260768 0.0151858
0 0.785429 0.127734 0.023091 0.0355569
0 0.618895 0.151509 0.0256067 0.0374326
