0 0.110143 0.427091 0.0571383 0.0872696
0 0.16503 0.441312 0.0577762 0.0793784
0 0.7167 0.434134 0.0194257 0.0283953
0 0.526123 0.413667 0.0217861 0.0306871
0 0.48035 0.448129 0.0198423 0.029386
0 0.640733 0.47165 0.0370359 0.0523585
0 0.0229003 0.448923 0.0414747 0.0762388
0 0.955301 0.445192 0.0167957 0.0212151
0 0.941026 0.460004 0.0207748 0.027924
0 0.783707 0.431262 0.0202095 0.0226463
0 0.0241041 0.389523 0.0365023 0.0489416
0 0.880201 0.444033 0.0176369 0.0218793
0 0.989629 0.494699 0.0207426 0.0441404
0 0.856346 0.455471 0.0209106 0.0276091
0 0.557808 0.430926 0.0189983 0.032262
0 0.24163 0.384859 0.0148909 0.0186273
0 0.787133 0.432085 0.0186469 0.022263
0 0.393955 0.40146 0.0212692 0.0304943
0 0.574636 0.450714 0.0263288 0.0393969
0 0.471563 0.407734 0.0147762 0.0200061
0 0.906607 0.454205 0.0201103 0.0275228
0 0.843891 0.428866 0.0145844 0.0192646
