0 0.0563452 0.380529 0.0674186 0.0920661
0 0.317905 0.218979 0.0616224 0.0866825
0 0.416902 0.262246 0.0583591 0.0817533
0 0.0702555 0.197178 0.0490298 0.0934886
0 0.189317 0.187048 0.0692636 0.102139
0 0.365539 0.212951 0.0445205 0.0618411
0 0.474235 0.277183 0.0478279 0.0606218
0 0.268681 0.1888 0.0457427 0.0677662
0 0.502816 0.209686 0.0426865 0.0586861
0 0.527218 0.302656 0.0572783 0.0782936
0 0.0926001 0.118368 0.0577463 0.0853839
0 0.23205 0.212135 0.0527406 0.074848
0 0.853807 0.310725 0.0363213 0.0520258
0 0.564557 0.256437 0.0464601 0.0624884
0 0.63311 0.271726 0.0476076 0.0638302
0 0.591483 0.303635 0.0446177 0.0644742
0 0.501592 0.263691 0.0396981 0.0537672
0 0.757248 0.406998 0.035803 0.059721
0 0.978332 0.349996 0.0414242 0.0576933
0 0.751575 0.320976 0.0454268 0.0594244
0 0.811546 0.322928 0.0425938 0.0644664
0 0.915718 0.323953 0.039583 0.0598727
0 0.472038 0.218237 0.0451946 0.0621266
0 0.769927 0.274566 0.0370382 0.0487719
0 0.679866 0.315243 0.0528305 0.0716342
0 0.949548 0.406043 0.0433552 0.066014
0 0.875063 0.414795 0.0503593 0.0762319
0 0.152287 0.159053 0.0380126 0.0484047
0 0.333478 0.244531 0.0419591 0.0568216
0 0.889045 0.376512 0.0488579 0.0721555
0 0.426268 0.187535 0.0350578 0.0447316
