0 0.149897 0.841844 0.035753 0.0467188
0 0.584035 0.748755 0.0384161 0.0482549
0 0.391293 0.813009 0.0273933 0.0400415
0 0.238287 0.916357 0.041816 0.0423008
0 0.205355 0.812396 0.0348726 0.0430657
0 0.342725 0.86623 0.0306654 0.0385595
0 0.0790832 0.714533 0.0279405 0.0381365
0 0.96275 0.703644 0.0727291 0.103008
0 0.075588 0.892505 0.0362726 0.049242
0 0.207334 0.864962 0.0343747 0.0423756
0 0.347446 0.907915 0.0424761 0.034745
0 0.267119 0.832373 0.0311751 0.0424334
0 0.357851 0.709563 0.0261656 0.0337727
0 0.494898 0.690273 0.0254762 0.0344719
0 0.295339 0.696674 0.0261497 0.0354574
0 0.404905 0.673268 0.0220706 0.0308924
0 0.418566 0.793787 0.0263247 0.0351925
0 0.324004 0.748078 0.0305255 0.0342523
0 0.433704 0.631772 0.0227276 0.0289992
0 0.454061 0.496796 0.0190676 0.0271931
0 0.670538 0.672137 0.0306232 0.0414545
0 0.339071 0.813465 0.0315392 0.0435554
0 0.390072 0.585497 0.0210245 0.0271456
0 0.0442477 0.801947 0.0251116 0.042273
0 0.496305 0.587997 0.0202673 0.0261292
0 0.0739631 0.840667 0.0358671 0.0473366
0 0.356349 0.574279 0.0210163 0.0277946
0 0.173213 0.932907 0.0435459 0.035849
0 0.248341 0.639624 0.0226743 0.03059
0 0.250339 0.728394 0.0253692 0.0344213
0 0.28842 0.744681 0.0249452 0.0324797
0 0.500824 0.648111 0.0257454 0.0345843
0 0.179929 0.746186 0.0333339 0.0400348
0 0.61572 0.722731 0.025802 0.0358803
0 0.226341 0.699123 0.0291934 0.039609
0 0.167826 0.65933 0.0260561 0.0333936
0 0.684658 0.50986 0.0191256 0.0236771
0 0.419703 0.516046 0.0178503 0.02607
0 0.223245 0.624924 0.0239203 0.0309553
0 0.293252 0.655682 0.0233819 0.0321738
0 0.459399 0.639183 0.0257839 0.0302773
0 0.478515 0.774463 0.0308386 0.0403364
0 0.449785 0.77182 0.0267654 0.0376373
0 0.570946 0.493437 0.0178772 0.0243456
0 0.184819 0.779449 0.0341881 0.0397261
0 0.244647 0.60493 0.020265 0.0289721
0 0.204228 0.577416 0.0182079 0.0239677
0 0.204998 0.640863 0.0230871 0.0310062
0 0.330729 0.603184 0.0191202 0.0255547
0 0.470926 0.668596 0.0271763 0.0351191
0 0.821978 0.58015 0.0191757 0.0229321
0 0.269043 0.738905 0.0234667 0.0315247
0 0.77789 0.531935 0.0223279 0.0285137
0 0.441675 0.482121 0.0161379 0.021944
0 0.604506 0.47784 0.0150294 0.0191326
0 0.740445 0.725568 0.0337602 0.0441788
0 0.451698 0.822706 0.0271049 0.0372486
0 0.431448 0.834238 0.0277771 0.0378008
0 0.620317 0.584676 0.02152 0.0280931
0 0.27019 0.603768 0.0200532 0.0279362
0 0.114964 0.620984 0.0210394 0.02778
0 0.195118 0.595155 0.0212395 0.0276459
0 0.551272 0.772821 0.0305915 0.0438011
0 0.254035 0.784361 0.0267473 0.0307123
0 0.727636 0.556289 0.0232201 0.0323933
0 0.488774 0.737847 0.026614 0.0344679
0 0.286635 0.598735 0.0199064 0.0269284
0 0.646403 0.433329 0.0142723 0.0191416
0 0.387721 0.758681 0.0272488 0.0340208
0 0.772574 0.41676 0.0150522 0.0186856
0 0.587912 0.584849 0.0190081 0.0240824
0 0.269521 0.686071 0.0228469 0.0303169
0 0.103896 0.79997 0.038986 0.0444412
0 0.282194 0.552759 0.0187715 0.0238747
0 0.325282 0.639187 0.0234531 0.0311169
0 0.684005 0.613997 0.0268937 0.0327706
0 0.434168 0.457111 0.0149387 0.0217411
0 0.122835 0.720945 0.0319975 0.0409073
0 0.592612 0.41316 0.0133669 0.0173498
0 0.587202 0.457018 0.0149187 0.0200466
0 0.572233 0.444059 0.0141416 0.0190825
0 0.491144 0.470451 0.0177511 0.0211611
0 0.52031 0.441845 0.0155449 0.0205549
0 0.0298635 0.68196 0.0204734 0.0313007
0 0.63057 0.380587 0.0121744 0.0170049
0 0.107948 0.661849 0.0241106 0.0327572
0 0.553815 0.438246 0.0142287 0.0180048
0 0.191645 0.639619 0.0230219 0.0312021
0 0.435888 0.458898 0.0152035 0.021072
0 0.526638 0.58321 0.0212339 0.0298019
0 0.50068 0.541149 0.0206003 0.0262833
0 0.571582 0.423407 0.0130064 0.0181629
0 0.283844 0.519878 0.018763 0.0264696
0 0.603294 0.603758 0.0207105 0.0286388
0 0.56912 0.397096 0.0114047 0.0162603
0 0.260811 0.625467 0.0211347 0.0269828
0 0.804462 0.699913 0.0313377 0.0414268
0 0.407115 0.503954 0.0159489 0.0241177
0 0.39019 0.445989 0.0126938 0.0184639
0 0.368998 0.620556 0.0225933 0.0275342
0 0.33599 0.526131 0.0173358 0.0257375
0 0.273106 0.798546 0.026045 0.0298235
0 0.385768 0.754883 0.0272701 0.0323252
0 0.534117 0.525434 0.0185726 0.0254122
0 0.496283 0.561125 0.0206326 0.024184
0 0.571565 0.426522 0.0132769 0.0180517
0 0.757141 0.665627 0.0252243 0.0295815
0 0.544922 0.405786 0.0120731 0.0173978
0 0.16758 0.700881 0.0284908 0.03514
0 0.645784 0.544281 0.0216703 0.0251831
0 0.619355 0.429439 0.0142715 0.0188715
0 0.493384 0.560001 0.0202696 0.0247874
0 0.367484 0.512356 0.0163015 0.0223576
0 0.408661 0.444467 0.0126923 0.0180824
0 0.693785 0.666364 0.0215158 0.0317398
0 0.712395 0.569765 0.0216625 0.0271704
0 0.646704 0.467559 0.0158278 0.019804
0 0.591457 0.406695 0.0129408 0.0180971
0 0.153711 0.680746 0.0249512 0.0330708
0 0.609452 0.370955 0.0105991 0.0142982
0 0.481249 0.431617 0.0131591 0.0188901
0 0.153339 0.593872 0.0214741 0.0266996
0 0.516658 0.417134 0.0129352 0.018807
