0 0.495663 0.483884 0.0423815 0.056502
0 0.876426 0.409299 0.051849 0.0735457
0 0.289724 0.521825 0.040369 0.0533306
0 0.150578 0.51182 0.0492698 0.0597342
0 0.666494 0.454435 0.0398491 0.0519534
0 0.423312 0.443574 0.0419798 0.0588825
0 0.263432 0.459338 0.0498363 0.0663631
0 0.618302 0.430427 0.0455017 0.0609905
0 0.311403 0.486647 0.0433967 0.0581463
0 0.808501 0.352382 0.0495371 0.0690493
0 0.0781689 0.525971 0.0449384 0.0600622
0 0.769137 0.387423 0.047197 0.0717424
0 0.0419494 0.519794 0.0517042 0.0680876
0 0.184789 0.483138 0.0406815 0.0507114
0 0.741159 0.390846 0.0489746 0.0736794
0 0.954848 0.393324 0.05303 0.0742144
0 0.523192 0.425003 0.0403299 0.0591398
0 0.920846 0.40187 0.0496302 0.0723698
0 0.571062 0.418013 0.0390787 0.0620682
0 0.37226 0.473674 0.0349899 0.0465201
0 0.348053 0.422128 0.0391681 0.0492551
0 0.847512 0.372989 0.0433126 0.0647862
0 0.88791 0.361179 0.0441738 0.0519361
0 0.966646 0.32308 0.0330784 0.08635
0 0.708889 0.419458 0.0323745 0.0407722
0 0.546285 0.437912 0.0318611 0.0486879
0 0.667266 0.405368 0.0363184 0.0469873
0 0.750815 0.389712 0.0639051 0.0772132
0 0.833141 0.404959 0.043095 0.0685468
0 0.485489 0.439562 0.0352847 0.0449633
0 0.404115 0.474217 0.0283004 0.0410512
0 0.45724 0.446161 0.0297215 0.0469526
