0 0.555777 0.477369 0.0899614 0.13487
0 0.762961 0.599863 0.105189 0.142537
0 0.859556 0.405142 0.0877865 0.148321
0 0.378639 0.305952 0.0758898 0.119122
0 0.458155 0.345133 0.0847242 0.12885
0 0.5411 0.376113 0.0979389 0.0933506
0 0.567492 0.158493 0.0749058 0.104833
0 0.771236 0.122751 0.0852444 0.115464
0 0.34711 0.127182 0.0862049 0.124288
0 0.176025 0.543519 0.0855188 0.144501
0 0.546671 0.277416 0.0838339 0.120466
0 0.190203 0.672666 0.0770599 0.126552
0 0.734001 0.334851 0.0819969 0.123436
0 0.0753874 0.278876 0.106354 0.169768
0 0.420037 0.196992 0.0862391 0.103806
0 0.218837 0.262696 0.0633598 0.101596
0 0.737142 0.222141 0.0935406 0.0973453
0 0.255259 0.56217 0.0773137 0.0848811
0 0.483091 0.0450998 0.0682257 0.0897374
0 0.212408 0.0261401 0.0774353 0.0522236
0 0.960879 0.305216 0.0741829 0.111995
0 0.0180708 0.577144 0.035974 0.133415
