0 0.763195 0.719678 0.0938254 0.14382
0 0.567051 0.749929 0.0790377 0.115808
0 0.403304 0.876054 0.0695513 0.0696331
0 0.857436 0.604159 0.0575607 0.0875824
0 0.21194 0.772113 0.0496697 0.0734757
0 0.422166 0.730698 0.0469168 0.0651505
0 0.302066 0.875689 0.095784 0.0741831
0 0.547775 0.612803 0.0437838 0.0605092
0 0.890795 0.466743 0.0411421 0.0603016
0 0.68096 0.622221 0.0521021 0.0694093
0 0.792642 0.49181 0.0359696 0.0539418
0 0.445318 0.641791 0.037249 0.0515144
0 0.332556 0.659054 0.0379587 0.0529523
0 0.0649016 0.78899 0.0394844 0.0625681
0 0.255825 0.814266 0.0448872 0.0561225
0 0.881972 0.395292 0.0323114 0.0395415
0 0.262325 0.74239 0.0367466 0.0583986
0 0.570874 0.555226 0.0312672 0.0445559
0 0.0925359 0.695866 0.0246118 0.0330807
0 0.122141 0.762708 0.0347744 0.0450207
0 0.234545 0.698716 0.0302994 0.036113
0 0.836789 0.34797 0.029134 0.0370798
0 0.783844 0.39164 0.0276129 0.0343558
0 0.409796 0.54807 0.0214993 0.0284395
0 0.445825 0.539678 0.0211491 0.0264273
0 0.977438 0.374779 0.0390791 0.0499643
0 0.279053 0.665478 0.0273298 0.03746
0 0.29976 0.623085 0.025907 0.0320263
0 0.583808 0.496426 0.021611 0.0269635
0 0.71398 0.412637 0.0217752 0.0262996
0 0.342061 0.561586 0.0242402 0.0252019
0 0.331194 0.531598 0.0196158 0.0207121
0 0.529546 0.499502 0.0207636 0.028289
0 0.290098 0.566511 0.0221857 0.0283058
0 0.891313 0.277276 0.0185646 0.0227011
0 0.155965 0.695003 0.0273079 0.0341845
0 0.878879 0.341154 0.030896 0.0339809
0 0.312045 0.570103 0.0239824 0.026968
0 0.702534 0.525133 0.0280947 0.039871
0 0.583537 0.466233 0.0232256 0.0269711
0 0.466344 0.565937 0.0239187 0.030331
0 0.757155 0.354005 0.0177713 0.0227252
0 0.305853 0.686879 0.0292914 0.0425957
0 0.394895 0.536824 0.0166353 0.0208916
0 0.584795 0.441986 0.0202804 0.0235291
0 0.388618 0.561844 0.0212233 0.0275869
0 0.407975 0.619965 0.0272825 0.0379935
0 0.81604 0.424536 0.0394016 0.0618322
0 0.468131 0.457002 0.0120373 0.0161506
0 0.0281618 0.774558 0.0250258 0.0384607
0 0.468977 0.478629 0.0146526 0.0182039
0 0.731265 0.345655 0.0145333 0.0184261
0 0.261986 0.593873 0.0202176 0.0263
0 0.340729 0.604495 0.0260738 0.0338245
0 0.492061 0.480225 0.0156719 0.0209648
0 0.852803 0.316221 0.0226501 0.0228151
0 0.87798 0.307865 0.0230846 0.0214726
0 0.681234 0.367418 0.0141665 0.0172266
0 0.206728 0.669188 0.0242513 0.031394
0 0.560561 0.468782 0.019069 0.0238636
0 0.785249 0.433689 0.0294497 0.0348312
0 0.929076 0.257639 0.0199421 0.0215688
0 0.243986 0.574949 0.0188387 0.0218176
0 0.623361 0.419587 0.018417 0.0220057
0 0.430841 0.516875 0.0184005 0.0240549
0 0.953188 0.294783 0.0231243 0.0281714
0 0.523016 0.460811 0.0154661 0.0195562
0 0.478865 0.464204 0.0125868 0.0174959
0 0.619093 0.383684 0.0125049 0.0143277
0 0.739482 0.372466 0.022065 0.0254689
0 0.585349 0.437127 0.0195351 0.0227435
0 0.667836 0.37799 0.0150366 0.0176305
0 0.704709 0.354654 0.0147902 0.018883
0 0.375247 0.613127 0.0237453 0.0347126
0 0.626317 0.418921 0.018158 0.0216198
0 0.218654 0.613566 0.0198528 0.0229881
0 0.27235 0.578066 0.0186045 0.0216356
0 0.977571 0.440464 0.0428465 0.0649477
0 0.0598945 0.703758 0.0215562 0.0266706
0 0.146807 0.657244 0.0179101 0.0198584
0 0.455429 0.467607 0.0118279 0.0150898
0 0.87783 0.260443 0.0155136 0.0172168
0 0.478736 0.461393 0.011903 0.0171696
0 0.370507 0.567496 0.0203301 0.0264057
0 0.771995 0.341813 0.0157812 0.0200131
0 0.475818 0.515993 0.0203873 0.0259491
0 0.748412 0.330326 0.0148038 0.0158807
0 0.859258 0.268203 0.0152178 0.0167576
0 0.769012 0.316501 0.0133648 0.0151539
0 0.320969 0.545826 0.0187295 0.020382
0 0.545953 0.417217 0.011697 0.0152357
0 0.788671 0.347783 0.0203207 0.0252795
0 0.110014 0.725178 0.0266022 0.0276008
0 0.521543 0.463165 0.0156147 0.0200651
0 0.666091 0.356805 0.0121733 0.0146284
0 0.942275 0.327211 0.0253139 0.0308818
0 0.590542 0.414386 0.0167846 0.0189066
0 0.605941 0.391724 0.0116154 0.01513
0 0.116476 0.62901 0.014895 0.0161781
0 0.0470658 0.674098 0.0170768 0.0212708
0 0.319276 0.599714 0.025449 0.0328356
0 0.751481 0.332047 0.0150658 0.0169723
0 0.455062 0.518918 0.0192213 0.0228319
0 0.505424 0.49085 0.0172122 0.023091
0 0.933324 0.244916 0.0179817 0.0181909
