0 0.26321 0.722077 0.106922 0.168981
0 0.795972 0.902747 0.143846 0.193989
0 0.519898 0.881559 0.104391 0.164461
0 0.671653 0.689775 0.0520535 0.0750197
0 0.791263 0.686695 0.0564877 0.0790958
0 0.0916518 0.668917 0.0615091 0.0859959
0 0.352811 0.652889 0.0736211 0.108426
0 0.256877 0.917036 0.190695 0.106098
0 0.909879 0.783356 0.0794119 0.101097
0 0.0549486 0.547979 0.0699226 0.0975636
0 0.421147 0.596873 0.0397507 0.052432
0 0.541467 0.71781 0.0583988 0.0779667
0 0.436176 0.666173 0.0523155 0.0720438
0 0.840968 0.669372 0.0386511 0.055208
0 0.583671 0.654938 0.0377581 0.0533659
0 0.518014 0.625276 0.0381851 0.0525721
0 0.155808 0.528096 0.0387565 0.0509431
0 0.640213 0.639994 0.0348284 0.0476821
0 0.201723 0.526686 0.0289722 0.0400245
0 0.261833 0.555495 0.0336085 0.0437433
0 0.103356 0.538844 0.0436389 0.0530607
0 0.210467 0.607457 0.0601314 0.0795585
0 0.218346 0.542147 0.0298828 0.0322972
0 0.606973 0.733753 0.0639224 0.083434
0 0.0168996 0.521867 0.0336486 0.072933
0 0.333815 0.571336 0.0303526 0.0363051
0 0.322378 0.548449 0.0219527 0.0291014
0 0.513841 0.581903 0.0249466 0.0322918
0 0.105381 0.485258 0.0318947 0.0453425
0 0.303711 0.577112 0.0349052 0.0410864
0 0.0718527 0.479292 0.0264055 0.0304647
0 0.707488 0.644002 0.0325083 0.0430903
0 0.372383 0.554293 0.0215781 0.0323833
0 0.892494 0.741838 0.0527645 0.0724121
0 0.483118 0.582394 0.034787 0.0491867
0 0.585933 0.589356 0.0227455 0.033399
0 0.600551 0.726588 0.0581499 0.080788
0 0.859827 0.734603 0.0465481 0.0662668
0 0.557292 0.621214 0.0323734 0.0425982
0 0.615654 0.670705 0.0407974 0.0524814
0 0.20481 0.484 0.0156907 0.0179789
0 0.240465 0.493817 0.0162344 0.0218607
0 0.389505 0.542134 0.0194446 0.026288
0 0.217068 0.495215 0.016899 0.0229358
0 0.40527 0.553145 0.0226881 0.0315249
0 0.813319 0.732775 0.0385868 0.0528216
0 0.652746 0.589661 0.0212242 0.0286701
0 0.758428 0.651243 0.0333548 0.0418207
0 0.228258 0.496356 0.0149612 0.022312
0 0.819948 0.63779 0.037429 0.0577213
0 0.191777 0.483677 0.015946 0.0192767
0 0.343731 0.518599 0.012637 0.0175262
0 0.153168 0.481268 0.0206413 0.0229372
0 0.307432 0.511525 0.0137721 0.0190059
0 0.368655 0.518002 0.0106042 0.014776
0 0.0979733 0.484445 0.0280394 0.0418646
0 0.266342 0.518666 0.0168143 0.0226154
0 0.218058 0.498595 0.0196304 0.0250097
0 0.610449 0.584117 0.0213161 0.030319
0 0.307676 0.515921 0.0164479 0.0231297
0 0.597877 0.613605 0.0272709 0.0358473
0 0.127185 0.481918 0.0191782 0.0234188
0 0.280075 0.515979 0.0170236 0.0233221
0 0.124281 0.504971 0.0309653 0.0391913
0 0.733554 0.612722 0.025352 0.033816
0 0.186033 0.508977 0.0248167 0.031857
0 0.257595 0.504658 0.0157569 0.0218057
0 0.352322 0.538523 0.0183021 0.0243568
