0 0.640832 0.848591 0.064064 0.102446
0 0.128777 0.357065 0.058795 0.0955693
0 0.846637 0.571956 0.0360067 0.0567476
0 0.299639 0.846094 0.0539175 0.0864548
0 0.959312 0.659711 0.0402336 0.065954
0 0.469565 0.674067 0.0257319 0.040992
0 0.667162 0.547949 0.0353199 0.0579025
0 0.550398 0.662856 0.0262591 0.0430242
0 0.494726 0.606076 0.0245589 0.043744
0 0.267343 0.631594 0.0234926 0.0418006
0 0.614881 0.583051 0.0212233 0.0361653
0 0.599582 0.621267 0.0274427 0.0480389
0 0.36234 0.660485 0.0237522 0.0475624
0 0.785695 0.624821 0.0270484 0.0477808
0 0.287301 0.585177 0.0208 0.035034
0 0.950483 0.595383 0.0309156 0.0290005
0 0.716797 0.549061 0.0188702 0.0319693
0 0.262505 0.56394 0.0180344 0.0293611
0 0.578402 0.556327 0.0159393 0.0277439
0 0.337172 0.64394 0.0199822 0.0367556
0 0.331246 0.432292 0.0133101 0.0229515
0 0.371628 0.574029 0.0195269 0.0344603
0 0.915455 0.52005 0.015136 0.0223314
0 0.26914 0.435121 0.0141353 0.025317
0 0.318062 0.529314 0.0123721 0.0211102
0 0.337327 0.571333 0.0179669 0.0303493
0 0.894709 0.537347 0.0175797 0.0273357
0 0.429496 0.648991 0.0238209 0.0395926
0 0.900533 0.576214 0.0232571 0.0329514
0 0.954217 0.500194 0.0140507 0.0209087
0 0.522816 0.525472 0.0131735 0.0212645
0 0.838781 0.43896 0.0125338 0.0188656
0 0.982762 0.793635 0.0344755 0.112271
0 0.768749 0.441563 0.0140848 0.0217712
0 0.766509 0.524316 0.0170248 0.0295331
0 0.393448 0.522899 0.0130678 0.0209913
0 0.697309 0.561763 0.019772 0.0341342
0 0.816609 0.499053 0.0135014 0.0180239
0 0.934823 0.541864 0.0182205 0.0273493
0 0.376942 0.520823 0.0138866 0.0223331
0 0.855918 0.492465 0.0127625 0.0177444
0 0.380068 0.544193 0.0147375 0.0239481
0 0.410441 0.521172 0.0124823 0.0218615
0 0.980666 0.435159 0.0130239 0.0199101
0 0.550669 0.583011 0.0212927 0.0394381
0 0.79257 0.516375 0.0141667 0.0223702
0 0.521627 0.435994 0.013205 0.0214363
0 0.87876 0.503589 0.0124336 0.0191087
0 0.86672 0.516891 0.0134363 0.0207466
0 0.603638 0.492812 0.0109115 0.0178086
0 0.983749 0.567967 0.0206638 0.0279858
0 0.274808 0.527129 0.0128133 0.0215471
0 0.554836 0.520121 0.0110445 0.0195245
0 0.632828 0.520667 0.0127583 0.0226509
0 0.579754 0.51942 0.0113401 0.0210387
0 0.512855 0.509294 0.0104992 0.0167555
0 0.821829 0.442135 0.0125778 0.0182568
0 0.341792 0.514137 0.0112052 0.0175677
0 0.79675 0.4452 0.0138584 0.0220518
0 0.459429 0.521387 0.0115367 0.02157
0 0.878922 0.499167 0.0124477 0.0181568
0 0.289842 0.525591 0.0122122 0.0199999
0 0.538261 0.51124 0.0107456 0.0177268
0 0.879308 0.436622 0.0149158 0.0220352
0 0.695378 0.517237 0.0151176 0.0206469
0 0.604704 0.527029 0.0131302 0.0215811
0 0.973681 0.518075 0.0140236 0.019812
0 0.894378 0.436023 0.0154812 0.0225979
0 0.62835 0.498396 0.0110224 0.0183034
0 0.515687 0.507528 0.0106791 0.015877
0 0.717191 0.511964 0.0146717 0.0191278
0 0.947539 0.547944 0.0186367 0.0254053
0 0.835769 0.505601 0.0136614 0.017968
0 0.852262 0.517302 0.0128483 0.0178329
0 0.357471 0.498609 0.0113532 0.0170586
0 0.607793 0.522291 0.012504 0.0212929
0 0.535366 0.551665 0.0153988 0.0260905
0 0.801612 0.537192 0.0173302 0.025452
0 0.859356 0.492165 0.0133026 0.0177057
0 0.946158 0.416297 0.0141247 0.0201332
0 0.33923 0.545262 0.0145123 0.0213496
0 0.427107 0.523877 0.012454 0.0228172
0 0.968656 0.434438 0.0120918 0.0185669
0 0.313248 0.43357 0.0123435 0.0192474
0 0.330952 0.517874 0.0118258 0.0177341
0 0.593676 0.493719 0.0102425 0.0180994
0 0.430748 0.483295 0.00984783 0.0152552
0 0.483525 0.522891 0.0112768 0.0188665
0 0.780929 0.53672 0.0154984 0.023661
0 0.336848 0.535189 0.0138405 0.0217834
0 0.717681 0.493333 0.013203 0.0189859
0 0.319168 0.527223 0.0126162 0.0216925
0 0.229428 0.68791 0.025959 0.0445725
