0 0.0912098 0.172527 0.0902358 0.158382
0 0.323688 0.17294 0.0813211 0.149394
0 0.289696 0.458621 0.124009 0.204862
0 0.195729 0.109889 0.0834148 0.156298
0 0.837706 0.643556 0.0947727 0.158001
0 0.0472362 0.374111 0.0897263 0.158597
0 0.410428 0.556587 0.10019 0.163537
0 0.548072 0.232608 0.0983717 0.166423
0 0.692695 0.306974 0.0760894 0.127182
0 0.40984 0.207467 0.0719546 0.126508
0 0.489593 0.109387 0.0816916 0.112839
0 0.181139 0.215805 0.0653448 0.110793
0 0.792493 0.341252 0.0679086 0.113244
0 0.812019 0.169134 0.0658439 0.125662
0 0.924347 0.28788 0.0762409 0.15828
0 0.600748 0.15878 0.0730424 0.115758
0 0.734705 0.256727 0.0639257 0.117479
0 0.643632 0.225949 0.0498432 0.0771653
0 0.865533 0.172404 0.0594959 0.112214
0 0.0162105 0.219788 0.0324091 0.127073
0 0.764819 0.233621 0.054438 0.110639
0 0.955816 0.191371 0.0307638 0.0849853
