0 0.70731 0.635655 0.0485351 0.0616954
0 0.106813 0.158674 0.0487672 0.0620338
0 0.418616 0.507421 0.047814 0.0635662
0 0.621101 0.688738 0.0438282 0.0639423
0 0.380156 0.118546 0.037235 0.0515754
0 0.511935 0.815977 0.0468366 0.0637346
0 0.476191 0.43043 0.0400686 0.0519444
0 0.30963 0.698822 0.0449917 0.0609355
0 0.861537 0.494561 0.0383957 0.0558059
0 0.337752 0.850562 0.0446404 0.0506859
0 0.36826 0.619177 0.0499094 0.0713959
0 0.667982 0.179172 0.0400555 0.0563672
0 0.678678 0.861199 0.0442375 0.0602535
0 0.904904 0.332436 0.0421738 0.0593838
0 0.232387 0.618154 0.0456825 0.0597935
0 0.185963 0.517838 0.0496771 0.0614403
0 0.614218 0.293439 0.0389319 0.0546504
0 0.462225 0.147651 0.0438248 0.0556584
0 0.527277 0.105411 0.0381041 0.0528622
0 0.218589 0.0299155 0.0443927 0.0563173
0 0.594371 0.399939 0.0406302 0.0592176
0 0.748776 0.350454 0.041382 0.0536332
0 0.438529 0.685121 0.0501526 0.0642709
0 0.213208 0.1957 0.0413424 0.0539428
0 0.944797 0.64436 0.0415958 0.0536098
0 0.699084 0.0711005 0.0437137 0.0575331
0 0.833423 0.386132 0.0399088 0.0509684
0 0.579105 0.20952 0.0387957 0.0532601
0 0.520941 0.547867 0.0403965 0.0589119
0 0.685092 0.728109 0.0371011 0.0567008
0 0.286412 0.107054 0.0412125 0.0552765
0 0.233189 0.860064 0.050789 0.053154
0 0.76498 0.128485 0.0491468 0.0566244
0 0.422006 0.800457 0.0409592 0.0509382
0 0.470746 0.286116 0.0426277 0.0587641
0 0.726862 0.535722 0.0385571 0.0516886
0 0.187017 0.715941 0.0420775 0.0550711
0 0.777831 0.846258 0.0413022 0.054557
0 0.954527 0.485163 0.0380064 0.0524529
0 0.609649 0.820281 0.0381891 0.0547102
0 0.280973 0.484361 0.0403118 0.0536817
0 0.855412 0.176909 0.0395082 0.0520891
0 0.533162 0.228988 0.0377636 0.0527818
0 0.0759016 0.465833 0.041434 0.0523045
0 0.633991 0.535712 0.0476351 0.0650088
0 0.733654 0.922172 0.0399221 0.0566193
0 0.096598 0.86684 0.0482777 0.0514673
0 0.124277 0.312678 0.0405489 0.0543874
0 0.0284151 0.367362 0.0325114 0.0531075
0 0.838379 0.942576 0.0370058 0.0467745
0 0.880926 0.727961 0.0391903 0.055057
0 0.538783 0.0232967 0.0401451 0.0465933
0 0.398081 0.32142 0.0356993 0.0475113
0 0.651425 0.803121 0.0347909 0.0499861
0 0.298951 0.0136444 0.0346484 0.0272864
0 0.882154 0.875444 0.0450531 0.0582878
0 0.815759 0.63218 0.0370916 0.0515394
0 0.525166 0.987631 0.0428549 0.0247375
0 0.991302 0.411956 0.0173962 0.0530369
0 0.810399 0.636245 0.0382862 0.0556095
0 0.984443 0.234967 0.0309437 0.0527619
0 0.0108183 0.527263 0.0215569 0.0488272
0 0.110424 0.447082 0.0449609 0.0550348
0 0.00614626 0.866956 0.0122925 0.058226
0 0.993737 0.332209 0.0125259 0.0570847
