0 0.166107 0.671682 0.0967907 0.161156
0 0.271446 0.604124 0.0953714 0.147462
0 0.301257 0.411531 0.0734757 0.124239
0 0.744432 0.341157 0.0689329 0.11958
0 0.923323 0.257976 0.0761179 0.124393
0 0.504156 0.387068 0.0741766 0.132477
0 0.0886783 0.359993 0.0724251 0.135323
0 0.404251 0.331069 0.0709122 0.118922
0 0.560015 0.372519 0.0697992 0.122584
0 0.0281221 0.364987 0.0562442 0.137523
0 0.804053 0.373047 0.0716228 0.114352
0 0.159984 0.395952 0.0769126 0.129675
0 0.630351 0.364202 0.069009 0.107065
0 0.771305 0.233988 0.064019 0.10159
0 0.875382 0.13671 0.0594944 0.105634
0 0.306293 0.287148 0.0484125 0.0765572
0 0.445858 0.274461 0.0552505 0.102418
0 0.493971 0.137409 0.042483 0.0656541
0 0.303974 0.20486 0.0404974 0.0731696
0 0.521013 0.23627 0.0481092 0.0780841
0 0.363622 0.199471 0.0402507 0.067584
0 0.396218 0.212291 0.0477512 0.0806697
0 0.106216 0.23046 0.047785 0.0795256
0 0.758228 0.126368 0.049157 0.0835006
0 0.659917 0.161309 0.0480721 0.0775605
0 0.208479 0.391968 0.0638641 0.11286
0 0.689263 0.230304 0.0542511 0.0920088
0 0.513693 0.0850148 0.0373582 0.0608216
0 0.578256 0.262791 0.0577143 0.0968019
0 0.47913 0.221656 0.0561043 0.0998422
0 0.14705 0.233391 0.0581961 0.106524
0 0.264769 0.161299 0.0383847 0.0649152
0 0.609012 0.124178 0.0389729 0.063168
0 0.359073 0.238085 0.0407169 0.0557349
0 0.431034 0.0860792 0.047694 0.0736742
0 0.376233 0.562898 0.087222 0.14873
0 0.572442 0.163389 0.0503809 0.0753496
0 0.65131 0.0545278 0.0391296 0.0663457
0 0.792218 0.124281 0.048757 0.0814629
0 0.364076 0.146022 0.0408602 0.0623212
0 0.62784 0.230163 0.0435541 0.0733383
0 0.721474 0.0372729 0.0452721 0.074084
0 0.197996 0.235612 0.0504985 0.0930899
0 0.231931 0.167832 0.0396685 0.0649608
0 0.170763 0.189341 0.0421791 0.0893611
0 0.388218 0.121704 0.0455712 0.0821662
0 0.0887884 0.149908 0.0452278 0.087051
0 0.358952 0.317898 0.052695 0.0935311
0 0.250836 0.241575 0.0398127 0.0783749
0 0.225941 0.225523 0.0439677 0.0844211
0 0.720688 0.138691 0.0464653 0.0774405
0 0.605979 0.0639815 0.0392931 0.0633394
0 0.471184 0.0949539 0.0370775 0.0598092
0 0.685409 0.0422031 0.0520662 0.0822828
0 0.120078 0.324806 0.0552929 0.0956217
0 0.246646 0.381866 0.0582964 0.115961
0 0.604926 0.22377 0.0390529 0.0716086
0 0.694646 0.0386922 0.0477492 0.0772985
0 0.697898 0.0288871 0.0422619 0.0577346
0 0.251402 0.0926646 0.0330877 0.0542245
0 0.736822 0.135562 0.0415765 0.0852192
0 0.752249 0.0378968 0.0509186 0.0757936
0 0.702632 0.0349934 0.0467003 0.0699867
0 0.280469 0.305709 0.0406096 0.0600247
