0 0.727464 0.686967 0.0622366 0.0877537
0 0.742614 0.491174 0.05179 0.0772314
0 0.766985 0.635984 0.0527205 0.0760731
0 0.657788 0.291408 0.0495569 0.0620214
0 0.116938 0.656678 0.0540255 0.0671694
0 0.672714 0.754586 0.0662292 0.0971664
0 0.345623 0.667643 0.0553182 0.0647717
0 0.612422 0.758709 0.0618019 0.0923735
0 0.164917 0.874812 0.0708142 0.0885277
0 0.386338 0.800856 0.0563196 0.0862945
0 0.633984 0.502035 0.0583936 0.084766
0 0.538506 0.54074 0.0561867 0.0710812
0 0.0963762 0.520112 0.058577 0.0861567
0 0.476178 0.770083 0.0559518 0.0852665
0 0.806835 0.541401 0.0662636 0.0783374
0 0.661891 0.609925 0.0605349 0.086311
0 0.206097 0.768031 0.0567571 0.0754514
0 0.937867 0.474773 0.0616356 0.0741917
0 0.5564 0.707951 0.0545166 0.077508
0 0.201349 0.615465 0.0497377 0.0675934
0 0.575577 0.613039 0.0562786 0.0798515
0 0.524062 0.627207 0.0554447 0.0849399
0 0.11058 0.744001 0.0513728 0.0713308
0 0.358412 0.733716 0.0556342 0.071313
0 0.75686 0.163694 0.0438557 0.0617868
0 0.848391 0.642205 0.0573921 0.0842796
0 0.43592 0.535425 0.0542662 0.0725204
0 0.899298 0.581095 0.0536724 0.0676351
0 0.451607 0.250787 0.0479325 0.0669593
0 0.803702 0.628851 0.0455019 0.0710776
0 0.86263 0.422443 0.0549442 0.0747126
0 0.465044 0.487943 0.0481552 0.0708989
0 0.88354 0.343756 0.0554018 0.0726071
0 0.502984 0.429312 0.0523012 0.0699218
0 0.593694 0.41188 0.0483969 0.0658413
0 0.495515 0.295313 0.0570711 0.0761966
0 0.259714 0.47747 0.0486521 0.070478
0 0.313186 0.328395 0.0480591 0.0622161
0 0.133373 0.313762 0.0405516 0.0525781
0 0.457078 0.412949 0.0552607 0.072368
0 0.746544 0.341901 0.0490404 0.0699792
0 0.250739 0.578412 0.0480321 0.0704278
0 0.119111 0.364193 0.0420191 0.0538537
0 0.0590813 0.300061 0.0396055 0.054071
0 0.266957 0.385411 0.0453592 0.0605013
0 0.449571 0.61176 0.0536917 0.0756638
0 0.171848 0.314416 0.043173 0.0613653
0 0.85322 0.106226 0.0372273 0.0530419
0 0.404442 0.473533 0.0517244 0.070821
0 0.303632 0.271015 0.0478599 0.0561347
0 0.805354 0.123219 0.0416061 0.0568887
0 0.640955 0.172827 0.0399039 0.0539522
0 0.791414 0.227623 0.0455982 0.0649958
0 0.330913 0.502989 0.0518101 0.070249
0 0.427119 0.0395229 0.0360943 0.0489979
0 0.803927 0.434243 0.0602116 0.0854058
0 0.177206 0.448869 0.0469477 0.061858
0 0.831618 0.201986 0.0435905 0.0656236
0 0.0528132 0.23768 0.039366 0.0510314
0 0.346917 0.580527 0.0536501 0.0688709
0 0.724828 0.119656 0.045096 0.0601297
0 0.0159513 0.266919 0.0319026 0.0515748
0 0.661358 0.139361 0.0428164 0.0560349
0 0.969625 0.542393 0.0537273 0.0753959
0 0.481661 0.135121 0.0360451 0.0524404
0 0.598123 0.347107 0.051387 0.0659765
0 0.551628 0.169403 0.0424518 0.0587402
0 0.30017 0.191401 0.0387187 0.051691
0 0.332208 0.438533 0.0484859 0.0615198
0 0.203077 0.306863 0.0383077 0.0570518
0 0.341164 0.0937501 0.0361096 0.0472502
0 0.220222 0.455197 0.0439103 0.0669052
0 0.41945 0.183005 0.0390751 0.055776
0 0.886575 0.18168 0.040943 0.0626592
0 0.134411 0.0770333 0.0347103 0.0451572
0 0.93677 0.164218 0.0374853 0.0651777
0 0.919365 0.303758 0.04946 0.0676165
0 0.715647 0.23128 0.0512981 0.0614034
0 0.088297 0.246728 0.0400028 0.0597403
0 0.229525 0.206996 0.0395338 0.0551161
0 0.516083 0.242627 0.0459811 0.0603616
0 0.394752 0.219299 0.0437291 0.0603051
0 0.537644 0.387863 0.0467537 0.0675707
0 0.372034 0.348352 0.0457968 0.0617376
0 0.801785 0.073856 0.0369318 0.0411055
0 0.133839 0.150712 0.0339627 0.0465502
0 0.641253 0.244316 0.0424698 0.0514038
0 0.329567 0.39163 0.0424662 0.049003
0 0.17872 0.260225 0.0390713 0.0494218
0 0.94369 0.41481 0.0496632 0.0564263
0 0.900173 0.0381761 0.0337513 0.046592
0 0.414991 0.353989 0.0528969 0.0719257
0 0.371304 0.0392914 0.0342298 0.0470946
0 0.729284 0.292721 0.0435574 0.0551411
0 0.762514 0.116142 0.0370552 0.0470079
0 0.702627 0.413956 0.0490509 0.0651846
0 0.0666361 0.464884 0.044543 0.0611341
0 0.908337 0.161752 0.037113 0.0559994
0 0.928697 0.108464 0.0346996 0.0490209
0 0.824676 0.0532508 0.0337597 0.0430421
0 0.85679 0.187862 0.0395058 0.0622483
0 0.347313 0.266665 0.0424359 0.0567696
0 0.673073 0.0234738 0.0346109 0.0453911
0 0.260315 0.210911 0.0377231 0.0523341
0 0.179221 0.0718704 0.0367963 0.0497318
0 0.118423 0.246181 0.0373513 0.0557605
0 0.405101 0.0735216 0.0324158 0.0410246
0 0.448138 0.0229241 0.031262 0.0399252
0 0.0974552 0.173677 0.0316323 0.0428512
0 0.485379 0.362737 0.0441835 0.0539739
0 0.138367 0.504468 0.0509497 0.0761089
0 0.666227 0.41032 0.0400108 0.0598513
0 0.666476 0.34712 0.0539335 0.0592819
0 0.119783 0.200313 0.035131 0.0404292
0 0.265682 0.116925 0.0357925 0.0454572
0 0.566521 0.29205 0.0476099 0.062401
0 0.502431 0.0886813 0.0367504 0.0427412
0 0.736421 0.0282772 0.0321891 0.0452922
0 0.381423 0.148173 0.0404507 0.0458018
0 0.51525 0.0327219 0.0404544 0.051563
0 0.0320785 0.344825 0.0418154 0.0563431
0 0.164259 0.18645 0.0334229 0.0443524
0 0.671512 0.562148 0.0452257 0.0606248
0 0.104241 0.424007 0.04487 0.0497446
0 0.824444 0.358084 0.0409256 0.0540672
0 0.423096 0.136652 0.0348521 0.0400658
0 0.41872 0.102979 0.0342103 0.0391675
0 0.878054 0.0744674 0.035321 0.0431501
0 0.69717 0.0739722 0.0376612 0.0416245
0 0.24157 0.533055 0.0453766 0.0428518
0 0.19674 0.201402 0.0351003 0.0500871
0 0.194009 0.401131 0.0398061 0.0518345
0 0.541991 0.0411127 0.0337249 0.0441402
0 0.510721 0.155552 0.0379345 0.0474803
0 0.581762 0.0181344 0.0337737 0.0362687
0 0.049343 0.430999 0.0462233 0.0574945
0 0.985595 0.447659 0.0282494 0.0684283
0 0.378153 0.62491 0.0528522 0.069008
0 0.685703 0.113665 0.04188 0.0606263
0 0.851319 0.335393 0.0415518 0.0585451
0 0.710714 0.56973 0.04753 0.0699272
0 0.208109 0.0909512 0.0375171 0.0470494
0 0.789902 0.327726 0.0487788 0.0599975
0 0.587363 0.0759461 0.036554 0.0459288
0 0.613912 0.0947129 0.0403373 0.0560921
0 0.0761463 0.401525 0.0397234 0.0515613
0 0.584932 0.168846 0.0372475 0.0520537
0 0.0266028 0.163345 0.0301611 0.0425377
0 0.0720722 0.859938 0.0461527 0.0949623
0 0.786191 0.377926 0.0460566 0.0518188
0 0.00842569 0.125566 0.016838 0.0464279
0 0.8633 0.0167496 0.0309601 0.0334226
0 0.584019 0.12191 0.0347867 0.0406072
0 0.88472 0.0100433 0.0280493 0.0200866
0 0.120165 0.466919 0.0457681 0.0516033
0 0.902434 0.412619 0.0450672 0.0623336
0 0.338429 0.194893 0.0392611 0.0532276
0 0.72131 0.63235 0.0388346 0.0402626
0 0.617564 0.0361933 0.0324185 0.0430798
0 0.365635 0.177363 0.0355611 0.0508612
0 0.0508952 0.178572 0.0325151 0.0432667
0 0.889222 0.257885 0.0391624 0.0489066
0 0.0984341 0.130895 0.0348499 0.0412032
0 0.0606801 0.148486 0.0289754 0.031792
0 0.311055 0.109251 0.0330458 0.0439334
0 0.236198 0.297021 0.0409309 0.0555985
0 0.346819 0.043405 0.0329813 0.0452501
0 0.00910359 0.205233 0.0181634 0.0532548
0 0.092404 0.0690192 0.0302515 0.0254772
0 0.188741 0.155597 0.0330801 0.0417285
0 0.896025 0.11211 0.0373947 0.04576
0 0.284395 0.43848 0.0429299 0.0618927
0 0.0316867 0.128852 0.0349066 0.0407372
0 0.243983 0.168204 0.0340292 0.0421003
0 0.322703 0.0636757 0.0316164 0.0382227
0 0.237031 0.146545 0.0368727 0.0461437
0 0.401821 0.0245653 0.0307508 0.0338558
0 0.160769 0.222564 0.0310128 0.037747
0 0.290595 0.143785 0.0361042 0.042388
0 0.968574 0.345306 0.033288 0.0681895
0 0.153205 0.125823 0.0348044 0.0441356
0 0.760271 0.047057 0.0348133 0.0465866
0 0.929885 0.243673 0.0415487 0.0598651
0 0.0733843 0.182649 0.0332333 0.0476391
0 0.916184 0.0141774 0.0275867 0.0283548
0 0.0480846 0.0804064 0.0269347 0.032644
0 0.648629 0.0897362 0.0355489 0.0451181
0 0.0119611 0.525248 0.0236552 0.0657789
0 0.62656 0.567733 0.042333 0.0579419
0 0.0245235 0.0885021 0.0299967 0.0347651
0 0.323583 0.16798 0.0338432 0.0469691
0 0.0496233 0.383098 0.0391256 0.0475863
0 0.596432 0.295296 0.0376061 0.0434287
0 0.260141 0.0794616 0.0371275 0.0446089
0 0.538545 0.0992728 0.0401808 0.0504338
0 0.946561 0.326019 0.0354111 0.0587994
0 0.227084 0.117261 0.0305549 0.0325038
0 0.282404 0.0449377 0.0345218 0.0374294
0 0.986303 0.765557 0.0273932 0.109147
0 0.341361 0.0417404 0.0326322 0.042602
0 0.0127117 0.168942 0.0254234 0.0354467
0 0.386133 0.180487 0.035538 0.0375791
0 0.191305 0.370004 0.0335364 0.0316154
0 0.910542 0.0126043 0.0296722 0.0252086
0 0.919571 0.0749353 0.0338276 0.0408543
0 0.0649094 0.0741175 0.0267258 0.0253109
0 0.0933804 0.128201 0.032507 0.0398852
0 0.46136 0.0191847 0.0390793 0.0363601
