0 0.248769 0.698793 0.0286207 0.0432673
0 0.839858 0.644575 0.0320499 0.0476441
0 0.612507 0.791687 0.0344399 0.0480913
0 0.629081 0.844978 0.032449 0.0491993
0 0.690088 0.8485 0.0327324 0.0473972
0 0.225057 0.507789 0.0291539 0.0449677
0 0.677011 0.793207 0.0318383 0.0475749
0 0.0770707 0.828611 0.0292503 0.0455299
0 0.811463 0.800149 0.0354116 0.0511364
0 0.492859 0.264091 0.0269115 0.0394951
0 0.949938 0.657797 0.0321175 0.0509165
0 0.258315 0.557943 0.0278764 0.0449791
0 0.422236 0.785848 0.0305289 0.0443132
0 0.258852 0.761078 0.0298281 0.0458106
0 0.653687 0.0615949 0.0238272 0.0341146
0 0.827244 0.464907 0.0270473 0.0434194
0 0.703042 0.629387 0.0300765 0.0461476
0 0.648153 0.253065 0.0271064 0.0419509
0 0.138661 0.688418 0.0287416 0.0482023
0 0.556715 0.787191 0.0309536 0.0385633
0 0.577051 0.502664 0.0295517 0.0448359
0 0.139735 0.627406 0.0275039 0.0408978
0 0.848589 0.734915 0.0331432 0.051191
0 0.727629 0.718132 0.0336399 0.0502531
0 0.375067 0.777515 0.0280608 0.0402731
0 0.535409 0.20575 0.028112 0.0405413
0 0.431739 0.854888 0.03064 0.0425724
0 0.315503 0.840697 0.0300626 0.0429043
0 0.92537 0.31596 0.027668 0.0421796
0 0.380168 0.850039 0.0316457 0.0437765
0 0.900378 0.453555 0.0282879 0.0413648
0 0.780796 0.64859 0.0284302 0.0437538
0 0.191065 0.502167 0.0300772 0.0447374
0 0.913683 0.260766 0.0276976 0.043701
0 0.182019 0.786911 0.0288755 0.0403679
0 0.498909 0.319525 0.0257297 0.0421436
0 0.307926 0.634259 0.026011 0.0401048
0 0.724218 0.387587 0.031059 0.0450543
0 0.225278 0.0606095 0.0255234 0.0366694
0 0.0886189 0.553767 0.0287911 0.0423727
0 0.87816 0.575273 0.0347805 0.0439114
0 0.604047 0.108096 0.0264748 0.0412202
0 0.750332 0.253278 0.0253874 0.037724
0 0.0261487 0.482239 0.0299985 0.0446908
0 0.764548 0.306515 0.0282309 0.0413874
0 0.781412 0.378326 0.0286867 0.0419829
0 0.768289 0.745095 0.0305049 0.0466516
0 0.603364 0.0496268 0.0263866 0.0404621
0 0.094956 0.100505 0.0252347 0.0387442
0 0.74234 0.583928 0.0303956 0.0460032
0 0.328312 0.160471 0.0281094 0.0451232
0 0.358009 0.624108 0.02645 0.0418985
0 0.701503 0.568082 0.0289347 0.0395398
0 0.374715 0.168503 0.0257936 0.0383766
0 0.0927113 0.468141 0.0256851 0.0404096
0 0.184827 0.554229 0.0282631 0.0451412
0 0.458035 0.449991 0.0249789 0.0354559
0 0.397872 0.311406 0.0259524 0.0399928
0 0.250131 0.846756 0.0284859 0.0425529
0 0.583395 0.164953 0.0263034 0.0392154
0 0.193537 0.260054 0.0247151 0.0357267
0 0.0936965 0.202442 0.0274343 0.0398606
0 0.656027 0.30886 0.0257553 0.0405797
0 0.918297 0.505172 0.0298483 0.0462414
0 0.0384385 0.563181 0.0269281 0.037856
0 0.431345 0.637742 0.030492 0.0438715
0 0.240322 0.376509 0.0259709 0.0402264
0 0.25074 0.306412 0.0247987 0.0390307
0 0.682451 0.119324 0.0237589 0.0375176
0 0.593419 0.70319 0.0354494 0.0453106
0 0.849489 0.106054 0.0284069 0.0406619
0 0.132525 0.0152816 0.0265512 0.0305632
0 0.244725 0.199986 0.0254199 0.0409504
0 0.984185 0.16061 0.0289778 0.0403494
0 0.875351 0.337237 0.0280331 0.0382234
0 0.553308 0.319221 0.0267243 0.0390336
0 0.659179 0.378922 0.0253097 0.0414194
0 0.345976 0.429158 0.0283072 0.038752
0 0.554945 0.856311 0.0297819 0.0426844
0 0.72904 0.804108 0.0304595 0.0459837
0 0.875518 0.397422 0.0291023 0.0428709
0 0.520165 0.495308 0.0251951 0.0392309
0 0.858413 0.0447724 0.0287907 0.0390321
0 0.401257 0.563114 0.0282489 0.0446001
0 0.172271 0.84412 0.0265961 0.041954
0 0.968402 0.581298 0.0304823 0.0500923
0 0.458146 0.0716059 0.0255836 0.0402838
0 0.47596 0.718166 0.0288084 0.046673
0 0.477563 0.14946 0.0252243 0.038258
0 0.886339 0.123853 0.0289001 0.0368077
0 0.0914886 0.424026 0.0248262 0.0387142
0 0.232189 0.113069 0.022379 0.0337633
0 0.24844 0.642407 0.0283508 0.0399479
0 0.15035 0.429281 0.0279328 0.0407101
0 0.829428 0.386359 0.0274929 0.0436178
0 0.0289653 0.822806 0.0285051 0.044471
0 0.827697 0.163934 0.0239956 0.0358329
0 0.505087 0.84526 0.0301272 0.0480684
0 0.237295 0.259823 0.0233994 0.0358043
0 0.029238 0.683289 0.0270546 0.0406969
0 0.0363441 0.376643 0.0280207 0.0418924
0 0.355682 0.555942 0.0260947 0.039646
0 0.150963 0.497745 0.0286498 0.0438256
0 0.0999033 0.162301 0.0285755 0.0367874
0 0.597025 0.319478 0.0263671 0.0412409
0 0.306272 0.380695 0.0265395 0.0399631
0 0.288797 0.156495 0.0254885 0.037359
0 0.569596 0.443372 0.0278305 0.0435621
0 0.613559 0.379019 0.027591 0.0399288
0 0.537754 0.256919 0.0257053 0.0400426
0 0.811582 0.260947 0.023193 0.0360241
0 0.485303 0.788704 0.0305741 0.0434474
0 0.833528 0.219042 0.0243748 0.0364162
0 0.410402 0.701079 0.02696 0.0450273
0 0.39644 0.113056 0.0264696 0.041121
0 0.086138 0.77319 0.0287945 0.0410184
0 0.868679 0.505848 0.0280155 0.0446673
0 0.127129 0.32859 0.0243462 0.0374466
0 0.381303 0.0578255 0.0266813 0.038748
0 0.945664 0.392717 0.0277554 0.0371538
0 0.0411113 0.30895 0.029443 0.0447321
0 0.757411 0.505745 0.0280868 0.0429665
0 0.190053 0.374715 0.0252776 0.040167
0 0.741001 0.114944 0.0280828 0.0422285
0 0.788475 0.447023 0.0272156 0.0422913
0 0.0869473 0.622174 0.0257005 0.038011
0 0.472859 0.50581 0.0280285 0.0396643
0 0.956711 0.437501 0.0320415 0.0426187
0 0.39371 0.244808 0.0259566 0.0370529
0 0.12665 0.833831 0.029484 0.0442871
0 0.1881 0.108024 0.0257407 0.0369496
0 0.92547 0.881511 0.041284 0.0531078
0 0.885626 0.0521744 0.0280373 0.0410432
0 0.528907 0.156837 0.0253367 0.0368607
0 0.0299922 0.60967 0.0277233 0.0417339
0 0.493443 0.384796 0.0257402 0.0369596
0 0.646414 0.627965 0.029697 0.0401817
0 0.682715 0.458983 0.0254213 0.0367703
0 0.742353 0.207721 0.0251909 0.0373259
0 0.446772 0.575653 0.0294319 0.0386972
0 0.25076 0.447808 0.0253903 0.0391302
0 0.054178 0.261763 0.0277107 0.0390055
0 0.344651 0.314992 0.0247706 0.0361134
0 0.454433 0.326851 0.0237503 0.0344859
0 0.0646903 0.14513 0.0276248 0.0433741
0 0.315682 0.781721 0.0306602 0.0420942
0 0.147501 0.206994 0.0225721 0.0342941
0 0.931964 0.156814 0.0269779 0.0385152
0 0.353065 0.690278 0.0265837 0.0478747
0 0.783525 0.516868 0.0290406 0.0428708
0 0.514082 0.430553 0.0250631 0.0373226
0 0.958482 0.203453 0.0271042 0.038525
0 0.864924 0.260283 0.02696 0.0393517
0 0.548998 0.11122 0.0257412 0.0374854
0 0.195292 0.210865 0.0264123 0.0363156
0 0.788526 0.217046 0.0243814 0.0350736
0 0.877523 0.17105 0.028644 0.037539
0 0.136393 0.25899 0.0269385 0.0412642
0 0.7789 0.165091 0.0222431 0.0353295
0 0.0790092 0.51072 0.0265555 0.0404433
0 0.141318 0.776115 0.0302686 0.0395873
0 0.307977 0.700544 0.028092 0.0429676
0 0.502484 0.115216 0.0235167 0.0337777
0 0.170544 0.331 0.0256964 0.0377519
0 0.808528 0.315261 0.0301406 0.0455247
0 0.588333 0.25951 0.027635 0.0409625
0 0.539258 0.709744 0.0298418 0.0450331
0 0.639449 0.515536 0.0293297 0.0383287
0 0.337033 0.0689539 0.0258961 0.0392772
0 0.632717 0.567451 0.0305285 0.0437186
0 0.410293 0.490149 0.0298575 0.0439808
0 0.098827 0.368547 0.0250511 0.0394155
0 0.635306 0.205385 0.0268127 0.0431947
0 0.585125 0.216116 0.0291904 0.0355665
0 0.947829 0.116855 0.0261139 0.0332526
0 0.139145 0.565331 0.0288171 0.0414679
0 0.484289 0.208434 0.0265439 0.0407982
0 0.513996 0.576292 0.0274727 0.0383636
0 0.258283 0.0737641 0.0246594 0.0376424
0 0.666997 0.160212 0.0254565 0.0381365
0 0.151726 0.151109 0.0274184 0.0385026
0 0.428323 0.158549 0.023695 0.037504
0 0.0804108 0.0584081 0.0266525 0.039274
0 0.194418 0.435764 0.0241654 0.0394243
0 0.483495 0.636829 0.0288115 0.0425035
0 0.320115 0.0119673 0.0257642 0.0238753
0 0.434567 0.117804 0.0247741 0.0381294
0 0.555583 0.386586 0.0261934 0.0385132
0 0.195142 0.628194 0.0278109 0.035532
0 0.902404 0.210744 0.0240572 0.0388453
0 0.691284 0.207956 0.0253899 0.0414018
0 0.990257 0.326668 0.0194866 0.043674
0 0.242711 0.154279 0.0271627 0.0330903
0 0.300395 0.327505 0.0238479 0.0341465
0 0.13815 0.376958 0.0223286 0.0358352
0 0.688716 0.515453 0.0275064 0.0370714
0 0.549857 0.0625991 0.0250875 0.0420601
0 0.416323 0.0256848 0.0243592 0.0360813
0 0.696042 0.0541345 0.0246768 0.0379389
0 0.709145 0.322495 0.0277231 0.0385458
0 0.968973 0.253126 0.0281567 0.0414204
0 0.706515 0.266255 0.0242435 0.0359923
0 0.203105 0.147553 0.0236541 0.0366437
0 0.287809 0.220015 0.0226714 0.0348228
0 0.0349366 0.0169761 0.0263508 0.0339522
0 0.695901 0.0176571 0.0232597 0.0212843
0 0.438101 0.257452 0.025787 0.037236
0 0.0794884 0.0139665 0.0224115 0.0279329
0 0.643439 0.106797 0.0260454 0.0410235
0 0.582457 0.64862 0.0311764 0.0431818
0 0.582084 0.567216 0.027245 0.0468763
0 0.991376 0.387439 0.0172476 0.0423886
0 0.396197 0.00954081 0.022701 0.0189039
0 0.256031 0.03492 0.0234753 0.030987
0 0.992067 0.112987 0.0158662 0.0319355
0 0.510357 0.0643461 0.0254789 0.0417201
0 0.470033 0.022532 0.0217338 0.0348495
0 0.33329 0.222469 0.0237256 0.0321622
0 0.0130891 0.757653 0.0254531 0.0413945
0 0.800777 0.109348 0.025326 0.0351253
0 0.138488 0.0953701 0.0243931 0.032016
0 0.313652 0.0853351 0.0237663 0.0383327
0 0.636717 0.157514 0.0223827 0.0341517
0 0.598567 0.0134251 0.0251614 0.0236282
0 0.391247 0.205664 0.0262394 0.0335413
0 0.629543 0.434067 0.0252119 0.0425261
0 0.0376681 0.0752253 0.0300637 0.0469967
0 0.0628468 0.0163299 0.0218374 0.0316491
0 0.752852 0.0594534 0.0244308 0.0380901
0 0.788517 0.0598341 0.0267844 0.0369274
0 0.492973 0.0243256 0.0231325 0.0334557
0 0.0793795 0.702575 0.025672 0.0402227
0 0.983907 0.0573903 0.0262688 0.0366891
0 0.418153 0.0661756 0.0244493 0.0392948
0 0.298811 0.578484 0.0284794 0.0375874
0 0.666533 0.683455 0.0313246 0.0415558
0 0.943796 0.0515696 0.0258915 0.0357116
0 0.346522 0.487057 0.0262767 0.0399284
0 0.518696 0.54957 0.0263479 0.0243061
0 0.185236 0.686356 0.0261807 0.0423149
0 0.454395 0.0278309 0.0237682 0.0349252
0 0.187049 0.294287 0.0277245 0.0367044
0 0.814967 0.569114 0.0306326 0.0413577
0 0.734185 0.166348 0.0273565 0.0379849
0 0.791666 0.0639546 0.0278368 0.0366237
0 0.0383568 0.434454 0.0256974 0.0407888
0 0.877603 0.301844 0.0274929 0.0295659
0 0.661652 0.717372 0.0348967 0.0513895
0 0.19326 0.684984 0.0317748 0.0447098
0 0.103438 0.272663 0.0268347 0.0406935
0 0.296565 0.473711 0.025984 0.0410585
0 0.782273 0.0162358 0.0219882 0.0164215
0 0.310782 0.0813189 0.0238353 0.0395162
0 0.292378 0.467232 0.0259034 0.0416666
0 0.201476 0.683916 0.0281869 0.0449654
0 0.635109 0.0160926 0.0241095 0.0260748
0 0.552578 0.016532 0.0265363 0.0298078
0 0.41744 0.442749 0.0239786 0.0324825
0 0.727106 0.0179637 0.02458 0.0206196
0 0.977098 0.499251 0.0295383 0.0456654
0 0.877274 0.21069 0.0262253 0.0395286
0 0.433802 0.202432 0.0259861 0.0410646
