0 0.667948 0.503111 0.0708908 0.139982
0 0.28732 0.290433 0.0780572 0.166145
0 0.533716 0.323131 0.0676174 0.144479
0 0.356183 0.510656 0.0758393 0.169704
0 0.527267 0.480613 0.0731001 0.148759
0 0.735672 0.447146 0.0691348 0.15932
0 0.815649 0.537567 0.0710618 0.142566
0 0.777175 0.326215 0.0678447 0.146104
0 0.848569 0.398051 0.076779 0.176721
0 0.653589 0.319596 0.0673931 0.141097
0 0.449098 0.426364 0.0739883 0.175548
0 0.235307 0.462537 0.097645 0.205016
0 0.948874 0.450759 0.0755165 0.174984
0 0.128527 0.424842 0.0694904 0.210361
0 0.385347 0.369118 0.0591296 0.125146
0 0.0576569 0.422488 0.0847387 0.18951
