0 0.581377 0.824676 0.0215333 0.0308117
0 0.617866 0.786745 0.0215191 0.0265882
0 0.944976 0.780455 0.0261864 0.0283529
0 0.749636 0.799763 0.0218786 0.0305628
0 0.144868 0.81414 0.0204529 0.0279392
0 0.710266 0.31947 0.0130825 0.0168767
0 0.272163 0.386821 0.0150664 0.0214329
0 0.389597 0.608788 0.0176328 0.0236927
0 0.382626 0.359561 0.0143374 0.0190971
0 0.810105 0.630292 0.0189632 0.0254435
0 0.391308 0.535604 0.0166876 0.0223776
0 0.207463 0.373818 0.0158281 0.0220229
0 0.556993 0.760108 0.0188555 0.0259058
0 0.681502 0.366028 0.0165407 0.0213295
0 0.393282 0.343372 0.0138838 0.0176603
0 0.44549 0.346383 0.0140842 0.0181737
0 0.568353 0.322143 0.0148676 0.017962
0 0.782562 0.296852 0.0156519 0.018596
0 0.605991 0.320895 0.0149563 0.0196099
0 0.282563 0.369704 0.0142263 0.0176638
0 0.744379 0.309291 0.0139544 0.0172105
0 0.707423 0.412343 0.0164316 0.0210456
0 0.717258 0.498937 0.0186591 0.0253898
0 0.486903 0.339107 0.013404 0.0166633
0 0.443034 0.408675 0.0166601 0.0226107
0 0.849356 0.550276 0.0187305 0.0225731
0 0.346423 0.381468 0.0151983 0.0203674
0 0.476143 0.506613 0.0175262 0.0232291
0 0.571546 0.433595 0.0158624 0.0221808
0 0.512456 0.335624 0.0128649 0.0170399
0 0.460599 0.336027 0.0141403 0.0162819
0 0.510756 0.404013 0.0176318 0.0241824
0 0.857365 0.322218 0.0157085 0.0189491
0 0.328831 0.348769 0.0136137 0.018188
0 0.732216 0.321527 0.0140599 0.0166778
0 0.531951 0.331026 0.0132874 0.0177005
0 0.548483 0.329197 0.0139471 0.0177784
0 0.0779603 0.656738 0.0171274 0.0216066
0 0.8184 0.403697 0.016114 0.0208508
0 0.765353 0.341674 0.0150657 0.0206345
0 0.245747 0.468843 0.0160242 0.0219169
0 0.305656 0.360987 0.0133821 0.0174238
0 0.431327 0.347876 0.0134344 0.0163904
0 0.825062 0.678644 0.0210213 0.0264716
0 0.866347 0.493894 0.0170923 0.0215655
0 0.272383 0.862465 0.0224284 0.0300127
0 0.764917 0.305225 0.0136143 0.0177958
0 0.820223 0.308296 0.0158207 0.0190839
0 0.582516 0.354472 0.0154303 0.0206764
0 0.253367 0.391815 0.014536 0.0208842
0 0.791099 0.403436 0.0158156 0.0208147
0 0.749093 0.516085 0.0168947 0.0223929
0 0.590458 0.318076 0.0139669 0.0191092
0 0.554006 0.330767 0.0130747 0.0180774
0 0.629559 0.322079 0.0137163 0.0180109
0 0.793468 0.308584 0.0160234 0.0190889
0 0.666356 0.315446 0.0140923 0.0180551
0 0.119106 0.39127 0.015023 0.0206427
0 0.365673 0.359593 0.0128006 0.0183651
0 0.645253 0.310204 0.014551 0.0175621
0 0.624564 0.370051 0.0151035 0.019989
0 0.286466 0.368632 0.0139568 0.0174164
0 0.767898 0.376542 0.0151844 0.0196159
0 0.28943 0.369215 0.0129584 0.0179319
0 0.382963 0.362588 0.0158845 0.0216328
0 0.569224 0.670464 0.0193774 0.0228518
0 0.611908 0.3897 0.0154839 0.0208783
0 0.680186 0.332834 0.0148497 0.0182154
0 0.276203 0.867565 0.0232013 0.0327206
0 0.469864 0.744854 0.0233548 0.0324179
0 0.64031 0.384103 0.0154068 0.0201877
0 0.307844 0.363885 0.0136587 0.0176875
0 0.253433 0.38836 0.0154682 0.0209434
