0 0.287406 0.702929 0.0432955 0.0515714
0 0.268081 0.891657 0.0469031 0.0598698
0 0.6449 0.878121 0.0531876 0.0533653
0 0.0940723 0.686788 0.0538648 0.0490026
0 0.628237 0.177375 0.0485905 0.0622392
0 0.307726 0.176491 0.0442787 0.0521775
0 0.248611 0.118686 0.0525514 0.0605455
0 0.65745 0.751046 0.0564323 0.0641209
0 0.240471 0.810564 0.0511868 0.0567417
0 0.451817 0.635186 0.0426204 0.0556249
0 0.242495 0.243941 0.0625271 0.0633787
0 0.497858 0.736126 0.0467756 0.0529497
0 0.0265682 0.601117 0.0520757 0.043906
0 0.585233 0.684791 0.0506908 0.057448
0 0.776109 0.367245 0.0651749 0.0527487
0 0.480177 0.0709257 0.0410456 0.0566259
0 0.0734425 0.0263824 0.0710778 0.052757
0 0.709802 0.838748 0.048166 0.056324
0 0.838586 0.770926 0.0585358 0.0567389
0 0.359463 0.772749 0.0456549 0.0575914
0 0.496361 0.16927 0.0447516 0.0633833
0 0.306207 0.292634 0.0627875 0.0635872
0 0.21855 0.735411 0.0491356 0.0475044
0 0.595813 0.798455 0.0434381 0.0523432
0 0.34779 0.355368 0.057608 0.050333
0 0.444806 0.191636 0.0479406 0.0563356
0 0.67775 0.218169 0.0470824 0.0589529
0 0.559424 0.155012 0.0467316 0.0635025
0 0.780992 0.894988 0.055765 0.0639149
0 0.557961 0.0682818 0.0418934 0.0592791
0 0.136295 0.395787 0.0583842 0.0602973
0 0.426503 0.714385 0.0525883 0.0547559
0 0.499003 0.584714 0.0459721 0.0544117
0 0.158431 0.485237 0.0528278 0.0568751
0 0.65367 0.488659 0.0536795 0.049218
0 0.198061 0.564703 0.04805 0.0447804
0 0.131723 0.553452 0.0521341 0.0447132
0 0.454855 0.974684 0.0422485 0.0505194
0 0.577875 0.477784 0.0486014 0.0552105
0 0.162912 0.221399 0.0724488 0.0581221
0 0.87839 0.857931 0.0523672 0.0555977
0 0.735035 0.275515 0.0504709 0.0461899
0 0.849449 0.402806 0.0652369 0.0593998
0 0.286022 0.351955 0.0569704 0.0486055
0 0.863913 0.933124 0.0711384 0.0719479
0 0.734688 0.59296 0.0577517 0.0516178
0 0.750493 0.73463 0.066226 0.0621346
0 0.868293 0.306264 0.0657911 0.0621164
0 0.352158 0.230149 0.05105 0.0514958
0 0.205442 0.443335 0.0567123 0.0624187
0 0.959064 0.476904 0.0612175 0.0450901
0 0.817509 0.635059 0.0662415 0.0494872
0 0.651523 0.548929 0.0607853 0.0598045
0 0.230307 0.32512 0.0485993 0.0434761
0 0.710841 0.169366 0.0479071 0.0594122
0 0.975472 0.131147 0.0490562 0.0596314
0 0.581207 0.26788 0.0540066 0.0616872
0 0.492914 0.845992 0.0409223 0.0473534
0 0.937557 0.349526 0.0650505 0.0490453
0 0.378741 0.128643 0.0423533 0.0583328
0 0.416283 0.862519 0.0413011 0.0569582
0 0.0321914 0.28019 0.0553886 0.059207
0 0.368938 0.969558 0.0420403 0.048357
0 0.761495 0.114514 0.0472662 0.0546918
0 0.265115 0.416169 0.0518685 0.0497541
0 0.0449098 0.46337 0.0562089 0.0492386
0 0.689393 0.38403 0.0662186 0.0492478
0 0.969329 0.661527 0.0556555 0.0550613
0 0.884857 0.0903581 0.0525698 0.051801
0 0.92074 0.734542 0.0570148 0.0599865
0 0.931782 0.0310983 0.0463734 0.0485596
0 0.808599 0.0279379 0.0445068 0.0435306
0 0.114301 0.77002 0.0499704 0.0524246
0 0.229344 0.499029 0.0537414 0.0490551
0 0.972618 0.252754 0.0544365 0.0514905
0 0.597327 0.389349 0.0474225 0.0461903
0 0.152729 0.812737 0.0420964 0.0519108
0 0.793352 0.218674 0.0470197 0.0516932
0 0.931879 0.169923 0.0514679 0.053983
0 0.545218 0.365907 0.050736 0.0527811
0 0.856972 0.201293 0.0556078 0.0488157
0 0.0219943 0.88065 0.0439887 0.0535418
0 0.162665 0.324464 0.0604779 0.0482103
0 0.410527 0.0599042 0.0422922 0.0615555
0 0.300104 0.49683 0.0582353 0.0557623
0 0.174315 0.665729 0.0436122 0.0411114
0 0.847839 0.510727 0.0681004 0.0511475
0 0.266004 0.605816 0.0509259 0.0435403
0 0.761773 0.490828 0.0524466 0.0438862
0 0.711636 0.661488 0.0557207 0.0553215
0 0.945755 0.919257 0.0618984 0.055827
0 0.471173 0.0150387 0.0453814 0.0299825
0 0.409038 0.267834 0.065897 0.0627362
0 0.364261 0.83348 0.0424682 0.0503044
0 0.177101 0.106026 0.0513734 0.0596638
0 0.839698 0.573966 0.0584415 0.0424727
0 0.562138 0.014259 0.0362144 0.0280922
0 0.65853 0.054138 0.0427605 0.0584472
0 0.373421 0.653356 0.0429252 0.0432241
0 0.482492 0.421372 0.0485773 0.0499585
0 0.525973 0.534443 0.0453974 0.05362
0 0.109791 0.945881 0.0504138 0.0420485
0 0.664759 0.283173 0.0570032 0.057943
0 0.700551 0.984768 0.0443744 0.0304636
0 0.956131 0.973761 0.0640205 0.0524775
0 0.953153 0.0623748 0.0423624 0.0455783
0 0.0392454 0.117462 0.0569709 0.0608053
0 0.597355 0.958722 0.0432055 0.0529085
0 0.233394 0.971334 0.0431147 0.0453979
0 0.658749 0.348693 0.0518312 0.0447937
0 0.42552 0.328311 0.0475891 0.0478732
0 0.0966705 0.303026 0.062335 0.051549
0 0.55797 0.881705 0.0488756 0.0618992
0 0.976095 0.526465 0.0475872 0.0539261
0 0.0221197 0.172608 0.0330229 0.0552078
0 0.0606263 0.813902 0.0651987 0.0568287
0 0.401105 0.272489 0.0569624 0.0618769
0 0.328945 0.397662 0.0592723 0.0487368
0 0.596643 0.949173 0.0457216 0.0610905
0 0.924814 0.782538 0.0561684 0.0610543
0 0.00890927 0.980852 0.0175973 0.0256437
0 0.417518 0.12829 0.0338881 0.0490687
0 0.958337 0.312779 0.050742 0.0334253
0 0.56967 0.627755 0.071037 0.0605768
0 0.352083 0.177721 0.0395109 0.0446058
