0 0.662376 0.385929 0.0367935 0.0585738
0 0.111501 0.685086 0.0399788 0.0699177
0 0.462867 0.0481721 0.0349575 0.0600782
0 0.205878 0.216953 0.0342513 0.0659946
0 0.78046 0.798032 0.0375528 0.0646174
0 0.466831 0.684588 0.0317482 0.0640738
0 0.771889 0.679904 0.0376938 0.0691414
0 0.7506 0.304419 0.0392055 0.06448
0 0.135831 0.21135 0.0332948 0.0652804
0 0.433682 0.482884 0.0363071 0.0691289
0 0.399904 0.109233 0.0352023 0.0629503
0 0.918252 0.808446 0.0383224 0.0736404
0 0.502122 0.309227 0.0420729 0.0741977
0 0.527108 0.829249 0.0383362 0.074198
0 0.0744645 0.568289 0.0385703 0.0643284
0 0.252498 0.706829 0.0379409 0.0736496
0 0.558736 0.581981 0.0356257 0.0623375
0 0.321036 0.488942 0.0340767 0.0687353
0 0.721062 0.906598 0.0407805 0.0731092
0 0.62552 0.78347 0.0377903 0.0682277
0 0.223136 0.102573 0.0375431 0.0671388
0 0.391502 0.694243 0.0359801 0.0659989
0 0.570472 0.394931 0.0356589 0.0612616
0 0.368026 0.782633 0.0360434 0.0646021
0 0.587706 0.300312 0.0402238 0.0628405
0 0.640092 0.693624 0.0367147 0.0679538
0 0.317086 0.394771 0.0366333 0.0720831
0 0.616285 0.467975 0.0364981 0.0665041
0 0.678798 0.207534 0.0342745 0.0579721
0 0.196363 0.389116 0.0344184 0.0719072
0 0.291944 0.113216 0.0312654 0.0575359
0 0.120504 0.125908 0.0298634 0.0590535
0 0.0569499 0.307062 0.0359603 0.0685741
0 0.842813 0.459841 0.0376843 0.0652555
0 0.769394 0.482926 0.0399042 0.06474
0 0.0437535 0.686294 0.0383021 0.0671665
0 0.926794 0.671296 0.0374758 0.066665
0 0.724178 0.125922 0.0335339 0.0637789
0 0.237313 0.585922 0.0358335 0.0698196
0 0.842052 0.803535 0.0367205 0.0721256
0 0.18451 0.490928 0.0391926 0.0660175
0 0.268093 0.202549 0.0330449 0.0555585
0 0.198579 0.928608 0.0378744 0.0783577
0 0.688923 0.48654 0.0361731 0.0621206
0 0.216743 0.289726 0.0331281 0.0525843
0 0.843098 0.201598 0.0329491 0.060333
0 0.135531 0.315423 0.0355163 0.0762744
0 0.714105 0.697847 0.0317234 0.0611962
0 0.282797 0.928596 0.0362803 0.0701958
0 0.301449 0.786936 0.0359278 0.0724415
0 0.0714096 0.231964 0.0339772 0.0635453
0 0.119406 0.399603 0.03186 0.0607514
0 0.722722 0.807057 0.0289825 0.0604744
0 0.519853 0.125956 0.0316004 0.0558849
0 0.40608 0.910198 0.0371219 0.0619427
0 0.848291 0.670886 0.0344692 0.0614652
0 0.597369 0.203353 0.0365854 0.0659248
0 0.299902 0.289405 0.0384525 0.0635848
0 0.476841 0.894954 0.0381218 0.0615635
0 0.693893 0.288495 0.0356959 0.0612186
0 0.921273 0.191949 0.0315052 0.0643713
0 0.493419 0.607992 0.0322033 0.0654996
0 0.795883 0.119026 0.0319468 0.0526625
0 0.443568 0.392604 0.0395998 0.0632245
0 0.888105 0.308504 0.0422153 0.0672843
0 0.555062 0.928554 0.0384739 0.0613569
0 0.751041 0.216575 0.0317774 0.0620183
0 0.4795 0.207319 0.0318922 0.0546568
0 0.0400017 0.416247 0.0372078 0.0719667
0 0.844832 0.02602 0.0297861 0.0512588
0 0.337257 0.211167 0.0291178 0.052729
0 0.38417 0.496693 0.0334119 0.0639622
0 0.868673 0.113721 0.0326592 0.0664039
0 0.20806 0.819627 0.0352632 0.0703001
0 0.312471 0.67287 0.0323906 0.0603418
0 0.245303 0.485729 0.0343399 0.0725168
0 0.0493783 0.486634 0.0362766 0.0572924
0 0.541036 0.211351 0.0347962 0.0577584
0 0.909595 0.480276 0.0376083 0.0730263
0 0.394507 0.190673 0.0315571 0.0584854
0 0.184067 0.0350245 0.0335037 0.050588
0 0.553677 0.491937 0.0369013 0.0647978
0 0.153639 0.806936 0.0330105 0.0599819
0 0.785698 0.037898 0.0295136 0.05992
0 0.253644 0.0329655 0.0305946 0.0494928
0 0.491842 0.477839 0.0376446 0.0618675
0 0.711896 0.589699 0.0300433 0.0598608
0 0.941119 0.023862 0.0283039 0.047724
0 0.580652 0.120927 0.0339561 0.0618314
0 0.100882 0.489163 0.0330797 0.0578054
0 0.984272 0.681303 0.0314568 0.0682556
0 0.400598 0.393085 0.0324389 0.0614446
0 0.0553739 0.131262 0.030428 0.0644283
0 0.369643 0.596128 0.0326012 0.0672452
0 0.56034 0.686002 0.0317484 0.0602749
0 0.914992 0.586282 0.0329891 0.0641752
0 0.55081 0.0714337 0.0336508 0.0581802
0 0.0530787 0.862433 0.0404907 0.0706532
0 0.867825 0.595974 0.0359743 0.0648318
0 0.693294 0.0336003 0.0310356 0.0560285
