0 0.62895 0.491983 0.0640245 0.101269
0 0.246118 0.321743 0.0613075 0.0841136
0 0.503014 0.487074 0.0605685 0.101415
0 0.523907 0.157911 0.060343 0.0774311
0 0.639579 0.310386 0.0580328 0.0909665
0 0.71335 0.322879 0.0508147 0.0845571
0 0.317283 0.479917 0.0577593 0.0913315
0 0.429342 0.345456 0.0587803 0.0758035
0 0.406911 0.49448 0.0598856 0.0866111
0 0.776248 0.181141 0.0540354 0.0751334
0 0.297332 0.201171 0.0490608 0.0756116
0 0.521238 0.373078 0.0534367 0.0801926
0 0.340952 0.335414 0.057273 0.0793941
0 0.648254 0.165777 0.0547606 0.0729018
0 0.190889 0.167634 0.0629193 0.0908017
0 0.393862 0.177879 0.0539182 0.0797592
0 0.799458 0.595521 0.0519814 0.0888611
