0 0.083384 0.485149 0.123321 0.122175
0 0.603188 0.797204 0.0982424 0.16406
0 0.557546 0.569361 0.0972588 0.14632
0 0.29869 0.461897 0.0859597 0.130744
0 0.237875 0.660403 0.104099 0.142696
0 0.903416 0.576291 0.113494 0.183938
0 0.724251 0.3224 0.0947884 0.135092
0 0.874555 0.229851 0.0703611 0.108271
0 0.051116 0.755203 0.102232 0.126274
0 0.486662 0.415909 0.097497 0.136599
0 0.421702 0.933655 0.138984 0.124756
0 0.099967 0.882532 0.197415 0.125232
0 0.572762 0.106307 0.0781022 0.0960283
0 0.835535 0.454436 0.0859623 0.127506
0 0.922693 0.109409 0.0654343 0.0899303
0 0.251006 0.406306 0.0674334 0.110418
0 0.39963 0.369087 0.082596 0.103562
0 0.292223 0.228837 0.0765045 0.102413
0 0.524465 0.292124 0.0881474 0.0832507
0 0.458925 0.172952 0.074568 0.107817
0 0.386479 0.844078 0.091887 0.0865055
0 0.643192 0.208691 0.083387 0.0933367
0 0.975251 0.359466 0.0494985 0.114826
0 0.412011 0.125779 0.0725289 0.113329
0 0.746395 0.103964 0.0710567 0.102541
0 0.760347 0.209648 0.0712205 0.0806941
0 0.752006 0.961121 0.131525 0.0777588
0 0.043868 0.618171 0.087736 0.110205
0 0.536909 0.0685937 0.0435669 0.0799181
0 0.827446 0.209914 0.0567442 0.091193
0 0.36569 0.111988 0.0583208 0.117783
0 0.671574 0.296719 0.061018 0.0883492
0 0.544279 0.404681 0.0734713 0.109106
0 0.523859 0.0314993 0.0516652 0.0619605
0 0.920178 0.217465 0.0574062 0.101704
0 0.129868 0.70749 0.104819 0.133266
