0 0.171742 0.590716 0.120367 0.157628
0 0.410334 0.510944 0.129384 0.16018
0 0.74103 0.240394 0.115733 0.158517
0 0.497782 0.305864 0.0603582 0.0690967
0 0.14051 0.403571 0.0686529 0.0792824
0 0.541188 0.396045 0.0933828 0.120211
0 0.0777111 0.303348 0.0525454 0.0692632
0 0.762098 0.057108 0.053515 0.0629793
0 0.0381431 0.457563 0.0762088 0.108658
0 0.886997 0.0542837 0.0662716 0.091205
0 0.0212952 0.295412 0.0425905 0.0539131
0 0.393396 0.324053 0.0597705 0.0729592
0 0.627389 0.107351 0.053409 0.0717474
0 0.713908 0.100569 0.0609579 0.0679601
0 0.808977 0.0382818 0.0501507 0.0595004
0 0.396775 0.128584 0.0295905 0.0417502
0 0.622153 0.311305 0.0758844 0.096889
0 0.713052 0.063 0.0443385 0.0461833
0 0.124469 0.2424 0.033518 0.0386154
0 0.276499 0.214562 0.0322059 0.0417619
0 0.0151947 0.156689 0.0303298 0.0435494
0 0.668288 0.0704541 0.0327087 0.0468111
0 0.376394 0.126317 0.0299331 0.0420213
0 0.123839 0.154077 0.0291607 0.0350039
