0 0.827555 0.483541 0.0762907 0.105393
0 0.149574 0.560747 0.062301 0.0792193
0 0.398619 0.556522 0.0315723 0.0400159
0 0.933312 0.49153 0.133249 0.226449
0 0.593916 0.675419 0.0406453 0.050206
0 0.243119 0.863299 0.0593668 0.0444498
0 0.463215 0.555763 0.0329335 0.0416612
0 0.537751 0.530799 0.0330658 0.0442336
0 0.516803 0.553692 0.0378697 0.0491665
0 0.773658 0.528965 0.0400399 0.0487835
0 0.193112 0.54194 0.0265195 0.037115
0 0.484237 0.543813 0.0251972 0.0363607
0 0.66837 0.587147 0.022032 0.0287299
0 0.267574 0.536372 0.0187807 0.0252844
0 0.055617 0.516995 0.0198604 0.0277567
0 0.596291 0.590231 0.0362473 0.0509818
0 0.20796 0.557473 0.0204531 0.0287401
0 0.70063 0.560087 0.0215086 0.0245522
