0 0.480723 0.324323 0.0646115 0.0911662
0 0.624398 0.663893 0.199131 0.252124
0 0.219492 0.294826 0.0680305 0.0849738
0 0.643812 0.461344 0.0732029 0.112344
0 0.675034 0.355131 0.0513945 0.0788122
0 0.342571 0.523915 0.117489 0.167692
0 0.433577 0.180219 0.0602715 0.0777986
0 0.493189 0.210577 0.0549835 0.0777945
0 0.181416 0.208901 0.0530991 0.0657938
0 0.586842 0.270526 0.0540211 0.0739386
0 0.737534 0.274549 0.0299837 0.0433151
0 0.904648 0.297154 0.0232918 0.0340726
0 0.336447 0.164988 0.0221209 0.0281301
0 0.97417 0.510702 0.0514526 0.0652061
0 0.466051 0.166435 0.0332851 0.0466446
0 0.984439 0.363228 0.0307982 0.0500215
0 0.564718 0.167218 0.0182114 0.0229049
0 0.331509 0.132906 0.0154788 0.019707
0 0.636041 0.20942 0.0193255 0.0254952
0 0.222542 0.0946076 0.0142534 0.0186242
0 0.49788 0.162059 0.0226725 0.0265891
0 0.37011 0.123471 0.013563 0.016763
0 0.22623 0.117754 0.0170584 0.021464
0 0.946894 0.309252 0.0167576 0.0210443
0 0.740606 0.229025 0.0152811 0.0199887
0 0.155013 0.0818819 0.0161486 0.0189915
0 0.178728 0.0920039 0.0186153 0.0216353
0 0.354093 0.135135 0.0150111 0.0199756
0 0.580815 0.169454 0.0154182 0.0191617
0 0.355442 0.138524 0.0169889 0.0226986
0 0.667365 0.217749 0.017715 0.0217682
0 0.189923 0.0808873 0.0171857 0.0213079
0 0.993008 0.302633 0.0133396 0.0189006
0 0.86707 0.269579 0.0174999 0.0211268
0 0.371005 0.125584 0.0164519 0.0198399
0 0.714098 0.244636 0.0191212 0.0256804
0 0.802479 0.232133 0.0128736 0.016396
0 0.864373 0.268293 0.0198082 0.0246324
0 0.34412 0.129769 0.0136003 0.0186529
0 0.391584 0.134634 0.0244678 0.030984
0 0.110687 0.0777375 0.0167311 0.0207935
0 0.248004 0.117896 0.0179872 0.0233382
