0 0.23726 0.422565 0.0378452 0.0629079
0 0.431802 0.183993 0.0459084 0.0768046
0 0.708763 0.437656 0.0495558 0.0859922
0 0.660621 0.242508 0.0516832 0.081466
0 0.677684 0.413759 0.0443692 0.0789742
0 0.812574 0.542175 0.0475574 0.0828605
0 0.451655 0.703567 0.050385 0.0721007
0 0.521631 0.849779 0.0646442 0.0827446
0 0.861103 0.577677 0.0450497 0.0776682
0 0.73771 0.762314 0.0503225 0.0726969
0 0.774664 0.537054 0.048022 0.0789736
0 0.503275 0.283376 0.0467476 0.0669338
0 0.784633 0.769108 0.0545193 0.0926504
0 0.708826 0.0555132 0.0374434 0.0631339
0 0.721897 0.2545 0.0429485 0.0739771
0 0.321264 0.095677 0.0384341 0.0594202
0 0.672868 0.654123 0.0479853 0.0757042
0 0.143772 0.105818 0.0338312 0.0595233
0 0.089097 0.52393 0.0464287 0.065497
0 0.927321 0.407956 0.0457493 0.0756253
0 0.887408 0.183279 0.0418747 0.069609
0 0.176939 0.132749 0.0370466 0.066669
0 0.523705 0.119264 0.0373339 0.0545865
0 0.719965 0.690558 0.0416353 0.0707737
0 0.884894 0.374811 0.0452557 0.0814342
0 0.321603 0.559647 0.0390209 0.0619091
0 0.52674 0.754831 0.0483468 0.0723149
0 0.5989 0.348316 0.0390623 0.0825317
0 0.957727 0.0756209 0.0360329 0.0474575
0 0.781644 0.279415 0.0354568 0.0693538
0 0.284431 0.248729 0.0361891 0.065521
0 0.490991 0.223869 0.0384731 0.0598186
0 0.7515 0.270216 0.0363341 0.0679691
0 0.227599 0.201324 0.0354345 0.0554998
0 0.559318 0.321244 0.0479048 0.0924062
0 0.981609 0.455175 0.0366837 0.0744061
0 0.564401 0.120099 0.0403997 0.0642552
0 0.0912984 0.83807 0.0630366 0.0446257
0 0.158287 0.749963 0.0520177 0.0639408
0 0.962658 0.229866 0.0390163 0.0652146
0 0.96628 0.425321 0.0372753 0.0728666
0 0.758307 0.701522 0.0468042 0.0549223
0 0.478891 0.10349 0.0414875 0.0627402
0 0.844423 0.162305 0.0433981 0.0718758
0 0.387399 0.883415 0.0543733 0.0364735
0 0.596684 0.122822 0.0331728 0.0584087
0 0.467949 0.206089 0.0370613 0.0699115
0 0.436353 0.373703 0.0499649 0.0727876
0 0.919374 0.202597 0.0383423 0.0729918
0 0.336634 0.351333 0.041307 0.0644634
0 0.906844 0.600719 0.0423775 0.0783225
0 0.305598 0.809459 0.0580389 0.0705418
0 0.982289 0.287133 0.0354221 0.0708031
0 0.172759 0.360486 0.0384997 0.0700992
0 0.770182 0.465023 0.0430286 0.0767723
0 0.621383 0.369783 0.0358812 0.0739173
0 0.285407 0.714362 0.0675449 0.0495193
0 0.614097 0.607919 0.038884 0.0732292
0 0.261595 0.22675 0.0355867 0.0718194
0 0.201754 0.402726 0.0392832 0.063532
0 0.0340817 0.799682 0.0402677 0.0668033
0 0.0480229 0.209371 0.033239 0.0582769
0 0.366234 0.332929 0.0465406 0.0786038
0 0.203519 0.658916 0.0507855 0.045384
0 0.515539 0.5115 0.0462902 0.0642166
0 0.795084 0.327931 0.0468019 0.0861329
0 0.337092 0.303688 0.0339361 0.054137
0 0.491325 0.759732 0.045529 0.0671274
0 0.983735 0.0804944 0.0325293 0.0532279
0 0.819848 0.343162 0.045228 0.0784068
0 0.561836 0.776056 0.0467024 0.0729767
0 0.587573 0.599061 0.0371204 0.0628739
0 0.741097 0.451653 0.0415852 0.0830498
0 0.275231 0.773145 0.0435551 0.0681319
0 0.569752 0.546977 0.0432966 0.0703748
0 0.0769157 0.801213 0.0535009 0.0397187
0 0.466353 0.0251192 0.0346167 0.0500647
0 0.264398 0.466152 0.0337533 0.0592115
0 0.615554 0.147388 0.037961 0.0669191
0 0.530448 0.250002 0.0414717 0.0634678
0 0.0240514 0.712447 0.0472255 0.0373949
0 0.355407 0.863972 0.0551546 0.0490307
0 0.649487 0.383352 0.0390659 0.0779941
0 0.270072 0.0425194 0.0363996 0.0584677
0 0.119195 0.0947916 0.0275652 0.0522534
0 0.763964 0.0942983 0.0363292 0.0648446
0 0.0685148 0.482428 0.0442501 0.0647537
0 0.956233 0.619322 0.05742 0.0580509
0 0.694636 0.216977 0.0372326 0.0661958
0 0.801503 0.121993 0.041567 0.0776097
0 0.456658 0.642657 0.0463728 0.05082
0 0.293065 0.472374 0.0363054 0.0563192
0 0.100988 0.0747368 0.0298565 0.0517712
0 0.415006 0.619829 0.0408123 0.0760324
0 0.375632 0.605831 0.0387716 0.0674736
0 0.435791 0.0182927 0.0299644 0.0365494
0 0.31315 0.258503 0.0335506 0.0641217
0 0.11801 0.57782 0.0384248 0.0682093
0 0.0777844 0.0533175 0.0303781 0.0614341
0 0.404559 0.0147622 0.0324748 0.0295244
0 0.463354 0.464492 0.0330423 0.0662437
0 0.145072 0.316328 0.0349836 0.0686452
0 0.35272 0.576999 0.0373536 0.0588118
0 0.221598 0.0178202 0.0308407 0.0356404
0 0.824825 0.902104 0.0501699 0.0544207
0 0.165914 0.634127 0.0391872 0.0440578
0 0.797301 0.108563 0.043688 0.0720751
0 0.938056 0.215822 0.040226 0.0714823
0 0.483334 0.463218 0.0295231 0.0634871
0 0.0182675 0.773213 0.0365349 0.0746099
0 0.242277 0.0258818 0.0310725 0.051443
0 0.95575 0.680908 0.0436996 0.0739605
0 0.32405 0.280084 0.0287878 0.0559053
0 0.858307 0.357106 0.0434322 0.0795693
0 0.313719 0.490283 0.0357803 0.0409967
0 0.321795 0.0521991 0.0396569 0.0345091
0 0.116273 0.314012 0.0347602 0.0604637
0 0.635232 0.177898 0.0361197 0.0634864
0 0.521572 0.462868 0.0335813 0.0396811
0 0.159932 0.682333 0.0536599 0.0521677
0 0.650758 0.17113 0.0427848 0.056361
0 0.355211 0.82669 0.0542122 0.0320904
0 0.139661 0.57896 0.0397535 0.067794
0 0.159469 0.340335 0.0311926 0.0647834
0 0.0241521 0.425466 0.0380808 0.0543439
0 0.146593 0.306756 0.0363511 0.0562362
0 0.0227407 0.756018 0.044578 0.0478585
0 0.201909 0.698149 0.048787 0.0515086
0 0.437003 0.645955 0.0328241 0.060841
0 0.645123 0.175297 0.0485985 0.0620051
0 0.297404 0.0664387 0.0264661 0.047891
0 0.109486 0.300193 0.0347211 0.0710577
0 0.178708 0.590112 0.0576958 0.049399
0 0.310673 0.0599152 0.0322964 0.0437009
0 0.384167 0.166899 0.0363734 0.0630564
0 0.744798 0.0700316 0.0342257 0.0634078
0 0.175211 0.602858 0.0459155 0.0255264
0 0.835589 0.312722 0.0395424 0.0653228
0 0.363091 0.533959 0.0431695 0.0381549
0 0.402625 0.161362 0.037797 0.0716337
0 0.0149609 0.457367 0.0265974 0.0600895
0 0.172418 0.598245 0.0440204 0.03596
0 0.587688 0.500826 0.0476774 0.0388443
0 0.328175 0.505786 0.0425747 0.0445896
0 0.644185 0.619235 0.0361599 0.0680042
0 0.0225103 0.765742 0.0443418 0.062537
0 0.761408 0.0827308 0.0340736 0.0570176
