0 0.253442 0.455966 0.020629 0.0370726
0 0.854478 0.499955 0.0197277 0.0395643
0 0.292713 0.448025 0.0198915 0.0395723
0 0.354416 0.469509 0.0189041 0.0346613
0 0.771795 0.47175 0.019688 0.0343757
0 0.317994 0.466694 0.0204038 0.0341942
0 0.948774 0.459122 0.0217873 0.0362288
0 0.206415 0.454292 0.0219858 0.0399215
0 0.815961 0.480481 0.0175323 0.0361311
0 0.442533 0.458094 0.0177483 0.0327673
0 0.0956441 0.423997 0.0217367 0.0364063
0 0.504463 0.497491 0.0218908 0.0340731
0 0.166093 0.447631 0.0208128 0.0351151
0 0.736899 0.461818 0.0178864 0.0344841
0 0.0284284 0.419832 0.0185617 0.0349662
0 0.121303 0.413962 0.0195036 0.0338641
0 0.319828 0.426285 0.0177559 0.0302917
0 0.631856 0.448076 0.0171986 0.0340433
0 0.55777 0.455934 0.0182782 0.0374833
0 0.573676 0.438455 0.0165785 0.031634
0 0.347365 0.4304 0.0165118 0.0291876
0 0.462034 0.409593 0.0150843 0.0257076
0 0.878198 0.445621 0.0183426 0.0378536
0 0.991635 0.46923 0.0166935 0.0378868
0 0.289731 0.408443 0.016816 0.0275349
0 0.462188 0.440325 0.0166855 0.0300621
0 0.929245 0.452097 0.0219353 0.0386948
0 0.705095 0.307747 0.0119609 0.0207068
0 0.540927 0.443843 0.0164394 0.0313726
0 0.268263 0.272506 0.0118927 0.0198797
0 0.596474 0.463749 0.0172855 0.037797
0 0.139932 0.434225 0.0210378 0.0361164
0 0.294292 0.314723 0.0128363 0.0225724
0 0.469873 0.344697 0.012859 0.0255068
0 0.840186 0.446598 0.0175068 0.0368441
0 0.0931202 0.195229 0.0133429 0.023228
0 0.686662 0.334999 0.0125915 0.023953
0 0.664671 0.460761 0.0164653 0.0312054
0 0.736584 0.41255 0.0154283 0.0304415
0 0.85667 0.437819 0.017292 0.0365177
0 0.410102 0.445384 0.018309 0.0343347
0 0.51996 0.457079 0.0167767 0.0330848
0 0.0633685 0.190858 0.0132118 0.022235
0 0.618744 0.282054 0.0119837 0.0231393
0 0.987815 0.433477 0.0204525 0.0333269
0 0.189116 0.444414 0.0192433 0.0331726
0 0.338271 0.334239 0.0140187 0.0246847
0 0.0861061 0.385287 0.0169156 0.0293706
0 0.0303207 0.334071 0.0179891 0.0321603
0 0.170934 0.418999 0.0176034 0.0266949
0 0.540015 0.362456 0.0132817 0.0231435
0 0.47697 0.465925 0.0180185 0.0324736
0 0.82939 0.265578 0.0116089 0.0213327
0 0.235847 0.30568 0.0144287 0.0245726
0 0.161964 0.360537 0.0164988 0.028967
0 0.593897 0.366896 0.0131409 0.0246968
0 0.890988 0.455367 0.0176695 0.0321571
0 0.677372 0.400218 0.0147705 0.0264506
0 0.263115 0.208468 0.0111968 0.0206663
0 0.0665443 0.293641 0.0151424 0.0254327
0 0.66726 0.428317 0.0137694 0.0249533
0 0.426398 0.42946 0.0161379 0.0278394
0 0.295074 0.343201 0.0131366 0.0223439
0 0.441768 0.270267 0.0117244 0.0214567
0 0.355163 0.244647 0.0122179 0.0211445
0 0.314363 0.338787 0.0138938 0.0253859
0 0.820853 0.340994 0.0134991 0.0275399
0 0.0797644 0.218633 0.0135247 0.0240365
0 0.312725 0.284473 0.0126001 0.0213516
0 0.730323 0.322624 0.0116648 0.0227277
0 0.385701 0.295545 0.0126681 0.0229574
0 0.730814 0.259698 0.0116898 0.0204285
0 0.385536 0.436679 0.0164394 0.0306209
0 0.701871 0.34292 0.0126213 0.0250591
0 0.304586 0.420052 0.0151309 0.0273485
0 0.677582 0.446931 0.0157573 0.0309292
0 0.696689 0.457645 0.0153451 0.0298538
0 0.567528 0.256319 0.0115366 0.0202265
0 0.631743 0.256398 0.0112356 0.0194227
0 0.555725 0.411493 0.014723 0.0261507
0 0.357403 0.307007 0.0123064 0.0226908
0 0.365795 0.291461 0.011163 0.0196272
0 0.906315 0.362351 0.0139709 0.0271732
0 0.504578 0.420765 0.0155425 0.0292144
0 0.268689 0.409842 0.0147751 0.0253367
0 0.668771 0.426016 0.0140759 0.0237661
0 0.208399 0.184843 0.0104298 0.0206423
0 0.325957 0.276533 0.0118415 0.0205936
0 0.491098 0.259113 0.0109099 0.0206362
0 0.578154 0.268209 0.0115254 0.0206496
0 0.252252 0.309519 0.0131321 0.0219172
0 0.812948 0.29193 0.0112087 0.0200479
0 0.424964 0.227773 0.010988 0.0201105
0 0.856253 0.210053 0.0107239 0.0188644
0 0.414471 0.217667 0.0107906 0.019684
0 0.171029 0.224636 0.0113867 0.0195662
0 0.206837 0.310045 0.014026 0.0235438
0 0.65766 0.31588 0.0118452 0.0228781
0 0.0116522 0.404068 0.0170576 0.0437805
0 0.489012 0.259576 0.0115826 0.0213051
0 0.579485 0.355697 0.0134214 0.0253492
0 0.420063 0.2944 0.012425 0.0234951
0 0.978578 0.363198 0.0152687 0.0276117
0 0.457844 0.301724 0.0123241 0.0229472
0 0.213083 0.367416 0.0154946 0.0250497
0 0.733866 0.28116 0.0114683 0.0216183
0 0.22577 0.273417 0.0131632 0.0221866
0 0.180507 0.323736 0.0139382 0.0220083
0 0.133309 0.165824 0.0117144 0.0200846
0 0.65548 0.260725 0.011722 0.0211987
0 0.270796 0.231519 0.011362 0.0209848
0 0.805794 0.316679 0.0119188 0.023783
0 0.881345 0.318786 0.0117031 0.0207822
0 0.782851 0.364794 0.0122938 0.0234182
0 0.428985 0.257047 0.0111488 0.022999
0 0.275613 0.129623 0.0106259 0.019183
0 0.791857 0.266239 0.0112444 0.0208205
0 0.762793 0.333637 0.0127672 0.0232452
0 0.88619 0.33778 0.0129967 0.0246978
0 0.918792 0.366625 0.0142351 0.0277669
0 0.755415 0.153111 0.0102262 0.017095
0 0.456803 0.299218 0.0121874 0.0224566
0 0.706305 0.180333 0.00936413 0.0170176
0 0.154626 0.399774 0.0179846 0.0314724
0 0.790339 0.347179 0.0120947 0.0227691
0 0.38171 0.258757 0.0117294 0.0209324
0 0.314573 0.395446 0.0146981 0.0234682
0 0.631589 0.220177 0.00987158 0.0195283
0 0.0557872 0.230374 0.0132706 0.0228055
0 0.386941 0.40517 0.0144536 0.0240032
0 0.18216 0.394662 0.0152106 0.0266167
0 0.613488 0.214362 0.0105289 0.0193967
0 0.8957 0.293727 0.0117702 0.0215345
0 0.779966 0.321052 0.012669 0.0229875
0 0.193292 0.24941 0.0121603 0.0212902
0 0.641496 0.2551 0.0107553 0.0189523
0 0.0516606 0.369307 0.0169795 0.0294944
0 0.51813 0.413297 0.0155184 0.0295447
0 0.28736 0.268761 0.0127618 0.0219292
0 0.716328 0.265418 0.0115435 0.0215167
0 0.67886 0.369561 0.0132867 0.0246716
0 0.288085 0.117607 0.0101926 0.0184646
0 0.718692 0.35845 0.0127871 0.0263021
0 0.337637 0.291588 0.0122006 0.0205356
0 0.606823 0.37326 0.0126005 0.0238186
0 0.330793 0.179886 0.0109132 0.0200989
0 0.979793 0.312402 0.0139641 0.0242366
0 0.697556 0.461613 0.0156654 0.0286562
0 0.502877 0.268136 0.0113068 0.0209714
0 0.737594 0.28399 0.012245 0.0218494
0 0.608418 0.303714 0.0124604 0.0229167
0 0.779101 0.281503 0.0122029 0.0225713
0 0.656459 0.263366 0.0115365 0.0204974
0 0.780566 0.194365 0.00986652 0.01831
0 0.319589 0.146223 0.00963917 0.0181845
0 0.118988 0.304268 0.0136134 0.0216968
0 0.633144 0.282618 0.0114487 0.0222277
0 0.619198 0.241956 0.00999928 0.018104
0 0.771311 0.220442 0.0102896 0.0201033
0 0.257194 0.227848 0.0113318 0.0216126
0 0.136216 0.35692 0.0159614 0.0259236
0 0.356765 0.346324 0.0141253 0.0245817
0 0.387365 0.339773 0.0136345 0.0277536
0 0.345252 0.172397 0.01071 0.0198089
0 0.867754 0.292413 0.0118757 0.0242974
0 0.0378857 0.26245 0.0134701 0.0209127
0 0.0956036 0.35886 0.0169496 0.0263001
0 0.603574 0.421955 0.0134165 0.0255793
0 0.943366 0.272802 0.0128048 0.0217401
0 0.366725 0.359019 0.0140981 0.0261539
0 0.955724 0.243585 0.0117783 0.0213004
0 0.256635 0.292269 0.0118721 0.0192273
0 0.191503 0.251971 0.0125907 0.0216826
0 0.370395 0.317047 0.0134065 0.0254847
0 0.369192 0.265613 0.0113121 0.0193375
0 0.695674 0.243687 0.0109343 0.0206393
0 0.157112 0.172846 0.0115113 0.0208314
0 0.908558 0.213446 0.0102135 0.0189838
0 0.411357 0.441105 0.0186171 0.0318495
0 0.5948 0.285708 0.0122093 0.0211754
0 0.577716 0.291705 0.0128207 0.021165
0 0.552902 0.294602 0.0124166 0.0213615
0 0.404997 0.239823 0.0112861 0.0203419
0 0.37013 0.424762 0.0161225 0.0298779
0 0.706495 0.245228 0.0108427 0.0201173
0 0.257534 0.379964 0.0136583 0.0229879
0 0.877032 0.353068 0.0131241 0.0247149
0 0.444113 0.307608 0.0125354 0.0242738
0 0.932158 0.370531 0.0137365 0.0243252
0 0.583631 0.222054 0.0109215 0.0193573
0 0.908603 0.32967 0.0124014 0.0247789
0 0.717834 0.261224 0.0115753 0.0211225
0 0.0318136 0.282293 0.016156 0.025064
0 0.338821 0.36652 0.014723 0.0236654
0 0.487433 0.290639 0.0120228 0.0219462
0 0.448636 0.358018 0.0138737 0.0260209
