0 0.897168 0.70632 0.0364601 0.0521191
0 0.312071 0.858612 0.0350141 0.0447475
0 0.0633528 0.810523 0.0340304 0.0498406
0 0.513505 0.928423 0.0337202 0.0517109
0 0.263365 0.812029 0.0306094 0.0454456
0 0.812651 0.456681 0.0285217 0.0450888
0 0.586397 0.755868 0.031587 0.0459332
0 0.697134 0.866625 0.0312477 0.04601
0 0.931477 0.850769 0.034132 0.0502888
0 0.356953 0.933586 0.0347777 0.0508945
0 0.83418 0.484984 0.0271784 0.0429876
0 0.821185 0.640173 0.0335148 0.0423172
0 0.233299 0.755963 0.0301589 0.0410904
0 0.831829 0.67972 0.0291912 0.0401445
0 0.781884 0.815393 0.0313589 0.0477238
0 0.32357 0.748135 0.0311007 0.0449919
0 0.258436 0.759154 0.0294011 0.0409857
0 0.476023 0.459142 0.0320347 0.0435512
0 0.333893 0.234717 0.0237862 0.0380783
0 0.6057 0.786628 0.0324824 0.0483003
0 0.138353 0.9179 0.0332114 0.0452293
0 0.806922 0.835191 0.0328456 0.0473116
0 0.554574 0.428042 0.0307709 0.0433989
0 0.939574 0.400159 0.0323416 0.0417834
0 0.857401 0.772764 0.0323215 0.0499328
0 0.952249 0.563947 0.0319088 0.0457433
0 0.820174 0.767214 0.0321972 0.0472485
0 0.432271 0.655027 0.0275961 0.0383524
0 0.444568 0.877563 0.0313317 0.0470619
0 0.867643 0.427495 0.0293606 0.0473377
0 0.784457 0.374942 0.0274418 0.0417806
0 0.546068 0.745648 0.032728 0.044475
0 0.916088 0.618417 0.0290291 0.0405176
0 0.566479 0.547307 0.0278378 0.0389416
0 0.666847 0.277347 0.0258806 0.0363102
0 0.174128 0.654842 0.0300814 0.0437267
0 0.696127 0.383765 0.026799 0.0390948
0 0.80814 0.252082 0.0276653 0.0428019
0 0.497896 0.399901 0.0277553 0.0390744
0 0.503076 0.806734 0.029118 0.0435637
0 0.338922 0.495314 0.0285757 0.0406571
0 0.148806 0.781884 0.0296612 0.0406788
0 0.635717 0.932632 0.0371859 0.0478127
0 0.522489 0.314019 0.026516 0.0382527
0 0.356961 0.747798 0.0313876 0.0425557
0 0.865463 0.514352 0.0282684 0.0394411
0 0.109625 0.730266 0.0305252 0.0443801
0 0.504799 0.976574 0.0369539 0.0460264
0 0.295511 0.570817 0.0326216 0.0462877
0 0.756394 0.923753 0.0304747 0.0512083
0 0.946214 0.967117 0.035165 0.0474199
0 0.611231 0.303362 0.0267572 0.0420787
0 0.922921 0.307375 0.0281157 0.0423843
0 0.287494 0.272421 0.0247496 0.0393352
0 0.1047 0.398729 0.0235935 0.0347887
0 0.703933 0.748463 0.0336042 0.0462574
0 0.629939 0.80885 0.0314516 0.0463314
0 0.728647 0.782813 0.0334963 0.0474924
0 0.424375 0.334403 0.0274991 0.0402893
0 0.888069 0.447802 0.0279369 0.0445232
0 0.480939 0.912866 0.0343132 0.0481541
0 0.428685 0.235621 0.0238359 0.0351861
0 0.18188 0.711125 0.0290797 0.0400892
0 0.121166 0.858556 0.0326604 0.0455326
0 0.585127 0.231787 0.0254616 0.0371101
0 0.376281 0.797851 0.0287349 0.040584
0 0.209667 0.853652 0.0305199 0.0344318
0 0.717732 0.329358 0.0269488 0.0398448
0 0.0328125 0.766963 0.0313016 0.0397025
0 0.45222 0.1361 0.0252099 0.0366369
0 0.810814 0.0611542 0.0238731 0.0356252
0 0.347741 0.338804 0.0262254 0.0387307
0 0.906639 0.584984 0.0312979 0.0460123
0 0.780174 0.936595 0.0308432 0.0483505
0 0.659964 0.718945 0.0307354 0.0433184
0 0.453411 0.804585 0.0313253 0.0420042
0 0.0352881 0.814876 0.0290645 0.0411149
0 0.258451 0.436838 0.024509 0.0379068
0 0.264553 0.190338 0.0235077 0.033893
0 0.253424 0.625299 0.0298696 0.0337187
0 0.18858 0.291211 0.0233131 0.0334183
0 0.802793 0.972966 0.0356039 0.0505802
0 0.482255 0.212027 0.0233852 0.0355108
0 0.780953 0.664549 0.0292522 0.0363306
0 0.071852 0.65884 0.0333155 0.0461605
0 0.13032 0.508885 0.0268778 0.0407174
0 0.954424 0.109916 0.0246761 0.0374059
0 0.97703 0.235892 0.0276428 0.0400172
0 0.945576 0.625272 0.0286366 0.0377164
0 0.955634 0.664026 0.0277889 0.0392473
0 0.569032 0.97004 0.0340183 0.0458035
0 0.436257 0.840027 0.0322081 0.0411377
0 0.0755847 0.571345 0.0315771 0.0404625
0 0.194172 0.487781 0.0238509 0.0362968
0 0.3446 0.636491 0.0280368 0.0354448
0 0.581942 0.387467 0.0267181 0.0406758
0 0.849485 0.368064 0.0270643 0.0370972
0 0.140885 0.620369 0.0292282 0.0446035
0 0.880377 0.124175 0.0247181 0.0322056
0 0.638635 0.894525 0.0329906 0.0375792
0 0.880554 0.806477 0.0291073 0.043716
0 0.500112 0.653727 0.0282934 0.0399816
0 0.604887 0.600906 0.0264269 0.035624
0 0.0792818 0.1068 0.0240211 0.0338044
0 0.154225 0.519536 0.0273605 0.0407669
0 0.874414 0.679966 0.0260494 0.0374386
0 0.869476 0.161153 0.0244675 0.0361146
0 0.675607 0.230152 0.0233003 0.0340735
0 0.751976 0.617498 0.0291372 0.0383441
0 0.688135 0.104188 0.0241556 0.0348414
0 0.160511 0.345449 0.0243206 0.0356149
0 0.8066 0.202578 0.0263477 0.0376153
0 0.782641 0.711386 0.029487 0.0399006
0 0.317611 0.704995 0.032277 0.0450962
0 0.247765 0.249374 0.0225044 0.0355476
0 0.579995 0.169221 0.0254948 0.0382882
0 0.668907 0.546536 0.027324 0.0386436
0 0.632831 0.598276 0.0258327 0.030834
0 0.447772 0.736619 0.0309642 0.0486948
0 0.625957 0.488411 0.0300486 0.0446455
0 0.213664 0.492984 0.024435 0.0385056
0 0.369442 0.287182 0.0259451 0.0369653
0 0.320006 0.478913 0.0248241 0.0387405
0 0.391803 0.46785 0.0265787 0.039291
0 0.231087 0.509534 0.0251035 0.0365685
0 0.889136 0.186657 0.0243193 0.03955
0 0.428487 0.717726 0.0314211 0.0468369
0 0.947095 0.28842 0.0256508 0.0385673
0 0.951774 0.328802 0.0291069 0.0390756
0 0.242952 0.677018 0.0283874 0.0378665
0 0.566267 0.298201 0.025037 0.0354729
0 0.524692 0.18325 0.0248417 0.037914
0 0.273187 0.0658021 0.0233164 0.0345409
0 0.554242 0.265581 0.025131 0.037748
0 0.700454 0.189953 0.0240378 0.0352169
0 0.730084 0.489517 0.0291767 0.0397548
0 0.280506 0.128984 0.0240373 0.0357633
0 0.913595 0.190898 0.025034 0.039901
0 0.446507 0.346106 0.0265327 0.0392145
0 0.485133 0.163171 0.0214535 0.034911
0 0.347889 0.674645 0.029531 0.0386782
0 0.624369 0.184055 0.0252666 0.0342561
0 0.32196 0.411353 0.0246115 0.0365612
0 0.657872 0.155907 0.0252026 0.0372652
0 0.635903 0.326429 0.0266179 0.0422298
0 0.242543 0.324962 0.0232048 0.0339931
0 0.177188 0.460952 0.0249314 0.0360083
0 0.944758 0.498134 0.0294785 0.0404185
0 0.833604 0.0794831 0.0241768 0.03456
0 0.490226 0.276592 0.0242411 0.0372119
0 0.76651 0.357805 0.0235622 0.0353689
0 0.523936 0.40946 0.025456 0.0373018
0 0.329642 0.62182 0.0261523 0.0343976
0 0.59171 0.293629 0.0236714 0.0376722
0 0.935615 0.353797 0.0270397 0.0379687
0 0.555564 0.343316 0.0267783 0.0380866
0 0.658318 0.635668 0.0272253 0.0398485
0 0.0717228 0.270628 0.0215585 0.0314049
0 0.575641 0.355267 0.0247843 0.0354242
0 0.909427 0.121045 0.0250286 0.0353448
0 0.0559094 0.4312 0.0244364 0.0372953
0 0.191524 0.133142 0.0229073 0.03172
0 0.170836 0.285353 0.0212026 0.0312922
0 0.843403 0.263979 0.0261105 0.0405985
0 0.22749 0.225369 0.0222931 0.0344755
0 0.210383 0.895086 0.0373178 0.0482824
0 0.291507 0.477189 0.0244688 0.0366081
0 0.0111126 0.497508 0.0222252 0.0438663
0 0.285754 0.207111 0.0250574 0.0372918
0 0.439683 0.18107 0.0256822 0.0349479
0 0.267231 0.268742 0.0222082 0.0368831
0 0.706765 0.678723 0.028518 0.0389135
0 0.674167 0.848064 0.0290947 0.0445648
0 0.51689 0.545406 0.0309841 0.0413746
0 0.329535 0.330925 0.0213992 0.0323044
0 0.468144 0.284013 0.0254772 0.0397921
0 0.481685 0.379411 0.0242977 0.0363564
0 0.895439 0.539673 0.0306206 0.0434043
0 0.645667 0.68194 0.025728 0.0356794
0 0.989376 0.289003 0.0212491 0.0474675
0 0.439027 0.269337 0.0242622 0.0359622
0 0.602549 0.0788135 0.0251553 0.0382671
0 0.147081 0.827552 0.0301589 0.0422665
0 0.516262 0.681691 0.0293093 0.037316
0 0.901619 0.833663 0.0288574 0.0491539
0 0.412664 0.0993522 0.0251299 0.0344374
0 0.311281 0.286001 0.0245276 0.0318031
0 0.691483 0.705903 0.028429 0.0411939
0 0.234035 0.347483 0.0219278 0.0315951
0 0.805987 0.325293 0.0293964 0.0457548
0 0.764358 0.0944502 0.0258983 0.0384555
0 0.530283 0.80972 0.0277664 0.0403241
0 0.242542 0.415656 0.0223519 0.034337
0 0.885317 0.234354 0.0249588 0.0388179
0 0.0594486 0.538857 0.0248759 0.0342382
0 0.321064 0.0986736 0.0214704 0.032903
0 0.353217 0.0752709 0.0221919 0.0319807
0 0.842976 0.209005 0.0265835 0.0409683
0 0.14752 0.242285 0.0223567 0.0318313
0 0.0387921 0.541888 0.0262009 0.0377841
0 0.753711 0.145682 0.023869 0.0335532
0 0.463534 0.031075 0.0221714 0.0301838
0 0.591319 0.0496626 0.0233346 0.0357064
0 0.290824 0.0102975 0.023911 0.0204647
0 0.310587 0.318519 0.023902 0.0371506
0 0.480519 0.799037 0.0256061 0.0422005
0 0.140812 0.304329 0.0230104 0.0326061
0 0.712778 0.0527598 0.0236194 0.0326167
0 0.82765 0.28121 0.0250181 0.0364433
0 0.217788 0.311249 0.0246216 0.0341372
0 0.853684 0.154304 0.0217724 0.0333214
0 0.184855 0.182336 0.0245052 0.0360533
0 0.0351406 0.398202 0.0237577 0.0335359
0 0.169738 0.112836 0.0222403 0.0321375
0 0.417114 0.980755 0.0421594 0.0357018
0 0.898479 0.771148 0.033386 0.0497571
0 0.790521 0.0673425 0.0231548 0.0368829
0 0.0654033 0.96559 0.0455596 0.0365671
0 0.410584 0.701575 0.0311365 0.0452421
0 0.869569 0.0374515 0.0232647 0.0308465
0 0.111177 0.482436 0.0247351 0.0401438
0 0.533917 0.0663325 0.023506 0.0332456
0 0.665783 0.344328 0.0226343 0.0355927
0 0.389894 0.14486 0.0213665 0.030947
0 0.276585 0.453137 0.0232338 0.0377125
0 0.34792 0.173567 0.0232458 0.0348323
0 0.100961 0.149678 0.0234892 0.0345704
0 0.719305 0.388087 0.0264215 0.0405224
0 0.396048 0.172342 0.0223859 0.0351421
0 0.211908 0.238026 0.0220752 0.0356278
0 0.0551855 0.146274 0.0225423 0.030112
0 0.531621 0.712923 0.0286095 0.0312881
0 0.126666 0.387063 0.0233182 0.0303468
0 0.408946 0.130146 0.0248545 0.0342505
0 0.597993 0.261088 0.0255157 0.0317896
0 0.34149 0.0428245 0.0227789 0.0310945
0 0.560256 0.630144 0.0283253 0.0432411
0 0.283587 0.681099 0.030036 0.0437408
0 0.932555 0.459144 0.02705 0.0389633
0 0.19744 0.834312 0.0278921 0.0313972
0 0.472307 0.0825309 0.0224926 0.0327747
0 0.0901432 0.0728889 0.0226264 0.0326796
0 0.239086 0.976143 0.0362771 0.0272697
0 0.956292 0.213181 0.0298576 0.0393575
0 0.20058 0.0733868 0.0202646 0.0295953
0 0.649387 0.843547 0.0290964 0.0417126
0 0.408462 0.601466 0.0291609 0.0403929
0 0.930492 0.666199 0.0274826 0.0408115
0 0.441709 0.601173 0.0268467 0.0347359
0 0.725865 0.581023 0.0242891 0.0344072
0 0.112594 0.21696 0.0232969 0.0331135
0 0.450633 0.25048 0.0232673 0.0357161
0 0.156812 0.209297 0.0239675 0.0332097
0 0.654551 0.969267 0.0320888 0.0474781
0 0.5076 0.235094 0.0223528 0.0331834
0 0.331223 0.0625448 0.0194696 0.0301223
0 0.682782 0.359791 0.0243179 0.0326839
0 0.290608 0.38972 0.025491 0.0378181
0 0.226831 0.400901 0.0232563 0.0343704
0 0.365552 0.207709 0.022716 0.0342642
0 0.921222 0.255552 0.0264881 0.0356415
0 0.715319 0.025891 0.021536 0.0277503
0 0.637966 0.412279 0.0292522 0.0443601
0 0.467096 0.357593 0.025269 0.0325072
0 0.976645 0.136601 0.0292074 0.0461738
0 0.086227 0.231146 0.0235626 0.0335934
0 0.204643 0.369596 0.0230793 0.0324096
0 0.533714 0.245301 0.0222588 0.0336629
0 0.674472 0.503455 0.0269403 0.0370039
0 0.339797 0.101798 0.0211991 0.0335658
0 0.976186 0.835905 0.0253498 0.0447365
0 0.213887 0.0819705 0.0201222 0.030543
0 0.151772 0.0920396 0.0220956 0.0302477
0 0.0725901 0.348407 0.023909 0.0379695
0 0.905041 0.280711 0.0261608 0.0410152
0 0.633308 0.245983 0.0243177 0.0363747
0 0.406671 0.388239 0.0235279 0.0367614
0 0.223383 0.730312 0.0298254 0.0395294
0 0.519236 0.0311529 0.0191578 0.0258542
0 0.0915561 0.330709 0.0220435 0.0326247
0 0.247655 0.103974 0.0224646 0.0345607
0 0.119377 0.0455894 0.022725 0.0316199
0 0.630165 0.713175 0.0265673 0.037603
0 0.702048 0.306865 0.0235493 0.0381734
0 0.733152 0.668247 0.0267776 0.0395332
0 0.420205 0.287688 0.0228027 0.0332656
0 0.134206 0.739442 0.0284228 0.0326124
0 0.518564 0.855464 0.0315187 0.0453362
0 0.751522 0.823043 0.033281 0.0460629
0 0.61312 0.383865 0.0256729 0.0421941
0 0.207627 0.155614 0.025275 0.034752
0 0.0732993 0.452577 0.027576 0.0364655
0 0.388351 0.21323 0.0259768 0.0359373
0 0.0122495 0.941222 0.0244989 0.0466805
0 0.0101899 0.732026 0.02035 0.0364471
0 0.982648 0.035546 0.0247932 0.034506
0 0.126561 0.360207 0.0207103 0.0262044
0 0.14647 0.1568 0.0232682 0.0351026
0 0.943795 0.144023 0.0243839 0.0358942
0 0.839684 0.144771 0.0232872 0.0323956
