0 0.94609375 0.1484375 0.0171875 0.025
0 0.7203125 0.12734375 0.021875 0.025
0 0.78046875 0.13359375 0.015625 0.0203125
0 0.74375 0.13203125 0.021875 0.025
0 0.909375 0.14921875 0.025 0.025
0 0.671875 0.1265625 0.021875 0.025
0 0.79375 0.13984375 0.0171875 0.025
0 0.92265625 0.153125 0.021875 0.0296875
0 0.29453125 0.0875 0.015625 0.015625
0 0.7578125 0.1359375 0.021875 0.025
0 0.85625 0.14609375 0.021875 0.025
0 0.584375 0.11796875 0.015625 0.015625
0 0.603125 0.11953125 0.0171875 0.025
0 0.64609375 0.12890625 0.015625 0.015625
0 0.81875 0.146875 0.021875 0.025
0 0.6875 0.1359375 0.0203125 0.0203125
0 0.51640625 0.11796875 0.0109375 0.015625
0 0.9921875 0.1703125 0.015625 0.025
0 0.77421875 0.146875 0.015625 0.0203125
0 0.97734375 0.16875 0.0171875 0.025
0 0.53984375 0.12265625 0.0203125 0.015625
0 0.14609375 0.08125 0.03125 0.03125
0 0.94375 0.16953125 0.0203125 0.0203125
0 0.50703125 0.1234375 0.0109375 0.015625
0 0.8546875 0.16015625 0.015625 0.0203125
0 0.4359375 0.11875 0.0265625 0.0296875
0 0.0875 0.08203125 0.021875 0.034375
0 0.56484375 0.13203125 0.015625 0.0203125
0 0.52265625 0.1296875 0.015625 0.015625
0 0.675 0.14609375 0.015625 0.0203125
0 0.49765625 0.12734375 0.0171875 0.025
0 0.95703125 0.178125 0.0171875 0.025
0 0.80546875 0.1625 0.021875 0.025
0 0.86796875 0.17109375 0.021875 0.025
0 0.7203125 0.15546875 0.015625 0.0203125
0 0.74765625 0.15859375 0.021875 0.025
0 0.55 0.13984375 0.015625 0.0203125
0 0.69609375 0.15546875 0.015625 0.0203125
0 0.78203125 0.1640625 0.015625 0.0203125
0 0.66015625 0.1515625 0.015625 0.0203125
0 0.92265625 0.18125 0.0171875 0.025
0 0.48515625 0.13515625 0.015625 0.0203125
0 0.84375 0.1734375 0.0203125 0.0203125
0 0.53984375 0.14375 0.015625 0.015625
0 0.45 0.134375 0.0265625 0.034375
0 0.89609375 0.18125 0.0265625 0.0296875
0 0.565625 0.14609375 0.0203125 0.015625
0 0.7671875 0.16953125 0.0171875 0.0296875
0 0.98125 0.19453125 0.021875 0.034375
0 0.615625 0.15625 0.015625 0.0203125
0 0.821875 0.18046875 0.0203125 0.0203125
0 0.53203125 0.15 0.021875 0.0296875
0 0.878125 0.1859375 0.0203125 0.0203125
0 0.9671875 0.1953125 0.0109375 0.0203125
0 0.4171875 0.1375 0.0203125 0.0203125
0 0.59375 0.15859375 0.025 0.021875
0 0.62890625 0.16484375 0.015625 0.015625
0 0.646875 0.16640625 0.015625 0.0203125
0 0.5203125 0.153125 0.021875 0.025
0 0.46953125 0.15 0.021875 0.0296875
0 0.7796875 0.1828125 0.021875 0.025
0 0.5015625 0.15390625 0.0265625 0.034375
0 0.68359375 0.17421875 0.015625 0.0203125
0 0.725 0.17890625 0.021875 0.0296875
0 0.91796875 0.19921875 0.0203125 0.0203125
0 0.959375 0.203125 0.0171875 0.0296875
0 0.38125 0.14296875 0.015625 0.015625
0 0.6578125 0.17421875 0.0203125 0.0203125
0 0.7078125 0.1796875 0.015625 0.0203125
0 0.48515625 0.15625 0.021875 0.025
0 0.84375 0.19609375 0.021875 0.0296875
0 0.75 0.1859375 0.021875 0.025
0 0.59296875 0.171875 0.015625 0.015625
0 0.571875 0.16953125 0.021875 0.0296875
0 0.99140625 0.21328125 0.0171875 0.0296875
0 0.884375 0.2046875 0.025 0.025
0 0.63359375 0.17890625 0.015625 0.0203125
0 0.67578125 0.1828125 0.0203125 0.0203125
0 0.73984375 0.1921875 0.0203125 0.0203125
0 0.403125 0.159375 0.0171875 0.0296875
0 0.44609375 0.165625 0.015625 0.0203125
0 0.3359375 0.1546875 0.025 0.025
0 0.59140625 0.18125 0.015625 0.015625
0 0.54296875 0.17890625 0.03125 0.03125
0 0.61015625 0.1859375 0.0171875 0.0296875
0 0.584375 0.18515625 0.015625 0.015625
0 0.93671875 0.22265625 0.021875 0.0296875
0 0.97109375 0.22578125 0.015625 0.0203125
0 0.69921875 0.2 0.0171875 0.025
0 0.9203125 0.22265625 0.021875 0.0296875
0 0.80078125 0.21015625 0.0265625 0.034375
0 0.61875 0.19140625 0.025 0.025
0 0.4640625 0.17734375 0.03125 0.0390625
0 0.7796875 0.21015625 0.021875 0.0296875
0 0.37265625 0.16796875 0.021875 0.0296875
0 0.3578125 0.16875 0.021875 0.034375
0 0.984375 0.234375 0.0265625 0.0390625
0 0.50078125 0.18359375 0.015625 0.015625
0 0.77421875 0.21484375 0.025 0.025
0 0.7375 0.2109375 0.021875 0.0296875
0 0.2703125 0.16171875 0.0265625 0.034375
0 0.32734375 0.1703125 0.03125 0.034375
0 0.84765625 0.2296875 0.0265625 0.034375
0 0.66796875 0.21015625 0.021875 0.0296875
0 0.38671875 0.18125 0.021875 0.025
0 0.88828125 0.2359375 0.021875 0.034375
0 0.23515625 0.1671875 0.03125 0.03125
0 0.95234375 0.2453125 0.021875 0.0296875
0 0.59375 0.20703125 0.021875 0.025
0 0.828125 0.23203125 0.021875 0.0390625
0 0.8609375 0.23515625 0.021875 0.034375
0 0.64140625 0.21484375 0.0265625 0.0390625
0 0.71796875 0.22265625 0.0265625 0.0390625
0 0.87578125 0.23984375 0.0265625 0.034375
0 0.1859375 0.1671875 0.0421875 0.0546875
0 0.51015625 0.20078125 0.021875 0.025
0 0.96640625 0.2515625 0.028125 0.04375
0 0.57890625 0.2109375 0.021875 0.0296875
0 0.6546875 0.22109375 0.021875 0.034375
0 0.77890625 0.23828125 0.0265625 0.034375
0 0.809375 0.2421875 0.03125 0.03125
0 0.5515625 0.21484375 0.021875 0.034375
0 0.2953125 0.18984375 0.0265625 0.034375
0 0.40546875 0.2015625 0.0265625 0.034375
0 0.21875 0.184375 0.0359375 0.0359375
0 0.53671875 0.21796875 0.03125 0.0390625
0 0.0390625 0.16796875 0.01875 0.0515625
0 0.75703125 0.24375 0.0234375 0.04375
0 0.93671875 0.2625 0.0265625 0.0296875
0 0.2484375 0.19375 0.025 0.025
0 0.49453125 0.221875 0.0265625 0.034375
0 0.73828125 0.24765625 0.028125 0.04375
0 0.58828125 0.234375 0.015625 0.0203125
0 0.3578125 0.2125 0.0203125 0.0203125
0 0.9015625 0.26953125 0.03125 0.034375
0 0.57890625 0.2359375 0.021875 0.0390625
0 0.0859375 0.1859375 0.0328125 0.0484375
0 0.68046875 0.2484375 0.021875 0.034375
0 0.79921875 0.265625 0.0171875 0.025
0 0.325 0.21640625 0.0328125 0.04375
0 0.60859375 0.24609375 0.021875 0.034375
0 0.990625 0.2890625 0.01875 0.034375
0 0.8125 0.271875 0.0265625 0.0390625
0 0.93828125 0.2875 0.03125 0.03125
0 0.634375 0.26015625 0.0359375 0.04375
0 0.46640625 0.24296875 0.0265625 0.034375
0 0.7703125 0.275 0.028125 0.04375
0 0.6640625 0.265625 0.0265625 0.0390625
0 0.39453125 0.2375 0.03125 0.034375
0 0.728125 0.27734375 0.028125 0.04375
0 0.4296875 0.24609375 0.025 0.025
0 0.70546875 0.275 0.0375 0.053125
0 0.5484375 0.2609375 0.0234375 0.04375
0 0.23828125 0.228125 0.0359375 0.040625
0 0.903125 0.3 0.021875 0.034375
0 0.50625 0.25859375 0.021875 0.0390625
0 0.94609375 0.3046875 0.0328125 0.0484375
0 0.259375 0.2375 0.03125 0.03125
0 0.9953125 0.31875 0.009375 0.04375
0 0.88984375 0.3109375 0.0265625 0.034375
0 0.83203125 0.3046875 0.0296875 0.0265625
0 0.284375 0.246875 0.028125 0.04375
0 0.53125 0.2734375 0.028125 0.04375
0 0.5671875 0.27890625 0.0328125 0.04375
0 0.87109375 0.31328125 0.0328125 0.0484375
0 0.9125 0.31796875 0.0328125 0.04375
0 0.46328125 0.2734375 0.0265625 0.0296875
0 0.30625 0.25625 0.028125 0.04375
0 0.48671875 0.27578125 0.03125 0.0390625
0 0.38046875 0.2640625 0.0265625 0.034375
0 0.4078125 0.26953125 0.025 0.025
0 0.83359375 0.315625 0.025 0.021875
0 0.64609375 0.303125 0.03125 0.0390625
0 0.7640625 0.315625 0.028125 0.0484375
0 0.625 0.303125 0.0265625 0.034375
0 0.82578125 0.32421875 0.0203125 0.015625
0 0.72890625 0.31640625 0.0296875 0.0265625
0 0.1625 0.25703125 0.0328125 0.04375
0 0.32578125 0.2765625 0.0328125 0.04375
0 0.26796875 0.2703125 0.03125 0.034375
0 0.4703125 0.29453125 0.0296875 0.0265625
0 0.603125 0.315625 0.021875 0.034375
0 0.23984375 0.2796875 0.0375 0.0578125
0 0.8046875 0.34375 0.028125 0.0484375
0 0.96875 0.3609375 0.0234375 0.04375
0 0.2640625 0.2890625 0.0296875 0.0265625
0 0.39296875 0.30234375 0.0265625 0.034375
0 0.46640625 0.31015625 0.0296875 0.0265625
0 0.6390625 0.328125 0.0296875 0.0265625
0 0.9421875 0.3625 0.028125 0.04375
0 0.87109375 0.3578125 0.021875 0.034375
0 0.73359375 0.34296875 0.0359375 0.04375
0 0.21484375 0.28828125 0.040625 0.05
0 0.7078125 0.340625 0.021875 0.034375
0 0.9859375 0.371875 0.021875 0.034375
0 0.996875 0.3765625 0.00625 0.065625
0 0.53671875 0.32734375 0.0328125 0.0484375
0 0.421875 0.31484375 0.028125 0.04375
0 0.82890625 0.3625 0.0328125 0.04375
0 0.175 0.29375 0.040625 0.0453125
0 0.07578125 0.2859375 0.0296875 0.0265625
0 0.9046875 0.37265625 0.0328125 0.0484375
0 0.565625 0.3375 0.0421875 0.0546875
0 0.45546875 0.328125 0.03125 0.03125
0 0.11015625 0.29375 0.040625 0.0359375
0 0.8828125 0.375 0.0328125 0.053125
0 0.3671875 0.3234375 0.03125 0.03125
0 0.31875 0.31796875 0.0421875 0.059375
0 0.59296875 0.34921875 0.034375 0.0578125
0 0.29609375 0.31796875 0.0265625 0.0296875
0 0.6796875 0.3609375 0.0328125 0.0484375
0 0.6453125 0.35703125 0.0328125 0.04375
0 0.4328125 0.33671875 0.0265625 0.034375
0 0.5234375 0.34609375 0.03125 0.034375
0 0.946875 0.390625 0.03125 0.0390625
0 0.621875 0.35859375 0.03125 0.034375
0 0.3890625 0.3390625 0.028125 0.0484375
0 0.9828125 0.40390625 0.034375 0.0578125
0 0.48515625 0.3515625 0.0421875 0.0546875
0 0.3515625 0.33984375 0.0265625 0.0296875
0 0.4625 0.3515625 0.034375 0.03125
0 0.92890625 0.40078125 0.0328125 0.0484375
0 0.1921875 0.328125 0.0375 0.053125
0 0.26796875 0.340625 0.0375 0.0625
0 0.5109375 0.37109375 0.0234375 0.0484375
0 0.7578125 0.396875 0.0328125 0.0484375
0 0.73203125 0.39375 0.0328125 0.053125
0 0.7140625 0.39453125 0.0375 0.0578125
0 0.96015625 0.4203125 0.0359375 0.0359375
0 0.11015625 0.33359375 0.0328125 0.0484375
0 0.07109375 0.32890625 0.0421875 0.0546875
0 0.89921875 0.42109375 0.0328125 0.0484375
0 0.7890625 0.409375 0.0296875 0.0265625
0 0.346875 0.365625 0.021875 0.0296875
0 0.2890625 0.36171875 0.0328125 0.053125
0 0.44765625 0.38046875 0.040625 0.05
0 0.63359375 0.4 0.0359375 0.0484375
0 0.86796875 0.42734375 0.034375 0.0578125
0 0.60546875 0.39921875 0.0234375 0.0484375
0 0.21484375 0.3609375 0.0375 0.053125
0 0.14296875 0.35546875 0.034375 0.0625
0 0.525 0.3984375 0.0375 0.053125
0 0.3609375 0.38125 0.03125 0.0390625
0 0.77109375 0.42421875 0.0234375 0.053125
0 0.84453125 0.434375 0.0328125 0.0484375
0 0.9359375 0.44609375 0.021875 0.034375
0 0.66640625 0.41796875 0.028125 0.0484375
0 0.16015625 0.3671875 0.0421875 0.059375
0 0.80625 0.4390625 0.0359375 0.0484375
0 0.9515625 0.45625 0.028125 0.04375
0 0.68671875 0.428125 0.0375 0.0578125
0 0.553125 0.41640625 0.0328125 0.053125
0 0.0234375 0.36328125 0.028125 0.053125
0 0.58515625 0.42265625 0.0421875 0.059375
0 0.078125 0.37421875 0.028125 0.053125
0 0.890625 0.459375 0.040625 0.05
0 0.746875 0.45390625 0.0453125 0.05
0 0.43359375 0.42578125 0.0359375 0.0484375
0 0.37578125 0.421875 0.0421875 0.0640625
0 0.334375 0.41953125 0.0484375 0.06875
0 0.8171875 0.475 0.0296875 0.0265625
0 0.7859375 0.4765625 0.0578125 0.075
0 0.95703125 0.49453125 0.040625 0.0453125
0 0.7109375 0.46875 0.046875 0.0546875
0 0.64375 0.46171875 0.0421875 0.0546875
0 0.459375 0.44453125 0.040625 0.0453125
0 0.509375 0.45234375 0.034375 0.0625
0 0.92421875 0.49609375 0.0421875 0.059375
0 0.0953125 0.40859375 0.0375 0.0578125
0 0.16875 0.41640625 0.0359375 0.0484375
0 0.28828125 0.43125 0.0421875 0.0546875
0 0.18828125 0.43046875 0.046875 0.0546875
0 0.03125 0.4203125 0.046875 0.0546875
0 0.23125 0.44140625 0.053125 0.06875
0 0.8203125 0.5078125 0.0453125 0.05
0 0.471875 0.478125 0.05 0.0453125
0 0.72734375 0.50703125 0.0453125 0.0453125
0 0.53359375 0.4890625 0.0484375 0.0734375
0 0.60859375 0.50703125 0.0515625 0.059375
0 0.94921875 0.54453125 0.0421875 0.0640625
0 0.2953125 0.47578125 0.0421875 0.0546875
0 0.0625 0.45390625 0.0671875 0.0703125
0 0.16015625 0.4734375 0.0390625 0.0765625
0 0.68046875 0.528125 0.0484375 0.0734375
0 0.34765625 0.5078125 0.0546875 0.0828125
0 0.8890625 0.56484375 0.04375 0.078125
0 0.17421875 0.49609375 0.0625 0.0796875
0 0.240625 0.52890625 0.0484375 0.06875
0 0.4734375 0.553125 0.053125 0.078125
0 0.70859375 0.5796875 0.0578125 0.0796875
0 0.07734375 0.51640625 0.0640625 0.0890625
0 0.8359375 0.5984375 0.0484375 0.06875
0 0.17421875 0.540625 0.046875 0.0546875
0 0.58515625 0.590625 0.0609375 0.0984375
0 0.31640625 0.5671875 0.034375 0.0671875
0 0.55546875 0.5921875 0.0453125 0.0875
0 0.0296875 0.54375 0.059375 0.09375
0 0.3453125 0.5953125 0.0515625 0.0640625
0 0.965625 0.675 0.0453125 0.0921875
0 0.39921875 0.6171875 0.04375 0.078125
0 0.71640625 0.65546875 0.053125 0.078125
0 0.14921875 0.5984375 0.0640625 0.09375
0 0.29140625 0.6203125 0.053125 0.078125
0 0.8203125 0.6875 0.059375 0.084375
0 0.0765625 0.609375 0.0734375 0.0859375
0 0.22734375 0.63359375 0.0640625 0.09375
0 0.47109375 0.66640625 0.0578125 0.0703125
0 0.40546875 0.6671875 0.0390625 0.071875
0 0.67265625 0.69453125 0.0515625 0.0546875
0 0.33515625 0.69453125 0.075 0.1125
0 0.5296875 0.72265625 0.059375 0.09375
0 0.0875 0.6796875 0.0671875 0.075
0 0.44140625 0.7265625 0.0703125 0.103125
0 0.04140625 0.70078125 0.0609375 0.1015625
0 0.64296875 0.778125 0.1015625 0.1328125
0 0.85625 0.8078125 0.0875 0.1328125
0 0.096875 0.74609375 0.0703125 0.1078125
0 0.45390625 0.8234375 0.0875 0.1375
0 0.7578125 0.8828125 0.096875 0.1015625
0 0.06171875 0.81015625 0.0890625 0.1140625
0 0.2640625 0.83828125 0.10625 0.0984375
0 0.86328125 0.1265625 0.0171875 0.025
0 0.79375 0.11953125 0.0171875 0.025
0 0.96640625 0.1375 0.015625 0.015625
0 0.66015625 0.1078125 0.0109375 0.015625
0 0.88125 0.13046875 0.021875 0.025
0 0.57265625 0.10234375 0.015625 0.015625
0 0.55625 0.103125 0.0171875 0.025
0 0.64296875 0.1140625 0.015625 0.015625
0 0.61328125 0.1109375 0.0171875 0.025
0 0.28125 0.0765625 0.0203125 0.0203125