0 0.8515625 0.2578125 0.04375 0.0609375
0 0.4296875 0.25234375 0.034375 0.0515625
0 0.525 0.26015625 0.04375 0.0703125
0 0.49453125 0.2640625 0.0296875 0.046875
0 0.61640625 0.27265625 0.0390625 0.046875
0 0.26015625 0.2625 0.0390625 0.046875
0 0.56328125 0.2734375 0.025 0.046875
0 0.1015625 0.25703125 0.0421875 0.0421875
0 0.2234375 0.26328125 0.04375 0.0609375
0 0.70234375 0.28046875 0.04375 0.046875
0 0.1671875 0.2640625 0.034375 0.046875
0 0.86640625 0.290625 0.0296875 0.0515625
0 0.29453125 0.27109375 0.034375 0.0515625
0 0.04453125 0.26796875 0.034375 0.0515625
0 0.8171875 0.2953125 0.0390625 0.065625
0 0.74765625 0.29296875 0.0328125 0.0328125
0 0.590625 0.2921875 0.04375 0.046875
0 0.984375 0.3078125 0.03125 0.065625
0 0.4125 0.28828125 0.0390625 0.0609375
0 0.1828125 0.28515625 0.0328125 0.0421875
0 0.80078125 0.30625 0.0296875 0.046875
0 0.3453125 0.29296875 0.04375 0.0515625
0 0.64609375 0.31015625 0.0296875 0.0421875
0 0.15078125 0.29296875 0.0296875 0.0515625
0 0.94140625 0.3234375 0.04375 0.05625
0 0.96484375 0.3265625 0.0296875 0.0421875
0 0.028125 0.29375 0.04375 0.075
0 0.25859375 0.3109375 0.0390625 0.046875
0 0.1171875 0.30859375 0.034375 0.046875
0 0.7421875 0.3328125 0.0296875 0.046875
0 0.51796875 0.33203125 0.034375 0.05625
0 0.70703125 0.3453125 0.0390625 0.0609375