0 0.065625 0.4484375 0.01875 0.0234375
0 0.01953125 0.45 0.01875 0.01875
0 0.05390625 0.453125 0.0140625 0.01875
0 0.16953125 0.4625 0.01875 0.0234375
0 0.0328125 0.46015625 0.0140625 0.0234375
0 0.13515625 0.46796875 0.0234375 0.028125
0 0.20234375 0.46875 0.01875 0.0234375
0 0.2140625 0.47421875 0.009375 0.01875
0 0.14921875 0.47265625 0.0140625 0.0234375
0 0.096875 0.47421875 0.0140625 0.0140625
0 0.18984375 0.47578125 0.01875 0.0234375
0 0.240625 0.48125 0.01875 0.01875
0 0.2890625 0.48203125 0.0140625 0.01875
0 0.346875 0.48359375 0.0234375 0.0375
0 0.22421875 0.48359375 0.0140625 0.01875
0 0.30546875 0.4875 0.0234375 0.0328125
0 0.45390625 0.48984375 0.0140625 0.01875
0 0.32890625 0.4921875 0.009375 0.01875
0 0.40703125 0.49375 0.0140625 0.01875
0 0.4609375 0.49453125 0.009375 0.009375
0 0.28203125 0.49140625 0.01875 0.0234375
0 0.39609375 0.49375 0.009375 0.01875
0 0.42109375 0.49609375 0.009375 0.0140625
0 0.43515625 0.49921875 0.009375 0.01875
0 0.48125 0.50234375 0.009375 0.01875
0 0.43046875 0.503125 0.0046875 0.0234375
0 0.08828125 0.5 0.0140625 0.0234375
0 0.471875 0.50625 0.009375 0.0234375
0 0.09921875 0.5046875 0.009375 0.01875
0 0.21953125 0.509375 0.01875 0.0234375
0 0.9765625 0.525 0.0140625 0.0140625
0 0.1921875 0.5109375 0.0140625 0.0140625
0 0.965625 0.52421875 0.009375 0.0140625
0 0.40078125 0.51484375 0.01875 0.028125
0 0.2453125 0.51640625 0.028125 0.028125
0 0.92265625 0.528125 0.01875 0.0234375
0 0.48984375 0.5234375 0.009375 0.0140625
0 0.00859375 0.51875 0.0171875 0.0375
0 0.0390625 0.51796875 0.028125 0.028125
0 0.9578125 0.53828125 0.0140625 0.01875
0 0.46015625 0.53125 0.0140625 0.01875
0 0.434375 0.53125 0.01875 0.01875
0 0.50390625 0.534375 0.0140625 0.01875
0 0.08984375 0.52734375 0.01875 0.028125
0 0.5453125 0.5375 0.0140625 0.01875
0 0.20078125 0.53828125 0.0234375 0.028125
0 0.6453125 0.54609375 0.01875 0.0234375
0 0.48515625 0.54609375 0.009375 0.01875
0 0.49453125 0.54609375 0.0140625 0.0234375
0 0.5203125 0.54609375 0.0140625 0.0234375
0 0.29296875 0.54453125 0.0234375 0.0421875
0 0.04765625 0.540625 0.0328125 0.0328125
0 0.275 0.54453125 0.0234375 0.0421875
0 0.4734375 0.55234375 0.0234375 0.028125
0 0.75390625 0.56953125 0.0234375 0.028125
0 0.0140625 0.55546875 0.028125 0.0515625
0 0.6453125 0.5671875 0.01875 0.0328125
0 0.1609375 0.56328125 0.0375 0.0609375
0 0.48203125 0.56953125 0.01875 0.0375
0 0.78046875 0.57421875 0.01875 0.0234375
0 0.584375 0.5734375 0.0234375 0.0328125
0 0.83671875 0.58046875 0.01875 0.0328125
0 0.70703125 0.578125 0.0140625 0.0328125
0 0.74375 0.578125 0.028125 0.0421875
0 0.5078125 0.5765625 0.0234375 0.0375
0 0.8921875 0.5859375 0.0234375 0.0375
0 0.86171875 0.58515625 0.028125 0.0375
0 0.61171875 0.58359375 0.028125 0.0421875
0 0.7140625 0.58515625 0.009375 0.0328125
0 0.30390625 0.5828125 0.0328125 0.0421875
0 0.9125 0.5953125 0.0296875 0.046875
0 0.984375 0.59921875 0.01875 0.0421875
0 0.7296875 0.603125 0.0328125 0.046875
0 0.43125 0.6046875 0.0421875 0.0703125
0 0.8515625 0.62421875 0.0328125 0.0515625
0 0.196875 0.6265625 0.0578125 0.09375