0 0.6203125 0.2265625 0.046875 0.0421875
0 0.19921875 0.23671875 0.0515625 0.0375
0 0.6640625 0.2328125 0.0234375 0.0234375
0 0.16640625 0.24375 0.0328125 0.0328125
0 0.68515625 0.2375 0.0375 0.028125
0 0.3171875 0.24375 0.0421875 0.0328125
0 0.27578125 0.246875 0.0515625 0.0421875
0 0.7984375 0.23984375 0.046875 0.0375
0 0.11875 0.25859375 0.0515625 0.0328125
0 0.0515625 0.2625 0.0609375 0.046875
0 0.98828125 0.2484375 0.0140625 0.0328125
0 0.44296875 0.26015625 0.0515625 0.046875
0 0.9171875 0.25703125 0.028125 0.0234375
0 0.009375 0.271875 0.01875 0.028125
0 0.7 0.26015625 0.0375 0.0328125
0 0.5125 0.2640625 0.0421875 0.028125
0 0.396875 0.26796875 0.0421875 0.0328125
0 0.83671875 0.26015625 0.05625 0.0421875
0 0.5796875 0.2671875 0.0421875 0.0375
0 0.23671875 0.27578125 0.0421875 0.0375
0 0.95 0.26328125 0.046875 0.0375
0 0.484375 0.27578125 0.0328125 0.028125
0 0.54921875 0.28125 0.0328125 0.0328125
0 0.0625 0.37109375 0.103125 0.0578125
0 0.8015625 0.39765625 0.065625 0.046875
0 0.51953125 0.40703125 0.046875 0.0375
0 0.96796875 0.39921875 0.0421875 0.0375
0 0.8734375 0.403125 0.0703125 0.0421875
0 0.73203125 0.4078125 0.0796875 0.046875
0 0.54921875 0.41328125 0.0375 0.028125
0 0.42421875 0.41796875 0.0421875 0.028125
0 0.47734375 0.41875 0.05625 0.0515625
0 0.2390625 0.4234375 0.0609375 0.0421875
0 0.19296875 0.43125 0.0703125 0.0328125
0 0.27421875 0.43203125 0.0375 0.028125
0 0.52265625 0.434375 0.065625 0.025
0 0.38828125 0.44140625 0.05625 0.0375
0 0.95546875 0.44140625 0.0609375 0.046875
0 0.7703125 0.44921875 0.05625 0.046875
0 0.18203125 0.46875 0.0421875 0.046875
0 0.2234375 0.4703125 0.0703125 0.0296875
0 0.71015625 0.46171875 0.0703125 0.0421875
0 0.98515625 0.4609375 0.0203125 0.0515625
0 0.28828125 0.471875 0.065625 0.025
0 0.65625 0.47109375 0.09375 0.0390625
0 0.515625 0.47421875 0.065625 0.046875
0 0.4765625 0.484375 0.065625 0.0609375
0 0.61328125 0.48828125 0.0609375 0.0375
0 0.9421875 0.4828125 0.065625 0.0515625
0 0.840625 0.49140625 0.0796875 0.0515625
0 0.23203125 0.528125 0.0890625 0.0515625
0 0.27890625 0.5296875 0.0703125 0.0515625
0 0.65625 0.534375 0.065625 0.065625
0 0.72734375 0.53515625 0.121875 0.0765625
0 0.896875 0.54140625 0.09375 0.053125
0 0.0421875 0.5578125 0.084375 0.0765625
0 0.1328125 0.56875 0.1359375 0.0671875
0 0.50859375 0.56953125 0.1078125 0.090625
0 0.20859375 0.62578125 0.1390625 0.04375
0 0.965625 0.61328125 0.06875 0.0890625
0 0.81484375 0.6265625 0.0984375 0.08125
0 0.659375 0.62890625 0.103125 0.071875
0 0.26953125 0.67265625 0.09375 0.0859375
0 0.03515625 0.75078125 0.0609375 0.0609375
0 0.7265625 0.771875 0.1546875 0.1
0 0.8828125 0.8109375 0.16875 0.159375
0 0.0890625 0.83828125 0.1453125 0.090625