0 0.3890625 0.303125 0.0421875 0.071875
0 0.69921875 0.28671875 0.0375 0.0765625
0 0.51484375 0.30859375 0.0359375 0.0625
0 0.45 0.31328125 0.040625 0.0625
0 0.20703125 0.3328125 0.046875 0.0765625
0 0.578125 0.31328125 0.0359375 0.0625
0 0.26640625 0.34453125 0.0421875 0.0765625
0 0.01953125 0.36171875 0.0390625 0.0671875
0 0.765625 0.31484375 0.0375 0.071875
0 0.09296875 0.36171875 0.0328125 0.071875
0 0.934375 0.3078125 0.0421875 0.071875
0 0.83046875 0.31484375 0.0421875 0.0765625
0 0.634375 0.328125 0.046875 0.071875
0 0.33515625 0.371875 0.0421875 0.071875
0 0.4734375 0.42265625 0.0328125 0.071875
0 0.96171875 0.39296875 0.040625 0.0625
0 0.015625 0.4609375 0.03125 0.0625
0 0.58125 0.425 0.0421875 0.08125
0 0.39921875 0.4421875 0.0421875 0.0765625
0 0.89609375 0.41875 0.0421875 0.08125
0 0.16171875 0.47265625 0.0375 0.071875
0 0.11328125 0.48046875 0.0375 0.0765625
0 0.353125 0.4640625 0.0359375 0.0671875
0 0.225 0.4828125 0.040625 0.0484375
0 0.27890625 0.48125 0.0359375 0.0671875
0 0.77265625 0.44609375 0.0421875 0.08125
0 0.7140625 0.46640625 0.03125 0.0578125
0 0.125 0.07578125 0.0359375 0.053125
0 0.3140625 0.0671875 0.0359375 0.0578125
0 0.2125 0.56171875 0.0359375 0.053125
0 0.4640625 0.54609375 0.028125 0.065625
0 0.140625 0.57109375 0.046875 0.0859375
0 0.38828125 0.55625 0.0359375 0.0625
0 0.521875 0.54921875 0.0421875 0.0765625
0 0.01640625 0.5890625 0.028125 0.075
0 0.2828125 0.5734375 0.0359375 0.0578125
0 0.65 0.5546875 0.040625 0.0671875
0 0.33671875 0.58125 0.0359375 0.0671875
0 0.77265625 0.55078125 0.0359375 0.0671875
0 0.72265625 0.55390625 0.0375 0.0765625
0 0.903125 0.55078125 0.046875 0.0859375
0 0.07421875 0.0890625 0.0328125 0.0625
0 0.08046875 0.60859375 0.040625 0.0671875
0 0.965625 0.546875 0.0328125 0.0671875
0 0.59453125 0.58671875 0.0421875 0.0765625
0 0.72109375 0.04375 0.0359375 0.0578125
0 0.61015625 0.0515625 0.040625 0.0625
0 0.790625 0.0390625 0.040625 0.0625
0 0.01015625 0.0953125 0.0203125 0.071875
0 0.6734375 0.0515625 0.0359375 0.053125
0 0.18828125 0.0859375 0.040625 0.0578125
0 0.91328125 0.03984375 0.040625 0.0671875
0 0.4015625 0.6875 0.040625 0.0671875
0 0.03046875 0.71875 0.0375 0.0765625
0 0.21484375 0.70546875 0.0328125 0.0671875
0 0.78125 0.6703125 0.0421875 0.0765625
0 0.84609375 0.66640625 0.0359375 0.0671875
0 0.3640625 0.078125 0.0328125 0.071875
0 0.34296875 0.70625 0.0453125 0.0671875
0 0.28359375 0.71484375 0.0421875 0.0765625
0 0.9140625 0.67109375 0.0359375 0.0578125
0 0.64609375 0.6921875 0.0421875 0.071875
0 0.721875 0.68671875 0.0359375 0.0671875
0 0.5953125 0.69765625 0.0421875 0.071875
0 0.990625 0.67890625 0.01875 0.0765625
0 0.15234375 0.740625 0.0359375 0.0671875
0 0.4765625 0.721875 0.0421875 0.0765625
0 0.53984375 0.73828125 0.046875 0.08125
0 0.2515625 0.09296875 0.03125 0.0578125
0 0.2328125 0.825 0.040625 0.0671875
0 0.5296875 0.81796875 0.040625 0.0671875
0 0.0953125 0.8484375 0.0359375 0.0671875
0 0.0375 0.85234375 0.0328125 0.071875
0 0.65390625 0.81171875 0.0359375 0.0625
0 0.28515625 0.8421875 0.0421875 0.0765625
0 0.1625 0.853125 0.0375 0.071875
0 0.34765625 0.840625 0.0421875 0.08125
0 0.84765625 0.05859375 0.040625 0.0625
0 0.4078125 0.840625 0.0359375 0.0625
0 0.98828125 0.8171875 0.0234375 0.071875
0 0.7359375 0.85234375 0.0359375 0.0671875
0 0.928125 0.8390625 0.0328125 0.0671875
0 0.8171875 0.85390625 0.0359375 0.0671875
0 0.5546875 0.08828125 0.040625 0.0625
0 0.95859375 0.06015625 0.028125 0.0609375
0 0.284375 0.965625 0.0328125 0.0671875
0 0.99140625 0.9140625 0.0171875 0.071875
0 0.04375 0.971875 0.028125 0.05625
0 0.53828125 0.95 0.046875 0.0765625
0 0.47890625 0.95625 0.0421875 0.0765625
0 0.22265625 0.9734375 0.0359375 0.053125
0 0.7515625 0.946875 0.040625 0.0671875
0 0.35859375 0.975 0.0359375 0.05
0 0.61015625 0.9609375 0.0328125 0.0671875
0 0.0953125 0.984375 0.03125 0.03125
0 0.41171875 0.971875 0.0359375 0.05625
0 0.8765625 0.94296875 0.0359375 0.0625
0 0.93515625 0.9390625 0.0328125 0.0625
0 0.8140625 0.95078125 0.040625 0.053125
0 0.4484375 0.1015625 0.0421875 0.071875
0 0.48984375 0.1203125 0.0453125 0.0625
0 0.3359375 0.1796875 0.0421875 0.0765625
0 0.0171875 0.20078125 0.034375 0.0578125
0 0.271875 0.190625 0.046875 0.071875
0 0.38515625 0.1875 0.0421875 0.071875
0 0.70625 0.165625 0.0359375 0.0578125
0 0.51484375 0.18359375 0.0359375 0.0671875
0 0.2171875 0.20390625 0.040625 0.0671875
0 0.08359375 0.2203125 0.0328125 0.0625
0 0.1484375 0.21875 0.040625 0.0625
0 0.76015625 0.17578125 0.0375 0.071875
0 0.8828125 0.1671875 0.046875 0.08125
0 0.94921875 0.1625 0.040625 0.0625
0 0.834375 0.17265625 0.040625 0.0671875
0 0.57578125 0.19296875 0.0375 0.071875
0 0.45546875 0.2015625 0.0421875 0.0765625
0 0.6359375 0.19375 0.0375 0.071875