0 0.659375 0.00703125 0.021875 0.0140625
0 0.275 0.2 0.028125 0.0484375
0 0.6984375 0.15546875 0.03125 0.034375
0 0.328125 0.196875 0.0296875 0.0578125
0 0.4171875 0.19453125 0.028125 0.0484375
0 0.37109375 0.2015625 0.021875 0.0390625
0 0.6859375 0.17109375 0.021875 0.0390625
0 0.45625 0.19765625 0.021875 0.0296875
0 0.5046875 0.19453125 0.021875 0.034375
0 0.5515625 0.18984375 0.0171875 0.0328125
0 0.59765625 0.1875 0.0265625 0.0390625
0 0.64140625 0.1828125 0.021875 0.0390625
0 0.25 0.2234375 0.028125 0.0484375
0 0.73828125 0.175 0.0234375 0.04375
0 0.878125 0.1625 0.0421875 0.059375
0 0.4859375 0.20859375 0.021875 0.034375
0 0.17578125 0.05234375 0.0234375 0.04375
0 0.759375 0.18203125 0.0375 0.053125
0 0.16875 0.246875 0.021875 0.0390625
0 0.43984375 0.21796875 0.0265625 0.0390625
0 0.3921875 0.22578125 0.0265625 0.034375
0 0.57109375 0.20625 0.0234375 0.04375
0 0.21015625 0.246875 0.021875 0.0390625
0 0.29765625 0.2375 0.028125 0.04375
0 0.62265625 0.203125 0.028125 0.04375
0 0.35078125 0.23203125 0.021875 0.0390625
0 0.66171875 0.19921875 0.03125 0.0390625
0 0.7171875 0.19375 0.021875 0.0390625
0 0.12109375 0.0609375 0.021875 0.0296875
0 0.5390625 0.22578125 0.021875 0.034375
0 0.77890625 0.20546875 0.0328125 0.04375
0 0.0890625 0.0640625 0.021875 0.025
0 0.5265625 0.24140625 0.0234375 0.04375
0 0.196875 0.278125 0.028125 0.0484375
0 0.25546875 0.27421875 0.0265625 0.0390625
0 0.14921875 0.2875 0.0265625 0.0390625
0 0.47421875 0.25625 0.0265625 0.034375
0 0.36875 0.26953125 0.028125 0.0484375
0 0.58046875 0.246875 0.0265625 0.0390625
0 0.421875 0.2640625 0.028125 0.04375
0 0.6296875 0.24453125 0.03125 0.0390625
0 0.6921875 0.2421875 0.0265625 0.0390625
0 0.834375 0.22734375 0.0359375 0.0484375
0 0.7359375 0.23828125 0.0328125 0.0484375
0 0.31015625 0.2875 0.028125 0.0484375
0 0.6375 0.0140625 0.021875 0.028125
0 0.3328125 0.30546875 0.0328125 0.053125
0 0.1328125 0.3265625 0.0234375 0.04375
0 0.39765625 0.30078125 0.028125 0.0484375
0 0.453125 0.3 0.0328125 0.0484375
0 0.20234375 0.33125 0.028125 0.053125
0 0.2671875 0.32421875 0.0328125 0.053125
0 0.6453125 0.2890625 0.0328125 0.053125
0 0.58359375 0.29765625 0.0328125 0.0484375
0 0.7125 0.2890625 0.028125 0.053125
0 0.7546875 0.284375 0.0328125 0.053125
0 0.51953125 0.31171875 0.0328125 0.04375
0 0.9015625 0.271875 0.0375 0.0578125
0 0.11015625 0.0703125 0.0234375 0.04375
0 0.13359375 0.0703125 0.0171875 0.0296875
0 0.840625 0.3078125 0.0421875 0.0546875
0 0.115625 0.38671875 0.0328125 0.0484375
0 0.23984375 0.3734375 0.0328125 0.0484375
0 0.371875 0.36171875 0.0234375 0.0484375
0 0.17890625 0.39140625 0.0421875 0.0640625
0 0.803125 0.33046875 0.04375 0.06875
0 0.15 0.07109375 0.021875 0.0390625
0 0.3140625 0.39140625 0.0296875 0.0625
0 0.6109375 0.3625 0.0375 0.053125
0 0.7421875 0.3484375 0.0375 0.0578125
0 0.6828125 0.3578125 0.0328125 0.0484375
0 0.90625 0.33671875 0.034375 0.0625
0 0.715625 0.01328125 0.021875 0.0265625
0 0.55703125 0.378125 0.028125 0.0484375
0 0.4375 0.390625 0.0421875 0.0546875
0 0.5046875 0.3859375 0.0328125 0.0484375
0 0.69140625 0.01875 0.021875 0.0296875
0 0.25390625 0.4609375 0.0390625 0.0765625
0 0.1734375 0.4734375 0.0328125 0.053125
0 0.1046875 0.48359375 0.0375 0.053125
0 0.70390625 0.42265625 0.028125 0.0484375
0 0.78203125 0.41953125 0.0421875 0.0546875
0 0.47109375 0.4515625 0.04375 0.06875
0 0.96171875 0.403125 0.04375 0.06875
0 0.09140625 0.08671875 0.0171875 0.0296875
0 0.325 0.471875 0.04375 0.06875
0 0.55703125 0.44765625 0.0375 0.053125
0 0.39921875 0.46875 0.0296875 0.0625
0 0.625 0.4453125 0.028125 0.053125
0 0.853125 0.43046875 0.0421875 0.0546875
0 0.128125 0.0875 0.021875 0.0390625
0 0.26796875 0.5734375 0.0390625 0.0671875
0 0.36484375 0.565625 0.04375 0.06875
0 0.459375 0.5578125 0.0375 0.053125
0 0.1734375 0.0875 0.021875 0.0296875
0 0.66328125 0.0359375 0.021875 0.0296875
0 0.08046875 0.6046875 0.04375 0.06875
0 0.73125 0.5359375 0.0484375 0.06875
0 0.55 0.55546875 0.0359375 0.0484375
0 0.6375 0.5484375 0.0375 0.0625
0 0.93125 0.52734375 0.0453125 0.0828125
0 0.17578125 0.60859375 0.0375 0.0625
0 0.81015625 0.54921875 0.0484375 0.078125
0 0.08828125 0.10078125 0.0171875 0.0328125
0 0.6796875 0.0390625 0.0171875 0.025
0 0.74609375 0.034375 0.021875 0.0390625
0 0.06796875 0.1078125 0.0171875 0.0375
0 0.6484375 0.0515625 0.0265625 0.0296875
0 0.20859375 0.09765625 0.021875 0.0296875
0 0.70859375 0.0453125 0.021875 0.0296875
0 0.3 0.72109375 0.059375 0.09375
0 0.975 0.65 0.05 0.096875
0 0.41640625 0.71875 0.05625 0.10625
0 0.16875 0.76015625 0.05625 0.096875
0 0.05859375 0.7765625 0.0546875 0.0921875
0 0.646875 0.721875 0.05625 0.1015625
0 0.86953125 0.70078125 0.05 0.0875
0 0.75859375 0.72890625 0.0546875 0.0875
0 0.5296875 0.7578125 0.05 0.0921875
0 0.121875 0.1140625 0.0171875 0.025
0 0.10625 0.11796875 0.021875 0.0390625
0 0.690625 0.05625 0.0171875 0.025
0 0.05703125 0.1234375 0.021875 0.0390625
0 0.621875 0.06875 0.0234375 0.04375
0 0.784375 0.05859375 0.034375 0.0578125
0 0.25703125 0.1203125 0.021875 0.025
0 0.3296875 0.121875 0.021875 0.0390625
0 0.82265625 0.07265625 0.0328125 0.0484375
0 0.36796875 0.13203125 0.021875 0.0390625
0 0.6875 0.003125 0.021875 0.00625
0 0.4078125 0.13046875 0.028125 0.04375
0 0.4796875 0.1296875 0.021875 0.034375
0 0.4453125 0.13828125 0.0265625 0.034375
0 0.090625 0.0546875 0.021875 0.0296875
0 0.56328125 0.13046875 0.0171875 0.025
0 0.52421875 0.134375 0.021875 0.034375
0 0.8234375 0.10546875 0.028125 0.0484375
0 0.23046875 0.16796875 0.0125 0.0375
0 0.19765625 0.1734375 0.0171875 0.0328125
0 0.61953125 0.13125 0.021875 0.0296875
0 0.2671875 0.17109375 0.0265625 0.034375
0 0.51171875 0.14765625 0.021875 0.034375
0 0.3484375 0.16484375 0.0265625 0.0390625
0 0.43203125 0.1625 0.0171875 0.0296875
0 0.57890625 0.146875 0.021875 0.0296875
0 0.30390625 0.178125 0.0234375 0.04375
0 0.54765625 0.15234375 0.021875 0.034375
0 0.62578125 0.146875 0.0171875 0.025
0 0.39296875 0.17109375 0.0234375 0.04375
0 0.228125 0.190625 0.0234375 0.0484375
0 0.6609375 0.1453125 0.021875 0.0390625
0 0.4671875 0.16796875 0.0171875 0.0328125
0 0.72578125 0.14296875 0.021875 0.025
0 0.178125 0.20546875 0.021875 0.0390625