0 0.6640625 0.12734375 0.0390625 0.0546875
0 0.49765625 0.10078125 0.028125 0.040625
0 0.9484375 0.17265625 0.0453125 0.065625
0 0.5859375 0.11953125 0.0328125 0.040625
0 0.86953125 0.16484375 0.0421875 0.046875
0 0.45546875 0.10390625 0.0421875 0.0421875
0 0.51015625 0.01015625 0.0265625 0.0203125
0 0.0828125 0.04453125 0.028125 0.040625
0 0.32421875 0.08515625 0.0390625 0.05
0 0.13359375 0.06015625 0.0390625 0.0546875
0 0.65859375 0.0328125 0.0328125 0.0328125
0 0.18125 0.071875 0.034375 0.0453125
0 0.3796875 0.10859375 0.0453125 0.065625
0 0.25078125 0.090625 0.034375 0.0453125
0 0.5828125 0.02109375 0.0328125 0.0328125
0 0.496875 0.13671875 0.0296875 0.0453125
0 0.746875 0.1828125 0.034375 0.0453125
0 0.70859375 0.17734375 0.040625 0.059375
0 0.43125 0.13515625 0.0375 0.040625
0 0.825 0.19765625 0.0390625 0.05
0 0.34140625 0.12109375 0.0390625 0.05
0 0.29296875 0.11875 0.0390625 0.05
0 0.21328125 0.109375 0.0390625 0.05
0 0.809375 0.20625 0.0359375 0.0546875
0 0.621875 0.1765625 0.0328125 0.0359375
0 0.934375 0.22890625 0.0390625 0.05
0 0.57578125 0.171875 0.0390625 0.05
0 0.87890625 0.225 0.0296875 0.0453125
0 0.0859375 0.09921875 0.0375 0.0453125
0 0.89375 0.2296875 0.0390625 0.05
0 0.95234375 0.2484375 0.040625 0.059375
0 0.15390625 0.121875 0.0359375 0.0546875
0 0.728125 0.21484375 0.0359375 0.0546875
0 0.47890625 0.17578125 0.034375 0.0453125
0 0.35234375 0.1578125 0.0375 0.0453125
0 0.5390625 0.1921875 0.0390625 0.0546875
0 0.278125 0.153125 0.0328125 0.040625
0 0.67578125 0.21875 0.04375 0.0515625
0 0.98828125 0.26875 0.0234375 0.05625
0 0.1890625 0.14140625 0.0375 0.0453125
0 0.60390625 0.21171875 0.034375 0.0453125
0 0.4140625 0.18203125 0.03125 0.053125
0 0.82421875 0.25390625 0.0390625 0.05
0 0.9609375 0.28046875 0.0296875 0.0484375
0 0.11484375 0.1484375 0.0375 0.0453125
0 0.803125 0.2578125 0.0328125 0.0359375
0 0.49140625 0.21484375 0.0375 0.0453125
0 0.7421875 0.259375 0.0375 0.040625
0 0.62109375 0.2421875 0.025 0.04375
0 0.89921875 0.28671875 0.034375 0.05
0 0.43046875 0.21484375 0.0359375 0.059375
0 0.35 0.2015625 0.0359375 0.0359375
0 0.55390625 0.234375 0.03125 0.053125
0 0.675 0.25546875 0.0328125 0.040625
0 0.2140625 0.1875 0.0390625 0.0546875
0 0.978125 0.30859375 0.0390625 0.05
0 0.2734375 0.196875 0.04375 0.0515625
0 0.13359375 0.1796875 0.0328125 0.040625
0 0.4296875 0.0140625 0.0375 0.028125
0 0.92109375 0.08671875 0.034375 0.0453125
0 0.9140625 0.31484375 0.04375 0.05625
0 0.075 0.18203125 0.028125 0.03125
0 0.7875 0.29921875 0.0375 0.040625
0 0.72734375 0.29453125 0.0390625 0.05
0 0.396875 0.246875 0.028125 0.03125
0 0.33046875 0.2390625 0.0390625 0.0546875
0 0.66875 0.29296875 0.0390625 0.05
0 0.5265625 0.27265625 0.040625 0.059375
0 0.25859375 0.2296875 0.0359375 0.0359375
0 0.59921875 0.28671875 0.05 0.065625
0 0.18828125 0.22109375 0.0375 0.0453125
0 0.0578125 0.203125 0.0375 0.040625
0 0.85234375 0.33515625 0.040625 0.059375
0 0.12890625 0.225 0.0375 0.0453125
0 0.46875 0.28359375 0.0390625 0.0546875
0 0.96953125 0.36328125 0.0359375 0.0546875
0 0.9015625 0.36171875 0.0390625 0.0546875
0 0.82578125 0.35234375 0.0453125 0.0609375
0 0.3859375 0.2875 0.0390625 0.05
0 0.75390625 0.3453125 0.0390625 0.0546875
0 0.6875 0.3375 0.0390625 0.05
0 0.434375 0.29765625 0.040625 0.059375
0 0.61875 0.32890625 0.04375 0.0515625
0 0.315625 0.28359375 0.0421875 0.0421875
0 0.240625 0.27578125 0.04375 0.05625
0 0.503125 0.31796875 0.04375 0.05625
0 0.0484375 0.24609375 0.034375 0.0453125
0 0.5484375 0.32734375 0.0484375 0.05625
0 0.98203125 0.10234375 0.0359375 0.0515625
0 0.115625 0.26328125 0.0390625 0.05
0 0.17734375 0.27578125 0.04375 0.05625
0 0.9890625 0.41171875 0.021875 0.0546875
0 0.71953125 0.37109375 0.0421875 0.046875
0 0.521875 0.3484375 0.04375 0.05625
0 0.85546875 0.4015625 0.05 0.065625
0 0.64765625 0.36796875 0.04375 0.05625
0 0.77734375 0.39140625 0.04375 0.0515625
0 0.3171875 0.3234375 0.0390625 0.05
0 0.58828125 0.37109375 0.0484375 0.0515625
0 0.91328125 0.42265625 0.0390625 0.05
0 0.24453125 0.32109375 0.0390625 0.05
0 0.384375 0.34296875 0.0453125 0.0609375
0 0.4484375 0.365625 0.0453125 0.065625
0 0.08984375 0.30859375 0.0328125 0.0359375
0 0.8046875 0.4265625 0.05625 0.071875
0 0.96953125 0.45234375 0.034375 0.05
0 0.2265625 0.00703125 0.034375 0.0140625
0 0.15625 0.33515625 0.0390625 0.0546875
0 0.5625 0.40234375 0.04375 0.05625
0 0.48671875 0.390625 0.05 0.065625
0 0.7203125 0.4296875 0.04375 0.05625
0 0.62578125 0.41484375 0.05 0.065625
0 0.88828125 0.45859375 0.05 0.0609375
0 0.7 0.0671875 0.0375 0.0453125
0 0.03515625 0.328125 0.0375 0.06875
0 0.40078125 0.3859375 0.0453125 0.065625
0 0.246875 0.3640625 0.0453125 0.065625
0 0.34140625 0.37890625 0.053125 0.0578125
0 0.18515625 0.35625 0.04375 0.05625
0 0.096875 0.3515625 0.05625 0.0765625
0 0.94453125 0.48828125 0.04375 0.0515625
0 0.63671875 0.44921875 0.04375 0.0515625
0 0.56875 0.04921875 0.028125 0.040625
0 0.86484375 0.48984375 0.0515625 0.0703125
0 0.6796875 0.46015625 0.04375 0.05625
0 0.76171875 0.47578125 0.040625 0.0640625
0 0.3125 0.41171875 0.05 0.065625
0 0.8171875 0.49375 0.04375 0.0515625
0 0.15390625 0.39140625 0.04375 0.05625
0 0.38671875 0.43046875 0.04375 0.05625
0 0.5484375 0.45859375 0.0453125 0.0609375
0 0.23515625 0.41171875 0.0453125 0.0609375
0 0.0328125 0.3890625 0.0453125 0.065625
0 0.46640625 0.4625 0.046875 0.075
0 0.9296875 0.5375 0.046875 0.0703125
0 0.49296875 0.46796875 0.040625 0.059375
0 0.98125 0.55234375 0.034375 0.0765625
0 0.56953125 0.48984375 0.0453125 0.0609375
0 0.88046875 0.54140625 0.0390625 0.05
0 0.33125 0.4546875 0.05 0.0609375
0 0.73828125 0.52109375 0.0484375 0.05625
0 0.79765625 0.53046875 0.0484375 0.05625
0 0.796875 0.08984375 0.0390625 0.0546875
0 0.41484375 0.47265625 0.0515625 0.0703125
0 0.6328125 0.50703125 0.04375 0.0515625
0 0.18515625 0.44765625 0.0453125 0.065625
0 0.30703125 0.01953125 0.0390625 0.0390625
0 0.25625 0.4734375 0.0390625 0.0546875
0 0.0515625 0.44296875 0.034375 0.05
0 0.12265625 0.45703125 0.04375 0.05625
0 0.65234375 0.540625 0.0375 0.0453125
0 0.64140625 0.0671875 0.0390625 0.05
0 0.7765625 0.5703125 0.04375 0.05625
0 0.70859375 0.559375 0.0546875 0.0671875
0 0.50234375 0.52890625 0.05 0.0609375
0 0.8515625 0.58671875 0.05 0.065625
0 0.95234375 0.60390625 0.0328125 0.040625
0 0.4375 0.52265625 0.0484375 0.05625
0 0.575 0.54453125 0.0390625 0.05
0 0.36875 0.51640625 0.05 0.065625
0 0.278125 0.50703125 0.04375 0.0515625
0 0.15078125 0.4890625 0.040625 0.059375
0 0.2203125 0.50234375 0.0453125 0.0609375
0 0.0625 0.49609375 0.0484375 0.0515625
0 0.87578125 0.62734375 0.05 0.0609375
0 0.9484375 0.64375 0.05 0.065625
0 0.4953125 0.571875 0.0390625 0.0546875
0 0.73046875 0.6140625 0.040625 0.0640625
0 0.63671875 0.6015625 0.05 0.065625
0 0.56328125 0.5921875 0.0546875 0.0671875
0 0.41484375 0.57578125 0.05625 0.071875
0 0.1125 0.534375 0.04375 0.05625
0 0.26953125 0.5640625 0.0453125 0.065625
0 0.153125 0.0125 0.034375 0.025
0 0.68046875 0.08359375 0.0390625 0.05
0 0.32578125 0.5796875 0.0546875 0.0671875
0 0.17890625 0.559375 0.0390625 0.05
0 0.8515625 0.1125 0.034375 0.05
0 0.025 0.53671875 0.0453125 0.0609375
0 0.92109375 0.68125 0.04375 0.05625
0 0.75625 0.66015625 0.0484375 0.05625
0 0.515625 0.621875 0.04375 0.05625
0 0.44921875 0.04921875 0.040625 0.059375
0 0.30234375 0.5953125 0.0453125 0.0609375
0 0.15234375 0.57890625 0.0515625 0.0703125
0 0.6234375 0.653125 0.0421875 0.046875
0 0.44765625 0.62578125 0.0453125 0.0609375
0 0.82890625 0.68828125 0.05 0.065625
0 0.6734375 0.66328125 0.0359375 0.0546875
0 0.3828125 0.61953125 0.04375 0.0515625
0 0.0796875 0.5765625 0.0515625 0.0703125
0 0.9234375 0.728125 0.0421875 0.0734375
0 0.840625 0.7296875 0.046875 0.0703125
0 0.315625 0.64609375 0.0484375 0.05625
0 0.590625 0.0765625 0.0375 0.0453125
0 0.521875 0.6859375 0.0375 0.0640625
0 0.77109375 0.728125 0.0453125 0.065625
0 0.39375 0.04765625 0.0484375 0.05625
0 0.6875 0.7171875 0.0515625 0.0703125
0 0.6140625 0.7125 0.0515625 0.0703125
0 0.86875 0.12265625 0.0359375 0.0328125
0 0.378125 0.67734375 0.0546875 0.0671875
0 0.15546875 0.646875 0.046875 0.0703125
0 0.20703125 0.6625 0.0484375 0.05625
0 0.040625 0.6359375 0.0359375 0.0546875
0 0.5671875 0.07734375 0.0234375 0.034375
0 0.915625 0.79296875 0.0515625 0.0703125
0 0.7421875 0.77265625 0.0515625 0.0703125
0 0.8484375 0.7890625 0.05 0.0609375
0 0.45234375 0.7265625 0.0453125 0.065625
0 0.49296875 0.06796875 0.0390625 0.05
0 0.49453125 0.740625 0.0453125 0.065625
0 0.6515625 0.7703125 0.0515625 0.075
0 0.3359375 0.72265625 0.05 0.065625
0 0.56796875 0.7640625 0.046875 0.0703125
0 0.16328125 0.70234375 0.04375 0.05625
0 0.25234375 0.71640625 0.05 0.065625
0 0.10859375 0.69609375 0.0453125 0.065625
0 0.115625 0.0171875 0.034375 0.034375
0 0.81328125 0.12109375 0.040625 0.059375
0 0.2 0.71953125 0.0453125 0.0609375
0 0.40546875 0.759375 0.05625 0.0765625
0 0.84140625 0.83125 0.0515625 0.0703125
0 0.01328125 0.6984375 0.0265625 0.065625
0 0.7546875 0.83046875 0.05 0.065625
0 0.91484375 0.85859375 0.0546875 0.0625
0 0.61328125 0.8203125 0.0515625 0.075
0 0.03515625 0.74296875 0.04375 0.05625
0 0.1375 0.76171875 0.046875 0.0703125
0 0.45 0.81328125 0.0515625 0.0703125
0 0.41640625 0.81015625 0.034375 0.05
0 0.2578125 0.7875 0.053125 0.0578125
0 0.521875 0.83671875 0.046875 0.0703125
0 0.64921875 0.859375 0.0453125 0.0609375
0 0.79921875 0.8875 0.04375 0.0515625
0 0.7 0.87890625 0.0515625 0.0703125
0 0.38203125 0.83046875 0.05 0.065625
0 0.47578125 0.859375 0.0515625 0.0703125
0 0.084375 0.80234375 0.053125 0.0796875
0 0.1609375 0.82109375 0.0375 0.040625
0 0.24765625 0.83515625 0.0609375 0.071875
0 0.31875 0.84609375 0.0546875 0.0625
0 0.0109375 0.79921875 0.021875 0.0671875
0 0.7859375 0.925 0.059375 0.0671875
0 0.5765625 0.90390625 0.046875 0.0421875
0 0.87578125 0.953125 0.0515625 0.04375
0 0.65234375 0.91796875 0.046875 0.0421875
0 0.534375 0.9015625 0.0359375 0.0359375
0 0.14375 0.8421875 0.0453125 0.0296875
0 0.184375 0.0375 0.0265625 0.0265625
0 0.2234375 0.04375 0.034375 0.05
0 0.25 0.05 0.0234375 0.034375
0 0.7296875 0.128125 0.034375 0.05