0 0.40703125 0.1375 0.025 0.0296875
0 0.59453125 0.1265625 0.0359375 0.0484375
0 0.50859375 0.1328125 0.03125 0.0484375
0 0.56015625 0.13125 0.0359375 0.0578125
0 0.91328125 0.10703125 0.04375 0.0390625
0 0.5375 0.140625 0.0265625 0.046875
0 0.28125 0.16015625 0.021875 0.0421875
0 0.29765625 0.16171875 0.0203125 0.015625
0 0.79453125 0.12734375 0.04375 0.0484375
0 0.65078125 0.1390625 0.015625 0.0203125
0 0.965625 0.121875 0.021875 0.0421875
0 0.33515625 0.16640625 0.015625 0.0296875
0 0.44140625 0.16015625 0.0265625 0.0375
0 0.62890625 0.14921875 0.025 0.0328125
0 0.86875 0.1328125 0.03125 0.04375
0 0.196875 0.184375 0.025 0.0203125
0 0.296875 0.17734375 0.0203125 0.015625
0 0.94140625 0.134375 0.021875 0.0421875
0 0.7421875 0.1484375 0.0390625 0.0390625
0 0.7125 0.15546875 0.0203125 0.0328125
0 0.67109375 0.1609375 0.0296875 0.034375
0 0.146875 0.19765625 0.0234375 0.00625
0 0.37109375 0.18203125 0.05 0.0671875
0 0.09140625 0.20390625 0.04375 0.0484375
0 0.92578125 0.1453125 0.040625 0.0578125
0 0.41953125 0.18046875 0.04375 0.0484375
0 0.33671875 0.1890625 0.0203125 0.0203125
0 0.84765625 0.1578125 0.05 0.053125
0 0.69921875 0.16796875 0.0390625 0.0390625
0 0.4875 0.18515625 0.0453125 0.0671875
0 0.59375 0.1828125 0.034375 0.0296875
0 0.4546875 0.1921875 0.0296875 0.025
0 0.78359375 0.17421875 0.040625 0.053125
0 0.96328125 0.1640625 0.03125 0.0578125
0 0.0046875 0.2328125 0.009375 0.0375
0 0.5203125 0.196875 0.040625 0.0484375
0 0.8921875 0.17109375 0.040625 0.0578125
0 0.2734375 0.2140625 0.0359375 0.0578125
0 0.0359375 0.23359375 0.05 0.0671875
0 0.253125 0.21796875 0.0390625 0.04375
0 0.65234375 0.1921875 0.025 0.0296875
0 0.775 0.1859375 0.03125 0.0390625
0 0.75234375 0.18828125 0.03125 0.0484375
0 0.3359375 0.2171875 0.03125 0.0390625
0 0.3046875 0.221875 0.0453125 0.053125
0 0.20703125 0.23046875 0.03125 0.0484375
0 0.1828125 0.23984375 0.0328125 0.071875
0 0.92890625 0.19609375 0.0484375 0.0484375
0 0.746875 0.21328125 0.0359375 0.0671875
0 0.1609375 0.2640625 0.046875 0.0859375
0 0.41015625 0.25078125 0.0421875 0.08125
0 0.00703125 0.27890625 0.0140625 0.0953125
0 0.6859375 0.23671875 0.0578125 0.096875
0 0.87578125 0.22578125 0.046875 0.0765625
0 0.10859375 0.27890625 0.0421875 0.08125
0 0.36953125 0.26328125 0.0515625 0.08125
0 0.6171875 0.2484375 0.05625 0.0875
0 0.23125 0.27734375 0.0421875 0.0765625
0 0.45546875 0.26171875 0.046875 0.0765625
0 0.57109375 0.25625 0.046875 0.0765625
0 0.49296875 0.2640625 0.040625 0.0671875
0 0.7328125 0.246875 0.0375 0.08125
0 0.83671875 0.2421875 0.0421875 0.08125
0 0.5328125 0.27265625 0.046875 0.08125
0 0.26328125 0.29453125 0.0515625 0.08125
0 0.0625 0.31015625 0.0515625 0.0765625
0 0.796875 0.265625 0.05625 0.0875
0 0.3265625 0.31015625 0.0515625 0.071875
0 0.95625 0.296875 0.0609375 0.0875
0 0.8765625 0.3046875 0.0515625 0.071875
0 0.878125 0.39453125 0.0625 0.096875
0 0.43828125 0.478125 0.046875 0.071875