0 0.55078125 0.10234375 0.0359375 0.0671875
0 0.86015625 0.0546875 0.03125 0.03125
0 0.98671875 0.2015625 0.0265625 0.06875
0 0.3546875 0.12578125 0.0390625 0.0640625
0 0.41640625 0.1375 0.0390625 0.06875
0 0.5671875 0.1609375 0.0453125 0.078125
0 0.49375 0.15234375 0.0390625 0.06875
0 0.1421875 0.10859375 0.0390625 0.0640625
0 0.0796875 0.103125 0.034375 0.0578125
0 0.3984375 0.00859375 0.03125 0.0171875
0 0.88984375 0.20703125 0.040625 0.078125
0 0.2765625 0.134375 0.0390625 0.06875
0 0.71015625 0.1921875 0.0453125 0.0734375
0 0.8140625 0.2046875 0.0390625 0.0640625
0 0.6828125 0.0375 0.0328125 0.040625
0 0.6234375 0.18359375 0.0359375 0.0625
0 0.9328125 0.2265625 0.040625 0.0734375
0 0.62734375 0.03046875 0.0328125 0.040625
0 0.92578125 0.06953125 0.0421875 0.0453125
0 0.33125 0.009375 0.0375 0.01875
0 0.76484375 0.2203125 0.040625 0.0734375
0 0.65078125 0.25703125 0.0390625 0.0640625
0 0.121875 0.19921875 0.0390625 0.059375
0 0.84296875 0.2921875 0.028125 0.0484375
0 0.77578125 0.2890625 0.0296875 0.0578125
0 0.31796875 0.2328125 0.0453125 0.078125
0 0.9203125 0.309375 0.05 0.078125
0 0.51796875 0.259375 0.0390625 0.06875
0 0.190625 0.221875 0.0375 0.0546875
0 0.71953125 0.2890625 0.0375 0.0546875
0 0.25234375 0.234375 0.0421875 0.0828125
0 0.390625 0.2515625 0.0390625 0.059375
0 0.98671875 0.33125 0.0265625 0.0625
0 0.5734375 0.2828125 0.034375 0.0578125
0 0.45859375 0.26875 0.0359375 0.0671875
0 0.04453125 0.22421875 0.034375 0.0578125
0 0.7234375 0.3546875 0.040625 0.0734375
0 0.13828125 0.30859375 0.0359375 0.0671875
0 0.84375 0.4 0.0390625 0.06875
0 0.37890625 0.34296875 0.046875 0.0875
0 0.903125 0.409375 0.0390625 0.06875
0 0.971875 0.4203125 0.0453125 0.078125
0 0.46875 0.35859375 0.0390625 0.0640625
0 0.77109375 0.4 0.040625 0.078125
0 0.29296875 0.34609375 0.0453125 0.0828125
0 0.0421875 0.31796875 0.0375 0.08125
0 0.52890625 0.37734375 0.0421875 0.0828125
0 0.590625 0.3875 0.040625 0.0734375
0 0.6546875 0.39765625 0.040625 0.078125
0 0.21875 0.36328125 0.040625 0.0734375
0 0.45703125 0.03515625 0.0359375 0.0625
0 0.37578125 0.4453125 0.04375 0.0640625
0 0.57734375 0.47890625 0.0421875 0.0921875
0 0.171875 0.43359375 0.0390625 0.06875
0 0.0453125 0.4375 0.0390625 0.06875
0 0.75078125 0.52578125 0.0390625 0.090625
0 0.2453125 0.4640625 0.04375 0.06875
0 0.83359375 0.53828125 0.0359375 0.0625
0 0.925 0.5546875 0.0484375 0.096875
0 0.44140625 0.5 0.0390625 0.0640625
0 0.940625 0.1015625 0.0390625 0.0640625
0 0.6625 0.5390625 0.046875 0.0921875
0 0.109375 0.47109375 0.04375 0.0640625
0 0.5 0.52109375 0.040625 0.078125
0 0.31328125 0.50078125 0.04375 0.06875
0 0.97265625 0.58125 0.040625 0.078125
0 0.146875 0.01953125 0.034375 0.0390625
0 0.16796875 0.56171875 0.0375 0.0765625
0 0.028125 0.5796875 0.046875 0.0921875
0 0.31796875 0.615625 0.0375 0.0765625
0 0.84609375 0.6828125 0.046875 0.0921875
0 0.096875 0.590625 0.040625 0.078125
0 0.5421875 0.65 0.04375 0.06875
0 0.76484375 0.67734375 0.0421875 0.0875
0 0.9671875 0.7046875 0.0328125 0.0859375
0 0.7140625 0.6734375 0.05 0.0828125
0 0.4015625 0.63515625 0.0453125 0.0828125
0 0.25 0.61875 0.0359375 0.071875
0 0.84921875 0.1046875 0.0375 0.0546875
0 0.62109375 0.6734375 0.04375 0.06875
0 0.4765625 0.65546875 0.04375 0.06875
0 0.071875 0.01796875 0.0375 0.0359375
0 0.2703125 0.0359375 0.0390625 0.0640625
0 0.90625 0.72421875 0.040625 0.078125
0 0.3921875 0.053125 0.0359375 0.0625
0 0.68125 0.090625 0.034375 0.0578125
0 0.21015625 0.0328125 0.034375 0.053125
0 0.6234375 0.0859375 0.0359375 0.0625
0 0.73359375 0.1 0.0359375 0.0671875
0 0.78828125 0.10859375 0.0359375 0.0625
0 0.0515625 0.71796875 0.0421875 0.0828125
0 0.225 0.74609375 0.053125 0.1015625
0 0.6015625 0.79296875 0.040625 0.078125
0 0.75390625 0.82265625 0.0515625 0.0875
0 0.14453125 0.7546875 0.0515625 0.0875
0 0.80078125 0.04296875 0.025 0.021875
0 0.52109375 0.80546875 0.0359375 0.0671875
0 0.315625 0.7828125 0.0421875 0.0828125
0 0.4578125 0.80234375 0.0515625 0.0875
0 0.83203125 0.85078125 0.046875 0.0921875
0 0.38671875 0.79609375 0.0484375 0.1
0 0.334375 0.06015625 0.05 0.0828125
0 0.665625 0.8421875 0.0515625 0.0875
0 0.90703125 0.87421875 0.0421875 0.0921875
0 0.89921875 0.134375 0.0359375 0.071875
0 0.99609375 0.0671875 0.0078125 0.021875
0 0.05625 0.90546875 0.05625 0.0890625
0 0.75859375 0.97578125 0.0453125 0.0484375
0 0.91953125 0.984375 0.0421875 0.03125
0 0.5875 0.97109375 0.04375 0.0578125
0 0.246875 0.9375 0.05 0.075
0 0.67421875 0.9796875 0.0578125 0.040625
0 0.8453125 0.99296875 0.046875 0.0140625
0 0.15390625 0.92890625 0.053125 0.0609375
0 0.4109375 0.96484375 0.04375 0.059375
0 0.3296875 0.95703125 0.0421875 0.0546875
0 0.50078125 0.98359375 0.0359375 0.0328125