0 0.7640625 0.43203125 0.00625 0.009375
0 0.56015625 0.47890625 0.0109375 0.0109375
0 0.51953125 0.4875 0.00625 0.0140625
0 0.55078125 0.4828125 0.0046875 0.0046875
0 0.65 0.46640625 0.0125 0.0203125
0 0.66484375 0.4640625 0.0109375 0.015625
0 0.7578125 0.4546875 0.0109375 0.0109375
0 0.59921875 0.4796875 0.0125 0.0203125
0 0.35078125 0.52109375 0.015625 0.015625
0 0.77421875 0.45390625 0.015625 0.015625
0 0.38828125 0.51796875 0.0109375 0.015625
0 0.3703125 0.52265625 0.00625 0.009375
0 0.47265625 0.50703125 0.0109375 0.015625
0 0.403125 0.5203125 0.0125 0.0203125
0 0.51015625 0.503125 0.0171875 0.0203125
0 0.590625 0.490625 0.00625 0.0140625
0 0.334375 0.53125 0.015625 0.015625
0 0.3234375 0.5375 0.015625 0.015625
0 0.01484375 0.58671875 0.0125 0.0203125
0 0.44921875 0.51953125 0.015625 0.0109375
0 0.08828125 0.5796875 0.0171875 0.0203125
0 0.8890625 0.4546875 0.0125 0.0203125
0 0.05859375 0.58671875 0.0109375 0.015625
0 0.49609375 0.51953125 0.0171875 0.0203125
0 0.06875 0.5875 0.0125 0.0203125
0 0.90546875 0.45703125 0.0125 0.0203125
0 0.83203125 0.4796875 0.021875 0.021875
0 0.59453125 0.53203125 0.0171875 0.0203125
0 0.8515625 0.503125 0.0234375 0.03125
0 0.93203125 0.48984375 0.0234375 0.03125
0 0.68984375 0.528125 0.015625 0.015625
0 0.478125 0.56875 0.0203125 0.0171875
0 0.52890625 0.5609375 0.015625 0.015625
0 0.51953125 0.56484375 0.015625 0.015625
0 0.02421875 0.64609375 0.00625 0.0140625
0 0.8265625 0.51875 0.0234375 0.03125
0 0.90234375 0.509375 0.0234375 0.03125
0 0.57265625 0.5609375 0.0171875 0.0203125
0 0.678125 0.54453125 0.021875 0.021875
0 0.50703125 0.57421875 0.015625 0.015625
0 0.74921875 0.5359375 0.01875 0.0296875
0 0.1484375 0.6328125 0.00625 0.0140625
0 0.03671875 0.65078125 0.0109375 0.015625
0 0.37265625 0.59765625 0.0171875 0.0203125
0 0.42265625 0.58984375 0.015625 0.015625
0 0.77265625 0.534375 0.015625 0.015625
0 0.34140625 0.6046875 0.0171875 0.0203125
0 0.553125 0.57109375 0.0171875 0.0203125
0 0.38671875 0.59765625 0.015625 0.015625
0 0.46875 0.58515625 0.015625 0.015625
0 0.078125 0.646875 0.0125 0.0203125
0 0.02578125 0.6546875 0.0171875 0.0203125
0 0.84609375 0.525 0.0234375 0.034375
0 0.3640625 0.60390625 0.0109375 0.015625
0 0.45546875 0.5890625 0.0171875 0.0203125
0 0.9359375 0.515625 0.0234375 0.03125
0 0.05546875 0.6546875 0.0171875 0.0203125
0 0.69609375 0.55625 0.021875 0.021875
0 0.71015625 0.55390625 0.0234375 0.034375
0 0.80625 0.53828125 0.028125 0.0359375
0 0.14296875 0.64375 0.0171875 0.025
0 0.075 0.65703125 0.0109375 0.015625
0 0.49765625 0.58984375 0.0171875 0.0203125
0 0.51015625 0.5921875 0.0171875 0.0203125
0 0.528125 0.58984375 0.0171875 0.0203125
0 0.640625 0.571875 0.0171875 0.0203125
0 0.1015625 0.6609375 0.0171875 0.025
0 0.3734375 0.6203125 0.021875 0.021875
0 0.78359375 0.5578125 0.0234375 0.034375
0 0.4109375 0.6171875 0.0171875 0.0203125
0 0.3359375 0.63125 0.01875 0.0296875
0 0.35625 0.628125 0.0234375 0.03125
0 0.559375 0.59609375 0.0171875 0.0203125
0 0.084375 0.6734375 0.0125 0.025
0 0.35 0.63125 0.0234375 0.03125
0 0.4453125 0.61640625 0.0171875 0.0203125
0 0.5328125 0.6046875 0.01875 0.0296875
0 0.19453125 0.65859375 0.0234375 0.034375
0 0.30078125 0.64375 0.021875 0.021875
0 0.16796875 0.66484375 0.0125 0.0203125
0 0.4328125 0.625 0.0171875 0.0203125
0 0.1359375 0.67265625 0.01875 0.0296875
0 0.121875 0.6765625 0.01875 0.034375
0 0.15234375 0.671875 0.021875 0.021875
0 0.3171875 0.6484375 0.0171875 0.0203125
0 0.059375 0.69609375 0.025 0.0390625
0 0.7328125 0.58984375 0.028125 0.040625
0 0.08125 0.6953125 0.0171875 0.0203125
0 0.7765625 0.5875 0.034375 0.05
0 0.8265625 0.5796875 0.0359375 0.0546875
0 0.85234375 0.578125 0.034375 0.0453125
0 0.99453125 0.553125 0.0109375 0.03125
0 0.99140625 0.5625 0.0171875 0.021875
0 0.8859375 0.58203125 0.0296875 0.0484375
0 0.715625 0.61640625 0.0171875 0.0203125
0 0.184375 0.709375 0.034375 0.0453125
0 0.1453125 0.7171875 0.028125 0.0359375
0 0.39453125 0.68046875 0.028125 0.03125
0 0.93203125 0.5953125 0.034375 0.0453125
0 0.04375 0.740625 0.0296875 0.0484375
0 0.35703125 0.69375 0.028125 0.0359375
0 0.4171875 0.684375 0.028125 0.03125
0 0.45546875 0.678125 0.0390625 0.05
0 0.57265625 0.6640625 0.0328125 0.0359375
0 0.11328125 0.73671875 0.0359375 0.0359375
0 0.17109375 0.73046875 0.0359375 0.0546875
0 0.6265625 0.66484375 0.0328125 0.040625
0 0.475 0.72890625 0.0375 0.0453125
0 0.24921875 0.83984375 0.040625 0.0640625
0 0.528125 0.7953125 0.034375 0.05
0 0.1375 0.890625 0.0453125 0.065625
0 0.13828125 0.95390625 0.0609375 0.071875