0 0.38828125 0.115625 0.0765625 0.103125
0 0.75859375 0.203125 0.0875 0.1125
0 0.85390625 0.2578125 0.084375 0.1171875
0 0.1140625 0.11875 0.090625 0.1265625
0 0.19453125 0.14375 0.1140625 0.13125
0 0.91328125 0.290625 0.115625 0.1625
0 0.3453125 0.1890625 0.0828125 0.1125
0 0.4609375 0.01875 0.05 0.0375
0 0.53125 0.265625 0.09375 0.140625
0 0.634375 0.29765625 0.1046875 0.1515625
0 0.45078125 0.26484375 0.084375 0.1390625
0 0.5625 0.03125 0.0484375 0.0484375
0 0.759375 0.3546875 0.1015625 0.1421875
0 0.8265625 0.0890625 0.0625 0.0765625
0 0.21796875 0.27578125 0.096875 0.1421875
0 0.71796875 0.0703125 0.090625 0.0828125
0 0.10546875 0.31015625 0.1 0.1109375
0 0.35390625 0.36796875 0.125 0.146875
0 0.33515625 0.02578125 0.0703125 0.0515625
0 0.86875 0.10703125 0.05 0.0796875
0 0.75078125 0.50625 0.121875 0.159375
0 0.29765625 0.47265625 0.1109375 0.1609375
0 0.30859375 0.02421875 0.0640625 0.0484375
0 0.10859375 0.45 0.1140625 0.1359375
0 0.4265625 0.5640625 0.11875 0.159375
0 0.95234375 0.13984375 0.084375 0.1171875
0 0.62265625 0.67265625 0.10625 0.14375
0 0.02578125 0.56484375 0.0515625 0.1390625
0 0.05234375 0.67734375 0.1046875 0.1765625
0 0.3390625 0.7453125 0.1609375 0.2234375
0 0.64140625 0.8171875 0.1375 0.1921875
0 0.10546875 0.74609375 0.1375 0.1921875
0 0.56796875 0.0890625 0.0515625 0.0890625
0 0.378125 0.059375 0.0671875 0.075
0 0.14609375 0.0328125 0.0765625 0.065625
0 0.4484375 0.09609375 0.06875 0.0875
0 0.63203125 0.13671875 0.0953125 0.128125