0 0.209375 0.0234375 0.0234375 0.0375
0 0.32734375 0.02421875 0.01875 0.028125
0 0.37890625 0.1921875 0.0234375 0.0328125
0 0.94140625 0.18203125 0.01875 0.0328125
0 0.353125 0.1921875 0.0234375 0.0328125
0 0.5984375 0.18828125 0.01875 0.0375
0 0.26328125 0.19609375 0.0234375 0.0328125
0 0.7953125 0.1890625 0.01875 0.0375
0 0.28125 0.20078125 0.0234375 0.028125
0 0.8390625 0.190625 0.01875 0.0328125
0 0.11953125 0.20546875 0.01875 0.028125
0 0.32578125 0.20234375 0.01875 0.028125
0 0.746875 0.196875 0.028125 0.028125
0 0.19375 0.20703125 0.01875 0.028125
0 0.059375 0.209375 0.0234375 0.0375
0 0.09609375 0.20859375 0.025 0.046875
0 0.665625 0.20078125 0.0234375 0.0375
0 0.91796875 0.196875 0.01875 0.0375
0 0.30703125 0.20703125 0.01875 0.028125
0 0.98046875 0.1953125 0.028125 0.0421875
0 0.57109375 0.20234375 0.01875 0.0328125
0 0.02109375 0.21484375 0.0234375 0.0421875
0 0.63359375 0.20390625 0.0234375 0.0328125
0 0.1640625 0.2140625 0.009375 0.0328125
0 0.13203125 0.21484375 0.01875 0.028125
0 0.51328125 0.20859375 0.01875 0.0328125
0 0.2109375 0.215625 0.0140625 0.028125
0 0.96015625 0.203125 0.0234375 0.0328125
0 0.46484375 0.2140625 0.0234375 0.028125
0 0.17578125 0.225 0.01875 0.0375
0 0.75 0.2171875 0.01875 0.028125
0 0.2265625 0.22890625 0.0234375 0.0375
0 0.0921875 0.23125 0.01875 0.0328125
0 0.584375 0.021875 0.01875 0.028125
0 0.778125 0.01875 0.01875 0.0328125
0 0.846875 0.01796875 0.01875 0.0359375
0 0.009375 0.23515625 0.01875 0.0421875
0 0.19921875 0.23203125 0.0140625 0.01875
0 0.03671875 0.234375 0.01875 0.0328125
0 0.8984375 0.21953125 0.0234375 0.0421875
0 0.69921875 0.225 0.01875 0.0328125
0 0.37734375 0.2359375 0.01875 0.0328125
0 0.284375 0.2375 0.01875 0.028125
0 0.31484375 0.23671875 0.01875 0.0328125
0 0.11796875 0.23984375 0.0234375 0.0421875
0 0.54375 0.23515625 0.0234375 0.0328125
0 0.4046875 0.23984375 0.028125 0.0375
0 0.49765625 0.23828125 0.0234375 0.0375
0 0.64140625 0.23828125 0.01875 0.028125
0 0.15078125 0.24921875 0.01875 0.0375
0 0.05078125 0.25078125 0.028125 0.0328125
0 0.41953125 0.02734375 0.01875 0.0234375
0 0.5421875 0.025 0.0140625 0.0234375
0 0.9765625 0.01796875 0.01875 0.0359375
0 0.6375 0.0234375 0.0140625 0.028125
0 0.5765625 0.24140625 0.01875 0.0328125
0 0.35859375 0.24765625 0.028125 0.0421875
0 0.84453125 0.2390625 0.0234375 0.0328125
0 0.7734375 0.240625 0.028125 0.0375
0 0.26640625 0.2515625 0.01875 0.0234375
0 0.20390625 0.253125 0.01875 0.0328125
0 0.096875 0.2546875 0.01875 0.0375
0 0.32734375 0.25546875 0.01875 0.01875
0 0.74765625 0.25 0.0296875 0.046875
0 0.4703125 0.25546875 0.01875 0.0328125
0 0.0125 0.265625 0.0234375 0.0375
0 0.5890625 0.25546875 0.01875 0.0328125
0 0.709375 0.25546875 0.01875 0.0421875
0 0.79921875 0.25390625 0.0234375 0.0328125
0 0.2578125 0.265625 0.01875 0.0234375
0 0.35703125 0.028125 0.0140625 0.0234375
0 0.6671875 0.025 0.01875 0.0234375
0 0.3015625 0.2671875 0.01875 0.0328125
0 0.6421875 0.26640625 0.01875 0.0375
0 0.9890625 0.2625 0.0140625 0.0375
0 0.17890625 0.2765625 0.0234375 0.0234375
0 0.9359375 0.265625 0.0234375 0.0421875
0 0.54921875 0.27265625 0.0234375 0.0375
0 0.896875 0.26640625 0.0234375 0.0328125
0 0.3296875 0.27890625 0.0234375 0.0375
0 0.62578125 0.2734375 0.01875 0.0375
0 0.45703125 0.28125 0.0234375 0.0328125
0 0.04453125 0.28828125 0.01875 0.0328125
0 0.47734375 0.028125 0.0234375 0.028125
0 0.09375 0.03515625 0.0140625 0.0234375
0 0.3828125 0.284375 0.01875 0.028125
0 0.8390625 0.27578125 0.0203125 0.046875
0 0.25078125 0.28671875 0.01875 0.0234375
0 0.815625 0.27890625 0.028125 0.0375
0 0.4265625 0.28828125 0.0140625 0.0328125
0 0.18828125 0.29453125 0.0234375 0.028125
0 0.084375 0.29609375 0.0234375 0.0421875
0 0.0109375 0.3015625 0.021875 0.028125
0 0.11953125 0.30234375 0.0234375 0.0421875
0 0.7828125 0.29140625 0.0234375 0.0234375
0 0.73203125 0.29453125 0.0234375 0.0375
0 0.515625 0.03046875 0.0140625 0.0328125
0 0.57265625 0.02890625 0.01875 0.028125
0 0.1609375 0.0359375 0.01875 0.0234375
0 0.91953125 0.0234375 0.0234375 0.028125
0 0.6796875 0.29765625 0.0234375 0.028125
0 0.56875 0.29921875 0.0234375 0.0375
0 0.64296875 0.2984375 0.0140625 0.0234375
0 0.290625 0.3140625 0.01875 0.0328125
0 0.6125 0.3078125 0.01875 0.0375
0 0.915625 0.30546875 0.0328125 0.0375
0 0.3140625 0.315625 0.0234375 0.0375
0 0.88125 0.30546875 0.01875 0.028125
0 0.525 0.31171875 0.01875 0.0375
0 0.8234375 0.30703125 0.0234375 0.028125
0 0.94296875 0.02421875 0.01875 0.0375
0 0.4203125 0.32109375 0.0234375 0.0328125
0 0.77734375 0.321875 0.01875 0.028125
0 0.10078125 0.3359375 0.0234375 0.0421875
0 0.14765625 0.33515625 0.01875 0.0421875
0 0.28125 0.33515625 0.01875 0.028125
0 0.4484375 0.33203125 0.0234375 0.028125
0 0.58046875 0.3296875 0.01875 0.028125
0 0.03359375 0.34140625 0.0234375 0.0375
0 0.059375 0.34140625 0.028125 0.0375
0 0.71640625 0.3296875 0.0234375 0.0421875
0 0.18203125 0.34140625 0.028125 0.0328125
0 0.64296875 0.33359375 0.01875 0.0375
0 0.68203125 0.3328125 0.01875 0.0375
0 0.48515625 0.33828125 0.01875 0.028125
0 0.75625 0.33359375 0.0140625 0.0234375
0 0.22421875 0.34765625 0.01875 0.028125
0 0.35859375 0.3453125 0.0234375 0.0375
0 0.38671875 0.346875 0.0234375 0.0375
0 0.615625 0.3421875 0.0234375 0.0375
0 0.2109375 0.3515625 0.01875 0.0328125
0 0.4609375 0.34765625 0.0234375 0.0375
0 0.2359375 0.35390625 0.0234375 0.0375
0 0.34453125 0.3515625 0.0234375 0.0421875
0 0.55078125 0.3484375 0.0234375 0.0375
0 0.51171875 0.3515625 0.01875 0.0421875
0 0.83125 0.34609375 0.028125 0.0421875
0 0.41640625 0.3578125 0.0234375 0.0375
0 0.71875 0.0328125 0.01875 0.028125
0 0.3125 0.36171875 0.0234375 0.0375
0 0.09453125 0.365625 0.0203125 0.046875
0 0.01875 0.37421875 0.028125 0.0421875
0 0.909375 0.35859375 0.01875 0.0328125
0 0.73125 0.36171875 0.01875 0.0375
0 0.7984375 0.36015625 0.0234375 0.0375
0 0.759375 0.36796875 0.028125 0.0421875
0 0.3828125 0.00703125 0.0140625 0.009375
0 0.36953125 0.0390625 0.01875 0.028125
0 0.59609375 0.03515625 0.01875 0.01875
0 0.45546875 0.03984375 0.01875 0.0328125
0 0.07421875 0.38203125 0.0234375 0.0421875
0 0.6546875 0.3796875 0.01875 0.0375
0 0.1640625 0.38984375 0.01875 0.0328125
0 0.55546875 0.38359375 0.01875 0.0421875
0 0.58828125 0.3828125 0.0234375 0.0375
0 0.53203125 0.38359375 0.01875 0.0375
0 0.62734375 0.384375 0.028125 0.0328125
0 0.6765625 0.38828125 0.01875 0.0375
0 0.49140625 0.39140625 0.028125 0.0375
0 0.9328125 0.38359375 0.01875 0.0421875
0 0.95390625 0.38359375 0.0296875 0.046875
0 0.35703125 0.39609375 0.0234375 0.0375
0 0.44296875 0.39453125 0.025 0.046875
0 0.40390625 0.39765625 0.0234375 0.0375
0 0.26484375 0.40234375 0.0234375 0.0375
0 0.3828125 0.40078125 0.01875 0.0328125
0 0.91484375 0.39375 0.01875 0.0375
0 0.1 0.4078125 0.028125 0.0375
0 0.00625 0.4109375 0.0125 0.046875
0 0.046875 0.41328125 0.025 0.0515625
0 0.74375 0.4015625 0.0296875 0.046875
0 0.2046875 0.41484375 0.0234375 0.0328125
0 0.32265625 0.4125 0.0234375 0.0375
0 0.34375 0.04375 0.0140625 0.028125
0 0.40390625 0.04296875 0.01875 0.0234375
0 0.89921875 0.034375 0.01875 0.01875
0 0.65390625 0.03828125 0.01875 0.028125
0 0.80234375 0.0359375 0.01875 0.0328125
0 0.15546875 0.43203125 0.0296875 0.046875
0 0.4984375 0.43046875 0.028125 0.0421875
0 0.43203125 0.04453125 0.0234375 0.028125
0 0.5359375 0.04296875 0.0140625 0.028125
0 0.46171875 0.04453125 0.0140625 0.028125
0 0.4921875 0.04375 0.01875 0.028125
0 0.559375 0.04296875 0.01875 0.01875
0 0.86484375 0.0375 0.01875 0.01875
0 0.40234375 0.434375 0.0234375 0.0328125
0 0.67890625 0.4296875 0.025 0.046875
0 0.290625 0.44140625 0.0234375 0.0375
0 0.81640625 0.43671875 0.0296875 0.046875
0 0.790625 0.43984375 0.0328125 0.0421875
0 0.1984375 0.45 0.0234375 0.0421875
0 0.6890625 0.040625 0.01875 0.028125
0 0.22578125 0.4609375 0.028125 0.0421875
0 0.43671875 0.459375 0.0234375 0.0375
0 0.35078125 0.46328125 0.0234375 0.0421875
0 0.9203125 0.4609375 0.028125 0.0375
0 0.70546875 0.0421875 0.01875 0.028125
0 0.309375 0.0515625 0.01875 0.0328125
0 0.33046875 0.47265625 0.0234375 0.028125
0 0.6609375 0.47109375 0.0234375 0.0421875
0 0.63203125 0.47890625 0.0234375 0.0375
0 0.728125 0.04453125 0.01875 0.028125
0 0.1921875 0.49375 0.0234375 0.0375
0 0.70859375 0.49140625 0.01875 0.0328125
0 0.928125 0.4875 0.028125 0.0328125
0 0.95859375 0.48984375 0.025 0.046875
0 0.48828125 0.49765625 0.028125 0.0328125
0 0.64609375 0.49765625 0.01875 0.0328125
0 0.73359375 0.49609375 0.0234375 0.0328125
0 0.3703125 0.5046875 0.01875 0.028125
0 0.4234375 0.50390625 0.028125 0.028125
0 0.87265625 0.49609375 0.0328125 0.0515625
0 0.33359375 0.5078125 0.028125 0.0421875
0 0.05703125 0.05859375 0.0140625 0.0234375
0 0.56484375 0.50625 0.0234375 0.0375
0 0.2890625 0.51328125 0.01875 0.0421875
0 0.12734375 0.515625 0.0234375 0.0375
0 0.08359375 0.51875 0.0234375 0.0421875
0 0.053125 0.51953125 0.0234375 0.0375
0 0.8265625 0.50625 0.0328125 0.0609375
0 0.78203125 0.51640625 0.01875 0.01875
0 0.76796875 0.0484375 0.01875 0.028125
0 0.7484375 0.52109375 0.028125 0.0421875
0 0.4453125 0.53125 0.028125 0.0375
0 0.65390625 0.5296875 0.0234375 0.0421875
0 0.70234375 0.528125 0.028125 0.0421875
0 0.075 0.53984375 0.0234375 0.028125
0 0.9359375 0.5265625 0.0296875 0.046875
0 0.61171875 0.5328125 0.0328125 0.0515625
0 0.7765625 0.53203125 0.01875 0.0234375
0 0.49609375 0.54140625 0.0328125 0.0421875
0 0.35703125 0.54375 0.0296875 0.0515625
0 0.14765625 0.06171875 0.0234375 0.028125
0 0.9640625 0.04765625 0.01875 0.0328125
0 0.103125 0.0625 0.01875 0.0328125
0 0.62578125 0.553125 0.028125 0.028125
0 0.0265625 0.5640625 0.028125 0.0375
0 0.26953125 0.559375 0.0234375 0.0421875
0 0.3109375 0.56328125 0.0296875 0.0515625
0 0.8453125 0.55390625 0.0296875 0.0515625
0 0.1703125 0.06328125 0.01875 0.0328125
0 0.67265625 0.0546875 0.0140625 0.0234375
0 0.1671875 0.56796875 0.0296875 0.0515625
0 0.00859375 0.57578125 0.0140625 0.0421875
0 0.76953125 0.5625 0.0328125 0.0515625
0 0.7375 0.56796875 0.01875 0.0421875
0 0.06171875 0.5796875 0.01875 0.0375
0 0.6890625 0.57109375 0.0328125 0.05625
0 0.13359375 0.5828125 0.01875 0.0375
0 0.88125 0.5703125 0.0296875 0.046875
0 0.11484375 0.58828125 0.0234375 0.0421875
0 0.20078125 0.06328125 0.01875 0.0328125
0 0.621875 0.05546875 0.01875 0.0234375
0 0.50859375 0.06015625 0.01875 0.028125
0 0.5453125 0.059375 0.0140625 0.028125
0 0.66328125 0.58046875 0.01875 0.0328125
0 0.63359375 0.5859375 0.0296875 0.0515625
0 0.5296875 0.5921875 0.0296875 0.0515625
0 0.9875 0.5859375 0.0203125 0.0609375
0 0.603125 0.59765625 0.0328125 0.0515625
0 0.39921875 0.06171875 0.0234375 0.028125
0 0.55703125 0.059375 0.01875 0.0234375
0 0.59609375 0.05859375 0.01875 0.0328125
0 0.790625 0.0546875 0.01875 0.0328125
0 0.57578125 0.6 0.028125 0.0375
0 0.0875 0.60859375 0.0234375 0.0421875
0 0.35390625 0.61796875 0.028125 0.0421875
0 0.2203125 0.6203125 0.028125 0.0421875
0 0.96953125 0.6078125 0.0296875 0.046875
0 0.92109375 0.6109375 0.0328125 0.05625
0 0.00703125 0.63359375 0.0109375 0.046875
0 0.27109375 0.6265625 0.01875 0.0375
0 0.0390625 0.63046875 0.01875 0.0375
0 0.2890625 0.62890625 0.0234375 0.0421875
0 0.20390625 0.6328125 0.0234375 0.0421875
0 0.153125 0.63359375 0.0296875 0.046875
0 0.0671875 0.63515625 0.0234375 0.0421875
0 0.38203125 0.63671875 0.0296875 0.0515625
0 0.90859375 0.0578125 0.01875 0.028125
0 0.76640625 0.6390625 0.0296875 0.0515625
0 0.490625 0.64375 0.0296875 0.05625
0 0.7015625 0.640625 0.0328125 0.05625
0 0.6640625 0.65 0.0296875 0.0515625
0 0.41171875 0.6546875 0.0234375 0.0421875
0 0.52109375 0.653125 0.0296875 0.0515625
0 0.44921875 0.65625 0.0328125 0.046875
0 0.803125 0.65 0.028125 0.0421875
0 0.2859375 0.06875 0.01875 0.0234375
0 0.73515625 0.06328125 0.01875 0.0328125
0 0.62265625 0.6546875 0.0328125 0.05625
0 0.8703125 0.65078125 0.028125 0.0421875
0 0.565625 0.65859375 0.0296875 0.05625
0 0.109375 0.67109375 0.0234375 0.0375
0 0.27890625 0.66796875 0.0375 0.046875
0 0.03359375 0.6765625 0.0234375 0.0421875
0 0.94609375 0.059375 0.01875 0.0234375
0 0.98203125 0.6671875 0.0328125 0.0609375
0 0.20234375 0.68359375 0.028125 0.0421875
0 0.0890625 0.68984375 0.0296875 0.046875
0 0.24140625 0.68984375 0.0234375 0.0421875
0 0.42421875 0.6890625 0.0234375 0.0421875
0 0.93125 0.68203125 0.0296875 0.05625
0 0.18671875 0.075 0.01875 0.028125
0 0.89296875 0.0625 0.01875 0.028125
0 0.12890625 0.70546875 0.0328125 0.0515625
0 0.72578125 0.7046875 0.0328125 0.0515625
0 0.5984375 0.70703125 0.0296875 0.065625
0 0.6796875 0.70546875 0.028125 0.0375
0 0.8140625 0.70546875 0.0375 0.05625
0 0.86953125 0.70703125 0.0328125 0.05625
0 0.6984375 0.06796875 0.0234375 0.0328125
0 0.03671875 0.0796875 0.01875 0.028125
0 0.05078125 0.0796875 0.01875 0.0140625
0 0.640625 0.715625 0.0375 0.05625
0 0.6984375 0.71484375 0.028125 0.0421875
0 0.75859375 0.71328125 0.025 0.046875
0 0.36953125 0.721875 0.0234375 0.0375
0 0.5359375 0.72578125 0.0375 0.05625
0 0.78828125 0.721875 0.0375 0.046875
0 0.66796875 0.07109375 0.01875 0.028125
0 0.44609375 0.734375 0.025 0.046875
0 0.48984375 0.73359375 0.0328125 0.046875
0 0.8953125 0.7265625 0.0296875 0.05625
0 0.096875 0.74765625 0.028125 0.0421875
0 0.30703125 0.74609375 0.0375 0.046875
0 0.04140625 0.75078125 0.0296875 0.046875
0 0.07890625 0.75 0.01875 0.0421875
0 0.37734375 0.74765625 0.0234375 0.0375
0 0.01171875 0.75859375 0.015625 0.046875
0 0.47734375 0.00703125 0.01875 0.0140625
0 0.50546875 0.00703125 0.01875 0.0140625
0 0.54140625 0.00859375 0.0140625 0.0171875
0 0.86015625 0.06796875 0.01875 0.0375
0 0.1390625 0.76328125 0.0296875 0.046875
0 0.41171875 0.75859375 0.028125 0.0375
0 0.2796875 0.0828125 0.01875 0.0328125
0 0.15 0.08515625 0.0140625 0.028125
0 0.51484375 0.79609375 0.046875 0.065625
0 0.28125 0.80234375 0.0296875 0.0515625
0 0.46875 0.8015625 0.0421875 0.065625
0 0.21171875 0.81796875 0.028125 0.0375
0 0.35859375 0.0859375 0.01875 0.0328125
0 0.534375 0.0828125 0.01875 0.0375
0 0.97890625 0.075 0.0203125 0.046875
0 0.25859375 0.846875 0.0328125 0.0515625
0 0.803125 0.078125 0.0234375 0.028125
0 0.375 0.08828125 0.0140625 0.0234375
0 0.56484375 0.084375 0.0140625 0.0234375
0 0.24765625 0.09296875 0.0140625 0.01875
0 0.93671875 0.8671875 0.0328125 0.0703125
0 0.32109375 0.88046875 0.0375 0.0703125
0 0.971875 0.86953125 0.0515625 0.065625
0 0.225 0.88671875 0.0375 0.065625
0 0.3890625 0.08984375 0.0140625 0.028125
0 0.09453125 0.0953125 0.0140625 0.028125
0 0.4140625 0.08984375 0.01875 0.028125
0 0.2875 0.88828125 0.0328125 0.05625
0 0.5046875 0.884375 0.0296875 0.0515625
0 0.428125 0.88828125 0.0421875 0.0609375
0 0.89375 0.8796875 0.0421875 0.075
0 0.8453125 0.88515625 0.0375 0.0703125
0 0.39609375 0.89296875 0.0328125 0.0515625
0 0.6109375 0.8921875 0.0421875 0.065625
0 0.7640625 0.8890625 0.0421875 0.065625
0 0.821875 0.890625 0.0421875 0.075
0 0.6640625 0.8953125 0.0328125 0.05625
0 0.1484375 0.90703125 0.0296875 0.0515625
0 0.69921875 0.90234375 0.0328125 0.046875
0 0.4859375 0.90546875 0.0296875 0.05625
0 0.1109375 0.91640625 0.0375 0.046875
0 0.053125 0.10078125 0.01875 0.0328125
0 0.91875 0.0859375 0.0140625 0.028125
0 0.528125 0.92265625 0.0421875 0.0609375
0 0.084375 0.93984375 0.0328125 0.0515625
0 0.44296875 0.01015625 0.0140625 0.01875
0 0.2921875 0.015625 0.028125 0.0234375
0 0.75 0.009375 0.028125 0.01875
0 0.89140625 0.0875 0.01875 0.028125
0 0.96796875 0.94375 0.0640625 0.075
0 0.1296875 0.10078125 0.01875 0.0328125
0 0.47421875 0.09453125 0.01875 0.0328125
0 0.5046875 0.09453125 0.01875 0.028125
0 0.08125 0.1015625 0.0140625 0.028125
0 0.5921875 0.0953125 0.0140625 0.028125
0 0.28984375 0.971875 0.0421875 0.046875
0 0.66875 0.09375 0.0234375 0.0328125
0 0.56875 0.9734375 0.0375 0.046875
0 0.146875 0.9828125 0.0375 0.034375
0 0.4625 0.9796875 0.0421875 0.0375
0 0.2328125 0.98671875 0.028125 0.0265625
0 0.890625 0.9765625 0.0421875 0.028125
0 0.371875 0.9859375 0.0375 0.028125
0 0.6125 0.984375 0.0328125 0.028125
0 0.65 0.98359375 0.0421875 0.0234375
0 0.73515625 0.98203125 0.0421875 0.028125
0 0.853125 0.9796875 0.028125 0.0234375
0 0.32265625 0.990625 0.0328125 0.01875
0 0.77109375 0.09453125 0.01875 0.028125
0 0.72421875 0.1 0.01875 0.028125
0 0.9375 0.09609375 0.01875 0.0328125
0 0.27109375 0.1078125 0.01875 0.028125
0 0.25234375 0.11015625 0.0234375 0.0328125
0 0.58125 0.1046875 0.01875 0.0375
0 0.2171875 0.11328125 0.0234375 0.0375
0 0.65234375 0.10625 0.01875 0.028125
0 0.98125 0.1046875 0.0140625 0.0234375
0 0.41015625 0.01328125 0.01875 0.0234375
0 0.23671875 0.01640625 0.0140625 0.0234375
0 0.68828125 0.0125 0.0234375 0.025
0 0.15 0.11953125 0.0140625 0.028125
0 0.178125 0.12109375 0.01875 0.028125
0 0.971875 0.10703125 0.01875 0.0375
0 0.8375 0.109375 0.01875 0.0328125
0 0.428125 0.11953125 0.0234375 0.0328125
0 0.23203125 0.125 0.0234375 0.028125
0 0.11875 0.1265625 0.01875 0.0328125
0 0.91875 0.115625 0.0234375 0.0234375
0 0.38984375 0.12890625 0.01875 0.028125
0 0.05390625 0.13515625 0.01875 0.0328125
0 0.88984375 0.12265625 0.0234375 0.0328125
0 0.803125 0.0109375 0.01875 0.021875
0 0.08203125 0.1390625 0.01875 0.028125
0 0.146875 0.140625 0.01875 0.0234375
0 0.1625 0.13984375 0.0140625 0.028125
0 0.36640625 0.13671875 0.0234375 0.0328125
0 0.60234375 0.13515625 0.01875 0.0328125
0 0.73671875 0.13515625 0.0234375 0.028125
0 0.77578125 0.1390625 0.0140625 0.0328125
0 0.815625 0.13828125 0.01875 0.028125
0 0.86875 0.13984375 0.01875 0.0234375
0 0.98203125 0.13984375 0.0234375 0.0421875
0 0.9125 0.14375 0.0234375 0.0328125
0 0.26953125 0.15703125 0.01875 0.0234375
0 0.95234375 0.1453125 0.01875 0.0328125
0 0.35 0.1578125 0.0234375 0.0328125
0 0.3828125 0.1578125 0.01875 0.0328125
0 0.79453125 0.1515625 0.01875 0.0328125
0 0.5328125 0.15625 0.01875 0.028125
0 0.21796875 0.16640625 0.01875 0.0375
0 0.67890625 0.15859375 0.01875 0.028125
0 0.5125 0.1640625 0.01875 0.028125
0 0.13828125 0.1703125 0.0234375 0.0328125
0 0.09765625 0.0234375 0.0140625 0.0140625
0 0.6046875 0.0171875 0.01875 0.028125
0 0.30234375 0.171875 0.0234375 0.028125
0 0.52890625 0.1703125 0.01875 0.01875
0 0.65625 0.16796875 0.01875 0.028125
0 0.46640625 0.17421875 0.01875 0.028125
0 0.04765625 0.18125 0.01875 0.0375
0 0.7328125 0.16953125 0.0234375 0.0328125
0 0.8234375 0.16796875 0.0234375 0.0375
0 0.1703125 0.18359375 0.01875 0.0328125
0 0.0875 0.18515625 0.0234375 0.028125
0 0.55703125 0.17734375 0.01875 0.0328125
0 0.0203125 0.1890625 0.0234375 0.0234375
0 0.63359375 0.178125 0.01875 0.028125
0 0.6984375 0.17734375 0.0234375 0.0375
0 0.44609375 0.18125 0.0234375 0.0328125
0 0.76796875 0.17578125 0.01875 0.0375
0 0.41328125 0.184375 0.0234375 0.0421875
0 0.87890625 0.17578125 0.0234375 0.0421875
0 0.4828125 0.1828125 0.0234375 0.0328125
0 0.00859375 0.19609375 0.0171875 0.0421875