0 0.6046875 0.1328125 0.04375 0.059375
0 0.6875 0.12734375 0.0390625 0.059375
0 0.31796875 0.175 0.0390625 0.06875
0 0.65390625 0.1359375 0.04375 0.06875
0 0.0953125 0.20625 0.0375 0.0546875
0 0.3921875 0.17265625 0.04375 0.059375
0 0.9328125 0.115625 0.0359375 0.0671875
0 0.8015625 0.13125 0.0390625 0.0640625
0 0.55234375 0.16484375 0.0328125 0.04375
0 0.05703125 0.25390625 0.0390625 0.059375
0 0.49453125 0.20234375 0.0328125 0.04375
0 0.86171875 0.15703125 0.0375 0.0546875
0 0.26953125 0.23671875 0.034375 0.053125
0 0.00546875 0.27890625 0.0109375 0.0484375
0 0.134375 0.2625 0.0390625 0.059375
0 0.72421875 0.19453125 0.0484375 0.06875
0 0.21171875 0.26015625 0.0390625 0.06875
0 0.31328125 0.25703125 0.028125 0.0484375
0 0.37265625 0.25703125 0.0375 0.0546875
0 0.8890625 0.19296875 0.04375 0.0640625
0 0.83671875 0.2046875 0.0453125 0.0734375
0 0.4328125 0.25625 0.0421875 0.0453125
0 0.58203125 0.23828125 0.034375 0.053125
0 0.65546875 0.22890625 0.0390625 0.059375
0 0.95703125 0.19453125 0.021875 0.065625
0 0.509375 0.25390625 0.0375 0.0546875
0 0.79453125 0.21875 0.0421875 0.05
0 0.16796875 0.31953125 0.0421875 0.0546875
0 0.0125 0.340625 0.025 0.04375
0 0.2765625 0.31484375 0.0421875 0.0546875
0 0.22734375 0.328125 0.034375 0.053125
0 0.3609375 0.3140625 0.0375 0.0546875
0 0.03671875 0.35625 0.0390625 0.0640625
0 0.39765625 0.31640625 0.04375 0.059375
0 0.09453125 0.36796875 0.04375 0.059375
0 0.63828125 0.30078125 0.0484375 0.059375
0 0.81171875 0.2796875 0.0390625 0.0640625
0 0.1421875 0.3640625 0.0390625 0.06875
0 0.55 0.31875 0.0390625 0.0640625
0 0.48828125 0.3265625 0.0421875 0.0546875
0 0.9296875 0.275 0.0375 0.0546875
0 0.0125 0.390625 0.025 0.053125
0 0.20390625 0.36875 0.0453125 0.0734375
0 0.70234375 0.31015625 0.034375 0.053125
0 0.75859375 0.303125 0.0390625 0.059375
0 0.6671875 0.32265625 0.0375 0.05
0 0.878125 0.30859375 0.0375 0.0546875
0 0.26953125 0.390625 0.04375 0.06875
0 0.36640625 0.38125 0.04375 0.06875
0 0.4828125 0.0375 0.0375 0.0546875
0 0.4671875 0.3875 0.04375 0.0640625
0 0.084375 0.4390625 0.0390625 0.059375
0 0.53828125 0.3953125 0.0484375 0.059375
0 0.028125 0.4578125 0.0390625 0.059375
0 0.95625 0.34609375 0.034375 0.0578125
0 0.6203125 0.39375 0.0390625 0.0640625
0 0.83359375 0.3703125 0.0328125 0.0484375
0 0.203125 0.45234375 0.04375 0.06875
0 0.6921875 0.39453125 0.0390625 0.059375
0 0.7546875 0.3890625 0.0375 0.0546875
0 0.16484375 0.47109375 0.0390625 0.059375
0 0.903125 0.38515625 0.0390625 0.06875
0 0.14140625 0.50234375 0.04375 0.0640625
0 0.06875 0.5203125 0.0390625 0.059375
0 0.015625 0.53125 0.03125 0.0625
0 0.5328125 0.46796875 0.0390625 0.06875
0 0.97890625 0.41484375 0.034375 0.053125
0 0.79140625 0.44296875 0.0390625 0.06875
0 0.45234375 0.48671875 0.0390625 0.059375
0 0.5921875 0.471875 0.04375 0.06875
0 0.290625 0.509375 0.04375 0.06875
0 0.8796875 0.4390625 0.0390625 0.06875
0 0.22734375 0.521875 0.0390625 0.0640625
0 0.415625 0.4984375 0.0390625 0.0640625
0 0.35625 0.50859375 0.0390625 0.059375
0 0.6546875 0.47421875 0.0390625 0.06875
0 0.7203125 0.47265625 0.04375 0.06875
0 0.015625 0.58046875 0.025 0.0484375
0 0.690625 0.51328125 0.0390625 0.059375
0 0.9078125 0.00625 0.03125 0.0125
0 0.1953125 0.58125 0.0390625 0.059375
0 0.26015625 0.58046875 0.04375 0.06875
0 0.53671875 0.54921875 0.0453125 0.0734375
0 0.853125 0.51015625 0.034375 0.053125
0 0.13125 0.6109375 0.0390625 0.06875
0 0.96796875 0.5078125 0.0328125 0.04375
0 0.9375 0.5140625 0.0515625 0.05625
0 0.42265625 0.57734375 0.04375 0.06875
0 0.7609375 0.53828125 0.0390625 0.0640625
0 0.63046875 0.55390625 0.0390625 0.0640625
0 0.7890625 0.5390625 0.034375 0.053125
0 0.025 0.63515625 0.03125 0.0671875
0 0.35546875 0.59921875 0.034375 0.0578125
0 0.06875 0.6375 0.0390625 0.059375
0 0.878125 0.5375 0.0359375 0.03125
0 0.490625 0.59609375 0.0421875 0.0546875
0 0.7078125 0.57890625 0.0390625 0.06875
0 0.03203125 0.67421875 0.0328125 0.0484375
0 0.103125 0.66484375 0.0453125 0.0421875
0 0.77578125 0.6015625 0.034375 0.0578125
0 0.61796875 0.63046875 0.0390625 0.059375
0 0.28125 0.67421875 0.04375 0.0640625
0 0.9703125 0.5890625 0.04375 0.0640625
0 0.42421875 0.65859375 0.034375 0.053125
0 0.18984375 0.68984375 0.0421875 0.0546875
0 0.48671875 0.65390625 0.04375 0.0640625
0 0.6421875 0.634375 0.0359375 0.0671875
0 0.56171875 0.646875 0.0390625 0.059375
0 0.05078125 0.71171875 0.0359375 0.0671875
0 0.81015625 0.61875 0.0390625 0.0640625
0 0.52421875 0.6578125 0.0359375 0.0625
0 0.76328125 0.628125 0.0390625 0.06875
0 0.24140625 0.69453125 0.0390625 0.0640625
0 0.3359375 0.68515625 0.04375 0.0640625
0 0.1203125 0.7140625 0.053125 0.0609375
0 0.0359375 0.72734375 0.0296875 0.053125
0 0.4015625 0.684375 0.04375 0.0640625
0 0.18515625 0.10234375 0.0375 0.0546875
0 0.675 0.6671875 0.04375 0.059375
0 0.74609375 0.03828125 0.0390625 0.059375
0 0.09453125 0.11875 0.04375 0.0640625
0 0.0421875 0.7796875 0.03125 0.0671875
0 0.221875 0.7578125 0.04375 0.06875
0 0.390625 0.084375 0.0375 0.0546875
0 0.88203125 0.02421875 0.021875 0.034375
0 0.090625 0.79296875 0.040625 0.0734375
0 0.82578125 0.7046875 0.0375 0.0546875
0 0.371875 0.76484375 0.0390625 0.059375
0 0.61328125 0.7359375 0.05 0.0734375
0 0.446875 0.75625 0.04375 0.0640625
0 0.778125 0.715625 0.04375 0.059375
0 0.303125 0.77578125 0.0546875 0.0796875
0 0.8640625 0.70703125 0.04375 0.0640625
0 0.53125 0.753125 0.0484375 0.06875
0 0.15234375 0.80625 0.04375 0.06875
0 0.18125 0.81015625 0.040625 0.078125
0 0.9171875 0.72421875 0.0375 0.0453125
0 0.72265625 0.0484375 0.034375 0.053125
0 0.96328125 0.7234375 0.0390625 0.0640625
0 0.77734375 0.04140625 0.0390625 0.0640625
0 0.76015625 0.78046875 0.04375 0.06875
0 0.34375 0.1 0.034375 0.053125
0 0.44921875 0.83046875 0.0546875 0.075
0 0.615625 0.8125 0.05 0.0734375
0 0.253125 0.859375 0.0390625 0.06875
0 0.9328125 0.77578125 0.05 0.078125
0 0.53515625 0.82734375 0.04375 0.06875
0 0.38203125 0.84609375 0.0453125 0.0734375
0 0.9875 0.7703125 0.025 0.06875
0 0.1109375 0.88125 0.05 0.078125
0 0.328125 0.86796875 0.0484375 0.06875
0 0.58984375 0.071875 0.0375 0.0546875
0 0.84765625 0.03984375 0.034375 0.053125
0 0.2125 0.89921875 0.04375 0.0640625
0 0.16015625 0.12421875 0.034375 0.053125
0 0.27265625 0.1109375 0.0375 0.05
0 0.54375 0.07734375 0.0390625 0.059375
0 0.57890625 0.8609375 0.04375 0.06875
0 0.0609375 0.9296875 0.03125 0.0671875
0 0.9703125 0.8203125 0.0390625 0.06875
0 0.16484375 0.92109375 0.0390625 0.06875
0 0.334375 0.9421875 0.0421875 0.0546875
0 0.6796875 0.9 0.04375 0.06875
0 0.728125 0.89375 0.0484375 0.06875
0 0.0796875 0.97421875 0.040625 0.0515625
0 0.54296875 0.928125 0.0390625 0.06875
0 0.25859375 0.965625 0.04375 0.06875
0 0.19765625 0.97265625 0.0390625 0.0546875
0 0.65234375 0.92890625 0.04375 0.0640625
0 0.940625 0.89609375 0.04375 0.0640625
0 0.92109375 0.03984375 0.0296875 0.0578125
0 0.41484375 0.965625 0.04375 0.059375
0 0.50234375 0.9546875 0.04375 0.0640625
0 0.81484375 0.91875 0.0390625 0.0640625
0 0.57890625 0.94765625 0.04375 0.0640625
0 0.87109375 0.92109375 0.0484375 0.06875
0 0.98984375 0.90546875 0.0203125 0.0640625
0 0.44609375 0.9734375 0.0484375 0.053125
0 0.18203125 0.98984375 0.0671875 0.0203125
0 0.33984375 0.9859375 0.0546875 0.028125
0 0.44921875 0.10703125 0.0375 0.0546875
0 0.66171875 0.08359375 0.0390625 0.06875
0 0.70234375 0.078125 0.034375 0.0578125
0 0.5265625 0.128125 0.034375 0.053125
0 0.725 0.10625 0.0375 0.0546875
0 0.4921875 0.1375 0.0390625 0.059375
0 0.23984375 0.1703125 0.0375 0.0546875
0 0.02734375 0.19921875 0.0390625 0.0640625
0 0.1515625 0.1859375 0.04375 0.059375