0 0.88125 0.02578125 0.05 0.0515625
0 0.84609375 0.0328125 0.0515625 0.065625
0 0.7546875 0.0484375 0.05625 0.0421875
0 0.41875 0.12890625 0.046875 0.0625
0 0.17890625 0.18046875 0.0484375 0.0484375
0 0.33203125 0.15703125 0.0640625 0.0953125
0 0.621875 0.11484375 0.071875 0.0984375
0 0.7625 0.08515625 0.0640625 0.05625
0 0.35859375 0.0359375 0.0421875 0.0390625
0 0.51484375 0.14609375 0.0765625 0.09375
0 0.08828125 0.24375 0.0515625 0.0625
0 0.303125 0.1984375 0.0609375 0.0875
0 0.02109375 0.2609375 0.0421875 0.0625
0 0.2359375 0.21484375 0.046875 0.0625
0 0.11875 0.08671875 0.034375 0.0375
0 0.4359375 0.175 0.0625 0.0734375
0 0.8875 0.09609375 0.05625 0.08125
0 0.915625 0.09453125 0.034375 0.0765625
0 0.715625 0.13671875 0.0625 0.0734375
0 0.8453125 0.13359375 0.0796875 0.1125
0 0.78046875 0.15 0.078125 0.103125
0 0.28515625 0.05859375 0.040625 0.046875
0 0.875 0.1359375 0.0390625 0.059375
0 0.10078125 0.303125 0.0546875 0.0765625
0 0.23359375 0.284375 0.0703125 0.084375
0 0.14921875 0.309375 0.0453125 0.075
0 0.44921875 0.25078125 0.078125 0.103125
0 0.04921875 0.3375 0.059375 0.0953125
0 0.334375 0.27734375 0.053125 0.0890625
0 0.640625 0.00703125 0.046875 0.0140625
0 0.753125 0.19765625 0.05 0.0703125
0 0.53203125 0.246875 0.065625 0.0875
0 0.17578125 0.3328125 0.065625 0.1046875
0 0.375 0.2921875 0.06875 0.096875
0 0.48515625 0.2765625 0.06875 0.1015625
0 0.0140625 0.38046875 0.028125 0.0703125
0 0.68984375 0.24609375 0.0875 0.109375
0 0.49375 0.02734375 0.053125 0.0546875
0 0.66875 0.00859375 0.053125 0.0171875
0 0.58046875 0.30078125 0.071875 0.0984375
0 0.9234375 0.2328125 0.0546875 0.071875
0 0.27109375 0.37109375 0.06875 0.096875
0 0.08984375 0.10859375 0.0328125 0.05
0 0.8421875 0.27109375 0.0828125 0.1078125
0 0.803125 0.2859375 0.0375 0.0515625
0 0.0421875 0.45 0.065625 0.0875
0 0.18671875 0.42890625 0.0625 0.0734375
0 0.4625 0.034375 0.046875 0.0578125
0 0.24375 0.41953125 0.053125 0.0671875
0 0.696875 0.32578125 0.0796875 0.090625
0 0.47890625 0.390625 0.0734375 0.103125
0 0.403125 0.42578125 0.0796875 0.1078125
0 0.6578125 0.37578125 0.078125 0.103125
0 0.91875 0.3328125 0.09375 0.1328125
0 0.80859375 0.3703125 0.090625 0.11875
0 0.453125 0.45546875 0.0578125 0.0734375
0 0.1953125 0.5125 0.075 0.10625
0 0.71640625 0.4046875 0.06875 0.096875
0 0.3421875 0.49375 0.0609375 0.0828125
0 0.18828125 0.10234375 0.0484375 0.0671875
0 0.40078125 0.05703125 0.0546875 0.0765625
0 0.128125 0.54375 0.06875 0.0796875
0 0.0296875 0.56796875 0.059375 0.0953125
0 0.56484375 0.4578125 0.0703125 0.084375
0 0.3234375 0.51328125 0.0859375 0.096875
0 0.58671875 0.02734375 0.0546875 0.0546875
0 0.2515625 0.5453125 0.0875 0.109375
0 0.3 0.55 0.065625 0.1046875
0 0.08125 0.6109375 0.0640625 0.078125
0 0.23046875 0.10078125 0.0453125 0.075
0 0.35078125 0.075 0.065625 0.0828125
0 0.5109375 0.53984375 0.0578125 0.0515625
0 0.1515625 0.63046875 0.0703125 0.0890625
0 0.3625 0.58828125 0.0625 0.0734375
0 0.71640625 0.01875 0.0546875 0.0375
0 0.8953125 0.5015625 0.090625 0.11875
0 0.60625 0.56484375 0.1046875 0.1265625
0 0.4359375 0.62421875 0.08125 0.1390625
0 0.071875 0.7046875 0.08125 0.1
0 0.396875 0.6375 0.06875 0.1015625
0 0.496875 0.61875 0.090625 0.11875
0 0.28203125 0.66484375 0.0625 0.06875
0 0.95546875 0.528125 0.0890625 0.15625
0 0.3390625 0.6671875 0.0765625 0.0984375
0 0.13046875 0.71796875 0.0609375 0.0875
0 0.790625 0.58515625 0.1 0.1203125
0 0.17421875 0.746875 0.075 0.10625
0 0.8625 0.60234375 0.1046875 0.1265625
0 0.71875 0.640625 0.0921875 0.1109375
0 0.2546875 0.74609375 0.115625 0.1375
0 0.32890625 0.75234375 0.065625 0.1046875
0 0.67734375 0.7203125 0.109375 0.14375
0 0.640625 0.03828125 0.059375 0.0765625
0 0.7515625 0.021875 0.0625 0.04375
0 0.14296875 0.890625 0.1109375 0.153125
0 0.27578125 0.86953125 0.134375 0.1671875
0 0.0984375 0.9140625 0.0703125 0.1484375
0 0.465625 0.83671875 0.109375 0.1484375
0 0.92578125 0.7578125 0.1046875 0.1265625
0 0.9890625 0.76328125 0.021875 0.1078125
0 0.5984375 0.86015625 0.109375 0.0875
0 0.74765625 0.84296875 0.109375 0.065625
0 0.3 0.1265625 0.0453125 0.075
0 0.1078125 0.16875 0.0546875 0.071875
0 0.0421875 0.18515625 0.053125 0.0671875
0 0.22578125 0.14609375 0.0546875 0.071875
0 0.54609375 0.08046875 0.0640625 0.078125