0 0.95859375 0.11484375 0.05 0.075
0 0.8140625 0.38671875 0.0828125 0.134375
0 0.65625 0.365625 0.06875 0.1265625
0 0.14921875 0.2671875 0.078125 0.1328125
0 0.34921875 0.32890625 0.0640625 0.13125
0 0.9234375 0.44765625 0.078125 0.1546875
0 0.33203125 0.021875 0.0578125 0.04375
0 0.778125 0.08671875 0.0453125 0.075
0 0.7 0.43984375 0.084375 0.14375
0 0.5015625 0.4078125 0.08125 0.1515625
0 0.60078125 0.43203125 0.09375 0.1671875
0 0.846875 0.4890625 0.0890625 0.165625
0 0.22109375 0.37265625 0.075 0.1421875
0 0.0734375 0.353125 0.1 0.1546875
0 0.3671875 0.0296875 0.05 0.059375
0 0.759375 0.53828125 0.08125 0.1515625
0 0.4015625 0.03828125 0.059375 0.0765625
0 0.5546875 0.053125 0.059375 0.10625
0 0.1703125 0.015625 0.059375 0.03125
0 0.17734375 0.43515625 0.09375 0.1890625
0 0.43984375 0.50703125 0.075 0.1375
0 0.58515625 0.06171875 0.046875 0.0875
0 0.1109375 0.0125 0.05 0.025
0 0.3078125 0.53125 0.0859375 0.1734375
0 0.03125 0.50703125 0.0625 0.1921875
0 0.60703125 0.084375 0.0515625 0.0890625
0 0.45234375 0.0640625 0.0484375 0.096875
0 0.51953125 0.084375 0.0703125 0.140625
0 0.98984375 0.18203125 0.0203125 0.1078125
0 0.3765625 0.0796875 0.0625 0.1171875
0 0.8 0.1671875 0.0671875 0.121875
0 0.13125 0.04765625 0.065625 0.0953125
0 0.76015625 0.16875 0.0546875 0.10625
0 0.2609375 0.07890625 0.0671875 0.1171875
0 0.30390625 0.1015625 0.05 0.075
0 0.58515625 0.15859375 0.0734375 0.128125
0 0.9328125 0.22578125 0.065625 0.1359375
0 0.65546875 0.17421875 0.0703125 0.140625
0 0.71953125 0.19296875 0.0578125 0.115625
0 0.85234375 0.25234375 0.084375 0.1640625
0 0.45390625 0.18203125 0.0578125 0.115625
0 0.603125 0.03203125 0.04375 0.04375
0 0.146875 0.134375 0.053125 0.0984375
0 0.6171875 0.23515625 0.0671875 0.121875
0 0.94296875 0.2984375 0.0703125 0.1359375
0 0.31640625 0.19765625 0.0921875 0.184375
0 0.39140625 0.2125 0.0546875 0.1015625
0 0.51640625 0.23671875 0.0703125 0.1359375
0 0.97421875 0.3359375 0.0515625 0.15625
0 0.36171875 0.21640625 0.0625 0.1171875
0 0.6296875 0.3078125 0.05625 0.090625
0 0.98984375 0.12109375 0.0203125 0.0703125
0 0.71171875 0.3453125 0.04375 0.04375
0 0.43359375 0.29609375 0.0640625 0.1078125
0 0.565625 0.33125 0.0625 0.1171875