0 0.14296875 0.19609375 0.01875 0.0328125
0 0.00859375 0.20234375 0.0171875 0.0328125
0 0.19609375 0.2 0.01875 0.028125
0 0.03125 0.20234375 0.0234375 0.0328125
0 0.3625 0.19921875 0.0140625 0.0328125
0 0.16328125 0.2046875 0.01875 0.0328125
0 0.81875 0.19375 0.0234375 0.0421875
0 0.2609375 0.203125 0.01875 0.028125
0 0.69140625 0.1984375 0.01875 0.0328125
0 0.8 0.1984375 0.0234375 0.0421875
0 0.21953125 0.215625 0.01875 0.0328125
0 0.29140625 0.21484375 0.01875 0.028125
0 0.62265625 0.2109375 0.0234375 0.0421875
0 0.3265625 0.21640625 0.01875 0.0375
0 0.053125 0.22109375 0.01875 0.0421875
0 0.346875 0.21796875 0.01875 0.0328125
0 0.13203125 0.221875 0.0140625 0.0328125
0 0.1921875 0.22109375 0.0140625 0.01875
0 0.23125 0.2203125 0.01875 0.0234375
0 0.178125 0.2234375 0.01875 0.028125
0 0.1203125 0.22421875 0.01875 0.028125
0 0.553125 0.2171875 0.0234375 0.0421875
0 0.06484375 0.22578125 0.0140625 0.0328125
0 0.66171875 0.21640625 0.01875 0.0328125
0 0.43515625 0.22265625 0.025 0.046875
0 0.93515625 0.2140625 0.01875 0.0328125
0 0.47421875 0.225 0.0140625 0.028125
0 0.1546875 0.2328125 0.01875 0.028125
0 0.38671875 0.23046875 0.0140625 0.0328125
0 0.8984375 0.22421875 0.025 0.046875
0 0.70859375 0.22734375 0.01875 0.0328125
0 0.6109375 0.22890625 0.0296875 0.046875
0 0.98359375 0.225 0.01875 0.0328125
0 0.81953125 0.23046875 0.0234375 0.0421875
0 0.31484375 0.24375 0.01875 0.028125
0 0.4953125 0.240625 0.01875 0.0375
0 0.29375 0.24453125 0.0234375 0.0328125
0 0.67109375 0.2375 0.0140625 0.01875
0 0.4234375 0.246875 0.0234375 0.0421875
0 0.2109375 0.25 0.028125 0.0375
0 0.553125 0.246875 0.01875 0.0421875
0 0.8796875 0.240625 0.0234375 0.0375
0 0.85390625 0.24375 0.0234375 0.0375
0 0.471875 0.253125 0.01875 0.0375
0 0.94453125 0.246875 0.01875 0.028125
0 0.58203125 0.253125 0.0296875 0.0515625
0 0.6515625 0.25703125 0.01875 0.0421875
0 0.85234375 0.2625 0.0234375 0.0421875
0 0.67890625 0.265625 0.0234375 0.0421875
0 0.921875 0.2640625 0.0234375 0.0421875
0 0.48671875 0.2734375 0.0234375 0.0375
0 0.70703125 0.26953125 0.0296875 0.05625
0 0.98671875 0.26953125 0.009375 0.0375
0 0.97265625 0.26953125 0.0234375 0.0328125
0 0.45 0.28125 0.0234375 0.0375
0 0.8875 0.275 0.01875 0.0421875
0 0.37578125 0.284375 0.0234375 0.0421875
0 0.52421875 0.28359375 0.028125 0.0375
0 0.80390625 0.28125 0.028125 0.0375
0 0.903125 0.284375 0.0296875 0.046875
0 0.36640625 0.2984375 0.025 0.0515625
0 0.9453125 0.28828125 0.0328125 0.0515625
0 0.98203125 0.2875 0.01875 0.0328125
0 0.64296875 0.2984375 0.0296875 0.046875
0 0.2125 0.31015625 0.0328125 0.0421875
0 0.48984375 0.30546875 0.0296875 0.046875
0 0.8625 0.3015625 0.01875 0.0421875
0 0.07578125 0.32890625 0.0328125 0.0609375
0 0.46875 0.32734375 0.028125 0.0421875
0 0.425 0.33046875 0.0328125 0.0515625
0 0.3234375 0.33203125 0.0296875 0.046875
0 0.11015625 0.340625 0.0328125 0.0609375
0 0.246875 0.33828125 0.0328125 0.0421875
0 0.62265625 0.34921875 0.0328125 0.0328125
0 0.35625 0.365625 0.0328125 0.0515625
0 0.58828125 0.36171875 0.01875 0.0421875
0 0.509375 0.365625 0.0328125 0.0515625
0 0.303125 0.378125 0.0375 0.05625
0 0.7015625 0.38046875 0.0328125 0.0421875
0 0.54453125 0.39296875 0.0328125 0.0515625
0 0.6421875 0.39609375 0.0328125 0.0515625
0 0.78046875 0.39375 0.0328125 0.0609375
0 0.20234375 0.40625 0.0421875 0.05625
0 0.690625 0.40859375 0.0328125 0.05625
0 0.9796875 0.41015625 0.0375 0.065625
0 0.440625 0.421875 0.0296875 0.046875
0 0.1984375 0.4359375 0.0328125 0.0515625
0 0.8328125 0.453125 0.0328125 0.046875
0 0.6359375 0.4609375 0.0375 0.05625
0 0.26328125 0.46953125 0.046875 0.0703125
0 0.90859375 0.4609375 0.0421875 0.065625
0 0.45078125 0.46875 0.0375 0.065625
0 0.56953125 0.47734375 0.0421875 0.065625
0 0.77109375 0.51875 0.0515625 0.0796875
0 0.52890625 0.540625 0.0515625 0.084375
0 0.66953125 0.5453125 0.0421875 0.05625
0 0.34375 0.5578125 0.046875 0.0703125
0 0.01328125 0.596875 0.025 0.05625
0 0.50625 0.60625 0.0515625 0.0796875
0 0.2390625 0.68984375 0.053125 0.103125
0 0.14765625 0.71484375 0.05625 0.0890625
0 0.84453125 0.71328125 0.0765625 0.0984375
0 0.9921875 0.75 0.015625 0.09375
0 0.29609375 0.76796875 0.0578125 0.0984375
0 0.1046875 0.7984375 0.05625 0.0890625
0 0.44453125 0.89453125 0.0765625 0.1265625
0 0.09765625 0.91640625 0.071875 0.1265625
0 0.35859375 0.1109375 0.01875 0.0375
0 0.4375 0.11171875 0.01875 0.0328125
0 0.08828125 0.134375 0.0296875 0.0515625
0 0.465625 0.13046875 0.01875 0.0328125
0 0.2859375 0.1703125 0.0234375 0.0328125
0 0.015625 0.17734375 0.0140625 0.0328125
0 0.0015625 0.17890625 0.003125 0.0421875