0 0.70390625 0.18671875 0.0859375 0.128125
0 0.13515625 0.26640625 0.1109375 0.11875
0 0.290625 0.2578125 0.1 0.13125
0 0.02734375 0.30078125 0.0546875 0.1390625
0 0.59453125 0.2390625 0.0890625 0.115625
0 0.85703125 0.21171875 0.0890625 0.125
0 0.93203125 0.215625 0.0796875 0.1140625
0 0.62890625 0.38203125 0.0890625 0.125
0 0.8640625 0.37890625 0.1046875 0.13125
0 0.071875 0.49453125 0.109375 0.1375
0 0.4984375 0.45625 0.1015625 0.140625
0 0.73828125 0.48046875 0.1125 0.159375
0 0.2890625 0.56640625 0.090625 0.0984375
0 0.54453125 0.053125 0.1078125 0.10625
0 0.49609375 0.5875 0.090625 0.1296875
0 0.9171875 0.02421875 0.0375 0.0484375
0 0.96796875 0.53828125 0.0640625 0.1421875
0 0.26328125 0.6453125 0.096875 0.1171875
0 0.10859375 0.67421875 0.084375 0.115625
0 0.4015625 0.66171875 0.121875 0.134375
0 0.6671875 0.67265625 0.125 0.153125
0 0.71953125 0.04921875 0.0890625 0.0984375
0 0.85625 0.671875 0.096875 0.1390625
0 0.08515625 0.82890625 0.1046875 0.140625
0 0.571875 0.81015625 0.10625 0.1453125
0 0.38125 0.8671875 0.1390625 0.1265625