0 0.0734375 0.35625 0.03125 0.04375
0 0.04296875 0.36171875 0.0203125 0.0203125
0 0.3875 0.38828125 0.015625 0.025
0 0.4359375 0.39140625 0.025 0.025
0 0.37734375 0.38984375 0.015625 0.015625
0 0.50703125 0.40078125 0.0265625 0.0375
0 0.6171875 0.41328125 0.015625 0.015625
0 0.021875 0.3734375 0.03125 0.04375
0 0.4046875 0.40234375 0.015625 0.015625
0 0.56640625 0.41640625 0.015625 0.025
0 0.34921875 0.403125 0.0203125 0.0296875
0 0.7140625 0.43125 0.03125 0.0484375
0 0.66484375 0.4296875 0.0265625 0.0375
0 0.36953125 0.409375 0.0203125 0.025
0 0.4359375 0.41640625 0.021875 0.0375
0 0.0390625 0.38828125 0.03125 0.053125
0 0.53125 0.42578125 0.0265625 0.0421875
0 0.103125 0.3953125 0.0265625 0.046875
0 0.0640625 0.4 0.021875 0.0375
0 0.8140625 0.45234375 0.040625 0.0484375
0 0.9734375 0.465625 0.0359375 0.0625
0 0.58046875 0.44296875 0.0203125 0.025
0 0.4734375 0.43984375 0.0265625 0.046875