0 0.28671875 0.4203125 0.0046875 0.009375
0 0.31953125 0.42421875 0.0046875 0.009375
0 0.465625 0.42890625 0.015625 0.0234375
0 0.72890625 0.43828125 0.0203125 0.0421875
0 0.2984375 0.4234375 0.009375 0.009375
0 0.10625 0.41640625 0.009375 0.009375
0 0.41640625 0.42734375 0.009375 0.0140625
0 0.096875 0.41640625 0.009375 0.009375
0 0.0859375 0.415625 0.009375 0.0140625
0 0.659375 0.4359375 0.015625 0.0234375
0 0.6921875 0.4375 0.025 0.0375
0 0.3515625 0.425 0.009375 0.0140625
0 0.4859375 0.43203125 0.0140625 0.01875
0 0.3125 0.4265625 0.009375 0.009375
0 0.42578125 0.43046875 0.009375 0.0140625
0 0.303125 0.428125 0.009375 0.009375
0 0.0765625 0.4203125 0.0046875 0.009375
0 0.8796875 0.4484375 0.0296875 0.0375
0 0.090625 0.4234375 0.0046875 0.009375
0 0.3453125 0.43203125 0.0140625 0.01875
0 0.43984375 0.43515625 0.015625 0.0234375
0 0.18515625 0.4265625 0.0203125 0.028125
0 0.11328125 0.42421875 0.0046875 0.009375
0 0.36328125 0.43515625 0.009375 0.0140625
0 0.20625 0.4296875 0.0203125 0.0234375
0 0.29375 0.4328125 0.0046875 0.009375
0 0.25703125 0.43125 0.0046875 0.0140625
0 0.27109375 0.43203125 0.0046875 0.0140625
0 0.43046875 0.43984375 0.009375 0.0140625
0 0.47421875 0.44140625 0.015625 0.0234375
0 0.1390625 0.4296875 0.009375 0.009375
0 0.221875 0.4328125 0.015625 0.0234375
0 0.39609375 0.43828125 0.0140625 0.01875
0 0.37734375 0.4375 0.009375 0.0140625
0 0.7421875 0.45078125 0.0203125 0.028125
0 0.19921875 0.43203125 0.009375 0.0140625
0 0.31015625 0.4375 0.009375 0.009375
0 0.55703125 0.446875 0.0140625 0.01875
0 0.31953125 0.43828125 0.009375 0.0140625
0 0.6078125 0.4484375 0.015625 0.0234375
0 0.365625 0.43984375 0.0140625 0.0140625
0 0.16171875 0.43515625 0.015625 0.0234375
0 0.08828125 0.4328125 0.0046875 0.0140625
0 0.24296875 0.4375 0.0140625 0.01875
0 0.33046875 0.44296875 0.0140625 0.01875
0 0.8328125 0.4609375 0.0140625 0.01875
0 0.35546875 0.44453125 0.009375 0.0140625
0 0.28203125 0.44140625 0.009375 0.0140625
0 0.2703125 0.44375 0.0046875 0.009375
0 0.1265625 0.43828125 0.0046875 0.0140625
0 0.52265625 0.45234375 0.015625 0.0234375
0 0.34453125 0.44609375 0.0140625 0.01875
0 0.46015625 0.45 0.009375 0.0140625
0 0.09609375 0.4375 0.009375 0.009375
0 0.1546875 0.43984375 0.0046875 0.0046875
0 0.13828125 0.44140625 0.0046875 0.009375
0 0.25625 0.4453125 0.0046875 0.0140625
0 0.30234375 0.446875 0.009375 0.009375
0 0.290625 0.446875 0.0140625 0.01875
0 0.1125 0.440625 0.0046875 0.009375
0 0.07109375 0.4390625 0.0203125 0.0234375
0 0.58515625 0.459375 0.015625 0.028125
0 0.23515625 0.446875 0.009375 0.0140625
0 0.265625 0.44765625 0.009375 0.01875
0 0.08984375 0.4421875 0.009375 0.0046875
0 0.14765625 0.44375 0.0046875 0.0140625
0 0.13359375 0.44375 0.0046875 0.009375
0 0.05703125 0.44296875 0.009375 0.009375
0 0.7125 0.465625 0.025 0.0328125
0 0.10546875 0.44453125 0.009375 0.009375
0 0.42734375 0.45625 0.015625 0.0234375
0 0.38125 0.4546875 0.009375 0.01875
0 0.040625 0.4421875 0.009375 0.0140625
0 0.56875 0.4609375 0.0203125 0.028125
0 0.02265625 0.44453125 0.009375 0.009375
0 0.28203125 0.453125 0.0046875 0.0140625
0 0.4828125 0.46015625 0.0109375 0.0234375
0 0.121875 0.44765625 0.009375 0.009375
0 0.5546875 0.4625 0.0203125 0.0234375
0 0.5015625 0.4609375 0.0203125 0.0234375
0 0.0828125 0.44609375 0.009375 0.0140625
0 0.12890625 0.44765625 0.0046875 0.009375
0 0.06171875 0.44765625 0.009375 0.009375
0 0.3671875 0.45859375 0.0140625 0.01875
0 0.09453125 0.44921875 0.009375 0.009375
0 0.04765625 0.44765625 0.009375 0.009375
0 0.184375 0.45234375 0.015625 0.0234375
0 0.00390625 0.44609375 0.0046875 0.009375
0 0.3234375 0.45703125 0.0140625 0.0140625
0 0.51796875 0.4640625 0.015625 0.0234375
0 0.015625 0.4484375 0.009375 0.009375
0 0.64453125 0.4703125 0.025 0.0328125
0 0.25859375 0.45703125 0.0140625 0.01875
0 0.68359375 0.47421875 0.0203125 0.0375
0 0.05 0.45234375 0.009375 0.009375
0 0.61171875 0.471875 0.0203125 0.028125
0 0.46171875 0.46796875 0.0203125 0.028125
0 0.1078125 0.45546875 0.009375 0.009375
0 0.03203125 0.453125 0.0203125 0.0234375
0 0.4078125 0.46640625 0.0203125 0.0234375
0 0.815625 0.48046875 0.0203125 0.028125
0 0.29296875 0.4625 0.0203125 0.0234375
0 0.12890625 0.45625 0.0046875 0.0140625
0 0.34765625 0.4640625 0.0203125 0.0234375
0 0.33203125 0.465625 0.015625 0.0234375
0 0.7578125 0.48125 0.0203125 0.0375
0 0.0984375 0.4578125 0.0140625 0.0140625
0 0.24375 0.46328125 0.0140625 0.01875
0 0.0203125 0.45546875 0.009375 0.009375
0 0.6953125 0.48125 0.025 0.0328125
0 0.11640625 0.4609375 0.0140625 0.0140625
0 0.5953125 0.47734375 0.0203125 0.0375
0 0.1421875 0.46171875 0.0203125 0.0234375
0 0.0515625 0.4609375 0.009375 0.0140625
0 0.31796875 0.4703125 0.01875 0.01875
0 0.38515625 0.47265625 0.015625 0.0234375
0 0.29921875 0.471875 0.009375 0.0140625
0 0.0078125 0.46171875 0.015625 0.0234375
0 0.44765625 0.4796875 0.025 0.0375
0 0.0171875 0.46640625 0.0140625 0.0140625
0 0.10234375 0.46953125 0.009375 0.0140625
0 0.225 0.47421875 0.0203125 0.0234375
0 0.78515625 0.49375 0.0296875 0.05625
0 0.53125 0.48671875 0.0203125 0.028125
0 0.16015625 0.47421875 0.015625 0.0234375
0 0.49609375 0.4859375 0.0203125 0.0328125
0 0.12109375 0.47265625 0.0140625 0.0140625
0 0.36640625 0.48125 0.025 0.0375
0 0.25546875 0.48203125 0.0203125 0.0234375
0 0.04921875 0.475 0.0140625 0.01875
0 0.3265625 0.48671875 0.015625 0.028125
0 0.43046875 0.49296875 0.025 0.0296875
0 0.10703125 0.48125 0.009375 0.009375
0 0.88203125 0.5109375 0.0390625 0.05625
0 0.28046875 0.48984375 0.0203125 0.028125
0 0.115625 0.48671875 0.0140625 0.01875
0 0.3125 0.4984375 0.0203125 0.028125
0 0.346875 0.5015625 0.025 0.0296875
0 0.40078125 0.50390625 0.0203125 0.0375
0 0.18984375 0.4984375 0.0296875 0.0375
0 0.10625 0.4953125 0.0140625 0.01875
0 0.22890625 0.5 0.0203125 0.0234375
0 0.71015625 0.51875 0.0296875 0.0515625
0 0.67265625 0.5203125 0.025 0.0421875
0 0.25859375 0.5078125 0.0203125 0.0328125
0 0.5984375 0.521875 0.0296875 0.046875
0 0.10078125 0.50703125 0.0140625 0.01875
0 0.38125 0.51953125 0.0203125 0.0375
0 0.1609375 0.51640625 0.01875 0.01875
0 0.07109375 0.5171875 0.025 0.0328125
0 0.33515625 0.52890625 0.025 0.0421875
0 0.19609375 0.5234375 0.025 0.0296875
0 0.53515625 0.53828125 0.025 0.0421875
0 0.27734375 0.52890625 0.025 0.0328125
0 0.2296875 0.5296875 0.0296875 0.0375
0 0.121875 0.52578125 0.025 0.0375
0 0.29453125 0.53203125 0.025 0.0328125
0 0.55390625 0.5453125 0.0390625 0.05625
0 0.09765625 0.5296875 0.025 0.0296875
0 0.0265625 0.53203125 0.0234375 0.0203125
0 0.45 0.546875 0.04375 0.0609375
0 0.6421875 0.553125 0.04375 0.065625
0 0.359375 0.5484375 0.0296875 0.05625
0 0.15546875 0.54609375 0.0296875 0.0421875
0 0.13046875 0.5453125 0.025 0.0296875
0 0.82890625 0.58125 0.0484375 0.084375
0 0.2109375 0.5640625 0.0296875 0.0375
0 0.79296875 0.584375 0.034375 0.075
0 0.08125 0.5640625 0.025 0.0328125
0 0.3125 0.57265625 0.0328125 0.0421875
0 0.02109375 0.56484375 0.025 0.0421875
0 0.00859375 0.56796875 0.0171875 0.0421875
0 0.06171875 0.57265625 0.0203125 0.0421875
0 0.92734375 0.603125 0.053125 0.0859375
0 0.184375 0.5859375 0.0390625 0.046875
0 0.140625 0.59140625 0.0375 0.0421875
0 0.3234375 0.64453125 0.04375 0.0796875
0 0.2234375 0.64375 0.04375 0.075
0 0.0203125 0.6390625 0.034375 0.05625
0 0.496875 0.66640625 0.04375 0.0703125
0 0.55390625 0.6734375 0.04375 0.075
0 0.146875 0.68203125 0.0484375 0.0671875
0 0.7734375 0.740625 0.06875 0.121875
0 0.69296875 0.75234375 0.0640625 0.1265625
0 0.01015625 0.7375 0.0203125 0.09375
0 0.20703125 0.74921875 0.0765625 0.08125
0 0.0390625 0.77109375 0.0578125 0.0859375
0 0.42421875 0.87265625 0.084375 0.1734375
0 0.19296875 0.87421875 0.0734375 0.1234375
0 0.9828125 0.33828125 0.009375 0.0140625
0 0.92421875 0.34375 0.0140625 0.0140625
0 0.9546875 0.346875 0.009375 0.0140625
0 0.9640625 0.35 0.009375 0.0140625
0 0.9796875 0.3546875 0.009375 0.01875
0 0.93125 0.353125 0.0140625 0.01875
0 0.99296875 0.3546875 0.0140625 0.01875
0 0.9453125 0.35625 0.015625 0.0234375
0 0.896875 0.35703125 0.009375 0.0140625
0 0.86171875 0.35546875 0.009375 0.009375
0 0.87578125 0.35625 0.009375 0.009375
0 0.88984375 0.3578125 0.009375 0.0140625
0 0.96171875 0.3609375 0.009375 0.01875
0 0.90625 0.35859375 0.009375 0.0140625
0 0.9109375 0.35859375 0.009375 0.0140625
0 0.80859375 0.3578125 0.0046875 0.0140625
0 0.84296875 0.3609375 0.009375 0.0140625
0 0.8515625 0.3640625 0.009375 0.0046875
0 0.821875 0.36484375 0.0140625 0.01875
0 0.8359375 0.365625 0.009375 0.0140625
0 0.7984375 0.36640625 0.0046875 0.009375
0 0.86796875 0.36875 0.0140625 0.01875
0 0.90078125 0.3703125 0.009375 0.01875
0 0.75703125 0.3671875 0.009375 0.0140625
0 0.778125 0.36796875 0.009375 0.0140625
0 0.85625 0.3734375 0.009375 0.0140625
0 0.81484375 0.371875 0.009375 0.0140625
0 0.7359375 0.36875 0.009375 0.009375
0 0.9953125 0.378125 0.009375 0.01875
0 0.884375 0.37421875 0.0140625 0.0140625
0 0.76640625 0.3703125 0.0046875 0.009375
0 0.75 0.371875 0.009375 0.0140625
0 0.79375 0.3734375 0.009375 0.0140625
0 0.92109375 0.378125 0.015625 0.0234375
0 0.93515625 0.38046875 0.015625 0.028125
0 0.83359375 0.37734375 0.009375 0.0140625
0 0.98828125 0.38515625 0.0203125 0.0234375
0 0.6734375 0.3765625 0.009375 0.01875
0 0.70859375 0.37734375 0.009375 0.0140625
0 0.5625 0.37265625 0.0140625 0.01875
0 0.69921875 0.37734375 0.009375 0.0140625
0 0.78046875 0.3796875 0.009375 0.01875
0 0.77109375 0.3796875 0.009375 0.0140625
0 0.8 0.3828125 0.009375 0.0140625
0 0.790625 0.3828125 0.009375 0.0140625
0 0.746875 0.38125 0.009375 0.0140625
0 0.95078125 0.38828125 0.0203125 0.028125
0 0.76328125 0.38203125 0.009375 0.01875
0 0.81640625 0.38359375 0.0140625 0.01875
0 0.9 0.3890625 0.015625 0.0234375
0 0.5046875 0.375 0.0140625 0.01875
0 0.721875 0.3828125 0.009375 0.0140625
0 0.62421875 0.37890625 0.009375 0.0140625
0 0.69140625 0.38125 0.009375 0.0140625
0 0.71484375 0.3828125 0.009375 0.0140625
0 0.7375 0.38359375 0.009375 0.0140625
0 0.68203125 0.38125 0.009375 0.0140625
0 0.57578125 0.3796875 0.0203125 0.0234375
0 0.728125 0.38515625 0.009375 0.01875
0 0.8859375 0.390625 0.015625 0.0234375
0 0.85078125 0.38984375 0.009375 0.01875
0 0.60546875 0.38125 0.009375 0.009375
0 0.8671875 0.3921875 0.0203125 0.0234375
0 0.91796875 0.39453125 0.0140625 0.01875
0 0.61953125 0.38359375 0.009375 0.0140625
0 0.6359375 0.384375 0.009375 0.0140625
0 0.478125 0.38125 0.0140625 0.01875
0 0.64765625 0.3875 0.009375 0.0140625
0 0.6703125 0.38828125 0.009375 0.0140625
0 0.70546875 0.3890625 0.009375 0.01875
0 0.6609375 0.38984375 0.009375 0.0140625
0 0.684375 0.390625 0.009375 0.0140625
0 0.73984375 0.39296875 0.0140625 0.0140625
0 0.71484375 0.3921875 0.0046875 0.0140625
0 0.48984375 0.3859375 0.0140625 0.01875
0 0.5109375 0.38671875 0.0140625 0.01875
0 0.775 0.39609375 0.015625 0.0234375
0 0.5359375 0.38828125 0.0046875 0.009375
0 0.69609375 0.39609375 0.0140625 0.01875
0 0.7859375 0.39921875 0.009375 0.01875
0 0.6171875 0.39296875 0.0140625 0.0140625
0 0.59453125 0.3921875 0.009375 0.0140625
0 0.5828125 0.39453125 0.009375 0.0140625
0 0.60546875 0.3953125 0.009375 0.0140625
0 0.540625 0.39296875 0.0046875 0.009375
0 0.83046875 0.403125 0.0203125 0.0328125
0 0.53203125 0.39453125 0.009375 0.009375
0 0.52265625 0.39453125 0.009375 0.0140625
0 0.7515625 0.40234375 0.0203125 0.0234375
0 0.721875 0.4015625 0.015625 0.0234375
0 0.97734375 0.4125 0.025 0.0375
0 0.70234375 0.403125 0.0140625 0.01875
0 0.64921875 0.40625 0.0140625 0.01875
0 0.6859375 0.40703125 0.015625 0.0234375
0 0.86171875 0.415625 0.025 0.025
0 0.815625 0.4140625 0.025 0.0328125
0 0.90625 0.4171875 0.025 0.0375
0 0.59375 0.40625 0.0140625 0.01875
0 0.4453125 0.403125 0.009375 0.0140625
0 0.53359375 0.40625 0.0046875 0.0140625
0 0.62109375 0.409375 0.0140625 0.01875
0 0.4359375 0.4046875 0.0140625 0.0140625
0 0.5265625 0.4078125 0.009375 0.0046875
0 0.4546875 0.40546875 0.0046875 0.0140625
0 0.70703125 0.41640625 0.015625 0.0234375
0 0.94296875 0.425 0.0203125 0.0328125
0 0.3875 0.40546875 0.009375 0.009375
0 0.26953125 0.4015625 0.0046875 0.0140625
0 0.79921875 0.41953125 0.025 0.0328125
0 0.421875 0.40625 0.0046875 0.009375
0 0.6421875 0.4140625 0.0140625 0.0140625
0 0.36875 0.409375 0.0046875 0.009375
0 0.41484375 0.4109375 0.009375 0.0140625
0 0.35234375 0.40859375 0.0046875 0.0046875
0 0.5421875 0.415625 0.009375 0.01875
0 0.5515625 0.41796875 0.0140625 0.01875
0 0.59609375 0.41953125 0.0140625 0.01875
0 0.6765625 0.42265625 0.0203125 0.028125
0 0.40625 0.41328125 0.009375 0.0140625
0 0.86328125 0.42890625 0.0203125 0.028125
0 0.2625 0.4078125 0.0046875 0.009375
0 0.39453125 0.4125 0.0046875 0.0140625
0 0.60703125 0.4203125 0.0140625 0.01875
0 0.359375 0.41171875 0.0046875 0.009375
0 0.45 0.4171875 0.009375 0.0140625
0 0.3203125 0.4125 0.0046875 0.0046875
0 0.37578125 0.4140625 0.009375 0.009375
0 0.31328125 0.41484375 0.0046875 0.009375
0 0.55546875 0.42265625 0.0140625 0.0140625
0 0.30390625 0.4140625 0.0046875 0.0140625
0 0.43359375 0.41875 0.0046875 0.0140625
0 0.32734375 0.4171875 0.0046875 0.0140625
0 0.3546875 0.41796875 0.0046875 0.0046875
0 0.409375 0.4203125 0.0046875 0.0140625
0 0.3875 0.41953125 0.009375 0.0140625
0 0.75 0.43203125 0.0203125 0.028125
0 0.39921875 0.41953125 0.009375 0.0140625
0 0.2921875 0.41640625 0.0046875 0.009375
0 0.30859375 0.41640625 0.0046875 0.009375
0 0.5234375 0.4265625 0.009375 0.0140625
0 0.64609375 0.43046875 0.0140625 0.01875
0 0.33125 0.41953125 0.009375 0.0140625
0 0.24140625 0.41640625 0.009375 0.0140625
0 0.3359375 0.4203125 0.009375 0.0140625
0 0.4765625 0.425 0.009375 0.01875
0 0.96328125 0.4421875 0.0296875 0.0421875
0 0.38203125 0.421875 0.009375 0.0140625
0 0.846875 0.4375 0.0203125 0.0328125