0 0.96484375 0.15703125 0.053125 0.10625
0 0.88203125 0.1578125 0.059375 0.1125
0 0.815625 0.17734375 0.0484375 0.1015625
0 0.38359375 0.10625 0.0515625 0.11875
0 0.70703125 0.1796875 0.0515625 0.09375
0 0.584375 0.16875 0.05 0.1109375
0 0.775 0.2046875 0.0546875 0.1109375
0 0.409375 0.1453125 0.05 0.1109375
0 0.621875 0.196875 0.059375 0.1125
0 0.31640625 0.14296875 0.0546875 0.1109375
0 0.18125 0.11953125 0.0578125 0.125
0 0.2609375 0.13828125 0.05625 0.1203125
0 0.5171875 0.19296875 0.0546875 0.115625
0 0.48203125 0.20078125 0.05 0.1109375
0 0.66171875 0.23515625 0.0609375 0.125
0 0.44375 0.20546875 0.05 0.1109375
0 0.12265625 0.175 0.0640625 0.134375
0 0.9578125 0.32890625 0.065625 0.1265625
0 0.74140625 0.30546875 0.0609375 0.1203125
0 0.696875 0.3 0.0578125 0.1296875
0 0.8390625 0.325 0.059375 0.134375
0 0.53671875 0.27890625 0.0625 0.153125
0 0.78984375 0.3234375 0.0609375 0.125
0 0.88671875 0.34296875 0.0625 0.1578125
0 0.3578125 0.26796875 0.0484375 0.10625
0 0.56875 0.31015625 0.053125 0.128125
0 0.64609375 0.3234375 0.0578125 0.1296875
0 0.20546875 0.25078125 0.059375 0.1125
0 0.2515625 0.25859375 0.0484375 0.1015625
0 0.49140625 0.3078125 0.0546875 0.115625
0 0.14921875 0.24765625 0.065625 0.1265625
0 0.38828125 0.2921875 0.0578125 0.125
0 0.60078125 0.3296875 0.0515625 0.1140625
0 0.32109375 0.28515625 0.0546875 0.115625
0 0.43203125 0.3265625 0.0484375 0.10625