0 0.34296875 0.24609375 0.04375 0.040625
0 0.5875 0.225 0.0390625 0.034375
0 0.09140625 0.26796875 0.04375 0.040625
0 0.5390625 0.23125 0.0328125 0.021875
0 0.13984375 0.26640625 0.053125 0.040625
0 0.9203125 0.203125 0.034375 0.03125
0 0.01484375 0.28671875 0.0296875 0.0546875
0 0.803125 0.21796875 0.053125 0.0328125
0 0.95546875 0.209375 0.034375 0.0390625
0 0.459375 0.2546875 0.0390625 0.034375
0 0.2578125 0.27734375 0.04375 0.0359375
0 0.54609375 0.2546875 0.053125 0.028125
0 0.0125 0.309375 0.025 0.059375
0 0.696875 0.25078125 0.0703125 0.065625
0 0.2171875 0.2953125 0.059375 0.0453125
0 0.075 0.31015625 0.0390625 0.0390625
0 0.93984375 0.23671875 0.059375 0.059375
0 0.890625 0.24296875 0.0640625 0.05625
0 0.16015625 0.3109375 0.0546875 0.0453125
0 0.73359375 0.27265625 0.034375 0.034375
0 0.25546875 0.33515625 0.0890625 0.0671875
0 0.578125 0.31171875 0.0890625 0.0765625
0 0.97109375 0.30546875 0.0265625 0.084375
0 0.83984375 0.32109375 0.10625 0.1234375
0 0.43125 0.38046875 0.15625 0.1609375
0 0.78515625 0.0703125 0.0484375 0.040625
0 0.2046875 0.128125 0.034375 0.034375
0 0.13046875 0.134375 0.034375 0.034375
0 0.5234375 0.10234375 0.03125 0.03125
0 0.00625 0.1515625 0.0125 0.034375
0 0.2984375 0.1296875 0.0390625 0.034375
0 0.4171875 0.13515625 0.034375 0.03125
0 0.45078125 0.1515625 0.034375 0.03125
0 0.12421875 0.2359375 0.04375 0.03125
0 0.45703125 0.2265625 0.0375 0.021875
0 0.55703125 0.22265625 0.0296875 0.021875