0 0.15 0.765625 0.0328125 0.0203125
0 0.2109375 0.88203125 0.0375 0.021875
0 0.809375 0.846875 0.04375 0.0390625
0 0.32421875 0.90703125 0.0328125 0.025
0 0.3875 0.9140625 0.053125 0.03125
0 0.5171875 0.909375 0.034375 0.0296875
0 0.5453125 0.909375 0.0390625 0.03125
0 0.66796875 0.9125 0.0609375 0.0234375
0 0.30859375 0.11875 0.01875 0.0109375
0 0.271875 0.0265625 0.009375 0.0046875
0 0.3 0.121875 0.0140625 0.0109375
0 0.2765625 0.03046875 0.009375 0.0046875
0 0.20234375 0.19375 0.009375 0.0046875
0 0.2140625 0.19296875 0.0046875 0.0046875
0 0.209375 0.19765625 0.009375 0.0046875
0 0.3578125 0.1875 0.0140625 0.00625
0 0.63671875 0.16796875 0.0140625 0.00625
0 0.26953125 0.19609375 0.009375 0.009375
0 0.40390625 0.18671875 0.009375 0.0046875
0 0.41796875 0.18515625 0.009375 0.009375
0 0.21640625 0.19921875 0.0046875 0.0046875
0 0.65078125 0.16953125 0.0140625 0.00625
0 0.45703125 0.1828125 0.0140625 0.00625
0 0.59765625 0.175 0.009375 0.0046875
0 0.25859375 0.19921875 0.0046875 0.0046875
0 0.28125 0.19765625 0.009375 0.0046875
0 0.61171875 0.17421875 0.009375 0.0046875
0 0.20546875 0.2046875 0.0046875 0.0046875
0 0.24765625 0.20234375 0.0046875 0.0046875
0 0.30234375 0.1984375 0.009375 0.0046875
0 0.425 0.18984375 0.0046875 0.0046875
0 0.70859375 0.16953125 0.009375 0.0046875
0 0.3625 0.19375 0.009375 0.0046875
0 0.396875 0.19140625 0.0140625 0.00625
0 0.2953125 0.1984375 0.009375 0.0046875
0 0.47578125 0.1859375 0.0046875 0.0046875
0 0.32734375 0.19609375 0.009375 0.0046875
0 0.8265625 0.1640625 0.01875 0.0109375
0 0.2453125 0.2046875 0.0046875 0.0046875
0 0.27734375 0.20234375 0.0140625 0.0109375
0 0.3171875 0.19921875 0.0140625 0.0109375
0 0.434375 0.19140625 0.0046875 0.009375
0 0.4640625 0.1890625 0.0140625 0.00625
0 0.34921875 0.19765625 0.009375 0.009375
0 0.38359375 0.19453125 0.0140625 0.0109375
0 0.52890625 0.184375 0.0140625 0.0109375
0 0.59609375 0.1796875 0.009375 0.009375
0 0.63359375 0.1796875 0.009375 0.0046875
0 0.33984375 0.2 0.009375 0.0046875
0 0.48515625 0.18984375 0.0046875 0.0046875
0 0.65390625 0.178125 0.009375 0.0046875
0 0.55 0.1859375 0.015625 0.015625
0 0.7328125 0.17265625 0.0140625 0.00625
0 0.3703125 0.1984375 0.0140625 0.0109375
0 0.425 0.19453125 0.009375 0.0046875
0 0.4421875 0.1953125 0.009375 0.0046875
0 0.51953125 0.18984375 0.0140625 0.00625
0 0.57265625 0.18671875 0.0140625 0.0109375
0 0.584375 0.18515625 0.009375 0.0046875
0 0.4140625 0.19765625 0.009375 0.0046875
0 0.453125 0.19453125 0.009375 0.0046875
0 0.61015625 0.18359375 0.009375 0.0046875
0 0.49453125 0.19140625 0.009375 0.009375
0 0.20390625 0.21484375 0.009375 0.0046875
0 0.69609375 0.1796875 0.01875 0.0109375
0 0.5390625 0.19140625 0.0140625 0.0109375
0 0.7140625 0.17890625 0.0140625 0.0109375
0 0.5640625 0.1890625 0.0140625 0.0109375
0 0.66328125 0.18203125 0.0140625 0.0109375
0 0.5046875 0.19609375 0.0140625 0.00625
0 0.48125 0.19765625 0.0140625 0.00625
0 0.67734375 0.18359375 0.009375 0.0046875
0 0.834375 0.17265625 0.01875 0.0109375
0 0.87421875 0.1703125 0.015625 0.015625
0 0.22265625 0.21796875 0.0140625 0.0109375
0 0.7328125 0.18203125 0.0203125 0.015625
0 0.60625 0.19140625 0.0140625 0.0109375
0 0.58984375 0.19453125 0.0140625 0.00625
0 0.6359375 0.19140625 0.01875 0.0109375
0 0.62265625 0.1921875 0.015625 0.015625
0 0.57578125 0.1953125 0.0140625 0.0109375
0 0.7625 0.1828125 0.01875 0.0109375
0 0.6453125 0.190625 0.0140625 0.00625
0 0.67109375 0.19140625 0.0140625 0.0109375
0 0.85546875 0.178125 0.01875 0.0109375
0 0.896875 0.178125 0.009375 0.009375
0 0.71484375 0.190625 0.0140625 0.0109375
0 0.82578125 0.18515625 0.0140625 0.00625
0 0.90703125 0.1796875 0.0140625 0.0109375
0 0.75234375 0.1921875 0.015625 0.015625
0 0.9421875 0.18203125 0.0203125 0.015625
0 0.865625 0.18671875 0.015625 0.015625
0 0.9234375 0.18515625 0.0203125 0.015625
0 0.2890625 0.03671875 0.0140625 0.0109375
0 0.40234375 0.03359375 0.009375 0.0046875
0 0.41171875 0.0328125 0.0046875 0.009375
0 0.32421875 0.04140625 0.0140625 0.0109375
0 0.490625 0.0296875 0.0046875 0.0046875
0 0.54375 0.028125 0.0046875 0.0046875
0 0.58984375 0.025 0.0046875 0.0046875
0 0.03515625 0.35625 0.009375 0.009375
0 0.0078125 0.35859375 0.015625 0.015625
0 0.53203125 0.02890625 0.009375 0.009375
0 0.03125 0.365625 0.009375 0.009375
0 0.553125 0.0296875 0.009375 0.0046875
0 0.43125 0.03828125 0.009375 0.009375
0 0.4484375 0.03671875 0.009375 0.0046875
0 0.49921875 0.03359375 0.0046875 0.0046875
0 0.2375 0.3671875 0.0140625 0.0109375
0 0.71484375 0.01796875 0.009375 0.009375
0 0.52265625 0.03125 0.0140625 0.0109375
0 0.1296875 0.37734375 0.009375 0.009375
0 0.1390625 0.38125 0.0140625 0.00625
0 0.48671875 0.03671875 0.009375 0.0046875
0 0.44453125 0.03984375 0.0140625 0.0109375
0 0.5484375 0.03203125 0.0046875 0.0046875
0 0.57578125 0.03046875 0.0046875 0.0046875
0 0.1140625 0.3921875 0.0140625 0.0109375
0 0.51328125 0.034375 0.0046875 0.0046875
0 0.6359375 0.02578125 0.0140625 0.00625
0 0.14453125 0.3921875 0.01875 0.0109375
0 0.01328125 0.40390625 0.0140625 0.0109375
0 0.0984375 0.3984375 0.01875 0.0109375
0 0.121875 0.3984375 0.0140625 0.0109375
0 0.0765625 0.409375 0.015625 0.015625
0 0.10390625 0.409375 0.0140625 0.00625
0 0.06953125 0.41171875 0.015625 0.015625
0 0.08984375 0.41015625 0.009375 0.009375
0 0.25703125 0.403125 0.0140625 0.0109375
0 0.01015625 0.4234375 0.0140625 0.0109375
0 0.29375 0.403125 0.0140625 0.0109375
0 0.10625 0.41640625 0.0140625 0.0109375
0 0.3171875 0.40859375 0.01875 0.0109375
0 0.3015625 0.4140625 0.009375 0.009375
0 0.3296875 0.41875 0.0140625 0.00625
0 0.30625 0.42265625 0.0140625 0.0109375
0 0.11875 0.45234375 0.0140625 0.0109375
0 0.084375 0.46171875 0.0203125 0.015625
0 0.18359375 0.459375 0.01875 0.0109375
0 0.19140625 0.4703125 0.01875 0.0109375
0 0.0296875 0.484375 0.0203125 0.015625
0 0.17109375 0.4765625 0.0140625 0.0109375
0 0.153125 0.4828125 0.0203125 0.015625
0 0.61484375 0.45546875 0.0203125 0.015625
0 0.71015625 0.4484375 0.0203125 0.015625
0 0.51171875 0.46484375 0.01875 0.0109375
0 0.43046875 0.4703125 0.0234375 0.0109375
0 0.4671875 0.4703125 0.01875 0.0109375
0 0.3546875 0.478125 0.0203125 0.015625
0 0.5671875 0.4671875 0.0140625 0.0109375
0 0.38515625 0.4796875 0.0203125 0.015625
0 0.50078125 0.47421875 0.01875 0.0109375
0 0.34609375 0.0578125 0.015625 0.015625
0 0.7171875 0.46328125 0.0203125 0.015625
0 0.515625 0.48515625 0.0203125 0.015625
0 0.42265625 0.49375 0.025 0.015625
0 0.58984375 0.48203125 0.0203125 0.015625
0 0.4578125 0.49375 0.009375 0.0046875
0 0.56875 0.48828125 0.01875 0.0109375
0 0.8734375 0.4671875 0.0296875 0.0203125
0 0.64609375 0.48984375 0.015625 0.015625
0 0.5625 0.4953125 0.0203125 0.015625
0 0.35859375 0.51015625 0.0203125 0.015625
0 0.46796875 0.5046875 0.025 0.015625
0 0.5859375 0.49609375 0.0140625 0.0109375
0 0.37578125 0.51328125 0.0296875 0.015625
0 0.66015625 0.50078125 0.025 0.0203125
0 0.93984375 0.48359375 0.0375 0.021875
0 0.6234375 0.50546875 0.025 0.015625
0 0.55390625 0.51015625 0.0203125 0.015625
0 0.5125 0.515625 0.0296875 0.015625
0 0.4484375 0.5203125 0.025 0.015625
0 0.74375 0.50390625 0.0234375 0.00625
0 0.99375 0.4890625 0.00625 0.01875
0 0.74921875 0.50859375 0.0203125 0.015625
0 0.51640625 0.5296875 0.015625 0.015625
0 0.3703125 0.54140625 0.025 0.0203125
0 0.24140625 0.55234375 0.0296875 0.0203125
0 0.52578125 0.5328125 0.025 0.015625
0 0.0359375 0.57421875 0.01875 0.0109375
0 0.89921875 0.525 0.025 0.0203125
0 0.03671875 0.5859375 0.0296875 0.015625
0 0.86875 0.53203125 0.0296875 0.0203125
0 0.96171875 0.5328125 0.0203125 0.015625
0 0.75859375 0.5515625 0.0296875 0.0203125
0 0.0203125 0.6078125 0.025 0.0203125
0 0.57890625 0.56875 0.0296875 0.0203125
0 0.92109375 0.55 0.0203125 0.015625
0 0.6765625 0.57109375 0.025 0.015625
0 0.90078125 0.55546875 0.025 0.0203125
0 0.07890625 0.6203125 0.0234375 0.0109375
0 0.6 0.5921875 0.0296875 0.0203125
0 0.0734375 0.634375 0.025 0.015625
0 0.7453125 0.5890625 0.0296875 0.0203125
0 0.53671875 0.625 0.0375 0.021875
0 0.44921875 0.640625 0.0296875 0.0203125
0 0.1546875 0.66328125 0.0296875 0.0203125
0 0.71796875 0.6265625 0.0296875 0.0203125
0 0.78046875 0.6265625 0.0296875 0.0203125
0 0.184375 0.67109375 0.025 0.0203125
0 0.215625 0.67734375 0.0296875 0.0203125
0 0.675 0.6453125 0.025 0.0203125
0 0.90625 0.63125 0.0203125 0.0203125
0 0.2875 0.6796875 0.025 0.0203125
0 0.80703125 0.64296875 0.0296875 0.0203125
0 0.62890625 0.6578125 0.0328125 0.0203125
0 0.184375 0.69609375 0.025 0.0203125
0 0.96015625 0.64375 0.025 0.015625
0 0.17265625 0.70390625 0.0203125 0.0203125
0 0.84765625 0.65625 0.025 0.0203125
0 0.21015625 0.70546875 0.0296875 0.0203125
0 0.96640625 0.6625 0.0296875 0.0203125