0 0.31796875 0.12734375 0.0515625 0.0625
0 0.71328125 0.20390625 0.0625 0.078125
0 0.8453125 0.23671875 0.05 0.075
0 0.62109375 0.19296875 0.0515625 0.0625
0 0.94921875 0.2640625 0.04375 0.046875
0 0.21328125 0.13046875 0.0453125 0.05625
0 0.1078125 0.11484375 0.05 0.0578125
0 0.8921875 0.2671875 0.053125 0.071875
0 0.790625 0.2546875 0.046875 0.0609375
0 0.3921875 0.184375 0.0609375 0.0640625
0 0.4546875 0.2015625 0.0515625 0.0671875
0 0.77578125 0.065625 0.0421875 0.0390625
0 0.809375 0.071875 0.04375 0.046875
0 0.5875 0.23125 0.05 0.0578125
0 0.7171875 0.26640625 0.0625 0.078125
0 0.215625 0.178125 0.040625 0.05625
0 0.9765625 0.32890625 0.046875 0.0671875
0 0.1125 0.1625 0.046875 0.04375
0 0.94453125 0.3265625 0.0546875 0.0765625
0 0.99375 0.34296875 0.0125 0.0421875
0 0.30390625 0.209375 0.071875 0.096875
0 0.39375 0.01484375 0.05625 0.0296875
0 0.5625 0.28828125 0.05 0.0578125
0 0.209375 0.2234375 0.0546875 0.08125
0 0.9734375 0.3984375 0.053125 0.08125
0 0.33828125 0.27734375 0.0578125 0.0765625
0 0.8390625 0.0890625 0.028125 0.0328125
0 0.9734375 0.115625 0.0515625 0.0671875
0 0.75 0.36484375 0.053125 0.071875
0 0.1 0.23828125 0.0546875 0.059375
0 0.91484375 0.40390625 0.0578125 0.071875
0 0.8140625 0.38671875 0.0734375 0.0890625
0 0.89921875 0.103125 0.0546875 0.075
0 0.05234375 0.26640625 0.0453125 0.0796875
0 0.23984375 0.3125 0.05625 0.0859375
0 0.46640625 0.35625 0.0671875 0.078125
0 0.87734375 0.43671875 0.059375 0.08125
0 0.621875 0.39375 0.05625 0.0625
0 0.68515625 0.4203125 0.0625 0.078125
0 0.546875 0.4078125 0.0625 0.0734375
0 0.9296875 0.4828125 0.05 0.0578125
0 0.30703125 0.3640625 0.059375 0.08125
0 0.3984375 0.40234375 0.0578125 0.071875
0 0.746875 0.4890625 0.0640625 0.0828125
0 0.6546875 0.06796875 0.0453125 0.05625
0 0.92578125 0.54296875 0.0671875 0.075
0 0.628125 0.49609375 0.071875 0.096875
0 0.31015625 0.44375 0.0578125 0.0765625
0 0.88046875 0.58359375 0.0484375 0.0703125
0 0.8359375 0.57734375 0.053125 0.071875
0 0.221875 0.509375 0.0625 0.0734375
0 0.603125 0.06953125 0.05 0.075
0 0.365625 0.028125 0.05625 0.05625
0 0.36953125 0.6140625 0.065625 0.0875
0 0.21640625 0.58671875 0.06875 0.0828125
0 0.16484375 0.00859375 0.0390625 0.0171875
0 0.6359375 0.6984375 0.0609375 0.0859375
0 0.82265625 0.12421875 0.04375 0.046875
0 0.07109375 0.60546875 0.08125 0.0984375
0 0.31015625 0.71328125 0.06875 0.0828125
0 0.72890625 0.11328125 0.0453125 0.05625
0 0.69921875 0.10703125 0.046875 0.0609375
0 0.4125 0.75703125 0.065625 0.0921875
0 0.72421875 0.8171875 0.0703125 0.0921875
0 0.57265625 0.79296875 0.075 0.09375
0 0.11015625 0.0125 0.0421875 0.025
0 0.8375 0.8625 0.071875 0.1015625
0 0.2453125 0.02421875 0.0359375 0.0453125
0 0.5046875 0.07421875 0.0515625 0.0625
0 0.6546875 0.03046875 0.03125 0.0234375
0 0.16328125 0.77421875 0.084375 0.1
0 0.69140625 0.9 0.08125 0.0984375
0 0.45625 0.06953125 0.0609375 0.06875
0 0.38125 0.8828125 0.0859375 0.1046875
0 0.8421875 0.96171875 0.0875 0.0765625
0 0.3890625 0.0640625 0.0515625 0.0625
0 0.55078125 0.95390625 0.0953125 0.0921875
0 0.22109375 0.915625 0.096875 0.0890625
0 0.6796875 0.0375 0.040625 0.0296875
0 0.1984375 0.03515625 0.0375 0.0546875
0 0.475 0.09609375 0.04375 0.046875
0 0.40859375 0.0859375 0.05 0.053125
0 0.29296875 0.06328125 0.05625 0.0625
0 0.5625 0.11796875 0.0625 0.078125
0 0.3328125 0.08515625 0.065625 0.0703125
0 0.65234375 0.15234375 0.0625 0.078125
0 0.45546875 0.1359375 0.05 0.053125
0 0.246875 0.1015625 0.046875 0.0609375
0 0.3765625 0.12890625 0.05 0.0578125