0 0.5390625 0.11015625 0.065625 0.1
0 0.7453125 0.1421875 0.0546875 0.08125
0 0.4234375 0.16171875 0.0546875 0.0765625
0 0.0609375 0.15703125 0.053125 0.0484375
0 0.9296875 0.2140625 0.0671875 0.059375
0 0.26640625 0.1796875 0.0265625 0.05625
0 0.65234375 0.2 0.075 0.096875
0 0.6546875 0.02890625 0.053125 0.04375
0 0.30234375 0.1953125 0.053125 0.0625
0 0.7671875 0.221875 0.078125 0.0921875
0 0.12890625 0.1890625 0.040625 0.08125
0 0.03828125 0.2 0.0515625 0.103125
0 0.96953125 0.25546875 0.0609375 0.0921875
0 0.56171875 0.24140625 0.05625 0.0953125
0 0.36953125 0.23828125 0.0796875 0.1140625
0 0.89921875 0.265625 0.0703125 0.096875
0 0.07109375 0.23203125 0.0453125 0.0671875
0 0.1890625 0.240625 0.084375 0.125
0 0.45234375 0.25390625 0.0703125 0.1140625
0 0.2703125 0.246875 0.078125 0.0921875
0 0.38984375 0.025 0.0484375 0.05
0 0.6953125 0.0375 0.034375 0.0484375
0 0.46875 0.028125 0.053125 0.05625
0 0.515625 0.296875 0.065625 0.1140625
0 0.60390625 0.32734375 0.0703125 0.1
0 0.88125 0.05625 0.0625 0.0765625
0 0.82890625 0.37578125 0.065625 0.1
0 0.05625 0.3375 0.0609375 0.1
0 0.109375 0.34296875 0.0796875 0.1046875
0 0.61796875 0.0421875 0.04375 0.075
0 0.6953125 0.40625 0.0859375 0.1296875
0 0.24375 0.38515625 0.0703125 0.1140625
0 0.484375 0.39765625 0.0484375 0.053125
0 0.928125 0.4234375 0.09375 0.1203125
0 0.43984375 0.4109375 0.065625 0.1140625
0 0.378125 0.43125 0.065625 0.1046875
0 0.86328125 0.465625 0.0859375 0.1390625
0 0.5140625 0.04609375 0.0484375 0.0625
0 0.5015625 0.46953125 0.0796875 0.1046875
0 0.05234375 0.46015625 0.0859375 0.14375
0 0.809375 0.51875 0.084375 0.115625
0 0.74140625 0.06484375 0.0640625 0.0859375
0 0.41875 0.54921875 0.0734375 0.0875
0 0.65859375 0.5640625 0.0859375 0.134375
0 0.21640625 0.5546875 0.1015625 0.1109375
0 0.3453125 0.578125 0.103125 0.1390625
0 0.5625 0.59140625 0.0953125 0.134375
0 0.1140625 0.04140625 0.05 0.08125
0 0.04453125 0.040625 0.0453125 0.08125
0 0.7109375 0.66640625 0.0921875 0.1609375
0 0.896875 0.6765625 0.08125 0.1375
0 0.12421875 0.6359375 0.075 0.1
0 0.821875 0.68828125 0.1 0.153125
0 0.42578125 0.671875 0.1140625 0.1578125
0 0.1875 0.67109375 0.125 0.09375
0 0.21015625 0.05390625 0.0640625 0.090625
0 0.97578125 0.74453125 0.021875 0.14375
0 0.05390625 0.7 0.1078125 0.134375
0 0.6203125 0.778125 0.11875 0.1625
0 0.78125 0.78828125 0.115625 0.084375
0 0.1640625 0.76484375 0.1140625 0.1484375
0 0.65390625 0.0890625 0.0609375 0.0953125
0 0.871875 0.84375 0.09375 0.1203125
0 0.96640625 0.87890625 0.025 0.1171875
0 0.74765625 0.8671875 0.075 0.1
0 0.45703125 0.0828125 0.0546875 0.090625
0 0.8203125 0.88984375 0.1140625 0.0703125
0 0.840625 0.1078125 0.075 0.096875