0 0.67890625 0.328125 0.0328125 0.04375
0 0.36328125 0.30390625 0.0328125 0.040625
0 0.51953125 0.32265625 0.028125 0.04375
0 0.7421875 0.36484375 0.0328125 0.04375
0 0.18984375 0.3078125 0.028125 0.0390625
0 0.34140625 0.35 0.0328125 0.040625
0 0.3484375 0.4765625 0.028125 0.04375
0 0.553125 0.50390625 0.021875 0.034375
0 0.7578125 0.53125 0.028125 0.0390625
0 0.6578125 0.521875 0.028125 0.04375
0 0.809375 0.54765625 0.0265625 0.03125
0 0.45703125 0.50859375 0.028125 0.04375
0 0.259375 0.48671875 0.028125 0.0390625
0 0.7171875 0.55 0.028125 0.04375
0 0.53984375 0.53359375 0.0328125 0.040625
0 0.38125 0.51796875 0.028125 0.0390625
0 0.6015625 0.546875 0.0328125 0.04375
0 0.3046875 0.51328125 0.028125 0.0390625
0 0.2 0.5140625 0.0328125 0.0484375
0 0.6875 0.58828125 0.0328125 0.04375
0 0.778125 0.60625 0.0328125 0.040625
0 0.846875 0.6171875 0.028125 0.0390625
0 0.45390625 0.57578125 0.0328125 0.04375
0 0.2390625 0.5546875 0.034375 0.053125
0 0.83515625 0.63515625 0.0328125 0.04375
0 0.53125 0.60390625 0.01875 0.0375
0 0.7640625 0.63203125 0.0328125 0.040625
0 0.51796875 0.60234375 0.034375 0.053125
0 0.384375 0.590625 0.028125 0.04375
0 0.30546875 0.5828125 0.028125 0.04375
0 0.15390625 0.56484375 0.0328125 0.04375
0 0.17890625 0.56796875 0.0234375 0.0390625
0 0.71171875 0.6375 0.021875 0.025
0 0.49609375 0.6109375 0.034375 0.053125
0 0.80859375 0.65 0.028125 0.0484375
0 0.65078125 0.63515625 0.025 0.053125
0 0.921875 0.67265625 0.0328125 0.0484375
0 0.59765625 0.63359375 0.034375 0.053125
0 0.62578125 0.6390625 0.0328125 0.04375
0 0.39453125 0.61796875 0.028125 0.04375
0 0.4171875 0.62265625 0.028125 0.0390625
0 0.70078125 0.6671875 0.0328125 0.040625
0 0.2140625 0.6234375 0.0328125 0.04375
0 0.2984375 0.640625 0.028125 0.04375
0 0.8328125 0.33515625 0.0328125 0.0484375