0 0.87890625 0.74453125 0.0390625 0.04375
0 0.00625 0.7046875 0.0125 0.046875
0 0.8 0.74765625 0.0390625 0.0390625
0 0.58671875 0.7359375 0.0390625 0.0390625
0 0.20625 0.72109375 0.0390625 0.053125
0 0.09453125 0.7171875 0.0390625 0.04375
0 0.18046875 0.721875 0.015625 0.0375
0 0.13125 0.72421875 0.0390625 0.0390625
0 0.3484375 0.73984375 0.04375 0.04375
0 0.26796875 0.73828125 0.0484375 0.04375
0 0.6 0.7578125 0.04375 0.0390625
0 0.39609375 0.7515625 0.0484375 0.04375
0 0.5140625 0.76953125 0.053125 0.04375
0 0.3578125 0.775 0.04375 0.0484375
0 0.94765625 0.81328125 0.04375 0.053125
0 0.49609375 0.79140625 0.04375 0.053125
0 0.01171875 0.76953125 0.0234375 0.0390625
0 0.778125 0.8109375 0.04375 0.04375
0 0.296875 0.79765625 0.0390625 0.0484375
0 0.79375 0.8234375 0.0390625 0.0390625
0 0.56015625 0.8140625 0.0390625 0.04375
0 0.15 0.8109375 0.0390625 0.04375
0 0.68828125 0.84140625 0.053125 0.04375
0 0.26328125 0.81953125 0.034375 0.0484375
0 0.8171875 0.86640625 0.0484375 0.053125
0 0.32265625 0.84296875 0.04375 0.053125
0 0.49296875 0.8515625 0.0625 0.0390625
0 0.76484375 0.884375 0.0578125 0.0578125
0 0.465625 0.88515625 0.053125 0.053125
0 0.503125 0.8921875 0.034375 0.0625
0 0.8484375 0.921875 0.0625 0.0625
0 0.60390625 0.91171875 0.0578125 0.053125
0 0.79765625 0.928125 0.053125 0.04375
0 0.8265625 0.1921875 0.0203125 0.025
0 0.12109375 0.1625 0.0203125 0.025
0 0.17421875 0.165625 0.0140625 0.0140625
0 0.0984375 0.1640625 0.025 0.0203125
0 0.1578125 0.171875 0.015625 0.01875
0 0.06484375 0.16875 0.0203125 0.0203125
0 0.0234375 0.16953125 0.015625 0.028125
0 0.18046875 0.1796875 0.015625 0.01875
0 0.13203125 0.17734375 0.0203125 0.0203125
0 0.053125 0.175 0.0203125 0.025
0 0.175 0.1890625 0.0203125 0.025
0 0.20078125 0.240625 0.0203125 0.0203125
0 0.1359375 0.2375 0.0203125 0.025
0 0.22578125 0.246875 0.015625 0.01875
0 0.05390625 0.24296875 0.0203125 0.025
0 0.35703125 0.2609375 0.0203125 0.0203125
0 0.25078125 0.2578125 0.025 0.0203125
0 0.09140625 0.2515625 0.025 0.025
0 0.375 0.26875 0.015625 0.01875
0 0.64140625 0.28515625 0.025 0.025
0 0.39375 0.27421875 0.015625 0.01875
0 0.68671875 0.29140625 0.025 0.025
0 0.3546875 0.2765625 0.015625 0.01875
0 0.50703125 0.31953125 0.0140625 0.0140625
0 0.30078125 0.3109375 0.01875 0.015625
0 0.31484375 0.3140625 0.015625 0.01875
0 0.3359375 0.315625 0.01875 0.015625
0 0.35234375 0.31875 0.009375 0.009375
0 0.49296875 0.32578125 0.025 0.0203125
0 0.4078125 0.3234375 0.0203125 0.0203125
0 0.2734375 0.31640625 0.015625 0.0234375
0 0.0578125 0.30546875 0.025 0.0203125
0 0.16640625 0.3109375 0.0203125 0.025
0 0.1109375 0.3109375 0.025 0.0203125
0 0.33828125 0.32265625 0.01875 0.015625
0 0.12734375 0.31171875 0.0203125 0.025
0 0.2453125 0.31796875 0.015625 0.01875
0 0.37890625 0.32734375 0.0203125 0.0203125
0 0.39765625 0.328125 0.0140625 0.0140625
0 0.23125 0.31953125 0.0140625 0.0140625
0 0.2640625 0.32109375 0.015625 0.01875
0 0.3625 0.3265625 0.015625 0.01875
0 0.425 0.33203125 0.0203125 0.025
0 0.44375 0.3328125 0.0203125 0.025
0 0.20546875 0.32265625 0.0203125 0.0203125
0 0.353125 0.33046875 0.015625 0.01875
0 0.4625 0.33828125 0.0203125 0.0203125
0 0.284375 0.32890625 0.0203125 0.025
0 0.015625 0.3171875 0.015625 0.01875
0 0.09453125 0.31953125 0.01875 0.015625
0 0.1125 0.3203125 0.015625 0.01875
0 0.29765625 0.3296875 0.0140625 0.0140625
0 0.33046875 0.33125 0.025 0.0203125
0 0.5296875 0.3421875 0.0203125 0.0203125
0 0.540625 0.3421875 0.0046875 0.0140625
0 0.0734375 0.3203125 0.0203125 0.0203125
0 0.39765625 0.3375 0.015625 0.01875
0 0.3140625 0.334375 0.015625 0.01875
0 0.24453125 0.33125 0.015625 0.01875
0 0.228125 0.33203125 0.0203125 0.0203125
0 0.184375 0.33046875 0.0203125 0.0203125
0 0.46640625 0.346875 0.015625 0.01875
0 0.17265625 0.33203125 0.015625 0.0234375
0 0.03671875 0.325 0.0203125 0.0203125
0 0.3828125 0.3453125 0.0203125 0.0203125
0 0.35078125 0.34609375 0.015625 0.01875
0 0.253125 0.34296875 0.015625 0.01875
0 0.04921875 0.33515625 0.0203125 0.0203125
0 0.01484375 0.33515625 0.015625 0.028125
0 0.41875 0.35625 0.0203125 0.0203125
0 0.3359375 0.3546875 0.0203125 0.025
0 0.4328125 0.359375 0.025 0.025
0 0.9640625 0.40859375 0.0140625 0.0140625
0 0.996875 0.4140625 0.00625 0.009375
0 0.9875 0.4421875 0.0203125 0.0296875
0 0.95078125 0.44453125 0.0203125 0.0203125
0 0.91484375 0.44765625 0.0203125 0.025
0 0.2375 0.41875 0.015625 0.0234375
0 0.05703125 0.41171875 0.025 0.025
0 0.521875 0.4890625 0.0203125 0.025
0 0.475 0.48671875 0.0203125 0.0203125
0 0.59375 0.49296875 0.0203125 0.025
0 0.28515625 0.47734375 0.0203125 0.0203125
0 0.41953125 0.48671875 0.015625 0.01875
0 0.92578125 0.51328125 0.025 0.0203125
0 0.34375 0.48203125 0.0203125 0.0203125
0 0.99296875 0.51875 0.00625 0.0328125
0 0.8703125 0.5125 0.025 0.0296875
0 0.9859375 0.51875 0.015625 0.0234375
0 0.30625 0.4828125 0.0203125 0.025
0 0.7890625 0.51015625 0.025 0.025
0 0.96875 0.51953125 0.015625 0.01875
0 0.43515625 0.4921875 0.01875 0.015625
0 0.45859375 0.49296875 0.01875 0.015625
0 0.884375 0.515625 0.0109375 0.01875
0 0.54140625 0.5 0.0203125 0.0203125
0 0.50234375 0.49765625 0.0234375 0.015625
0 0.7265625 0.509375 0.025 0.0203125
0 0.25234375 0.48671875 0.0203125 0.0203125
0 0.27578125 0.48828125 0.025 0.0296875
0 0.6015625 0.50546875 0.0203125 0.0203125
0 0.06328125 0.47734375 0.015625 0.01875
0 0.35625 0.4921875 0.025 0.0203125
0 0.384375 0.49609375 0.0203125 0.0203125
0 0.68046875 0.51171875 0.025 0.025
0 0.3265625 0.49296875 0.0203125 0.0203125
0 0.04921875 0.47890625 0.01875 0.015625
0 0.23359375 0.490625 0.0203125 0.025
0 0.765625 0.51875 0.025 0.0296875
0 0.7421875 0.51953125 0.0296875 0.0296875
0 0.44140625 0.50625 0.015625 0.01875
0 0.9625 0.53359375 0.025 0.0203125
0 0.4296875 0.50546875 0.025 0.0203125
0 0.5296875 0.5109375 0.0203125 0.025
0 0.303125 0.49921875 0.01875 0.015625
0 0.4921875 0.51171875 0.0203125 0.0203125
0 0.20859375 0.49609375 0.0203125 0.0296875
0 0.39296875 0.50625 0.025 0.0203125
0 0.18515625 0.49765625 0.0203125 0.025
0 0.18984375 0.49765625 0.0203125 0.025
0 0.115625 0.49609375 0.0203125 0.025
0 0.134375 0.496875 0.0296875 0.0296875
0 0.028125 0.49140625 0.025 0.0203125
0 0.58984375 0.52109375 0.025 0.0296875
0 0.47578125 0.51484375 0.0234375 0.015625
0 0.5203125 0.51953125 0.0203125 0.0203125
0 0.57578125 0.52265625 0.0109375 0.01875
0 0.34609375 0.5109375 0.025 0.0203125
0 0.10078125 0.5 0.0203125 0.0203125
0 0.7203125 0.5328125 0.025 0.0296875
0 0.4703125 0.521875 0.0234375 0.0109375
0 0.425 0.51953125 0.025 0.0203125
0 0.98125 0.55078125 0.0296875 0.0203125
0 0.04296875 0.5015625 0.01875 0.015625
0 0.37109375 0.52109375 0.025 0.0203125
0 0.7578125 0.54375 0.0296875 0.0296875
0 0.965625 0.55625 0.01875 0.00625
0 0.65078125 0.5421875 0.0296875 0.0296875
0 0.396875 0.52890625 0.025 0.0203125
0 0.47265625 0.5328125 0.0296875 0.0203125
0 0.27890625 0.525 0.025 0.0203125
0 0.31796875 0.52734375 0.0140625 0.0140625
0 0.70859375 0.54765625 0.0328125 0.0203125
0 0.60625 0.5421875 0.0203125 0.0296875
0 0.9515625 0.5625 0.01875 0.015625
0 0.0328125 0.51484375 0.0203125 0.0203125
0 0.0125 0.51328125 0.0203125 0.0296875
0 0.21640625 0.52421875 0.0296875 0.0203125
0 0.11875 0.52109375 0.0296875 0.0203125
0 0.51640625 0.5421875 0.0296875 0.025
0 0.625 0.54765625 0.0203125 0.0296875
0 0.934375 0.56640625 0.0203125 0.0203125
0 0.45390625 0.54140625 0.025 0.025
0 0.05390625 0.5203125 0.025 0.025
0 0.97109375 0.56875 0.025 0.0203125
0 0.16484375 0.5265625 0.0296875 0.0203125
0 0.37734375 0.5375 0.025 0.0203125
0 0.67578125 0.55546875 0.025 0.0296875
0 0.33359375 0.5375 0.025 0.025
0 0.590625 0.55078125 0.0203125 0.025
0 0.82578125 0.565625 0.0296875 0.025
0 0.303125 0.540625 0.0296875 0.0203125
0 0.3125 0.54375 0.0203125 0.0328125
0 0.43984375 0.55 0.0296875 0.0203125
0 0.70546875 0.5640625 0.0234375 0.015625
0 0.9484375 0.5765625 0.0234375 0.015625
0 0.7859375 0.5703125 0.0296875 0.025
0 0.72578125 0.5671875 0.0203125 0.0203125
0 0.8484375 0.57578125 0.0296875 0.0203125
0 0.12265625 0.540625 0.0203125 0.0296875
0 0.4875 0.559375 0.0296875 0.025
0 0.88046875 0.5828125 0.01875 0.015625
0 0.5984375 0.56796875 0.0296875 0.0203125
0 0.91484375 0.58671875 0.0296875 0.025
0 0.165625 0.54765625 0.0296875 0.0203125
0 0.559375 0.56796875 0.0296875 0.0296875
0 0.390625 0.559375 0.0296875 0.0296875
0 0.19140625 0.55078125 0.025 0.0203125
0 0.10546875 0.546875 0.0375 0.0296875
0 0.21484375 0.5546875 0.0296875 0.0296875
0 0.9453125 0.59296875 0.028125 0.015625
0 0.01015625 0.54296875 0.0203125 0.0296875
0 0.3 0.559375 0.025 0.0296875
0 0.9671875 0.59609375 0.0296875 0.0296875
0 0.25390625 0.559375 0.025 0.0328125
0 0.3390625 0.565625 0.025 0.0296875
0 0.89609375 0.5953125 0.0203125 0.0203125
0 0.26484375 0.5640625 0.025 0.0296875
0 0.4796875 0.57578125 0.025 0.0375
0 0.38046875 0.5703125 0.0234375 0.015625
0 0.74765625 0.58984375 0.0296875 0.0296875
0 0.4640625 0.57734375 0.025 0.0328125
0 0.721875 0.590625 0.025 0.0296875
0 0.59765625 0.584375 0.0296875 0.0203125
0 0.696875 0.5890625 0.0296875 0.0375
0 0.85859375 0.59765625 0.0296875 0.0296875
0 0.44296875 0.57578125 0.025 0.0296875
0 0.1859375 0.56484375 0.0328125 0.0296875
0 0.28515625 0.5703125 0.025 0.0203125
0 0.95546875 0.61015625 0.028125 0.0109375
0 0.1140625 0.565625 0.0375 0.025
0 0.04453125 0.5625 0.0375 0.0296875
0 0.9109375 0.6125 0.0296875 0.0296875
0 0.7765625 0.6078125 0.0328125 0.0296875
0 0.409375 0.58828125 0.0203125 0.0203125
0 0.01015625 0.56640625 0.0203125 0.0328125
0 0.57421875 0.596875 0.034375 0.034375
0 0.59921875 0.5984375 0.0203125 0.0375
0 0.3703125 0.5875 0.0203125 0.025
0 0.51875 0.5953125 0.0296875 0.0296875
0 0.3890625 0.59375 0.0296875 0.0203125
0 0.17109375 0.58203125 0.0375 0.0296875
0 0.8765625 0.62109375 0.0390625 0.0390625
0 0.98671875 0.62734375 0.00625 0.028125
0 0.65 0.609375 0.015625 0.01875
0 0.1484375 0.5859375 0.0203125 0.0203125
0 0.32578125 0.5953125 0.025 0.0328125
0 0.959375 0.628125 0.0328125 0.0296875
0 0.69375 0.61640625 0.0296875 0.025
0 0.75078125 0.61953125 0.025 0.0328125
0 0.66328125 0.61484375 0.028125 0.015625
0 0.034375 0.58203125 0.0296875 0.0296875
0 0.74140625 0.61875 0.028125 0.0109375
0 0.0984375 0.5875 0.0296875 0.0296875
0 0.27265625 0.596875 0.0421875 0.0296875
0 0.4 0.603125 0.0296875 0.0296875
0 0.7921875 0.6265625 0.025 0.0296875
0 0.815625 0.62734375 0.0296875 0.0375
0 0.628125 0.61796875 0.0390625 0.0390625
0 0.465625 0.61171875 0.025 0.025
0 0.5328125 0.61953125 0.0328125 0.0296875
0 0.0125 0.59140625 0.025 0.0328125
0 0.34296875 0.6125 0.0328125 0.0296875
0 0.74765625 0.63359375 0.0328125 0.0203125
0 0.72421875 0.634375 0.025 0.0203125
0 0.7734375 0.6375 0.0296875 0.0296875
0 0.66875 0.634375 0.034375 0.034375
0 0.4953125 0.62734375 0.0296875 0.0296875
0 0.696875 0.6375 0.0296875 0.0203125
0 0.5671875 0.63125 0.0328125 0.025
0 0.98046875 0.65703125 0.0203125 0.0328125
0 0.153125 0.61640625 0.034375 0.0390625
0 0.0703125 0.6140625 0.0296875 0.0328125
0 0.2171875 0.621875 0.034375 0.0390625
0 0.13203125 0.6203125 0.0296875 0.0328125
0 0.7375 0.6515625 0.0328125 0.0203125
0 0.38203125 0.63515625 0.0390625 0.034375
0 0.31015625 0.6359375 0.0375 0.0296875
0 0.790625 0.6640625 0.034375 0.034375
0 0.24921875 0.6375 0.0328125 0.0296875
0 0.55 0.65390625 0.025 0.0296875
0 0.4578125 0.65078125 0.0390625 0.0390625
0 0.6375 0.66328125 0.034375 0.0390625
0 0.85703125 0.67578125 0.034375 0.0390625
0 0.5703125 0.66328125 0.0296875 0.0328125
0 0.6 0.6671875 0.0296875 0.0203125
0 0.884375 0.68203125 0.0296875 0.0375
0 0.01484375 0.63515625 0.0296875 0.0296875
0 0.734375 0.67421875 0.0296875 0.0296875
0 0.90703125 0.6859375 0.0203125 0.0421875
0 0.80078125 0.6796875 0.034375 0.034375
0 0.92578125 0.68671875 0.0296875 0.0328125
0 0.1765625 0.65234375 0.0421875 0.0296875
0 0.678125 0.68515625 0.0390625 0.04375
0 0.53203125 0.68203125 0.0390625 0.0390625
0 0.696875 0.69140625 0.0390625 0.0390625
0 0.0125 0.65390625 0.025 0.0390625
0 0.8234375 0.69765625 0.04375 0.034375
0 0.178125 0.66875 0.034375 0.0390625
0 0.25 0.675 0.0390625 0.04375
0 0.08984375 0.66640625 0.0390625 0.0390625
0 0.27890625 0.68125 0.025 0.0421875
0 0.5984375 0.69765625 0.0296875 0.0375
0 0.3390625 0.69375 0.034375 0.034375
0 0.903125 0.72265625 0.034375 0.04375
0 0.246875 0.69296875 0.0390625 0.04375
0 0.475 0.70546875 0.0390625 0.04375
0 0.40546875 0.70390625 0.0390625 0.04375
0 0.93515625 0.73203125 0.034375 0.0390625
0 0.625 0.7203125 0.025 0.0296875
0 0.68984375 0.7234375 0.034375 0.0390625
0 0.84921875 0.734375 0.0390625 0.04375
0 0.31796875 0.70859375 0.034375 0.0390625