0 0.1234375 0.46875 0.025 0.0421875
0 0.7984375 0.50625 0.0203125 0.0328125
0 0.57421875 0.50859375 0.015625 0.0234375
0 0.81640625 0.5234375 0.0203125 0.0296875
0 0.02109375 0.48671875 0.015625 0.0328125
0 0.3078125 0.5015625 0.0203125 0.0375
0 0.71484375 0.52265625 0.0203125 0.0375
0 0.6125 0.5203125 0.015625 0.028125
0 0.48984375 0.51328125 0.015625 0.028125
0 0.959375 0.540625 0.025 0.0421875
0 0.54296875 0.51875 0.0203125 0.0296875
0 0.44140625 0.515625 0.0203125 0.025
0 0.68125 0.528125 0.0109375 0.01875
0 0.12421875 0.5015625 0.00625 0.01875
0 0.040625 0.496875 0.015625 0.01875
0 0.2796875 0.509375 0.015625 0.0234375
0 0.36015625 0.5140625 0.025 0.0375
0 0.834375 0.53828125 0.0109375 0.01875
0 0.88515625 0.54140625 0.015625 0.028125
0 0.25625 0.5109375 0.0046875 0.0140625
0 0.6578125 0.53203125 0.009375 0.0140625
0 0.06875 0.50078125 0.009375 0.009375
0 0.0875 0.5015625 0.009375 0.0140625
0 0.3375 0.51484375 0.0109375 0.01875
0 0.584375 0.528125 0.015625 0.0234375
0 0.9015625 0.54453125 0.015625 0.01875
0 0.73671875 0.53828125 0.0109375 0.0328125
0 0.8296875 0.54296875 0.0109375 0.01875
0 0.2171875 0.51328125 0.015625 0.01875
0 0.1609375 0.51015625 0.009375 0.0140625
0 0.07578125 0.50625 0.00625 0.01875
0 0.8515625 0.546875 0.0109375 0.0234375
0 0.9328125 0.55078125 0.0203125 0.0328125
0 0.2296875 0.51640625 0.0109375 0.01875
0 0.37578125 0.52421875 0.015625 0.028125
0 0.3921875 0.525 0.0046875 0.0140625
0 0.690625 0.540625 0.015625 0.01875
0 0.02734375 0.50546875 0.0109375 0.0234375
0 0.43125 0.5265625 0.0109375 0.01875
0 0.8609375 0.54921875 0.0109375 0.01875
0 0.2625 0.51796875 0.00625 0.01875
0 0.40390625 0.52734375 0.00625 0.01875
0 0.4125 0.52734375 0.0046875 0.0140625
0 0.70390625 0.54296875 0.0109375 0.01875
0 0.3453125 0.52421875 0.0109375 0.01875
0 0.6421875 0.53984375 0.015625 0.028125
0 0.6671875 0.540625 0.0109375 0.01875
0 0.146875 0.515625 0.015625 0.0234375
0 0.4265625 0.53046875 0.0046875 0.0140625
0 0.45703125 0.53203125 0.0046875 0.009375
0 0.05625 0.5109375 0.0109375 0.0328125
0 0.9859375 0.56015625 0.015625 0.0421875
0 0.17890625 0.51796875 0.015625 0.0234375
0 0.06796875 0.51171875 0.009375 0.0140625
0 0.75 0.54765625 0.015625 0.028125
0 0.325 0.52734375 0.0046875 0.009375
0 0.91640625 0.55859375 0.0109375 0.01875
0 0.22265625 0.521875 0.0109375 0.01875
0 0.4078125 0.53203125 0.0046875 0.0140625
0 0.421875 0.5328125 0.0046875 0.0140625
0 0.190625 0.5203125 0.025 0.0375
0 0.5125 0.5375 0.0046875 0.009375
0 0.596875 0.54453125 0.009375 0.0140625
0 0.7640625 0.553125 0.009375 0.0140625
0 0.46328125 0.5375 0.0046875 0.009375
0 0.6015625 0.54453125 0.0046875 0.009375
0 0.06328125 0.51640625 0.0109375 0.01875
0 0.50703125 0.53984375 0.0046875 0.009375
0 0.4953125 0.54140625 0.0046875 0.009375
0 0.5390625 0.54375 0.0046875 0.0046875
0 0.1578125 0.5234375 0.015625 0.01875
0 0.528125 0.5453125 0.0046875 0.009375
0 0.53203125 0.5453125 0.0046875 0.0046875