0 0.15 0.2421875 0.0296875 0.0609375
0 0.5125 0.26640625 0.04375 0.05625
0 0.5 0.028125 0.0390625 0.05625
0 0.396875 0.2765625 0.040625 0.09375
0 0.63515625 0.2890625 0.0484375 0.084375
0 0.75703125 0.31171875 0.0484375 0.0796875
0 0.31875 0.3109375 0.05 0.1171875
0 0.44375 0.31484375 0.059375 0.1078125
0 0.1171875 0.31328125 0.040625 0.0984375
0 0.06875 0.32109375 0.0640625 0.0984375
0 0.96640625 0.359375 0.05 0.1171875
0 0.2234375 0.346875 0.03125 0.0796875
0 0.1859375 0.34765625 0.0546875 0.1171875
0 0.67265625 0.3859375 0.05 0.09375
0 0.178125 0.02734375 0.0375 0.0296875
0 0.77578125 0.4421875 0.05 0.09375
0 0.61484375 0.453125 0.06875 0.1125
0 0.46171875 0.4703125 0.0625 0.090625
0 0.94921875 0.49921875 0.0734375 0.109375
0 0.03203125 0.4953125 0.0640625 0.1359375
0 0.91640625 0.0671875 0.0484375 0.0796875
0 0.778125 0.5625 0.0546875 0.0984375
0 0.2671875 0.55 0.0640625 0.1078125
0 0.5015625 0.65078125 0.0734375 0.109375
0 0.86875 0.0796875 0.0296875 0.0515625
0 0.74296875 0.69609375 0.078125 0.1140625
0 0.08671875 0.05703125 0.0484375 0.0765625
0 0.94140625 0.73359375 0.0734375 0.11875
0 0.21171875 0.728125 0.078125 0.1328125
0 0.42890625 0.07578125 0.04375 0.075
0 0.35859375 0.82421875 0.0796875 0.1734375
0 0.76875 0.0953125 0.0390625 0.075
0 0.61953125 0.9328125 0.06875 0.1078125
0 0.69921875 0.1 0.053125 0.0671875
0 0.2875 0.0984375 0.04375 0.075
0 0.178125 0.09453125 0.0390625 0.0796875
0 0.60390625 0.11640625 0.0296875 0.0609375
0 0.49453125 0.11953125 0.03125 0.0703125
0 0.61171875 0.01796875 0.0421875 0.0296875
0 0.94765625 0.15703125 0.0265625 0.0703125
0 0.021875 0.1421875 0.0203125 0.0328125
0 0.47265625 0.16328125 0.034375 0.0703125
0 0.33125 0.16015625 0.0390625 0.0796875
0 0.97421875 0.18515625 0.0484375 0.084375
0 0.62890625 0.18984375 0.04375 0.0703125
0 0.75625 0.19609375 0.0390625 0.0796875
0 0.23984375 0.1875 0.0484375 0.071875
0 0.90859375 0.215625 0.040625 0.0984375
0 0.05625 0.190625 0.0390625 0.0703125
0 0.415625 0.203125 0.053125 0.0859375
0 0.51484375 0.2109375 0.0484375 0.0796875
0 0.02109375 0.2140625 0.0265625 0.0703125
0 0.73359375 0.24609375 0.04375 0.0703125