0 0.571875 0.46328125 0.0125 0.015625
0 0.53828125 0.45625 0.0125 0.015625
0 0.6265625 0.48203125 0.0125 0.015625
0 0.2484375 0.4015625 0.01875 0.0265625
0 0.77578125 0.51640625 0.01875 0.0265625
0 0.58515625 0.478125 0.0125 0.015625
0 0.553125 0.47109375 0.0125 0.015625
0 0.66796875 0.4984375 0.0125 0.015625
0 0.79140625 0.53046875 0.0125 0.015625
0 0.48515625 0.46796875 0.0125 0.015625
0 0.4984375 0.4734375 0.0078125 0.0140625
0 0.6578125 0.50703125 0.0125 0.015625
0 0.39921875 0.45234375 0.009375 0.00625
0 0.37421875 0.446875 0.0109375 0.0109375
0 0.509375 0.478125 0.0125 0.015625
0 0.1609375 0.40390625 0.0078125 0.0140625
0 0.140625 0.39921875 0.00625 0.009375
0 0.18984375 0.41015625 0.0125 0.015625
0 0.853125 0.55078125 0.0171875 0.021875
0 0.28359375 0.4296875 0.0125 0.015625
0 0.4078125 0.45625 0.015625 0.0125
0 0.50234375 0.4765625 0.0125 0.015625
0 0.51875 0.4796875 0.0125 0.015625
0 0.528125 0.48203125 0.0109375 0.0109375
0 0.1765625 0.40703125 0.0078125 0.0140625
0 0.18125 0.40859375 0.0078125 0.0140625
0 0.221875 0.4171875 0.0109375 0.0109375
0 0.4765625 0.4734375 0.0109375 0.0109375
0 0.25078125 0.42578125 0.0171875 0.0171875
0 0.434375 0.4640625 0.0109375 0.0109375
0 0.128125 0.39921875 0.0109375 0.0109375
0 0.84765625 0.5546875 0.01875 0.0265625
0 0.1484375 0.40625 0.0078125 0.0140625
0 0.365625 0.45234375 0.0125 0.015625
0 0.3046875 0.4390625 0.0125 0.015625
0 0.1140625 0.3984375 0.0109375 0.0109375
0 0.4515625 0.4703125 0.0109375 0.0109375
0 0.5375 0.4890625 0.0171875 0.0171875
0 0.1578125 0.4078125 0.0125 0.015625
0 0.078125 0.39375 0.0125 0.015625
0 0.3859375 0.45859375 0.0125 0.0203125
0 0.09609375 0.39765625 0.0125 0.015625
0 0.93125 0.575 0.0125 0.015625
0 0.56484375 0.496875 0.0125 0.015625
0 0.2046875 0.4203125 0.0125 0.0203125
0 0.0328125 0.38359375 0.0125 0.0203125
0 0.39453125 0.4609375 0.0125 0.015625
0 0.109375 0.4 0.0125 0.0203125
0 0.4625 0.47734375 0.0125 0.015625
0 0.04375 0.38828125 0.0171875 0.0171875
0 0.43984375 0.47265625 0.0125 0.015625
0 0.55 0.49609375 0.0125 0.015625
0 0.24453125 0.43125 0.0078125 0.0140625
0 0.584375 0.50390625 0.0078125 0.0140625
0 0.4890625 0.48359375 0.00625 0.009375
0 0.89296875 0.56875 0.0171875 0.021875
0 0.62734375 0.5125 0.0125 0.0203125
0 0.70625 0.53203125 0.0125 0.015625
0 0.2171875 0.428125 0.00625 0.009375
0 0.60390625 0.51015625 0.0125 0.015625
0 0.36875 0.46015625 0.0125 0.015625
0 0.01796875 0.3859375 0.0140625 0.025
0 0.73515625 0.53828125 0.0109375 0.0109375
0 0.2671875 0.43828125 0.0125 0.0203125
0 0.484375 0.484375 0.0125 0.0203125
0 0.35 0.45625 0.0125 0.015625
0 0.1359375 0.4109375 0.0125 0.015625
0 0.7171875 0.534375 0.0125 0.015625
0 0.91640625 0.5765625 0.0171875 0.0171875
0 0.51171875 0.490625 0.0171875 0.0171875
0 0.9 0.57578125 0.01875 0.0265625
0 0.4953125 0.4890625 0.0125 0.015625
0 0.4109375 0.471875 0.0171875 0.0171875
0 0.06484375 0.39765625 0.0125 0.015625
0 0.40703125 0.47265625 0.0125 0.0203125
0 0.6828125 0.53125 0.009375 0.00625
0 0.44296875 0.48046875 0.0125 0.015625
0 0.175 0.4234375 0.0171875 0.021875
0 0.340625 0.459375 0.0125 0.015625
0 0.69375 0.53671875 0.0125 0.015625
0 0.446875 0.48359375 0.0078125 0.0140625
0 0.46484375 0.4875 0.0125 0.015625
0 0.553125 0.50625 0.0125 0.015625
0 0.07109375 0.40390625 0.0125 0.0203125
0 0.73203125 0.54453125 0.0109375 0.0109375
0 0.41875 0.48046875 0.0171875 0.0171875
0 0.66796875 0.53359375 0.0125 0.015625
0 0.33046875 0.46171875 0.0125 0.015625
0 0.95859375 0.5953125 0.0234375 0.0265625
0 0.321875 0.459375 0.0171875 0.021875
0 0.5890625 0.51640625 0.0171875 0.0171875
0 0.36015625 0.46796875 0.0125 0.015625
0 0.56171875 0.5109375 0.0125 0.015625
0 0.0859375 0.409375 0.0140625 0.025
0 0.09921875 0.41484375 0.0125 0.015625
0 0.2171875 0.43984375 0.0171875 0.0171875
0 0.6578125 0.53359375 0.0125 0.0203125
0 0.56796875 0.51484375 0.0125 0.015625
0 0.57265625 0.515625 0.0125 0.015625
0 0.92578125 0.590625 0.0171875 0.021875
0 0.35 0.46796875 0.0125 0.015625
0 0.771875 0.56015625 0.0125 0.015625
0 0.70390625 0.5453125 0.0125 0.0203125
0 0.1421875 0.4265625 0.0125 0.0203125
0 0.184375 0.43515625 0.0171875 0.021875
0 0.2078125 0.440625 0.0125 0.0203125
0 0.38203125 0.47734375 0.0125 0.0203125
0 0.46796875 0.4953125 0.00625 0.009375
0 0.7140625 0.55 0.0171875 0.0171875
0 0.240625 0.45 0.0171875 0.021875
0 0.15546875 0.43125 0.01875 0.0265625
0 0.29921875 0.4625 0.0171875 0.0171875
0 0.6078125 0.52734375 0.0171875 0.021875
0 0.69609375 0.546875 0.0125 0.015625
0 0.6828125 0.54375 0.0125 0.015625
0 0.7390625 0.55546875 0.0171875 0.0171875
0 0.8015625 0.57109375 0.0171875 0.021875
0 0.78828125 0.56875 0.0171875 0.021875
0 0.51953125 0.5109375 0.0171875 0.0171875
0 0.5296875 0.51328125 0.0171875 0.021875
0 0.265625 0.45703125 0.01875 0.0265625
0 0.83359375 0.58046875 0.0125 0.015625
0 0.7265625 0.5578125 0.0171875 0.021875
0 0.74921875 0.5625 0.0171875 0.021875
0 0.7734375 0.5703125 0.0125 0.015625
0 0.62890625 0.5390625 0.0171875 0.021875
0 0.50234375 0.5125 0.0171875 0.021875
0 0.66875 0.55 0.0171875 0.021875
0 0.46953125 0.5078125 0.0171875 0.021875
0 0.76015625 0.56953125 0.0171875 0.021875
0 0.38828125 0.490625 0.0125 0.0203125
0 0.4046875 0.49375 0.0171875 0.021875
0 0.0390625 0.41875 0.0171875 0.021875
0 0.4828125 0.51328125 0.0125 0.0203125
0 0.56484375 0.53046875 0.0171875 0.021875
0 0.33359375 0.48125 0.0125 0.0203125
0 0.5484375 0.52734375 0.0171875 0.021875
0 0.58671875 0.5375 0.0125 0.015625
0 0.77890625 0.578125 0.0171875 0.021875
0 0.35546875 0.48828125 0.0171875 0.021875
0 0.42578125 0.503125 0.0171875 0.021875
0 0.4375 0.50546875 0.0171875 0.021875
0 0.82734375 0.5890625 0.021875 0.021875
0 0.303125 0.4796875 0.0171875 0.021875
0 0.64296875 0.55234375 0.01875 0.0265625
0 0.23984375 0.46640625 0.0125 0.015625
0 0.67890625 0.56171875 0.01875 0.0265625
0 0.3234375 0.48671875 0.0125 0.015625
0 0.103125 0.43984375 0.0125 0.0203125
0 0.04453125 0.42734375 0.0125 0.0203125
0 0.89296875 0.6078125 0.021875 0.021875
0 0.6171875 0.54921875 0.0171875 0.021875
0 0.79765625 0.58984375 0.0125 0.0203125
0 0.109375 0.44296875 0.0171875 0.021875
0 0.23203125 0.46953125 0.0171875 0.021875
0 0.49921875 0.5265625 0.0171875 0.0171875
0 0.74375 0.578125 0.01875 0.0265625
0 0.44921875 0.51796875 0.01875 0.0265625
0 0.971875 0.62890625 0.0171875 0.021875
0 0.72734375 0.57734375 0.0171875 0.021875
0 0.3125 0.49140625 0.0125 0.0203125
0 0.4578125 0.521875 0.0125 0.0203125
0 0.378125 0.50546875 0.0171875 0.0171875
0 0.5796875 0.5484375 0.0171875 0.021875
0 0.83984375 0.6046875 0.0171875 0.021875
0 0.52890625 0.5390625 0.0171875 0.021875
0 0.0515625 0.4375 0.0125 0.0203125
0 0.47421875 0.53203125 0.0171875 0.021875
0 0.90625 0.62421875 0.01875 0.0265625
0 0.32734375 0.50078125 0.0171875 0.021875
0 0.68984375 0.578125 0.0234375 0.03125
0 0.7890625 0.59921875 0.0234375 0.03125
0 0.60703125 0.5625 0.0171875 0.0171875
0 0.24296875 0.48515625 0.0171875 0.0171875
0 0.503125 0.540625 0.0171875 0.021875
0 0.54609375 0.55 0.01875 0.0265625
0 0.65390625 0.575 0.0203125 0.0296875
0 0.75234375 0.59609375 0.01875 0.0265625
0 0.29140625 0.50078125 0.0171875 0.021875
0 0.9484375 0.6421875 0.01875 0.0265625
0 0.8609375 0.6265625 0.01875 0.0265625
0 0.93359375 0.64140625 0.021875 0.021875
0 0.05703125 0.4578125 0.0171875 0.021875
0 0.6984375 0.59375 0.021875 0.021875
0 0.64296875 0.58203125 0.01875 0.0265625
0 0.8109375 0.6203125 0.0234375 0.03125
0 0.559375 0.5671875 0.0234375 0.03125
0 0.4046875 0.53671875 0.021875 0.021875
0 0.3734375 0.5296875 0.021875 0.021875
0 0.95703125 0.65390625 0.0171875 0.021875
0 0.596875 0.57734375 0.021875 0.021875
0 0.50625 0.56015625 0.021875 0.021875
0 0.8359375 0.6328125 0.0203125 0.0296875
0 0.91484375 0.65234375 0.0203125 0.0296875
0 0.88515625 0.64609375 0.0203125 0.0296875
0 0.5203125 0.5703125 0.0171875 0.021875
0 0.2890625 0.521875 0.021875 0.021875
0 0.26875 0.51953125 0.0234375 0.0265625
0 0.3796875 0.5453125 0.0203125 0.0296875
0 0.46015625 0.5625 0.021875 0.021875
0 0.921875 0.66328125 0.0234375 0.03125
0 0.71328125 0.61875 0.0203125 0.034375
0 0.625 0.60234375 0.025 0.0359375
0 0.784375 0.64140625 0.025 0.0359375
0 0.40625 0.57265625 0.0265625 0.0234375
0 0.6671875 0.63671875 0.0296875 0.0359375
0 0.9453125 0.69609375 0.025 0.0359375
0 0.3140625 0.5640625 0.025 0.0359375
0 0.603125 0.62578125 0.0265625 0.0390625
0 0.85 0.68046875 0.03125 0.040625
0 0.8875 0.690625 0.03125 0.040625
0 0.49375 0.60703125 0.0203125 0.0296875
0 0.40078125 0.5875 0.0234375 0.03125
0 0.47734375 0.60625 0.0234375 0.03125
0 0.26796875 0.5640625 0.03125 0.040625
0 0.809375 0.68359375 0.03125 0.040625
0 0.68203125 0.65703125 0.025 0.0359375
0 0.9 0.7125 0.025 0.0359375
0 0.8421875 0.70546875 0.025 0.0359375
0 0.50390625 0.6359375 0.025 0.0359375
0 0.8578125 0.7203125 0.03125 0.040625
0 0.64453125 0.67734375 0.0234375 0.0265625
0 0.2703125 0.60078125 0.0296875 0.0359375
0 0.9328125 0.74375 0.03125 0.040625
0 0.39453125 0.63828125 0.0296875 0.0359375
0 0.5171875 0.6640625 0.03125 0.040625
0 0.640625 0.6953125 0.0328125 0.0328125
0 0.759375 0.72734375 0.03125 0.040625
0 0.84296875 0.74765625 0.0359375 0.046875
0 0.746875 0.72734375 0.025 0.0359375
0 0.22734375 0.62421875 0.028125 0.028125
0 0.4828125 0.68125 0.0359375 0.046875
0 0.915625 0.7828125 0.0421875 0.05625
0 0.62734375 0.7234375 0.034375 0.0421875
0 0.3734375 0.671875 0.0359375 0.046875
0 0.21640625 0.64375 0.028125 0.0328125
0 0.93984375 0.8015625 0.015625 0.0546875
0 0.81171875 0.790625 0.034375 0.0375
0 0.21015625 0.67265625 0.0359375 0.046875
0 0.6703125 0.77734375 0.0359375 0.046875
0 0.51796875 0.75 0.0375 0.05625
0 0.8046875 0.81328125 0.03125 0.0453125
0 0.1640625 0.71328125 0.0421875 0.0609375
0 0.4703125 0.815625 0.046875 0.0625
0 0.3078125 0.2359375 0.0140625 0.025
0 0.43359375 0.2796875 0.0171875 0.021875
0 0.446875 0.28515625 0.0125 0.0203125
0 0.4109375 0.28203125 0.01875 0.0265625