0 0.5296875 0.0125 0.021875 0.025
0 0.98984375 0.15234375 0.0203125 0.0390625
0 0.47421875 0.09921875 0.0265625 0.034375
0 0.7046875 0.12578125 0.0265625 0.034375
0 0.78359375 0.14609375 0.028125 0.04375
0 0.88515625 0.0515625 0.0265625 0.0296875
0 0.51328125 0.1265625 0.0234375 0.04375
0 0.67734375 0.14375 0.0265625 0.034375
0 0.54140625 0.13203125 0.03125 0.03125
0 0.628125 0.14609375 0.0359375 0.040625
0 0.92265625 0.17890625 0.028125 0.04375
0 0.98671875 0.1859375 0.021875 0.0390625
0 0.7609375 0.0390625 0.021875 0.0296875
0 0.43671875 0.128125 0.021875 0.034375
0 0.240625 0.11015625 0.028125 0.04375
0 0.48203125 0.13984375 0.021875 0.025
0 0.2125 0.1140625 0.028125 0.04375
0 0.73203125 0.03828125 0.0265625 0.034375
0 0.86640625 0.1828125 0.03125 0.0390625
0 0.1203125 0.10859375 0.03125 0.0390625
0 0.26953125 0.12421875 0.028125 0.04375
0 0.409375 0.1453125 0.021875 0.034375
0 0.975 0.21015625 0.021875 0.034375
0 0.76015625 0.1921875 0.0359375 0.040625
0 0.47890625 0.0140625 0.0265625 0.028125
0 0.5421875 0.16875 0.03125 0.034375
0 0.1453125 0.1296875 0.021875 0.034375
0 0.80859375 0.2015625 0.0265625 0.034375
0 0.4578125 0.16953125 0.0265625 0.034375
0 0.478125 0.17421875 0.021875 0.034375
0 0.60078125 0.18671875 0.0265625 0.0390625
0 0.31015625 0.15859375 0.021875 0.034375
0 0.66640625 0.1984375 0.03125 0.0390625
0 0.36015625 0.16875 0.0328125 0.04375
0 0.51796875 0.1921875 0.03125 0.0390625
0 0.1109375 0.1515625 0.03125 0.0390625
0 0.54765625 0.2 0.03125 0.034375
0 0.06640625 0.1515625 0.0328125 0.04375
0 0.1828125 0.17578125 0.0265625 0.0390625
0 0.38203125 0.19921875 0.0328125 0.04375
0 0.696875 0.2390625 0.0421875 0.059375
0 0.58203125 0.22890625 0.0328125 0.0484375
0 0.0546875 0.17578125 0.028125 0.0484375
0 0.3375 0.20546875 0.028125 0.04375
0 0.63203125 0.24140625 0.0328125 0.053125
0 0.3203125 0.21328125 0.028125 0.04375
0 0.77578125 0.265625 0.021875 0.034375
0 0.93828125 0.2875 0.0265625 0.0390625
0 0.5171875 0.24375 0.0265625 0.0296875
0 0.91796875 0.28984375 0.0328125 0.0484375
0 0.4796875 0.2515625 0.021875 0.0296875
0 0.5203125 0.26015625 0.021875 0.0296875
0 0.23671875 0.2375 0.021875 0.034375
0 0.4453125 0.26171875 0.0265625 0.0296875
0 0.20625 0.24140625 0.0265625 0.034375
0 0.5546875 0.2828125 0.03125 0.0390625
0 0.26953125 0.2546875 0.0265625 0.0390625
0 0.38203125 0.26875 0.0359375 0.04375
0 0.87265625 0.3203125 0.0265625 0.0390625
0 0.50625 0.28125 0.0265625 0.034375
0 0.93203125 0.33125 0.0328125 0.0484375
0 0.66484375 0.3078125 0.03125 0.0390625
0 0.7015625 0.04921875 0.0265625 0.034375
0 0.21640625 0.00546875 0.0171875 0.0109375
0 0.7421875 0.3203125 0.0265625 0.0390625
0 0.040625 0.246875 0.028125 0.0484375
0 0.13203125 0.25859375 0.028125 0.0484375
0 0.78125 0.3265625 0.0296875 0.0265625
0 0.51796875 0.30859375 0.028125 0.0484375
0 0.17421875 0.2796875 0.0359375 0.040625
0 0.4609375 0.3171875 0.03125 0.034375
0 0.3078125 0.31015625 0.0265625 0.0296875
0 0.1078125 0.2890625 0.0375 0.053125
0 0.17890625 0.29921875 0.0359375 0.040625
0 0.77265625 0.36640625 0.03125 0.0390625
0 0.571875 0.34765625 0.03125 0.034375
0 0.67109375 0.36015625 0.0328125 0.04375
0 0.49765625 0.34609375 0.0328125 0.04375
0 0.875 0.38515625 0.0328125 0.04375
0 0.2046875 0.3171875 0.0265625 0.034375
0 0.25 0.33125 0.0359375 0.0484375
0 0.746875 0.38828125 0.0328125 0.053125
0 0.421875 0.35703125 0.0265625 0.034375
0 0.91484375 0.41328125 0.0328125 0.0484375
0 0.44921875 0.3640625 0.0265625 0.0390625
0 0.16875 0.334375 0.0328125 0.04375
0 0.078125 0.32734375 0.0359375 0.04375
0 0.303125 0.35390625 0.0265625 0.034375
0 0.21640625 0.346875 0.0265625 0.0390625
0 0.6625 0.39609375 0.03125 0.0390625
0 0.79921875 0.4171875 0.0328125 0.0484375
0 0.61484375 0.3984375 0.0328125 0.04375
0 0.56875 0.39609375 0.0359375 0.04375
0 0.35234375 0.38203125 0.0265625 0.0390625
0 0.715625 0.42265625 0.040625 0.0453125
0 0.76328125 0.43046875 0.0328125 0.0484375
0 0.4796875 0.40078125 0.028125 0.04375
0 0.6640625 0.4234375 0.03125 0.034375
0 0.825 0.4453125 0.0265625 0.0296875
0 0.05078125 0.36640625 0.0359375 0.0484375
0 0.90390625 0.465625 0.03125 0.0390625
0 0.58828125 0.434375 0.0328125 0.0484375
0 0.27109375 0.4015625 0.0328125 0.053125
0 0.1578125 0.39375 0.0328125 0.0484375
0 0.34140625 0.41796875 0.0265625 0.0390625
0 0.62109375 0.4546875 0.0359375 0.0484375
0 0.67109375 0.4625 0.0453125 0.05
0 0.94296875 0.49296875 0.040625 0.05
0 0.73125 0.47109375 0.0296875 0.0265625
0 0.196875 0.4171875 0.0359375 0.04375
0 0.82578125 0.4828125 0.028125 0.04375
0 0.990625 0.50546875 0.01875 0.0484375
0 0.7640625 0.48828125 0.0359375 0.04375
0 0.02578125 0.4109375 0.0328125 0.04375
0 0.43203125 0.4625 0.03125 0.0390625
0 0.6015625 0.484375 0.03125 0.03125
0 0.0765625 0.4296875 0.0328125 0.04375
0 0.10859375 0.43515625 0.03125 0.034375
0 0.2171875 0.44921875 0.0328125 0.04375
0 0.26484375 0.45390625 0.040625 0.05
0 0.3640625 0.46484375 0.0375 0.053125
0 0.56171875 0.48515625 0.0390625 0.03125
0 0.7296875 0.503125 0.03125 0.0390625
0 0.153125 0.01328125 0.03125 0.0265625
0 0.66484375 0.4984375 0.03125 0.03125
0 0.8265625 0.51796875 0.0203125 0.015625
0 0.70625 0.51015625 0.0359375 0.04375
0 0.8453125 0.53359375 0.03125 0.0390625
0 0.328125 0.4796875 0.0359375 0.0484375
0 0.29921875 0.48359375 0.028125 0.04375
0 0.190625 0.47421875 0.0359375 0.04375
0 0.78671875 0.5375 0.03125 0.034375
0 0.61640625 0.52421875 0.0375 0.053125
0 0.240625 0.02109375 0.021875 0.025
0 0.7078125 0.0703125 0.03125 0.0390625
0 0.24296875 0.4890625 0.0328125 0.04375
0 0.09921875 0.4765625 0.0328125 0.0484375
0 0.0671875 0.47578125 0.0328125 0.04375
0 0.6953125 0.54609375 0.028125 0.04375
0 0.4875 0.52734375 0.0375 0.053125
0 0.7453125 0.55390625 0.0328125 0.0484375
0 0.0078125 0.47890625 0.015625 0.0515625
0 0.82578125 0.56640625 0.0328125 0.04375
0 0.5703125 0.53984375 0.0421875 0.0546875
0 0.66875 0.5546875 0.0421875 0.0640625
0 0.33046875 0.52109375 0.0359375 0.0484375
0 0.4125 0.5328125 0.028125 0.04375
0 0.86875 0.5828125 0.028125 0.053125
0 0.76640625 0.57890625 0.0421875 0.059375
0 0.3484375 0.03671875 0.0265625 0.0296875
0 0.0453125 0.50546875 0.0359375 0.04375
0 0.221875 0.5265625 0.0359375 0.04375
0 0.2546875 0.53203125 0.0359375 0.0484375
0 0.1625 0.52265625 0.03125 0.0390625
0 0.4296875 0.55078125 0.034375 0.03125
0 0.9375 0.61328125 0.0484375 0.06875
0 0.12421875 0.53046875 0.0375 0.053125
0 0.3296875 0.5734375 0.0328125 0.0484375
0 0.959375 0.64140625 0.04375 0.06875
0 0.4421875 0.5875 0.0453125 0.05
0 0.84921875 0.63046875 0.0375 0.053125
0 0.375 0.58046875 0.0421875 0.0546875
0 0.71484375 0.62265625 0.034375 0.0625
0 0.878125 0.64453125 0.0375 0.0578125
0 0.41484375 0.0484375 0.021875 0.0390625
0 0.79921875 0.640625 0.0375 0.0578125
0 0.3921875 0.6 0.0265625 0.034375
0 0.15859375 0.578125 0.0484375 0.06875
0 0.09609375 0.57421875 0.0359375 0.0484375
0 0.3125 0.6015625 0.03125 0.0390625
0 0.02421875 0.5734375 0.0296875 0.021875
0 0.65234375 0.64140625 0.0421875 0.059375
0 0.746875 0.65390625 0.0421875 0.0640625
0 0.05546875 0.5859375 0.034375 0.0578125
0 0.08203125 0.59609375 0.0375 0.0578125
0 0.42265625 0.63671875 0.0515625 0.0640625
0 0.00390625 0.59375 0.0078125 0.04375
0 0.5546875 0.6640625 0.046875 0.0546875
0 0.128125 0.6328125 0.0359375 0.0484375
0 0.3 0.65078125 0.0484375 0.0734375
0 0.50078125 0.671875 0.0328125 0.04375
0 0.02109375 0.62421875 0.0421875 0.0546875
0 0.20546875 0.64375 0.0375 0.053125
0 0.584375 0.0734375 0.021875 0.034375
0 0.784375 0.096875 0.021875 0.0390625
0 0.55 0.71484375 0.040625 0.0359375
0 0.153125 0.6734375 0.046875 0.0546875
0 0.52578125 0.71484375 0.0328125 0.04375
0 0.50390625 0.7125 0.040625 0.0453125
0 0.84609375 0.10625 0.0359375 0.040625
0 0.440625 0.7109375 0.0359375 0.040625
0 0.32421875 0.7046875 0.040625 0.05
0 0.1953125 0.703125 0.0328125 0.04375
0 0.93515625 0.78984375 0.0421875 0.059375
0 0.48359375 0.74296875 0.046875 0.0640625
0 0.2421875 0.71953125 0.053125 0.0734375
0 0.846875 0.78515625 0.040625 0.0453125
0 0.3015625 0.75390625 0.0421875 0.0546875
0 0.08671875 0.73359375 0.0375 0.053125
0 0.134375 0.7453125 0.040625 0.040625
0 0.5484375 0.79140625 0.0421875 0.0640625
0 0.884375 0.82890625 0.04375 0.078125
0 0.4390625 0.78671875 0.034375 0.0671875
0 0.82578125 0.82734375 0.075 0.0671875
0 0.85390625 0.83515625 0.0375 0.0578125
0 0.51484375 0.8015625 0.0578125 0.0703125
0 0.39921875 0.7921875 0.053125 0.06875
0 0.2609375 0.78203125 0.0421875 0.0640625
0 0.640625 0.82421875 0.059375 0.084375
0 0.22109375 0.78515625 0.046875 0.0546875
0 0.01953125 0.7703125 0.0390625 0.040625
0 0.69453125 0.84140625 0.0515625 0.059375
0 0.915625 0.8671875 0.0484375 0.06875
0 0.1046875 0.78671875 0.0390625 0.0671875
0 0.18203125 0.04765625 0.021875 0.034375
0 0.79453125 0.8640625 0.0875 0.0953125
0 0.246875 0.0546875 0.03125 0.034375
0 0.3828125 0.06875 0.0265625 0.0390625
0 0.56953125 0.85234375 0.05 0.0875
0 0.30078125 0.828125 0.0453125 0.0453125
0 0.18671875 0.81796875 0.053125 0.078125
0 0.1203125 0.81328125 0.04375 0.0734375
0 0.60078125 0.87109375 0.05 0.0921875
0 0.678125 0.89140625 0.0515625 0.059375
0 0.028125 0.82109375 0.05625 0.0671875
0 0.94453125 0.92109375 0.034375 0.0578125
0 0.34609375 0.85859375 0.053125 0.078125
0 0.4609375 0.8703125 0.0671875 0.0796875
0 0.82890625 0.9140625 0.0703125 0.0625
0 0.2328125 0.8515625 0.0515625 0.0640625
0 0.1421875 0.84453125 0.0578125 0.075
0 0.28515625 0.86171875 0.0546875 0.0515625
0 0.53359375 0.8921875 0.05625 0.0609375
0 0.7671875 0.921875 0.05 0.05
0 0.896875 0.93515625 0.04375 0.0359375
0 0.11171875 0.0515625 0.03125 0.034375
0 0.93125 0.1421875 0.03125 0.0390625
0 0.30234375 0.07890625 0.0265625 0.0296875