0 0.38984375 0.165625 0.028125 0.03125
0 0.8453125 0.2484375 0.0296875 0.0453125
0 0.965625 0.26953125 0.03125 0.05
0 0.30859375 0.1609375 0.034375 0.040625
0 0.40625 0.178125 0.01875 0.0296875
0 0.12109375 0.128125 0.0234375 0.03125
0 0.88046875 0.26171875 0.0296875 0.040625
0 0.9875 0.28046875 0.025 0.0359375
0 0.78203125 0.246875 0.025 0.0390625
0 0.503125 0.20234375 0.01875 0.034375
0 0.8109375 0.25625 0.0234375 0.034375
0 0.7921875 0.25546875 0.025 0.0390625
0 0.5390625 0.2109375 0.0171875 0.0203125
0 0.0625 0.12734375 0.0140625 0.0296875
0 0.33203125 0.1765625 0.028125 0.0359375
0 0.52265625 0.21015625 0.0234375 0.034375
0 0.25625 0.165625 0.028125 0.03125
0 0.40859375 0.19296875 0.025 0.0390625
0 0.903125 0.2796875 0.025 0.0390625
0 0.43046875 0.2015625 0.0296875 0.040625
0 0.99609375 0.30234375 0.0078125 0.0453125
0 0.71015625 0.25078125 0.028125 0.0359375
0 0.915625 0.290625 0.025 0.04375
0 0.9359375 0.29453125 0.0140625 0.0296875
0 0.92421875 0.090625 0.0234375 0.034375
0 0.54453125 0.2328125 0.028125 0.0359375
0 0.26953125 0.184375 0.028125 0.0359375
0 0.6203125 0.24609375 0.028125 0.0359375
0 0.72890625 0.2671875 0.0234375 0.03125
0 0.1515625 0.16796875 0.025 0.0390625
0 0.6484375 0.25546875 0.0234375 0.034375
0 0.35 0.20546875 0.0296875 0.040625
0 0.8390625 0.29375 0.034375 0.040625
0 0.77578125 0.2828125 0.0265625 0.0265625
0 0.58828125 0.25234375 0.021875 0.021875
0 0.4625 0.23203125 0.0296875 0.040625
0 0.56796875 0.25078125 0.01875 0.0296875
0 0.94765625 0.31796875 0.0296875 0.0453125
0 0.36171875 0.00390625 0.0140625 0.0078125
0 0.584375 0.03359375 0.028125 0.03125
0 0.771875 0.06640625 0.0296875 0.040625
0 0.25234375 0.19765625 0.034375 0.040625
0 0.30234375 0.20859375 0.0265625 0.0265625
0 0.37109375 0.22109375 0.0234375 0.034375
0 0.6625 0.27265625 0.0296875 0.0453125
0 0.28515625 0.2109375 0.01875 0.034375
0 0.4859375 0.24609375 0.0296875 0.040625
0 0.1625 0.1890625 0.0234375 0.034375
0 0.871875 0.3140625 0.0328125 0.0359375
0 0.18515625 0.1953125 0.0234375 0.034375
0 0.85390625 0.31796875 0.0296875 0.040625
0 0.678125 0.28984375 0.01875 0.0296875
0 0.52109375 0.021875 0.025 0.0390625
0 0.58125 0.27734375 0.028125 0.03125
0 0.765625 0.309375 0.0234375 0.034375
0 0.96875 0.3453125 0.0234375 0.034375
0 0.20078125 0.2125 0.0265625 0.0265625
0 0.990625 0.35234375 0.01875 0.0390625
0 0.46640625 0.26171875 0.025 0.04375
0 0.30234375 0.23515625 0.0296875 0.040625
0 0.390625 0.253125 0.0171875 0.025
0 0.52265625 0.2765625 0.0234375 0.034375
0 0.6953125 0.309375 0.028125 0.0359375
0 0.375 0.25234375 0.0171875 0.025
0 0.68203125 0.309375 0.0140625 0.025
0 0.321875 0.246875 0.0296875 0.040625
0 0.11875 0.21171875 0.0203125 0.0390625
0 0.79765625 0.33125 0.0296875 0.040625
0 0.13203125 0.2140625 0.0265625 0.0265625
0 0.10390625 0.21328125 0.0234375 0.034375
0 0.4984375 0.2828125 0.025 0.0390625
0 0.40234375 0.26875 0.0234375 0.034375
0 0.42265625 0.27421875 0.028125 0.0359375
0 0.3421875 0.26015625 0.028125 0.03125
0 0.94375 0.36640625 0.0296875 0.0453125
0 0.81640625 0.34375 0.01875 0.034375
0 0.20234375 0.240625 0.0265625 0.0265625
0 0.93046875 0.36875 0.0203125 0.0390625
0 0.4375 0.28203125 0.0265625 0.021875
0 0.61796875 0.3140625 0.0265625 0.0484375
0 0.63984375 0.31796875 0.03125 0.05
0 0.59453125 0.31171875 0.028125 0.0359375
0 0.53046875 0.30078125 0.0296875 0.040625
0 0.21796875 0.24765625 0.025 0.0390625
0 0.728125 0.33828125 0.025 0.04375
0 0.07265625 0.2296875 0.0265625 0.021875
0 0.14296875 0.2421875 0.021875 0.0265625
0 0.83125 0.36796875 0.025 0.04375
0 0.96796875 0.39453125 0.03125 0.05
0 0.43203125 0.3 0.01875 0.034375
0 0.54765625 0.32265625 0.0296875 0.0453125
0 0.87578125 0.38046875 0.034375 0.040625
0 0.74140625 0.35703125 0.034375 0.040625
0 0.85546875 0.37734375 0.025 0.0390625
0 0.17109375 0.25859375 0.0234375 0.03125
0 0.0484375 0.23671875 0.025 0.0390625
0 0.0890625 0.24453125 0.028125 0.03125
0 0.24375 0.27421875 0.0328125 0.0359375
0 0.6578125 0.3515625 0.0359375 0.0546875
0 0.3359375 0.29765625 0.0265625 0.0265625
0 0.1859375 0.27109375 0.0265625 0.0265625
0 0.2671875 0.2875 0.021875 0.021875
0 0.15078125 0.2671875 0.01875 0.034375
0 0.69296875 0.36484375 0.0265625 0.0484375
0 0.36015625 0.30859375 0.0234375 0.034375
0 0.58046875 0.34765625 0.028125 0.03125
0 0.6765625 0.3671875 0.0203125 0.0390625
0 0.36875 0.3125 0.028125 0.0359375
0 0.4453125 0.32890625 0.034375 0.0453125
0 0.0875 0.265625 0.01875 0.0296875
0 0.465625 0.334375 0.0296875 0.040625
0 0.7671875 0.39609375 0.025 0.04375
0 0.78359375 0.39921875 0.0234375 0.03125
0 0.59609375 0.36875 0.028125 0.03125
0 0.396875 0.3359375 0.0234375 0.03125
0 0.16015625 0.29375 0.0234375 0.03125
0 0.56328125 0.36484375 0.021875 0.0265625
0 0.25078125 0.31015625 0.021875 0.0265625
0 0.1828125 0.30078125 0.025 0.0390625
0 0.6953125 0.39296875 0.025 0.0390625
0 0.86328125 0.42265625 0.0359375 0.05
0 0.8 0.41171875 0.034375 0.040625
0 0.27265625 0.32109375 0.0234375 0.03125
0 0.48046875 0.3578125 0.01875 0.034375
0 0.1015625 0.2953125 0.028125 0.0359375
0 0.4015625 0.35078125 0.0296875 0.040625
0 0.5296875 0.3734375 0.03125 0.028125
0 0.12265625 0.30390625 0.028125 0.03125
0 0.4125 0.35546875 0.01875 0.034375
0 0.2890625 0.3359375 0.021875 0.0265625
0 0.70859375 0.41015625 0.034375 0.040625
0 0.72890625 0.415625 0.0296875 0.040625
0 0.49296875 0.3765625 0.028125 0.0359375
0 0.08046875 0.30625 0.028125 0.03125
0 0.94921875 0.459375 0.0359375 0.05
0 0.5984375 0.39765625 0.034375 0.040625
0 0.22421875 0.33359375 0.025 0.04375
0 0.42265625 0.36875 0.0234375 0.034375
0 0.640625 0.409375 0.0234375 0.03125
0 0.040625 0.30859375 0.0234375 0.034375
0 0.6234375 0.41171875 0.025 0.0390625
0 0.30546875 0.36015625 0.028125 0.0359375
0 0.4390625 0.390625 0.025 0.0390625
0 0.14296875 0.33828125 0.028125 0.0359375
0 0.22734375 0.35625 0.015625 0.0375
0 0.5140625 0.40625 0.0328125 0.0328125
0 0.6484375 0.43046875 0.0328125 0.0359375
0 0.534375 0.41171875 0.0265625 0.0484375
0 0.11796875 0.34296875 0.034375 0.040625
0 0.2375 0.3640625 0.0203125 0.04375
0 0.33046875 0.38046875 0.028125 0.03125
0 0.55859375 0.04453125 0.0140625 0.0328125
0 0.44609375 0.403125 0.0296875 0.040625
0 0.8703125 0.478125 0.0359375 0.05
0 0.05234375 0.33359375 0.0328125 0.0359375
0 0.3359375 0.390625 0.028125 0.0359375
0 0.55 0.42890625 0.0296875 0.0453125
0 0.45625 0.41484375 0.021875 0.0265625
0 0.253125 0.38125 0.0203125 0.04375
0 0.14765625 0.36484375 0.0265625 0.0265625
0 0.18359375 0.37109375 0.0203125 0.0171875
0 0.5625 0.43828125 0.0359375 0.05
0 0.3703125 0.40625 0.0296875 0.040625
0 0.30078125 0.00859375 0.0234375 0.0171875
0 0.8921875 0.50078125 0.0375 0.059375
0 0.9953125 0.521875 0.009375 0.0375
0 0.38515625 0.41875 0.0265625 0.0265625
0 0.46953125 0.43359375 0.021875 0.0484375
0 0.91015625 0.51640625 0.0359375 0.05
0 0.95859375 0.52421875 0.034375 0.040625
0 0.8125 0.4984375 0.034375 0.0453125
0 0.06875 0.3703125 0.0296875 0.040625
0 0.26484375 0.40703125 0.03125 0.0546875
0 0.2703125 0.00625 0.01875 0.0125
0 0.165625 0.396875 0.0296875 0.040625
0 0.4796875 0.45234375 0.0359375 0.05
0 0.3859375 0.4421875 0.0234375 0.03125
0 0.08671875 0.3921875 0.034375 0.040625
0 0.28046875 0.4265625 0.0265625 0.0484375
0 0.4078125 0.02265625 0.025 0.0390625
0 0.18828125 0.4140625 0.034375 0.0453125
0 0.83125 0.5296875 0.0296875 0.0453125
0 0.8625 0.53515625 0.0265625 0.0265625
0 0.39296875 0.4546875 0.025 0.0390625
0 0.62265625 0.49765625 0.034375 0.0453125
0 0.73125 0.51953125 0.034375 0.040625
0 0.32265625 0.45234375 0.025 0.04375
0 0.93828125 0.5609375 0.034375 0.0453125
0 0.296875 0.45 0.0296875 0.040625
0 0.09453125 0.4140625 0.0296875 0.040625
0 0.11953125 0.41875 0.028125 0.03125
0 0.65625 0.06875 0.0234375 0.03125
0 0.71015625 0.525 0.0296875 0.040625
0 0.646875 0.52109375 0.025 0.04375
0 0.6640625 0.5265625 0.0296875 0.040625
0 0.340625 0.471875 0.03125 0.05
0 0.8578125 0.56328125 0.0296875 0.040625
0 0.1984375 0.44921875 0.025 0.04375
0 0.5453125 0.51015625 0.0375 0.0421875
0 0.8921875 0.571875 0.025 0.0171875
0 0.2171875 0.4546875 0.025 0.04375
0 0.8671875 0.10859375 0.0296875 0.040625
0 0.04921875 0.42734375 0.0328125 0.0328125
0 0.13125 0.446875 0.0296875 0.040625
0 0.2359375 0.465625 0.0234375 0.034375
0 0.56171875 0.525 0.0234375 0.03125
0 0.01640625 0.43125 0.0296875 0.0453125
0 0.8875 0.596875 0.0296875 0.040625
0 0.0390625 0.446875 0.0296875 0.01875
0 0.4609375 0.521875 0.0296875 0.040625
0 0.70234375 0.56640625 0.028125 0.03125
0 0.15078125 0.46953125 0.0296875 0.040625
0 0.66015625 0.56328125 0.034375 0.040625
0 0.24765625 0.49296875 0.0296875 0.0453125
0 0.55859375 0.5546875 0.034375 0.040625
0 0.48984375 0.5453125 0.028125 0.0359375
0 0.0609375 0.46953125 0.0390625 0.046875
0 0.9359375 0.62578125 0.040625 0.0609375
0 0.71640625 0.58984375 0.021875 0.021875
0 0.03671875 0.47421875 0.0328125 0.0359375
0 0.4046875 0.546875 0.028125 0.03125
0 0.2828125 0.01171875 0.021875 0.0234375
0 0.56953125 0.06328125 0.01875 0.034375
0 0.3859375 0.5484375 0.01875 0.034375
0 0.4953125 0.5671875 0.0234375 0.034375
0 0.8875 0.6390625 0.034375 0.0453125
0 0.58046875 0.5875 0.028125 0.03125
0 0.728125 0.61796875 0.0265625 0.021875
0 0.2875 0.5453125 0.0390625 0.046875
0 0.84140625 0.11328125 0.0140625 0.0296875
0 0.7 0.6203125 0.0328125 0.0359375
0 0.50703125 0.59296875 0.034375 0.040625
0 0.51796875 0.5953125 0.0234375 0.03125
0 0.0671875 0.515625 0.0390625 0.046875
0 0.61796875 0.6171875 0.0328125 0.0328125
0 0.5875 0.6140625 0.028125 0.0359375
0 0.3140625 0.56796875 0.034375 0.040625
0 0.85 0.11484375 0.0234375 0.034375
0 0.99453125 0.14140625 0.0109375 0.0390625
0 0.36171875 0.57890625 0.0375 0.0421875
0 0.896875 0.67578125 0.034375 0.0453125
0 0.3921875 0.5890625 0.034375 0.0453125
0 0.73203125 0.65078125 0.0328125 0.0359375
0 0.9234375 0.68515625 0.034375 0.040625
0 0.52578125 0.6171875 0.0234375 0.03125
0 0.61875 0.64296875 0.028125 0.03125
0 0.53984375 0.63359375 0.0296875 0.040625
0 0.6375 0.6515625 0.028125 0.03125
0 0.4140625 0.6140625 0.0265625 0.0265625
0 0.8015625 0.6828125 0.0390625 0.046875
0 0.3109375 0.5984375 0.0296875 0.040625
0 0.2328125 0.5890625 0.0265625 0.021875
0 0.12578125 0.57265625 0.034375 0.040625
0 0.49296875 0.05703125 0.01875 0.0296875
0 0.6671875 0.67109375 0.028125 0.03125
0 0.3265625 0.615625 0.040625 0.034375
0 0.56171875 0.65703125 0.0296875 0.0453125
0 0.8984375 0.71875 0.034375 0.0453125
0 0.478125 0.64921875 0.034375 0.040625
0 0.58046875 0.6671875 0.034375 0.0453125
0 0.753125 0.7 0.0328125 0.0359375
0 0.57734375 0.07421875 0.0171875 0.025
0 0.4109375 0.64375 0.0375 0.0421875
0 0.1546875 0.60546875 0.034375 0.0453125
0 0.70390625 0.70234375 0.034375 0.040625
0 0.84296875 0.7296875 0.0296875 0.0453125
0 0.5984375 0.68671875 0.0234375 0.03125
0 0.80390625 0.725 0.034375 0.040625
0 0.2078125 0.621875 0.025 0.04375
0 0.6796875 0.7078125 0.034375 0.0453125
0 0.05546875 0.59765625 0.034375 0.0453125
0 0.59375 0.07734375 0.025 0.0390625
0 0.50390625 0.06328125 0.01875 0.034375
0 0.490625 0.6765625 0.034375 0.040625
0 0.61796875 0.69921875 0.0328125 0.0359375
0 0.3734375 0.65859375 0.0296875 0.0453125
0 0.32734375 0.65078125 0.0296875 0.0453125
0 0.22421875 0.63671875 0.0328125 0.0359375
0 0.13515625 0.62109375 0.0234375 0.034375
0 0.86875 0.753125 0.0453125 0.05625
0 0.259375 0.64765625 0.034375 0.0453125
0 0.503125 0.6953125 0.0328125 0.0328125
0 0.3328125 0.03359375 0.0296875 0.040625
0 0.3625 0.03828125 0.0234375 0.03125
0 0.3921875 0.04375 0.0234375 0.034375
0 0.8875 0.13125 0.028125 0.0359375
0 0.7421875 0.740625 0.0234375 0.03125
0 0.3828125 0.684375 0.03125 0.05
0 0.63203125 0.7375 0.034375 0.040625
0 0.203125 0.6640625 0.03125 0.0234375
0 0.28984375 0.6796875 0.0390625 0.046875
0 0.65703125 0.09296875 0.028125 0.03125
0 0.50078125 0.72109375 0.03125 0.028125
0 0.3984375 0.703125 0.0375 0.059375
0 0.76953125 0.7703125 0.028125 0.0359375
0 0.1515625 0.6640625 0.034375 0.0453125
0 0.80078125 0.790625 0.01875 0.0296875
0 0.41328125 0.7265625 0.03125 0.05
0 0.4421875 0.73203125 0.0328125 0.0328125
0 0.19375 0.68828125 0.03125 0.028125
0 0.66796875 0.77421875 0.0375 0.059375
0 0.51015625 0.7484375 0.04375 0.0515625
0 0.08125 0.67265625 0.0390625 0.0515625
0 0.32265625 0.7203125 0.0359375 0.05
0 0.103125 0.68359375 0.0328125 0.0359375
0 0.571875 0.01171875 0.0203125 0.0171875
0 0.80625 0.12421875 0.025 0.04375
0 0.29453125 0.7203125 0.034375 0.040625
0 0.77734375 0.8078125 0.0359375 0.05
0 0.546875 0.76953125 0.034375 0.0453125
0 0.434375 0.74921875 0.028125 0.0359375
0 0.81953125 0.81953125 0.0375 0.0640625
0 0.22421875 0.71953125 0.034375 0.0453125
0 0.1984375 0.71484375 0.034375 0.0453125
0 0.5140625 0.07265625 0.0234375 0.034375
0 0.71953125 0.1109375 0.03125 0.05
0 0.68515625 0.8078125 0.0375 0.059375
0 0.1109375 0.709375 0.0328125 0.0359375
0 0.009375 0.6984375 0.01875 0.040625
0 0.56484375 0.79765625 0.0375 0.059375
0 0.83046875 0.85390625 0.0328125 0.059375
0 0.11328125 0.73046875 0.034375 0.0453125
0 0.4390625 0.78984375 0.0296875 0.040625
0 0.58515625 0.81796875 0.0359375 0.05
0 0.33828125 0.7765625 0.04375 0.046875
0 0.2328125 0.75859375 0.0359375 0.0328125
0 0.7359375 0.8515625 0.0359375 0.05
0 0.465625 0.80390625 0.0359375 0.05
0 0.859375 0.8734375 0.0359375 0.0546875
0 0.2078125 0.0234375 0.025 0.0171875
0 0.41953125 0.0609375 0.0296875 0.0453125
0 0.69921875 0.85234375 0.0375 0.059375
0 0.22421875 0.7734375 0.0296875 0.040625
0 0.0296875 0.74140625 0.034375 0.040625
0 0.35234375 0.803125 0.0328125 0.059375
0 0.7609375 0.875 0.0453125 0.05625
0 0.52890625 0.08203125 0.025 0.0390625
0 0.8140625 0.1328125 0.03125 0.05
0 0.36796875 0.80859375 0.0296875 0.0453125
0 0.6 0.8515625 0.0359375 0.05
0 0.625 0.85859375 0.0359375 0.05
0 0.00859375 0.746875 0.0171875 0.046875
0 0.10390625 0.77109375 0.0375 0.0421875
0 0.8765625 0.91015625 0.0546875 0.084375
0 0.15078125 0.78671875 0.028125 0.03125
0 0.390625 0.82890625 0.0296875 0.0453125
0 0.2625 0.03515625 0.01875 0.034375
0 0.29765625 0.04375 0.0203125 0.0171875
0 0.53125 0.8578125 0.040625 0.05625
0 0.89921875 0.9296875 0.0375 0.0640625
0 0.64375 0.88671875 0.034375 0.0453125
0 0.246875 0.8171875 0.0296875 0.0453125
0 0.134375 0.80234375 0.0203125 0.04375
0 0.1609375 0.80703125 0.0375 0.0375
0 0.30625 0.8375 0.0359375 0.0328125
0 0.26328125 0.83203125 0.0390625 0.046875
0 0.0484375 0.79375 0.0359375 0.05
0 0.91640625 0.9515625 0.028125 0.0796875
0 0.075 0.80546875 0.034375 0.0453125
0 0.39296875 0.86640625 0.0296875 0.040625
0 0.58515625 0.91015625 0.0328125 0.0359375
0 0.31875 0.86328125 0.0390625 0.046875
0 0.40625 0.88359375 0.034375 0.0453125
0 0.1625 0.85234375 0.04375 0.046875
0 0.42421875 0.9046875 0.034375 0.0453125
0 0.0734375 0.84296875 0.025 0.04375
0 0.69296875 0.9546875 0.0375 0.0640625
0 0.734375 0.128125 0.0234375 0.03125
0 0.99453125 0.175 0.0109375 0.03125
0 0.4515625 0.92109375 0.0359375 0.05
0 0.715625 0.9703125 0.0375 0.059375
0 0.57421875 0.9453125 0.0359375 0.05
0 0.08125 0.86328125 0.0359375 0.05
0 0.8578125 0.9859375 0.0375 0.028125
0 0.296875 0.90625 0.034375 0.0453125
0 0.1140625 0.8765625 0.0375 0.0421875
0 0.27421875 0.0484375 0.0234375 0.03125
0 0.3625 0.0640625 0.0234375 0.03125
0 0.35 0.92265625 0.04375 0.0515625
0 0.7359375 0.984375 0.040625 0.03125
0 0.45625 0.08046875 0.01875 0.034375
0 0.11171875 0.021875 0.0140625 0.0296875
0 0.590625 0.978125 0.03125 0.04375
0 0.6140625 0.98515625 0.040625 0.0296875
0 0.496875 0.971875 0.0359375 0.0546875
0 0.44140625 0.96875 0.0390625 0.0515625
0 0.1078125 0.9125 0.0328125 0.0359375
0 0.29765625 0.05703125 0.01875 0.0296875
0 0.35078125 0.9578125 0.034375 0.040625
0 0.24140625 0.940625 0.0296875 0.040625
0 0.6203125 0.99296875 0.0375 0.0140625
0 0.25234375 0.94765625 0.028125 0.0359375
0 0.1359375 0.92890625 0.0359375 0.0328125
0 0.4671875 0.0875 0.03125 0.05
0 0.12890625 0.0296875 0.021875 0.0265625
0 0.21328125 0.046875 0.0234375 0.034375
0 0.375 0.07578125 0.025 0.0390625
0 0.95625 0.18046875 0.034375 0.040625
0 0.22890625 0.0546875 0.0265625 0.021875
0 0.396875 0.084375 0.0234375 0.03125
0 0.928125 0.178125 0.034375 0.040625
0 0.67421875 0.1359375 0.01875 0.0296875
0 0.75 0.14921875 0.021875 0.0265625
0 0.76015625 0.05 0.021875 0.0265625
0 0.90859375 0.0765625 0.0265625 0.0265625
0 0.98671875 0.0921875 0.0265625 0.03125
0 0.1375 0.0484375 0.0234375 0.03125
0 0.9765625 0.19609375 0.01875 0.034375
0 0.30625 0.078125 0.01875 0.0296875
0 0.6796875 0.14609375 0.01875 0.034375
0 0.7796875 0.16875 0.01875 0.0296875
0 0.2234375 0.07265625 0.0234375 0.03125
0 0.31875 0.08984375 0.021875 0.0484375
0 0.17421875 0.06640625 0.0265625 0.0265625
0 0.69453125 0.15859375 0.025 0.04375
0 0.14765625 0.06171875 0.0140625 0.0296875
0 0.15859375 0.0640625 0.0234375 0.034375
0 0.98828125 0.21015625 0.0234375 0.034375
0 0.33125 0.096875 0.025 0.04375
0 0.528125 0.13125 0.028125 0.03125
0 0.88515625 0.19453125 0.025 0.04375
0 0.3984375 0.115625 0.01875 0.0296875
0 0.50546875 0.134375 0.034375 0.0453125
0 0.7859375 0.18359375 0.01875 0.0296875
0 0.99375 0.2234375 0.0125 0.040625
0 0.746875 0.1796875 0.0234375 0.03125
0 0.796875 0.190625 0.0296875 0.0453125
0 0.89765625 0.20859375 0.0203125 0.04375
0 0.07578125 0.065625 0.01875 0.0296875
0 0.24375 0.09765625 0.0234375 0.034375
0 0.91171875 0.215625 0.025 0.04375
0 0.50546875 0.01328125 0.0234375 0.0265625
0 0.7015625 0.18359375 0.0296875 0.0453125
0 0.8203125 0.20390625 0.0265625 0.053125
0 0.1796875 0.09140625 0.021875 0.0265625
0 0.090625 0.078125 0.0234375 0.03125
0 0.26015625 0.1140625 0.025 0.0390625
0 0.109375 0.0875 0.01875 0.0296875
0 0.52734375 0.1609375 0.01875 0.034375
0 0.721875 0.1984375 0.0296875 0.040625
0 0.6265625 0.18125 0.028125 0.0359375
0 0.54453125 0.16640625 0.01875 0.034375
0 0.94140625 0.23671875 0.01875 0.034375
0 0.846875 0.225 0.028125 0.03125
0 0.15703125 0.103125 0.0296875 0.040625
0 0.55078125 0.17265625 0.01875 0.0296875
0 0.92890625 0.2390625 0.025 0.0390625
0 0.459375 0.15859375 0.0234375 0.034375
0 0.88125 0.23359375 0.021875 0.021875
0 0.64375 0.19375 0.0171875 0.046875
0 0.12578125 0.10234375 0.021875 0.021875
0 0.43984375 0.16015625 0.0296875 0.040625
0 0.95078125 0.25 0.025 0.0390625
0 0.1734375 0.11328125 0.021875 0.0265625
0 0.37578125 0.1515625 0.0171875 0.0203125
0 0.65390625 0.2 0.028125 0.0359375
0 0.1984375 0.1203125 0.0234375 0.034375
0 0.6671875 0.20234375 0.0328125 0.0359375
0 0.4796875 0.17421875 0.0296875 0.0453125
0 0.7421875 0.2203125 0.0234375 0.034375
0 0.76953125 0.22578125 0.0234375 0.034375
0 0.5640625 0.19140625 0.0296875 0.0453125