0 0.50546875 0.27109375 0.10625 0.1515625
0 0.96328125 0.359375 0.0734375 0.14375
0 0.24375 0.27421875 0.09375 0.1265625
0 0.64296875 0.35390625 0.10625 0.146875
0 0.12890625 0.28359375 0.109375 0.1390625
0 0.37109375 0.35 0.1109375 0.1484375
0 0.1953125 0.01328125 0.084375 0.0265625
0 0.728125 0.4625 0.0875 0.14375
0 0.30703125 0.02890625 0.0796875 0.0578125
0 0.9578125 0.56640625 0.084375 0.1578125
0 0.80859375 0.54765625 0.0890625 0.1265625
0 0.88046875 0.61171875 0.1015625 0.15
0 0.759375 0.61640625 0.109375 0.14375
0 0.1421875 0.51953125 0.1140625 0.14375
0 0.4703125 0.58671875 0.1125 0.15625
0 0.63046875 0.61484375 0.103125 0.1546875
0 0.35546875 0.59921875 0.1 0.11875
0 0.57578125 0.07109375 0.1046875 0.1421875
0 0.27109375 0.61015625 0.0953125 0.1359375
0 0.03515625 0.575 0.0703125 0.140625
0 0.44375 0.05546875 0.0875 0.1109375
0 0.92265625 0.13984375 0.1125 0.15625
0 0.6984375 0.828125 0.1109375 0.1734375
0 0.2625 0.7828125 0.1125 0.1609375
0 0.57421875 0.83984375 0.1046875 0.1421875
0 0.021875 0.7734375 0.04375 0.15625
0 0.4640625 0.86484375 0.115625 0.1359375
0 0.1046875 0.80625 0.1203125 0.153125
0 0.35859375 0.88828125 0.1234375 0.15
0 0.75 0.946875 0.125 0.10625
0 0.77890625 0.146875 0.1046875 0.1421875
0 0.09140625 0.03671875 0.0453125 0.0734375
0 0.65546875 0.1421875 0.0984375 0.1328125
0 0.97890625 0.22265625 0.0421875 0.1265625