0 0.24609375 0.14921875 0.0328125 0.0328125
0 0.00625 0.20546875 0.0125 0.0515625
0 0.02109375 0.20625 0.0359375 0.046875
0 0.05078125 0.2 0.0296875 0.0359375
0 0.54765625 0.1015625 0.0484375 0.0671875
0 0.2 0.178125 0.0515625 0.0578125
0 0.253125 0.171875 0.025 0.0359375
0 0.31640625 0.16015625 0.0515625 0.0625
0 0.40703125 0.14140625 0.0375 0.0375
0 0.4640625 0.13125 0.025 0.0359375
0 0.71171875 0.08359375 0.0296875 0.0359375
0 0.04609375 0.225 0.040625 0.046875
0 0.365625 0.15703125 0.065625 0.0875
0 0.50859375 0.1265625 0.046875 0.040625
0 0.09140625 0.215625 0.0453125 0.0703125
0 0.58203125 0.11875 0.0359375 0.046875
0 0.1359375 0.21328125 0.0515625 0.0625
0 0.6140625 0.11171875 0.03125 0.040625
0 0.1703125 0.20859375 0.03125 0.0453125
0 0.490625 0.1453125 0.0234375 0.03125
0 0.28984375 0.18984375 0.0484375 0.0671875
0 0.72734375 0.10078125 0.0359375 0.046875
0 0.75703125 0.09453125 0.0265625 0.0234375
0 0.01796875 0.25234375 0.0359375 0.0578125
0 0.85703125 0.07578125 0.0296875 0.0359375
0 0.82109375 0.08359375 0.0421875 0.034375
0 0.24609375 0.2078125 0.053125 0.0671875
0 0.76953125 0.09921875 0.0265625 0.0234375
0 0.40078125 0.1796875 0.0296875 0.0359375
0 0.7921875 0.10625 0.034375 0.0421875
0 0.87734375 0.090625 0.034375 0.0375
0 0.83203125 0.10546875 0.0390625 0.0421875
0 0.85859375 0.1046875 0.03125 0.0453125
0 0.9125 0.09296875 0.034375 0.059375
0 0.76171875 0.12734375 0.0203125 0.0296875
0 0.77890625 0.1328125 0.03125 0.0453125
0 0.4921875 0.196875 0.065625 0.0875
0 0.05234375 0.29765625 0.0515625 0.0578125
0 0.8984375 0.12421875 0.0421875 0.05625
0 0.10625 0.296875 0.0703125 0.084375
0 0.68046875 0.18203125 0.1078125 0.1390625
0 0.2421875 0.27734375 0.0796875 0.1125
0 0.015625 0.33359375 0.03125 0.0578125
0 0.65390625 0.25390625 0.0484375 0.0671875
0 0.8578125 0.23203125 0.1390625 0.16875
0 0.1125 0.40234375 0.06875 0.1015625
0 0.36484375 0.3515625 0.0625 0.0734375
0 0.31796875 0.40859375 0.0609375 0.0875
0 0.653125 0.33984375 0.05625 0.059375
0 0.61953125 0.34921875 0.0515625 0.0578125
0 0.5484375 0.37109375 0.0515625 0.0796875
0 0.04296875 0.4796875 0.0859375 0.078125
0 0.51640625 0.390625 0.0765625 0.09375
0 0.4171875 0.42109375 0.0671875 0.0921875
0 0.65546875 0.39609375 0.0765625 0.0984375
0 0.303125 0.4875 0.071875 0.0984375
0 0.6078125 0.4296875 0.0828125 0.1078125
0 0.55078125 0.49375 0.096875 0.1109375
0 0.27734375 0.5546875 0.0828125 0.065625
0 0.41953125 0.54609375 0.0875 0.1046875
0 0.06953125 0.64609375 0.1359375 0.215625
0 0.375 0.646875 0.0859375 0.1390625
0 0.28359375 0.68359375 0.1359375 0.175
0 0.571875 0.6390625 0.1046875 0.1484375
0 0.7609375 0.6265625 0.1078125 0.15625
0 0.065625 0.15703125 0.0234375 0.0265625
0 0.1203125 0.8625 0.121875 0.1078125
0 0.5171875 0.78984375 0.128125 0.1171875
0 0.02578125 0.17265625 0.028125 0.0328125
0 0.36953125 0.8546875 0.284375 0.2203125
0 0.93359375 0.74375 0.1328125 0.175
0 0.18046875 0.1421875 0.0265625 0.01875
0 0.603125 0.8375 0.175 0.13125
0 0.20859375 0.92109375 0.1171875 0.128125
0 0.10625 0.1625 0.04375 0.04375
0 0.065625 0.18046875 0.0390625 0.0421875
0 0.3765625 0.11875 0.03125 0.040625
0 0.4265625 0.1109375 0.0578125 0.0734375