0 0.31875 0.22578125 0.1 0.196875
0 0.6046875 0.23515625 0.1078125 0.1875
0 0.7828125 0.25234375 0.125 0.2296875
0 0.1640625 0.32265625 0.1015625 0.2109375
0 0.5078125 0.32265625 0.109375 0.2015625
0 0.30234375 0.415625 0.10625 0.2109375
0 0.375 0.42265625 0.08125 0.1359375
0 0.240625 0.53671875 0.0828125 0.159375
0 0.16484375 0.5484375 0.0921875 0.2234375
0 0.69921875 0.54296875 0.121875 0.1984375
0 0.48046875 0.56953125 0.1109375 0.215625
0 0.58359375 0.5765625 0.1046875 0.2015625
0 0.8671875 0.6125 0.1109375 0.225