0 0.17109375 0.13359375 0.00625 0.009375
0 0.07578125 0.14453125 0.0109375 0.0140625
0 0.1984375 0.13359375 0.00625 0.009375
0 0.05546875 0.14609375 0.00625 0.009375
0 0.1640625 0.13671875 0.00625 0.009375
0 0.19140625 0.13671875 0.0109375 0.0109375
0 0.2125 0.134375 0.00625 0.009375
0 0.115625 0.14296875 0.0109375 0.0109375
0 0.21953125 0.13671875 0.0046875 0.0046875
0 0.17890625 0.1421875 0.00625 0.009375
0 0.0953125 0.14921875 0.00625 0.009375
0 0.18515625 0.14140625 0.00625 0.0140625
0 0.19375 0.140625 0.00625 0.009375
0 0.1671875 0.1453125 0.00625 0.009375
0 0.08828125 0.1546875 0.0046875 0.0046875
0 0.05234375 0.1578125 0.0109375 0.0109375
0 0.11953125 0.1546875 0.00625 0.009375
0 0.20625 0.14921875 0.0046875 0.0046875
0 0.2296875 0.146875 0.0109375 0.0109375
0 0.06171875 0.16171875 0.0046875 0.0046875
0 0.06796875 0.16171875 0.0046875 0.0046875
0 0.2 0.15234375 0.0109375 0.0109375
0 0.2234375 0.15 0.00625 0.009375
0 0.0921875 0.1640625 0.0109375 0.0109375
0 0.10390625 0.165625 0.0046875 0.0046875
0 0.00625 0.17578125 0.0046875 0.0046875
0 0.2359375 0.1609375 0.00625 0.009375
0 0.203125 0.16328125 0.0109375 0.0140625
0 0.2515625 0.159375 0.00625 0.0140625
0 0.11875 0.1734375 0.0109375 0.0140625
0 0.1046875 0.17734375 0.00625 0.0140625
0 0.4234375 0.1515625 0.0140625 0.0109375
0 0.04296875 0.184375 0.0109375 0.0109375
0 0.23671875 0.1703125 0.0046875 0.0046875
0 0.05703125 0.18828125 0.0109375 0.0140625
0 0.35 0.1625 0.0109375 0.0109375
0 0.065625 0.18984375 0.0109375 0.0109375
0 0.41484375 0.159375 0.00625 0.009375
0 0.40546875 0.1625 0.0109375 0.0109375
0 0.3453125 0.16796875 0.00625 0.0140625
0 0.37109375 0.1671875 0.0109375 0.0109375
0 0.31953125 0.17109375 0.0109375 0.0140625
0 0.3640625 0.16796875 0.00625 0.0140625
0 0.35078125 0.17109375 0.0109375 0.0109375
0 0.38203125 0.16875 0.0109375 0.0109375
0 0.32734375 0.17578125 0.0109375 0.0140625
0 0.01328125 0.203125 0.0109375 0.0109375
0 0.45859375 0.1640625 0.0109375 0.0140625
0 0.45234375 0.1671875 0.0109375 0.0140625
0 0.48046875 0.1671875 0.0109375 0.0109375
0 0.1984375 0.19140625 0.0109375 0.0109375
0 0.33515625 0.18203125 0.0109375 0.0140625
0 0.4015625 0.17578125 0.0109375 0.0140625
0 0.065625 0.20546875 0.0109375 0.0140625
0 0.4109375 0.175 0.0109375 0.0109375
0 0.56171875 0.1625 0.00625 0.009375
0 0.0859375 0.20625 0.0109375 0.0140625
0 0.53125 0.1671875 0.00625 0.0140625
0 0.540625 0.16640625 0.00625 0.009375
0 0.3609375 0.18203125 0.0109375 0.0140625
0 0.521875 0.16796875 0.0109375 0.0140625
0 0.2546875 0.19375 0.00625 0.01875
0 0.4328125 0.178125 0.0109375 0.0140625
0 0.45078125 0.1765625 0.0109375 0.0140625
0 0.55703125 0.1671875 0.0109375 0.0109375
0 0.20859375 0.19765625 0.0109375 0.0109375
0 0.01484375 0.21484375 0.0109375 0.0109375
0 0.32109375 0.1875 0.0109375 0.0140625
0 0.2875 0.19296875 0.0109375 0.0140625
0 0.48359375 0.17578125 0.0109375 0.0140625
0 0.50234375 0.17421875 0.0109375 0.0109375
0 0.3453125 0.190625 0.0109375 0.0109375
0 0.059375 0.215625 0.0109375 0.0109375
0 0.1921875 0.20390625 0.0109375 0.0140625
0 0.5828125 0.16953125 0.0109375 0.0140625
0 0.39296875 0.1859375 0.0109375 0.0109375
0 0.5734375 0.1703125 0.0109375 0.0109375
0 0.2234375 0.203125 0.0109375 0.0140625
0 0.2375 0.20234375 0.015625 0.015625
0 0.525 0.17734375 0.00625 0.0140625
0 0.0671875 0.21953125 0.015625 0.015625
0 0.26953125 0.2015625 0.0109375 0.0140625
0 0.30625 0.1984375 0.0109375 0.0140625
0 0.33671875 0.1984375 0.0109375 0.0140625
0 0.3890625 0.19375 0.0109375 0.0140625
0 0.553125 0.17890625 0.0109375 0.0109375
0 0.17109375 0.21484375 0.0109375 0.0140625
0 0.2578125 0.2078125 0.015625 0.015625
0 0.0921875 0.22421875 0.0109375 0.0140625
0 0.2984375 0.2109375 0.0109375 0.0140625
0 0.55234375 0.1890625 0.015625 0.015625
0 0.41796875 0.20078125 0.015625 0.015625
0 0.434375 0.19921875 0.0109375 0.0140625
0 0.01640625 0.2359375 0.0109375 0.0140625
0 0.12109375 0.2265625 0.015625 0.015625
0 0.00546875 0.2390625 0.0109375 0.0109375
0 0.3703125 0.20703125 0.0109375 0.0140625
0 0.2890625 0.21640625 0.0109375 0.01875
0 0.3953125 0.20703125 0.0140625 0.0109375
0 0.07890625 0.23515625 0.015625 0.015625
0 0.225 0.22421875 0.0109375 0.0109375
0 0.52890625 0.19765625 0.015625 0.015625
0 0.50625 0.2 0.0109375 0.0140625
0 0.5703125 0.19453125 0.015625 0.015625
0 0.3859375 0.21015625 0.0109375 0.0140625
0 0.44609375 0.20546875 0.015625 0.015625
0 0.00234375 0.24453125 0.0046875 0.0109375
0 0.2734375 0.2203125 0.0109375 0.0140625
0 0.2203125 0.225 0.0046875 0.0046875
0 0.4953125 0.20078125 0.00625 0.0140625
0 0.5203125 0.20078125 0.0109375 0.0109375
0 0.3640625 0.2171875 0.0109375 0.0109375
0 0.3453125 0.21875 0.0109375 0.0140625
0 0.5484375 0.203125 0.0109375 0.0140625
0 0.0484375 0.246875 0.0109375 0.0109375
0 0.35234375 0.22265625 0.0109375 0.0140625
0 0.475 0.21171875 0.0109375 0.01875
0 0.0671875 0.25 0.015625 0.015625
0 0.40546875 0.2203125 0.00625 0.0140625
0 0.44921875 0.21640625 0.015625 0.015625
0 0.39609375 0.22109375 0.0109375 0.0140625
0 0.371875 0.2234375 0.015625 0.0203125
0 0.33671875 0.22890625 0.009375 0.00625
0 0.29765625 0.23203125 0.0109375 0.0140625
0 0.36015625 0.2265625 0.015625 0.0203125
0 0.46328125 0.21796875 0.0109375 0.01875
0 0.66640625 0.2 0.0109375 0.0140625
0 0.31875 0.23046875 0.015625 0.0203125
0 0.0140625 0.25703125 0.0109375 0.0140625
0 0.59296875 0.20859375 0.0109375 0.01875
0 0.00546875 0.26015625 0.0109375 0.0140625
0 0.43203125 0.22265625 0.0109375 0.0140625
0 0.51171875 0.215625 0.0109375 0.0140625
0 0.0921875 0.25234375 0.0109375 0.0140625
0 0.25234375 0.23828125 0.0109375 0.0140625
0 0.628125 0.20546875 0.015625 0.015625
0 0.51875 0.21640625 0.00625 0.009375
0 0.696875 0.2015625 0.00625 0.009375
0 0.2078125 0.24375 0.0109375 0.01875
0 0.5234375 0.21640625 0.0109375 0.0140625
0 0.04921875 0.2578125 0.0109375 0.0140625
0 0.425 0.225 0.015625 0.0203125
0 0.3484375 0.23203125 0.0109375 0.0140625
0 0.56953125 0.2125 0.015625 0.0203125
0 0.609375 0.20859375 0.0109375 0.0109375
0 0.653125 0.20703125 0.0109375 0.0140625
0 0.50625 0.2203125 0.00625 0.0140625
0 0.53828125 0.2171875 0.0109375 0.0140625
0 0.0140625 0.26328125 0.0109375 0.0109375
0 0.49453125 0.22109375 0.0109375 0.0140625
0 0.21953125 0.24765625 0.0109375 0.0109375
0 0.38828125 0.2328125 0.0109375 0.01875
0 0.07421875 0.26015625 0.0109375 0.0140625
0 0.409375 0.23125 0.0109375 0.0140625
0 0.55703125 0.21796875 0.00625 0.009375
0 0.44765625 0.22734375 0.015625 0.015625
0 0.53125 0.2203125 0.00625 0.0140625
0 0.7109375 0.2046875 0.0109375 0.0109375
0 0.584375 0.21796875 0.015625 0.015625
0 0.24375 0.24765625 0.015625 0.015625
0 0.37265625 0.23671875 0.0109375 0.0140625
0 0.4375 0.23125 0.0109375 0.0140625
0 0.67734375 0.21015625 0.015625 0.0203125
0 0.69375 0.2109375 0.0109375 0.0140625
0 0.55 0.2234375 0.0109375 0.01875
0 0.60546875 0.21875 0.0109375 0.01875
0 0.684375 0.21171875 0.0109375 0.0140625
0 0.778125 0.20390625 0.0109375 0.0140625
0 0.5453125 0.22421875 0.00625 0.0140625
0 0.6421875 0.215625 0.015625 0.015625
0 0.59140625 0.21953125 0.0109375 0.0140625
0 0.35 0.24375 0.0140625 0.0109375
0 0.840625 0.20078125 0.0109375 0.0140625
0 0.00625 0.2734375 0.0109375 0.01875
0 0.29921875 0.24765625 0.015625 0.015625
0 0.7671875 0.20703125 0.0109375 0.0140625
0 0.7578125 0.21015625 0.0109375 0.0140625
0 0.834375 0.203125 0.0109375 0.0140625
0 0.93359375 0.19453125 0.015625 0.015625
0 0.4625 0.2359375 0.0109375 0.0140625
0 0.5671875 0.2265625 0.015625 0.015625
0 0.65625 0.21875 0.015625 0.0203125
0 0.43125 0.23828125 0.0109375 0.0140625
0 0.625 0.221875 0.015625 0.0203125
0 0.7140625 0.2140625 0.015625 0.0203125
0 0.36640625 0.246875 0.0109375 0.01875
0 0.6109375 0.225 0.015625 0.0203125
0 0.4171875 0.2421875 0.015625 0.015625
0 0.28984375 0.253125 0.015625 0.015625
0 0.39140625 0.246875 0.0109375 0.0140625
0 0.4515625 0.24140625 0.0109375 0.0140625
0 0.70546875 0.21953125 0.0109375 0.0140625
0 0.23046875 0.2609375 0.015625 0.0203125
0 0.25859375 0.25859375 0.0109375 0.0140625
0 0.32109375 0.253125 0.00625 0.0140625
0 0.40078125 0.24609375 0.015625 0.015625
0 0.4984375 0.2375 0.00625 0.0140625
0 0.73828125 0.21640625 0.0109375 0.0109375
0 0.246875 0.259375 0.0109375 0.0140625
0 0.49140625 0.23828125 0.0109375 0.0140625
0 0.896875 0.20234375 0.015625 0.0203125
0 0.22109375 0.26171875 0.0109375 0.0109375
0 0.50546875 0.23671875 0.00625 0.0140625
0 0.78671875 0.21484375 0.0109375 0.0140625
0 0.3484375 0.253125 0.0109375 0.0140625
0 0.00625 0.2828125 0.0125 0.015625
0 0.82265625 0.21171875 0.015625 0.0203125
0 0.721875 0.2203125 0.015625 0.0203125
0 0.76328125 0.21640625 0.0109375 0.0140625
0 0.94765625 0.20078125 0.015625 0.0203125
0 0.203125 0.26796875 0.0109375 0.0140625
0 0.51171875 0.240625 0.015625 0.015625
0 0.60234375 0.2328125 0.0109375 0.0140625
0 0.77734375 0.21796875 0.0109375 0.0140625
0 0.4296875 0.2484375 0.015625 0.015625
0 0.92734375 0.2046875 0.0109375 0.0140625
0 0.4640625 0.24765625 0.0109375 0.0140625
0 0.64140625 0.23203125 0.015625 0.0203125
0 0.8515625 0.21328125 0.015625 0.0203125
0 0.85859375 0.21328125 0.015625 0.015625
0 0.9109375 0.20859375 0.0109375 0.0140625
0 0.1921875 0.27109375 0.015625 0.0203125
0 0.47578125 0.246875 0.015625 0.0203125
0 0.2125 0.26953125 0.0109375 0.0140625
0 0.6 0.2359375 0.015625 0.0203125
0 0.83515625 0.2171875 0.015625 0.0203125
0 0.0859375 0.2828125 0.015625 0.0203125
0 0.54921875 0.2421875 0.015625 0.015625
0 0.6328125 0.23515625 0.015625 0.0203125
0 0.93984375 0.20859375 0.015625 0.015625
0 0.36484375 0.25859375 0.0109375 0.0140625
0 0.79609375 0.22109375 0.015625 0.0203125
0 0.3125 0.265625 0.0109375 0.01875
0 0.58671875 0.24140625 0.0109375 0.01875
0 0.734375 0.22890625 0.0203125 0.025
0 0.0015625 0.2921875 0.003125 0.015625
0 0.69921875 0.23125 0.0109375 0.0140625
0 0.44609375 0.25390625 0.0109375 0.01875
0 0.45703125 0.253125 0.015625 0.015625
0 0.1140625 0.28515625 0.0109375 0.0140625
0 0.690625 0.234375 0.0109375 0.0140625
0 0.225 0.27578125 0.0109375 0.0140625
0 0.26328125 0.271875 0.0109375 0.0140625
0 0.4140625 0.25859375 0.015625 0.015625
0 0.27734375 0.27109375 0.015625 0.0203125
0 0.1046875 0.2859375 0.015625 0.015625
0 0.32578125 0.26640625 0.015625 0.015625
0 0.12109375 0.28671875 0.015625 0.0203125
0 0.24140625 0.2765625 0.015625 0.025
0 0.53125 0.25078125 0.015625 0.0203125
0 0.8265625 0.225 0.015625 0.0203125
0 0.48359375 0.25546875 0.015625 0.025
0 0.253125 0.27734375 0.015625 0.015625
0 0.88046875 0.22265625 0.0109375 0.01875
0 0.35 0.26953125 0.015625 0.0203125
0 0.67265625 0.240625 0.015625 0.0203125
0 0.76015625 0.23359375 0.0203125 0.025
0 0.509375 0.25546875 0.015625 0.0203125
0 0.29453125 0.2765625 0.015625 0.0203125
0 0.90546875 0.22265625 0.0109375 0.0140625
0 0.30625 0.27578125 0.015625 0.0203125
0 0.96796875 0.21953125 0.0203125 0.025
0 0.64453125 0.24609375 0.015625 0.025
0 0.89375 0.2265625 0.015625 0.0203125
0 0.95390625 0.22109375 0.0109375 0.01875
0 0.56015625 0.25546875 0.015625 0.025
0 0.790625 0.23515625 0.0109375 0.01875
0 0.77890625 0.23671875 0.0203125 0.025
0 0.91953125 0.22421875 0.0203125 0.025
0 0.36171875 0.27265625 0.015625 0.0203125
0 0.9359375 0.225 0.021875 0.0328125
0 0.34140625 0.2796875 0.0203125 0.025
0 0.403125 0.27421875 0.015625 0.0203125
0 0.325 0.28046875 0.015625 0.0203125
0 0.20546875 0.29375 0.0203125 0.0203125
0 0.81015625 0.24296875 0.025 0.025
0 0.62578125 0.259375 0.021875 0.0296875
0 0.66484375 0.25546875 0.0203125 0.025
0 0.45703125 0.27421875 0.015625 0.025
0 0.36953125 0.28359375 0.015625 0.025
0 0.05625 0.31171875 0.015625 0.0203125
0 0.8328125 0.24375 0.0203125 0.025
0 0.1140625 0.30859375 0.015625 0.025
0 0.3859375 0.28515625 0.0265625 0.0296875
0 0.003125 0.32265625 0.00625 0.0203125
0 0.90078125 0.24609375 0.0203125 0.025
0 0.4765625 0.28359375 0.0203125 0.025
0 0.1359375 0.315625 0.0109375 0.0234375
0 0.0921875 0.32890625 0.015625 0.025
0 0.4296875 0.3015625 0.0203125 0.025
0 0.415625 0.30234375 0.0203125 0.025
0 0.3296875 0.3125 0.0265625 0.034375
0 0.203125 0.32578125 0.015625 0.025
0 0.67421875 0.28515625 0.0265625 0.034375
0 0.22265625 0.32890625 0.0265625 0.0296875
0 0.07578125 0.34453125 0.03125 0.04375
0 0.53671875 0.30625 0.021875 0.0375
0 0.121875 0.34453125 0.03125 0.034375
0 0.3875 0.32421875 0.0203125 0.025
0 0.65234375 0.303125 0.0203125 0.025
0 0.51484375 0.3171875 0.028125 0.0484375
0 0.609375 0.3140625 0.03125 0.0390625
0 0.02109375 0.365625 0.040625 0.053125
0 0.9734375 0.284375 0.0125 0.0421875
0 0.44140625 0.33359375 0.021875 0.0296875
0 0.7109375 0.31015625 0.03125 0.0390625
0 0.8203125 0.30234375 0.03125 0.0390625
0 0.00625 0.37890625 0.0125 0.0390625
0 0.18359375 0.365625 0.0375 0.0578125
0 0.8765625 0.3109375 0.0265625 0.034375
0 0.38515625 0.35625 0.0265625 0.0390625
0 0.14609375 0.39140625 0.040625 0.0484375
0 0.4578125 0.3875 0.0375 0.0578125
0 0.63828125 0.3765625 0.0359375 0.0484375
0 0.78359375 0.3734375 0.040625 0.053125
0 0.31875 0.42109375 0.0515625 0.0734375
0 0.91171875 0.3703125 0.046875 0.0640625
0 0.603125 0.40234375 0.040625 0.0484375
0 0.975 0.38359375 0.0375 0.0625
0 0.16875 0.45703125 0.040625 0.053125
0 0.4421875 0.44921875 0.0359375 0.053125
0 0.053125 0.52265625 0.0421875 0.0578125
0 0.24140625 0.0859375 0.00625 0.009375
0 0.42265625 0.70234375 0.0671875 0.09375
0 0.2546875 0.0890625 0.00625 0.009375
0 0.2453125 0.0921875 0.0046875 0.0046875
0 0.078125 0.11640625 0.00625 0.009375
0 0.17421875 0.865625 0.090625 0.1359375
0 0.0625 0.1203125 0.0109375 0.0140625
0 0.04453125 0.12421875 0.0109375 0.0109375
0 0.053125 0.91328125 0.0421875 0.0578125
0 0.04921875 0.128125 0.0109375 0.0109375
0 0.09296875 0.125 0.00625 0.009375
0 0.0796875 0.13203125 0.0109375 0.0140625
0 0.20234375 0.12578125 0.00625 0.009375
0 0.1796875 0.128125 0.0109375 0.0109375
0 0.165625 0.13125 0.0109375 0.0109375
0 0.08984375 0.13828125 0.0109375 0.0109375
0 0.10859375 0.13671875 0.0046875 0.0046875