0 0.75 0.0046875 0.021875 0.009375
0 0.39921875 0.02890625 0.028125 0.04375
0 0.43359375 0.02578125 0.025 0.025
0 0.54140625 0.18125 0.021875 0.0390625
0 0.56640625 0.18125 0.021875 0.0390625
0 0.6953125 0.1703125 0.0328125 0.0484375
0 0.20078125 0.22421875 0.028125 0.0484375
0 0.03125 0.246875 0.0328125 0.053125
0 0.92734375 0.15234375 0.0265625 0.0390625
0 0.83203125 0.1625 0.021875 0.0390625
0 0.09375 0.2453125 0.0328125 0.04375
0 0.484375 0.0203125 0.021875 0.0390625
0 0.15390625 0.24296875 0.0328125 0.04375
0 0.78046875 0.17734375 0.0328125 0.04375
0 0.334375 0.22890625 0.03125 0.0390625
0 0.25859375 0.2421875 0.0265625 0.034375
0 0.9609375 0.16796875 0.0171875 0.0375
0 0.44921875 0.221875 0.028125 0.0484375
0 0.28671875 0.240625 0.0234375 0.04375
0 0.15078125 0.0578125 0.0265625 0.0390625
0 0.36875 0.24375 0.021875 0.0296875
0 0.9375 0.18359375 0.028125 0.0484375
0 0.54375 0.22734375 0.028125 0.04375
0 0.48671875 0.23828125 0.0328125 0.053125
0 0.2359375 0.26484375 0.0265625 0.034375
0 0.1046875 0.2828125 0.0265625 0.0390625
0 0.3609375 0.25859375 0.0265625 0.0296875
0 0.73125 0.221875 0.0265625 0.0390625
0 0.19921875 0.278125 0.025 0.025
0 0.67890625 0.23203125 0.0328125 0.0484375
0 0.04140625 0.3015625 0.03125 0.034375
0 0.1453125 0.29296875 0.0328125 0.0484375
0 0.62109375 0.25234375 0.028125 0.04375
0 0.834375 0.2296875 0.034375 0.0578125
0 0.4140625 0.28125 0.028125 0.053125
0 0.24921875 0.30546875 0.0328125 0.04375
0 0.3640625 0.29375 0.0265625 0.034375
0 0.62734375 0.01796875 0.0328125 0.0359375
0 0.89375 0.23984375 0.03125 0.0390625
0 0.203125 0.31640625 0.0328125 0.0484375
0 0.96796875 0.23671875 0.009375 0.046875
0 0.6921875 0.26796875 0.034375 0.0578125
0 0.1 0.3296875 0.028125 0.04375
0 0.13671875 0.328125 0.0328125 0.0484375
0 0.31015625 0.31015625 0.0328125 0.0484375
0 0.75234375 0.2640625 0.0328125 0.0484375
0 0.6 0.2796875 0.028125 0.0484375
0 0.4625 0.296875 0.0265625 0.0390625
0 0.54296875 0.290625 0.03125 0.034375
0 0.00859375 0.353125 0.0171875 0.04375
0 0.04609375 0.36640625 0.0265625 0.0390625
0 0.12734375 0.3625 0.028125 0.0484375
0 0.95078125 0.278125 0.0296875 0.0578125
0 0.44296875 0.33125 0.0265625 0.034375
0 0.9171875 0.28671875 0.0328125 0.0484375
0 0.6859375 0.315625 0.0328125 0.0484375
0 0.58046875 0.0234375 0.0171875 0.0296875
0 0.5453125 0.3328125 0.03125 0.0390625
0 0.37265625 0.35078125 0.0265625 0.034375
0 0.1890625 0.37265625 0.0328125 0.0484375
0 0.8703125 0.30078125 0.0328125 0.0484375
0 0.825 0.3078125 0.028125 0.0484375
0 0.74140625 0.31796875 0.0328125 0.0484375
0 0.31796875 0.3625 0.028125 0.04375
0 0.24453125 0.37265625 0.028125 0.0484375
0 0.5921875 0.33671875 0.0265625 0.0390625
0 0.075 0.39296875 0.028125 0.0484375
0 0.5125 0.346875 0.021875 0.0390625
0 0.78125 0.32109375 0.0328125 0.04375
0 0.09921875 0.0765625 0.0328125 0.0484375
0 0.615625 0.36015625 0.0359375 0.0484375
0 0.8109375 0.01171875 0.021875 0.0234375
0 0.93125 0.32890625 0.0328125 0.0484375
0 0.0203125 0.42734375 0.0328125 0.0484375
0 0.1078125 0.42265625 0.0328125 0.04375
0 0.378125 0.4015625 0.03125 0.0390625
0 0.06015625 0.434375 0.034375 0.0578125
0 0.76875 0.36015625 0.03125 0.0390625
0 0.50234375 0.390625 0.0328125 0.053125
0 0.32109375 0.409375 0.0328125 0.0484375
0 0.66171875 0.3765625 0.028125 0.04375
0 0.56328125 0.3890625 0.0328125 0.0484375
0 0.7078125 0.38046875 0.028125 0.04375
0 0.4625 0.40859375 0.0375 0.053125
0 0.734375 0.38046875 0.0328125 0.04375
0 0.20078125 0.43828125 0.021875 0.0390625
0 0.15703125 0.44765625 0.0328125 0.0484375
0 0.98359375 0.36015625 0.0125 0.0375
0 0.778125 0.015625 0.028125 0.03125
0 0.01484375 0.46953125 0.0296875 0.0578125
0 0.88125 0.38515625 0.0328125 0.053125
0 0.953125 0.38046875 0.0265625 0.034375
0 0.8265625 0.39609375 0.0328125 0.0484375
0 0.7375 0.01875 0.028125 0.0375
0 0.878125 0.01015625 0.021875 0.0203125
0 0.9421875 0.01015625 0.009375 0.0203125
0 0.14140625 0.07890625 0.0265625 0.0390625
0 0.3453125 0.45078125 0.0265625 0.0390625
0 0.61015625 0.4234375 0.0265625 0.0296875
0 0.78046875 0.40546875 0.0328125 0.04375
0 0.9796875 0.39140625 0.0265625 0.0296875
0 0.29609375 0.46328125 0.0421875 0.0546875
0 0.40390625 0.45234375 0.0375 0.053125
0 0.2265625 0.47265625 0.0328125 0.0484375
0 0.18125 0.478125 0.0328125 0.0484375
0 0.52890625 0.44609375 0.028125 0.0484375
0 0.5671875 0.03671875 0.021875 0.034375
0 0.10625 0.4953125 0.0359375 0.0484375
0 0.06953125 0.50390625 0.0328125 0.0484375
0 0.60625 0.44921875 0.03125 0.0390625
0 0.7765625 0.43671875 0.03125 0.034375
0 0.5796875 0.459375 0.0265625 0.0296875
0 0.72421875 0.44453125 0.0375 0.053125
0 0.42421875 0.0515625 0.0265625 0.0390625
0 0.8703125 0.43515625 0.0328125 0.04375
0 0.98125 0.428125 0.0234375 0.04375
0 0.92578125 0.434375 0.0328125 0.0484375
0 0.684375 0.46171875 0.0328125 0.0484375
0 0.6625 0.02890625 0.021875 0.0296875
0 0.71796875 0.0234375 0.0265625 0.034375
0 0.3328125 0.06328125 0.028125 0.0484375
0 0.234375 0.0765625 0.0265625 0.0390625
0 0.59296875 0.478125 0.021875 0.0296875
0 0.8421875 0.459375 0.0328125 0.0484375
0 0.5546875 0.48984375 0.0328125 0.04375
0 0.40703125 0.5046875 0.028125 0.0484375
0 0.646875 0.4796875 0.0265625 0.0296875
0 0.24921875 0.5265625 0.0328125 0.04375
0 0.3640625 0.5140625 0.0328125 0.04375
0 0.95859375 0.45390625 0.0421875 0.0546875
0 0.09140625 0.54765625 0.0328125 0.0484375
0 0.48125 0.05 0.021875 0.0390625
0 0.03671875 0.096875 0.0328125 0.053125
0 0.31015625 0.534375 0.0265625 0.0390625
0 0.51328125 0.5171875 0.0265625 0.0296875
0 0.625 0.5125 0.0234375 0.04375
0 0.1859375 0.08359375 0.0265625 0.0390625
0 0.6609375 0.50859375 0.0328125 0.053125
0 0.46640625 0.53203125 0.0265625 0.0390625
0 0.9125 0.4875 0.0359375 0.04375
0 0.73359375 0.51015625 0.0359375 0.0484375
0 0.778125 0.50546875 0.0265625 0.034375
0 0.8765625 0.4953125 0.0375 0.0578125
0 0.8265625 0.50703125 0.0328125 0.04375
0 0.38671875 0.06484375 0.0265625 0.034375
0 0.53203125 0.05 0.0171875 0.0328125
0 0.51171875 0.5453125 0.0375 0.053125
0 0.38046875 0.55859375 0.028125 0.04375
0 0.4125 0.5578125 0.028125 0.053125
0 0.28828125 0.58515625 0.028125 0.04375
0 0.16171875 0.60078125 0.0328125 0.04375
0 0.78125 0.5359375 0.0328125 0.04375
0 0.47578125 0.57265625 0.0359375 0.040625
0 0.34375 0.5859375 0.0265625 0.0390625
0 0.95390625 0.521875 0.0328125 0.04375
0 0.51328125 0.05390625 0.021875 0.034375
0 0.28359375 0.08046875 0.021875 0.0390625
0 0.68359375 0.5671875 0.0328125 0.0484375
0 0.24140625 0.61328125 0.028125 0.04375
0 0.8453125 0.55 0.03125 0.0390625
0 0.865625 0.55 0.028125 0.04375
0 0.49375 0.59453125 0.028125 0.04375
0 0.63203125 0.58125 0.028125 0.04375
0 0.3234375 0.615625 0.028125 0.0484375
0 0.2109375 0.63046875 0.0328125 0.04375
0 0.91953125 0.55546875 0.0375 0.053125
0 0.73828125 0.57734375 0.0234375 0.04375
0 0.2671875 0.63359375 0.028125 0.0484375
0 0.41796875 0.62265625 0.028125 0.0484375
0 0.6171875 0.6015625 0.0328125 0.0484375
0 0.99140625 0.565625 0.0171875 0.053125
0 0.371875 0.63671875 0.0328125 0.04375
0 0.96953125 0.58359375 0.0328125 0.0484375
0 0.06484375 0.678125 0.0328125 0.0484375
0 0.85234375 0.5953125 0.0375 0.053125
0 0.51640625 0.63359375 0.0328125 0.0484375
0 0.76953125 0.60703125 0.040625 0.05
0 0.9484375 0.60234375 0.0328125 0.0484375
0 0.45234375 0.66796875 0.0328125 0.04375
0 0.69140625 0.6421875 0.0328125 0.04375
0 0.565625 0.6578125 0.0265625 0.0390625
0 0.7203125 0.6421875 0.0328125 0.0484375
0 0.3515625 0.68046875 0.0296875 0.0578125
0 0.39765625 0.678125 0.0296875 0.0578125
0 0.28125 0.6953125 0.0375 0.053125
0 0.459375 0.07109375 0.0265625 0.034375
0 0.62734375 0.05390625 0.021875 0.0390625
0 0.9109375 0.64296875 0.0421875 0.059375
0 0.590625 0.0578125 0.0171875 0.0296875
0 0.75390625 0.040625 0.0328125 0.0484375
0 0.60390625 0.6890625 0.0328125 0.053125
0 0.83359375 0.66484375 0.0359375 0.04375
0 0.6796875 0.6859375 0.0328125 0.053125
0 0.33984375 0.7265625 0.028125 0.04375
0 0.3953125 0.72109375 0.028125 0.04375
0 0.909375 0.0265625 0.0328125 0.0484375
0 0.53671875 0.7171875 0.034375 0.0578125
0 0.1625 0.76328125 0.0328125 0.053125
0 0.74453125 0.70234375 0.034375 0.0578125
0 0.4640625 0.73359375 0.0296875 0.0578125
0 0.10546875 0.7765625 0.0265625 0.0390625
0 0.234375 0.034375 0.015625 0.0203125
0 0.1234375 0.11171875 0.0328125 0.0484375
0 0.79453125 0.04296875 0.028125 0.04375
0 0.23671875 0.78359375 0.0328125 0.053125
0 0.42421875 0.084375 0.0265625 0.0390625
0 0.103125 0.81640625 0.040625 0.05
0 0.72109375 0.053125 0.0265625 0.0390625
0 0.83359375 0.04140625 0.028125 0.04375
0 0.559375 0.0703125 0.028125 0.04375
0 0.67265625 0.05859375 0.021875 0.0390625
0 0.16953125 0.8328125 0.0328125 0.053125
0 0.06875 0.87578125 0.0421875 0.059375
0 0.178125 0.1171875 0.0328125 0.0484375
0 0.87109375 0.046875 0.03125 0.034375
0 0.41015625 0.91015625 0.040625 0.05
0 0.05625 0.13515625 0.0328125 0.0484375
0 0.38359375 0.1046875 0.0328125 0.0484375
0 0.6125 0.08046875 0.0234375 0.04375
0 0.7796875 0.925 0.0359375 0.0484375
0 0.5171875 0.090625 0.0328125 0.04375
0 0.2875 0.1171875 0.028125 0.0484375
0 0.63046875 0.08359375 0.021875 0.0390625
0 0.25078125 0.12578125 0.028125 0.04375
0 0.5828125 0.09296875 0.021875 0.0390625
0 0.70234375 0.08046875 0.0265625 0.0390625
0 0.34375 0.1203125 0.028125 0.04375
0 0.6546875 0.0875 0.0265625 0.034375
0 0.59921875 0.09375 0.0171875 0.025
0 0.221875 0.1359375 0.0265625 0.0390625
0 0.0828125 0.159375 0.028125 0.04375
0 0.83125 0.08828125 0.021875 0.034375
0 0.85 0.0859375 0.021875 0.0390625
0 0.46328125 0.12890625 0.028125 0.0484375
0 0.73046875 0.10078125 0.021875 0.034375
0 0.29453125 0.0328125 0.0265625 0.0296875
0 0.509375 0.0125 0.021875 0.025
0 0.0578125 0.0578125 0.03125 0.03125
0 0.00546875 0.1890625 0.0109375 0.04375
0 0.88125 0.1015625 0.021875 0.0390625
0 0.63984375 0.12734375 0.03125 0.0390625
0 0.30859375 0.1640625 0.028125 0.04375
0 0.359375 0.02890625 0.0359375 0.0359375
0 0.1890625 0.04609375 0.0265625 0.034375
0 0.671875 0.00625 0.021875 0.0125
0 0.11171875 0.18984375 0.0265625 0.034375
0 0.51640625 0.14921875 0.028125 0.0484375
0 0.43828125 0.1578125 0.021875 0.034375
0 0.69375 0.1328125 0.0265625 0.034375
0 0.17421875 0.1890625 0.0328125 0.0484375
0 0.478125 0.1578125 0.021875 0.034375
0 0.71484375 0.1328125 0.0265625 0.034375
0 0.9296875 0.11015625 0.0328125 0.04375
0 0.6 0.146875 0.028125 0.04375
0 0.0640625 0.2078125 0.028125 0.04375
0 0.67734375 0.14375 0.021875 0.0390625
0 0.76875 0.1359375 0.0265625 0.034375
0 0.39609375 0.178125 0.028125 0.04375
0 0.21484375 0.19921875 0.03125 0.034375
0 0.80234375 0.13984375 0.028125 0.04375
0 0.8875 0.13359375 0.0328125 0.04375
0 0.95703125 0.13046875 0.0078125 0.0375
0 0.8515625 0.14140625 0.0265625 0.0390625
0 0.25234375 0.2046875 0.0265625 0.0296875
0 0.61484375 0.17109375 0.028125 0.053125
0 0.6609375 0.16640625 0.028125 0.04375
0 0.49296875 0.18671875 0.021875 0.0390625
0 0.734375 0.1609375 0.0265625 0.034375