0 0.65625 0.22109375 0.009375 0.009375
0 0.67890625 0.221875 0.0046875 0.009375
0 0.4640625 0.21640625 0.009375 0.0046875
0 0.53359375 0.21875 0.0046875 0.0046875
0 0.64140625 0.22265625 0.009375 0.009375
0 0.40625 0.21640625 0.009375 0.0046875
0 0.4984375 0.21953125 0.0046875 0.0046875
0 0.546875 0.22109375 0.0046875 0.0046875
0 0.5578125 0.22109375 0.0046875 0.0046875
0 0.6921875 0.22578125 0.0046875 0.009375
0 0.70390625 0.2265625 0.0046875 0.009375
0 0.6296875 0.2265625 0.009375 0.009375
0 0.37109375 0.2171875 0.0046875 0.0046875
0 0.72265625 0.2296875 0.0046875 0.009375
0 0.428125 0.221875 0.0046875 0.009375
0 0.41875 0.2234375 0.009375 0.0046875
0 0.4078125 0.2234375 0.0046875 0.0046875
0 0.39375 0.225 0.009375 0.0046875
0 0.35625 0.22578125 0.009375 0.009375
0 0.34765625 0.22578125 0.0046875 0.0046875
0 0.0703125 0.33203125 0.0328125 0.0375
0 0.271875 0.3484375 0.0625 0.071875
0 0.528125 0.36171875 0.0140625 0.01875
0 0.3890625 0.35703125 0.0140625 0.01875
0 0.8703125 0.37578125 0.053125 0.0765625
0 0.53671875 0.36484375 0.0046875 0.0140625
0 0.41171875 0.36015625 0.0328125 0.0375
0 0.215625 0.35546875 0.0140625 0.01875
0 0.69921875 0.375 0.0921875 0.0953125
0 0.2359375 0.3609375 0.0140625 0.01875
0 0.4515625 0.37109375 0.009375 0.009375
0 0.09765625 0.35859375 0.0390625 0.0515625
0 0.31484375 0.36640625 0.009375 0.009375
0 0.53046875 0.3734375 0.0140625 0.01875
0 0.5390625 0.37421875 0.009375 0.009375
0 0.621875 0.37890625 0.0140625 0.01875
0 0.43046875 0.37265625 0.015625 0.028125
0 0.14375 0.3625 0.015625 0.028125
0 0.1875 0.3640625 0.0203125 0.0328125
0 0.1296875 0.3640625 0.015625 0.0234375
0 0.1640625 0.365625 0.015625 0.0234375
0 0.03671875 0.3609375 0.0625 0.0765625
0 0.48046875 0.3765625 0.015625 0.0234375
0 0.58515625 0.3828125 0.0140625 0.01875
0 0.8421875 0.39140625 0.0296875 0.0515625
0 0.45546875 0.378125 0.009375 0.0140625
0 0.95078125 0.3953125 0.009375 0.0140625
0 0.17578125 0.36796875 0.009375 0.01875
0 0.23125 0.3703125 0.009375 0.0140625
0 0.44140625 0.37734375 0.015625 0.0234375
0 0.33125 0.3734375 0.0109375 0.0234375
0 0.3765625 0.37734375 0.0203125 0.028125
0 0.96015625 0.39765625 0.009375 0.009375
0 0.90234375 0.3984375 0.0203125 0.0234375
0 0.309375 0.37734375 0.01875 0.01875
0 0.640625 0.39140625 0.0140625 0.01875
0 0.346875 0.38125 0.025 0.0328125
0 0.5203125 0.3875 0.025 0.0296875
0 0.596875 0.38984375 0.009375 0.0140625
0 0.971875 0.403125 0.0140625 0.0140625
0 0.98671875 0.403125 0.0265625 0.084375
0 0.8140625 0.39765625 0.0296875 0.0375
0 0.7953125 0.39921875 0.0203125 0.0234375
0 0.9296875 0.40390625 0.009375 0.01875
0 0.62421875 0.39296875 0.015625 0.0234375
0 0.61015625 0.39296875 0.025 0.0328125
0 0.9390625 0.4046875 0.015625 0.0234375
0 0.3625 0.38671875 0.0203125 0.0234375
0 0.32109375 0.3875 0.0203125 0.0234375
0 0.9125 0.4125 0.015625 0.0234375
0 0.76953125 0.41484375 0.053125 0.0765625
0 0.56328125 0.409375 0.053125 0.08125
0 0.946875 0.4296875 0.025 0.025
0 0.41015625 0.41328125 0.04375 0.05625