0 0.71796875 0.159375 0.0125 0.0203125
0 0.29765625 0.10703125 0.0046875 0.0046875
0 0.171875 0.0890625 0.0109375 0.0109375
0 0.0734375 0.07578125 0.0125 0.025
0 0.57265625 0.15078125 0.009375 0.00625
0 0.9953125 0.21171875 0.009375 0.0109375
0 0.3015625 0.1171875 0.0109375 0.015625
0 0.26484375 0.11171875 0.0109375 0.015625
0 0.59921875 0.15859375 0.0109375 0.0109375
0 0.19609375 0.10234375 0.0046875 0.0046875
0 0.4890625 0.14609375 0.0046875 0.0046875
0 0.115625 0.09296875 0.0171875 0.0203125
0 0.13359375 0.0984375 0.0171875 0.0203125
0 0.5578125 0.1578125 0.0046875 0.0046875
0 0.421875 0.1390625 0.00625 0.009375
0 0.259375 0.115625 0.0046875 0.0046875
0 0.484375 0.14765625 0.0046875 0.0046875
0 0.10078125 0.09375 0.0125 0.0203125
0 0.5796875 0.1609375 0.0046875 0.0046875
0 0.50234375 0.15234375 0.00625 0.009375
0 0.63515625 0.17109375 0.0109375 0.015625
0 0.2015625 0.11171875 0.015625 0.015625
0 0.2265625 0.115625 0.0109375 0.015625
0 0.35546875 0.13359375 0.00625 0.0140625
0 0.4765625 0.15 0.00625 0.009375
0 0.08828125 0.0984375 0.021875 0.021875
0 0.05703125 0.09375 0.0109375 0.015625
0 0.6140625 0.171875 0.00625 0.009375
0 0.68046875 0.18125 0.00625 0.009375
0 0.2171875 0.11640625 0.00625 0.009375
0 0.4875 0.1546875 0.0046875 0.0046875
0 0.56328125 0.1671875 0.00625 0.0140625
0 0.6296875 0.1765625 0.00625 0.0140625
0 0.28359375 0.128125 0.0171875 0.025
0 0.3703125 0.1421875 0.021875 0.0296875
0 0.60625 0.17578125 0.00625 0.0140625
0 0.5703125 0.1703125 0.00625 0.0140625
0 0.54609375 0.16953125 0.0171875 0.0296875
0 0.503125 0.16328125 0.0046875 0.0046875
0 0.6515625 0.184375 0.0109375 0.015625
0 0.33515625 0.1421875 0.0109375 0.015625
0 0.5890625 0.178125 0.00625 0.009375
0 0.15390625 0.1171875 0.021875 0.0265625
0 0.3265625 0.14140625 0.00625 0.0140625
0 0.6671875 0.1890625 0.0109375 0.015625
0 0.2296875 0.1296875 0.0171875 0.0203125
0 0.31171875 0.14375 0.0109375 0.015625
0 0.7328125 0.20546875 0.0109375 0.015625
0 0.85703125 0.22265625 0.0109375 0.0109375
0 0.678125 0.2 0.00625 0.0140625
0 0.20546875 0.13359375 0.021875 0.021875
0 0.446875 0.1671875 0.0296875 0.0484375
0 0.56796875 0.184375 0.0109375 0.0109375
0 0.76640625 0.21484375 0.0109375 0.015625
0 0.60390625 0.1921875 0.0171875 0.025
0 0.63671875 0.196875 0.0125 0.0203125
0 0.8015625 0.21953125 0.0109375 0.0109375
0 0.8328125 0.2265625 0.0046875 0.0046875
0 0.75078125 0.21484375 0.015625 0.015625
0 0.76015625 0.21640625 0.0109375 0.015625
0 0.92421875 0.24140625 0.00625 0.0140625
0 0.715625 0.2125 0.00625 0.0140625
0 0.93359375 0.24296875 0.0109375 0.015625
0 0.6859375 0.20859375 0.0109375 0.015625
0 0.96015625 0.2515625 0.0046875 0.0046875
0 0.515625 0.1890625 0.01875 0.0390625
0 0.72421875 0.21796875 0.0125 0.0203125
0 0.72890625 0.21875 0.0078125 0.01875
0 0.6640625 0.2125 0.0109375 0.015625
0 0.65234375 0.2109375 0.0109375 0.0109375
0 0.61796875 0.2078125 0.01875 0.034375
0 0.95 0.2546875 0.0109375 0.015625
0 0.7046875 0.2203125 0.0171875 0.0203125
0 0.83125 0.23828125 0.00625 0.009375
0 0.55390625 0.2015625 0.03125 0.0265625
0 0.815625 0.23828125 0.009375 0.00625
0 0.5234375 0.196875 0.01875 0.034375
0 0.97265625 0.2625 0.00625 0.009375
0 0.93671875 0.2578125 0.0109375 0.015625
0 0.5828125 0.2078125 0.0171875 0.025
0 0.85078125 0.24765625 0.0234375 0.034375
0 0.965625 0.2640625 0.0109375 0.0109375
0 0.41796875 0.18671875 0.059375 0.0765625
0 0.321875 0.1734375 0.0171875 0.0296875
0 0.8 0.24296875 0.00625 0.009375
0 0.8390625 0.25078125 0.0109375 0.015625
0 0.75703125 0.2390625 0.0109375 0.0109375
0 0.9921875 0.271875 0.015625 0.015625
0 0.91640625 0.26640625 0.0171875 0.0203125
0 0.96171875 0.275 0.0109375 0.015625
0 0.81015625 0.25625 0.0171875 0.025
0 0.4796875 0.21015625 0.0453125 0.0734375
0 0.96015625 0.28359375 0.0125 0.0203125
0 0.89140625 0.2765625 0.0234375 0.034375
0 0.93984375 0.2859375 0.0171875 0.0203125
0 0.9875 0.3 0.025 0.03125
0 0.72734375 0.26328125 0.0234375 0.0390625
0 0.575 0.26484375 0.0375 0.0734375
0 0.1671875 0.22421875 0.0546875 0.065625
0 0.97890625 0.35234375 0.028125 0.0390625
0 0.6671875 0.34609375 0.0515625 0.0796875
0 0.47109375 0.3234375 0.0625 0.090625
0 0.20859375 0.309375 0.0703125 0.0859375
0 0.97578125 0.48671875 0.0484375 0.0609375
0 0.63984375 0.45390625 0.075 0.11875
0 0.340625 0.53125 0.1171875 0.165625
0 0.63359375 0.6640625 0.184375 0.259375