0 0.85625 0.1328125 0.0484375 0.0765625
0 0.19609375 0.1140625 0.0578125 0.0671875
0 0.5828125 0.12734375 0.0484375 0.0765625
0 0.49609375 0.13203125 0.0578125 0.0625
0 0.3046875 0.125 0.0671875 0.08125
0 0.77109375 0.17109375 0.053125 0.0859375
0 0.43984375 0.1734375 0.0484375 0.0578125
0 0.059375 0.17421875 0.071875 0.08125
0 0.6046875 0.2 0.053125 0.071875
0 0.51484375 0.215625 0.053125 0.0671875
0 0.95390625 0.23984375 0.0578125 0.090625
0 0.178125 0.21484375 0.0578125 0.08125
0 0.35 0.2234375 0.0625 0.0765625
0 0.64296875 0.25234375 0.0625 0.0765625
0 0.30078125 0.02265625 0.0578125 0.0453125
0 0.68203125 0.265625 0.034375 0.05625
0 0.76953125 0.27578125 0.0859375 0.0578125
0 0.16171875 0.02265625 0.0578125 0.0453125
0 0.27421875 0.27265625 0.0578125 0.071875
0 0.42109375 0.3 0.0625 0.0671875
0 0.153125 0.2953125 0.0734375 0.1
0 0.8859375 0.3234375 0.053125 0.08125
0 0.9859375 0.33828125 0.028125 0.0796875
0 0.52421875 0.334375 0.0484375 0.0625
0 0.7515625 0.04296875 0.0453125 0.0703125
0 0.3515625 0.35546875 0.0484375 0.0625
0 0.53046875 0.0375 0.053125 0.071875
0 0.8671875 0.04921875 0.053125 0.0578125
0 0.02578125 0.365625 0.04375 0.0703125
0 0.69609375 0.39609375 0.053125 0.0671875
0 0.93359375 0.41328125 0.0578125 0.0625
0 0.8015625 0.4109375 0.0578125 0.0765625
0 0.24140625 0.39609375 0.0484375 0.071875
0 0.55078125 0.42734375 0.053125 0.0625
0 0.33125 0.42421875 0.0578125 0.0671875
0 0.07890625 0.434375 0.0578125 0.071875
0 0.15703125 0.44921875 0.0765625 0.090625
0 0.4171875 0.47578125 0.0578125 0.0671875
0 0.24296875 0.49140625 0.0765625 0.0671875
0 0.40703125 0.0515625 0.0484375 0.071875
0 0.88515625 0.55234375 0.0625 0.08125
0 0.0359375 0.04296875 0.04375 0.0859375
0 0.18515625 0.56328125 0.0671875 0.0671875
0 0.98046875 0.59375 0.0265625 0.0890625
0 0.340625 0.5734375 0.0765625 0.0671875
0 0.0640625 0.578125 0.071875 0.08125
0 0.478125 0.5984375 0.0765625 0.08125
0 0.0171875 0.584375 0.034375 0.075
0 0.70703125 0.615625 0.0671875 0.0671875
0 0.646875 0.0671875 0.04375 0.075
0 0.24453125 0.6625 0.0765625 0.071875
0 0.015625 0.67265625 0.03125 0.0703125
0 0.65390625 0.01171875 0.0375 0.015625
0 0.92265625 0.72109375 0.0671875 0.071875
0 0.478125 0.728125 0.0625 0.0859375
0 0.815625 0.74453125 0.0625 0.071875
0 0.2546875 0.75546875 0.08125 0.0765625
0 0.69609375 0.80078125 0.0625 0.090625
0 0.09296875 0.80078125 0.08125 0.090625
0 0.33046875 0.8484375 0.071875 0.0671875
0 0.90234375 0.90078125 0.071875 0.0578125
0 0.965625 0.1125 0.0484375 0.071875