0 0.540625 0.32578125 0.04375 0.065625
0 0.0875 0.3140625 0.0734375 0.1140625
0 0.46875 0.334375 0.0390625 0.0609375
0 0.34609375 0.3484375 0.0671875 0.08125
0 0.66640625 0.3640625 0.053125 0.090625
0 0.58828125 0.36171875 0.0578125 0.0765625
0 0.8171875 0.37421875 0.04375 0.084375
0 0.41015625 0.36484375 0.0390625 0.075
0 0.740625 0.38125 0.04375 0.0703125
0 0.2515625 0.37578125 0.053125 0.0625
0 0.53203125 0.38984375 0.0390625 0.084375
0 0.21484375 0.3859375 0.053125 0.08125
0 0.140625 0.38828125 0.0578125 0.090625
0 0.46640625 0.4171875 0.0390625 0.0703125
0 0.31015625 0.428125 0.0484375 0.084375
0 0.63671875 0.44453125 0.053125 0.08125
0 0.809375 0.4625 0.0484375 0.084375
0 0.4296875 0.4515625 0.04375 0.065625
0 0.57109375 0.465625 0.0578125 0.090625
0 0.25859375 0.459375 0.04375 0.075
0 0.7140625 0.47578125 0.0640625 0.0984375
0 0.89921875 0.48828125 0.0484375 0.0890625
0 0.4984375 0.4765625 0.0390625 0.065625
0 0.6484375 0.5078125 0.053125 0.08125
0 0.16796875 0.51171875 0.0578125 0.090625
0 0.7765625 0.553125 0.0484375 0.0671875
0 0.3546875 0.54140625 0.053125 0.0765625
0 0.4078125 0.54296875 0.04375 0.0796875
0 0.28515625 0.54296875 0.06875 0.103125
0 0.56015625 0.57890625 0.04375 0.075
0 0.83515625 0.6 0.0546875 0.0953125
0 0.51328125 0.59140625 0.059375 0.0984375
0 0.63359375 0.6015625 0.0578125 0.071875
0 0.41953125 0.60546875 0.0484375 0.0890625
0 0.35390625 0.62734375 0.0625 0.08125
0 0.73828125 0.640625 0.0625 0.090625
0 0.67578125 0.64296875 0.05 0.0984375
0 0.50078125 0.678125 0.053125 0.090625
0 0.39375 0.69765625 0.0578125 0.0859375
0 0.29609375 0.69453125 0.0546875 0.1125
0 0.5671875 0.70390625 0.04375 0.0890625
0 0.634375 0.71328125 0.053125 0.08125
0 0.2109375 0.70078125 0.0640625 0.0984375
0 0.5234375 0.74375 0.05 0.0984375
0 0.7328125 0.7890625 0.0484375 0.0890625
0 0.4578125 0.796875 0.059375 0.0984375
0 0.13984375 0.8 0.06875 0.0984375
0 0.38046875 0.8109375 0.06875 0.1078125
0 0.24140625 0.80859375 0.059375 0.0984375
0 0.58828125 0.82265625 0.0546875 0.0953125
0 0.3109375 0.81796875 0.0640625 0.103125
0 0.6453125 0.8390625 0.0578125 0.090625
0 0.853125 0.8640625 0.059375 0.1078125
0 0.69140625 0.1890625 0.0390625 0.065625
0 0.4921875 0.18671875 0.0390625 0.075
0 0.19140625 0.17890625 0.04375 0.0796875
0 0.284375 0.184375 0.0484375 0.0578125
0 0.3390625 0.19609375 0.0390625 0.075
0 0.76015625 0.21015625 0.0484375 0.071875
0 0.5421875 0.20546875 0.04375 0.0796875
0 0.61640625 0.21015625 0.053125 0.08125
0 0.40859375 0.2078125 0.04375 0.0796875
0 0.92578125 0.234375 0.0390625 0.0796875
0 0.83359375 0.240625 0.0484375 0.0765625
0 0.4578125 0.26015625 0.0390625 0.0703125
0 0.609375 0.284375 0.0390625 0.0609375
0 0.51484375 0.284375 0.04375 0.0703125
0 0.2046875 0.27421875 0.04375 0.075
0 0.571875 0.2890625 0.04375 0.065625
0 0.2875 0.290625 0.0484375 0.084375
0 0.88203125 0.31640625 0.04375 0.0796875
0 0.6875 0.31171875 0.053125 0.071875
0 0.76328125 0.321875 0.0390625 0.0703125
0 0.37890625 0.31015625 0.0484375 0.0765625