0 0.75234375 0.02109375 0.0046875 0.0046875
0 0.71484375 0.28359375 0.009375 0.0140625
0 0.5921875 0.29296875 0.009375 0.0140625
0 0.64609375 0.290625 0.009375 0.0140625
0 0.6390625 0.29140625 0.009375 0.01875
0 0.721875 0.29296875 0.009375 0.01875
0 0.60390625 0.296875 0.0046875 0.009375
0 0.61796875 0.3015625 0.009375 0.01875
0 0.7171875 0.02265625 0.0046875 0.0046875
0 0.68984375 0.0234375 0.0046875 0.0046875
0 0.7015625 0.30546875 0.015625 0.0234375
0 0.60234375 0.30859375 0.009375 0.01875
0 0.65078125 0.309375 0.009375 0.01875
0 0.6578125 0.3140625 0.009375 0.01875
0 0.68359375 0.31328125 0.009375 0.0140625
0 0.6234375 0.3171875 0.009375 0.01875
0 0.71171875 0.3140625 0.0140625 0.01875
0 0.66484375 0.31796875 0.0140625 0.01875
0 0.68828125 0.3265625 0.0140625 0.01875
0 0.73828125 0.0234375 0.0046875 0.009375
0 0.6046875 0.3296875 0.009375 0.01875
0 0.63359375 0.33359375 0.0140625 0.01875
0 0.7078125 0.3359375 0.0140625 0.01875
0 0.59375 0.33984375 0.0140625 0.0140625
0 0.5828125 0.34609375 0.009375 0.0140625
0 0.6890625 0.34453125 0.0140625 0.01875
0 0.60546875 0.34765625 0.0140625 0.01875
0 0.5734375 0.34921875 0.009375 0.0140625
0 0.59609375 0.35078125 0.009375 0.0140625
0 0.61484375 0.35 0.009375 0.01875
0 0.65625 0.3484375 0.0140625 0.01875
0 0.63203125 0.35625 0.0140625 0.01875
0 0.5625 0.3609375 0.0140625 0.0140625
0 0.71953125 0.3578125 0.009375 0.01875
0 0.678125 0.359375 0.0140625 0.01875
0 0.7359375 0.359375 0.0140625 0.01875
0 0.5921875 0.3671875 0.0140625 0.01875
0 0.60859375 0.36640625 0.009375 0.01875
0 0.74296875 0.028125 0.0046875 0.0046875
0 0.61796875 0.3734375 0.0140625 0.01875
0 0.55625 0.3796875 0.009375 0.01875
0 0.7046875 0.37734375 0.015625 0.0234375
0 0.7078125 0.03125 0.0046875 0.0046875
0 0.59765625 0.38125 0.009375 0.01875
0 0.6421875 0.38203125 0.0140625 0.0140625
0 0.565625 0.3890625 0.015625 0.0234375
0 0.74375 0.3828125 0.0140625 0.01875
0 0.628125 0.39140625 0.0140625 0.01875
0 0.7140625 0.390625 0.015625 0.0234375
0 0.69140625 0.3984375 0.015625 0.0234375
0 0.66328125 0.40390625 0.015625 0.0234375
0 0.59140625 0.4109375 0.015625 0.0234375
0 0.603125 0.41015625 0.015625 0.0234375
0 0.56171875 0.4140625 0.015625 0.0234375
0 0.703125 0.034375 0.0046875 0.009375
0 0.5234375 0.425 0.015625 0.0234375
0 0.72421875 0.4296875 0.015625 0.0234375
0 0.7125 0.0359375 0.009375 0.009375
0 0.68046875 0.4359375 0.0140625 0.01875
0 0.6109375 0.440625 0.0140625 0.01875
0 0.72890625 0.03515625 0.0046875 0.009375
0 0.66484375 0.44375 0.015625 0.0234375
0 0.6 0.4546875 0.015625 0.0234375
0 0.675 0.46328125 0.0203125 0.0234375
0 0.58046875 0.46875 0.015625 0.0234375
0 0.640625 0.4671875 0.0203125 0.0234375
0 0.715625 0.03828125 0.0046875 0.0046875
0 0.7203125 0.040625 0.0046875 0.009375
0 0.7 0.04140625 0.0046875 0.0046875
0 0.70390625 0.04140625 0.0046875 0.0046875
0 0.5234375 0.49453125 0.015625 0.0234375
0 0.7390625 0.0421875 0.0046875 0.0046875
0 0.5578125 0.49765625 0.015625 0.0234375
0 0.74375 0.0421875 0.0046875 0.009375
0 0.3796875 0.50859375 0.025 0.0296875
0 0.7015625 0.49765625 0.0203125 0.0234375
0 0.67109375 0.4984375 0.015625 0.0234375
0 0.64375 0.50703125 0.015625 0.028125
0 0.5421875 0.5125 0.0140625 0.01875
0 0.58671875 0.5109375 0.0140625 0.01875
0 0.5703125 0.51171875 0.0140625 0.01875
0 0.628125 0.5140625 0.0140625 0.01875
0 0.60703125 0.51484375 0.015625 0.0234375
0 0.5796875 0.52890625 0.0203125 0.0234375
0 0.9171875 0.521875 0.0203125 0.0328125
0 0.71328125 0.0453125 0.0046875 0.009375
0 0.69296875 0.0484375 0.0046875 0.009375
0 0.62890625 0.54140625 0.015625 0.0234375
0 0.70859375 0.04765625 0.0046875 0.009375
0 0.5546875 0.55390625 0.0203125 0.028125
0 0.60625 0.55625 0.0203125 0.028125
0 0.7 0.05078125 0.0046875 0.009375
0 0.634375 0.5625 0.0140625 0.01875
0 0.6875 0.57265625 0.015625 0.0234375
0 0.671875 0.57734375 0.0140625 0.01875
0 0.6625 0.578125 0.0140625 0.01875
0 0.54453125 0.59296875 0.015625 0.028125
0 0.59609375 0.5984375 0.015625 0.0234375
0 0.63984375 0.596875 0.0203125 0.028125
0 0.72265625 0.05234375 0.0046875 0.0046875
0 0.5875 0.603125 0.0203125 0.028125
0 0.14765625 0.6234375 0.025 0.025
0 0.5015625 0.6109375 0.015625 0.028125
0 0.10390625 0.63203125 0.028125 0.0203125
0 0.7234375 0.61015625 0.0203125 0.0328125
0 0.6171875 0.61875 0.025 0.0296875
0 0.6828125 0.62109375 0.0203125 0.028125
0 0.57421875 0.625 0.0203125 0.028125
0 0.08359375 0.64453125 0.025 0.0328125
0 0.690625 0.05546875 0.0046875 0.0046875
0 0.5625 0.634375 0.0140625 0.01875
0 0.69921875 0.63203125 0.0203125 0.0328125
0 0.5046875 0.6390625 0.0296875 0.0296875
0 0.70625 0.05703125 0.0046875 0.009375
0 0.71328125 0.05703125 0.0046875 0.009375
0 0.66015625 0.63359375 0.01875 0.01875
0 0.065625 0.659375 0.0203125 0.0375
0 0.52890625 0.6453125 0.0203125 0.028125
0 0.10703125 0.66015625 0.025 0.0296875
0 0.69765625 0.0578125 0.0046875 0.0046875
0 0.459375 0.6546875 0.025 0.0375
0 0.484375 0.65390625 0.0203125 0.0328125
0 0.6515625 0.65390625 0.0203125 0.0234375
0 0.68828125 0.65546875 0.0203125 0.028125
0 0.6375 0.659375 0.0203125 0.0234375
0 0.7140625 0.66171875 0.0203125 0.0328125
0 0.68203125 0.0609375 0.0046875 0.009375
0 0.675 0.66953125 0.0203125 0.0328125
0 0.534375 0.6796875 0.0203125 0.0375
0 0.65 0.6796875 0.0203125 0.0328125
0 0.74921875 0.6765625 0.0203125 0.028125
0 0.41328125 0.690625 0.025 0.0328125
0 0.0765625 0.70234375 0.0203125 0.0328125
0 0.68671875 0.0625 0.0046875 0.009375
0 0.5 0.696875 0.01875 0.01875
0 0.96484375 0.68046875 0.0203125 0.0328125
0 0.728125 0.0609375 0.0046875 0.009375
0 0.68984375 0.70234375 0.0203125 0.028125
0 0.6578125 0.7078125 0.015625 0.028125
0 0.49609375 0.71953125 0.025 0.0328125
0 0.73515625 0.065625 0.0046875 0.009375
0 0.584375 0.73046875 0.0203125 0.0375
0 0.66953125 0.728125 0.0203125 0.0328125
0 0.4140625 0.7390625 0.025 0.0328125
0 0.44375 0.74765625 0.025 0.0328125
0 0.6796875 0.06796875 0.0046875 0.0046875
0 0.6828125 0.76484375 0.0203125 0.0375
0 0.69140625 0.071875 0.009375 0.009375
0 0.6328125 0.78203125 0.025 0.0375
0 0.7625 0.7828125 0.0203125 0.0375
0 0.71015625 0.8125 0.0296875 0.0421875
0 0.67265625 0.07734375 0.0046875 0.009375
0 0.821875 0.8203125 0.025 0.0328125
0 0.6796875 0.0796875 0.0046875 0.0140625
0 0.246875 0.875 0.0296875 0.0375
0 0.66796875 0.08203125 0.009375 0.009375
0 0.8828125 0.85703125 0.034375 0.046875
0 0.8 0.86953125 0.0328125 0.0421875
0 0.99453125 0.871875 0.0109375 0.05625
0 0.7296875 0.89921875 0.0296875 0.0421875
0 0.7359375 0.08203125 0.009375 0.009375
0 0.85703125 0.89921875 0.0296875 0.0421875
0 0.95859375 0.8984375 0.0296875 0.0515625
0 0.14921875 0.940625 0.0296875 0.0421875
0 0.7578125 0.921875 0.0390625 0.046875
0 0.82109375 0.94765625 0.0296875 0.0421875
0 0.68046875 0.090625 0.0046875 0.009375
0 0.72890625 0.090625 0.0046875 0.009375
0 0.75546875 0.00234375 0.0046875 0.0046875
0 0.721875 0.09375 0.0046875 0.009375
0 0.7078125 0.0984375 0.009375 0.009375
0 0.73359375 0.1 0.009375 0.009375
0 0.67890625 0.109375 0.0046875 0.0046875
0 0.72265625 0.1078125 0.009375 0.009375
0 0.73203125 0.11171875 0.009375 0.009375
0 0.7203125 0.1171875 0.009375 0.0046875
0 0.734375 0.12109375 0.0046875 0.009375
0 0.75078125 0.125 0.0046875 0.009375
0 0.7390625 0.12578125 0.009375 0.0046875
0 0.68203125 0.1328125 0.0046875 0.0046875
0 0.73046875 0.13046875 0.009375 0.0046875
0 0.709375 0.13359375 0.0046875 0.0046875
0 0.68671875 0.134375 0.0046875 0.0046875
0 0.703125 0.134375 0.009375 0.009375
0 0.74453125 0.13515625 0.0046875 0.0046875
0 0.6890625 0.13671875 0.0046875 0.0046875
0 0.675 0.1375 0.009375 0.0140625
0 0.6984375 0.13671875 0.009375 0.009375
0 0.64453125 0.14296875 0.0046875 0.0140625
0 0.746875 0.00546875 0.0046875 0.009375
0 0.7375 0.1421875 0.009375 0.0140625
0 0.68671875 0.14609375 0.0046875 0.009375
0 0.7515625 0.14375 0.0046875 0.0046875
0 0.73984375 0.0078125 0.0046875 0.0046875
0 0.75625 0.00703125 0.0046875 0.0046875
0 0.66640625 0.15078125 0.0046875 0.009375
0 0.696875 0.15 0.009375 0.0140625
0 0.73359375 0.15078125 0.009375 0.009375
0 0.7265625 0.1515625 0.0046875 0.0140625
0 0.70234375 0.009375 0.0046875 0.0046875
0 0.72421875 0.15859375 0.009375 0.0046875
0 0.7078125 0.1703125 0.009375 0.0140625
0 0.72265625 0.17265625 0.009375 0.0140625
0 0.66953125 0.1765625 0.009375 0.0140625
0 0.63046875 0.1828125 0.009375 0.0140625
0 0.61875 0.1828125 0.009375 0.0140625
0 0.73046875 0.01015625 0.0046875 0.0046875
0 0.65546875 0.18671875 0.009375 0.009375
0 0.63984375 0.1921875 0.009375 0.009375
0 0.734375 0.18828125 0.009375 0.009375
0 0.7203125 0.1890625 0.009375 0.0140625
0 0.671875 0.19296875 0.009375 0.0140625
0 0.725 0.19140625 0.009375 0.009375
0 0.7109375 0.19140625 0.009375 0.0140625
0 0.65390625 0.19609375 0.009375 0.0140625
0 0.6984375 0.19453125 0.009375 0.0140625
0 0.6890625 0.196875 0.009375 0.0140625
0 0.64296875 0.203125 0.009375 0.009375
0 0.73046875 0.2 0.009375 0.0140625
0 0.646875 0.2078125 0.009375 0.009375
0 0.6609375 0.2078125 0.009375 0.0140625
0 0.746875 0.0125 0.0046875 0.0046875
0 0.63828125 0.2171875 0.009375 0.0140625
0 0.721875 0.015625 0.0046875 0.009375
0 0.64609375 0.22109375 0.009375 0.0140625
0 0.7015625 0.221875 0.0140625 0.0140625
0 0.7265625 0.015625 0.0046875 0.0046875
0 0.75625 0.0140625 0.0046875 0.0046875
0 0.73125 0.22265625 0.009375 0.0140625
0 0.7171875 0.228125 0.009375 0.0140625
0 0.67109375 0.23671875 0.009375 0.0140625
0 0.74296875 0.0171875 0.0046875 0.0046875
0 0.6828125 0.2390625 0.009375 0.0140625
0 0.66171875 0.23984375 0.009375 0.009375
0 0.61875 0.2484375 0.009375 0.01875
0 0.65078125 0.24921875 0.009375 0.01875
0 0.66015625 0.2515625 0.009375 0.01875
0 0.715625 0.24921875 0.009375 0.01875
0 0.690625 0.25703125 0.009375 0.01875
0 0.70546875 0.0203125 0.0046875 0.0046875
0 0.6984375 0.26171875 0.009375 0.01875
0 0.62421875 0.2640625 0.009375 0.0140625
0 0.728125 0.26328125 0.009375 0.01875
0 0.63125 0.26640625 0.009375 0.01875
0 0.67265625 0.2671875 0.009375 0.0140625
0 0.76171875 0.01875 0.0046875 0.009375
0 0.61015625 0.28046875 0.009375 0.01875
0 0.6796875 0.28046875 0.009375 0.01875