0 0.9015625 0.8515625 0.1421875 0.2453125
0 0.96171875 0.27265625 0.0203125 0.0234375
0 0.8078125 0.2828125 0.0140625 0.01875
0 0.9390625 0.278125 0.0203125 0.0234375
0 0.70390625 0.29609375 0.0140625 0.01875
0 0.875 0.2921875 0.01875 0.01875
0 0.91875 0.29296875 0.009375 0.0140625
0 0.5578125 0.30546875 0.0046875 0.009375
0 0.678125 0.30390625 0.0140625 0.01875
0 0.7171875 0.30234375 0.009375 0.0140625
0 0.90234375 0.29609375 0.0140625 0.0140625
0 0.64140625 0.30546875 0.0140625 0.0140625
0 0.5515625 0.3109375 0.009375 0.009375
0 0.36171875 0.321875 0.0140625 0.009375
0 0.5953125 0.3140625 0.0140625 0.01875
0 0.61640625 0.31328125 0.015625 0.0234375
0 0.40546875 0.32265625 0.0140625 0.01875
0 0.45703125 0.32109375 0.0140625 0.0140625
0 0.49140625 0.321875 0.025 0.0296875
0 0.709375 0.3171875 0.0140625 0.0140625
0 0.36875 0.32890625 0.0140625 0.0140625
0 0.38515625 0.328125 0.0140625 0.01875
0 0.1703125 0.33828125 0.009375 0.009375
0 0.16328125 0.33828125 0.009375 0.0140625
0 0.1515625 0.340625 0.0046875 0.009375
0 0.54453125 0.32734375 0.009375 0.01875
0 0.7203125 0.32109375 0.0140625 0.0140625
0 0.30703125 0.3359375 0.0140625 0.0140625
0 0.56796875 0.3265625 0.0140625 0.0140625
0 0.31640625 0.3375 0.0140625 0.0140625
0 0.80390625 0.3203125 0.0140625 0.0140625
0 0.84765625 0.32109375 0.01875 0.01875
0 0.68359375 0.32734375 0.0140625 0.01875
0 0.18203125 0.346875 0.009375 0.0140625
0 0.89921875 0.321875 0.0328125 0.0421875
0 0.63828125 0.33125 0.0296875 0.025
0 0.92421875 0.3234375 0.025 0.0328125
0 0.2703125 0.34609375 0.0140625 0.01875
0 0.4640625 0.3390625 0.009375 0.0140625
0 0.6078125 0.334375 0.0203125 0.028125
0 0.22109375 0.35234375 0.0140625 0.0140625
0 0.4734375 0.34375 0.0140625 0.0140625
0 0.0984375 0.35703125 0.009375 0.0140625
0 0.41328125 0.34765625 0.0140625 0.01875
0 0.7953125 0.33671875 0.015625 0.0234375
0 0.0890625 0.3609375 0.009375 0.009375
0 0.746875 0.33828125 0.0203125 0.0234375
0 0.328125 0.353125 0.009375 0.009375
0 0.03671875 0.36328125 0.009375 0.009375
0 0.77890625 0.3390625 0.0296875 0.0421875
0 0.6796875 0.34296875 0.015625 0.0234375
0 0.115625 0.3625 0.009375 0.009375
0 0.29296875 0.35625 0.0140625 0.01875
0 0.8765625 0.3359375 0.034375 0.0515625
0 0.1875 0.36015625 0.009375 0.0140625
0 0.14375 0.3640625 0.009375 0.009375
0 0.3671875 0.35625 0.0140625 0.01875
0 0.8140625 0.340625 0.025 0.0328125
0 0.259375 0.36015625 0.015625 0.0234375
0 0.71640625 0.34609375 0.01875 0.01875
0 0.15078125 0.36640625 0.009375 0.0140625
0 0.5359375 0.35234375 0.0296875 0.0375
0 0.47890625 0.35703125 0.015625 0.0234375
0 0.4421875 0.3578125 0.025 0.025
0 0.6515625 0.35078125 0.015625 0.0234375
0 0.31015625 0.3625 0.025 0.0296875
0 0.38203125 0.36015625 0.0140625 0.01875
0 0.2359375 0.36796875 0.0140625 0.0140625
0 0.071875 0.37578125 0.01875 0.01875
0 0.18046875 0.371875 0.0140625 0.0140625
0 0.346875 0.36640625 0.025 0.025
0 0.1640625 0.37265625 0.0140625 0.01875
0 0.134375 0.37578125 0.0140625 0.01875
0 0.5859375 0.3625 0.0296875 0.0421875
0 0.45859375 0.3671875 0.0203125 0.028125
0 0.19453125 0.3765625 0.0140625 0.0140625
0 0.04921875 0.3859375 0.01875 0.01875
0 0.14375 0.3828125 0.0140625 0.0140625
0 0.21328125 0.38046875 0.0203125 0.0234375
0 0.09765625 0.384375 0.015625 0.0234375
0 0.12109375 0.3859375 0.0140625 0.01875
0 0.27109375 0.38046875 0.0203125 0.0234375
0 0.01015625 0.3921875 0.01875 0.01875
0 0.0328125 0.39375 0.0140625 0.01875
0 0.68515625 0.37109375 0.0140625 0.0140625
0 0.63515625 0.375 0.0296875 0.0515625
0 0.396875 0.3859375 0.0203125 0.028125
0 0.1578125 0.39609375 0.0203125 0.0328125
0 0.18828125 0.39765625 0.015625 0.0234375
0 0.05625 0.4046875 0.015625 0.0234375
0 0.11171875 0.4046875 0.0203125 0.028125
0 0.13046875 0.40390625 0.015625 0.0234375
0 0.23671875 0.40078125 0.025 0.025
0 0.575 0.3890625 0.04375 0.0609375
0 0.225 0.403125 0.0140625 0.01875
0 0.76484375 0.38671875 0.04375 0.0515625
0 0.4703125 0.396875 0.0296875 0.0328125
0 0.66953125 0.38984375 0.034375 0.046875
0 0.3734375 0.40078125 0.025 0.0421875
0 0.175 0.409375 0.0203125 0.0234375
0 0.44609375 0.4046875 0.04375 0.05625
0 0.15 0.41796875 0.0296875 0.0375
0 0.04296875 0.42109375 0.0203125 0.0234375
0 0.01484375 0.4234375 0.0296875 0.0375
0 0.09375 0.4234375 0.025 0.0328125
0 0.32578125 0.41796875 0.025 0.0328125
0 0.3578125 0.41640625 0.0390625 0.065625
0 0.2125 0.42421875 0.0203125 0.0234375
0 0.25703125 0.42734375 0.0328125 0.0421875
0 0.48515625 0.421875 0.0296875 0.0375
0 0.953125 0.41015625 0.06875 0.1078125
0 0.11796875 0.4390625 0.025 0.025
0 0.53671875 0.42421875 0.04375 0.075
0 0.7265625 0.41796875 0.04375 0.05625
0 0.821875 0.41953125 0.053125 0.0765625
0 0.1828125 0.44375 0.034375 0.0515625
0 0.10703125 0.4515625 0.01875 0.01875
0 0.0953125 0.4515625 0.025 0.0375
0 0.0703125 0.4546875 0.0390625 0.05625
0 0.409375 0.44296875 0.053125 0.0765625
0 0.21796875 0.46640625 0.034375 0.046875
0 0.165625 0.47265625 0.034375 0.046875
0 0.13828125 0.478125 0.034375 0.05625
0 0.66328125 0.4640625 0.0578125 0.071875
0 0.51796875 0.4875 0.053125 0.0765625
0 0.24765625 0.5109375 0.0390625 0.0515625
0 0.29765625 0.5390625 0.0671875 0.0859375
0 0.6875 0.56796875 0.0640625 0.0984375
0 0.03515625 0.596875 0.06875 0.13125
0 0.52734375 0.603125 0.078125 0.1140625
0 0.2875 0.6671875 0.078125 0.11875
0 0.1453125 0.8296875 0.1734375 0.2140625