0 0.9046875 0.20390625 0.0390625 0.0640625
0 0.81171875 0.19296875 0.0359375 0.05
0 0.53515625 0.1390625 0.0296875 0.0359375
0 0.19765625 0.078125 0.028125 0.0328125
0 0.41171875 0.11953125 0.03125 0.0453125
0 0.30390625 0.09921875 0.0375 0.0546875
0 0.9609375 0.22890625 0.0359375 0.05
0 0.4515625 0.13203125 0.0296875 0.040625
0 0.146875 0.0734375 0.025 0.034375
0 0.253125 0.09609375 0.0296875 0.040625
0 0.09140625 0.0671875 0.0328125 0.059375
0 0.92265625 0.23125 0.0359375 0.05
0 0.65703125 0.1796875 0.0359375 0.05
0 0.99609375 0.24765625 0.0078125 0.0546875
0 0.3515625 0.121875 0.0359375 0.05
0 0.6984375 0.19609375 0.0359375 0.05
0 0.5109375 0.16484375 0.0328125 0.0546875
0 0.41640625 0.15078125 0.03125 0.05
0 0.19609375 0.1109375 0.0359375 0.05
0 0.5859375 0.19140625 0.03125 0.05
0 0.14921875 0.10859375 0.0359375 0.0453125
0 0.9265625 0.09296875 0.0296875 0.040625
0 0.5421875 0.18515625 0.0359375 0.05
0 0.7984375 0.2375 0.040625 0.05625
0 0.25546875 0.134375 0.0234375 0.03125
0 0.44296875 0.175 0.0296875 0.0359375
0 0.340625 0.15546875 0.03125 0.0453125
0 0.7609375 0.2375 0.0296875 0.0359375
0 0.73984375 0.2375 0.025 0.0390625
0 0.71875 0.0546875 0.0296875 0.040625
0 0.778125 0.06640625 0.0359375 0.0453125
0 0.63359375 0.22421875 0.025 0.0390625
0 0.95390625 0.2890625 0.0375 0.0546875
0 0.14453125 0.134375 0.028125 0.0328125
0 0.41796875 0.0078125 0.0296875 0.015625
0 0.98046875 0.10546875 0.025 0.0390625
0 0.66171875 0.23671875 0.0328125 0.059375
0 0.48203125 0.2046875 0.0296875 0.0578125
0 0.840625 0.2765625 0.021875 0.021875
0 0.09296875 0.13125 0.0359375 0.05
0 0.2875 0.17109375 0.03125 0.0453125
0 0.2421875 0.1625 0.025 0.0390625
0 0.60625 0.23359375 0.0375 0.0546875
0 0.43984375 0.20234375 0.0296875 0.040625
0 0.74140625 0.26328125 0.0296875 0.040625
0 0.84296875 0.08125 0.0265625 0.04375
0 0.440625 0.0109375 0.025 0.021875
0 0.9921875 0.31640625 0.015625 0.0546875
0 0.33671875 0.18984375 0.0296875 0.040625
0 0.49765625 0.22109375 0.0328125 0.059375
0 0.54140625 0.23671875 0.0375 0.0546875
0 0.78671875 0.284375 0.0359375 0.0453125
0 0.89140625 0.3046875 0.0359375 0.05
0 0.190625 0.17578125 0.0390625 0.0640625
0 0.63125 0.26328125 0.0375 0.0546875
0 0.8390625 0.30859375 0.03125 0.05
0 0.1484375 0.175 0.0328125 0.059375
0 0.68671875 0.28125 0.0328125 0.0546875
0 0.3859375 0.22578125 0.0375 0.059375
0 0.47890625 0.24609375 0.03125 0.05
0 0.9484375 0.3375 0.0234375 0.0265625
0 0.43125 0.23671875 0.0296875 0.0359375
0 0.278125 0.209375 0.025 0.0390625
0 0.06875 0.1734375 0.0359375 0.05
0 0.58359375 0.27578125 0.0265625 0.0484375
0 0.571875 0.27578125 0.0328125 0.0546875
0 0.22578125 0.2109375 0.0359375 0.05
0 0.31484375 0.228125 0.0375 0.0546875
0 0.72734375 0.31328125 0.034375 0.0421875
0 0.78984375 0.33046875 0.03125 0.05
0 0.9859375 0.3734375 0.028125 0.065625
0 0.946875 0.36953125 0.0296875 0.040625
0 0.51328125 0.28515625 0.025 0.034375
0 0.615625 0.3078125 0.0359375 0.05
0 0.846875 0.3546875 0.03125 0.0453125
0 0.48046875 0.2859375 0.0328125 0.059375
0 0.415625 0.278125 0.0375 0.059375
0 0.16953125 0.2328125 0.0421875 0.0609375
0 0.88046875 0.0953125 0.0359375 0.0453125
0 0.2625 0.253125 0.0375 0.0546875
0 0.6859375 0.33515625 0.0328125 0.0546875
0 0.884375 0.37890625 0.0234375 0.0265625
0 0.57265625 0.31796875 0.025 0.034375
0 0.0546875 0.2203125 0.0265625 0.04375
0 0.3640625 0.28046875 0.0296875 0.0625
0 0.52578125 0.31875 0.03125 0.05
0 0.7140625 0.3578125 0.0359375 0.05
0 0.109375 0.2421875 0.03125 0.05
0 0.76796875 0.3703125 0.0375 0.0546875
0 0.825 0.38203125 0.03125 0.05
0 0.33125 0.2859375 0.0328125 0.0546875
0 0.9375 0.40859375 0.0328125 0.0546875
0 0.09453125 0.24453125 0.028125 0.053125
0 0.4796875 0.02109375 0.03125 0.0421875
0 0.678125 0.0578125 0.025 0.0390625
0 0.21875 0.27109375 0.03125 0.05
0 0.87578125 0.40859375 0.03125 0.05
0 0.2078125 0.28046875 0.0265625 0.0484375
0 0.37890625 0.015625 0.0328125 0.03125
0 0.5390625 0.03359375 0.0328125 0.0546875
0 0.65 0.36953125 0.0265625 0.0484375
0 0.56640625 0.3640625 0.03125 0.05
0 0.8296875 0.41796875 0.0375 0.0546875
0 0.7296875 0.3984375 0.03125 0.0453125
0 0.975 0.44609375 0.0328125 0.0546875
0 0.35 0.32421875 0.0328125 0.0546875
0 0.61796875 0.37890625 0.0375 0.0546875
0 0.45859375 0.35 0.0328125 0.0546875
0 0.6765625 0.3953125 0.0296875 0.040625
0 0.9484375 0.45 0.03125 0.05
0 0.5 0.365625 0.0359375 0.05
0 0.3015625 0.33203125 0.0328125 0.0546875
0 0.39375 0.3546875 0.0296875 0.0359375
0 0.734375 0.425 0.03125 0.05
0 0.13359375 0.3109375 0.040625 0.05625
0 0.1890625 0.3265625 0.0328125 0.0546875
0 0.278125 0.34375 0.0296875 0.040625
0 0.23203125 0.3375 0.03125 0.05
0 0.0703125 0.30625 0.0375 0.0546875
0 0.33359375 0.359375 0.0359375 0.06875
0 0.58125 0.04609375 0.0375 0.0546875
0 0.64921875 0.4234375 0.0328125 0.0546875
0 0.846875 0.4640625 0.0390625 0.0640625
0 0.78515625 0.4546875 0.0359375 0.05
0 0.684375 0.43671875 0.025 0.0390625
0 0.54765625 0.41328125 0.03125 0.05
0 0.5671875 0.04609375 0.03125 0.05
0 0.88359375 0.4796875 0.0375 0.059375
0 0.95625 0.49609375 0.03125 0.0453125
0 0.996875 0.50625 0.00625 0.046875
0 0.9109375 0.4875 0.0359375 0.05
0 0.45703125 0.40625 0.0375 0.0546875
0 0.38359375 0.39453125 0.0359375 0.05
0 0.2765625 0.3765625 0.028125 0.0328125
0 0.43515625 0.40703125 0.03125 0.05
0 0.5546875 0.4375 0.0375 0.0546875
0 0.48671875 0.43125 0.0359375 0.05
0 0.74140625 0.48359375 0.0328125 0.0546875
0 0.690625 0.47578125 0.03125 0.05
0 0.190625 0.38125 0.0296875 0.040625
0 0.7875 0.49921875 0.03125 0.05
0 0.31484375 0.4078125 0.0296875 0.040625
0 0.28203125 0.00546875 0.0234375 0.0109375
0 0.846875 0.51328125 0.0359375 0.0453125
0 0.8984375 0.528125 0.03125 0.05
0 0.98828125 0.5484375 0.0234375 0.053125
0 0.6453125 0.48125 0.028125 0.053125
0 0.0859375 0.37265625 0.0390625 0.0640625
0 0.2203125 0.40078125 0.040625 0.0515625
0 0.628125 0.48515625 0.0375 0.0546875
0 0.59140625 0.48046875 0.0375 0.059375
0 0.05 0.375 0.0359375 0.05
0 0.10859375 0.3890625 0.040625 0.0515625
0 0.2703125 0.4203125 0.0421875 0.0609375
0 0.4375 0.45703125 0.0375 0.0546875
0 0.15546875 0.4046875 0.0359375 0.0453125
0 0.32578125 0.43984375 0.0359375 0.05
0 0.390625 0.4546875 0.0375 0.0546875
0 0.78359375 0.53125 0.040625 0.0515625
0 0.73359375 0.52421875 0.040625 0.0515625
0 0.53046875 0.4890625 0.0421875 0.065625
0 0.32421875 0.01484375 0.0265625 0.0296875
0 0.4796875 0.48203125 0.03125 0.0453125
0 0.95234375 0.57578125 0.0296875 0.040625
0 0.83984375 0.55625 0.046875 0.0609375
0 0.67109375 0.528125 0.028125 0.053125
0 0.4171875 0.48828125 0.034375 0.0421875
0 0.88828125 0.58046875 0.0265625 0.04375
0 0.0375 0.4171875 0.0359375 0.05
0 0.1046875 0.43515625 0.0421875 0.065625
0 0.32265625 0.47734375 0.0375 0.0546875
0 0.2203125 0.46015625 0.0375 0.0546875
0 0.68359375 0.55 0.03125 0.0453125
0 0.365625 0.48828125 0.0328125 0.0546875
0 0.15859375 0.45 0.0453125 0.05625
0 0.571875 0.5328125 0.034375 0.0375
0 0.78671875 0.575 0.03125 0.05
0 0.46171875 0.51640625 0.0328125 0.0546875
0 0.509375 0.52578125 0.025 0.034375
0 0.61796875 0.546875 0.0375 0.0546875
0 0.2640625 0.478125 0.0296875 0.040625
0 0.725 0.56796875 0.0359375 0.0453125
0 0.42421875 0.0296875 0.0265625 0.0484375
0 0.8953125 0.61171875 0.03125 0.0453125
0 0.96328125 0.625 0.0375 0.0546875
0 0.40703125 0.5265625 0.0421875 0.065625
0 0.5140625 0.55 0.0375 0.059375
0 0.825 0.6125 0.0359375 0.05
0 0.97578125 0.13984375 0.03125 0.0453125
0 0.67578125 0.590625 0.0375 0.0546875
0 0.02265625 0.46875 0.034375 0.0421875
0 0.559375 0.57265625 0.0375 0.0546875
0 0.3546875 0.5328125 0.03125 0.05
0 0.6015625 0.58359375 0.0375 0.0546875
0 0.82265625 0.1125 0.0296875 0.040625
0 0.25390625 0.51796875 0.0375 0.0546875
0 0.0734375 0.4859375 0.046875 0.065625
0 0.20546875 0.5109375 0.0296875 0.040625
0 0.90859375 0.65234375 0.0390625 0.0640625
0 0.76953125 0.628125 0.0390625 0.0640625
0 0.20859375 0.003125 0.0234375 0.00625
0 0.4546875 0.57421875 0.03125 0.0453125
0 0.834375 0.65703125 0.0359375 0.0453125
0 0.29375 0.55234375 0.03125 0.0453125
0 0.18203125 0.534375 0.0375 0.0546875
0 0.3890625 0.575 0.0453125 0.0515625
0 0.340625 0.56796875 0.034375 0.0421875
0 0.71484375 0.64296875 0.0421875 0.0609375
0 0.27421875 0.55703125 0.03125 0.0453125
0 0.0265625 0.509375 0.0390625 0.0640625
0 0.5671875 0.61640625 0.0359375 0.0453125
0 0.1234375 0.5328125 0.034375 0.0421875
0 0.765625 0.10390625 0.034375 0.0421875
0 0.62265625 0.07578125 0.040625 0.05625
0 0.4890625 0.60390625 0.0375 0.0546875
0 0.81875 0.66796875 0.0296875 0.040625
0 0.94140625 0.7015625 0.0359375 0.0453125
0 0.72265625 0.09765625 0.03125 0.05
0 0.240625 0.571875 0.0375 0.0546875
0 0.1625 0.56171875 0.0296875 0.040625
0 0.62109375 0.653125 0.0328125 0.0546875
0 0.60546875 0.65 0.0296875 0.040625
0 0.6640625 0.66171875 0.0328125 0.0546875
0 0.87265625 0.70703125 0.0328125 0.0546875
0 0.33125 0.60390625 0.0296875 0.040625
0 0.26484375 0.603125 0.03125 0.05
0 0.53828125 0.65625 0.0328125 0.0546875
0 0.93125 0.73515625 0.0359375 0.0453125
0 0.38046875 0.628125 0.0375 0.0546875
0 0.16640625 0.5890625 0.0265625 0.04375
0 0.18359375 0.0078125 0.0296875 0.015625
0 0.8125 0.72109375 0.0375 0.0546875
0 0.4859375 0.65703125 0.040625 0.05625
0 0.13125 0.590625 0.040625 0.05625
0 0.69375 0.70234375 0.0359375 0.05
0 0.4375 0.6546875 0.0328125 0.0546875
0 0.75703125 0.7171875 0.0359375 0.05
0 0.4234375 0.65234375 0.03125 0.05
0 0.6 0.6890625 0.0375 0.059375
0 0.06171875 0.58671875 0.0390625 0.0640625
0 0.2109375 0.615625 0.0359375 0.0453125
0 0.94375 0.76328125 0.03125 0.071875
0 0.00703125 0.57578125 0.0140625 0.0546875
0 0.27578125 0.63515625 0.0375 0.0546875
0 0.3234375 0.64453125 0.0421875 0.065625
0 0.03671875 0.59140625 0.034375 0.0640625
0 0.28046875 0.01640625 0.028125 0.0328125
0 0.08125 0.6046875 0.04375 0.0703125
0 0.88203125 0.76796875 0.0328125 0.0546875
0 0.1109375 0.6203125 0.0359375 0.0453125
0 0.9234375 0.7828125 0.040625 0.06875
0 0.646875 0.72890625 0.0375 0.059375
0 0.375 0.68125 0.0359375 0.05
0 0.8125 0.7734375 0.0390625 0.0640625
0 0.48359375 0.709375 0.0390625 0.0640625
0 0.23671875 0.01953125 0.0328125 0.0390625
0 0.7625 0.76328125 0.0453125 0.05625
0 0.353125 0.68671875 0.03125 0.0453125
0 0.53203125 0.7234375 0.0359375 0.05
0 0.70234375 0.75859375 0.034375 0.0375
0 0.85390625 0.790625 0.03125 0.0453125
0 0.73984375 0.7703125 0.034375 0.0421875
0 0.16015625 0.66015625 0.0375 0.0546875
0 0.0984375 0.64765625 0.0421875 0.0609375
0 0.21484375 0.6703125 0.0328125 0.0546875
0 0.25234375 0.68046875 0.0421875 0.0609375
0 0.3 0.69453125 0.0421875 0.0609375
0 0.14921875 0.01015625 0.0265625 0.0203125
0 0.040625 0.6578125 0.028125 0.0328125
0 0.00390625 0.65078125 0.0078125 0.0453125
0 0.4765625 0.0640625 0.03125 0.05
0 0.42109375 0.73671875 0.0375 0.0546875
0 0.86328125 0.825 0.0390625 0.0640625
0 0.61328125 0.77890625 0.034375 0.0640625
0 0.69921875 0.79609375 0.0375 0.059375
0 0.34453125 0.72890625 0.040625 0.05625
0 0.40546875 0.74375 0.0421875 0.0609375
0 0.1859375 0.70546875 0.040625 0.05625
0 0.90859375 0.85078125 0.040625 0.0515625
0 0.73984375 0.81796875 0.0328125 0.059375
0 0.9328125 0.8578125 0.01875 0.046875
0 0.72578125 0.81796875 0.028125 0.053125
0 0.13046875 0.7015625 0.0359375 0.05
0 0.559375 0.78984375 0.0359375 0.05
0 0.91484375 0.14921875 0.021875 0.04375
0 0.65859375 0.09921875 0.025 0.034375
0 0.79921875 0.84140625 0.03125 0.05
0 0.478125 0.78125 0.040625 0.06875
0 0.0234375 0.69453125 0.046875 0.065625
0 0.534375 0.7984375 0.0375 0.0546875
0 0.33515625 0.0390625 0.0328125 0.059375
0 0.77890625 0.85078125 0.025 0.034375
0 0.28125 0.7546875 0.0359375 0.0453125
0 0.8921875 0.8734375 0.0390625 0.0640625
0 0.2171875 0.7421875 0.0328125 0.0546875
0 0.6234375 0.83515625 0.040625 0.06875
0 0.5828125 0.82734375 0.0375 0.059375
0 0.084375 0.7328125 0.0359375 0.05
0 0.39609375 0.80546875 0.0421875 0.065625
0 0.92890625 0.159375 0.0375 0.0546875
0 0.7125 0.88359375 0.0375 0.0546875
0 0.77578125 0.8984375 0.040625 0.05625
0 0.21015625 0.790625 0.0375 0.059375
0 0.76796875 0.128125 0.034375 0.0421875
0 0.53671875 0.86796875 0.0375 0.0546875
0 0.27109375 0.81640625 0.0421875 0.0609375
0 0.32578125 0.82890625 0.046875 0.065625
0 0.64609375 0.89140625 0.04375 0.0703125
0 0.59296875 0.88125 0.0375 0.059375
0 0.11484375 0.79296875 0.0359375 0.0453125
0 0.825 0.9546875 0.0375 0.0546875
0 0.1125 0.0125 0.025 0.025
0 0.828125 0.146875 0.0359375 0.05
0 0.36875 0.0578125 0.03125 0.05
0 0.63125 0.028125 0.028125 0.028125
0 0.475 0.93359375 0.0390625 0.0640625
0 0.42265625 0.94765625 0.046875 0.0609375
0 0.51953125 0.0953125 0.0296875 0.040625
0 0.56484375 0.1046875 0.0359375 0.05
0 0.27421875 0.05 0.0359375 0.0453125
0 0.20390625 0.04375 0.0296875 0.0359375
0 0.3171875 0.06796875 0.03125 0.0453125
0 0.41796875 0.0875 0.03125 0.05
0 0.71015625 0.146875 0.0375 0.0546875
0 0.6125 0.128125 0.0375 0.0546875
0 0.1421875 0.03671875 0.0296875 0.040625
0 0.659375 0.1421875 0.03125 0.0453125
0 0.48359375 0.00625 0.0234375 0.0125
0 0.765625 0.1671875 0.0375 0.059375
0 0.875 0.1953125 0.03125 0.05
0 0.109375 0.046875 0.03125 0.0453125