0 0.30625 0.30390625 0.0765625 0.109375
0 0.5453125 0.2984375 0.0796875 0.1265625
0 0.42890625 0.3171875 0.0765625 0.109375
0 0.203125 0.384375 0.078125 0.11875
0 0.6484375 0.34609375 0.1 0.153125
0 0.36796875 0.4140625 0.08125 0.1046875
0 0.784375 0.36484375 0.0890625 0.1375
0 0.1765625 0.509375 0.096875 0.125
0 0.30390625 0.51953125 0.0859375 0.109375
0 0.78203125 0.465625 0.0875 0.1234375
0 0.44140625 0.5140625 0.0765625 0.1046875
0 0.5609375 0.5046875 0.084375 0.128125
0 0.6453125 0.50546875 0.08125 0.109375
0 0.10625 0.59921875 0.0921875 0.125
0 0.9046875 0.5453125 0.096875 0.1296875
0 0.36796875 0.70078125 0.0921875 0.125
0 0.5109375 0.8203125 0.1078125 0.1359375
0 0.76796875 0.8796875 0.103125 0.1390625