0 0.3359375 0.44375 0.0453125 0.0625
0 0.0828125 0.47109375 0.03125 0.053125
0 0.2515625 0.459375 0.071875 0.1109375
0 0.6140625 0.43671875 0.0265625 0.0515625
0 0.8125 0.42265625 0.021875 0.0375
0 0.884375 0.421875 0.0109375 0.0234375
0 0.86640625 0.42578125 0.0203125 0.0328125
0 0.84296875 0.42734375 0.0359375 0.0671875
0 0.93359375 0.4328125 0.0203125 0.0296875
0 0.55078125 0.46171875 0.0328125 0.0625
0 0.8953125 0.440625 0.0203125 0.0296875
0 0.5953125 0.47421875 0.0421875 0.071875
0 0.91875 0.45390625 0.03125 0.053125
0 0.734375 0.47421875 0.0375 0.071875
0 0.8859375 0.47265625 0.0328125 0.0625
0 0.95546875 0.46796875 0.0515625 0.0859375
0 0.35 0.5125 0.0765625 0.096875
0 0.11953125 0.540625 0.046875 0.0765625
0 0.984375 0.4921875 0.028125 0.0703125
0 0.58046875 0.52265625 0.0359375 0.053125
0 0.6296875 0.53046875 0.05 0.0625
0 0.9234375 0.5140625 0.05625 0.078125
0 0.765625 0.54609375 0.0375 0.0765625
0 0.9671875 0.53671875 0.03125 0.0578125
0 0.82890625 0.5515625 0.0921875 0.13125
0 0.73125 0.5609375 0.05625 0.0921875
0 0.55859375 0.5796875 0.0359375 0.0578125
0 0.6703125 0.58125 0.0515625 0.08125
0 0.5953125 0.6 0.0515625 0.0765625
0 0.09921875 0.634375 0.071875 0.1015625
0 0.8890625 0.59140625 0.0515625 0.0765625
0 0.05 0.67109375 0.04375 0.04375
0 0.66484375 0.6328125 0.071875 0.1109375
0 0.19453125 0.71640625 0.0265625 0.046875
0 0.06875 0.7390625 0.053125 0.1046875
0 0.89453125 0.69453125 0.0765625 0.115625
0 0.1390625 0.78515625 0.090625 0.1125
0 0.95625 0.8484375 0.0875 0.140625
0 0.50546875 0.94765625 0.103125 0.103125
0 0.41953125 0.28046875 0.021875 0.0375
0 0.1703125 0.30078125 0.025 0.0328125
0 0.1609375 0.3359375 0.03125 0.0484375
0 0.76953125 0.31171875 0.015625 0.0296875
0 0.2671875 0.3515625 0.0359375 0.0578125
0 0.76484375 0.33046875 0.0171875 0.0375
0 0.734375 0.33984375 0.0203125 0.025
0 0.796875 0.3375 0.025 0.0296875
0 0.2 0.38359375 0.046875 0.08125
0 0.37578125 0.3859375 0.0453125 0.0671875
0 0.0921875 0.41015625 0.0265625 0.0421875
0 0.50390625 0.3859375 0.0609375 0.0828125
0 0.7484375 0.36875 0.0265625 0.0421875
0 0.77265625 0.37421875 0.0203125 0.0296875
0 0.8 0.38203125 0.015625 0.0328125
0 0.06171875 0.4359375 0.03125 0.04375
0 0.890625 0.3796875 0.0203125 0.0296875
0 0.7171875 0.39140625 0.0203125 0.0296875
0 0.43125 0.4140625 0.0625 0.096875
0 0.8421875 0.38515625 0.0203125 0.0296875
0 0.984375 0.39609375 0.021875 0.0375