0 0.34375 0.4171875 0.028125 0.03125
0 0.540625 0.40390625 0.0265625 0.0265625
0 0.86171875 0.3578125 0.028125 0.03125
0 0.8828125 0.35703125 0.034375 0.0453125
0 0.90546875 0.353125 0.0390625 0.05
0 0.41484375 0.4359375 0.0234375 0.034375
0 0.8375 0.36875 0.040625 0.0640625
0 0.43125 0.43359375 0.034375 0.05
0 0.36328125 0.44921875 0.040625 0.0640625
0 0.52109375 0.4265625 0.0453125 0.0609375
0 0.7546875 0.39140625 0.0515625 0.0703125
0 0.4 0.44765625 0.0265625 0.0265625
0 0.22265625 0.48046875 0.0484375 0.0515625
0 0.82421875 0.38515625 0.053125 0.0796875
0 0.03046875 0.5109375 0.0109375 0.015625
0 0.28671875 0.47265625 0.0296875 0.0453125
0 0.025 0.51640625 0.0109375 0.015625
0 0.559375 0.43203125 0.0359375 0.0546875
0 0.26953125 0.48046875 0.034375 0.0453125
0 0.63125 0.42578125 0.0390625 0.0546875
0 0.06171875 0.515625 0.0125 0.0203125
0 0.03671875 0.51953125 0.0109375 0.015625
0 0.01875 0.52265625 0.0078125 0.0234375
0 0.10546875 0.51328125 0.0171875 0.025
0 0.0109375 0.5328125 0.021875 0.0625
0 0.48125 0.45625 0.034375 0.0453125
0 0.65 0.4296875 0.034375 0.05
0 0.15703125 0.51015625 0.0171875 0.025
0 0.04453125 0.528125 0.0171875 0.025
0 0.1203125 0.515625 0.0171875 0.025
0 0.078125 0.52734375 0.0171875 0.025
0 0.178125 0.51171875 0.034375 0.0453125
0 0.5921875 0.4484375 0.04375 0.05625
0 0.07265625 0.5703125 0.0375 0.0453125
0 0.97109375 0.43046875 0.05625 0.071875