0 0.0265625 0.66015625 0.0125 0.0203125
0 0.08359375 0.64921875 0.015625 0.0125
0 0.06015625 0.65390625 0.0125 0.0203125
0 0.07265625 0.65625 0.0109375 0.0109375
0 0.053125 0.66015625 0.0109375 0.0109375
0 0.09609375 0.65390625 0.00625 0.009375
0 0.98203125 0.484375 0.0171875 0.0203125
0 0.2734375 0.621875 0.00625 0.00625
0 0.178125 0.640625 0.00625 0.009375
0 0.1125 0.653125 0.00625 0.009375
0 0.046875 0.66875 0.0109375 0.0109375
0 0.3171875 0.615625 0.00625 0.00625
0 0.20625 0.6375 0.0109375 0.0109375
0 0.040625 0.671875 0.0109375 0.0109375
0 0.18828125 0.64375 0.00625 0.00625
0 0.2421875 0.6328125 0.00625 0.00625
0 0.24921875 0.63125 0.00625 0.00625
0 0.25703125 0.6328125 0.0078125 0.0140625
0 0.15234375 0.65234375 0.00625 0.009375
0 0.3109375 0.621875 0.00625 0.00625
0 0.41640625 0.6015625 0.0109375 0.0109375
0 0.5890625 0.56796875 0.015625 0.0125
0 0.4359375 0.59765625 0.00625 0.00625
0 0.44296875 0.59609375 0.00625 0.00625
0 0.38203125 0.61015625 0.00625 0.009375
0 0.2234375 0.64140625 0.00625 0.009375
0 0.56640625 0.575 0.0171875 0.0203125
0 0.2875 0.63125 0.0109375 0.0109375
0 0.4125 0.60703125 0.0125 0.015625
0 0.49140625 0.59140625 0.021875 0.021875
0 0.553125 0.5796875 0.0125 0.0203125
0 0.61015625 0.57109375 0.0171875 0.0171875
0 0.5265625 0.5875 0.0171875 0.0171875
0 0.40390625 0.6109375 0.0125 0.015625
0 0.35 0.62421875 0.00625 0.009375
0 0.53359375 0.58828125 0.0125 0.015625
0 0.8703125 0.52421875 0.021875 0.021875
0 0.82265625 0.53359375 0.0234375 0.03125
0 0.1953125 0.65546875 0.00625 0.009375
0 0.69765625 0.5578125 0.0171875 0.0203125
0 0.29296875 0.63671875 0.0109375 0.0109375
0 0.3453125 0.6265625 0.00625 0.00625
0 0.13671875 0.66953125 0.0125 0.015625
0 0.10546875 0.67578125 0.0125 0.015625
0 0.734375 0.55546875 0.0234375 0.0265625
0 0.7875 0.5453125 0.034375 0.0421875
0 0.12109375 0.675 0.0171875 0.0171875
0 0.13203125 0.67265625 0.0125 0.015625
0 0.171875 0.66484375 0.0125 0.015625
0 0.58515625 0.584375 0.0171875 0.0171875
0 0.671875 0.5703125 0.0171875 0.0203125
0 0.16015625 0.66953125 0.0171875 0.0171875
0 0.15625 0.67265625 0.0078125 0.0140625
0 0.321875 0.640625 0.0109375 0.0109375
0 0.51484375 0.603125 0.0171875 0.0171875
0 0.240625 0.65625 0.0171875 0.0203125
0 0.4015625 0.625 0.0171875 0.0203125
0 0.234375 0.66015625 0.0171875 0.0171875
0 0.71796875 0.565625 0.0171875 0.0171875
0 0.2515625 0.65625 0.015625 0.0125
0 0.18203125 0.6703125 0.0171875 0.0203125
0 0.215625 0.66328125 0.0125 0.015625
0 0.33359375 0.640625 0.0125 0.015625
0 0.353125 0.6390625 0.0171875 0.0171875
0 0.3640625 0.63671875 0.0109375 0.0109375
0 0.45 0.6203125 0.0171875 0.0203125
0 0.30703125 0.6484375 0.0171875 0.0171875
0 0.06640625 0.69765625 0.0234375 0.03125
0 0.6578125 0.58203125 0.034375 0.0421875
0 0.384375 0.63515625 0.0109375 0.0109375
0 0.03515625 0.703125 0.0140625 0.025
0 0.2828125 0.65546875 0.021875 0.021875
0 0.19609375 0.67421875 0.0265625 0.0234375
0 0.471875 0.6234375 0.0125 0.0203125
0 0.08125 0.69921875 0.0265625 0.0234375
0 0.775 0.56640625 0.0171875 0.0203125
0 0.6140625 0.5984375 0.0203125 0.0171875
0 0.44296875 0.63125 0.0125 0.0203125
0 0.109375 0.69609375 0.0328125 0.028125
0 0.41640625 0.6390625 0.028125 0.028125
0 0.303125 0.6609375 0.0203125 0.0171875
0 0.58203125 0.60625 0.021875 0.021875
0 0.059375 0.7078125 0.0125 0.015625
0 0.83671875 0.55703125 0.0171875 0.0203125
0 0.25703125 0.66953125 0.01875 0.025
0 0.37109375 0.65 0.0171875 0.0203125
0 0.51640625 0.621875 0.0171875 0.0203125
0 0.89140625 0.54921875 0.0234375 0.0265625
0 0.24453125 0.675 0.0125 0.0203125
0 0.634375 0.5984375 0.01875 0.025
0 0.95546875 0.53671875 0.0125 0.015625
0 0.54375 0.61640625 0.0171875 0.0203125
0 0.503125 0.6265625 0.0171875 0.0203125
0 0.0515625 0.71484375 0.0234375 0.03125
0 0.4328125 0.640625 0.025 0.034375
0 0.678125 0.59296875 0.0171875 0.0171875
0 0.45390625 0.6390625 0.025 0.01875
0 0.75625 0.58203125 0.0234375 0.0265625
0 0.575 0.61953125 0.0234375 0.0265625
0 0.11953125 0.7109375 0.0234375 0.03125
0 0.09609375 0.715625 0.04375 0.046875
0 0.21953125 0.69375 0.0296875 0.0359375
0 0.3421875 0.6703125 0.028125 0.0328125
0 0.70390625 0.60234375 0.028125 0.0328125
0 0.62421875 0.6171875 0.0171875 0.0203125
0 0.83359375 0.57890625 0.028125 0.0328125
0 0.1453125 0.71328125 0.05 0.053125
0 0.8703125 0.57421875 0.0234375 0.03125
0 0.75703125 0.59921875 0.0234375 0.03125
0 0.51640625 0.6453125 0.0328125 0.0328125
0 0.9875 0.55390625 0.025 0.0328125
0 0.48515625 0.65390625 0.03125 0.0453125
0 0.31875 0.68671875 0.0296875 0.040625
0 0.95390625 0.565625 0.0296875 0.040625
0 0.93515625 0.56875 0.0234375 0.0265625
0 0.4703125 0.66171875 0.0296875 0.0359375
0 0.6 0.63671875 0.0234375 0.03125
0 0.38359375 0.67890625 0.028125 0.0328125
0 0.54453125 0.65390625 0.034375 0.0421875
0 0.64453125 0.63671875 0.034375 0.0421875
0 0.5234375 0.68203125 0.0515625 0.0625
0 0.865625 0.621875 0.040625 0.0515625
0 0.4 0.7125 0.040625 0.0515625
0 0.7546875 0.64609375 0.0453125 0.05625
0 0.23671875 0.79609375 0.0765625 0.0984375