0 0.4890625 0.75703125 0.0046875 0.0046875
0 0.4578125 0.7671875 0.0046875 0.0046875
0 0.446875 0.76875 0.00625 0.009375
0 0.6015625 0.74375 0.00625 0.009375
0 0.5046875 0.76171875 0.0046875 0.0046875
0 0.21171875 0.8109375 0.0125 0.0203125
0 0.46328125 0.77109375 0.00625 0.009375
0 0.38125 0.78359375 0.0046875 0.0046875
0 0.40625 0.7796875 0.0046875 0.0046875
0 0.49296875 0.76640625 0.0046875 0.0046875
0 0.31484375 0.79453125 0.00625 0.009375
0 0.51328125 0.76328125 0.0046875 0.0046875
0 0.59609375 0.75 0.00625 0.009375
0 0.33046875 0.79453125 0.00625 0.009375
0 0.52734375 0.76328125 0.0046875 0.0046875
0 0.39453125 0.784375 0.00625 0.009375
0 0.56484375 0.75703125 0.0109375 0.0109375
0 0.1734375 0.81875 0.0125 0.0203125
0 0.50703125 0.76640625 0.0046875 0.0046875
0 0.55078125 0.759375 0.00625 0.009375
0 0.56015625 0.7578125 0.0046875 0.0046875
0 0.69609375 0.7359375 0.0109375 0.0109375
0 0.415625 0.7828125 0.00625 0.0140625
0 0.45703125 0.7765625 0.00625 0.009375
0 0.70859375 0.73671875 0.0046875 0.0046875
0 0.1875 0.81953125 0.0109375 0.015625
0 0.0734375 0.8375 0.01875 0.0296875
0 0.46640625 0.775 0.0046875 0.0046875
0 0.7015625 0.7375 0.0109375 0.015625
0 0.7109375 0.7390625 0.00625 0.009375
0 0.53984375 0.765625 0.00625 0.009375
0 0.5828125 0.75859375 0.00625 0.009375
0 0.36640625 0.7953125 0.00625 0.009375
0 0.625 0.7546875 0.0046875 0.0046875
0 0.71796875 0.73984375 0.0046875 0.0046875
0 0.74609375 0.73515625 0.00625 0.009375
0 0.8625 0.7171875 0.0109375 0.0109375
0 0.38046875 0.79375 0.00625 0.009375
0 0.6296875 0.75390625 0.00625 0.009375
0 0.684375 0.7453125 0.00625 0.009375
0 0.7390625 0.73671875 0.00625 0.009375
0 0.290625 0.8078125 0.0171875 0.0203125
0 0.153125 0.8296875 0.0234375 0.03125
0 0.44921875 0.78515625 0.00625 0.009375
0 0.2984375 0.80859375 0.00625 0.009375
0 0.3078125 0.80703125 0.0109375 0.015625
0 0.0875 0.8421875 0.0140625 0.0296875
0 0.4078125 0.79140625 0.0109375 0.0109375
0 0.63671875 0.7578125 0.00625 0.009375
0 0.678125 0.75078125 0.0109375 0.015625
0 0.2390625 0.8203125 0.0171875 0.0203125
0 0.55 0.77109375 0.00625 0.009375
0 0.9015625 0.715625 0.0171875 0.0203125
0 0.50234375 0.77890625 0.0125 0.0203125
0 0.515625 0.7765625 0.0046875 0.0046875
0 0.62578125 0.759375 0.00625 0.009375
0 0.475 0.7859375 0.00625 0.0140625
0 0.721875 0.74609375 0.00625 0.009375
0 0.33046875 0.80859375 0.00625 0.0140625
0 0.4890625 0.78359375 0.00625 0.0140625
0 0.52265625 0.778125 0.00625 0.009375
0 0.65078125 0.7578125 0.0109375 0.015625
0 0.5671875 0.7734375 0.0109375 0.015625
0 0.6125 0.76640625 0.0109375 0.015625
0 0.59609375 0.76875 0.00625 0.0140625
0 0.06171875 0.8546875 0.0125 0.0203125
0 0.178125 0.83671875 0.0125 0.0203125
0 0.878125 0.72578125 0.0109375 0.015625
0 0.48203125 0.78828125 0.0109375 0.0109375
0 0.4640625 0.79140625 0.0171875 0.0203125
0 0.5125 0.7859375 0.00625 0.009375
0 0.078125 0.8546875 0.0109375 0.015625
0 0.41875 0.80078125 0.0109375 0.0109375
0 0.4375 0.79765625 0.0234375 0.034375
0 0.14453125 0.846875 0.0171875 0.0203125
0 0.63203125 0.76953125 0.00625 0.009375
0 0.7640625 0.7484375 0.021875 0.021875
0 0.97265625 0.715625 0.01875 0.0296875
0 0.6234375 0.7734375 0.0125 0.0203125
0 0.8328125 0.73984375 0.0125 0.0203125
0 0.13125 0.85078125 0.01875 0.0296875
0 0.71171875 0.759375 0.0125 0.025
0 0.91171875 0.7296875 0.0140625 0.0296875
0 0.36953125 0.815625 0.00625 0.009375
0 0.53828125 0.7890625 0.021875 0.0265625
0 0.86796875 0.73671875 0.0125 0.0203125
0 0.390625 0.81484375 0.0234375 0.03125
0 0.69921875 0.765625 0.015625 0.015625
0 0.4796875 0.80078125 0.0109375 0.0109375
0 0.37734375 0.8171875 0.00625 0.009375
0 0.68125 0.76875 0.0125 0.0203125
0 0.40859375 0.8140625 0.0234375 0.03125
0 0.121875 0.86171875 0.0234375 0.034375
0 0.340625 0.82734375 0.00625 0.009375
0 0.99453125 0.72265625 0.0109375 0.0203125
0 0.8484375 0.74921875 0.0109375 0.0109375
0 0.3625 0.82890625 0.0109375 0.015625
0 0.4953125 0.81015625 0.025 0.0171875
0 0.825 0.7578125 0.0234375 0.03125
0 0.08828125 0.8765625 0.0234375 0.034375
0 0.9625 0.740625 0.0203125 0.0390625
0 0.74375 0.7828125 0.025 0.0390625
0 0.471875 0.828125 0.0171875 0.025
0 0.87265625 0.7671875 0.0109375 0.015625
0 0.62890625 0.8078125 0.01875 0.034375
0 0.2828125 0.8625 0.04375 0.05625
0 0.85 0.77265625 0.0234375 0.03125
0 0.98515625 0.7515625 0.025 0.0390625
0 0.996875 0.75 0.00625 0.034375
0 0.5015625 0.83515625 0.028125 0.0359375
0 0.77109375 0.7921875 0.028125 0.040625
0 0.5890625 0.82578125 0.025 0.04375
0 0.37734375 0.86171875 0.0234375 0.03125
0 0.40859375 0.85703125 0.021875 0.021875
0 0.1921875 0.89609375 0.0328125 0.0359375
0 0.65859375 0.821875 0.025 0.04375
0 0.7 0.815625 0.028125 0.0359375
0 0.56328125 0.8390625 0.034375 0.0453125
0 0.525 0.85234375 0.01875 0.0296875
0 0.16875 0.90859375 0.028125 0.040625
0 0.12109375 0.9203125 0.0328125 0.040625
0 0.7984375 0.815625 0.0125 0.025
0 0.934375 0.79921875 0.0375 0.0640625
0 0.815625 0.8203125 0.0171875 0.0203125
0 0.40390625 0.8875 0.03125 0.053125
0 0.96875 0.7984375 0.0359375 0.0546875
0 0.1578125 0.92890625 0.028125 0.0359375
0 0.83671875 0.82421875 0.025 0.0390625
0 0.20078125 0.96171875 0.0390625 0.0546875
0 0.4640625 0.92265625 0.0234375 0.034375
0 0.35234375 0.9734375 0.0328125 0.040625
0 0.4953125 0.97421875 0.0421875 0.046875