0 0.73828125 0.38515625 0.0140625 0.0140625
0 0.96640625 0.3859375 0.0203125 0.046875
0 0.85234375 0.3921875 0.0140625 0.01875
0 0.93359375 0.39296875 0.028125 0.0421875
0 0.8203125 0.39765625 0.0328125 0.0328125
0 0.50078125 0.40703125 0.025 0.046875
0 0.90390625 0.4 0.0328125 0.0421875
0 0.8828125 0.4046875 0.01875 0.0328125
0 0.53515625 0.41328125 0.0140625 0.0234375
0 0.69296875 0.41328125 0.0375 0.046875
0 0.421875 0.41796875 0.01875 0.0234375
0 0.4796875 0.42109375 0.0140625 0.0234375
0 0.85703125 0.41953125 0.0140625 0.0234375
0 0.28046875 0.43203125 0.025 0.046875
0 0.74140625 0.4265625 0.0328125 0.0421875
0 0.4015625 0.43203125 0.0140625 0.01875
0 0.58984375 0.440625 0.0671875 0.0984375
0 0.38125 0.4515625 0.01875 0.028125
0 0.353125 0.45390625 0.0234375 0.0421875
0 0.81640625 0.44609375 0.0296875 0.05625
0 0.26796875 0.45546875 0.025 0.0515625
0 0.73984375 0.44765625 0.028125 0.01875
0 0.3375 0.45703125 0.0140625 0.028125
0 0.9390625 0.45546875 0.0421875 0.0890625
0 0.49453125 0.465625 0.0296875 0.0515625
0 0.3078125 0.484375 0.0421875 0.0703125
0 0.44453125 0.48203125 0.0234375 0.0375
0 0.884375 0.47890625 0.05625 0.0796875
0 0.01875 0.496875 0.0375 0.0890625
0 0.2359375 0.49296875 0.0421875 0.0890625
0 0.7015625 0.4890625 0.0421875 0.0796875
0 0.153125 0.5015625 0.0578125 0.121875
0 0.528125 0.49921875 0.0375 0.0515625
0 0.215625 0.5140625 0.0296875 0.0796875
0 0.4265625 0.525 0.0375 0.05625
0 0.75078125 0.52734375 0.0765625 0.13125
0 0.0796875 0.5390625 0.0625 0.0984375
0 0.55 0.5828125 0.0484375 0.0984375
0 0.64375 0.615625 0.0578125 0.103125
0 0.6859375 0.66328125 0.08125 0.13125
0 0.4765625 0.78984375 0.128125 0.196875