0 0.83046875 0.4578125 0.0484375 0.078125
0 0.1640625 0.396875 0.021875 0.0390625
0 0.87421875 0.4859375 0.0046875 0.0046875
0 0.19921875 0.41484375 0.00625 0.009375
0 0.01328125 0.3953125 0.0125 0.025
0 0.959375 0.496875 0.0109375 0.0109375
0 0.896875 0.49296875 0.0109375 0.0109375
0 0.309375 0.43125 0.021875 0.0296875
0 0.54609375 0.45625 0.0375 0.0578125
0 0.9421875 0.49765625 0.0109375 0.0109375
0 0.71484375 0.47421875 0.0109375 0.015625
0 0.884375 0.49375 0.00625 0.009375
0 0.62890625 0.4671875 0.00625 0.009375
0 0.91875 0.49765625 0.0109375 0.0109375
0 0.06484375 0.4078125 0.0359375 0.0484375
0 0.0875 0.41484375 0.0171875 0.025
0 0.89375 0.5 0.0109375 0.015625
0 0.13359375 0.41953125 0.0171875 0.025
0 0.92578125 0.503125 0.0109375 0.015625
0 0.428125 0.453125 0.00625 0.009375
0 0.040625 0.4125 0.021875 0.0296875
0 0.69296875 0.48125 0.0109375 0.015625
0 0.671875 0.47890625 0.0109375 0.015625
0 0.77578125 0.48984375 0.1015625 0.146875
0 0.478125 0.45859375 0.00625 0.009375
0 0.7 0.48203125 0.00625 0.009375
0 0.48984375 0.46171875 0.00625 0.009375
0 0.628125 0.4765625 0.0109375 0.0109375
0 0.015625 0.41484375 0.021875 0.034375
0 0.375 0.45 0.03125 0.0390625
0 0.46015625 0.4609375 0.00625 0.009375
0 0.65390625 0.48125 0.034375 0.0625
0 0.109375 0.42421875 0.0265625 0.0390625
0 0.26640625 0.440625 0.025 0.025
0 0.575 0.4734375 0.075 0.103125
0 0.0296875 0.415625 0.021875 0.025
0 0.853125 0.5046875 0.0109375 0.0109375
0 0.415625 0.45859375 0.021875 0.025
0 0.5125 0.46875 0.053125 0.078125
0 0.8625 0.5078125 0.0109375 0.0109375
0 0.2109375 0.4390625 0.021875 0.0296875
0 0.2546875 0.44609375 0.0171875 0.025
0 0.29296875 0.4546875 0.021875 0.034375
0 0.225 0.45234375 0.021875 0.034375
0 0.34296875 0.46953125 0.059375 0.0890625
0 0.43203125 0.47890625 0.028125 0.04375
0 0.240625 0.4609375 0.0265625 0.0390625
0 0.37890625 0.47578125 0.028125 0.0484375
0 0.26875 0.46875 0.0265625 0.0390625
0 0.128125 0.45390625 0.0359375 0.040625
0 0.72265625 0.5234375 0.04375 0.06875
0 0.94609375 0.55625 0.053125 0.06875
0 0.19765625 0.47734375 0.0578125 0.0796875
0 0.64609375 0.55234375 0.046875 0.059375