0 0.68984375 0.33515625 0.0328125 0.0359375
0 0.1140625 0.24453125 0.0296875 0.0484375
0 0.44453125 0.29921875 0.0328125 0.0359375
0 0.50390625 0.30859375 0.0328125 0.0328125
0 0.9203125 0.3765625 0.034375 0.0453125
0 0.40078125 0.296875 0.0359375 0.0546875
0 0.30234375 0.28359375 0.0390625 0.05
0 0.61015625 0.3375 0.028125 0.040625
0 0.646875 0.34296875 0.0296875 0.0453125
0 0.1453125 0.265625 0.0328125 0.040625
0 0.553125 0.33046875 0.025 0.04375
0 0.96328125 0.4 0.028125 0.040625
0 0.9859375 0.40859375 0.028125 0.040625
0 0.890625 0.403125 0.0328125 0.040625
0 0.37734375 0.328125 0.0296875 0.0453125
0 0.21953125 0.303125 0.0375 0.0453125
0 0.83671875 0.403125 0.040625 0.059375
0 0.4328125 0.34375 0.028125 0.03125
0 0.70234375 0.3890625 0.021875 0.0265625
0 0.74765625 0.40078125 0.025 0.0390625
0 0.68203125 0.06015625 0.028125 0.0359375
0 0.778125 0.075 0.028125 0.03125
0 0.6578125 0.39375 0.0328125 0.040625
0 0.1109375 0.309375 0.0296875 0.0453125
0 0.05390625 0.30078125 0.0296875 0.0453125
0 0.61171875 0.3890625 0.0375 0.0453125
0 0.14453125 0.3171875 0.0296875 0.0484375
0 0.3125 0.3484375 0.028125 0.040625
0 0.71875 0.4203125 0.0453125 0.0609375
0 0.23828125 0.00703125 0.0296875 0.0140625
0 0.91484375 0.09921875 0.025 0.0390625
0 0.73359375 0.07265625 0.028125 0.040625
0 0.99375 0.484375 0.0125 0.03125
0 0.0296875 0.33359375 0.0265625 0.0578125
0 0.371875 0.390625 0.0421875 0.06875
0 0.48203125 0.0328125 0.0328125 0.0359375
0 0.83515625 0.0890625 0.025 0.0390625
0 0.0859375 0.34765625 0.0296875 0.0453125
0 0.39921875 0.39921875 0.0265625 0.0265625
0 0.3171875 0.0125 0.028125 0.025
0 0.5484375 0.0453125 0.028125 0.040625
0 0.859375 0.0953125 0.0234375 0.03125
0 0.14453125 0.378125 0.0296875 0.0453125
0 0.2765625 0.4015625 0.0390625 0.05
0 0.20546875 0.38984375 0.0328125 0.040625
0 0.3078125 0.40859375 0.0375 0.040625
0 0.77265625 0.48203125 0.034375 0.05
0 0.27421875 0.00859375 0.0234375 0.0171875
0 0.4265625 0.03125 0.028125 0.0359375
0 0.12109375 0.42109375 0.0375 0.0453125
0 0.578125 0.49609375 0.0359375 0.0546875
0 0.628125 0.50390625 0.0328125 0.040625
0 0.18125 0.4375 0.034375 0.0453125
0 0.98125 0.56640625 0.025 0.0484375
0 0.06171875 0.4234375 0.0296875 0.0484375
0 0.52421875 0.49921875 0.0359375 0.0546875
0 0.25078125 0.46015625 0.028125 0.040625
0 0.92265625 0.56953125 0.034375 0.0453125
0 0.02421875 0.42734375 0.0359375 0.0546875
0 0.5890625 0.059375 0.0328125 0.0328125
0 0.8078125 0.55546875 0.028125 0.040625
0 0.87265625 0.5734375 0.0296875 0.0453125
0 0.7640625 0.565625 0.0296875 0.0453125
0 0.13984375 0.49921875 0.0421875 0.046875
0 0.06796875 0.4921875 0.034375 0.0453125
0 0.88671875 0.621875 0.0296875 0.0453125
0 0.43984375 0.55390625 0.0390625 0.0546875
0 0.81953125 0.6140625 0.0390625 0.0546875
0 0.25859375 0.53203125 0.0375 0.0453125
0 0.58125 0.58359375 0.0390625 0.05
0 0.37734375 0.55078125 0.0375 0.0453125
0 0.00859375 0.4921875 0.0171875 0.04375
0 0.5125 0.57265625 0.0375 0.0453125
0 0.6234375 0.5921875 0.028125 0.0359375
0 0.20078125 0.52578125 0.0375 0.0453125
0 0.73828125 0.61015625 0.0328125 0.040625
0 0.9453125 0.66640625 0.0359375 0.059375
0 0.69921875 0.0859375 0.028125 0.040625
0 0.15078125 0.5734375 0.0359375 0.0546875
0 0.071875 0.5703125 0.034375 0.05
0 0.09140625 0.578125 0.03125 0.0578125
0 0.21953125 0.5984375 0.05 0.0609375
0 0.26953125 0.60859375 0.028125 0.040625
0 0.50078125 0.6453125 0.025 0.04375
0 0.884375 0.70625 0.034375 0.05
0 0.38515625 0.6296875 0.0296875 0.0484375
0 0.0265625 0.57265625 0.0390625 0.0546875
0 0.52265625 0.6515625 0.03125 0.0578125
0 0.934375 0.72109375 0.0375 0.0453125
0 0.2453125 0.6125 0.025 0.0390625
0 0.753125 0.69296875 0.0390625 0.0546875
0 0.18984375 0.60859375 0.0296875 0.0484375
0 0.596875 0.67265625 0.03125 0.0578125
0 0.809375 0.7078125 0.0390625 0.0546875
0 0.4796875 0.65546875 0.0359375 0.059375
0 0.55546875 0.6703125 0.05 0.065625
0 0.4046875 0.6578125 0.0296875 0.0484375
0 0.0984375 0.01015625 0.028125 0.0203125
0 0.33359375 0.04453125 0.028125 0.03125
0 0.76484375 0.115625 0.0328125 0.040625
0 0.91796875 0.13984375 0.0296875 0.0453125
0 0.8625 0.0609375 0.0265625 0.021875
0 0.309375 0.04609375 0.0328125 0.0359375
0 0.64609375 0.09921875 0.028125 0.0359375
0 0.25 0.03671875 0.028125 0.0359375
0 0.8765625 0.1359375 0.0328125 0.0328125
0 0.4671875 0.0734375 0.028125 0.0359375
0 0.384375 0.06015625 0.028125 0.040625
0 0.428125 0.0671875 0.0328125 0.040625
0 0.71953125 0.11796875 0.0328125 0.0328125
0 0.8390625 0.1390625 0.028125 0.0359375
0 0.60234375 0.1015625 0.0296875 0.0453125
0 0.5546875 0.096875 0.028125 0.0359375
0 0.52265625 0.09296875 0.034375 0.0453125
0 0.08671875 0.03125 0.0125 0.0203125
0 0.134375 0.04375 0.034375 0.0453125
0 0.896875 0.06875 0.0265625 0.0265625
0 0.9671875 0.18046875 0.0234375 0.034375
0 0.62421875 0.025 0.0265625 0.0265625
0 0.7734375 0.04921875 0.0265625 0.0265625
0 0.284375 0.08125 0.028125 0.03125
0 0.77265625 0.15859375 0.028125 0.040625
0 0.884375 0.1765625 0.028125 0.040625
0 0.31875 0.0890625 0.028125 0.03125
0 0.44453125 0.109375 0.028125 0.040625
0 0.41015625 0.10390625 0.03125 0.028125
0 0.71875 0.1546875 0.028125 0.03125
0 0.83671875 0.178125 0.025 0.0390625
0 0.696875 0.0390625 0.021875 0.0265625
0 0.57578125 0.1421875 0.028125 0.0359375
0 0.47890625 0.1265625 0.0296875 0.0453125
0 0.509375 0.13125 0.028125 0.0359375
0 0.6234375 0.1515625 0.0234375 0.034375
0 0.72734375 0.04375 0.028125 0.03125
0 0.809375 0.05703125 0.028125 0.03125
0 0.99453125 0.21875 0.0109375 0.040625
0 0.240625 0.11015625 0.028125 0.040625
0 0.18828125 0.103125 0.0234375 0.034375
0 0.1375 0.0953125 0.028125 0.040625
0 0.30703125 0.121875 0.028125 0.040625
0 0.375 0.13515625 0.0375 0.040625
0 0.60078125 0.17109375 0.025 0.0390625
0 0.95078125 0.22890625 0.025 0.0390625
0 0.08671875 0.09453125 0.0234375 0.034375
0 0.7515625 0.2 0.0296875 0.0484375
0 0.884375 0.2234375 0.0328125 0.040625
0 0.5359375 0.01953125 0.028125 0.0390625
0 0.65078125 0.03671875 0.0328125 0.0359375
0 0.83359375 0.225 0.025 0.0390625
0 0.7921875 0.225 0.0328125 0.0359375
0 0.575 0.025 0.028125 0.0359375
0 0.71953125 0.22109375 0.028125 0.0359375
0 0.08359375 0.12734375 0.0234375 0.03125
0 0.171875 0.14375 0.0296875 0.0453125
0 0.54921875 0.20546875 0.0296875 0.0453125
0 0.12578125 0.140625 0.025 0.04375
0 0.21171875 0.15703125 0.028125 0.040625
0 0.246875 0.1625 0.028125 0.040625
0 0.840625 0.25859375 0.025 0.0390625
0 0.41953125 0.1921875 0.0375 0.040625
0 0.5 0.20703125 0.0375 0.0453125
0 0.29609375 0.175 0.028125 0.0359375
0 0.33671875 0.18125 0.0171875 0.0203125
0 0.64296875 0.2296875 0.0234375 0.034375
0 0.95390625 0.28125 0.028125 0.040625
0 0.50859375 0.01796875 0.0328125 0.0359375
0 0.89375 0.27421875 0.0234375 0.034375
0 0.79609375 0.25859375 0.028125 0.040625
0 0.74765625 0.25546875 0.025 0.0390625
0 0.690625 0.24609375 0.028125 0.0359375
0 0.371875 0.1984375 0.0265625 0.0265625
0 0.45390625 0.21328125 0.028125 0.040625
0 0.08515625 0.17421875 0.0296875 0.0453125
0 0.1171875 0.18125 0.028125 0.040625
0 0.884375 0.303125 0.0296875 0.0453125
0 0.9375 0.3140625 0.028125 0.040625
0 0.33515625 0.22109375 0.028125 0.0359375
0 0.25859375 0.20859375 0.0328125 0.040625
0 0.821875 0.3 0.025 0.04375
0 0.1859375 0.20390625 0.0296875 0.0453125
0 0.55390625 0.2625 0.0296875 0.0453125
0 0.51640625 0.26171875 0.0296875 0.0453125
0 0.72734375 0.29453125 0.028125 0.03125
0 0.67890625 0.28984375 0.028125 0.040625
0 0.365625 0.23984375 0.028125 0.040625
0 0.63671875 0.28515625 0.0296875 0.0453125
0 0.76484375 0.30546875 0.0375 0.0453125
0 0.6 0.28203125 0.0296875 0.0453125
0 0.98515625 0.36796875 0.0234375 0.034375
0 0.07109375 0.23046875 0.0328125 0.040625
0 0.803125 0.3484375 0.028125 0.040625
0 0.8671875 0.35859375 0.0296875 0.0453125
0 0.24921875 0.26328125 0.034375 0.05