0 0.49453125 0.49609375 0.0359375 0.028125
0 0.6328125 0.48125 0.0359375 0.028125
0 0.7359375 0.46484375 0.0359375 0.028125
0 0.88046875 0.44453125 0.03125 0.028125
0 0.2703125 0.54140625 0.0265625 0.021875
0 0.9515625 0.4359375 0.03125 0.0234375
0 0.42578125 0.51875 0.0359375 0.028125
0 0.52890625 0.5046875 0.03125 0.028125
0 0.8078125 0.4609375 0.021875 0.021875
0 0.83359375 0.45703125 0.034375 0.0234375
0 0.8421875 0.4578125 0.021875 0.021875
0 0.7703125 0.47109375 0.03125 0.0234375
0 0.28984375 0.55 0.03125 0.0234375
0 0.9046875 0.45234375 0.03125 0.0234375
0 0.3671875 0.5375 0.025 0.0171875
0 0.34609375 0.54609375 0.034375 0.01875
0 0.25625 0.5734375 0.025 0.0171875
0 0.08046875 0.6015625 0.0359375 0.028125
0 0.0984375 0.6125 0.0265625 0.021875
0 0.2046875 0.61953125 0.04375 0.025
0 0.41953125 0.5875 0.0328125 0.0328125
0 0.128125 0.6390625 0.025 0.0125
0 0.77578125 0.5359375 0.040625 0.0328125
0 0.2515625 0.61953125 0.0328125 0.0328125
0 0.4984375 0.58046875 0.0453125 0.0375
0 0.1125 0.64375 0.034375 0.0234375
0 0.2890625 0.61796875 0.0453125 0.034375
0 0.14609375 0.6609375 0.040625 0.028125
0 0.77109375 0.59765625 0.046875 0.0421875
0 0.97421875 0.58125 0.0515625 0.04375
0 0.50390625 0.65859375 0.0546875 0.0390625
0 0.05234375 0.734375 0.046875 0.046875
0 0.61171875 0.65546875 0.0453125 0.0375
0 0.33359375 0.709375 0.0609375 0.0453125