0 0.975 0.3265625 0.0265625 0.0296875
0 0.95546875 0.32890625 0.021875 0.025
0 0.925 0.3328125 0.021875 0.0296875
0 0.7796875 0.31953125 0.025 0.025
0 0.82265625 0.3265625 0.021875 0.0296875
0 0.57421875 0.30078125 0.0296875 0.0265625
0 0.8015625 0.32890625 0.021875 0.025
0 0.7671875 0.328125 0.021875 0.0296875
0 0.69296875 0.3203125 0.021875 0.025
0 0.484375 0.3 0.0328125 0.04375
0 0.9140625 0.34765625 0.0359375 0.0484375
0 0.63046875 0.32265625 0.0359375 0.04375
0 0.93359375 0.35703125 0.0375 0.053125
0 0.73828125 0.33671875 0.0359375 0.040625
0 0.88046875 0.35390625 0.021875 0.0296875
0 0.71484375 0.3390625 0.0265625 0.034375
0 0.55078125 0.321875 0.03125 0.034375
0 0.96328125 0.3671875 0.040625 0.05
0 0.85703125 0.35859375 0.0265625 0.034375
0 0.83671875 0.35625 0.028125 0.04375
0 0.34375 0.30703125 0.046875 0.0546875
0 0.59921875 0.33359375 0.03125 0.034375
0 0.66796875 0.34296875 0.0265625 0.034375
0 0.471875 0.325 0.0359375 0.04375
0 0.56328125 0.33671875 0.0359375 0.04375
0 0.7796875 0.36171875 0.0359375 0.0484375
0 0.69921875 0.35625 0.040625 0.05
0 0.8 0.36875 0.0328125 0.0484375
0 0.81875 0.37109375 0.021875 0.034375
0 0.62265625 0.35234375 0.03125 0.0390625
0 0.4140625 0.34609375 0.046875 0.0546875
0 0.63203125 0.371875 0.0359375 0.0484375
0 0.8921875 0.4015625 0.046875 0.059375
0 0.65703125 0.37890625 0.03125 0.0390625
0 0.91875 0.4109375 0.0421875 0.0546875
0 0.28359375 0.34921875 0.0484375 0.0734375
0 0.809375 0.41171875 0.0421875 0.0546875
0 0.97421875 0.4453125 0.0328125 0.0484375
0 0.9890625 0.44609375 0.021875 0.0296875
0 0.603125 0.40859375 0.0328125 0.0484375
0 0.23828125 0.37265625 0.046875 0.059375
0 0.13984375 0.3625 0.046875 0.059375
0 0.3671875 0.390625 0.0328125 0.0484375
0 0.184375 0.378125 0.0421875 0.0640625
0 0.70234375 0.4328125 0.040625 0.05
0 0.0296875 0.3734375 0.04375 0.0734375
0 0.9921875 0.475 0.015625 0.034375
0 0.8109375 0.46015625 0.0421875 0.059375
0 0.90390625 0.47265625 0.0359375 0.040625
0 0.54609375 0.4375 0.0375 0.053125
0 0.4140625 0.42578125 0.053125 0.078125
0 0.7390625 0.4625 0.0484375 0.06875
0 0.46484375 0.4359375 0.0421875 0.0546875
0 0.6484375 0.4625 0.0375 0.053125
0 0.8734375 0.48828125 0.0484375 0.06875
0 0.25 0.42265625 0.0421875 0.0546875
0 0.1390625 0.41328125 0.046875 0.0640625
0 0.83671875 0.4890625 0.0484375 0.0734375
0 0.35234375 0.440625 0.0375 0.053125
0 0.68671875 0.47578125 0.046875 0.0546875
0 0.19296875 0.4328125 0.046875 0.0640625
0 0.94765625 0.5125 0.0640625 0.084375
0 0.6015625 0.48203125 0.053125 0.06875
0 0.2953125 0.45 0.0515625 0.059375
0 0.98359375 0.52734375 0.03125 0.0765625
0 0.78671875 0.515625 0.053125 0.06875
0 0.90546875 0.5359375 0.0578125 0.0703125
0 0.1609375 0.4640625 0.053125 0.06875
0 0.703125 0.52109375 0.046875 0.0640625
0 0.365625 0.490625 0.05 0.0828125
0 0.0484375 0.45703125 0.0578125 0.0796875
0 0.5515625 0.51484375 0.06875 0.09375
0 0.41484375 0.5125 0.059375 0.0890625
0 0.2125 0.49296875 0.0625 0.0703125
0 0.31015625 0.5125 0.0546875 0.0921875
0 0.1046875 0.49765625 0.0640625 0.084375
0 0.27265625 0.5203125 0.0703125 0.103125
0 0.8109375 0.6 0.0546875 0.0875
0 0.91796875 0.64140625 0.1 0.1203125
0 0.05859375 0.5578125 0.0703125 0.1125
0 0.765625 0.63671875 0.078125 0.0953125
0 0.5609375 0.78984375 0.1921875 0.2296875