0 0.45546875 0.25390625 0.021875 0.034375
0 0.30703125 0.2765625 0.0265625 0.03125
0 0.17890625 0.29453125 0.0265625 0.034375
0 0.62265625 0.23984375 0.0171875 0.025
0 0.24140625 0.29140625 0.0265625 0.03125
0 0.540625 0.25703125 0.021875 0.025
0 0.36171875 0.04140625 0.0265625 0.03125
0 0.53515625 0.0203125 0.0203125 0.0203125
0 0.40078125 0.27890625 0.0109375 0.0203125
0 0.9015625 0.2203125 0.021875 0.0296875
0 0.23046875 0.0578125 0.0265625 0.03125
0 0.78984375 0.240625 0.021875 0.025
0 0.71171875 0.25078125 0.0171875 0.025
0 0.83359375 0.23515625 0.0171875 0.025
0 0.62734375 0.26328125 0.021875 0.025
0 0.54296875 0.27734375 0.021875 0.025
0 0.33125 0.30546875 0.021875 0.0296875
0 0.628125 0.01015625 0.021875 0.0203125
0 0.6671875 0.2671875 0.021875 0.025
0 0.46328125 0.296875 0.021875 0.0296875
0 0.95 0.23671875 0.021875 0.025
0 0.840625 0.25546875 0.021875 0.025
0 0.5078125 0.2984375 0.021875 0.025
0 0.63671875 0.28515625 0.021875 0.025
0 0.9125 0.25078125 0.021875 0.025
0 0.55703125 0.296875 0.021875 0.025
0 0.6671875 0.28359375 0.0109375 0.0203125
0 0.72734375 0.278125 0.021875 0.0296875
0 0.87265625 0.26328125 0.0109375 0.0203125
0 0.46328125 0.31796875 0.021875 0.034375
0 0.684375 0.29296875 0.021875 0.025
0 0.52109375 0.31328125 0.021875 0.0296875
0 0.03046875 0.38046875 0.0265625 0.034375
0 0.81953125 0.2859375 0.0171875 0.0296875
0 0.5640625 0.3171875 0.0171875 0.025
0 0.8828125 0.278125 0.021875 0.034375
0 0.64453125 0.31484375 0.0203125 0.0203125
0 0.05234375 0.3875 0.021875 0.034375
0 0.12109375 0.37890625 0.028125 0.0390625
0 0.959375 0.27578125 0.021875 0.025
0 0.85234375 0.29140625 0.015625 0.015625
0 0.9359375 0.28828125 0.021875 0.034375
0 0.82109375 0.30234375 0.021875 0.025
0 0.65078125 0.32734375 0.021875 0.025
0 0.79375 0.31171875 0.021875 0.025
0 0.8703125 0.30234375 0.0125 0.025
0 0.709375 0.325 0.021875 0.034375
0 0.234375 0.38515625 0.021875 0.025
0 0.0359375 0.409375 0.021875 0.0296875
0 0.31484375 0.05390625 0.021875 0.0296875
0 0.13125 0.403125 0.0265625 0.034375
0 0.9109375 0.31171875 0.0203125 0.0203125
0 0.31171875 0.38984375 0.021875 0.025
0 0.44375 0.03984375 0.021875 0.025
0 0.34609375 0.38828125 0.0171875 0.0296875
0 0.79453125 0.3328125 0.021875 0.025
0 0.08046875 0.42109375 0.021875 0.034375
0 0.84296875 0.3296875 0.021875 0.025
0 0.32890625 0.05390625 0.021875 0.0296875
0 0.92109375 0.32265625 0.015625 0.0203125
0 0.97421875 0.31796875 0.0078125 0.0328125
0 0.39296875 0.38984375 0.0203125 0.015625
0 0.23046875 0.4140625 0.0171875 0.0296875
0 0.93828125 0.32734375 0.021875 0.0296875
0 0.0234375 0.43984375 0.021875 0.0296875
0 0.19609375 0.41875 0.021875 0.034375
0 0.303125 0.4171875 0.021875 0.0296875
0 0.81796875 0.35390625 0.021875 0.025
0 0.39765625 0.4125 0.021875 0.025
0 0.92734375 0.35 0.0265625 0.0265625
0 0.1421875 0.4484375 0.021875 0.0296875
0 0.12109375 0.453125 0.0265625 0.034375
0 0.5390625 0.4015625 0.0265625 0.0265625
0 0.06875 0.459375 0.0171875 0.0296875
0 0.35546875 0.4265625 0.0265625 0.034375
0 0.4484375 0.4171875 0.021875 0.0296875
0 0.6328125 0.021875 0.021875 0.0296875
0 0.2921875 0.44375 0.0265625 0.03125
0 0.1875 0.45859375 0.028125 0.0390625
0 0.9390625 0.36875 0.021875 0.0296875
0 0.03125 0.4828125 0.021875 0.0296875
0 0.71796875 0.0140625 0.0171875 0.028125
0 0.2484375 0.465625 0.0171875 0.025
0 0.64140625 0.4171875 0.021875 0.025
0 0.2625 0.4640625 0.021875 0.025
0 0.4703125 0.04375 0.0203125 0.0203125
0 0.421875 0.4515625 0.0265625 0.034375
0 0.54296875 0.03515625 0.015625 0.0203125
0 0.3578125 0.46171875 0.03125 0.0265625
0 0.44140625 0.45625 0.0171875 0.0296875
0 0.759375 0.009375 0.015625 0.01875
0 0.49609375 0.4515625 0.0265625 0.034375
0 0.59453125 0.43984375 0.0265625 0.03125
0 0.54921875 0.4453125 0.021875 0.0296875
0 0.40625 0.4625 0.0265625 0.034375
0 0.63984375 0.4390625 0.021875 0.025
0 0.14375 0.08671875 0.0171875 0.0296875
0 0.30390625 0.4796875 0.0265625 0.0265625
0 0.17265625 0.49609375 0.0265625 0.03125
0 0.0265625 0.51640625 0.021875 0.0296875
0 0.78671875 0.42578125 0.0265625 0.03125
0 0.371875 0.48359375 0.021875 0.0296875
0 0.840625 0.42578125 0.021875 0.0296875
0 0.25078125 0.5 0.021875 0.025
0 0.57109375 0.4703125 0.021875 0.0296875
0 0.5140625 0.4796875 0.0203125 0.0203125
0 0.14921875 0.5265625 0.021875 0.034375
0 0.6125 0.46953125 0.021875 0.0296875
0 0.078125 0.5375 0.0265625 0.03125
0 0.10078125 0.09375 0.021875 0.034375
0 0.9671875 0.4328125 0.0265625 0.034375
0 0.25390625 0.52578125 0.0265625 0.03125
0 0.428125 0.50390625 0.0265625 0.03125
0 0.02265625 0.55859375 0.021875 0.034375
0 0.37890625 0.5171875 0.0265625 0.034375
0 0.8015625 0.46796875 0.021875 0.0296875
0 0.08984375 0.55546875 0.0265625 0.03125
0 0.521875 0.5046875 0.021875 0.0296875
0 0.93984375 0.453125 0.021875 0.025
0 0.84765625 0.46640625 0.0234375 0.0390625
0 0.428125 0.525 0.021875 0.034375
0 0.89296875 0.46796875 0.021875 0.034375
0 0.134375 0.5640625 0.028125 0.0390625
0 0.58984375 0.5078125 0.0265625 0.034375
0 0.95 0.4796875 0.021875 0.0296875
0 0.15625 0.58359375 0.0234375 0.0390625
0 0.62421875 0.5265625 0.021875 0.0296875
0 0.56484375 0.04140625 0.015625 0.0203125
0 0.57421875 0.53515625 0.021875 0.034375
0 0.0203125 0.603125 0.0171875 0.025
0 0.85234375 0.503125 0.028125 0.04375
0 0.66875 0.528125 0.021875 0.0296875
0 0.36875 0.571875 0.0265625 0.03125
0 0.259375 0.58984375 0.0265625 0.03125
0 0.4453125 0.56953125 0.0265625 0.034375
0 0.5953125 0.040625 0.0171875 0.025
0 0.95859375 0.509375 0.0265625 0.03125
0 0.91484375 0.51875 0.021875 0.0296875
0 0.5890625 0.56171875 0.03125 0.0359375
0 0.2296875 0.0875 0.021875 0.025
0 0.38046875 0.59140625 0.0265625 0.03125
0 0.97265625 0.52890625 0.0265625 0.034375
0 0.265625 0.62265625 0.0328125 0.04375
0 0.79375 0.5578125 0.0265625 0.034375
0 0.0953125 0.64296875 0.0265625 0.03125
0 0.67890625 0.5734375 0.0265625 0.03125
0 0.43828125 0.60546875 0.021875 0.025
0 0.16484375 0.6390625 0.0265625 0.03125
0 0.3234375 0.621875 0.0265625 0.03125
0 0.428125 0.0125 0.0109375 0.015625
0 0.03203125 0.659375 0.0234375 0.0390625
0 0.54453125 0.0515625 0.0203125 0.0203125
0 0.70859375 0.03125 0.021875 0.025
0 0.6375 0.59453125 0.0265625 0.03125
0 0.98515625 0.55234375 0.0296875 0.0359375
0 0.1609375 0.6625 0.0265625 0.034375
0 0.8890625 0.5734375 0.021875 0.0296875
0 0.38828125 0.6375 0.0265625 0.03125
0 0.453125 0.63203125 0.03125 0.03125
0 0.3296875 0.64921875 0.0328125 0.04375
0 0.1 0.6796875 0.0328125 0.040625
0 0.759375 0.60078125 0.0265625 0.034375
0 0.65703125 0.61875 0.0265625 0.034375
0 0.80390625 0.60078125 0.0265625 0.03125
0 0.2734375 0.665625 0.0265625 0.034375
0 0.040625 0.70625 0.021875 0.034375
0 0.89765625 0.60078125 0.021875 0.034375
0 0.38984375 0.0171875 0.015625 0.015625
0 0.95 0.596875 0.0234375 0.0390625
0 0.396875 0.66953125 0.028125 0.0390625
0 0.99375 0.5953125 0.0125 0.034375
0 0.45 0.6640625 0.0265625 0.034375
0 0.73203125 0.03515625 0.015625 0.015625
0 0.83828125 0.63125 0.0265625 0.034375
0 0.103125 0.72578125 0.0265625 0.03125
0 0.58984375 0.053125 0.021875 0.0296875
0 0.45546875 0.68984375 0.0265625 0.034375
0 0.290625 0.71484375 0.0265625 0.03125
0 0.3921875 0.0796875 0.021875 0.025
0 0.77421875 0.0328125 0.015625 0.0203125
0 0.80390625 0.65859375 0.03125 0.0359375
0 0.51640625 0.69375 0.0265625 0.03125
0 0.62734375 0.68515625 0.021875 0.025
0 0.10078125 0.115625 0.021875 0.0296875
0 0.203125 0.7421875 0.028125 0.0390625
0 0.96875 0.64765625 0.028125 0.0390625
0 0.09765625 0.75703125 0.028125 0.0390625
0 0.89609375 0.66875 0.021875 0.025
0 0.3453125 0.73828125 0.0265625 0.034375
0 0.153125 0.7734375 0.028125 0.04375
0 0.8890625 0.68984375 0.0265625 0.03125
0 0.1515625 0.1140625 0.0171875 0.025
0 0.621875 0.72734375 0.0109375 0.015625
0 0.6328125 0.728125 0.021875 0.0296875
0 0.4078125 0.75859375 0.0328125 0.040625
0 0.28671875 0.77578125 0.021875 0.034375
0 0.9890625 0.6890625 0.021875 0.034375
0 0.51953125 0.75390625 0.0265625 0.034375
0 0.77734375 0.725 0.0265625 0.03125
0 0.16015625 0.81015625 0.0328125 0.04375
0 0.2390625 0.10546875 0.015625 0.015625
0 0.3609375 0.090625 0.021875 0.025
0 0.29375 0.79609375 0.0265625 0.034375
0 0.7078125 0.74765625 0.028125 0.0390625
0 0.48984375 0.075 0.021875 0.025
0 0.56015625 0.775 0.021875 0.0296875
0 0.91796875 0.73125 0.0265625 0.03125
0 0.3609375 0.81328125 0.0265625 0.03125
0 0.6578125 0.7765625 0.021875 0.034375
0 0.44296875 0.81015625 0.0265625 0.03125
0 0.73828125 0.04921875 0.015625 0.015625
0 0.175 0.85 0.0265625 0.034375
0 0.228125 0.85078125 0.028125 0.04375
0 0.4421875 0.08515625 0.015625 0.015625
0 0.10546875 0.875 0.028125 0.04375
0 0.3671875 0.84296875 0.0265625 0.03125
0 0.12421875 0.87265625 0.021875 0.034375
0 0.81015625 0.0421875 0.021875 0.025
0 0.01015625 0.140625 0.0171875 0.0296875
0 0.56640625 0.07265625 0.0265625 0.0265625
0 0.425 0.8546875 0.0265625 0.03125
0 0.5421875 0.84453125 0.021875 0.0296875
0 0.1828125 0.9 0.0328125 0.040625
0 0.4109375 0.09609375 0.0171875 0.025
0 0.73828125 0.84140625 0.021875 0.0296875
0 0.25625 0.9078125 0.0375 0.0453125
0 0.84296875 0.04296875 0.021875 0.025
0 0.3859375 0.896875 0.0328125 0.040625
0 0.63359375 0.86640625 0.021875 0.034375
0 0.0625 0.9453125 0.0265625 0.03125
0 0.46015625 0.9015625 0.0265625 0.034375
0 0.3140625 0.91953125 0.0265625 0.03125
0 0.62265625 0.8890625 0.03125 0.0359375
0 0.23984375 0.0375 0.0203125 0.0203125
0 0.07734375 0.0578125 0.015625 0.0203125
0 0.190625 0.94140625 0.0328125 0.04375
0 0.37421875 0.93515625 0.028125 0.0390625
0 0.5625 0.91171875 0.03125 0.0359375
0 0.35703125 0.0234375 0.025 0.0125
0 0.59765625 0.078125 0.0171875 0.025
0 0.90546875 0.03984375 0.0171875 0.0296875
0 0.43984375 0.94140625 0.021875 0.034375
0 0.934375 0.88515625 0.021875 0.034375
0 0.36953125 0.10625 0.0203125 0.015625
0 0.64140625 0.92578125 0.03125 0.0359375
0 0.33984375 0.9625 0.0265625 0.034375
0 0.159375 0.13359375 0.0171875 0.025
0 0.196875 0.98828125 0.028125 0.0234375
0 0.4484375 0.96875 0.028125 0.0390625
0 0.24609375 0.125 0.021875 0.025
0 0.7453125 0.9390625 0.0265625 0.034375
0 0.9125 0.91875 0.0265625 0.03125
0 0.72578125 0.95703125 0.0359375 0.03125
0 0.8734375 0.9390625 0.0265625 0.03125
0 0.890625 0.94140625 0.021875 0.0296875
0 0.75 0.065625 0.0171875 0.025
0 0.7359375 0.0671875 0.015625 0.0203125
0 0.60703125 0.0828125 0.0171875 0.025
0 0.7796875 0.06171875 0.0171875 0.025
0 0.91953125 0.046875 0.0265625 0.0265625
0 0.82421875 0.06328125 0.021875 0.025
0 0.45703125 0.10859375 0.021875 0.025
0 0.49296875 0.10390625 0.021875 0.034375
0 0.65 0.08515625 0.0171875 0.025
0 0.571875 0.096875 0.021875 0.025
0 0.40390625 0.1171875 0.0265625 0.03125
0 0.11015625 0.153125 0.021875 0.034375
0 0.16328125 0.14921875 0.021875 0.025
0 0.3765625 0.1234375 0.015625 0.015625
0 0.78828125 0.07265625 0.021875 0.025
0 0.546875 0.10703125 0.021875 0.025
0 0.0125 0.171875 0.025 0.03125
0 0.6234375 0.10234375 0.0203125 0.0203125
0 0.69765625 0.0953125 0.021875 0.025
0 0.24921875 0.15078125 0.0265625 0.0265625
0 0.41875 0.13671875 0.021875 0.0296875
0 0.67109375 0.10625 0.0171875 0.0296875
0 0.83203125 0.08828125 0.0203125 0.0203125
0 0.790625 0.09375 0.015625 0.015625
0 0.653125 0.1125 0.021875 0.025
0 0.575 0.125 0.0171875 0.025
0 0.54140625 0.12890625 0.0265625 0.03125
0 0.7609375 0.1015625 0.021875 0.025
0 0.9015625 0.084375 0.0203125 0.0203125
0 0.16875 0.175 0.0203125 0.0203125
0 0.14453125 0.05390625 0.0265625 0.0265625
0 0.5046875 0.140625 0.021875 0.0296875
0 0.8609375 0.096875 0.021875 0.025
0 0.478125 0.14609375 0.0265625 0.0265625
0 0.38125 0.1578125 0.021875 0.0296875
0 0.02265625 0.20234375 0.015625 0.0203125
0 0.46875 0.15 0.021875 0.025
0 0.4 0.02265625 0.015625 0.0203125
0 0.8390625 0.10625 0.021875 0.0296875
0 0.2578125 0.18046875 0.021875 0.0296875
0 0.80234375 0.11328125 0.0171875 0.025
0 0.01171875 0.21015625 0.0171875 0.025
0 0.7078125 0.125 0.0203125 0.0203125
0 0.16640625 0.19375 0.021875 0.0296875
0 0.63046875 0.140625 0.015625 0.0203125
0 0.42734375 0.16796875 0.021875 0.025
0 0.67265625 0.13828125 0.0171875 0.025
0 0.59296875 0.15234375 0.021875 0.025
0 0.9078125 0.11875 0.0109375 0.015625
0 0.63203125 0.1546875 0.015625 0.0203125
0 0.51796875 0.17109375 0.021875 0.0296875
0 0.828125 0.13515625 0.015625 0.0203125
0 0.4296875 0.0234375 0.021875 0.0296875
0 0.72109375 0.15078125 0.021875 0.0296875
0 0.91875 0.1265625 0.021875 0.025
0 0.47265625 0.18359375 0.021875 0.025
0 0.43828125 0.190625 0.0265625 0.034375
0 0.17265625 0.225 0.021875 0.025
0 0.39609375 0.20234375 0.021875 0.0296875
0 0.8921875 0.14140625 0.021875 0.025
0 0.63984375 0.175 0.0171875 0.025
0 0.4859375 0.19375 0.015625 0.0203125
0 0.60546875 0.17890625 0.021875 0.0296875
0 0.6765625 0.1703125 0.021875 0.025
0 0.22890625 0.23046875 0.021875 0.0296875
0 0.64609375 0.00546875 0.0171875 0.0109375
0 0.79453125 0.16328125 0.021875 0.0296875
0 0.33515625 0.21953125 0.021875 0.034375
0 0.7375 0.1703125 0.0171875 0.025
0 0.30390625 0.04140625 0.021875 0.025
0 0.1609375 0.2453125 0.021875 0.034375
0 0.4828125 0.20625 0.021875 0.0296875
0 0.57890625 0.19453125 0.021875 0.025
0 0.384375 0.22265625 0.015625 0.0203125
0 0.68515625 0.18828125 0.0203125 0.0203125
0 0.93359375 0.1578125 0.021875 0.025
0 0.5296875 0.2078125 0.021875 0.025
0 0.653125 0.1921875 0.015625 0.0203125
0 0.89921875 0.1640625 0.0265625 0.0265625
0 0.684375 0.003125 0.021875 0.00625
0 0.13203125 0.2625 0.021875 0.034375
0 0.3703125 0.2359375 0.0171875 0.025
0 0.2390625 0.2515625 0.021875 0.0296875
0 0.48125 0.23125 0.0171875 0.025
0 0.946875 0.17421875 0.021875 0.025
0 0.5796875 0.21953125 0.021875 0.034375
0 0.1828125 0.26796875 0.021875 0.0296875
0 0.11171875 0.27890625 0.021875 0.034375
0 0.68984375 0.20859375 0.021875 0.0296875
0 0.61953125 0.2171875 0.0265625 0.03125
0 0.846875 0.19140625 0.021875 0.0296875
0 0.81015625 0.19609375 0.021875 0.025
0 0.2203125 0.27265625 0.021875 0.0296875
0 0.91875 0.1875 0.021875 0.0296875
0 0.859375 0.19453125 0.021875 0.025
0 0.4109375 0.24921875 0.0171875 0.025
0 0.6453125 0.2234375 0.0171875 0.0296875
0 0.4921875 0.24453125 0.021875 0.034375
0 0.69921875 0.2234375 0.021875 0.025