0 0.303125 0.0109375 0.025 0.021875
0 0.38203125 0.0125 0.0203125 0.025
0 0.596875 0.0234375 0.025 0.0375
0 0.5203125 0.1625 0.0265625 0.0609375
0 0.3375 0.15703125 0.03125 0.05625
0 0.6515625 0.18125 0.03125 0.0609375
0 0.6734375 0.02734375 0.0203125 0.0328125
0 0.15703125 0.009375 0.0296875 0.01875
0 0.809375 0.034375 0.025 0.0375
0 0.846875 0.0359375 0.025 0.0375
0 0.87890625 0.03828125 0.0203125 0.0296875
0 0.69453125 0.1875 0.034375 0.0578125
0 0.03125 0.15546875 0.03125 0.065625
0 0.396875 0.175 0.03125 0.0609375
0 0.48203125 0.17890625 0.0265625 0.065625
0 0.76171875 0.1984375 0.034375 0.0578125
0 0.89296875 0.2078125 0.0359375 0.0671875
0 0.97890625 0.2125 0.040625 0.0765625
0 0.57421875 0.190625 0.03125 0.0515625
0 0.37265625 0.18515625 0.03125 0.05625
0 0.08125 0.16953125 0.0390625 0.0578125
0 0.4625 0.01875 0.025 0.0328125
0 0.47890625 0.01953125 0.015625 0.0328125
0 0.25234375 0.18359375 0.034375 0.0578125
0 0.21953125 0.1890625 0.03125 0.065625
0 0.13125 0.1890625 0.034375 0.053125
0 0.72109375 0.21953125 0.0359375 0.0671875
0 0.36953125 0.01328125 0.0203125 0.025
0 0.9828125 0.04609375 0.0203125 0.0328125
0 0.196875 0.01484375 0.03125 0.0296875
0 0.61171875 0.21640625 0.0359375 0.0671875
0 0.30390625 0.2046875 0.03125 0.065625
0 0.16640625 0.2 0.0359375 0.0765625
0 0.4984375 0.21875 0.040625 0.0671875
0 0.8609375 0.240625 0.040625 0.0765625
0 0.625 0.2328125 0.040625 0.0671875
0 0.79609375 0.24140625 0.0390625 0.0484375
0 0.54375 0.025 0.0203125 0.0375
0 0.8359375 0.24609375 0.03125 0.0703125
0 0.9828125 0.25625 0.034375 0.0625
0 0.53984375 0.23515625 0.03125 0.05625
0 0.02890625 0.2109375 0.03125 0.0703125
0 0.35078125 0.01796875 0.0203125 0.0359375
0 0.8296875 0.0421875 0.025 0.0328125
0 0.55546875 0.028125 0.0203125 0.0328125
0 0.68203125 0.25703125 0.034375 0.0578125
0 0.753125 0.2609375 0.034375 0.0578125
0 0.4140625 0.24296875 0.0359375 0.08125
0 0.2265625 0.2421875 0.0359375 0.0671875
0 0.3828125 0.25546875 0.0359375 0.0671875
0 0.71796875 0.2796875 0.0390625 0.0625
0 0.07265625 0.24609375 0.05 0.0765625
0 0.93984375 0.29375 0.0453125 0.0765625
0 0.97890625 0.29609375 0.0421875 0.0765625
0 0.3375 0.01875 0.015625 0.0234375
0 0.10546875 0.01171875 0.0203125 0.0234375
0 0.2734375 0.271875 0.0453125 0.0671875
0 0.79140625 0.29921875 0.04375 0.0625
0 0.63359375 0.29609375 0.0453125 0.0765625
0 0.52734375 0.28984375 0.03125 0.05625
0 0.44375 0.28828125 0.028125 0.0890625
0 0.8875 0.31640625 0.05 0.0765625
0 0.1953125 0.29140625 0.0359375 0.0890625
0 0.1375 0.2953125 0.0359375 0.084375
0 0.7453125 0.33203125 0.0453125 0.071875
0 0.465625 0.31953125 0.0453125 0.08125
0 0.71640625 0.04296875 0.0203125 0.0375
0 0.428125 0.02734375 0.015625 0.0421875
0 0.97421875 0.3625 0.0515625 0.090625
0 0.90859375 0.05546875 0.0203125 0.0421875
0 0.23125 0.01953125 0.0203125 0.0296875
0 0.2890625 0.02265625 0.025 0.0296875
0 0.54453125 0.3453125 0.0453125 0.0765625
0 0.815625 0.36328125 0.0546875 0.0765625
0 0.65390625 0.0421875 0.025 0.0421875
0 0.14765625 0.01796875 0.015625 0.028125
0 0.16328125 0.34296875 0.0546875 0.090625
0 0.240625 0.3515625 0.0515625 0.0953125
0 0.69921875 0.378125 0.05625 0.1
0 0.3609375 0.3625 0.0453125 0.090625
0 0.621875 0.37890625 0.0328125 0.0796875
0 0.89140625 0.05859375 0.0265625 0.046875
0 0.878125 0.40625 0.0546875 0.0765625
0 0.5890625 0.04296875 0.0203125 0.0296875
0 0.5703125 0.0421875 0.0203125 0.0296875
0 0.5171875 0.04140625 0.0296875 0.0375
0 0.0515625 0.38359375 0.0546875 0.0859375
0 0.64609375 0.4171875 0.05625 0.1
0 0.96484375 0.43828125 0.065625 0.1
0 0.30546875 0.40625 0.05625 0.1046875
0 0.24609375 0.0296875 0.021875 0.046875
0 0.55234375 0.43046875 0.046875 0.103125
0 0.11953125 0.4078125 0.05 0.090625
0 0.4484375 0.42734375 0.05 0.08125
0 0.03515625 0.02578125 0.0265625 0.0515625
0 0.43828125 0.03984375 0.0203125 0.0296875
0 0.77578125 0.0578125 0.021875 0.046875
0 0.8125 0.059375 0.021875 0.046875
0 0.05859375 0.02265625 0.0203125 0.0375
0 0.996875 0.07109375 0.00625 0.0296875
0 0.5 0.0453125 0.0203125 0.0375
0 0.75703125 0.0609375 0.0265625 0.05625
0 0.80625 0.48828125 0.05625 0.1
0 0.02265625 0.45546875 0.0453125 0.1171875
0 0.40546875 0.04296875 0.025 0.0375
0 0.36640625 0.04296875 0.0296875 0.0375
0 0.32421875 0.040625 0.0203125 0.0328125
0 0.66953125 0.059375 0.0203125 0.0296875
0 0.95703125 0.54296875 0.075 0.1234375
0 0.584375 0.528125 0.059375 0.090625
0 0.25078125 0.5171875 0.05625 0.1234375
0 0.39453125 0.5265625 0.0609375 0.1234375
0 0.546875 0.05703125 0.0203125 0.0296875
0 0.62265625 0.0609375 0.0265625 0.046875
0 0.09140625 0.03359375 0.025 0.0421875
0 0.175 0.55234375 0.0734375 0.0921875
0 0.11640625 0.0375 0.015625 0.0375
0 0.58359375 0.06171875 0.0203125 0.025
0 0.43046875 0.05625 0.0203125 0.0296875
0 0.465625 0.0578125 0.0265625 0.046875
0 0.8328125 0.07734375 0.0203125 0.0375
0 0.15546875 0.04140625 0.0265625 0.046875
0 0.73125 0.071875 0.0265625 0.046875
0 0.775 0.61875 0.071875 0.1328125
0 0.99140625 0.08828125 0.0171875 0.0203125
0 0.27578125 0.05 0.025 0.0375
0 0.39609375 0.6359375 0.0609375 0.109375
0 0.58515625 0.64609375 0.0703125 0.11875
0 0.9546875 0.6703125 0.071875 0.146875
0 0.91640625 0.028125 0.0140625 0.0140625
0 0.45625 0.00546875 0.01875 0.0109375
0 0.29453125 0.053125 0.025 0.0421875
0 0.70078125 0.075 0.0203125 0.0375
0 0.1390625 0.04765625 0.0296875 0.0421875
0 0.3375 0.0578125 0.025 0.0296875
0 0.878125 0.0890625 0.025 0.0421875
0 0.36328125 0.6828125 0.078125 0.15625
0 0.1546875 0.67421875 0.071875 0.128125
0 0.03125 0.675 0.0625 0.1375
0 0.515625 0.06953125 0.025 0.0375
0 0.81953125 0.7328125 0.0609375 0.1234375
0 0.78828125 0.0890625 0.0265625 0.0515625
0 0.94765625 0.09921875 0.025 0.0296875
0 0.8484375 0.09453125 0.034375 0.0484375
0 0.1890625 0.06171875 0.03125 0.046875
0 0.55 0.08125 0.025 0.0375
0 0.89375 0.1015625 0.0203125 0.0328125
0 0.653125 0.01640625 0.015625 0.01875
0 0.23359375 0.06640625 0.0203125 0.0328125
0 0.42265625 0.07890625 0.0203125 0.0421875
0 0.728125 0.83203125 0.0765625 0.1515625
0 0.53125 0.084375 0.0203125 0.0421875
0 0.22109375 0.07109375 0.021875 0.046875
0 0.05078125 0.06171875 0.0296875 0.0296875
0 0.25703125 0.8578125 0.078125 0.1609375
0 0.5859375 0.09453125 0.0203125 0.0421875
0 0.08203125 0.06796875 0.021875 0.046875
0 0.6 0.0953125 0.025 0.0421875
0 0.9421875 0.11328125 0.0296875 0.0296875
0 0.61796875 0.09609375 0.025 0.0328125
0 0.03984375 0.884375 0.0796875 0.18125
0 0.38046875 0.08359375 0.034375 0.0390625
0 0.6671875 0.1015625 0.03125 0.0515625
0 0.715625 0.10390625 0.025 0.0421875
0 0.9921875 0.11796875 0.015625 0.0421875
0 0.45859375 0.0921875 0.0203125 0.0328125
0 0.58828125 0.95703125 0.0921875 0.0859375
0 0.41015625 0.009375 0.0203125 0.01875
0 0.43203125 0.01015625 0.0203125 0.0203125
0 0.509375 0.01171875 0.015625 0.0234375
0 0.52109375 0.0125 0.0203125 0.025
0 0.57421875 0.01484375 0.0203125 0.025
0 0.27578125 0.08671875 0.025 0.025
0 0.32421875 0.08984375 0.0203125 0.0375
0 0.80234375 0.11484375 0.03125 0.05625
0 0.4078125 0.09609375 0.025 0.0421875
0 0.65 0.10859375 0.025 0.0421875
0 0.33828125 0.0921875 0.025 0.0421875
0 0.98125 0.13125 0.0296875 0.0421875
0 0.63828125 0.11328125 0.0203125 0.0421875
0 0.12734375 0.08828125 0.021875 0.046875
0 0.515625 0.10859375 0.021875 0.046875
0 0.04921875 0.0890625 0.0265625 0.046875
0 0.22421875 0.0046875 0.0203125 0.009375
0 0.3953125 0.00859375 0.015625 0.0171875
0 0.6640625 0.01953125 0.015625 0.0234375
0 0.240625 0.00703125 0.025 0.0140625
0 0.25703125 0.0078125 0.0203125 0.015625
0 0.7125 0.02421875 0.025 0.0296875
0 0.77265625 0.02734375 0.025 0.0296875
0 0.09296875 0.09375 0.025 0.0421875
0 0.91796875 0.1390625 0.034375 0.0578125
0 0.19375 0.1015625 0.0203125 0.0421875
0 0.0296875 0.09296875 0.021875 0.05625
0 0.36953125 0.1109375 0.0296875 0.0421875
0 0.0390625 0.0953125 0.0109375 0.0234375
0 0.13828125 0.103125 0.025 0.0421875
0 0.440625 0.11875 0.03125 0.0515625
0 0.54765625 0.125 0.034375 0.0625
0 0.98515625 0.1546875 0.0296875 0.05625
0 0.575 0.1328125 0.0203125 0.0421875
0 0.41328125 0.125 0.0265625 0.046875
0 0.94140625 0.03671875 0.025 0.0296875
0 0.63125 0.0203125 0.0203125 0.0296875
0 0.72890625 0.02578125 0.0203125 0.0296875
0 0.1140625 0.00390625 0.025 0.0078125
0 0.3265625 0.009375 0.025 0.01875
0 0.7515625 0.0265625 0.025 0.0296875
0 0.10859375 0.10859375 0.03125 0.05625
0 0.23046875 0.11484375 0.03125 0.05625
0 0.7015625 0.13984375 0.034375 0.053125
0 0.83359375 0.14921875 0.034375 0.04375
0 0.94453125 0.1546875 0.03125 0.05625
0 0.2671875 0.121875 0.025 0.0421875
0 0.89609375 0.15703125 0.034375 0.034375
0 0.61796875 0.1421875 0.03125 0.0515625
0 0.87265625 0.15546875 0.0265625 0.05625
0 0.79453125 0.15390625 0.034375 0.0625
0 0.76328125 0.15703125 0.03125 0.0515625
0 0.171875 0.12578125 0.0359375 0.0671875
0 0.28515625 0.13203125 0.0265625 0.0515625
0 0.27109375 0.01015625 0.0203125 0.0203125
0 0.06640625 0.0046875 0.0203125 0.009375
0 0.7890625 0.03125 0.0203125 0.0328125
0 0.446875 0.1453125 0.034375 0.0578125
0 0.321875 0.140625 0.0265625 0.05625
0 0.48359375 0.14921875 0.025 0.0421875
0 0.3 0.14453125 0.0265625 0.05625
0 0.24453125 0.14296875 0.03125 0.05625
0 0.84609375 0.17734375 0.03125 0.0515625
0 0.0578125 0.1359375 0.03125 0.065625