0 0.41953125 0.15859375 0.078125 0.109375
0 0.2265625 0.13203125 0.115625 0.15625
0 0.56875 0.19375 0.0765625 0.096875
0 0.7453125 0.22109375 0.0859375 0.128125
0 0.63359375 0.21484375 0.0796875 0.11875
0 0.31640625 0.17734375 0.084375 0.115625
0 0.85859375 0.27890625 0.090625 0.0984375
0 0.52109375 0.28125 0.1 0.1359375
0 0.76640625 0.36953125 0.0859375 0.128125
0 0.8625 0.3984375 0.0984375 0.121875
0 0.24375 0.33984375 0.1125 0.1328125
0 0.35078125 0.38359375 0.10625 0.15
0 0.57109375 0.4609375 0.0890625 0.125