0 0.53046875 0.2296875 0.08125 0.0765625
0 0.00625 0.3375 0.0125 0.08125
0 0.0609375 0.328125 0.0671875 0.0515625
0 0.290625 0.29296875 0.09375 0.0796875
0 0.19375 0.31953125 0.0859375 0.0828125
0 0.728125 0.21796875 0.090625 0.0609375
0 0.4265625 0.3015625 0.075 0.071875
0 0.39375 0.33203125 0.0953125 0.084375
0 0.05 0.40390625 0.0859375 0.078125
0 0.5828125 0.309375 0.1 0.084375
0 0.7359375 0.2796875 0.1015625 0.0890625
0 0.92109375 0.2484375 0.084375 0.0953125
0 0.0984375 0.4859375 0.1171875 0.10625
0 0.76171875 0.378125 0.121875 0.1109375
0 0.53671875 0.434375 0.1046875 0.1078125
0 0.3171875 0.47890625 0.11875 0.09375
0 0.26796875 0.56640625 0.109375 0.109375
0 0.97890625 0.4640625 0.0421875 0.075
0 0.51640625 0.57265625 0.1234375 0.115625
0 0.446875 0.590625 0.1140625 0.0921875
0 0.059375 0.6859375 0.08125 0.1078125
0 0.671875 0.65546875 0.1359375 0.11875
0 0.30546875 0.77109375 0.1390625 0.1109375
0 0.79765625 0.68515625 0.1109375 0.1
0 0.09453125 0.85390625 0.0875 0.1171875
0 0.115625 0.9578125 0.084375 0.084375
0 0.9390625 0.82109375 0.121875 0.2046875
0 0.77890625 0.89140625 0.1375 0.1453125
0 0.596875 0.9390625 0.15 0.1171875
0 0.42421875 0.95390625 0.2140625 0.0921875
0 0.0921875 0.17578125 0.0671875 0.0515625
0 0.5 0.12265625 0.0671875 0.05625
0 0.34296875 0.15546875 0.059375 0.0546875
0 0.75 0.0765625 0.0734375 0.0625
0 0.234375 0.17890625 0.046875 0.0390625
0 0.6578125 0.1015625 0.075 0.0671875
0 0.20625 0.2015625 0.0421875 0.0390625
0 0.40859375 0.178125 0.075 0.0671875
0 0.83828125 0.09453125 0.0515625 0.040625
0 0.26953125 0.21015625 0.0625 0.05625
0 0.525 0.1671875 0.065625 0.065625
0 0.14140625 0.24453125 0.0703125 0.0484375
0 0.69375 0.1484375 0.075 0.071875
0 0.0234375 0.28203125 0.046875 0.0546875
0 0.89765625 0.128125 0.0796875 0.071875
0 0.83671875 0.14453125 0.075 0.071875
0 0.1375 0.284375 0.0625 0.05625