0 0.6421875 0.24921875 0.034375 0.0484375
0 0.14453125 0.275 0.025 0.0375
0 0.70859375 0.2484375 0.03125 0.046875
0 0.2078125 0.28359375 0.03125 0.046875
0 0.75390625 0.2578125 0.03125 0.046875
0 0.3265625 0.28203125 0.0296875 0.0375
0 0.41640625 0.2796875 0.0265625 0.0515625
0 0.80625 0.01796875 0.034375 0.0359375
0 0.8453125 0.01640625 0.03125 0.0328125
0 0.97421875 0.259375 0.021875 0.0609375
0 0.09609375 0.0484375 0.0265625 0.046875
0 0.846875 0.2703125 0.034375 0.0578125
0 0.8953125 0.27265625 0.0265625 0.046875
0 0.4875 0.3078125 0.0265625 0.046875
0 0.37421875 0.03671875 0.025 0.0375
0 0.55078125 0.31640625 0.03125 0.046875
0 0.625 0.31953125 0.03125 0.0515625
0 0.690625 0.334375 0.025 0.0375
0 0.3859375 0.3546875 0.0296875 0.0375
0 0.8 0.3359375 0.03125 0.046875
0 0.871875 0.334375 0.034375 0.04375
0 0.24765625 0.36953125 0.025 0.0421875
0 0.184375 0.05234375 0.0296875 0.0421875
0 0.26953125 0.3796875 0.025 0.0421875
0 0.04453125 0.3984375 0.0390625 0.0484375
0 0.32734375 0.38359375 0.025 0.0375
0 0.89765625 0.01796875 0.0296875 0.0359375
0 0.13125 0.40625 0.034375 0.053125
0 0.45 0.3890625 0.0296875 0.0421875
0 0.628125 0.3796875 0.03125 0.046875
0 0.4828125 0.0390625 0.03125 0.0515625
0 0.1984375 0.409375 0.0296875 0.0375
0 0.38828125 0.39921875 0.03125 0.046875
0 0.70546875 0.3828125 0.025 0.0421875
0 0.0046875 0.421875 0.009375 0.028125
0 0.96328125 0.01953125 0.0265625 0.0390625
0 0.29375 0.41796875 0.0296875 0.0296875
0 0.03046875 0.4359375 0.03125 0.046875
0 0.56953125 0.4078125 0.034375 0.04375
0 0.26015625 0.43359375 0.0265625 0.046875
0 0.18125 0.43984375 0.03125 0.0515625
0 0.8703125 0.40625 0.025 0.0421875
0 0.078125 0.45 0.0390625 0.0484375
0 0.65390625 0.03515625 0.025 0.0421875
0 0.80859375 0.4140625 0.03125 0.046875
0 0.34375 0.440625 0.0296875 0.0421875
0 0.665625 0.43125 0.025 0.0421875
0 0.71484375 0.4375 0.0296875 0.0328125
0 0.45859375 0.45390625 0.0265625 0.0609375
0 0.7421875 0.44140625 0.03125 0.046875
0 0.0171875 0.48125 0.034375 0.0578125
0 0.30546875 0.46640625 0.0265625 0.0515625
0 0.48359375 0.459375 0.03125 0.046875
0 0.23828125 0.059375 0.025 0.0375
0 0.87265625 0.4484375 0.034375 0.053125
0 0.6 0.46875 0.0265625 0.046875
0 0.68125 0.471875 0.034375 0.0390625
0 0.3375 0.49453125 0.0390625 0.0578125
0 0.12734375 0.50546875 0.04375 0.0484375
0 0.58984375 0.04296875 0.025 0.0375
0 0.8 0.47734375 0.0296875 0.0375
0 0.93203125 0.47734375 0.034375 0.0625
0 0.21171875 0.51953125 0.0390625 0.0625
0 0.48203125 0.5078125 0.034375 0.053125
0 0.87265625 0.49453125 0.034375 0.053125
0 0.65390625 0.50625 0.0390625 0.0625
0 0.71171875 0.50546875 0.0265625 0.0515625
0 0.03046875 0.553125 0.034375 0.0625
0 0.1484375 0.56015625 0.034375 0.053125
0 0.2015625 0.0703125 0.0203125 0.025
0 0.9078125 0.5296875 0.040625 0.08125
0 0.8015625 0.546875 0.0390625 0.0578125
0 0.9703125 0.53828125 0.04375 0.0625
0 0.74296875 0.0421875 0.0203125 0.0328125
0 0.53671875 0.05546875 0.0265625 0.046875
0 0.046875 0.08125 0.03125 0.046875
0 0.1390625 0.07578125 0.0265625 0.046875
0 0.88203125 0.584375 0.05 0.0671875
0 0.1640625 0.63828125 0.0453125 0.0765625
0 0.0515625 0.66015625 0.0546875 0.0671875
0 0.29453125 0.07734375 0.0203125 0.0421875
0 0.8671875 0.659375 0.05 0.090625
0 0.2859375 0.69453125 0.05 0.08125
0 0.97109375 0.68203125 0.0453125 0.090625
0 0.45546875 0.70859375 0.0546875 0.0859375
0 0.7609375 0.7046875 0.0609375 0.1
0 0.17421875 0.7484375 0.05625 0.1
0 0.34375 0.08203125 0.025 0.0328125
0 0.64453125 0.73125 0.059375 0.090625
0 0.08359375 0.771875 0.0640625 0.090625
0 0.69453125 0.76328125 0.065625 0.1140625
0 0.40390625 0.08359375 0.0265625 0.046875
0 0.8453125 0.76015625 0.05625 0.1
0 0.4359375 0.78203125 0.05 0.0859375
0 0.9875 0.77734375 0.025 0.0890625
0 0.7 0.0703125 0.025 0.0375
0 0.80703125 0.0671875 0.034375 0.0484375
0 0.37890625 0.85390625 0.0609375 0.1
0 0.75625 0.83359375 0.065625 0.1046875
0 0.88359375 0.06796875 0.03125 0.05625
0 0.625 0.0875 0.0265625 0.046875
0 0.9640625 0.071875 0.021875 0.065625
0 0.5734375 0.0921875 0.025 0.0421875
0 0.503125 0.978125 0.071875 0.04375
0 0.32734375 0.9828125 0.0484375 0.034375
0 0.4671875 0.1 0.025 0.0421875
0 0.0609375 0.12421875 0.0296875 0.0328125
0 0.92578125 0.07890625 0.03125 0.046875
0 0.12109375 0.128125 0.034375 0.053125
0 0.33359375 0.01953125 0.0203125 0.025
0 0.68203125 0.00703125 0.0203125 0.0140625
0 0.778125 0.0984375 0.034375 0.0484375
0 0.29765625 0.128125 0.0296875 0.0421875
0 0.52109375 0.11875 0.0296875 0.0421875
0 0.15859375 0.1375 0.025 0.0375
0 0.28984375 0.02421875 0.0296875 0.0296875
0 0.83828125 0.109375 0.03125 0.046875
0 0.42890625 0.0171875 0.0296875 0.0296875
0 0.74296875 0.0078125 0.0296875 0.015625
0 0.2234375 0.14140625 0.0296875 0.0421875
0 0.6890625 0.11953125 0.0203125 0.0375
0 0.23671875 0.02734375 0.0203125 0.0296875
0 0.6328125 0.01015625 0.025 0.0203125
0 0.7328125 0.12421875 0.034375 0.0484375
0 0.89453125 0.12265625 0.034375 0.053125
0 0.36796875 0.15 0.0265625 0.046875
0 0.43046875 0.146875 0.025 0.0421875
0 0.05859375 0.17109375 0.03125 0.0515625
0 0.00625 0.17890625 0.0125 0.0515625
0 0.53984375 0.15703125 0.0203125 0.0421875
0 0.48203125 0.16484375 0.025 0.0421875
0 0.95 0.14453125 0.034375 0.0578125
0 0.159375 0.1953125 0.03125 0.0515625
0 0.6703125 0.16875 0.025 0.0421875
0 0.60859375 0.17890625 0.025 0.0421875
0 0.71875 0.1734375 0.0203125 0.0375
0 0.2546875 0.2 0.025 0.0421875
0 0.11875 0.21171875 0.034375 0.053125
0 0.78203125 0.1796875 0.034375 0.053125
0 0.43125 0.2 0.0265625 0.0515625
0 0.17421875 0.215625 0.025 0.0421875
0 0.29453125 0.21171875 0.025 0.0421875
0 0.371875 0.2171875 0.0265625 0.046875
0 0.57578125 0.2171875 0.0296875 0.0375
0 0.84140625 0.20625 0.034375 0.0625
0 0.48359375 0.22734375 0.025 0.0421875
0 0.934375 0.2078125 0.025 0.0375
0 0.34296875 0.24375 0.0296875 0.0421875
0 0.87734375 0.21796875 0.034375 0.053125
0 0.0859375 0.26171875 0.03125 0.0515625
0 0.01796875 0.2703125 0.034375 0.0578125
0 0.2625 0.259375 0.0265625 0.046875