0 0.50390625 0.375 0.0109375 0.0109375
0 0.97109375 0.30625 0.0109375 0.015625
0 0.96484375 0.31171875 0.0109375 0.015625
0 0.76796875 0.3453125 0.0109375 0.0109375
0 0.51640625 0.38515625 0.0109375 0.0109375
0 0.95390625 0.31796875 0.00625 0.0140625
0 0.5109375 0.38828125 0.0109375 0.015625
0 0.9453125 0.31953125 0.0109375 0.015625
0 0.37109375 0.41015625 0.0109375 0.015625
0 0.91796875 0.3265625 0.00625 0.009375
0 0.5765625 0.38046875 0.0109375 0.015625
0 0.53125 0.3875 0.0109375 0.015625
0 0.76015625 0.3515625 0.0109375 0.015625
0 0.97265625 0.31953125 0.0109375 0.015625
0 0.609375 0.37734375 0.0109375 0.0109375
0 0.71484375 0.3609375 0.0109375 0.015625
0 0.93203125 0.3265625 0.0171875 0.0203125
0 0.75390625 0.3546875 0.0109375 0.0109375
0 0.584375 0.38359375 0.0125 0.0203125
0 0.62109375 0.378125 0.0109375 0.015625
0 0.8046875 0.34921875 0.0171875 0.025
0 0.8453125 0.3421875 0.0109375 0.015625
0 0.7 0.36796875 0.0171875 0.0203125
0 0.83203125 0.346875 0.0109375 0.015625
0 0.66484375 0.3734375 0.0171875 0.0203125
0 0.8734375 0.340625 0.0109375 0.015625
0 0.77734375 0.3578125 0.015625 0.015625
0 0.7703125 0.359375 0.0109375 0.015625
0 0.62890625 0.38125 0.0109375 0.015625
0 0.9625 0.32890625 0.00625 0.0140625
0 0.79375 0.35546875 0.0109375 0.015625
0 0.88515625 0.340625 0.0109375 0.015625
0 0.734375 0.36484375 0.015625 0.015625
0 0.5609375 0.39453125 0.0109375 0.0109375
0 0.74609375 0.365625 0.015625 0.015625
0 0.42109375 0.41640625 0.0171875 0.0203125
0 0.53515625 0.3984375 0.015625 0.015625
0 0.64296875 0.38203125 0.0109375 0.0109375
0 0.915625 0.33984375 0.0109375 0.015625
0 0.615625 0.3875 0.015625 0.015625
0 0.94296875 0.3359375 0.0109375 0.015625
0 0.54453125 0.3984375 0.0171875 0.0203125
0 0.6 0.38984375 0.0109375 0.015625
0 0.815625 0.35859375 0.015625 0.015625
0 0.79921875 0.36328125 0.015625 0.015625
0 0.95703125 0.33828125 0.0109375 0.015625
0 0.86328125 0.353125 0.0109375 0.015625
0 0.93671875 0.34140625 0.0109375 0.015625
0 0.2828125 0.4453125 0.0125 0.0203125
0 0.71953125 0.37578125 0.0171875 0.0203125
0 0.58671875 0.39921875 0.015625 0.015625
0 0.75 0.3734375 0.015625 0.015625
0 0.0015625 0.49296875 0.003125 0.0203125
0 0.66015625 0.38984375 0.015625 0.015625
0 0.1875 0.46484375 0.0171875 0.025
0 0.5671875 0.4046875 0.0171875 0.0203125
0 0.2515625 0.4546875 0.015625 0.015625
0 0.6953125 0.384375 0.015625 0.015625
0 0.0578125 0.4875 0.0109375 0.0109375
0 0.17890625 0.46875 0.015625 0.015625
0 0.3296875 0.44453125 0.021875 0.021875
0 0.22890625 0.4609375 0.0171875 0.0203125
0 0.63125 0.396875 0.021875 0.021875
0 0.67734375 0.38984375 0.021875 0.0265625
0 0.71171875 0.38671875 0.0109375 0.015625
0 0.140625 0.4796875 0.0171875 0.0203125
0 0.30078125 0.45390625 0.0171875 0.0203125
0 0.86796875 0.3640625 0.0109375 0.0109375
0 0.21015625 0.4734375 0.015625 0.015625
0 0.88671875 0.365625 0.0109375 0.015625
0 0.11640625 0.48828125 0.0125 0.0203125
0 0.50234375 0.4265625 0.0171875 0.0203125
0 0.909375 0.3625 0.021875 0.0265625
0 0.24453125 0.46796875 0.0171875 0.0203125
0 0.4515625 0.4421875 0.0171875 0.025
0 0.08125 0.50078125 0.0171875 0.0203125
0 0.49453125 0.43515625 0.0171875 0.0203125
0 0.73671875 0.396875 0.015625 0.015625
0 0.871875 0.378125 0.0171875 0.0203125
0 0.01484375 0.51328125 0.0125 0.0203125
0 0.28671875 0.47265625 0.0171875 0.0203125
0 0.16328125 0.4921875 0.0171875 0.0203125
0 0.175 0.490625 0.0109375 0.015625
0 0.184375 0.4890625 0.015625 0.015625
0 0.275 0.475 0.0171875 0.0203125
0 0.09453125 0.503125 0.0171875 0.0203125
0 0.53125 0.434375 0.021875 0.0265625
0 0.115625 0.50234375 0.0171875 0.0203125
0 0.228125 0.484375 0.0171875 0.0203125
0 0.54609375 0.434375 0.0171875 0.025
0 0.05 0.51484375 0.0171875 0.0203125
0 0.0078125 0.52109375 0.015625 0.0203125
0 0.02265625 0.51953125 0.0171875 0.0203125
0 0.95546875 0.37421875 0.0109375 0.015625
0 0.521875 0.4453125 0.0171875 0.0203125
0 0.3890625 0.46640625 0.0265625 0.0265625
0 0.25 0.490625 0.0171875 0.0203125
0 0.96796875 0.3765625 0.0171875 0.025
0 0.24296875 0.49140625 0.0171875 0.025
0 0.51796875 0.4484375 0.0171875 0.0203125
0 0.08828125 0.51875 0.021875 0.021875
0 0.184375 0.503125 0.0171875 0.025
0 0.3171875 0.48203125 0.015625 0.0109375
0 0.00703125 0.53515625 0.0140625 0.0203125
0 0.12109375 0.51796875 0.021875 0.021875
0 0.46328125 0.4640625 0.0171875 0.0203125
0 0.33671875 0.48671875 0.021875 0.0265625
0 0.84140625 0.40625 0.0171875 0.025
0 0.484375 0.4625 0.0171875 0.025
0 0.196875 0.50859375 0.021875 0.021875
0 0.07578125 0.52734375 0.0125 0.0203125
0 0.78203125 0.41796875 0.0171875 0.0203125
0 0.0625 0.53203125 0.0171875 0.0203125
0 0.3203125 0.49140625 0.015625 0.015625
0 0.64453125 0.44609375 0.0171875 0.025
0 0.1453125 0.525 0.021875 0.0265625
0 0.7234375 0.43359375 0.021875 0.021875
0 0.7515625 0.43203125 0.0171875 0.025
0 0.73828125 0.4359375 0.0171875 0.025
0 0.2609375 0.51171875 0.01875 0.0296875
0 0.7765625 0.4296875 0.0171875 0.025
0 0.759375 0.43515625 0.0171875 0.0203125
0 0.70234375 0.446875 0.0171875 0.0203125
0 0.6640625 0.45546875 0.0171875 0.0203125
0 0.79609375 0.434375 0.0171875 0.0203125
0 0.06953125 0.54921875 0.0171875 0.0203125
0 0.69375 0.45 0.015625 0.015625
0 0.7265625 0.4546875 0.0171875 0.0203125
0 0.4375 0.503125 0.021875 0.021875
0 0.59140625 0.48046875 0.0171875 0.025
0 0.62265625 0.47578125 0.0171875 0.025
0 0.371875 0.51796875 0.0171875 0.025
0 0.69453125 0.46953125 0.0171875 0.0203125
0 0.30625 0.53515625 0.021875 0.0265625
0 0.38203125 0.5234375 0.021875 0.021875
0 0.33203125 0.53359375 0.0234375 0.03125
0 0.78515625 0.46875 0.021875 0.0265625
0 0.25703125 0.5625 0.021875 0.021875
0 0.459375 0.5375 0.021875 0.0265625
0 0.75625 0.490625 0.0171875 0.0203125
0 0.2921875 0.565625 0.0234375 0.03125
0 0.82734375 0.4921875 0.0171875 0.0203125
0 0.3203125 0.57734375 0.0171875 0.0203125
0 0.6359375 0.5296875 0.021875 0.0265625
0 0.95234375 0.484375 0.021875 0.0265625
0 0.5828125 0.54765625 0.021875 0.021875
0 0.0984375 0.6265625 0.028125 0.040625
0 0.353125 0.59375 0.028125 0.03125
0 0.596875 0.56015625 0.0265625 0.0265625
0 0.49453125 0.6015625 0.021875 0.021875
0 0.67578125 0.575 0.0171875 0.0203125
0 0.38515625 0.64921875 0.028125 0.03125
0 0.36875 0.6734375 0.028125 0.03125
0 0.4046875 0.68359375 0.0265625 0.0265625
0 0.34609375 0.69765625 0.0328125 0.0359375
0 0.9421875 0.6296875 0.0234375 0.034375
0 0.9703125 0.64140625 0.028125 0.0359375
0 0.9640625 0.66328125 0.028125 0.0359375
0 0.76640625 0.77890625 0.021875 0.0265625
0 0.70859375 0.81171875 0.028125 0.040625
0 0.284375 0.9328125 0.0359375 0.0328125