0 0.7171875 0.109375 0.0171875 0.0203125
0 0.48828125 0.15390625 0.015625 0.015625
0 0.440625 0.16484375 0.00625 0.009375
0 0.45234375 0.1625 0.009375 0.00625
0 0.51171875 0.15234375 0.0234375 0.03125
0 0.61171875 0.134375 0.0109375 0.0109375
0 0.4296875 0.16640625 0.0109375 0.0109375
0 0.44765625 0.16328125 0.00625 0.009375
0 0.47734375 0.1578125 0.0109375 0.0109375
0 0.415625 0.16875 0.0109375 0.0109375
0 0.39140625 0.17578125 0.0109375 0.0109375
0 0.40703125 0.17265625 0.0109375 0.015625
0 0.7265625 0.11875 0.0171875 0.0203125
0 0.384375 0.17890625 0.0109375 0.015625
0 0.6359375 0.13515625 0.0171875 0.025
0 0.0359375 0.240625 0.0390625 0.046875
0 0.671875 0.12890625 0.021875 0.0265625
0 0.70234375 0.12578125 0.0234375 0.03125
0 0.3328125 0.190625 0.0109375 0.0109375
0 0.6203125 0.1421875 0.0125 0.0203125
0 0.3765625 0.18515625 0.0109375 0.015625
0 0.596875 0.146875 0.0171875 0.0203125
0 0.36015625 0.18828125 0.0109375 0.0109375
0 0.34921875 0.18984375 0.00625 0.009375
0 0.57265625 0.15078125 0.015625 0.015625
0 0.46796875 0.171875 0.0109375 0.0109375
0 0.296875 0.2015625 0.0109375 0.015625
0 0.45703125 0.1734375 0.0109375 0.015625
0 0.5828125 0.15390625 0.0171875 0.0203125
0 0.13828125 0.234375 0.0109375 0.015625
0 0.14765625 0.2328125 0.0109375 0.015625
0 0.56484375 0.159375 0.0125 0.0203125
0 0.92421875 0.09609375 0.028125 0.03125
0 0.553125 0.16171875 0.0171875 0.0203125
0 0.21796875 0.2203125 0.0109375 0.0109375
0 0.484375 0.1734375 0.0171875 0.025
0 0.184375 0.22890625 0.0171875 0.0203125
0 0.24296875 0.21875 0.0109375 0.015625
0 0.103125 0.2453125 0.0171875 0.0203125
0 0.4421875 0.1859375 0.0171875 0.0203125
0 0.60625 0.15703125 0.0171875 0.0203125
0 0.43125 0.18984375 0.0171875 0.0203125
0 0.54296875 0.17265625 0.0171875 0.0203125
0 0.42890625 0.19296875 0.0171875 0.0203125
0 0.07890625 0.25703125 0.0171875 0.0203125
0 0.40703125 0.19921875 0.0109375 0.015625
0 0.91328125 0.1125 0.0171875 0.0203125
0 0.01875 0.275 0.0109375 0.0109375
0 0.878125 0.1234375 0.0171875 0.025
0 0.46796875 0.1953125 0.0171875 0.0203125
0 0.003125 0.28046875 0.00625 0.0203125
0 0.10859375 0.26328125 0.0171875 0.0203125
0 0.22890625 0.2421875 0.015625 0.015625
0 0.8453125 0.1359375 0.021875 0.0265625
0 0.384375 0.2171875 0.0109375 0.0109375
0 0.27109375 0.23984375 0.00625 0.009375
0 0.39375 0.21796875 0.0078125 0.0140625
0 0.76328125 0.15546875 0.0234375 0.034375
0 0.80703125 0.14765625 0.028125 0.0359375
0 0.684375 0.171875 0.028125 0.0359375
0 0.734375 0.1625 0.0234375 0.03125
0 0.290625 0.24609375 0.015625 0.015625
0 0.58828125 0.1984375 0.0171875 0.025
0 0.30234375 0.2484375 0.0109375 0.015625
0 0.925 0.13984375 0.034375 0.0453125
0 0.3734375 0.2375 0.0109375 0.015625
0 0.32890625 0.25 0.0109375 0.015625
0 0.12578125 0.2859375 0.0171875 0.0203125
0 0.86484375 0.1578125 0.04375 0.046875
0 0.41015625 0.240625 0.021875 0.021875
0 0.240625 0.2703125 0.00625 0.009375
0 0.43203125 0.23671875 0.028125 0.0359375
0 0.56015625 0.2140625 0.0234375 0.03125
0 0.45546875 0.23515625 0.021875 0.0265625
0 0.3875 0.246875 0.0171875 0.0203125
0 0.5171875 0.22421875 0.0171875 0.025
0 0.2734375 0.2671875 0.0109375 0.015625
0 0.29609375 0.26328125 0.0125 0.0203125
0 0.503125 0.2265625 0.0234375 0.03125
0 0.17734375 0.284375 0.0171875 0.0203125
0 0.23046875 0.275 0.0109375 0.015625
0 0.61328125 0.209375 0.0234375 0.03125
0 0.3625 0.25390625 0.0109375 0.015625
0 0.32734375 0.2671875 0.0109375 0.015625
0 0.1265625 0.3046875 0.015625 0.015625
0 0.59453125 0.22265625 0.0234375 0.03125
0 0.66328125 0.21015625 0.028125 0.0359375
0 0.16171875 0.30078125 0.0109375 0.015625
0 0.75 0.19765625 0.0234375 0.034375
0 0.178125 0.2984375 0.0078125 0.0140625
0 0.3671875 0.2671875 0.0109375 0.0109375
0 0.1171875 0.3109375 0.0109375 0.0109375
0 0.465625 0.25 0.021875 0.0265625
0 0.2125 0.296875 0.015625 0.015625
0 0.22890625 0.29375 0.0171875 0.0203125
0 0.1375 0.3125 0.009375 0.00625
0 0.25625 0.29375 0.028125 0.03125
0 0.35078125 0.27734375 0.0171875 0.025
0 0.37265625 0.2734375 0.0109375 0.015625
0 0.48515625 0.25390625 0.0234375 0.03125
0 0.68046875 0.21875 0.028125 0.0359375
0 0.11640625 0.32109375 0.0109375 0.015625
0 0.015625 0.34140625 0.015625 0.015625
0 0.41015625 0.27109375 0.0328125 0.0359375
0 0.0046875 0.3453125 0.009375 0.015625
0 0.10390625 0.33046875 0.015625 0.015625
0 0.1515625 0.321875 0.0109375 0.015625
0 0.53515625 0.25703125 0.0234375 0.03125
0 0.17109375 0.32578125 0.028125 0.03125
0 0.140625 0.33125 0.0234375 0.03125
0 0.328125 0.3 0.028125 0.03125
0 0.2171875 0.32421875 0.0328125 0.0359375
0 0.1171875 0.3421875 0.0234375 0.03125
0 0.6015625 0.2609375 0.0265625 0.021875
0 0.02265625 0.3671875 0.0296875 0.040625
0 0.0046875 0.375 0.009375 0.03125
0 0.94453125 0.21015625 0.03125 0.0546875
0 0.4828125 0.29609375 0.053125 0.053125
0 0.753125 0.25546875 0.0390625 0.046875
0 0.7765625 0.25390625 0.034375 0.040625
0 0.6390625 0.278125 0.0328125 0.0359375
0 0.0671875 0.390625 0.05625 0.0671875
0 0.6125 0.296875 0.04375 0.046875
0 0.32734375 0.34921875 0.0484375 0.053125
0 0.00625 0.4125 0.0125 0.040625
0 0.87109375 0.2609375 0.034375 0.0453125
0 0.9421875 0.25078125 0.040625 0.034375
0 0.71484375 0.29296875 0.040625 0.05625
0 0.2125 0.39140625 0.0359375 0.0328125
0 0.91953125 0.2796875 0.0359375 0.0546875
0 0.2078125 0.4171875 0.040625 0.0609375
0 0.14375 0.440625 0.034375 0.0453125
0 0.94453125 0.30390625 0.053125 0.075
0 0.66171875 0.365625 0.0515625 0.0703125
0 0.7765625 0.35078125 0.0546875 0.084375
0 0.48125 0.4046875 0.0640625 0.0859375
0 0.18515625 0.459375 0.053125 0.075
0 0.0421875 0.58515625 0.08125 0.1109375
0 0.7796875 0.46953125 0.0625 0.08125
0 0.97265625 0.478125 0.0546875 0.1
0 0.540625 0.56796875 0.078125 0.09375
0 0.3859375 0.59765625 0.065625 0.1
0 0.25390625 0.6515625 0.1 0.1140625
0 0.90078125 0.5984375 0.0921875 0.1171875
0 0.52734375 0.69765625 0.1359375 0.1484375
0 0.871875 0.73046875 0.13125 0.1734375
0 0.296875 0.8953125 0.1484375 0.11875