0 0.4875 0.51953125 0.0171875 0.0203125
0 0.77421875 0.56484375 0.0109375 0.015625
0 0.80390625 0.56875 0.021875 0.021875
0 0.81953125 0.57109375 0.0109375 0.015625
0 0.5421875 0.53203125 0.0109375 0.015625
0 0.9796875 0.59609375 0.021875 0.0296875
0 0.74140625 0.5625 0.021875 0.0265625
0 0.3625 0.51171875 0.0171875 0.0203125
0 0.8921875 0.5875 0.0234375 0.0390625
0 0.45 0.525 0.0171875 0.0203125
0 0.15234375 0.48359375 0.0171875 0.0203125
0 0.58046875 0.54609375 0.0171875 0.025
0 0.96484375 0.6 0.021875 0.0296875
0 0.3453125 0.515625 0.0171875 0.025
0 0.5203125 0.53984375 0.021875 0.0296875
0 0.27890625 0.50625 0.0125 0.0203125
0 0.18984375 0.49375 0.0109375 0.015625
0 0.38671875 0.5234375 0.0125 0.0203125
0 0.68046875 0.56484375 0.021875 0.0265625
0 0.31328125 0.515625 0.021875 0.0296875
0 0.11328125 0.4875 0.0125 0.0203125
0 0.3953125 0.5296875 0.0171875 0.0203125
0 0.12734375 0.49140625 0.00625 0.009375
0 0.41328125 0.53203125 0.021875 0.0296875
0 0.209375 0.50546875 0.021875 0.0296875
0 0.90625 0.60390625 0.0234375 0.034375
0 0.553125 0.55390625 0.0171875 0.0203125
0 0.93828125 0.61015625 0.028125 0.034375
0 0.01171875 0.4828125 0.021875 0.0265625
0 0.4625 0.54609375 0.0171875 0.025
0 0.75859375 0.58984375 0.0171875 0.0296875
0 0.23125 0.515625 0.0234375 0.0390625
0 0.0515625 0.4953125 0.021875 0.0296875
0 0.06328125 0.496875 0.0171875 0.025
0 0.00546875 0.490625 0.0109375 0.025
0 0.63125 0.58359375 0.05625 0.0796875
0 0.03203125 0.50234375 0.021875 0.0296875
0 0.14453125 0.51796875 0.021875 0.0296875
0 0.17421875 0.521875 0.0109375 0.015625
0 0.37265625 0.559375 0.0265625 0.03125
0 0.8859375 0.63359375 0.0234375 0.034375
0 0.66015625 0.60703125 0.021875 0.0265625
0 0.76796875 0.621875 0.0328125 0.0359375
0 0.81171875 0.628125 0.021875 0.0296875
0 0.24765625 0.5515625 0.0265625 0.03125
0 0.71640625 0.62421875 0.021875 0.0265625
0 0.97265625 0.66015625 0.0140625 0.0375
0 0.8578125 0.64609375 0.0421875 0.05
0 0.57578125 0.6109375 0.034375 0.0453125
0 0.1515625 0.5515625 0.0265625 0.021875
0 0.4625 0.59765625 0.0359375 0.059375
0 0.5015625 0.60546875 0.0375 0.05
0 0.7328125 0.63984375 0.028125 0.034375
0 0.94609375 0.6703125 0.04375 0.0546875
0 0.01015625 0.5375 0.0203125 0.05
0 0.33828125 0.584375 0.021875 0.0296875
0 0.08203125 0.55078125 0.0328125 0.0359375
0 0.21640625 0.571875 0.0234375 0.034375
0 0.90625 0.66875 0.0375 0.040625
0 0.30546875 0.584375 0.0234375 0.034375
0 0.284375 0.584375 0.0375 0.040625
0 0.525 0.6203125 0.0296875 0.04375
0 0.1421875 0.56875 0.0265625 0.03125
0 0.83125 0.6703125 0.0328125 0.040625
0 0.20078125 0.584375 0.0265625 0.03125
0 0.80546875 0.671875 0.0234375 0.034375
0 0.03046875 0.5625 0.028125 0.034375
0 0.2390625 0.59453125 0.0296875 0.0484375
0 0.1171875 0.57734375 0.0390625 0.0546875
0 0.17421875 0.5875 0.0234375 0.0390625
0 0.065625 0.58203125 0.028125 0.0390625
0 0.3515625 0.62421875 0.0296875 0.04375
0 0.38203125 0.62890625 0.028125 0.0390625
0 0.759375 0.68125 0.034375 0.05
0 0.71796875 0.68046875 0.034375 0.05
0 0.953125 0.715625 0.0296875 0.04375
0 0.4859375 0.65234375 0.034375 0.0546875
0 0.19921875 0.6125 0.0265625 0.03125
0 0.01484375 0.58828125 0.0296875 0.0453125
0 0.13515625 0.60546875 0.0234375 0.0390625
0 0.7875 0.69921875 0.028125 0.034375
0 0.8796875 0.7140625 0.05 0.075
0 0.31953125 0.640625 0.028125 0.0390625
0 0.284375 0.6375 0.034375 0.0546875
0 0.24765625 0.63515625 0.028125 0.0390625
0 0.1640625 0.62578125 0.0375 0.040625
0 0.11328125 0.6234375 0.0328125 0.040625
0 0.05390625 0.61484375 0.034375 0.0453125
0 0.071875 0.61953125 0.034375 0.0453125
0 0.196875 0.63984375 0.0609375 0.0484375
0 0.92890625 0.74453125 0.04375 0.0546875
0 0.678125 0.7140625 0.0390625 0.0546875
0 0.95234375 0.75546875 0.028125 0.0390625
0 0.54140625 0.70234375 0.0171875 0.025
0 0.0921875 0.64140625 0.0375 0.05
0 0.559375 0.709375 0.034375 0.05
0 0.30234375 0.678125 0.04375 0.059375
0 0.00546875 0.63359375 0.0109375 0.0453125
0 0.19140625 0.6671875 0.04375 0.0546875
0 0.375 0.69296875 0.040625 0.0375
0 0.4390625 0.7046875 0.034375 0.0546875
0 0.715625 0.7453125 0.0375 0.0453125
0 0.5109375 0.721875 0.025 0.053125
0 0.46953125 0.715625 0.059375 0.0671875
0 0.13359375 0.67734375 0.0609375 0.08125
0 0.75625 0.76953125 0.0484375 0.05625
0 0.2265625 0.69765625 0.028125 0.0390625
0 0.06171875 0.67421875 0.0375 0.0453125
0 0.25546875 0.70625 0.0484375 0.0609375
0 0.56953125 0.753125 0.0578125 0.0578125
0 0.52578125 0.746875 0.0390625 0.0546875
0 0.896875 0.80078125 0.0484375 0.0921875
0 0.67421875 0.77421875 0.053125 0.0609375
0 0.921875 0.809375 0.040625 0.0734375
0 0.37109375 0.7390625 0.071875 0.0953125
0 0.9359375 0.82109375 0.03125 0.0625
0 0.0234375 0.69140625 0.046875 0.0890625
0 0.80625 0.828125 0.1125 0.190625
0 0.246875 0.75390625 0.05 0.065625
0 0.33359375 0.76875 0.0625 0.0984375
0 0.08515625 0.73828125 0.0625 0.09375
0 0.4640625 0.8078125 0.0828125 0.10625
0 0.64375 0.840625 0.0453125 0.06875
0 0.93515625 0.89296875 0.03125 0.0953125
0 0.60625 0.846875 0.090625 0.134375
0 0.5109375 0.8515625 0.084375 0.1515625
0 0.15234375 0.8109375 0.0921875 0.1484375
0 0.67890625 0.8875 0.1015625 0.140625
0 0.8921875 0.9359375 0.0890625 0.125
0 0.03046875 0.8390625 0.0609375 0.196875
0 0.25703125 0.88125 0.1078125 0.1546875
0 0.40546875 0.90703125 0.1046875 0.1671875
0 0.10234375 0.9109375 0.1109375 0.0890625