0 0.55546875 0.2671875 0.021875 0.025
0 0.21796875 0.31328125 0.021875 0.025
0 0.11796875 0.3296875 0.021875 0.025
0 0.07421875 0.3421875 0.021875 0.0296875
0 0.21484375 0.34375 0.0171875 0.025
0 0.54375 0.3078125 0.021875 0.025
0 0.2984375 0.340625 0.021875 0.0296875
0 0.2578125 0.3453125 0.021875 0.025
0 0.50703125 0.32421875 0.0171875 0.025
0 0.1140625 0.41171875 0.0265625 0.034375
0 0.16015625 0.4109375 0.021875 0.025
0 0.2140625 0.4140625 0.021875 0.034375
0 0.0109375 0.44375 0.021875 0.034375
0 0.509375 0.38203125 0.0234375 0.0390625
0 0.6859375 0.36328125 0.0109375 0.015625
0 0.415625 0.403125 0.028125 0.0390625
0 0.26953125 0.4234375 0.021875 0.0296875
0 0.8859375 0.3546875 0.021875 0.034375
0 0.59375 0.39296875 0.021875 0.0296875
0 0.83828125 0.3671875 0.028125 0.04375
0 0.6984375 0.38671875 0.021875 0.034375
0 0.44375 0.4203125 0.0265625 0.034375
0 0.140625 0.46015625 0.021875 0.0296875
0 0.97890625 0.35703125 0.01875 0.0375
0 0.80625 0.38984375 0.028125 0.04375
0 0.615625 0.41328125 0.028125 0.0390625
0 0.16328125 0.47578125 0.0234375 0.0390625
0 0.63046875 0.42109375 0.0234375 0.0390625
0 0.26015625 0.46640625 0.0265625 0.034375
0 0.38671875 0.45078125 0.028125 0.0484375
0 0.540625 0.434375 0.021875 0.0296875
0 0.1421875 0.49296875 0.028125 0.0390625
0 0.6875 0.428125 0.028125 0.0390625
0 0.43671875 0.4609375 0.0265625 0.034375
0 0.9453125 0.4015625 0.0375 0.0453125
0 0.49296875 0.459375 0.021875 0.0296875
0 0.8359375 0.421875 0.0234375 0.04375
0 0.60390625 0.4734375 0.0328125 0.0484375
0 0.24375 0.521875 0.0171875 0.0328125
0 0.91484375 0.44453125 0.0328125 0.04375
0 0.55234375 0.4890625 0.0328125 0.04375
0 0.8625 0.45078125 0.0328125 0.0484375
0 0.471875 0.4984375 0.0265625 0.034375
0 0.73828125 0.46796875 0.0234375 0.04375
0 0.65546875 0.48828125 0.028125 0.04375
0 0.3203125 0.53359375 0.028125 0.04375
0 0.81640625 0.475 0.0328125 0.04375
0 0.9625 0.46484375 0.0328125 0.0484375
0 0.57890625 0.5140625 0.0234375 0.0390625
0 0.484375 0.52578125 0.028125 0.04375
0 0.6875 0.509375 0.0234375 0.04375
0 0.26484375 0.5609375 0.0265625 0.034375
0 0.9109375 0.4890625 0.028125 0.04375
0 0.87890625 0.51171875 0.0328125 0.04375
0 0.59375 0.55625 0.0328125 0.04375
0 0.2171875 0.6046875 0.028125 0.04375
0 0.93984375 0.53046875 0.046875 0.046875
0 0.33359375 0.6046875 0.034375 0.053125
0 0.48828125 0.5953125 0.0265625 0.034375
0 0.671875 0.57421875 0.028125 0.04375
0 0.853125 0.5515625 0.034375 0.053125
0 0.146875 0.6453125 0.0328125 0.040625
0 0.70546875 0.5796875 0.034375 0.053125
0 0.3984375 0.62421875 0.0375 0.0453125
0 0.1984375 0.6484375 0.0375 0.0546875
0 0.97578125 0.55546875 0.0328125 0.04375
0 0.5578125 0.609375 0.034375 0.053125
0 0.76796875 0.5953125 0.028125 0.0484375
0 0.0609375 0.68671875 0.0375 0.0546875
0 0.10078125 0.68671875 0.028125 0.0484375
0 0.1890625 0.70546875 0.0296875 0.053125
0 0.63984375 0.65078125 0.0375 0.0546875
0 0.79453125 0.63359375 0.0328125 0.0484375
0 0.4703125 0.6734375 0.0375 0.0453125
0 0.06796875 0.746875 0.046875 0.0546875
0 0.7140625 0.6671875 0.0375 0.0546875
0 0.88828125 0.66484375 0.04375 0.0640625
0 0.6125 0.71171875 0.0390625 0.059375
0 0.19453125 0.7703125 0.0421875 0.0546875
0 0.328125 0.75390625 0.0328125 0.04375
0 0.42734375 0.7421875 0.04375 0.059375