0 0.8109375 0.76875 0.0046875 0.009375
0 0.2234375 0.73828125 0.009375 0.0046875
0 0.24921875 0.73984375 0.0046875 0.0046875
0 0.2734375 0.740625 0.0046875 0.0046875
0 0.2375 0.7390625 0.0046875 0.0046875
0 0.83046875 0.77265625 0.009375 0.009375
0 0.78203125 0.76953125 0.009375 0.009375
0 0.79609375 0.7703125 0.0046875 0.0046875
0 0.7890625 0.7703125 0.0046875 0.009375
0 0.2578125 0.74453125 0.0046875 0.0046875
0 0.23203125 0.74296875 0.009375 0.009375
0 0.2046875 0.7421875 0.0046875 0.0046875
0 0.3640625 0.75 0.0140625 0.0140625
0 0.76796875 0.7734375 0.009375 0.009375
0 0.215625 0.74453125 0.009375 0.0046875
0 0.5671875 0.76328125 0.0203125 0.025
0 0.28046875 0.7484375 0.0140625 0.009375
0 0.34765625 0.75390625 0.0140625 0.0140625
0 0.81953125 0.77890625 0.009375 0.009375
0 0.759375 0.77578125 0.009375 0.0140625
0 0.22265625 0.75 0.0140625 0.0046875
0 0.2671875 0.75234375 0.0140625 0.0140625
0 0.33515625 0.7578125 0.0140625 0.009375
0 0.58515625 0.7734375 0.0203125 0.025
0 0.10234375 0.7484375 0.0328125 0.0109375
0 0.48828125 0.7734375 0.0203125 0.0203125
0 0.54609375 0.7765625 0.0296875 0.0296875
0 0.709375 0.78515625 0.025 0.025
0 0.69140625 0.78359375 0.0203125 0.0203125
0 0.915625 0.79765625 0.025 0.0203125
0 0.728125 0.790625 0.0203125 0.025
0 0.096875 0.75703125 0.0234375 0.015625
0 0.14140625 0.759375 0.0328125 0.0203125
0 0.66796875 0.7875 0.0296875 0.025
0 0.50859375 0.77890625 0.0203125 0.0203125
0 0.790625 0.79375 0.028125 0.015625
0 0.1828125 0.76171875 0.0234375 0.015625
0 0.74921875 0.79375 0.01875 0.015625
0 0.621875 0.7875 0.025 0.025
0 0.46640625 0.78046875 0.015625 0.01875
0 0.08515625 0.7609375 0.025 0.0203125
0 0.02734375 0.76015625 0.025 0.0296875
0 0.2421875 0.77109375 0.0203125 0.025
0 0.38125 0.78125 0.025 0.0203125
0 0.415625 0.7828125 0.0296875 0.0203125
0 0.06953125 0.76484375 0.0296875 0.0296875
0 0.2234375 0.775 0.025 0.025
0 0.9359375 0.8125 0.025 0.025
0 0.7 0.8046875 0.025 0.0203125
0 0.590625 0.8015625 0.0296875 0.0296875
0 0.13359375 0.77734375 0.025 0.025
0 0.8453125 0.81484375 0.0203125 0.0296875
0 0.79140625 0.8140625 0.0375 0.0296875
0 0.30859375 0.7890625 0.0328125 0.0296875
0 0.18359375 0.784375 0.025 0.0328125
0 0.875 0.828125 0.0671875 0.0640625
0 0.428125 0.8046875 0.0609375 0.03125
0 0.50703125 0.8109375 0.0484375 0.0390625
0 0.73515625 0.8390625 0.0671875 0.0546875
0 0.9515625 0.8625 0.0546875 0.0671875
0 0.4453125 0.840625 0.0765625 0.05
0 0.66328125 0.8796875 0.0921875 0.078125
0 0.14921875 0.86171875 0.0921875 0.0921875
0 0.21171875 0.86953125 0.0875 0.06875
0 0.346875 0.89296875 0.134375 0.090625
0 0.51328125 0.90703125 0.125 0.1078125