0 0.303125 0.01640625 0.0234375 0.015625
0 0.21171875 0.0890625 0.034375 0.034375
0 0.67421875 0.74140625 0.1359375 0.1171875
0 0.04765625 0.1 0.0484375 0.0484375
0 0.1546875 0.803125 0.1125 0.1203125
0 0.4828125 0.009375 0.025 0.01875
0 0.84140625 0.071875 0.0390625 0.0484375
0 0.384375 0.10234375 0.0390625 0.04375
0 0.51015625 0.0109375 0.0296875 0.021875
0 0.721875 0.09609375 0.0390625 0.0484375
0 0.075 0.1375 0.04375 0.053125
0 0.56328125 0.11171875 0.03125 0.0515625
0 0.55703125 0.0125 0.0296875 0.025
0 0.7625 0.115625 0.0578125 0.0484375
0 0.6171875 0.12734375 0.0390625 0.04375
0 0.76484375 0.12734375 0.04375 0.04375
0 0.00546875 0.1734375 0.0109375 0.05625
0 0.23203125 0.1640625 0.0625 0.0578125
0 0.946875 0.13515625 0.0484375 0.053125
0 0.4125 0.165625 0.0484375 0.0578125
0 0.14921875 0.184375 0.053125 0.0578125
0 0.9265625 0.15078125 0.0578125 0.0578125
0 0.25546875 0.0359375 0.0390625 0.0390625
0 0.2828125 0.034375 0.034375 0.0390625
0 0.31953125 0.03203125 0.0296875 0.0296875
0 0.7109375 0.23828125 0.0640625 0.0671875
0 0.58828125 0.0203125 0.0328125 0.0296875
0 0.60078125 0.2515625 0.0640625 0.071875
0 0.6921875 0.015625 0.034375 0.03125
0 0.40546875 0.0296875 0.04375 0.0390625
0 0.015625 0.29296875 0.03125 0.0859375
0 0.25 0.2859375 0.053125 0.0625
0 0.7796875 0.309375 0.0640625 0.071875
0 0.92109375 0.0140625 0.0390625 0.028125
0 0.39453125 0.3390625 0.0734375 0.06875
0 0.909375 0.31171875 0.0625 0.0625
0 0.1546875 0.3765625 0.0625 0.0625
0 0.646875 0.028125 0.025 0.0375
0 0.5703125 0.38046875 0.06875 0.078125
0 0.4484375 0.39140625 0.06875 0.0734375
0 0.77890625 0.02421875 0.034375 0.0390625
0 0.49375 0.42578125 0.078125 0.0921875
0 0.9578125 0.43203125 0.0734375 0.0921875
0 0.6328125 0.040625 0.04375 0.034375
0 0.81015625 0.4859375 0.0921875 0.0828125
0 0.30546875 0.06015625 0.034375 0.034375
0 0.09609375 0.5375 0.06875 0.06875
0 0.58046875 0.5328125 0.075 0.096875
0 0.19921875 0.0703125 0.025 0.0328125
0 0.3609375 0.58828125 0.0984375 0.125
0 0.52265625 0.61484375 0.103125 0.1203125
0 0.784375 0.0515625 0.034375 0.0390625
0 0.81171875 0.65703125 0.1203125 0.103125
0 0.68125 0.059375 0.034375 0.04375