0 0.19921875 0.24609375 0.0296875 0.0515625
0 0.45625 0.24609375 0.025 0.046875
0 0.30546875 0.253125 0.025 0.046875
0 0.24140625 0.27578125 0.0328125 0.0515625
0 0.74609375 0.29375 0.025 0.046875
0 0.0453125 0.3109375 0.0296875 0.046875
0 0.0984375 0.3171875 0.0328125 0.0515625
0 0.684375 0.309375 0.0375 0.0421875
0 0.18671875 0.325 0.0328125 0.0515625
0 0.496875 0.32421875 0.0296875 0.0515625
0 0.43671875 0.3296875 0.0328125 0.065625
0 0.4140625 0.35078125 0.0296875 0.046875
0 0.5625 0.35546875 0.0296875 0.05625
0 0.52109375 0.36328125 0.0375 0.0421875
0 0.68046875 0.3625 0.0296875 0.046875
0 0.62265625 0.36796875 0.0328125 0.0515625
0 0.28671875 0.3859375 0.0328125 0.05625
0 0.88671875 0.375 0.025 0.046875
0 0.7984375 0.37890625 0.0234375 0.0421875
0 0.3421875 0.3890625 0.0328125 0.0609375
0 0.2671875 0.390625 0.0375 0.0515625
0 0.740625 0.38515625 0.0328125 0.0421875
0 0.8515625 0.3828125 0.0296875 0.0515625
0 0.2296875 0.39375 0.0421875 0.05625
0 0.51015625 0.40546875 0.0296875 0.0515625
0 0.11640625 0.41640625 0.046875 0.05625
0 0.940625 0.40390625 0.0328125 0.05625
0 0.97265625 0.403125 0.0421875 0.075
0 0.76953125 0.41640625 0.0328125 0.046875
0 0.7140625 0.42421875 0.028125 0.0421875
0 0.02734375 0.4390625 0.046875 0.065625
0 0.36171875 0.4328125 0.025 0.0515625
0 0.40859375 0.4390625 0.0375 0.0515625
0 0.828125 0.43203125 0.0296875 0.0515625
0 0.33984375 0.44296875 0.025 0.05625
0 0.4390625 0.44296875 0.0328125 0.065625
0 0.665625 0.44375 0.0375 0.075
0 0.21484375 0.4609375 0.0421875 0.0703125
0 0.26796875 0.46015625 0.05625 0.0796875
0 0.48984375 0.4609375 0.0375 0.0703125
0 0.72578125 0.47265625 0.0328125 0.0515625
0 0.56015625 0.48046875 0.0765625 0.1125
0 0.803125 0.48046875 0.0421875 0.0703125
0 0.90546875 0.48125 0.046875 0.0796875
0 0.36796875 0.5046875 0.0421875 0.0609375
0 0.41171875 0.51328125 0.0421875 0.075
0 0.0234375 0.525 0.0421875 0.0609375
0 0.85 0.521875 0.0296875 0.075
0 0.07265625 0.53828125 0.0421875 0.084375
0 0.7671875 0.52578125 0.0421875 0.0796875
0 0.12578125 0.53671875 0.0375 0.065625
0 0.97734375 0.5328125 0.0390625 0.09375
0 0.7390625 0.53515625 0.046875 0.065625
0 0.2 0.54453125 0.046875 0.075
0 0.69296875 0.5453125 0.0515625 0.046875
0 0.16328125 0.578125 0.05625 0.05625
0 0.353125 0.59296875 0.0515625 0.0796875
0 0.86484375 0.5953125 0.0421875 0.065625
0 0.24921875 0.60625 0.046875 0.075
0 0.403125 0.6265625 0.0609375 0.0890625
0 0.02109375 0.65 0.0375 0.084375
0 0.3015625 0.6671875 0.0578125 0.09375
0 0.17890625 0.68125 0.046875 0.075
0 0.08046875 0.715625 0.0515625 0.0890625
0 0.48046875 0.721875 0.1046875 0.1640625
0 0.884375 0.76171875 0.1140625 0.1546875
0 0.35390625 0.10625 0.0234375 0.0375
0 0.3796875 0.1203125 0.028125 0.0421875
0 0.359375 0.159375 0.0234375 0.0421875
0 0.28359375 0.1703125 0.01875 0.0375
0 0.0265625 0.175 0.0375 0.05625
0 0.2421875 0.1734375 0.0234375 0.0375
0 0.61953125 0.17109375 0.01875 0.0375
0 0.3046875 0.17890625 0.0234375 0.0421875
0 0.58046875 0.17421875 0.0234375 0.0421875
0 0.515625 0.1875 0.0296875 0.046875
0 0.4390625 0.1953125 0.0234375 0.0375
0 0.184375 0.20234375 0.01875 0.028125
0 0.63359375 0.2015625 0.028125 0.0328125
0 0.1484375 0.21484375 0.0328125 0.046875
0 0.5984375 0.20703125 0.01875 0.0375
0 0.55546875 0.2171875 0.0296875 0.046875
0 0.72890625 0.2140625 0.0328125 0.0515625