0 0.92109375 0.09140625 0.0109375 0.015625
0 0.90859375 0.0984375 0.015625 0.015625
0 0.82421875 0.11328125 0.00625 0.009375
0 0.27265625 0.2109375 0.0109375 0.015625
0 0.8203125 0.11640625 0.00625 0.009375
0 0.73359375 0.13203125 0.0109375 0.015625
0 0.52421875 0.16875 0.0171875 0.0203125
0 0.39453125 0.19609375 0.009375 0.00625
0 0.540625 0.17109375 0.0125 0.0203125
0 0.71953125 0.14140625 0.0109375 0.015625
0 0.35859375 0.20546875 0.0140625 0.0078125
0 0.24453125 0.225 0.0109375 0.0109375
0 0.6296875 0.15703125 0.0125 0.0203125
0 0.21796875 0.23046875 0.009375 0.00625
0 0.334375 0.21171875 0.0109375 0.015625
0 0.29296875 0.221875 0.00625 0.009375
0 0.259375 0.22734375 0.0109375 0.0109375
0 0.37734375 0.20625 0.015625 0.015625
0 0.13828125 0.2484375 0.009375 0.00625
0 0.328125 0.21796875 0.0125 0.0203125
0 0.17734375 0.246875 0.0109375 0.015625
0 0.21484375 0.23984375 0.015625 0.0109375
0 0.221875 0.2390625 0.0109375 0.0109375
0 0.2390625 0.2359375 0.0109375 0.0109375
0 0.034375 0.271875 0.0109375 0.0109375
0 0.1296875 0.2546875 0.015625 0.015625
0 0.00703125 0.2765625 0.0109375 0.0109375
0 0.1921875 0.246875 0.0109375 0.015625
0 0.20078125 0.24453125 0.0109375 0.0109375
0 0.15625 0.25546875 0.015625 0.015625
0 0.02421875 0.27890625 0.0109375 0.015625
0 0.16328125 0.25625 0.0140625 0.0078125
0 0.103125 0.27421875 0.015625 0.015625
0 0.11640625 0.271875 0.009375 0.00625
0 0.13984375 0.2703125 0.0171875 0.0203125
0 0.80078125 0.1671875 0.0375 0.0375
0 0.68046875 0.190625 0.0328125 0.0359375
0 0.840625 0.16484375 0.015625 0.015625
0 0.2109375 0.2875 0.0375 0.0375
0 0.85078125 0.1796875 0.028125 0.0359375
0 0.45546875 0.24921875 0.021875 0.0265625
0 0.928125 0.1703125 0.028125 0.0359375
0 0.60546875 0.22734375 0.0140625 0.025
0 0.734375 0.20703125 0.0234375 0.03125
0 0.27265625 0.28828125 0.034375 0.040625
0 0.65078125 0.221875 0.0296875 0.0453125
0 0.77890625 0.2015625 0.03125 0.05
0 0.3390625 0.2796875 0.0328125 0.0359375
0 0.553125 0.24140625 0.0296875 0.040625
0 0.8171875 0.1953125 0.021875 0.0265625
0 0.93984375 0.18046875 0.0203125 0.04375
0 0.5359375 0.24921875 0.025 0.0390625
0 0.62265625 0.23671875 0.0359375 0.05
0 0.59296875 0.24140625 0.0296875 0.0453125
0 0.70078125 0.225 0.0453125 0.0609375
0 0.9109375 0.190625 0.0359375 0.05
0 0.0515625 0.3421875 0.021875 0.0265625
0 0.3671875 0.290625 0.028125 0.0359375
0 0.15703125 0.328125 0.0375 0.0421875
0 0.49453125 0.27109375 0.034375 0.0453125
0 0.46328125 0.2765625 0.034375 0.040625
0 0.809375 0.215625 0.021875 0.0265625
0 0.85546875 0.209375 0.034375 0.040625
0 0.03046875 0.35546875 0.034375 0.040625
0 0.7640625 0.22578125 0.0296875 0.040625
0 0.09921875 0.3453125 0.0375 0.0421875
0 0.7421875 0.234375 0.0375 0.0421875
0 0.2421875 0.32890625 0.0359375 0.05
0 0.6859375 0.25078125 0.0359375 0.0546875
0 0.83203125 0.225 0.0359375 0.05
0 0.19453125 0.3421875 0.0375 0.0421875
0 0.4296875 0.30078125 0.0375 0.0421875
0 0.15859375 0.3484375 0.028125 0.03125
0 0.39765625 0.30625 0.0296875 0.0453125
0 0.56875 0.278125 0.0296875 0.0453125
0 0.52421875 0.2890625 0.0359375 0.05
0 0.27734375 0.33203125 0.0390625 0.046875
0 0.33984375 0.3234375 0.0265625 0.0484375
0 0.79609375 0.2453125 0.0296875 0.0453125
0 0.325 0.33359375 0.034375 0.040625
0 0.740625 0.26484375 0.034375 0.0453125
0 0.0640625 0.38671875 0.034375 0.0453125
0 0.1859375 0.36953125 0.028125 0.03125
0 0.6328125 0.2953125 0.0390625 0.0515625
0 0.11328125 0.3875 0.034375 0.0453125
0 0.9078125 0.26875 0.0390625 0.0515625
0 0.01328125 0.42734375 0.0265625 0.0453125
0 0.478125 0.35078125 0.0359375 0.0546875
0 0.70859375 0.32421875 0.03125 0.0546875
0 0.14921875 0.4328125 0.034375 0.0453125
0 0.0984375 0.4484375 0.0359375 0.0546875
0 0.8640625 0.3234375 0.040625 0.0609375
0 0.39609375 0.67109375 0.0609375 0.0734375