0 0.6296875 0.14765625 0.015625 0.015625
0 0.79921875 0.1734375 0.015625 0.0203125
0 0.753125 0.171875 0.0203125 0.0203125
0 0.5890625 0.1546875 0.0203125 0.0203125
0 0.7015625 0.16796875 0.015625 0.0203125
0 0.678125 0.1703125 0.0203125 0.0203125
0 0.5171875 0.15 0.0265625 0.03125
0 0.77890625 0.184375 0.015625 0.0203125
0 0.73984375 0.18203125 0.015625 0.015625
0 0.65625 0.17578125 0.015625 0.0203125
0 0.72734375 0.18671875 0.0203125 0.0203125
0 0.66953125 0.18203125 0.015625 0.0203125
0 0.64375 0.17890625 0.021875 0.025
0 0.9078125 0.21875 0.03125 0.0359375
0 0.615625 0.18515625 0.021875 0.025
0 0.5703125 0.1796875 0.0265625 0.03125
0 0.63203125 0.18984375 0.021875 0.034375
0 0.73984375 0.203125 0.021875 0.034375
0 0.53671875 0.18046875 0.0265625 0.03125
0 0.36484375 0.16171875 0.0390625 0.059375
0 0.88125 0.225 0.028125 0.04375
0 0.85546875 0.22421875 0.0328125 0.04375
0 0.715625 0.20703125 0.0265625 0.03125
0 0.69453125 0.2046875 0.021875 0.025
0 0.6765625 0.20234375 0.0171875 0.025
0 0.75390625 0.21875 0.03125 0.03125
0 0.78125 0.221875 0.0265625 0.034375
0 0.8015625 0.22890625 0.0328125 0.040625
0 0.63359375 0.20859375 0.0171875 0.025
0 0.59453125 0.20625 0.0171875 0.0328125
0 0.61484375 0.2109375 0.03125 0.03125
0 0.70390625 0.22421875 0.0265625 0.03125
0 0.65234375 0.22734375 0.0375 0.05
0 0.56640625 0.21953125 0.0328125 0.040625
0 0.90234375 0.2625 0.0328125 0.0484375
0 0.928125 0.26640625 0.0328125 0.04375
0 0.96171875 0.2703125 0.025 0.053125
0 0.63046875 0.2296875 0.0171875 0.025
0 0.98046875 0.27265625 0.0375 0.05
0 0.46328125 0.2109375 0.0265625 0.034375
0 0.5171875 0.22421875 0.040625 0.0328125
0 0.79375 0.2578125 0.040625 0.0359375
0 0.6890625 0.24765625 0.0265625 0.03125
0 0.7265625 0.27109375 0.0375 0.0453125
0 0.8359375 0.28671875 0.0421875 0.0546875
0 0.5078125 0.246875 0.034375 0.0265625
0 0.653125 0.2765625 0.0265625 0.034375
0 0.98046875 0.328125 0.0375 0.05
0 0.9421875 0.33671875 0.0484375 0.0640625
0 0.890625 0.33515625 0.0484375 0.059375
0 0.68125 0.31015625 0.0390625 0.059375
0 0.86328125 0.334375 0.0421875 0.0546875
0 0.7921875 0.32578125 0.05 0.078125
0 0.48515625 0.29765625 0.046875 0.0546875
0 0.58046875 0.31640625 0.0375 0.0546875
0 0.571875 0.33203125 0.0234375 0.04375
0 0.603125 0.3453125 0.04375 0.06875
0 0.40078125 0.340625 0.046875 0.0546875
0 0.978125 0.4609375 0.0421875 0.0546875
0 0.98828125 0.5015625 0.0234375 0.053125
0 0.678125 0.4734375 0.059375 0.0796875
0 0.4859375 0.53515625 0.0640625 0.0796875