0 0.61171875 0.39140625 0.0359375 0.0484375
0 0.2515625 0.36484375 0.0453125 0.05
0 0.7796875 0.415625 0.021875 0.0296875
0 0.40078125 0.38671875 0.0109375 0.0140625
0 0.86875 0.43046875 0.034375 0.03125
0 0.38828125 0.39296875 0.0109375 0.0140625
0 0.70703125 0.42109375 0.0359375 0.0484375
0 0.98828125 0.4484375 0.0234375 0.04375
0 0.584375 0.4140625 0.0203125 0.025
0 0.36484375 0.39453125 0.0203125 0.0203125
0 0.6421875 0.41875 0.021875 0.0296875
0 0.046875 0.3671875 0.046875 0.0734375
0 0.38125 0.39609375 0.015625 0.0203125
0 0.4734375 0.409375 0.0109375 0.0109375
0 0.21015625 0.38828125 0.0359375 0.053125
0 0.45234375 0.409375 0.0203125 0.025
0 0.74921875 0.4359375 0.05 0.059375
0 0.8140625 0.44140625 0.0265625 0.034375
0 0.46640625 0.41328125 0.0109375 0.0109375
0 0.09453125 0.3828125 0.0671875 0.09375
0 0.34609375 0.4046875 0.0203125 0.025
0 0.3203125 0.40234375 0.03125 0.04375
0 0.26953125 0.40078125 0.0265625 0.034375
0 0.43984375 0.415625 0.0203125 0.025
0 0.13984375 0.39140625 0.040625 0.0484375
0 0.77890625 0.44765625 0.0265625 0.034375
0 0.4078125 0.41953125 0.03125 0.04375
0 0.4921875 0.42734375 0.0203125 0.025
0 0.59375 0.43828125 0.040625 0.04375
0 0.6671875 0.446875 0.021875 0.0328125
0 0.521875 0.434375 0.021875 0.0296875
0 0.5421875 0.44296875 0.0265625 0.034375
0 0.878125 0.47734375 0.0515625 0.06875
0 0.3578125 0.45078125 0.040625 0.0484375
0 0.36875 0.6421875 0.0390625 0.034375