0 0.56015625 0.38671875 0.03125 0.0390625
0 0.37890625 0.40859375 0.028125 0.0484375
0 0.60625 0.384375 0.0328125 0.04375
0 0.31015625 0.41796875 0.0296875 0.0578125
0 0.6953125 0.3859375 0.0375 0.053125
0 0.07890625 0.453125 0.028125 0.04375
0 0.33671875 0.05625 0.021875 0.0296875
0 0.46796875 0.4171875 0.0375 0.053125
0 0.14140625 0.4515625 0.0234375 0.04375
0 0.7875 0.38359375 0.028125 0.0484375
0 0.971875 0.36640625 0.028125 0.04375
0 0.65 0.0234375 0.028125 0.04375
0 0.83671875 0.3828125 0.0328125 0.04375
0 0.25 0.44921875 0.028125 0.053125
0 0.4265625 0.046875 0.0171875 0.0375
0 0.4234375 0.4359375 0.028125 0.0484375
0 0.63828125 0.415625 0.0328125 0.0484375
0 0.58828125 0.03203125 0.021875 0.034375
0 0.5375 0.4359375 0.0328125 0.0484375
0 0.265625 0.065625 0.0265625 0.0296875
0 0.03125 0.49609375 0.0328125 0.053125
0 0.396875 0.05234375 0.0265625 0.034375
0 0.48828125 0.45234375 0.028125 0.04375
0 0.096875 0.4984375 0.0328125 0.053125
0 0.3734375 0.471875 0.028125 0.053125
0 0.2015625 0.48984375 0.0328125 0.0484375
0 0.596875 0.4484375 0.028125 0.053125
0 0.9546875 0.41328125 0.0359375 0.0484375
0 0.14453125 0.50546875 0.0328125 0.0484375
0 0.5609375 0.0375 0.021875 0.0296875
0 0.2921875 0.49375 0.0328125 0.04375
0 0.68203125 0.45703125 0.0328125 0.053125
0 0.8390625 0.44296875 0.0328125 0.04375
0 0.77578125 0.46171875 0.028125 0.04375
0 0.08046875 0.53671875 0.0421875 0.0546875
0 0.57265625 0.5015625 0.034375 0.0578125
0 0.72265625 0.49296875 0.0328125 0.053125
0 0.50625 0.515625 0.0328125 0.053125
0 0.98984375 0.4671875 0.015625 0.05625
0 0.409375 0.53046875 0.0328125 0.053125
0 0.815625 0.49296875 0.0390625 0.0671875
0 0.34453125 0.5421875 0.0375 0.053125
0 0.634375 0.51171875 0.0328125 0.053125
0 0.1171875 0.090625 0.0234375 0.0484375
0 0.196875 0.5625 0.0375 0.053125
0 0.44921875 0.54453125 0.028125 0.04375
0 0.10546875 0.5828125 0.0375 0.053125
0 0.946875 0.49921875 0.034375 0.0625
0 0.3828125 0.5609375 0.0234375 0.04375
0 0.88046875 0.50859375 0.0328125 0.053125
0 0.2453125 0.58046875 0.0328125 0.053125
0 0.303125 0.57890625 0.028125 0.053125
0 0.61640625 0.040625 0.0265625 0.034375
0 0.77578125 0.53359375 0.0328125 0.053125
0 0.7546875 0.0265625 0.021875 0.034375
0 0.1546875 0.60390625 0.0328125 0.053125
0 0.0265625 0.62421875 0.0328125 0.0484375
0 0.68125 0.0359375 0.021875 0.0390625
0 0.5125 0.5984375 0.0328125 0.0484375
0 0.35859375 0.6171875 0.034375 0.0578125
0 0.28515625 0.625 0.028125 0.053125
0 0.83984375 0.56640625 0.034375 0.0578125
0 0.6078125 0.5953125 0.0328125 0.0484375
0 0.74921875 0.58984375 0.034375 0.0625
0 0.08671875 0.6640625 0.0375 0.053125
0 0.4546875 0.0671875 0.021875 0.034375
0 0.221875 0.66640625 0.028125 0.0484375
0 0.91953125 0.59609375 0.034375 0.0578125
0 0.9859375 0.590625 0.028125 0.0625
0 0.5546875 0.64375 0.034375 0.0578125
0 0.4234375 0.65703125 0.034375 0.0578125
0 0.47890625 0.6515625 0.0328125 0.0484375
0 0.03515625 0.703125 0.0296875 0.0578125
0 0.15 0.69296875 0.0375 0.053125
0 0.53828125 0.0609375 0.0265625 0.0390625
0 0.16015625 0.10078125 0.0234375 0.0484375
0 0.35390625 0.678125 0.028125 0.04375
0 0.29609375 0.684375 0.034375 0.0625
0 0.671875 0.64453125 0.0375 0.053125
0 0.259375 0.690625 0.0328125 0.0484375
0 0.80078125 0.63828125 0.0328125 0.053125
0 0.075 0.109375 0.021875 0.0296875
0 0.6203125 0.67109375 0.034375 0.0578125
0 0.1875 0.71875 0.034375 0.0578125
0 0.95234375 0.63828125 0.034375 0.0625
0 0.28203125 0.72578125 0.009375 0.00625
0 0.434375 0.0109375 0.0203125 0.015625
0 0.5515625 0.69921875 0.028125 0.0484375
0 0.40625 0.7171875 0.028125 0.0484375
0 0.30078125 0.090625 0.021875 0.0390625
0 0.23515625 0.746875 0.0328125 0.053125
0 0.240625 0.096875 0.03125 0.0390625
0 0.87734375 0.68359375 0.0375 0.053125
0 0.49453125 0.7421875 0.0328125 0.053125
0 0.334375 0.76171875 0.0375 0.0578125
0 0.26328125 0.77421875 0.04375 0.078125
0 0.70625 0.734375 0.0375 0.053125
0 0.15390625 0.7921875 0.04375 0.06875
0 0.63984375 0.74609375 0.0328125 0.053125
0 0.12265625 0.80078125 0.0375 0.0578125
0 0.734375 0.04921875 0.021875 0.0296875
0 0.7453125 0.746875 0.0421875 0.0640625
0 0.2875 0.02890625 0.0203125 0.0203125
0 0.615625 0.00234375 0.025 0.0046875
0 0.3796875 0.0890625 0.028125 0.04375
0 0.51328125 0.075 0.0234375 0.04375
0 0.8125 0.04609375 0.021875 0.0296875
0 0.57265625 0.003125 0.0203125 0.00625
0 0.32578125 0.1046875 0.028125 0.04375
0 0.40234375 0.10078125 0.021875 0.034375
0 0.7109375 0.06875 0.028125 0.04375
0 0.6609375 0.078125 0.028125 0.04375
0 0.1328125 0.13359375 0.0328125 0.0484375
0 0.56171875 0.090625 0.0234375 0.04375
0 0.20234375 0.128125 0.028125 0.04375
0 0.36171875 0.1140625 0.028125 0.04375
0 0.7484375 0.07578125 0.021875 0.0390625
0 0.62734375 0.0953125 0.021875 0.034375
0 0.3984375 0.01953125 0.021875 0.025
0 0.45234375 0.11640625 0.0265625 0.034375
0 0.50078125 0.11328125 0.028125 0.04375
0 0.59140625 0.10390625 0.021875 0.034375
0 0.26015625 0.03671875 0.03125 0.03125
0 0.6453125 0.1078125 0.0234375 0.04375
0 0.29140625 0.14921875 0.028125 0.04375
0 0.86640625 0.0890625 0.0328125 0.04375
0 0.703125 0.10859375 0.0265625 0.0390625
0 0.07265625 0.17734375 0.0328125 0.04375
0 0.22734375 0.165625 0.028125 0.0484375
0 0.0125 0.190625 0.025 0.04375
0 0.44375 0.1453125 0.0265625 0.034375
0 0.39375 0.153125 0.0265625 0.0390625
0 0.8078125 0.11171875 0.0265625 0.0390625
0 0.5828125 0.13515625 0.021875 0.034375
0 0.171875 0.18828125 0.0328125 0.04375
0 0.47578125 0.15625 0.0234375 0.04375
0 0.60703125 0.14375 0.0359375 0.040625
0 0.8328125 0.1203125 0.0328125 0.04375
0 0.27109375 0.18125 0.021875 0.034375
0 0.33515625 0.175 0.021875 0.034375
0 0.90234375 0.11796875 0.0234375 0.0484375
0 0.54140625 0.1578125 0.0234375 0.04375
0 0.7109375 0.13984375 0.021875 0.034375
0 0.11328125 0.203125 0.03125 0.034375
0 0.6796875 0.15 0.021875 0.0390625
0 0.0625 0.21796875 0.028125 0.04375
0 0.30546875 0.19453125 0.028125 0.04375
0 0.765625 0.1484375 0.028125 0.04375
0 0.41171875 0.190625 0.0265625 0.0390625
0 0.81015625 0.1578125 0.028125 0.04375
0 0.01015625 0.2421875 0.0203125 0.04375
0 0.87265625 0.15390625 0.0328125 0.053125
0 0.625 0.18671875 0.0234375 0.0484375
0 0.39296875 0.2109375 0.021875 0.0296875
0 0.5078125 0.2015625 0.0328125 0.04375
0 0.25703125 0.23046875 0.021875 0.0390625
0 0.225 0.23359375 0.0265625 0.0390625
0 0.50078125 0.01875 0.0171875 0.0296875
0 0.2203125 0.04765625 0.0234375 0.04375
0 0.665625 0.19453125 0.0328125 0.04375
0 0.5734375 0.20625 0.0234375 0.04375
0 0.73515625 0.19140625 0.0265625 0.0390625
0 0.45390625 0.22109375 0.0234375 0.04375
0 0.60234375 0.21171875 0.028125 0.0484375
0 0.0453125 0.2703125 0.0359375 0.040625
0 0.18828125 0.2578125 0.0375 0.053125
0 0.13046875 0.26640625 0.021875 0.0390625
0 0.5625 0.22578125 0.0328125 0.04375
0 0.421875 0.2453125 0.0265625 0.0390625
0 0.95234375 0.19609375 0.0328125 0.0484375
0 0.47578125 0.24609375 0.0171875 0.0328125
0 0.3125 0.26328125 0.0234375 0.04375
0 0.7109375 0.22421875 0.0265625 0.0390625
0 0.765625 0.21796875 0.028125 0.04375
0 0.46015625 0.25546875 0.0265625 0.034375
0 0.30546875 0.04375 0.0234375 0.04375
0 0.46640625 0.0265625 0.0328125 0.0484375
0 0.87890625 0.21328125 0.028125 0.0484375
0 0.68671875 0.23359375 0.021875 0.034375
0 0.36015625 0.27265625 0.0359375 0.0484375
0 0.7328125 0.2359375 0.0234375 0.04375
0 0.11640625 0.303125 0.034375 0.0578125
0 0.396875 0.2734375 0.028125 0.053125
0 0.59765625 0.25234375 0.0234375 0.0484375
0 0.05 0.3171875 0.028125 0.04375
0 0.815625 0.24140625 0.0328125 0.04375
0 0.2671875 0.30390625 0.028125 0.053125
0 0.534375 0.27578125 0.03125 0.0390625
0 0.63359375 0.265625 0.028125 0.04375
0 0.1640625 0.31484375 0.03125 0.0390625
0 0.80390625 0.00390625 0.0265625 0.0078125
0 0.8640625 0.2421875 0.0328125 0.0484375
0 0.91328125 0.24453125 0.0328125 0.053125
0 0.59375 0.2828125 0.0328125 0.053125
0 0.33984375 0.309375 0.028125 0.0484375
0 0.6578125 0.278125 0.021875 0.0390625
0 0.31328125 0.31484375 0.021875 0.0390625
0 0.4953125 0.29765625 0.0328125 0.0484375
0 0.20703125 0.33046875 0.0328125 0.0484375
0 0.69140625 0.284375 0.028125 0.04375
0 0.4671875 0.31953125 0.028125 0.053125
0 0.74609375 0.29296875 0.028125 0.04375
0 0.953125 0.27109375 0.028125 0.053125
0 0.55078125 0.3203125 0.0265625 0.034375
0 0.2453125 0.3546875 0.028125 0.053125
0 0.6953125 0.0125 0.021875 0.025
0 0.8125 0.30234375 0.028125 0.04375
0 0.14375 0.37265625 0.0328125 0.0484375
0 0.05078125 0.3890625 0.0359375 0.0484375
0 0.91171875 0.30234375 0.0328125 0.04375
0 0.65703125 0.334375 0.0328125 0.0484375
0 0.5109375 0.3546875 0.028125 0.04375
0 0.28515625 0.3828125 0.0234375 0.0484375
0 0.86328125 0.32421875 0.0234375 0.04375
0 0.34375 0.3859375 0.028125 0.0484375
0 0.42890625 0.3796875 0.0375 0.0578125
0 0.75625 0.34765625 0.0328125 0.0484375
0 0.109375 0.41796875 0.0328125 0.053125
0 0.7203125 0.35859375 0.028125 0.04375
0 0.171875 0.415625 0.028125 0.053125
0 0.82421875 0.35234375 0.0328125 0.04375
0 0.19140625 0.42109375 0.0359375 0.0484375