0 0.40546875 0.02734375 0.0546875 0.0546875
0 0.24609375 0.278125 0.05 0.128125
0 0.871875 0.321875 0.0484375 0.1046875
0 0.1828125 0.2828125 0.0578125 0.1
0 0.871875 0.05703125 0.046875 0.0671875
0 0.2265625 0.3 0.05625 0.1421875
0 0.74296875 0.33828125 0.0515625 0.08125
0 0.78671875 0.3484375 0.04375 0.0984375
0 0.83515625 0.3515625 0.0484375 0.1140625
0 0.4828125 0.03359375 0.0375 0.0671875
0 0.36484375 0.33671875 0.0578125 0.1140625
0 0.409375 0.34453125 0.04375 0.1078125
0 0.90078125 0.41484375 0.0546875 0.128125
0 0.55390625 0.39453125 0.0578125 0.1140625
0 0.6578125 0.4046875 0.0484375 0.0953125
0 0.60859375 0.40078125 0.0484375 0.1140625
0 0.03671875 0.365625 0.040625 0.1171875
0 0.51953125 0.03984375 0.0421875 0.0796875
0 0.70546875 0.05234375 0.0328125 0.0625
0 0.446875 0.0390625 0.034375 0.078125
0 0.98515625 0.43359375 0.0296875 0.0671875
0 0.02421875 0.3671875 0.0375 0.1265625
0 0.30078125 0.3890625 0.0515625 0.090625
0 0.12578125 0.3765625 0.0640625 0.1234375
0 0.7421875 0.41953125 0.0578125 0.109375
0 0.94296875 0.4359375 0.0546875 0.11875
0 0.1625 0.390625 0.0484375 0.1
0 0.76953125 0.43515625 0.0328125 0.0765625
0 0.246875 0.403125 0.0625 0.1140625
0 0.63671875 0.4328125 0.04375 0.0984375
0 0.19375 0.40390625 0.0578125 0.1046875
0 0.1203125 0.03046875 0.053125 0.0609375
0 0.078125 0.40078125 0.053125 0.1046875
0 0.79453125 0.46015625 0.0421875 0.08125
0 0.8390625 0.46796875 0.046875 0.071875
0 0.3515625 0.4578125 0.053125 0.1046875
0 0.52578125 0.47109375 0.0453125 0.0625
0 0.44296875 0.49140625 0.0484375 0.040625
0 0.39140625 0.4921875 0.059375 0.128125
0 0.86875 0.53046875 0.021875 0.046875
0 0.565625 0.52109375 0.0484375 0.1046875
0 0.76953125 0.53515625 0.0578125 0.1140625
0 0.978125 0.5515625 0.04375 0.103125
0 0.49140625 0.52265625 0.046875 0.090625
0 0.43046875 0.52734375 0.059375 0.0546875
0 0.85 0.56328125 0.059375 0.11875
0 0.55703125 0.05859375 0.0484375 0.1140625
0 0.0328125 0.50859375 0.0328125 0.1359375
0 0.52421875 0.5546875 0.0421875 0.0765625
0 0.121875 0.53125 0.0671875 0.115625
0 0.8125 0.5796875 0.059375 0.128125
0 0.0140625 0.5234375 0.028125 0.103125
0 0.20703125 0.54453125 0.0640625 0.1234375
0 0.1671875 0.54609375 0.05 0.128125
0 0.5953125 0.06328125 0.046875 0.090625
0 0.8921875 0.59921875 0.0546875 0.11875
0 0.9234375 0.615625 0.0375 0.090625
0 0.95625 0.6203125 0.04375 0.0984375
0 0.36015625 0.57890625 0.059375 0.1234375
0 0.275 0.590625 0.0546875 0.128125
0 0.43671875 0.6046875 0.05625 0.0921875
0 0.278125 0.05 0.053125 0.1
0 0.4859375 0.63828125 0.053125 0.109375
0 0.228125 0.046875 0.053125 0.09375
0 0.53046875 0.6578125 0.0484375 0.1140625
0 0.590625 0.6640625 0.06875 0.1203125
0 0.30625 0.6484375 0.0484375 0.1140625
0 0.01953125 0.6421875 0.0390625 0.1375
0 0.690625 0.696875 0.0625 0.1046875
0 0.04609375 0.65390625 0.06875 0.1328125
0 0.14296875 0.6703125 0.059375 0.1328125
0 0.88125 0.72890625 0.053125 0.1
0 0.91484375 0.73359375 0.0390625 0.0984375
0 0.35390625 0.696875 0.0671875 0.115625
0 0.1921875 0.6875 0.059375 0.1375
0 0.6640625 0.08203125 0.0484375 0.1140625
0 0.4234375 0.73125 0.0640625 0.1234375
0 0.2484375 0.71875 0.0625 0.109375
0 0.1765625 0.053125 0.0625 0.1046875
0 0.4640625 0.7765625 0.0484375 0.1046875
0 0.72734375 0.79453125 0.05 0.128125
0 0.50546875 0.7875 0.05 0.1234375
0 0.8421875 0.81640625 0.053125 0.1140625
0 0.690625 0.09140625 0.0328125 0.0765625
0 0.571875 0.80390625 0.0546875 0.1234375
0 0.87421875 0.82734375 0.034375 0.103125
0 0.53359375 0.81328125 0.0453125 0.1171875
0 0.78515625 0.83359375 0.0640625 0.128125
0 0.696875 0.83203125 0.0578125 0.1140625
0 0.0890625 0.803125 0.0765625 0.115625
0 0.60625 0.84453125 0.0578125 0.1140625
0 0.3046875 0.83671875 0.0640625 0.1234375
0 0.246875 0.834375 0.0578125 0.1140625
0 0.96015625 0.8890625 0.028125 0.0796875
0 0.01875 0.82734375 0.0375 0.0828125
0 0.16171875 0.85703125 0.0734375 0.134375
0 0.3875 0.87265625 0.0703125 0.0828125
0 0.3203125 0.07734375 0.0375 0.08125
0 0.453125 0.9046875 0.0625 0.109375
0 0.21015625 0.8921875 0.0625 0.1140625
0 0.37265625 0.92734375 0.065625 0.0734375
0 0.68125 0.9421875 0.059375 0.115625
0 0.725 0.9484375 0.059375 0.103125
0 0.64453125 0.94765625 0.0578125 0.1046875
0 0.59140625 0.95234375 0.065625 0.0921875
0 0.0078125 0.9125 0.015625 0.1
0 0.76640625 0.9578125 0.0671875 0.084375
0 0.01953125 0.9203125 0.0390625 0.090625
0 0.078125 0.92578125 0.075 0.0921875
0 0.5296875 0.9625 0.065625 0.075
0 0.81640625 0.975 0.0609375 0.05
0 0.87578125 0.97890625 0.0546875 0.0421875
0 0.26015625 0.07890625 0.0390625 0.0984375
0 0.40546875 0.0890625 0.0640625 0.0640625
0 0.15078125 0.95078125 0.0578125 0.05
0 0.20078125 0.95703125 0.0578125 0.0453125
0 0.10703125 0.95 0.03125 0.04375
0 0.37421875 0.96875 0.053125 0.0453125
0 0.4296875 0.975 0.0625 0.040625
0 0.4875 0.98125 0.053125 0.0359375
0 0.81015625 0.13671875 0.0421875 0.0859375
0 0.9828125 0.1609375 0.034375 0.1
0 0.47734375 0.13203125 0.053125 0.1
0 0.1 0.1125 0.0375 0.0859375
0 0.13203125 0.1171875 0.0484375 0.1046875
0 0.0625 0.11484375 0.0515625 0.08125
0 0.5265625 0.15390625 0.053125 0.1
0 0.63203125 0.1640625 0.0328125 0.08125
0 0.6046875 0.16796875 0.046875 0.0765625
0 0.3125 0.01171875 0.034375 0.0234375
0 0.20078125 0.16328125 0.053125 0.1
0 0.30078125 0.1703125 0.0578125 0.109375
0 0.68984375 0.2 0.046875 0.090625
0 0.4171875 0.2 0.053125 0.109375
0 0.75703125 0.2390625 0.05625 0.0828125
0 0.37109375 0.21484375 0.0625 0.1046875
0 0.33828125 0.0171875 0.0265625 0.034375
0 0.36484375 0.0203125 0.0265625 0.040625
0 0.83046875 0.25390625 0.0515625 0.071875
0 0.45859375 0.23203125 0.053125 0.1
0 0.89921875 0.265625 0.0484375 0.1
0 0.99140625 0.2890625 0.0171875 0.1125
0 0.8078125 0.04609375 0.05 0.053125
0 0.97734375 0.2890625 0.0453125 0.090625
0 0.5953125 0.26796875 0.053125 0.1046875
0 0.05 0.23203125 0.0640625 0.128125
0 0.103125 0.2453125 0.0609375 0.146875
0 0.63828125 0.28515625 0.0484375 0.1
0 0.50625 0.28046875 0.053125 0.1046875
0 0.7046875 0.29453125 0.0484375 0.1046875
0 0.93984375 0.3109375 0.04375 0.1125