0 0.5109375 0.10546875 0.028125 0.0359375
0 0.4921875 0.10234375 0.0265625 0.0265625
0 0.67734375 0.134375 0.0234375 0.034375
0 0.42578125 0.096875 0.034375 0.0453125
0 0.56015625 0.11796875 0.0234375 0.034375
0 0.60625 0.125 0.0234375 0.034375
0 0.65546875 0.13515625 0.034375 0.05
0 0.18515625 0.0609375 0.0296875 0.0484375
0 0.2671875 0.0765625 0.021875 0.021875
0 0.28984375 0.0796875 0.0296875 0.0453125
0 0.15078125 0.06015625 0.028125 0.0359375
0 0.54296875 0.12265625 0.028125 0.0359375
0 0.74609375 0.159375 0.025 0.0390625
0 0.10546875 0.0578125 0.0234375 0.03125
0 0.71015625 0.15390625 0.021875 0.0265625
0 0.8359375 0.1734375 0.0234375 0.03125
0 0.44140625 0.11328125 0.021875 0.0265625
0 0.1171875 0.06171875 0.025 0.04375
0 0.38203125 0.10625 0.0375 0.040625
0 0.5828125 0.140625 0.0234375 0.03125
0 0.47890625 0.1265625 0.0234375 0.03125
0 0.27578125 0.096875 0.025 0.0390625
0 0.3171875 0.103125 0.0296875 0.0453125
0 0.41484375 0.11875 0.028125 0.0359375
0 0.95234375 0.20390625 0.028125 0.03125
0 0.69609375 0.165625 0.028125 0.0359375
0 0.4015625 0.11875 0.028125 0.03125
0 0.7734375 0.178125 0.0234375 0.03125
0 0.45390625 0.12734375 0.0171875 0.025
0 0.79140625 0.18515625 0.0234375 0.034375
0 0.73359375 0.1765625 0.028125 0.040625
0 0.87109375 0.1984375 0.0171875 0.025
0 0.9234375 0.20625 0.0234375 0.03125
0 0.88515625 0.20234375 0.0234375 0.03125
0 0.8453125 0.19609375 0.0328125 0.0328125
0 0.9046875 0.20546875 0.0234375 0.03125
0 0.80234375 0.18984375 0.021875 0.021875
0 0.33125 0.1171875 0.028125 0.03125
0 0.09453125 0.08203125 0.0328125 0.0359375
0 0.61640625 0.16484375 0.028125 0.040625
0 0.5609375 0.15859375 0.0234375 0.03125
0 0.59765625 0.1640625 0.028125 0.0359375
0 0.66796875 0.178125 0.0234375 0.03125
0 0.5203125 0.1546875 0.0328125 0.0359375
0 0.92890625 0.21875 0.01875 0.0296875
0 0.990625 0.2296875 0.01875 0.03125
0 0.63125 0.1734375 0.028125 0.0359375
0 0.19453125 0.1046875 0.0328125 0.0359375
0 0.7109375 0.1859375 0.028125 0.040625
0 0.57421875 0.1671875 0.0234375 0.03125
0 0.14453125 0.0984375 0.034375 0.0453125
0 0.74296875 0.19609375 0.028125 0.0359375
0 0.8 0.2046875 0.01875 0.0296875
0 0.95234375 0.23359375 0.0234375 0.034375
0 0.97265625 0.2390625 0.0171875 0.025
0 0.84140625 0.22109375 0.0171875 0.0203125
0 0.921875 0.23359375 0.028125 0.03125
0 0.82578125 0.22109375 0.034375 0.0453125
0 0.9875 0.246875 0.0234375 0.03125
0 0.6765625 0.2 0.025 0.0390625
0 0.85 0.22734375 0.0234375 0.034375
0 0.6875 0.20390625 0.034375 0.0453125
0 0.890625 0.23828125 0.0234375 0.034375
0 0.86953125 0.23984375 0.028125 0.03125
0 0.0828125 0.11953125 0.028125 0.0359375
0 0.7765625 0.2296875 0.028125 0.040625
0 0.9640625 0.26171875 0.0234375 0.03125
0 0.91796875 0.25703125 0.0328125 0.0328125
0 0.6 0.20859375 0.0328125 0.0359375
0 0.25390625 0.17578125 0.028125 0.03125
0 0.7203125 0.24921875 0.0234375 0.03125
0 0.30390625 0.1875 0.0296875 0.0453125
0 0.2421875 0.17734375 0.01875 0.034375
0 0.228125 0.175 0.034375 0.05
0 0.08359375 0.1546875 0.034375 0.0453125
0 0.3578125 0.20078125 0.0375 0.0453125
0 0.15078125 0.175 0.034375 0.0453125
0 0.759375 0.27890625 0.028125 0.03125
0 0.39375 0.22265625 0.0328125 0.040625
0 0.26484375 0.2046875 0.0328125 0.040625
0 0.434375 0.234375 0.028125 0.040625
0 0.24453125 0.20390625 0.028125 0.0359375
0 0.475 0.24296875 0.0296875 0.0453125
0 0.5453125 0.25625 0.034375 0.05
0 0.5921875 0.27109375 0.0328125 0.040625
0 0.49140625 0.2578125 0.0328125 0.040625
0 0.3015625 0.23203125 0.0296875 0.0453125
0 0.64921875 0.296875 0.021875 0.0265625
0 0.9234375 0.3421875 0.034375 0.0453125
0 0.621875 0.29453125 0.028125 0.03125
0 0.84765625 0.3328125 0.0296875 0.0453125
0 0.8765625 0.3375 0.0328125 0.0359375
0 0.3515625 0.25546875 0.0296875 0.0453125
0 0.7828125 0.32890625 0.021875 0.0265625
0 0.67265625 0.3140625 0.021875 0.0265625
0 0.9625 0.359375 0.0328125 0.040625
0 0.5734375 0.303125 0.0328125 0.040625
0 0.721875 0.3265625 0.025 0.0390625
0 0.80234375 0.34140625 0.025 0.04375
0 0.7359375 0.33125 0.0328125 0.0359375
0 0.64140625 0.31796875 0.021875 0.0265625
0 0.7640625 0.3421875 0.0234375 0.034375
0 0.83359375 0.3609375 0.0328125 0.0359375
0 0.28515625 0.2734375 0.0328125 0.040625
0 0.2046875 0.26328125 0.040625 0.059375
0 0.77421875 0.35390625 0.0234375 0.034375
0 0.8671875 0.3734375 0.0234375 0.034375
0 0.9375 0.38671875 0.028125 0.03125
0 0.61484375 0.3375 0.025 0.0484375
0 0.36796875 0.30078125 0.0375 0.040625
0 0.9734375 0.39921875 0.0390625 0.05
0 0.67578125 0.35234375 0.025 0.0390625
0 0.7390625 0.36953125 0.0296875 0.0453125
0 0.42890625 0.33125 0.0390625 0.05
0 0.815625 0.40234375 0.034375 0.0453125
0 0.865625 0.41015625 0.028125 0.040625
0 0.99140625 0.43359375 0.0171875 0.0359375
0 0.9140625 0.43203125 0.028125 0.040625
0 0.86796875 0.4390625 0.028125 0.03125
0 0.32734375 0.36015625 0.034375 0.05
0 0.3796875 0.37109375 0.034375 0.0453125
0 0.1625 0.33671875 0.034375 0.0453125
0 0.64296875 0.42421875 0.0375 0.0453125
0 0.196875 0.3578125 0.0375 0.040625
0 0.81328125 0.46015625 0.034375 0.05
0 0.559375 0.4203125 0.0375 0.0453125
0 0.07421875 0.3453125 0.0359375 0.0546875
0 0.5359375 0.4234375 0.0234375 0.034375
0 0.9328125 0.490625 0.034375 0.0453125
0 0.9859375 0.50859375 0.028125 0.0546875
0 0.88046875 0.49453125 0.0375 0.0453125
0 0.6875 0.47109375 0.034375 0.05
0 0.5546875 0.48046875 0.0421875 0.046875
0 0.4921875 0.475 0.0359375 0.0546875
0 0.728125 0.5359375 0.034375 0.0453125
0 0.659375 0.52734375 0.0328125 0.040625
0 0.7671875 0.546875 0.0375 0.0453125
0 0.18515625 0.00234375 0.0171875 0.0046875
0 0.17578125 0.46015625 0.0375 0.0453125
0 0.896875 0.584375 0.034375 0.05
0 0.97109375 0.60078125 0.0390625 0.05
0 0.25625 0.50078125 0.034375 0.05
0 0.084375 0.478125 0.0390625 0.0546875
0 0.3609375 0.53203125 0.0359375 0.059375
0 0.78125 0.6171875 0.0390625 0.0546875
0 0.6328125 0.59609375 0.0421875 0.046875
0 0.84453125 0.63203125 0.034375 0.0453125
0 0.70390625 0.61484375 0.0453125 0.0609375
0 0.10390625 0.0046875 0.0234375 0.009375
0 0.87734375 0.6625 0.0375 0.0453125
0 0.44296875 0.6125 0.04375 0.05625
0 0.30859375 0.60078125 0.040625 0.059375
0 0.51953125 0.6390625 0.040625 0.059375
0 0.02578125 0.5796875 0.0453125 0.0609375
0 0.38359375 0.6390625 0.03125 0.053125
0 0.16796875 0.0125 0.0328125 0.025
0 0.61640625 0.68203125 0.046875 0.0703125
0 0.27265625 0.02578125 0.028125 0.040625
0 0.68359375 0.72109375 0.0484375 0.05625
0 0.92109375 0.75859375 0.0359375 0.0546875
0 0.86796875 0.75546875 0.034375 0.05
0 0.77578125 0.740625 0.04375 0.0515625
0 0.2265625 0.0234375 0.0265625 0.0265625
0 0.17734375 0.6578125 0.0390625 0.0546875
0 0.4234375 0.70390625 0.04375 0.05625
0 0.3421875 0.69609375 0.0375 0.0453125
0 0.1109375 0.665625 0.034375 0.05
0 0.24296875 0.6890625 0.04375 0.0515625
0 0.18203125 0.01875 0.0234375 0.034375
0 0.00390625 0.66171875 0.0078125 0.0546875
0 0.33828125 0.734375 0.0453125 0.065625
0 0.42421875 0.059375 0.0265625 0.0265625
0 0.08515625 0.71953125 0.0296875 0.0453125
0 0.1265625 0.01484375 0.028125 0.0296875
0 0.2109375 0.03046875 0.0234375 0.03125
0 0.22578125 0.7703125 0.034375 0.05
0 0.32578125 0.0484375 0.0171875 0.025
0 0.1453125 0.01953125 0.028125 0.0359375
0 0.73984375 0.8640625 0.05 0.0609375
0 0.8890625 0.89921875 0.0453125 0.0609375
0 0.359375 0.05625 0.01875 0.034375
0 0.8171875 0.89296875 0.0453125 0.0609375
0 0.08828125 0.01796875 0.0328125 0.0359375
0 0.296875 0.0484375 0.025 0.0390625
0 0.9265625 0.92578125 0.0125 0.0203125
0 0.51328125 0.875 0.05 0.065625
0 0.3859375 0.06484375 0.0234375 0.03125
0 0.44296875 0.8734375 0.05 0.0609375
0 0.31015625 0.053125 0.01875 0.034375
0 0.3453125 0.05859375 0.01875 0.0296875
0 0.20703125 0.840625 0.0375 0.0453125
0 0.73515625 0.92421875 0.04375 0.0515625
0 0.63203125 0.9078125 0.04375 0.0515625
0 0.378125 0.86953125 0.0515625 0.0484375
0 0.15546875 0.84375 0.040625 0.028125
0 0.18828125 0.85390625 0.0265625 0.021875
0 0.47421875 0.08359375 0.028125 0.03125
0 0.4015625 0.07421875 0.015625 0.015625
0 0.43984375 0.08203125 0.03125 0.028125
0 0.33671875 0.06640625 0.0140625 0.0296875
0 0.54921875 0.1 0.0171875 0.0203125
0 0.2421875 0.05546875 0.028125 0.0359375
0 0.221875 0.05234375 0.028125 0.03125
0 0.459375 0.08984375 0.0234375 0.034375