0 0.51640625 0.1046875 0.034375 0.04375
0 0.5734375 0.1015625 0.0203125 0.0328125
0 0.26640625 0.12265625 0.0390625 0.04375
0 0.009375 0.0359375 0.01875 0.025
0 0.0453125 0.1390625 0.0390625 0.0484375
0 0.965625 0.09296875 0.03125 0.046875
0 0.1171875 0.1375 0.03125 0.0515625
0 0.9265625 0.09765625 0.021875 0.046875
0 0.80625 0.10625 0.0203125 0.0328125
0 0.77578125 0.11015625 0.0296875 0.0375
0 0.4640625 0.1265625 0.03125 0.046875
0 0.6125 0.11875 0.025 0.0375
0 0.7328125 0.11484375 0.0296875 0.0375
0 0.59375 0.1265625 0.0296875 0.0375
0 0.08984375 0.15546875 0.034375 0.0625
0 0.83203125 0.12109375 0.03125 0.046875
0 0.95234375 0.1171875 0.03125 0.065625
0 0.22265625 0.03046875 0.025 0.0328125
0 0.53046875 0.01484375 0.0296875 0.0296875
0 0.1953125 0.16875 0.04375 0.0578125
0 0.8796875 0.1328125 0.03125 0.05625
0 0.565625 0.153125 0.034375 0.053125
0 0.7640625 0.1453125 0.03125 0.046875
0 0.30703125 0.17109375 0.03125 0.046875
0 0.78515625 0.14609375 0.03125 0.046875
0 0.64609375 0.15625 0.0265625 0.046875
0 0.35546875 0.178125 0.034375 0.0578125
0 0.24765625 0.1859375 0.0390625 0.0578125
0 0.13203125 0.196875 0.0484375 0.034375
0 0.36640625 0.025 0.0203125 0.0375
0 0.925 0.1578125 0.03125 0.046875
0 0.525 0.17890625 0.0390625 0.034375
0 0.6890625 0.17265625 0.040625 0.071875
0 0.7359375 0.18203125 0.03125 0.0515625
0 0.6203125 0.18984375 0.034375 0.0578125
0 0.7921875 0.18828125 0.0390625 0.034375
0 0.15625 0.22421875 0.034375 0.053125
0 0.53359375 0.2109375 0.04375 0.04375
0 0.09453125 0.240625 0.0390625 0.04375
0 0.0203125 0.246875 0.0296875 0.0421875
0 0.4421875 0.2265625 0.0390625 0.0625
0 0.97109375 0.20625 0.021875 0.075
0 0.38203125 0.02890625 0.025 0.0375
0 0.0359375 0.046875 0.025 0.0296875
0 0.89921875 0.2125 0.03125 0.0515625
0 0.7984375 0.21796875 0.0390625 0.0625
0 0.21328125 0.2484375 0.04375 0.0390625
0 0.190625 0.2515625 0.0203125 0.0421875
0 0.759375 0.22421875 0.034375 0.0578125
0 0.33125 0.24921875 0.0390625 0.053125
0 0.14375 0.2609375 0.0359375 0.0671875
0 0.290625 0.0359375 0.0328125 0.025
0 0.29296875 0.2625 0.0296875 0.0421875
0 0.93359375 0.2359375 0.03125 0.0515625
0 0.246875 0.040625 0.025 0.025
0 0.1734375 0.28125 0.0390625 0.04375
0 0.540625 0.2640625 0.0453125 0.08125
0 0.26640625 0.2828125 0.0265625 0.046875
0 0.421875 0.03125 0.025 0.0328125
0 0.72578125 0.2609375 0.0265625 0.065625
0 0.0953125 0.29453125 0.04375 0.0578125
0 0.703125 0.2625 0.0390625 0.0578125
0 0.375 0.284375 0.04375 0.04375
0 0.4890625 0.028125 0.021875 0.046875
0 0.23671875 0.2953125 0.03125 0.065625
0 0.90234375 0.26328125 0.034375 0.0578125
0 0.04140625 0.32890625 0.0421875 0.0296875
0 0.9703125 0.28046875 0.0359375 0.071875
0 0.4484375 0.3125 0.0296875 0.025
0 0.0125 0.33828125 0.025 0.0890625
0 0.79765625 0.3015625 0.0421875 0.025
0 0.16640625 0.334375 0.0453125 0.071875
0 0.378125 0.3328125 0.0484375 0.0625
0 0.11640625 0.34609375 0.0453125 0.0765625
0 0.2734375 0.33828125 0.04375 0.0625
0 0.80078125 0.3203125 0.0390625 0.04375
0 0.590625 0.33125 0.053125 0.0625
0 0.95234375 0.31875 0.05 0.08125
0 0.325 0.04296875 0.025 0.0375
0 0.08203125 0.05546875 0.025 0.0296875
0 0.83828125 0.3265625 0.03125 0.05625
0 0.54765625 0.3515625 0.040625 0.071875
0 0.7421875 0.34140625 0.04375 0.053125
0 0.3171875 0.36328125 0.0734375 0.0921875
0 0.48125 0.359375 0.0453125 0.071875
0 0.978125 0.3359375 0.0171875 0.065625
0 0.0703125 0.3859375 0.05625 0.1046875
0 0.20234375 0.0515625 0.025 0.0328125
0 0.70390625 0.35703125 0.0484375 0.0390625
0 0.45703125 0.03828125 0.0203125 0.0296875
0 0.22265625 0.39140625 0.0609375 0.1
0 0.78515625 0.3671875 0.0546875 0.071875
0 0.36953125 0.3984375 0.034375 0.034375
0 0.428125 0.409375 0.065625 0.1
0 0.7234375 0.3953125 0.0546875 0.0671875
0 0.0203125 0.43125 0.040625 0.0625
0 0.64609375 0.4015625 0.0453125 0.071875
0 0.44140625 0.04375 0.025 0.0328125
0 0.55546875 0.415625 0.0453125 0.08125
0 0.1234375 0.43828125 0.0609375 0.0953125
0 0.72109375 0.4328125 0.0375 0.0296875
0 0.490625 0.45 0.05 0.0671875
0 0.4140625 0.05 0.0203125 0.0296875
0 0.56171875 0.0421875 0.0203125 0.0328125
0 0.02421875 0.50546875 0.0484375 0.0984375
0 0.77890625 0.46875 0.05 0.071875
0 0.21328125 0.50546875 0.05625 0.109375
0 0.47421875 0.04921875 0.025 0.0421875
0 0.73125 0.49921875 0.0453125 0.090625
0 0.89375 0.49375 0.053125 0.0484375
0 0.4875 0.5375 0.0640625 0.0765625
0 0.24765625 0.065625 0.025 0.0375
0 0.68828125 0.56171875 0.059375 0.090625
0 0.2875 0.06796875 0.034375 0.0390625
0 0.3453125 0.065625 0.0296875 0.0421875
0 0.14375 0.07578125 0.034375 0.0484375
0 0.21796875 0.071875 0.0203125 0.0328125
0 0.92734375 0.56328125 0.0484375 0.13125
0 0.63671875 0.58359375 0.059375 0.0765625
0 0.128125 0.6125 0.071875 0.1328125
0 0.84921875 0.575 0.0640625 0.071875
0 0.58515625 0.0546875 0.0203125 0.0328125
0 0.5484375 0.05703125 0.025 0.0421875
0 0.02265625 0.6359375 0.040625 0.1546875
0 0.2015625 0.6359375 0.0703125 0.1
0 0.3890625 0.63359375 0.0703125 0.1
0 0.05859375 0.6578125 0.0625 0.1328125
0 0.04765625 0.08828125 0.0296875 0.0421875
0 0.803125 0.05078125 0.0296875 0.0421875
0 0.4578125 0.66640625 0.065625 0.1
0 0.7015625 0.05625 0.0203125 0.0296875
0 0.84296875 0.05078125 0.0296875 0.0296875
0 0.6234375 0.0625 0.0203125 0.0375
0 0.73125 0.67109375 0.0703125 0.1140625
0 0.99140625 0.67265625 0.0171875 0.0984375
0 0.5359375 0.7 0.075 0.109375
0 0.528125 0.06953125 0.025 0.0375
0 0.9671875 0.7 0.0546875 0.090625
0 0.35546875 0.73671875 0.0765625 0.1328125
0 0.90546875 0.71015625 0.0609375 0.1140625
0 0.72265625 0.06171875 0.0203125 0.025
0 0.659375 0.74453125 0.0609375 0.109375
0 0.0796875 0.09765625 0.034375 0.04375
0 0.74609375 0.06328125 0.0296875 0.0375
0 0.05546875 0.82890625 0.084375 0.115625
0 0.47109375 0.82421875 0.0796875 0.1234375
0 0.8875 0.81640625 0.065625 0.11875
0 0.3765625 0.08984375 0.025 0.0375
0 0.31875 0.0921875 0.025 0.0375
0 0.29609375 0.85390625 0.09375 0.1109375
0 0.53203125 0.84296875 0.0765625 0.128125
0 0.17578125 0.8640625 0.1265625 0.1265625
0 0.99453125 0.84609375 0.0109375 0.0703125
0 0.940625 0.8546875 0.0765625 0.0640625
0 0.6640625 0.88125 0.08125 0.0453125
0 0.11640625 0.03125 0.025 0.025
0 0.87890625 0.07421875 0.025 0.0421875
0 0.3515625 0.1015625 0.0296875 0.025
0 0.4 0.1015625 0.0296875 0.0421875
0 0.94375 0.0734375 0.025 0.0375
0 0.90625 0.075 0.025 0.0375
0 0.8484375 0.078125 0.03125 0.046875
0 0.01015625 0.121875 0.0203125 0.04375
0 0.721875 0.09140625 0.0296875 0.0328125