0 0.740625 0.0953125 0.0234375 0.0140625
0 0.7015625 0.0953125 0.0328125 0.01875
0 0.37734375 0.10859375 0.028125 0.01875
0 0.9234375 0.0984375 0.01875 0.0140625
0 0.284375 0.11015625 0.028125 0.0234375
0 0.6390625 0.10390625 0.0375 0.0234375
0 0.8171875 0.10078125 0.0375 0.01875
0 0.3421875 0.1109375 0.028125 0.01875
0 0.5390625 0.1078125 0.0234375 0.0140625
0 0.40703125 0.1125 0.0328125 0.0234375
0 0.071875 0.11796875 0.0375 0.028125
0 0.43984375 0.11171875 0.0234375 0.0140625
0 0.56484375 0.109375 0.028125 0.0140625
0 0.72421875 0.10703125 0.028125 0.0140625
0 0.75703125 0.10625 0.0375 0.0234375
0 0.4671875 0.11171875 0.028125 0.01875
0 0.22890625 0.115625 0.0328125 0.0234375
0 0.49296875 0.11328125 0.028125 0.0140625
0 0.20390625 0.12109375 0.0328125 0.0234375
0 0.36796875 0.1203125 0.0375 0.0234375
0 0.82890625 0.1125 0.0328125 0.01875
0 0.9671875 0.109375 0.01875 0.0140625
0 0.52109375 0.1171875 0.0234375 0.0140625
0 0.66875 0.1171875 0.0375 0.01875
0 0.91640625 0.115625 0.0328125 0.0140625
0 0.01328125 0.1328125 0.0265625 0.01875
0 0.05625 0.1328125 0.0328125 0.01875
0 0.33203125 0.13046875 0.0328125 0.0234375
0 0.975 0.11875 0.0328125 0.01875
0 0.82265625 0.13125 0.0421875 0.01875
0 0.959375 0.12890625 0.0328125 0.01875
0 0.21796875 0.14140625 0.0421875 0.0328125
0 0.89453125 0.13203125 0.0421875 0.0234375
0 0.03515625 0.1515625 0.046875 0.0296875
0 0.47734375 0.14375 0.0421875 0.0234375
0 0.42890625 0.1453125 0.0328125 0.01875
0 0.58203125 0.14453125 0.0421875 0.028125
0 0.6953125 0.14296875 0.0515625 0.0296875
0 0.27421875 0.1546875 0.0375 0.01875
0 0.64921875 0.153125 0.0421875 0.01875
0 0.73046875 0.171875 0.0515625 0.0328125
0 0.6515625 0.17578125 0.05625 0.0328125
0 0.86015625 0.17421875 0.0421875 0.028125
0 0.28125 0.18671875 0.0609375 0.0421875
0 0.559375 0.18671875 0.0609375 0.0375
0 0.92265625 0.19140625 0.046875 0.0328125
0 0.02265625 0.21015625 0.0453125 0.0515625
0 0.765625 0.19921875 0.065625 0.0421875
0 0.078125 0.2109375 0.0703125 0.0421875
0 0.45390625 0.2140625 0.0703125 0.046875
0 0.22890625 0.22265625 0.05625 0.0421875
0 0.1390625 0.22421875 0.046875 0.0375
0 0.41875 0.22578125 0.05625 0.0421875
0 0.88203125 0.2171875 0.0609375 0.0421875
0 0.70390625 0.22265625 0.065625 0.046875
0 0.9671875 0.2234375 0.05625 0.0375
0 0.1734375 0.23671875 0.0703125 0.0515625
0 0.3703125 0.24765625 0.05625 0.0328125
0 0.9375 0.2375 0.0375 0.0328125
0 0.64609375 0.25 0.0515625 0.0375
0 0.39453125 0.28359375 0.075 0.046875
0 0.2671875 0.290625 0.0796875 0.046875
0 0.496875 0.30546875 0.0890625 0.0609375
0 0.17734375 0.34140625 0.0984375 0.0625
0 0.59921875 0.34765625 0.09375 0.0625
0 0.92109375 0.35859375 0.1125 0.071875
0 0.784375 0.3703125 0.1171875 0.0671875