0 0.8546875 0.26171875 0.0328125 0.0671875
0 0.9265625 0.2609375 0.0375 0.071875
0 0.58203125 0.28984375 0.0421875 0.0765625
0 0.33515625 0.30703125 0.0328125 0.0625
0 0.6359375 0.2859375 0.0328125 0.0625
0 0.44296875 0.30703125 0.03125 0.053125
0 0.5234375 0.30546875 0.03125 0.053125
0 0.36484375 0.3265625 0.0265625 0.05625
0 0.6953125 0.30546875 0.0359375 0.0671875
0 0.4828125 0.3203125 0.021875 0.046875
0 0.3953125 0.33359375 0.03125 0.0484375
0 0.2203125 0.353125 0.0375 0.0859375
0 0.56328125 0.3359375 0.0375 0.0765625
0 0.20078125 0.3609375 0.0359375 0.0625
0 0.50546875 0.34375 0.021875 0.0515625
0 0.628125 0.3375 0.0359375 0.0671875
0 0.81953125 0.32421875 0.0421875 0.0859375
0 0.775 0.32734375 0.0328125 0.0671875
0 0.25390625 0.3640625 0.0265625 0.05625
0 0.06953125 0.38359375 0.0375 0.0765625
0 0.31953125 0.3734375 0.0375 0.0765625
0 0.46484375 0.36328125 0.0265625 0.0515625
0 0.278125 0.3828125 0.0421875 0.0859375
0 0.4375 0.371875 0.0359375 0.0671875
0 0.7125 0.3578125 0.0375 0.071875
0 0.92734375 0.3421875 0.04375 0.103125
0 0.17734375 0.3953125 0.0421875 0.090625
0 0.60390625 0.3671875 0.0421875 0.0765625
0 0.66484375 0.375 0.0421875 0.090625
0 0.76484375 0.37265625 0.046875 0.0765625
0 0.346875 0.4015625 0.0421875 0.0765625
0 0.4875 0.3921875 0.0328125 0.0765625
0 0.53359375 0.39140625 0.0421875 0.090625
0 0.87421875 0.36953125 0.0421875 0.08125
0 0.2296875 0.4171875 0.0359375 0.0578125
0 0.3984375 0.40546875 0.0328125 0.071875
0 0.10546875 0.4328125 0.0375 0.0765625
0 0.0234375 0.43828125 0.046875 0.1046875
0 0.696875 0.22421875 0.046875 0.0765625