0 0.2171875 0.1328125 0.1046875 0.1125
0 0.6390625 0.165625 0.125 0.15625
0 0.35703125 0.16015625 0.1 0.1125
0 0.50859375 0.17578125 0.121875 0.178125
0 0.14140625 0.15703125 0.08125 0.1109375
0 0.09921875 0.16328125 0.0859375 0.0984375
0 0.04765625 0.17421875 0.059375 0.128125
0 0.51640625 0.0421875 0.0796875 0.084375
0 0.06796875 0.3765625 0.10625 0.1453125
0 0.34765625 0.3984375 0.125 0.15625
0 0.18515625 0.3921875 0.1109375 0.140625
0 0.32109375 0.0359375 0.0953125 0.071875
0 0.5453125 0.44765625 0.140625 0.1796875
0 0.396875 0.0453125 0.090625 0.090625
0 0.753125 0.53203125 0.1578125 0.209375
0 0.21015625 0.03515625 0.0703125 0.0703125
0 0.81171875 0.11796875 0.13125 0.175
0 0.9546875 0.1359375 0.090625 0.196875