0 0.9109375 0.05390625 0.065625 0.1078125
0 0.87890625 0.08671875 0.0421875 0.05
0 0.57265625 0.13515625 0.0515625 0.084375
0 0.63984375 0.14609375 0.0890625 0.09375
0 0.4515625 0.18671875 0.03125 0.0625
0 0.8109375 0.13828125 0.0546875 0.075
0 0.2328125 0.22421875 0.0296875 0.04375
0 0.42109375 0.20234375 0.0453125 0.0734375
0 0.48359375 0.1984375 0.0421875 0.046875
0 0.653125 0.17734375 0.06875 0.103125
0 0.31640625 0.2265625 0.0296875 0.0484375
0 0.296875 0.234375 0.0484375 0.05625
0 0.18671875 0.25234375 0.034375 0.0453125
0 0.34375 0.2375 0.046875 0.0421875
0 0.25078125 0.25859375 0.028125 0.0390625
0 0.54375 0.225 0.0234375 0.034375
0 0.1578125 0.27890625 0.0375 0.0453125
0 0.07109375 0.29375 0.021875 0.0265625
0 0.21796875 0.275 0.0453125 0.06875
0 0.71875 0.20703125 0.071875 0.090625
0 0.528125 0.234375 0.0234375 0.0390625
0 0.10703125 0.29765625 0.0234375 0.034375
0 0.29375 0.2765625 0.0609375 0.08125
0 0.13984375 0.303125 0.0484375 0.0609375
0 0.009375 0.321875 0.01875 0.034375
0 0.0328125 0.31796875 0.028125 0.034375
0 0.0515625 0.31796875 0.021875 0.0265625
0 0.1 0.31328125 0.0125 0.0203125
0 0.06953125 0.3171875 0.0171875 0.025
0 0.4921875 0.275 0.0625 0.0984375
0 0.27578125 0.31875 0.05625 0.0796875
0 0.35546875 0.3171875 0.0609375 0.08125
0 0.17578125 0.37265625 0.0609375 0.0859375
0 0.090625 0.40078125 0.0609375 0.08125
0 0.74140625 0.35390625 0.0921875 0.115625