0 0.74375 0.434375 0.0109375 0.0203125
0 0.94921875 0.45625 0.0109375 0.0203125
0 0.5328125 0.41484375 0.021875 0.0296875
0 0.834375 0.44609375 0.0109375 0.015625
0 0.509375 0.4125 0.015625 0.0203125
0 0.91640625 0.4546875 0.0046875 0.0046875
0 0.85625 0.45078125 0.00625 0.009375
0 0.996875 0.47109375 0.00625 0.0234375
0 0.55234375 0.42109375 0.00625 0.0140625
0 0.8609375 0.45390625 0.0171875 0.025
0 0.9828125 0.46875 0.025 0.021875
0 0.7890625 0.45078125 0.021875 0.034375
0 0.6375 0.43515625 0.0265625 0.034375
0 0.09609375 0.378125 0.034375 0.0625
0 0.9 0.4625 0.0203125 0.015625
0 0.54921875 0.428125 0.0171875 0.025
0 0.88125 0.46328125 0.021875 0.025
0 0.3515625 0.4078125 0.021875 0.025
0 0.56328125 0.43203125 0.0171875 0.0296875
0 0.653125 0.44140625 0.0171875 0.025
0 0.721875 0.4484375 0.0109375 0.0203125
0 0.77734375 0.45703125 0.015625 0.0203125
0 0.95625 0.47578125 0.0109375 0.0203125
0 0.38125 0.41484375 0.021875 0.025
0 0.9140625 0.4734375 0.015625 0.0203125
0 0.8015625 0.4640625 0.0171875 0.025
0 0.85 0.46953125 0.021875 0.025
0 0.9078125 0.475 0.021875 0.0296875
0 0.98046875 0.4875 0.021875 0.025
0 0.43515625 0.43046875 0.015625 0.0203125
0 0.821875 0.4734375 0.021875 0.025
0 0.58671875 0.453125 0.0265625 0.034375
0 0.11171875 0.403125 0.065625 0.0984375
0 0.484375 0.4453125 0.0265625 0.0390625
0 0.959375 0.496875 0.0296875 0.0265625
0 0.16640625 0.41640625 0.065625 0.0984375
0 0.8890625 0.496875 0.0265625 0.034375
0 0.38671875 0.45078125 0.015625 0.0203125
0 0.63671875 0.48203125 0.046875 0.0546875
0 0.9859375 0.525 0.021875 0.034375
0 0.25625 0.334375 0.00625 0.009375
0 0.203125 0.33359375 0.0109375 0.015625
0 0.22421875 0.3359375 0.0109375 0.015625
0 0.3109375 0.34765625 0.015625 0.015625
0 0.37578125 0.35390625 0.009375 0.00625
0 0.49765625 0.3671875 0.0046875 0.0046875
0 0.48359375 0.365625 0.0046875 0.0046875
0 0.446875 0.3640625 0.0046875 0.0046875
0 0.39375 0.35859375 0.0109375 0.0109375
0 0.57109375 0.37734375 0.0046875 0.0046875
0 0.15234375 0.3328125 0.015625 0.0203125
0 0.3984375 0.3609375 0.00625 0.009375
0 0.534375 0.37578125 0.00625 0.009375
0 0.56171875 0.378125 0.0046875 0.0046875
0 0.40546875 0.36171875 0.00625 0.0140625
0 0.4328125 0.36484375 0.00625 0.009375
0 0.55703125 0.378125 0.0046875 0.0046875
0 0.28125 0.34921875 0.0109375 0.0203125
0 0.51796875 0.3765625 0.0109375 0.0109375
0 0.54453125 0.37890625 0.00625 0.009375
0 0.52734375 0.37734375 0.0046875 0.0046875
0 0.4765625 0.371875 0.00625 0.009375
0 0.546875 0.37890625 0.00625 0.009375
0 0.44140625 0.36796875 0.0109375 0.015625
0 0.48125 0.37265625 0.00625 0.009375
0 0.29609375 0.353125 0.0109375 0.015625
0 0.45078125 0.37109375 0.0046875 0.0046875
0 0.4625 0.37265625 0.00625 0.009375
0 0.46953125 0.3734375 0.00625 0.0140625
0 0.48984375 0.37578125 0.00625 0.009375
0 0.57265625 0.384375 0.00625 0.009375
0 0.45546875 0.371875 0.00625 0.009375
0 0.50546875 0.37734375 0.00625 0.009375
0 0.425 0.36875 0.00625 0.009375
0 0.41171875 0.36953125 0.0109375 0.015625
0 0.53359375 0.3828125 0.00625 0.009375
0 0.59609375 0.3890625 0.00625 0.009375
0 0.3421875 0.3625 0.0109375 0.015625
0 0.53828125 0.3828125 0.00625 0.009375
0 0.6109375 0.390625 0.0109375 0.0109375
0 0.634375 0.39296875 0.0109375 0.0109375
0 0.49375 0.378125 0.00625 0.009375
0 0.64140625 0.39375 0.00625 0.009375
0 0.59140625 0.38828125 0.0109375 0.0109375
0 0.56015625 0.3875 0.00625 0.009375
0 0.48046875 0.3796875 0.00625 0.009375
0 0.546875 0.3859375 0.00625 0.009375
0 0.6 0.3921875 0.0046875 0.0046875
0 0.48203125 0.3796875 0.0046875 0.0046875
0 0.3953125 0.3703125 0.0046875 0.0046875
0 0.51484375 0.3828125 0.00625 0.0140625
0 0.58125 0.3921875 0.00625 0.009375
0 0.33046875 0.365625 0.015625 0.015625
0 0.50078125 0.38359375 0.0109375 0.015625
0 0.55078125 0.3890625 0.0109375 0.0109375
0 0.2375 0.35625 0.015625 0.015625
0 0.38515625 0.371875 0.0109375 0.015625
0 0.66796875 0.4015625 0.0046875 0.0046875
0 0.6046875 0.39453125 0.00625 0.009375
0 0.61796875 0.39609375 0.0046875 0.0046875
0 0.440625 0.37734375 0.0109375 0.015625
0 0.528125 0.3890625 0.0109375 0.015625
0 0.659375 0.403125 0.0046875 0.0046875
0 0.621875 0.39921875 0.00625 0.009375
0 0.45 0.38046875 0.0109375 0.015625
0 0.465625 0.3828125 0.0109375 0.015625
0 0.428125 0.38125 0.0109375 0.0203125
0 0.4859375 0.38671875 0.0109375 0.015625
0 0.62890625 0.40234375 0.0109375 0.0109375
0 0.68359375 0.41015625 0.0109375 0.0109375
0 0.37109375 0.37734375 0.00625 0.009375
0 0.475 0.38828125 0.0109375 0.015625
0 0.73671875 0.415625 0.0109375 0.0109375
0 0.77890625 0.4203125 0.0109375 0.015625
0 0.67421875 0.41171875 0.0046875 0.0046875
0 0.76171875 0.42109375 0.0109375 0.015625
0 0.83125 0.428125 0.0109375 0.015625
0 0.56640625 0.4 0.0109375 0.015625
0 0.4921875 0.39453125 0.0109375 0.0203125
0 0.78046875 0.425 0.0109375 0.0109375
0 0.0546875 0.3484375 0.015625 0.0203125
0 0.69296875 0.415625 0.0109375 0.015625
0 0.23671875 0.36796875 0.015625 0.0203125
0 0.64921875 0.4109375 0.0109375 0.015625
0 0.45546875 0.39296875 0.0109375 0.0203125
0 0.61640625 0.41015625 0.015625 0.015625
0 0.609375 0.409375 0.0109375 0.015625
0 0.55390625 0.40625 0.015625 0.0203125
0 0.97578125 0.45 0.0203125 0.0203125
0 0.58671875 0.409375 0.015625 0.015625
0 0.81875 0.43359375 0.0109375 0.0203125
0 0.70390625 0.421875 0.015625 0.0203125
0 0.96640625 0.44921875 0.015625 0.015625
0 0.84453125 0.43671875 0.0109375 0.0109375
0 0.859375 0.440625 0.0109375 0.0109375
0 0.18984375 0.3703125 0.021875 0.025
0 0.7265625 0.4265625 0.0109375 0.015625
0 0.721875 0.42578125 0.015625 0.015625
0 0.396875 0.39453125 0.0265625 0.0390625
0 0.87109375 0.44375 0.0109375 0.015625
0 0.8921875 0.44609375 0.015625 0.015625
0 0.75859375 0.43203125 0.0109375 0.015625
0 0.659375 0.4234375 0.0171875 0.025
0 0.26328125 0.38203125 0.021875 0.025
0 0.90625 0.44921875 0.015625 0.015625
0 0.7515625 0.4328125 0.0109375 0.015625
0 0.03359375 0.3578125 0.0359375 0.04375