0 0.25390625 0.19609375 0.0421875 0.065625
0 0.50390625 0.196875 0.0375 0.065625
0 0.21875 0.20859375 0.0375 0.065625
0 0.57578125 0.20234375 0.0421875 0.065625
0 0.7703125 0.2015625 0.0375 0.05625
0 0.53359375 0.2078125 0.0375 0.075
0 0.78671875 0.2171875 0.0234375 0.0421875
0 0.09921875 0.22890625 0.0515625 0.0703125
0 0.178125 0.23671875 0.0328125 0.05625
0 0.9515625 0.228125 0.0328125 0.0515625
0 0.4671875 0.24609375 0.0421875 0.0515625
0 0.70859375 0.24375 0.0328125 0.05625
0 0.67578125 0.2515625 0.0375 0.05625
0 0.91171875 0.24765625 0.0328125 0.0609375
0 0.03046875 0.26484375 0.0515625 0.0703125
0 0.42890625 0.2609375 0.0421875 0.065625
0 0.6375 0.259375 0.0375 0.065625
0 0.22109375 0.0328125 0.0328125 0.05625
0 0.84453125 0.0234375 0.0296875 0.046875
0 0.940625 0.25390625 0.0296875 0.0515625
0 0.3390625 0.2671875 0.0515625 0.0609375
0 0.86875 0.2625 0.0296875 0.0515625
0 0.37109375 0.28046875 0.0375 0.0609375
0 0.834375 0.28046875 0.0296875 0.046875
0 0.609375 0.2875 0.0421875 0.05625
0 0.22734375 0.30078125 0.0421875 0.065625
0 0.8125 0.0265625 0.025 0.053125
0 0.3 0.30390625 0.0421875 0.065625
0 0.17734375 0.31796875 0.0421875 0.075
0 0.50859375 0.3125 0.0375 0.065625
0 0.55 0.3140625 0.0375 0.065625
0 0.7828125 0.02734375 0.025 0.0546875
0 0.82578125 0.31640625 0.0421875 0.065625
0 0.4625 0.3296875 0.0375 0.065625
0 0.59375 0.3296875 0.0421875 0.0609375
0 0.98515625 0.32734375 0.0203125 0.075
0 0.7609375 0.33125 0.0296875 0.0609375
0 0.52890625 0.03359375 0.0328125 0.0515625
0 0.7515625 0.0296875 0.0375 0.0515625
0 0.4 0.33984375 0.0328125 0.0328125
0 0.96640625 0.3328125 0.0375 0.075
0 0.7265625 0.35 0.0328125 0.0515625
0 0.49453125 0.034375 0.0296875 0.05625
0 0.17265625 0.0421875 0.046875 0.065625
0 0.365625 0.35859375 0.0515625 0.075
0 0.89140625 0.3515625 0.0375 0.0375
0 0.64140625 0.36796875 0.0375 0.065625
0 0.403125 0.37890625 0.0375 0.05625
0 0.1109375 0.38671875 0.046875 0.0703125
0 0.07265625 0.3921875 0.0421875 0.075
0 0.66640625 0.38359375 0.0046875 0.0046875
0 0.315625 0.39453125 0.0421875 0.065625
0 0.87578125 0.38515625 0.0515625 0.0609375
0 0.13359375 0.0453125 0.0375 0.065625
0 0.6046875 0.39453125 0.0375 0.0703125
0 0.0328125 0.40625 0.046875 0.075
0 0.82265625 0.39765625 0.0375 0.0328125
0 0.2765625 0.409375 0.0421875 0.0796875
0 0.78515625 0.4046875 0.0296875 0.0609375
0 0.5609375 0.4109375 0.0421875 0.0703125
0 0.68359375 0.4109375 0.0375 0.0609375
0 0.7578125 0.4140625 0.0328125 0.0703125
0 0.52421875 0.4203125 0.0421875 0.0703125
0 0.46171875 0.04453125 0.0375 0.0515625
0 0.4984375 0.43046875 0.0421875 0.0796875
0 0.91015625 0.42578125 0.0234375 0.0421875
0 0.82578125 0.44375 0.0421875 0.065625
0 0.21484375 0.465625 0.0375 0.0703125
0 0.96015625 0.453125 0.0421875 0.065625
0 0.1171875 0.4703125 0.0515625 0.0703125
0 0.1703125 0.4734375 0.0421875 0.075
0 0.70546875 0.0421875 0.0375 0.0609375
0 0.4734375 0.475 0.0421875 0.0609375
0 0.72578125 0.475 0.0421875 0.0796875
0 0.69375 0.47578125 0.0421875 0.075
0 0.42109375 0.4828125 0.0421875 0.0890625
0 0.88203125 0.490625 0.0421875 0.05625
0 0.375 0.5046875 0.0375 0.065625
0 0.65078125 0.50234375 0.0375 0.065625
0 0.90546875 0.50703125 0.0328125 0.065625
0 0.06015625 0.521875 0.0375 0.0609375
0 0.01484375 0.52734375 0.0296875 0.0703125
0 0.93515625 0.5109375 0.0328125 0.046875
0 0.6203125 0.51875 0.0328125 0.0703125
0 0.315625 0.5265625 0.0515625 0.084375
0 0.3328125 0.05625 0.0421875 0.065625
0 0.07109375 0.06015625 0.0421875 0.075
0 0.89921875 0.04609375 0.0375 0.0375
0 0.8640625 0.521875 0.0421875 0.065625
0 0.584375 0.53515625 0.0421875 0.075
0 0.77421875 0.53671875 0.046875 0.0703125
0 0.97578125 0.046875 0.025 0.05625
0 0.621875 0.053125 0.0421875 0.0703125
0 0.3765625 0.0578125 0.0375 0.065625
0 0.275 0.578125 0.0515625 0.084375
0 0.5734375 0.575 0.0421875 0.084375
0 0.44375 0.58203125 0.0515625 0.084375
0 0.52734375 0.5828125 0.0515625 0.0890625
0 0.2078125 0.5984375 0.0421875 0.075
0 0.15 0.61015625 0.0515625 0.0796875
0 0.8328125 0.5984375 0.0515625 0.065625
0 0.98046875 0.5953125 0.0328125 0.0796875
0 0.7109375 0.61171875 0.0421875 0.065625
0 0.04296875 0.0703125 0.0421875 0.065625
0 0.9578125 0.0546875 0.0375 0.0515625
0 0.428125 0.63359375 0.0515625 0.084375
0 0.3796875 0.634375 0.05625 0.0796875
0 0.96328125 0.62890625 0.0375 0.065625
0 0.74296875 0.63984375 0.0421875 0.0609375
0 0.09296875 0.653125 0.0515625 0.0890625
0 0.625 0.6484375 0.0375 0.065625
0 0.04453125 0.6609375 0.0515625 0.0890625
0 0.89609375 0.64609375 0.0421875 0.0703125
0 0.928125 0.64921875 0.0375 0.05625
0 0.66015625 0.6609375 0.0421875 0.05625
0 0.3296875 0.68125 0.0375 0.065625
0 0.01953125 0.6890625 0.0328125 0.0890625
0 0.2875 0.6890625 0.0515625 0.0796875
0 0.5796875 0.690625 0.0421875 0.075
0 0.00546875 0.07734375 0.0109375 0.0609375
0 0.23203125 0.69921875 0.0515625 0.0890625
0 0.87578125 0.69765625 0.0421875 0.075
0 0.5359375 0.71484375 0.0515625 0.0703125
0 0.20546875 0.7234375 0.05625 0.084375
0 0.80703125 0.7328125 0.04375 0.09375
0 0.9875 0.74765625 0.025 0.0890625
0 0.73125 0.7578125 0.05625 0.0796875
0 0.41875 0.76328125 0.046875 0.084375
0 0.12734375 0.77265625 0.0421875 0.075
0 0.4703125 0.77421875 0.05625 0.084375
0 0.9703125 0.7703125 0.0421875 0.075
0 0.57265625 0.79921875 0.05625 0.05625
0 0.6109375 0.07890625 0.0296875 0.05625
0 0.70234375 0.8046875 0.046875 0.0796875
0 0.37578125 0.81953125 0.0515625 0.075
0 0.04921875 0.825 0.0421875 0.0796875
0 0.878125 0.815625 0.0421875 0.0890625
0 0.29453125 0.8375 0.0515625 0.075
0 0.76015625 0.82890625 0.028125 0.0421875
0 0.94765625 0.828125 0.0515625 0.0796875
0 0.3328125 0.8390625 0.0421875 0.0796875
0 0.61484375 0.859375 0.0515625 0.0703125
0 0.81171875 0.87421875 0.046875 0.084375
0 0.8890625 0.08125 0.0328125 0.0515625
0 0.56015625 0.88359375 0.0515625 0.084375
0 0.15078125 0.8953125 0.0609375 0.075
0 0.29140625 0.89765625 0.0421875 0.0796875
0 0.5859375 0.0890625 0.0421875 0.0703125
0 0.48828125 0.903125 0.0609375 0.084375
0 0.79375 0.90703125 0.0375 0.075
0 0.76640625 0.91640625 0.0421875 0.084375
0 0.971875 0.93046875 0.05625 0.0984375
0 0.40703125 0.953125 0.0578125 0.09375
0 0.64453125 0.95859375 0.065625 0.075
0 0.70390625 0.959375 0.05625 0.0765625
0 0.46171875 0.96640625 0.0515625 0.065625
0 0.2140625 0.96875 0.046875 0.0625
0 0.3578125 0.9703125 0.05625 0.059375
0 0.284375 0.10078125 0.0328125 0.0609375
0 0.3140625 0.98671875 0.046875 0.0265625
0 0.55234375 0.98515625 0.0515625 0.025
0 0.90703125 0.97890625 0.0515625 0.025
0 0.24765625 0.10390625 0.046875 0.0703125
0 0.86328125 0.09296875 0.0375 0.05625
0 0.3125 0.10703125 0.0328125 0.0421875
0 0.54609375 0.103125 0.0375 0.0609375
0 0.83125 0.10078125 0.0375 0.05625
0 0.47265625 0.12109375 0.0375 0.0609375
0 0.15078125 0.12890625 0.0421875 0.075
0 0.04453125 0.1375 0.0515625 0.065625
0 0.19296875 0.13515625 0.046875 0.05625
0 0.975 0.1234375 0.025 0.05625
0 0.4546875 0.1375 0.0375 0.0703125
0 0.95703125 0.12890625 0.0375 0.065625
0 0.98203125 0.13046875 0.0203125 0.065625
0 0.41015625 0.14296875 0.0375 0.065625
0 0.74609375 0.14140625 0.0421875 0.05625
0 0.00859375 0.15625 0.0171875 0.075
0 0.91953125 0.14375 0.0328125 0.065625
0 0.090625 0.1640625 0.0375 0.0515625
0 0.53046875 0.16328125 0.0375 0.046875
0 0.328125 0.1671875 0.0421875 0.065625
0 0.371875 0.16875 0.0421875 0.05625
0 0.87734375 0.01484375 0.0328125 0.0296875
0 0.278125 0.02265625 0.0421875 0.0375
0 0.79765625 0.16796875 0.0421875 0.0609375
0 0.290625 0.184375 0.0328125 0.0609375
0 0.6515625 0.178125 0.0421875 0.065625
0 0.7125 0.17890625 0.0421875 0.0328125