0 0.5359375 0.0328125 0.0171875 0.025
0 0.190625 0.28046875 0.0109375 0.0203125
0 0.20234375 0.28359375 0.0171875 0.025
0 0.14453125 0.27890625 0.0265625 0.0265625
0 0.22265625 0.2890625 0.021875 0.025
0 0.38046875 0.3109375 0.015625 0.0203125
0 0.171875 0.2875 0.0171875 0.025
0 0.246875 0.29921875 0.0203125 0.0203125
0 0.18203125 0.29296875 0.015625 0.0203125
0 0.1546875 0.29453125 0.015625 0.015625
0 0.5703125 0.03984375 0.0109375 0.0109375
0 0.40390625 0.33125 0.0171875 0.025
0 0.09140625 0.29765625 0.0109375 0.015625
0 0.20859375 0.3125 0.015625 0.0203125
0 0.23125 0.31484375 0.015625 0.0203125
0 0.1625 0.30703125 0.0171875 0.0296875
0 0.55234375 0.0375 0.0109375 0.0203125
0 0.384375 0.33828125 0.0171875 0.025
0 0.36953125 0.34140625 0.0125 0.025
0 0.103125 0.31328125 0.0171875 0.0328125
0 0.93125 0.0859375 0.0171875 0.025
0 0.06171875 0.30859375 0.021875 0.0296875
0 0.240625 0.33046875 0.015625 0.0203125
0 0.128125 0.31875 0.015625 0.0203125
0 0.08671875 0.3140625 0.015625 0.0203125
0 0.1875 0.3265625 0.0171875 0.025
0 0.175 0.33203125 0.0171875 0.025
0 0.13984375 0.334375 0.0171875 0.025
0 0.196875 0.34375 0.0171875 0.025
0 0.03203125 0.3234375 0.0109375 0.015625
0 0.0890625 0.3328125 0.0171875 0.025
0 0.1328125 0.33828125 0.015625 0.0203125
0 0.23125 0.353125 0.0125 0.025
0 0.21015625 0.35234375 0.0171875 0.0296875
0 0.16015625 0.34609375 0.021875 0.025
0 0.24453125 0.359375 0.0171875 0.0296875
0 0.02421875 0.33203125 0.0109375 0.0203125
0 0.05703125 0.34296875 0.0171875 0.025
0 0.03203125 0.340625 0.0171875 0.025
0 0.06640625 0.346875 0.0109375 0.0203125
0 0.56015625 0.0453125 0.0109375 0.0203125
0 0.10078125 0.35546875 0.021875 0.025
0 0.36875 0.38984375 0.0125 0.025
0 0.02109375 0.3546875 0.0171875 0.025
0 0.14765625 0.3703125 0.021875 0.0296875
0 0.0765625 0.36171875 0.0171875 0.025
0 0.0640625 0.36484375 0.015625 0.0203125
0 0.053125 0.375 0.0109375 0.015625
0 0.0328125 0.375 0.0125 0.025
0 0.0234375 0.3734375 0.0171875 0.0296875
0 0.16328125 0.39375 0.021875 0.025
0 0.0453125 0.38359375 0.021875 0.025
0 0.0734375 0.38671875 0.021875 0.025
0 0.01796875 0.3828125 0.015625 0.0203125
0 0.1046875 0.3953125 0.021875 0.0296875
0 0.571875 0.04921875 0.0109375 0.015625
0 0.03671875 0.4015625 0.021875 0.0296875
0 0.0140625 0.409375 0.0171875 0.0328125
0 0.025 0.4203125 0.021875 0.0296875
0 0.39140625 0.475 0.021875 0.034375
0 0.540625 0.51171875 0.021875 0.0296875
0 0.25078125 0.48125 0.0265625 0.034375
0 0.0828125 0.4609375 0.021875 0.0296875
0 0.04453125 0.46328125 0.021875 0.0296875
0 0.2875 0.49765625 0.028125 0.0390625
0 0.01875 0.46953125 0.021875 0.0296875
0 0.06484375 0.490625 0.0265625 0.03125
0 0.0234375 0.49296875 0.015625 0.015625
0 0.434375 0.04375 0.015625 0.0203125
0 0.09609375 0.50390625 0.021875 0.0296875
0 0.1140625 0.50625 0.0234375 0.0390625
0 0.7046875 0.58125 0.021875 0.034375
0 0.53984375 0.05703125 0.0109375 0.0203125
0 0.86640625 0.61015625 0.0203125 0.0203125
0 0.80859375 0.60546875 0.0203125 0.0203125
0 0.01875 0.50859375 0.0109375 0.0203125
0 0.07421875 0.515625 0.021875 0.034375
0 0.94140625 0.6265625 0.021875 0.025
0 0.83203125 0.6203125 0.021875 0.0296875
0 0.00703125 0.52109375 0.0140625 0.0296875
0 0.0046875 0.51953125 0.009375 0.0421875
0 0.7859375 0.6171875 0.0171875 0.0296875
0 0.87890625 0.628125 0.0265625 0.03125
0 0.9765625 0.6453125 0.0125 0.0328125
0 0.0484375 0.53125 0.0171875 0.0296875
0 0.03203125 0.53125 0.03125 0.03125
0 0.8515625 0.634375 0.021875 0.0296875
0 0.9390625 0.64765625 0.021875 0.034375
0 0.95703125 0.65 0.028125 0.0390625
0 0.56328125 0.06484375 0.0109375 0.0203125
0 0.75234375 0.63125 0.021875 0.0296875
0 0.79453125 0.64296875 0.021875 0.025
0 0.87265625 0.6578125 0.021875 0.0296875
0 0.7296875 0.6421875 0.021875 0.025
0 0.90390625 0.66640625 0.0265625 0.034375
0 0.7859375 0.65625 0.0203125 0.015625
0 0.73515625 0.65234375 0.0203125 0.015625
0 0.82578125 0.67265625 0.021875 0.0296875
0 0.76796875 0.6703125 0.0203125 0.0203125
0 0.56171875 0.6453125 0.021875 0.0296875
0 0.7125 0.6640625 0.021875 0.025
0 0.81015625 0.67578125 0.021875 0.0296875
0 0.971875 0.703125 0.009375 0.0375
0 0.72109375 0.671875 0.021875 0.0296875
0 0.78359375 0.6796875 0.021875 0.0296875
0 0.87578125 0.690625 0.0234375 0.0390625
0 0.7390625 0.67890625 0.021875 0.0296875
0 0.68828125 0.67734375 0.021875 0.025
0 0.6578125 0.67578125 0.0265625 0.03125
0 0.88671875 0.71015625 0.028125 0.0390625
0 0.7671875 0.69609375 0.0265625 0.03125
0 0.67265625 0.6890625 0.0265625 0.03125
0 0.64140625 0.696875 0.021875 0.0296875
0 0.50703125 0.0671875 0.015625 0.0203125
0 0.62265625 0.69921875 0.021875 0.034375
0 0.4671875 0.6875 0.028125 0.0390625
0 0.5890625 0.70234375 0.028125 0.04375
0 0.5375 0.70546875 0.021875 0.025
0 0.22265625 0.66640625 0.0328125 0.04375
0 0.75546875 0.73203125 0.021875 0.0296875
0 0.66484375 0.7328125 0.021875 0.0296875
0 0.671875 0.7359375 0.0265625 0.03125
0 0.496875 0.7171875 0.021875 0.025
0 0.64375 0.73515625 0.021875 0.025
0 0.48515625 0.0671875 0.015625 0.0203125
0 0.83125 0.7640625 0.0234375 0.04375
0 0.5828125 0.7359375 0.0171875 0.0296875
0 0.54375 0.7359375 0.021875 0.034375
0 0.56796875 0.74140625 0.0265625 0.03125
0 0.515625 0.73515625 0.0109375 0.0203125
0 0.45 0.73359375 0.0265625 0.034375
0 0.93046875 0.79296875 0.028125 0.04375
0 0.50078125 0.7421875 0.0234375 0.0390625
0 0.42265625 0.73515625 0.0265625 0.034375
0 0.525 0.75 0.0328125 0.040625
0 0.6078125 0.7625 0.021875 0.034375
0 0.64140625 0.76953125 0.021875 0.0296875
0 0.53984375 0.078125 0.0171875 0.025
0 0.81796875 0.79296875 0.0265625 0.0265625
0 0.4734375 0.753125 0.0265625 0.034375
0 0.5234375 0.0765625 0.015625 0.0203125
0 0.67421875 0.78984375 0.0234375 0.0390625
0 0.55625 0.08046875 0.0109375 0.015625
0 0.82734375 0.81796875 0.0265625 0.03125
0 0.4046875 0.76640625 0.015625 0.015625
0 0.7046875 0.8078125 0.0265625 0.034375
0 0.421875 0.7765625 0.0171875 0.025
0 0.3890625 0.775 0.0265625 0.03125
0 0.57890625 0.803125 0.0328125 0.04375
0 0.409375 0.78515625 0.015625 0.0203125
0 0.33984375 0.77890625 0.021875 0.0296875
0 0.3140625 0.77578125 0.021875 0.034375
0 0.47734375 0.79765625 0.0234375 0.0390625
0 0.6609375 0.82265625 0.028125 0.04375
0 0.725 0.8328125 0.0265625 0.03125
0 0.35078125 0.78671875 0.028125 0.0390625
0 0.37265625 0.7921875 0.028125 0.04375
0 0.46796875 0.815625 0.0171875 0.0296875
0 0.3921875 0.80859375 0.028125 0.04375
0 0.26015625 0.8015625 0.0265625 0.034375
0 0.49375 0.83515625 0.0328125 0.040625
0 0.3140625 0.81328125 0.028125 0.0390625
0 0.29140625 0.8125 0.021875 0.034375
0 0.91875 0.8921875 0.0328125 0.04375
0 0.22734375 0.82578125 0.028125 0.0390625
0 0.79140625 0.9015625 0.0328125 0.04375
0 0.17578125 0.82890625 0.028125 0.0390625
0 0.209375 0.8328125 0.028125 0.04375
0 0.26171875 0.84140625 0.021875 0.0296875
0 0.209375 0.04921875 0.0171875 0.025
0 0.28046875 0.84609375 0.028125 0.0390625
0 0.32109375 0.853125 0.021875 0.0296875
0 0.51171875 0.08671875 0.015625 0.0203125
0 0.196875 0.84296875 0.0171875 0.0328125
0 0.3984375 0.87265625 0.028125 0.0390625
0 0.4671875 0.88125 0.0234375 0.0390625
0 0.43046875 0.07890625 0.015625 0.015625
0 0.0296875 0.83671875 0.028125 0.04375
0 0.3 0.871875 0.028125 0.0390625
0 0.12578125 0.85078125 0.0234375 0.0390625
0 0.253125 0.8734375 0.0234375 0.04375
0 0.321875 0.884375 0.0265625 0.0265625
0 0.27109375 0.88046875 0.01875 0.0375
0 0.090625 0.87421875 0.0328125 0.040625
0 0.15234375 0.88125 0.0234375 0.0390625
0 0.5515625 0.09609375 0.00625 0.0140625
0 0.22578125 0.89296875 0.028125 0.04375
0 0.4671875 0.92265625 0.021875 0.034375
0 0.88046875 0.98359375 0.0328125 0.0328125
0 0.31328125 0.9203125 0.028125 0.04375
0 0.1796875 0.90625 0.0265625 0.034375
0 0.0125 0.89140625 0.025 0.0390625
0 0.496875 0.09140625 0.0109375 0.015625
0 0.53046875 0.09765625 0.00625 0.0140625
0 0.065625 0.921875 0.0328125 0.04375
0 0.30546875 0.0703125 0.015625 0.015625
0 0.98828125 0.15390625 0.0171875 0.025
0 0.01484375 0.925 0.0296875 0.03125
0 0.13515625 0.94453125 0.034375 0.0265625
0 0.08203125 0.940625 0.0296875 0.0171875
0 0.3484375 0.0796875 0.0109375 0.015625
0 0.5203125 0.103125 0.0109375 0.0203125
0 0.48828125 0.09921875 0.0109375 0.015625
0 0.35234375 0.08515625 0.0109375 0.0203125
0 0.33828125 0.08359375 0.0171875 0.025
0 0.54765625 0.109375 0.0109375 0.0203125
0 0.50390625 0.10625 0.015625 0.0203125
0 0.2671875 0.0796875 0.0171875 0.025
0 0.5328125 0.1140625 0.0171875 0.025
0 0.47265625 0.11171875 0.0109375 0.015625
0 0.0546875 0.06015625 0.0109375 0.0203125
0 0.43046875 0.003125 0.0109375 0.00625
0 0.48359375 0.1203125 0.0109375 0.0203125
0 0.178125 0.0828125 0.0109375 0.0203125
0 0.33828125 0.10234375 0.0109375 0.0203125
0 0.53359375 0.13125 0.0109375 0.0109375
0 0.46875 0.128125 0.0109375 0.015625
0 0.51875 0.13359375 0.0109375 0.015625
0 0.796875 0.17265625 0.015625 0.0203125
0 0.50703125 0.13984375 0.0109375 0.0203125
0 0.43359375 0.13046875 0.0109375 0.0203125
0 0.70859375 0.1640625 0.015625 0.0203125
0 0.2859375 0.11484375 0.0171875 0.025
0 0.525 0.14375 0.00625 0.0140625
0 0.4625 0.1390625 0.00625 0.0140625
0 0.53125 0.14765625 0.00625 0.0140625
0 0.4875 0.14453125 0.0109375 0.015625
0 0.4546875 0.14296875 0.0109375 0.015625
0 0.26015625 0.12109375 0.015625 0.0203125
0 0.88671875 0.19765625 0.015625 0.015625
0 0.44609375 0.14375 0.015625 0.0203125
0 0.98359375 0.21015625 0.015625 0.0203125
0 0.575 0.021875 0.0109375 0.015625
0 0.965625 0.06953125 0.015625 0.015625
0 0.475 0.1515625 0.015625 0.0203125
0 0.240625 0.125 0.015625 0.0203125
0 0.93203125 0.2125 0.015625 0.0203125
0 0.4125 0.15078125 0.0109375 0.0109375
0 0.428125 0.153125 0.0109375 0.015625
0 0.38671875 0.15 0.015625 0.0109375
0 0.50859375 0.16484375 0.0109375 0.015625
0 0.47578125 0.01015625 0.015625 0.0203125
0 0.4875 0.16484375 0.015625 0.015625
0 0.88203125 0.215625 0.015625 0.0203125
0 0.971875 0.22890625 0.0171875 0.025
0 0.9578125 0.2296875 0.0171875 0.025
0 0.7390625 0.20703125 0.015625 0.0203125
0 0.78671875 0.21328125 0.015625 0.0203125
0 0.8078125 0.21796875 0.015625 0.0203125
0 0.8765625 0.22890625 0.015625 0.0203125
0 0.21875 0.1484375 0.015625 0.0203125
0 0.20703125 0.14921875 0.015625 0.0203125
0 0.92578125 0.2421875 0.0171875 0.025
0 0.91171875 0.240625 0.015625 0.0109375
0 0.25859375 0.1625 0.0171875 0.025
0 0.234375 0.159375 0.0203125 0.0203125
0 0.38984375 0.00703125 0.0109375 0.0140625
0 0.946875 0.07265625 0.015625 0.015625
0 0.2296875 0.17578125 0.021875 0.0296875
0 0.58984375 0.03125 0.0203125 0.0203125
0 0.56015625 0.02734375 0.0109375 0.015625
0 0.04140625 0.1703125 0.0109375 0.0203125
0 0.08046875 0.1921875 0.021875 0.0296875
0 0.04140625 0.19140625 0.0171875 0.025
0 0.12109375 0.20625 0.0125 0.025
0 0.16015625 0.2109375 0.021875 0.025
0 0.11171875 0.2078125 0.0109375 0.0203125
0 0.97578125 0.0828125 0.015625 0.0203125
0 0.253125 0.24609375 0.0109375 0.0203125
0 0.23203125 0.2546875 0.0171875 0.0296875
0 0.38125 0.28671875 0.015625 0.0203125
0 0.19296875 0.2640625 0.015625 0.0203125
0 0.24765625 0.27265625 0.0171875 0.025
0 0.1171875 0.25703125 0.021875 0.025