0 0.453125 0.26640625 0.0234375 0.0265625
0 0.378125 0.284375 0.0421875 0.05625
0 0.42109375 0.27578125 0.03125 0.040625
0 0.02109375 0.36796875 0.0421875 0.0765625
0 0.36171875 0.2953125 0.028125 0.028125
0 0.49296875 0.2671875 0.0234375 0.03125
0 0.528125 0.2625 0.01875 0.0265625
0 0.05703125 0.36484375 0.028125 0.0328125
0 0.25625 0.32265625 0.03125 0.040625
0 0.571875 0.2578125 0.0234375 0.0265625
0 0.21640625 0.33359375 0.03125 0.0453125
0 0.4015625 0.29375 0.0171875 0.0171875
0 0.5171875 0.26953125 0.0234375 0.0265625
0 0.63515625 0.24453125 0.0234375 0.0265625
0 0.484375 0.27890625 0.025 0.0359375
0 0.30703125 0.31796875 0.0390625 0.0421875
0 0.68125 0.2390625 0.040625 0.0515625
0 0.1265625 0.35859375 0.0375 0.0515625
0 0.175 0.3484375 0.025 0.0359375
0 0.5546875 0.26796875 0.0234375 0.0265625
0 0.4484375 0.290625 0.0234375 0.0265625
0 0.4671875 0.2890625 0.0234375 0.0265625
0 0.00703125 0.39609375 0.0140625 0.0484375
0 0.3421875 0.325 0.0296875 0.0359375
0 0.53984375 0.28515625 0.0328125 0.028125
0 0.42265625 0.3125 0.0453125 0.053125
0 0.11484375 0.38046875 0.0421875 0.05625
0 0.16328125 0.37265625 0.0265625 0.0390625
0 0.6609375 0.2671875 0.0453125 0.053125
0 0.24921875 0.35703125 0.05 0.0703125
0 0.9265625 0.21328125 0.05625 0.103125
0 0.209375 0.36796875 0.0328125 0.0546875
0 0.80546875 0.24609375 0.0421875 0.05625
0 0.52421875 0.3125 0.028125 0.028125
0 0.31015625 0.3609375 0.0375 0.05625
0 0.41640625 0.33828125 0.0453125 0.053125
0 0.6046875 0.303125 0.0765625 0.09375
0 0.7734375 0.271875 0.046875 0.0578125
0 0.72265625 0.2984375 0.0640625 0.078125
0 0.80078125 0.28671875 0.0375 0.05625
0 0.56953125 0.33828125 0.046875 0.0625
0 0.84375 0.425 0.0625 0.0734375