0 0.83359375 0.47890625 0.021875 0.0296875
0 0.06875 0.559375 0.021875 0.0390625
0 0.6859375 0.496875 0.0203125 0.0203125
0 0.0859375 0.56484375 0.0171875 0.0296875
0 0.228125 0.5546875 0.028125 0.04375
0 0.38125 0.540625 0.021875 0.0296875
0 0.26796875 0.55234375 0.0265625 0.034375
0 0.75859375 0.50078125 0.0171875 0.0375
0 0.328125 0.5484375 0.021875 0.0390625
0 0.89453125 0.4890625 0.028125 0.04375
0 0.60703125 0.52109375 0.028125 0.04375
0 0.76796875 0.50390625 0.028125 0.04375
0 0.10234375 0.5765625 0.0265625 0.034375
0 0.5890625 0.52734375 0.021875 0.0390625
0 0.68125 0.52265625 0.021875 0.0390625
0 0.9875 0.52734375 0.025 0.0296875
0 0.140625 0.6265625 0.0328125 0.053125
0 0.30703125 0.61796875 0.028125 0.0484375
0 0.99140625 0.546875 0.0171875 0.034375
0 0.40078125 0.61953125 0.0375 0.0625
0 0.44921875 0.6171875 0.046875 0.0640625
0 0.7765625 0.58515625 0.04375 0.078125
0 0.19453125 0.6484375 0.0328125 0.053125
0 0.85703125 0.58125 0.04375 0.078125
0 0.48828125 0.63203125 0.0421875 0.059375
0 0.24140625 0.6578125 0.021875 0.034375
0 0.578125 0.6484375 0.034375 0.0625
0 0.98828125 0.6125 0.0234375 0.090625
0 0.9578125 0.275 0.00625 0.009375
0 0.93984375 0.27734375 0.00625 0.009375
0 0.87109375 0.28671875 0.00625 0.009375
0 0.85234375 0.28828125 0.00625 0.009375
0 0.9703125 0.27890625 0.00625 0.009375
0 0.896875 0.28828125 0.00625 0.0140625
0 0.92890625 0.28515625 0.00625 0.0140625
0 0.91015625 0.2875 0.00625 0.009375
0 0.81875 0.296875 0.0046875 0.0046875
0 0.86015625 0.2921875 0.0046875 0.0046875
0 0.8859375 0.28984375 0.00625 0.009375
0 0.8765625 0.29296875 0.00625 0.009375
0 0.94296875 0.2859375 0.0046875 0.0046875
0 0.8046875 0.30078125 0.00625 0.009375
0 0.7796875 0.303125 0.0046875 0.0046875
0 0.79140625 0.30234375 0.00625 0.009375
0 0.79375 0.30390625 0.0046875 0.0046875
0 0.80078125 0.303125 0.0046875 0.0046875
0 0.775 0.30625 0.0109375 0.015625
0 0.74765625 0.309375 0.0046875 0.0046875
0 0.73125 0.3109375 0.00625 0.009375
0 0.78671875 0.3046875 0.00625 0.009375
0 0.765625 0.30703125 0.00625 0.009375
0 0.7265625 0.3109375 0.00625 0.009375
0 0.67890625 0.31640625 0.0046875 0.0046875
0 0.91796875 0.29375 0.0109375 0.0203125
0 0.75703125 0.31015625 0.00625 0.009375
0 0.7203125 0.3140625 0.0046875 0.0046875
0 0.7390625 0.3125 0.00625 0.009375
0 0.55 0.33203125 0.00625 0.009375
0 0.86796875 0.2984375 0.00625 0.009375
0 0.67421875 0.32109375 0.0046875 0.0046875
0 0.84453125 0.30390625 0.00625 0.009375
0 0.753125 0.31328125 0.00625 0.0140625
0 0.7109375 0.3171875 0.00625 0.009375
0 0.9484375 0.29296875 0.00625 0.0140625
0 0.715625 0.3171875 0.00625 0.009375
0 0.73671875 0.31484375 0.00625 0.009375
0 0.9734375 0.28984375 0.0109375 0.0109375
0 0.953125 0.29453125 0.00625 0.0140625
0 0.6703125 0.32421875 0.0109375 0.0109375
0 0.5546875 0.3359375 0.0046875 0.0046875
0 0.69140625 0.321875 0.0046875 0.0046875
0 0.59140625 0.334375 0.0109375 0.015625
0 0.6421875 0.32890625 0.0109375 0.015625
0 0.6609375 0.3265625 0.00625 0.009375
0 0.9578125 0.2953125 0.00625 0.0140625
0 0.54140625 0.3390625 0.00625 0.009375
0 0.5296875 0.340625 0.0046875 0.0046875
0 0.65859375 0.32734375 0.00625 0.0140625
0 0.69609375 0.3234375 0.00625 0.009375
0 0.83125 0.30859375 0.0171875 0.0296875
0 0.9046875 0.30078125 0.0125 0.025
0 0.5390625 0.33984375 0.0046875 0.0046875
0 0.70078125 0.32265625 0.00625 0.009375
0 0.815625 0.3125 0.00625 0.0140625
0 0.825 0.31171875 0.00625 0.0140625
0 0.6890625 0.32578125 0.00625 0.009375
0 0.878125 0.30625 0.0109375 0.0203125
0 0.96484375 0.296875 0.00625 0.009375
0 0.5671875 0.3390625 0.00625 0.0140625
0 0.11328125 0.38671875 0.00625 0.0140625
0 0.53203125 0.34296875 0.00625 0.009375
0 0.5140625 0.34453125 0.00625 0.009375
0 0.6109375 0.334375 0.00625 0.0140625
0 0.64921875 0.33046875 0.00625 0.009375
0 0.51875 0.34609375 0.00625 0.009375
0 0.58046875 0.33984375 0.0046875 0.0046875
0 0.625 0.33515625 0.0109375 0.0109375
0 0.48203125 0.35 0.00625 0.009375
0 0.55546875 0.3421875 0.00625 0.009375
0 0.615625 0.3359375 0.00625 0.009375
0 0.72578125 0.325 0.00625 0.0140625
0 0.6015625 0.3375 0.00625 0.0140625
0 0.8453125 0.31171875 0.0109375 0.015625
0 0.5484375 0.34296875 0.00625 0.009375
0 0.5625 0.34140625 0.00625 0.009375
0 0.57421875 0.340625 0.00625 0.009375
0 0.94296875 0.3015625 0.0171875 0.025
0 0.47265625 0.3515625 0.00625 0.009375
0 0.28828125 0.3703125 0.00625 0.009375
0 0.39609375 0.359375 0.00625 0.009375
0 0.41953125 0.35703125 0.00625 0.009375
0 0.69609375 0.328125 0.00625 0.009375
0 0.36015625 0.36328125 0.00625 0.009375
0 0.3234375 0.3671875 0.0046875 0.0046875
0 0.7421875 0.32265625 0.00625 0.0140625
0 0.853125 0.31328125 0.00625 0.009375
0 0.11875 0.390625 0.00625 0.009375
0 0.14375 0.38828125 0.00625 0.009375
0 0.3625 0.36484375 0.00625 0.009375
0 0.4015625 0.3609375 0.00625 0.009375
0 0.43359375 0.3578125 0.00625 0.009375
0 0.46796875 0.35390625 0.00625 0.009375
0 0.12578125 0.38984375 0.00625 0.009375
0 0.1421875 0.38828125 0.00625 0.009375
0 0.45390625 0.35546875 0.00625 0.009375
0 0.5703125 0.34375 0.00625 0.009375
0 0.67578125 0.33203125 0.00625 0.0140625
0 0.353125 0.36640625 0.00625 0.009375
0 0.4609375 0.3546875 0.00625 0.009375
0 0.89375 0.309375 0.0109375 0.015625
0 0.5515625 0.3453125 0.00625 0.009375
0 0.66640625 0.33359375 0.00625 0.009375
0 0.29296875 0.37265625 0.00625 0.009375
0 0.31171875 0.3703125 0.00625 0.009375
0 0.5078125 0.35 0.00625 0.009375
0 0.6875 0.33359375 0.00625 0.009375
0 0.1484375 0.38984375 0.00625 0.009375
0 0.04296875 0.4015625 0.0109375 0.015625
0 0.303125 0.3734375 0.00625 0.009375
0 0.41328125 0.3625 0.00625 0.009375
0 0.040625 0.4015625 0.00625 0.009375
0 0.153125 0.38984375 0.00625 0.009375
0 0.26796875 0.37734375 0.00625 0.009375
0 0.0265625 0.403125 0.0109375 0.0203125
0 0.71953125 0.3296875 0.00625 0.0140625
0 0.53984375 0.34921875 0.00625 0.009375
0 0.1578125 0.3890625 0.00625 0.009375
0 0.17421875 0.3875 0.00625 0.009375
0 0.5859375 0.34375 0.00625 0.009375
0 0.73359375 0.32890625 0.00625 0.009375
0 0.05390625 0.4 0.00625 0.009375
0 0.8046875 0.32109375 0.0171875 0.025
0 0.2796875 0.37890625 0.00625 0.009375
0 0.79140625 0.325 0.009375 0.00625
0 0.86015625 0.31796875 0.0109375 0.0203125
0 0.1625 0.390625 0.0046875 0.0046875
0 0.06171875 0.4015625 0.0046875 0.0046875
0 0.1671875 0.390625 0.0046875 0.0046875
0 0.3515625 0.37109375 0.0046875 0.0046875
0 0.03359375 0.4046875 0.00625 0.0140625
0 0.50625 0.3546875 0.0046875 0.0046875
0 0.00234375 0.4078125 0.0046875 0.015625
0 0.43203125 0.3625 0.0046875 0.0046875
0 0.9703125 0.30625 0.0046875 0.0046875
0 0.92265625 0.31328125 0.0109375 0.015625
0 0.1859375 0.390625 0.00625 0.009375
0 0.215625 0.3875 0.00625 0.0140625
0 0.765625 0.3296875 0.0171875 0.025
0 0.93203125 0.3125 0.0109375 0.015625
0 0.18125 0.39140625 0.00625 0.009375
0 0.4046875 0.36796875 0.00625 0.009375
0 0.64140625 0.34296875 0.0109375 0.015625
0 0.17890625 0.39140625 0.00625 0.009375
0 0.978125 0.3078125 0.0109375 0.015625
0 0.49921875 0.36015625 0.00625 0.009375
0 0.06875 0.40546875 0.00625 0.009375
0 0.72734375 0.3359375 0.00625 0.009375
0 0.0640625 0.40625 0.00625 0.009375
0 0.53125 0.35703125 0.00625 0.0140625
0 0.084375 0.40390625 0.00625 0.009375
0 0.775 0.33125 0.0171875 0.0296875
0 0.60546875 0.34921875 0.0109375 0.015625
0 0.7390625 0.33515625 0.00625 0.009375
0 0.2203125 0.38984375 0.00625 0.009375
0 0.85625 0.325 0.00625 0.0140625
0 0.29921875 0.38359375 0.00625 0.009375
0 0.7 0.34140625 0.0109375 0.015625
0 0.3890625 0.37421875 0.00625 0.0140625
0 0.23203125 0.390625 0.00625 0.009375
0 0.5171875 0.3609375 0.0046875 0.0046875
0 0.1171875 0.403125 0.00625 0.009375
0 0.209375 0.39296875 0.00625 0.009375
0 0.278125 0.3859375 0.00625 0.009375
0 0.6265625 0.34921875 0.0109375 0.015625
0 0.8265625 0.328125 0.0109375 0.0203125
0 0.1609375 0.3984375 0.00625 0.009375
0 0.66015625 0.3453125 0.0109375 0.015625
0 0.95703125 0.31484375 0.0109375 0.015625
0 0.009375 0.4140625 0.00625 0.009375
0 0.490625 0.36328125 0.015625 0.0203125
0 0.525 0.3625 0.00625 0.0140625
0 0.7578125 0.3375 0.0171875 0.025
0 0.56640625 0.3578125 0.00625 0.0140625
0 0.70625 0.34296875 0.0109375 0.0203125
0 0.96484375 0.31640625 0.00625 0.009375
0 0.15625 0.40078125 0.00625 0.009375
0 0.30625 0.38515625 0.00625 0.009375
0 0.28515625 0.3875 0.00625 0.009375
0 0.4453125 0.37265625 0.0109375 0.0109375
0 0.61953125 0.3546875 0.0109375 0.0203125
0 0.48125 0.36953125 0.0109375 0.015625
0 0.19609375 0.39921875 0.0046875 0.0046875
0 0.20703125 0.39765625 0.0046875 0.0046875
0 0.26328125 0.3921875 0.00625 0.0140625
0 0.41484375 0.3765625 0.00625 0.0140625
0 0.63359375 0.353125 0.0109375 0.015625
0 0.325 0.3859375 0.0046875 0.0046875
0 0.403125 0.37734375 0.0046875 0.0046875
0 0.7375 0.3421875 0.0109375 0.015625
0 0.728125 0.34296875 0.00625 0.009375
0 0.69375 0.34921875 0.0171875 0.025
0 0.16875 0.4046875 0.00625 0.0140625
0 0.25859375 0.3953125 0.00625 0.0140625
0 0.65859375 0.353125 0.00625 0.0140625
0 0.1828125 0.403125 0.00625 0.009375
0 0.421875 0.378125 0.00625 0.009375
0 0.553125 0.3640625 0.00625 0.009375
0 0.5765625 0.36171875 0.0109375 0.015625
0 0.5828125 0.3609375 0.0109375 0.015625
0 0.675 0.3515625 0.021875 0.0296875
0 0.93125 0.32421875 0.0109375 0.0203125
0 0.14375 0.40703125 0.00625 0.0140625
0 0.4265625 0.37734375 0.0109375 0.015625
0 0.475 0.371875 0.0109375 0.015625
0 0.46328125 0.3734375 0.0109375 0.015625
0 0.371875 0.38515625 0.00625 0.009375
0 0.3765625 0.38515625 0.00625 0.009375
0 0.51875 0.3703125 0.00625 0.0140625
0 0.65234375 0.35625 0.00625 0.0140625
0 0.45859375 0.3765625 0.0171875 0.025
0 0.3390625 0.3890625 0.00625 0.009375
0 0.09765625 0.4140625 0.00625 0.009375
0 0.43828125 0.378125 0.0109375 0.015625
0 0.58984375 0.3625 0.00625 0.009375
0 0.13203125 0.4109375 0.00625 0.009375
0 0.26953125 0.39609375 0.00625 0.009375
0 0.38359375 0.384375 0.00625 0.009375
0 0.59453125 0.36171875 0.00625 0.0140625
0 0.18984375 0.4046875 0.00625 0.0140625
0 0.51484375 0.3703125 0.0109375 0.0203125
0 0.2171875 0.40390625 0.00625 0.009375
0 0.390625 0.3859375 0.00625 0.0140625
0 0.50078125 0.37421875 0.0125 0.025
0 0.51015625 0.3734375 0.00625 0.01875
0 0.54921875 0.36953125 0.0109375 0.015625
0 0.2453125 0.40078125 0.00625 0.009375
0 0.36015625 0.3890625 0.00625 0.009375
0 0.46796875 0.37734375 0.0109375 0.015625
0 0.28671875 0.396875 0.00625 0.009375
0 0.15546875 0.4109375 0.0046875 0.0046875
0 0.20390625 0.40546875 0.00625 0.009375
0 0.37890625 0.3890625 0.00625 0.009375
0 0.2796875 0.4 0.00625 0.009375
0 0.35625 0.3921875 0.00625 0.0140625
0 0.78828125 0.34609375 0.0171875 0.0296875
0 0.31484375 0.39609375 0.0109375 0.015625
0 0.34453125 0.39296875 0.00625 0.009375
0 0.1375 0.41484375 0.0125 0.025
0 0.40625 0.38671875 0.00625 0.0140625
0 0.81875 0.34296875 0.0171875 0.025
0 0.2109375 0.40703125 0.00625 0.009375
0 0.221875 0.40625 0.00625 0.009375
0 0.39765625 0.38984375 0.0109375 0.015625
0 0.41328125 0.38828125 0.00625 0.0140625
0 0.53125 0.37578125 0.00625 0.01875
0 0.17890625 0.4125 0.00625 0.0140625
0 0.24140625 0.40625 0.00625 0.009375
0 0.003125 0.43046875 0.00625 0.0109375
0 0.16484375 0.4140625 0.00625 0.009375
0 0.434375 0.3859375 0.015625 0.0203125
0 0.565625 0.371875 0.0109375 0.0203125
0 0.171875 0.41328125 0.00625 0.009375
0 0.26640625 0.40390625 0.00625 0.009375
0 0.71953125 0.35625 0.0171875 0.025
0 0.11484375 0.41953125 0.00625 0.009375
0 0.09140625 0.42421875 0.0109375 0.015625
0 0.3515625 0.396875 0.00625 0.009375
0 0.253125 0.40703125 0.0046875 0.0046875
0 0.97109375 0.33203125 0.0109375 0.0109375
0 0.19765625 0.41328125 0.00625 0.0140625
0 0.10546875 0.425 0.0109375 0.0203125
0 0.21796875 0.41328125 0.00625 0.009375
0 0.3015625 0.4046875 0.0109375 0.015625
0 0.06015625 0.4296875 0.0109375 0.0109375
0 0.2578125 0.409375 0.00625 0.0140625
0 0.0828125 0.42734375 0.0109375 0.015625
0 0.12421875 0.4234375 0.00625 0.0140625
0 0.29453125 0.40546875 0.00625 0.01875
0 0.36328125 0.3984375 0.0109375 0.0109375
0 0.3703125 0.39765625 0.00625 0.01875
0 0.3875 0.39765625 0.015625 0.0203125
0 0.54296875 0.38125 0.015625 0.0203125
0 0.01640625 0.43671875 0.00625 0.009375
0 0.071875 0.43125 0.0109375 0.0109375
0 0.0390625 0.434375 0.0109375 0.0109375
0 0.19140625 0.41875 0.00625 0.0140625
0 0.2078125 0.4171875 0.00625 0.0140625
0 0.734375 0.3640625 0.0171875 0.0296875
0 0.15 0.425 0.00625 0.009375
0 0.15625 0.42421875 0.00625 0.01875
0 0.01015625 0.43984375 0.0109375 0.015625
0 0.3828125 0.40078125 0.00625 0.0140625
0 0.18203125 0.421875 0.00625 0.0140625
0 0.325 0.40703125 0.0125 0.025
0 0.025 0.43828125 0.0109375 0.0109375
0 0.16328125 0.4234375 0.00625 0.0140625
0 0.3984375 0.4015625 0.0109375 0.015625
0 0.4546875 0.3953125 0.015625 0.0203125
0 0.45859375 0.3953125 0.0125 0.025
0 0.421875 0.39921875 0.015625 0.0203125
0 0.115625 0.43125 0.00625 0.0140625
0 0.0078125 0.4421875 0.00625 0.009375
0 0.37578125 0.40390625 0.0109375 0.015625
0 0.309375 0.41328125 0.0109375 0.0203125
0 0.334375 0.4109375 0.00625 0.0140625
0 0.34375 0.409375 0.0171875 0.025
0 0.2265625 0.42421875 0.0109375 0.015625
0 0.51953125 0.39375 0.0171875 0.025
0 0.47265625 0.3984375 0.015625 0.0203125
0 0.00234375 0.44765625 0.0046875 0.0109375
0 0.05390625 0.44453125 0.0109375 0.0203125
0 0.4015625 0.40859375 0.015625 0.0203125
0 0.03125 0.446875 0.0109375 0.015625
0 0.08828125 0.44140625 0.0109375 0.0203125
0 0.1234375 0.4375 0.0171875 0.025
0 0.10234375 0.43984375 0.015625 0.0203125
0 0.2453125 0.425 0.0109375 0.0203125
0 0.07578125 0.446875 0.0109375 0.0203125
0 0.04765625 0.45 0.0109375 0.0203125
0 0.284375 0.425 0.015625 0.0203125
0 0.278125 0.428125 0.0125 0.025
0 0.26953125 0.4328125 0.0171875 0.0296875
0 0.9671875 0.36015625 0.0109375 0.0203125
0 0.97890625 0.36328125 0.0109375 0.015625
0 0.36640625 0.42734375 0.021875 0.025
0 0.02578125 0.465625 0.0109375 0.015625
0 0.634375 0.4234375 0.0109375 0.0109375
0 0.8859375 0.4015625 0.0171875 0.025
0 0.59296875 0.434375 0.0109375 0.0203125
0 0.60234375 0.43359375 0.0109375 0.015625
0 0.6375 0.434375 0.0109375 0.0109375
0 0.865625 0.41015625 0.0171875 0.025
0 0.57578125 0.440625 0.0109375 0.0203125
0 0.19609375 0.48359375 0.015625 0.0203125
0 0.234375 0.47890625 0.0109375 0.015625
0 0.6609375 0.43671875 0.0109375 0.0109375
0 0.62421875 0.440625 0.0125 0.025
0 0.87734375 0.41640625 0.0171875 0.025
0 0.5671875 0.44921875 0.0171875 0.025
0 0.63125 0.4421875 0.0109375 0.0203125
0 0.64140625 0.44609375 0.015625 0.0203125
0 0.703125 0.4390625 0.0171875 0.025
0 0.29765625 0.48203125 0.0109375 0.015625
0 0.18046875 0.496875 0.0109375 0.015625
0 0.0109375 0.51484375 0.0109375 0.015625
0 0.30703125 0.48359375 0.0109375 0.0109375
0 0.659375 0.4484375 0.015625 0.0203125
0 0.98203125 0.41484375 0.0171875 0.0328125
0 0.234375 0.49609375 0.0109375 0.0203125
0 0.2046875 0.49921875 0.0109375 0.015625
0 0.025 0.51953125 0.015625 0.0203125
0 0.63984375 0.4546875 0.0125 0.025
0 0.6140625 0.45703125 0.0171875 0.025
0 0.01640625 0.52265625 0.015625 0.0203125
0 0.2484375 0.4984375 0.0109375 0.0203125
0 0.17265625 0.50625 0.0078125 0.0234375
0 0.22734375 0.50234375 0.0109375 0.0203125
0 0.4859375 0.47578125 0.0171875 0.025
0 0.1796875 0.51015625 0.015625 0.0203125
0 0.5390625 0.47265625 0.021875 0.025
0 0.9515625 0.42890625 0.0265625 0.034375
0 0.14375 0.51640625 0.0171875 0.025
0 0.37578125 0.4921875 0.0109375 0.0109375
0 0.21484375 0.5109375 0.0109375 0.0203125
0 0.3 0.50234375 0.0125 0.025
0 0.196875 0.51328125 0.0171875 0.025
0 0.77734375 0.4546875 0.0203125 0.0109375
0 0.221875 0.5125 0.00625 0.01875
0 0.24296875 0.5109375 0.0125 0.025
0 0.8234375 0.44921875 0.021875 0.025
0 0.40234375 0.49609375 0.021875 0.034375
0 0.31015625 0.5078125 0.0171875 0.025
0 0.49921875 0.490625 0.021875 0.0296875
0 0.53125 0.4875 0.0078125 0.0234375
0 0.4671875 0.49375 0.0171875 0.025
0 0.44609375 0.49609375 0.0171875 0.025
0 0.453125 0.4953125 0.015625 0.0203125
0 0.8078125 0.45859375 0.021875 0.034375
0 0.2484375 0.51953125 0.0125 0.025
0 0.75703125 0.465625 0.021875 0.0296875
0 0.41875 0.50390625 0.0171875 0.025
0 0.61015625 0.48359375 0.021875 0.0296875
0 0.4609375 0.49921875 0.0171875 0.0296875
0 0.23515625 0.52578125 0.0171875 0.025
0 0.48359375 0.5015625 0.021875 0.0296875
0 0.41015625 0.51171875 0.015625 0.0203125
0 0.91875 0.45859375 0.0234375 0.04375
0 0.54375 0.49765625 0.021875 0.0390625
0 0.19375 0.534375 0.021875 0.0296875
0 0.38046875 0.51484375 0.0265625 0.0296875
0 0.7796875 0.47734375 0.021875 0.0390625