0 0.59453125 0.24765625 0.096875 0.165625
0 0.68203125 0.25234375 0.0453125 0.0765625
0 0.990625 0.275 0.01875 0.084375
0 0.7984375 0.28671875 0.05625 0.11875
0 0.7703125 0.2984375 0.05625 0.1140625
0 0.72265625 0.33359375 0.0703125 0.11875
0 0.07890625 0.30390625 0.078125 0.165625
0 0.9546875 0.359375 0.0734375 0.165625
0 0.8140625 0.39140625 0.065625 0.11875
0 0.3 0.42421875 0.115625 0.2
0 0.40078125 0.54296875 0.0921875 0.1578125
0 0.8125 0.69453125 0.0859375 0.1484375
0 0.26015625 0.071875 0.0765625 0.14375
0 0.55078125 0.11328125 0.0796875 0.11875
0 0.14921875 0.1109375 0.0875 0.1578125
0 0.0515625 0.121875 0.0609375 0.0953125
0 0.37890625 0.15234375 0.0765625 0.146875
0 0.64921875 0.18046875 0.065625 0.109375
0 0.22734375 0.17265625 0.05625 0.1140625
0 0.4578125 0.196875 0.071875 0.128125
0 0.8578125 0.221875 0.0609375 0.11875
0 0.90859375 0.234375 0.0515625 0.103125