0 0.2828125 0.04609375 0.021875 0.0375
0 0.0609375 0.06171875 0.015625 0.0296875
0 0.81796875 0.296875 0.021875 0.0515625
0 0.53828125 0.31875 0.0171875 0.0375
0 0.25703125 0.34296875 0.015625 0.0328125
0 0.27734375 0.34140625 0.015625 0.0328125
0 0.77421875 0.30703125 0.021875 0.0375
0 0.03984375 0.3609375 0.021875 0.0375
0 0.428125 0.3359375 0.015625 0.0328125
0 0.23671875 0.34921875 0.021875 0.0375
0 0.5828125 0.3296875 0.021875 0.046875
0 0.078125 0.3671875 0.0171875 0.0375
0 0.93046875 0.3125 0.021875 0.0375
0 0.70625 0.3296875 0.015625 0.0296875
0 0.3046875 0.3578125 0.015625 0.0328125
0 0.959375 0.0109375 0.0125 0.021875
0 0.0125 0.06953125 0.0203125 0.0296875
0 0.96953125 0.31796875 0.021875 0.0375
0 0.3578125 0.3609375 0.0203125 0.025
0 0.159375 0.3796875 0.015625 0.0328125
0 0.49921875 0.35625 0.015625 0.0328125
0 0.665625 0.34453125 0.021875 0.0375
0 0.61953125 0.35 0.0171875 0.0375
0 0.471875 0.3625 0.0265625 0.0421875
0 0.86640625 0.33515625 0.0203125 0.0328125
0 0.3890625 0.3703125 0.021875 0.0375
0 0.9015625 0.33515625 0.021875 0.0375
0 0.7421875 0.3484375 0.021875 0.046875
0 0.11875 0.39453125 0.0171875 0.0375
0 0.88125 0.34296875 0.0203125 0.0296875
0 0.00625 0.41171875 0.0125 0.0328125
0 0.89375 0.01171875 0.015625 0.0234375
0 0.20703125 0.41640625 0.015625 0.025
0 0.109375 0.42578125 0.0171875 0.0375
0 0.146875 0.42265625 0.021875 0.0421875
0 0.61796875 0.39453125 0.0265625 0.046875
0 0.33203125 0.41875 0.015625 0.0328125
0 0.51875 0.0390625 0.021875 0.0375
0 0.6234375 0.03203125 0.015625 0.0328125
0 0.85390625 0.01796875 0.0171875 0.0359375
0 0.3 0.428125 0.021875 0.0375
0 0.4203125 0.421875 0.0203125 0.0328125
0 0.690625 0.4078125 0.021875 0.0375
0 0.25703125 0.44296875 0.021875 0.046875
0 0.8828125 0.3984375 0.021875 0.046875
0 0.37734375 0.434375 0.021875 0.0421875
0 0.49296875 0.43046875 0.021875 0.0375
0 0.52734375 0.43046875 0.021875 0.0375
0 0.9734375 0.40390625 0.021875 0.0375
0 0.1859375 0.459375 0.0203125 0.0296875
0 0.57734375 0.43671875 0.021875 0.0375
0 0.81484375 0.4203125 0.0203125 0.025
0 0.2234375 0.46171875 0.021875 0.0375
0 0.8515625 0.4171875 0.021875 0.0421875
0 0.91171875 0.415625 0.021875 0.0375
0 0.6578125 0.4359375 0.021875 0.0421875
0 0.72734375 0.43359375 0.0171875 0.0421875
0 0.46484375 0.45625 0.015625 0.0328125
0 0.065625 0.49609375 0.0171875 0.0375
0 0.0359375 0.5015625 0.021875 0.0375
0 0.0515625 0.52421875 0.021875 0.0375
0 0.52578125 0.49609375 0.0203125 0.0296875
0 0.83046875 0.4765625 0.03125 0.0578125
0 0.35703125 0.5125 0.021875 0.0375
0 0.4546875 0.5078125 0.0171875 0.0375
0 0.1796875 0.5296875 0.021875 0.0375
0 0.66640625 0.4953125 0.0171875 0.0375
0 0.565625 0.51171875 0.021875 0.0421875
0 0.86796875 0.490625 0.021875 0.0375
0 0.134375 0.5421875 0.021875 0.0515625
0 0.31875 0.53125 0.015625 0.0328125
0 0.7 0.50703125 0.0171875 0.0375
0 0.096875 0.5515625 0.0171875 0.0375
0 0.746875 0.5109375 0.021875 0.0515625
0 0.79296875 0.51015625 0.021875 0.0375
0 0.21640625 0.55234375 0.0203125 0.0296875
0 0.403125 0.54140625 0.021875 0.0375
0 0.49296875 0.5375 0.021875 0.0375
0 0.91328125 0.5078125 0.0203125 0.0328125
0 0.29453125 0.5515625 0.0171875 0.0375
0 0.6390625 0.52734375 0.021875 0.0515625
0 0.95078125 0.50546875 0.0171875 0.0421875
0 0.97578125 0.50625 0.015625 0.0296875
0 0.63125 0.553125 0.015625 0.0296875
0 0.50546875 0.5765625 0.015625 0.0296875
0 0.2609375 0.59609375 0.0265625 0.0421875
0 0.85625 0.55390625 0.021875 0.0421875
0 0.08125 0.61328125 0.021875 0.0375
0 0.6625 0.57734375 0.021875 0.0375
0 0.20390625 0.6140625 0.0265625 0.0515625
0 0.24296875 0.6109375 0.021875 0.0375
0 0.8921875 0.565625 0.021875 0.0375
0 0.92421875 0.56484375 0.021875 0.0515625
0 0.58828125 0.59296875 0.021875 0.0421875
0 0.63125 0.590625 0.015625 0.0328125
0 0.4328125 0.60625 0.0171875 0.0515625
0 0.12578125 0.628125 0.021875 0.0375
0 0.36796875 0.06796875 0.015625 0.0296875
0 0.35234375 0.61484375 0.021875 0.0375
0 0.54453125 0.60546875 0.0203125 0.0296875
0 0.28125 0.62421875 0.021875 0.0375
0 0.7 0.59921875 0.021875 0.0375
0 0.80078125 0.5921875 0.0171875 0.0421875
0 0.7484375 0.5984375 0.021875 0.0375
0 0.3125 0.6359375 0.0171875 0.0375
0 0.46953125 0.625 0.021875 0.0375
0 0.3953125 0.63046875 0.021875 0.0375
0 0.16484375 0.64609375 0.0265625 0.0375
0 0.77421875 0.0421875 0.021875 0.0375
0 0.15546875 0.0875 0.015625 0.0296875
0 0.0296875 0.70234375 0.021875 0.0375
0 0.10625 0.7015625 0.0203125 0.0328125
0 0.96953125 0.64140625 0.021875 0.0421875
0 0.83359375 0.6578125 0.015625 0.0296875
0 0.875 0.6546875 0.015625 0.0296875
0 0.3515625 0.69609375 0.015625 0.0296875
0 0.3046875 0.7015625 0.021875 0.0375
0 0.93359375 0.66015625 0.021875 0.0375
0 0.27578125 0.70859375 0.021875 0.0375
0 0.05625 0.7234375 0.0203125 0.0328125
0 0.45546875 0.69609375 0.021875 0.0515625
0 0.7421875 0.678125 0.0265625 0.0421875
0 0.6984375 0.68359375 0.021875 0.0421875
0 0.9046875 0.67109375 0.021875 0.0375
0 0.66171875 0.68828125 0.021875 0.0421875
0 0.5375 0.69921875 0.021875 0.0421875
0 0.228125 0.7234375 0.0203125 0.0296875
0 0.58125 0.6984375 0.0171875 0.0421875
0 0.9953125 0.66875 0.009375 0.0375
0 0.615625 0.6984375 0.021875 0.0515625
0 0.49609375 0.709375 0.0265625 0.0375
0 0.78984375 0.6890625 0.021875 0.0375
0 0.19375 0.7328125 0.021875 0.0375
0 0.421875 0.7171875 0.021875 0.046875
0 0.38359375 0.728125 0.021875 0.0421875
0 0.81953125 0.7234375 0.021875 0.0375
0 0.6515625 0.73984375 0.0171875 0.0515625
0 0.12734375 0.78125 0.021875 0.046875
0 0.69140625 0.746875 0.015625 0.0296875
0 0.2375 0.09609375 0.021875 0.0421875
0 0.3390625 0.0890625 0.0171875 0.0421875
0 0.71796875 0.0625 0.015625 0.0296875
0 0.44453125 0.77109375 0.0265625 0.05625
0 0.27890625 0.7875 0.021875 0.0421875
0 0.25078125 0.79375 0.03125 0.053125
0 0.59765625 0.76953125 0.0109375 0.01875
0 0.4890625 0.78203125 0.0171875 0.0375
0 0.41640625 0.790625 0.021875 0.0375
0 0.2171875 0.8046875 0.015625 0.025
0 0.525 0.7859375 0.0265625 0.0421875
0 0.0515625 0.82109375 0.021875 0.046875
0 0.1203125 0.10703125 0.0203125 0.0296875
0 0.73828125 0.778125 0.021875 0.0375
0 0.85546875 0.76953125 0.021875 0.0421875
0 0.9359375 0.7640625 0.021875 0.0375
0 0.3640625 0.80625 0.021875 0.0515625
0 0.96875 0.7640625 0.0171875 0.0375
0 0.89296875 0.77421875 0.021875 0.0375
0 0.08671875 0.8328125 0.021875 0.0375
0 0.80703125 0.78203125 0.0171875 0.0375
0 0.7703125 0.7875 0.021875 0.0375
0 0.178125 0.83125 0.0171875 0.0421875
0 0.328125 0.834375 0.021875 0.0421875
0 0.99453125 0.7890625 0.0109375 0.0375
0 0.8765625 0.81015625 0.021875 0.0515625
0 0.71171875 0.8375 0.021875 0.0375
0 0.95390625 0.82265625 0.0171875 0.0375
0 0.47421875 0.85859375 0.021875 0.0421875
0 0.59921875 0.8546875 0.0203125 0.0328125
0 0.278125 0.88203125 0.0203125 0.0296875
0 0.0796875 0.90078125 0.021875 0.0375
0 0.24453125 0.8890625 0.021875 0.0375
0 0.8421875 0.84765625 0.021875 0.0421875
0 0.3625 0.8828125 0.021875 0.0375
0 0.396875 0.88046875 0.0265625 0.0421875
0 0.440625 0.878125 0.021875 0.0421875
0 0.55625 0.86953125 0.021875 0.0375
0 0.7734375 0.8546875 0.021875 0.0421875
0 0.9140625 0.84453125 0.021875 0.0375
0 0.0390625 0.9078125 0.021875 0.0421875
0 0.8015625 0.85703125 0.021875 0.0421875
0 0.11328125 0.90546875 0.0171875 0.0421875
0 0.63515625 0.87109375 0.0171875 0.046875
0 0.984375 0.84921875 0.021875 0.0375
0 0.20859375 0.9078125 0.021875 0.0375
0 0.3234375 0.9 0.021875 0.0421875
0 0.365625 0.09921875 0.0109375 0.0234375
0 0.65625 0.87890625 0.021875 0.0375
0 0.153125 0.91640625 0.0265625 0.0515625
0 0.4625 0.09453125 0.015625 0.0296875
0 0.00859375 0.12578125 0.0171875 0.0328125
0 0.43515625 0.0125 0.0203125 0.0203125
0 0.25546875 0.02734375 0.015625 0.025
0 0.0875 0.0390625 0.0203125 0.025
0 0.61328125 0.08828125 0.0125 0.0375
0 0.04453125 0.12734375 0.021875 0.0375
0 0.50234375 0.0984375 0.015625 0.0296875
0 0.6875 0.08515625 0.0171875 0.0375
0 0.76015625 0.0796875 0.015625 0.0328125
0 0.83203125 0.075 0.0171875 0.0375
0 0.90859375 0.06953125 0.021875 0.0375
0 0.57578125 0.0953125 0.015625 0.0328125
0 0.64765625 0.09296875 0.021875 0.046875
0 0.78203125 0.08359375 0.015625 0.0328125
0 0.865625 0.0796875 0.0203125 0.0296875
0 0.19765625 0.12890625 0.0203125 0.0328125
0 0.08203125 0.13671875 0.0203125 0.025
0 0.42890625 0.11484375 0.015625 0.0328125
0 0.53984375 0.109375 0.0203125 0.0328125
0 0.946875 0.09296875 0.0203125 0.0296875
0 0.56484375 0.13359375 0.015625 0.025
0 0.01796875 0.17890625 0.015625 0.0296875
0 0.18515625 0.0375 0.0203125 0.0328125
0 0.4734375 0.0171875 0.015625 0.025
0 0.37265625 0.1671875 0.015625 0.0296875
0 0.6796875 0.14609375 0.021875 0.046875
0 0.18359375 0.1828125 0.0203125 0.0328125
0 0.259375 0.1828125 0.0265625 0.0375
0 0.90859375 0.1390625 0.015625 0.0328125
0 0.96171875 0.1359375 0.0171875 0.0375
0 0.93671875 0.13984375 0.0171875 0.0375
0 0.528125 0.1703125 0.021875 0.0375
0 0.4453125 0.18125 0.021875 0.0375
0 0.59765625 0.1703125 0.021875 0.0375
0 0.10546875 0.2046875 0.0171875 0.0375
0 0.39921875 0.184375 0.0265625 0.0515625
0 0.7203125 0.16171875 0.021875 0.0421875
0 0.071875 0.20703125 0.0109375 0.0328125
0 0.33671875 0.19140625 0.0203125 0.0296875
0 0.64140625 0.16953125 0.0203125 0.0328125
0 0.14765625 0.209375 0.021875 0.0375
0 0.21953125 0.0375 0.0203125 0.0328125
0 0.6609375 0.01328125 0.021875 0.0265625
0 0.22421875 0.2109375 0.021875 0.0375
0 0.83671875 0.1703125 0.0109375 0.01875
0 0.75859375 0.1828125 0.0203125 0.0296875
0 0.7890625 0.18984375 0.021875 0.0375
0 0.890625 0.1875 0.0203125 0.0328125
0 0.5546875 0.01875 0.0203125 0.0328125
0 0.028125 0.05546875 0.015625 0.025
0 0.72265625 0.009375 0.0109375 0.01875
0 0.171875 0.25859375 0.021875 0.0375
0 0.09375 0.26640625 0.015625 0.0328125
0 0.4125 0.2484375 0.0203125 0.0296875
0 0.03203125 0.28203125 0.0109375 0.028125
0 0.909375 0.22109375 0.0171875 0.0375
0 0.73203125 0.01328125 0.0171875 0.0265625
0 0.8046875 0.009375 0.015625 0.01875
0 0.3140625 0.03984375 0.021875 0.0375
0 0.83125 0.23125 0.015625 0.0328125
0 0.31953125 0.26640625 0.015625 0.0296875
0 0.44375 0.2578125 0.015625 0.0328125
0 0.5109375 0.253125 0.03125 0.04375
0 0.9515625 0.225 0.021875 0.0375
0 0.2171875 0.27890625 0.015625 0.0328125
0 0.71171875 0.24375 0.021875 0.0375
0 0.746875 0.24375 0.021875 0.0375
0 0.6703125 0.2515625 0.021875 0.0375
0 0.05859375 0.296875 0.0171875 0.0421875
0 0.4765625 0.2671875 0.0171875 0.0375
0 0.13828125 0.29609375 0.015625 0.0296875
0 0.8703125 0.24921875 0.021875 0.0375
0 0.62578125 0.26875 0.0203125 0.0328125
0 0.36015625 0.28984375 0.0203125 0.0328125
0 0.1390625 0.05234375 0.0203125 0.0328125
0 0.3953125 0.03671875 0.0171875 0.0375