0 0.08984375 0.421875 0.015625 0.0234375
0 0.0484375 0.42421875 0.0140625 0.0140625
0 0.06015625 0.42578125 0.0109375 0.01875
0 0.01640625 0.428125 0.0140625 0.0140625
0 0.1828125 0.42578125 0.0203125 0.0296875
0 0.10234375 0.4328125 0.0203125 0.025
0 0.27734375 0.4234375 0.015625 0.0234375
0 0.346875 0.41953125 0.0140625 0.0140625
0 0.2984375 0.421875 0.015625 0.01875
0 0.315625 0.4234375 0.0203125 0.025
0 0.36796875 0.42109375 0.015625 0.01875
0 0.215625 0.42890625 0.015625 0.01875
0 0.11640625 0.4390625 0.025 0.025
0 0.07265625 0.44140625 0.015625 0.0234375
0 0.28984375 0.4296875 0.0203125 0.025
0 0.2046875 0.434375 0.015625 0.0234375
0 0.24609375 0.43203125 0.0203125 0.025
0 0.04921875 0.4421875 0.0203125 0.025
0 0.475 0.42265625 0.025 0.0203125
0 0.4015625 0.42578125 0.015625 0.01875
0 0.09375 0.44453125 0.015625 0.0234375
0 0.13359375 0.4421875 0.015625 0.0234375
0 0.2296875 0.4375 0.0203125 0.0203125
0 0.334375 0.43671875 0.0203125 0.025
0 0.3578125 0.43984375 0.0203125 0.0296875
0 0.390625 0.43828125 0.0140625 0.0140625
0 0.16796875 0.45 0.0203125 0.0375
0 0.028125 0.4625 0.0296875 0.0328125
0 0.21875 0.4546875 0.0140625 0.0140625
0 0.115625 0.4625 0.0203125 0.025
0 0.46875 0.44609375 0.025 0.0296875
0 0.43046875 0.45078125 0.0203125 0.025
0 0.090625 0.46796875 0.015625 0.028125
0 0.23359375 0.46328125 0.0203125 0.0296875
0 0.0515625 0.475 0.025 0.0296875
0 0.1484375 0.46953125 0.0203125 0.025
0 0.37734375 0.46015625 0.0203125 0.0328125
0 0.39375 0.46171875 0.0203125 0.025
0 0.31015625 0.46640625 0.0203125 0.0296875
0 0.13515625 0.47734375 0.0296875 0.0203125
0 0.253125 0.471875 0.025 0.0328125
0 0.2203125 0.478125 0.0203125 0.025
0 0.3546875 0.4734375 0.025 0.0328125
0 0.3296875 0.47421875 0.025 0.0296875
0 0.19765625 0.48359375 0.0296875 0.025
0 0.3015625 0.4796875 0.01875 0.015625
0 0.10546875 0.48984375 0.0296875 0.0296875
0 0.27890625 0.48125 0.0203125 0.025
0 0.1609375 0.4875 0.025 0.0296875
0 0.04296875 0.49609375 0.0203125 0.0203125
0 0.4296875 0.4828125 0.025 0.0375
0 0.134375 0.50546875 0.0296875 0.0328125
0 0.38828125 0.49375 0.025 0.025
0 0.0484375 0.5140625 0.025 0.0296875
0 0.30546875 0.50078125 0.025 0.025
0 0.2890625 0.50390625 0.015625 0.0234375
0 0.071875 0.515625 0.025 0.0296875
0 0.26171875 0.5078125 0.0296875 0.0296875
0 0.18984375 0.5140625 0.025 0.0375
0 0.01015625 0.528125 0.0203125 0.0328125
0 0.23671875 0.51640625 0.0203125 0.0375
0 0.0953125 0.52578125 0.034375 0.0390625
0 0.475 0.50859375 0.03125 0.05625
0 0.378125 0.515625 0.0296875 0.0328125
0 0.0390625 0.55234375 0.0296875 0.0375
0 0.134375 0.5515625 0.034375 0.0484375
0 0.33046875 0.540625 0.0296875 0.0296875
0 0.39296875 0.53984375 0.0328125 0.0296875
0 0.071875 0.559375 0.0203125 0.0296875
0 0.25703125 0.5515625 0.0296875 0.0375
0 0.38984375 0.56796875 0.0390625 0.0578125
0 0.434375 0.57109375 0.0296875 0.0421875
0 0.15 0.58828125 0.0203125 0.0375
0 0.009375 0.59765625 0.0109375 0.028125
0 0.46484375 0.5734375 0.0390625 0.0625
0 0.33984375 0.5828125 0.0390625 0.0484375
0 0.18515625 0.5953125 0.034375 0.053125
0 0.01953125 0.6109375 0.0203125 0.025
0 0.08359375 0.6078125 0.0390625 0.053125
0 0.54375 0.58359375 0.0546875 0.0765625
0 0.2265625 0.60234375 0.0390625 0.053125
0 0.42109375 0.5921875 0.025 0.0421875
0 0.05546875 0.64140625 0.034375 0.04375
0 0.27265625 0.63203125 0.034375 0.0484375
0 0.32890625 0.6875 0.065625 0.1046875
0 0.2625 0.6953125 0.059375 0.071875
0 0.05859375 0.7921875 0.0796875 0.1046875
0 0.73671875 0.8265625 0.0546875 0.090625
0 0.246875 0.3515625 0.0046875 0.009375
0 0.0828125 0.36484375 0.009375 0.0140625
0 0.09609375 0.365625 0.009375 0.009375
0 0.2515625 0.35703125 0.0046875 0.009375
0 0.10546875 0.36484375 0.009375 0.0140625
0 0.06640625 0.36953125 0.0046875 0.0140625
0 0.2375 0.36015625 0.0046875 0.0140625
0 0.11953125 0.36640625 0.009375 0.0140625
0 0.23046875 0.36328125 0.009375 0.009375
0 0.07890625 0.37109375 0.009375 0.0140625
0 0.2140625 0.3640625 0.0046875 0.009375
0 0.2421875 0.36484375 0.0046875 0.009375
0 0.26328125 0.3640625 0.0046875 0.009375
0 0.2640625 0.36640625 0.0046875 0.009375
0 0.20859375 0.37109375 0.009375 0.0140625
0 0.08984375 0.3796875 0.0140625 0.0140625
0 0.0625 0.38125 0.009375 0.0140625
0 0.221875 0.375 0.0046875 0.0140625
0 0.053125 0.384375 0.009375 0.009375
0 0.28203125 0.371875 0.0046875 0.009375
0 0.11640625 0.3859375 0.009375 0.0140625
0 0.075 0.3875 0.0109375 0.01875
0 0.28984375 0.37890625 0.0109375 0.01875
0 0.27578125 0.3796875 0.009375 0.0140625
0 0.2484375 0.38125 0.0109375 0.01875
0 0.26015625 0.38046875 0.0109375 0.01875
0 0.05859375 0.39296875 0.009375 0.009375
0 0.2390625 0.38359375 0.009375 0.0140625
0 0.08203125 0.39453125 0.009375 0.0140625
0 0.20703125 0.3875 0.015625 0.01875
0 0.0328125 0.396875 0.009375 0.009375
0 0.0046875 0.39765625 0.009375 0.0140625
0 0.109375 0.3953125 0.009375 0.0140625
0 0.04453125 0.3984375 0.0109375 0.01875
0 0.090625 0.3984375 0.0140625 0.0140625
0 0.1953125 0.39296875 0.015625 0.0234375
0 0.2828125 0.38828125 0.009375 0.0140625
0 0.01796875 0.4046875 0.0109375 0.01875
0 0.215625 0.39453125 0.015625 0.01875
0 0.315625 0.3890625 0.015625 0.01875
0 0.18828125 0.39609375 0.0109375 0.0234375
0 0.103125 0.4 0.0109375 0.01875
0 0.00859375 0.4078125 0.009375 0.0140625
0 0.03125 0.40859375 0.0140625 0.0140625
0 0.0640625 0.40703125 0.0109375 0.01875
0 0.2421875 0.39765625 0.0140625 0.0140625
0 0.1453125 0.40546875 0.0109375 0.0234375
0 0.12890625 0.40859375 0.015625 0.0234375
0 0.05 0.4125 0.009375 0.0140625
0 0.27890625 0.40078125 0.015625 0.01875
0 0.30234375 0.4015625 0.015625 0.01875
0 0.15390625 0.409375 0.015625 0.0234375
0 0.1125 0.41171875 0.015625 0.01875
0 0.00703125 0.4171875 0.0140625 0.025
0 0.0578125 0.41640625 0.0140625 0.0140625
0 0.35078125 0.40390625 0.015625 0.01875
0 0.19453125 0.41171875 0.015625 0.01875
0 0.3578125 0.40546875 0.009375 0.0140625
0 0.1640625 0.415625 0.0203125 0.0203125
0 0.02734375 0.4234375 0.009375 0.0140625
0 0.3390625 0.40703125 0.015625 0.01875
0 0.21953125 0.41328125 0.015625 0.0234375
0 0.38125 0.4046875 0.0203125 0.0296875
0 0.2359375 0.4125 0.0140625 0.0140625
0 0.03671875 0.425 0.009375 0.0140625