0 0.1125 0.04765625 0.028125 0.034375
0 0.24453125 0.0734375 0.0265625 0.0265625
0 0.0953125 0.05234375 0.021875 0.0265625
0 0.1515625 0.0671875 0.0265625 0.03125
0 0.34140625 0.096875 0.028125 0.0390625
0 0.1953125 0.07578125 0.0375 0.0453125
0 0.32109375 0.09375 0.021875 0.0265625
0 0.66484375 0.1421875 0.0265625 0.0265625
0 0.49296875 0.1203125 0.021875 0.021875
0 0.08828125 0.065625 0.021875 0.021875
0 0.37578125 0.10625 0.0265625 0.03125
0 0.6015625 0.140625 0.034375 0.0453125
0 0.7484375 0.16328125 0.021875 0.021875
0 0.21875 0.0890625 0.0328125 0.0359375
0 0.6953125 0.15859375 0.0234375 0.034375
0 0.2390625 0.09375 0.025 0.04375
0 0.3609375 0.1109375 0.028125 0.034375
0 0.63125 0.14921875 0.021875 0.0296875
0 0.259375 0.09921875 0.028125 0.0390625
0 0.54140625 0.1390625 0.0234375 0.034375
0 0.0984375 0.07890625 0.0171875 0.0203125
0 0.79765625 0.17734375 0.0171875 0.025
0 0.2953125 0.109375 0.034375 0.0453125
0 0.72421875 0.16953125 0.0171875 0.025
0 0.58125 0.14921875 0.0171875 0.0203125
0 0.6234375 0.15546875 0.021875 0.021875
0 0.0640625 0.07890625 0.025 0.0484375
0 0.55859375 0.1484375 0.0265625 0.03125
0 0.46875 0.13828125 0.0234375 0.034375
0 0.3703125 0.12421875 0.0234375 0.034375
0 0.39375 0.12734375 0.0203125 0.0171875
0 0.1296875 0.090625 0.0234375 0.034375
0 0.95234375 0.20859375 0.021875 0.0296875
0 0.99765625 0.215625 0.0046875 0.034375
0 0.52109375 0.14765625 0.028125 0.0390625
0 0.10859375 0.0921875 0.0265625 0.03125
0 0.49140625 0.14609375 0.034375 0.0453125
0 0.3078125 0.1203125 0.0265625 0.03125
0 0.8921875 0.20234375 0.021875 0.0296875
0 0.70859375 0.1765625 0.0234375 0.0390625
0 0.08125 0.08828125 0.028125 0.034375
0 0.88125 0.203125 0.021875 0.0265625
0 0.75234375 0.18515625 0.0171875 0.0296875
0 0.85078125 0.19921875 0.028125 0.034375
0 0.40859375 0.13671875 0.028125 0.034375
0 0.784375 0.18984375 0.028125 0.034375
0 0.4359375 0.140625 0.028125 0.034375
0 0.68125 0.175 0.034375 0.0453125
0 0.15546875 0.10390625 0.0328125 0.040625
0 0.65078125 0.1734375 0.034375 0.0453125
0 0.90546875 0.2109375 0.0265625 0.0265625
0 0.7359375 0.18671875 0.0296875 0.04375
0 0.865625 0.21015625 0.021875 0.021875
0 0.80625 0.2015625 0.028125 0.0390625
0 0.82578125 0.20625 0.0328125 0.0359375
0 0.3890625 0.1453125 0.0265625 0.0265625
0 0.5703125 0.1703125 0.021875 0.0265625
0 0.9203125 0.21953125 0.021875 0.0296875
0 0.93203125 0.2234375 0.0171875 0.0203125
0 0.9796875 0.23046875 0.01875 0.0390625
0 0.26875 0.13046875 0.028125 0.0390625
0 0.62421875 0.18046875 0.0234375 0.034375
0 0.99375 0.2359375 0.0125 0.034375
0 0.20234375 0.1234375 0.034375 0.0453125
0 0.771875 0.20859375 0.0296875 0.04375
0 0.59765625 0.18671875 0.0328125 0.040625
0 0.865625 0.22890625 0.0328125 0.040625
0 0.95234375 0.240625 0.0234375 0.0390625
0 0.89921875 0.2359375 0.0328125 0.040625
0 0.17265625 0.1359375 0.034375 0.0453125
0 0.5734375 0.19453125 0.0328125 0.0359375
0 0.11953125 0.13359375 0.0328125 0.040625
0 0.309375 0.1625 0.0296875 0.04375
0 0.83515625 0.24140625 0.034375 0.0453125
0 0.284375 0.1703125 0.0234375 0.034375
0 0.05703125 0.14609375 0.0265625 0.03125
0 0.1703125 0.16640625 0.0265625 0.021875
0 0.384375 0.196875 0.0265625 0.03125
0 0.21328125 0.175 0.028125 0.034375
0 0.3484375 0.1953125 0.0265625 0.03125
0 0.07890625 0.16953125 0.0328125 0.040625
0 0.1109375 0.17421875 0.0328125 0.040625
0 0.365625 0.21171875 0.0265625 0.021875
0 0.8921875 0.2859375 0.0265625 0.03125
0 0.328125 0.20703125 0.0265625 0.03125
0 0.2578125 0.196875 0.0171875 0.0296875
0 0.165625 0.1859375 0.0328125 0.040625
0 0.5296875 0.23984375 0.0328125 0.040625
0 0.4671875 0.23359375 0.028125 0.034375
0 0.43515625 0.22890625 0.0265625 0.03125
0 0.4140625 0.228125 0.028125 0.034375
0 0.2875 0.21328125 0.021875 0.0296875
0 0.23046875 0.20703125 0.028125 0.034375
0 0.34921875 0.22421875 0.021875 0.0265625
0 0.3859375 0.22890625 0.021875 0.0265625
0 0.05625 0.18515625 0.0328125 0.0359375
0 0.2078125 0.21328125 0.0328125 0.040625
0 0.36171875 0.23515625 0.0328125 0.0359375
0 0.5703125 0.26484375 0.028125 0.0390625
0 0.4578125 0.2484375 0.0328125 0.040625
0 0.82109375 0.30703125 0.0328125 0.040625
0 0.59921875 0.27578125 0.034375 0.0546875
0 0.8875 0.31875 0.028125 0.0390625
0 0.259375 0.23046875 0.0296875 0.04375
0 0.32578125 0.23984375 0.028125 0.034375
0 0.90390625 0.3234375 0.021875 0.0265625
0 0.9421875 0.32890625 0.03125 0.0265625
0 0.8671875 0.3203125 0.0234375 0.034375
0 0.534375 0.2734375 0.034375 0.05
0 0.99296875 0.34140625 0.0140625 0.0359375
0 0.09765625 0.2171875 0.0328125 0.040625
0 0.9734375 0.33984375 0.0328125 0.0359375
0 0.496875 0.27578125 0.0265625 0.03125
0 0.92109375 0.33515625 0.0328125 0.0359375
0 0.7828125 0.31953125 0.0328125 0.040625
0 0.0390625 0.21953125 0.0125 0.0203125
0 0.14375 0.24140625 0.03125 0.03125
0 0.64296875 0.3140625 0.0328125 0.040625
0 0.92421875 0.35859375 0.0171875 0.025
0 0.7953125 0.3453125 0.034375 0.0453125
0 0.1921875 0.26015625 0.028125 0.0390625
0 0.3390625 0.28125 0.0375 0.05
0 0.84296875 0.35390625 0.0296875 0.04375
0 0.11171875 0.25390625 0.0375 0.05
0 0.55390625 0.31796875 0.021875 0.0296875
0 0.940625 0.37265625 0.034375 0.05
0 0.20703125 0.271875 0.021875 0.021875
0 0.29921875 0.28515625 0.0265625 0.0265625
0 0.390625 0.29765625 0.034375 0.0453125
0 0.03984375 0.25078125 0.025 0.04375
0 0.15078125 0.2734375 0.028125 0.0390625
0 0.2765625 0.29375 0.028125 0.034375
0 0.44140625 0.31640625 0.028125 0.034375
0 0.46875 0.325 0.0265625 0.03125
0 0.22265625 0.2953125 0.0375 0.040625
0 0.396875 0.31953125 0.0265625 0.03125
0 0.303125 0.30703125 0.028125 0.034375
0 0.4125 0.32421875 0.028125 0.0390625
0 0.53671875 0.3421875 0.0234375 0.0390625
0 0.3484375 0.315625 0.0328125 0.040625
0 0.12734375 0.28671875 0.0328125 0.040625
0 0.9140625 0.39765625 0.028125 0.0390625
0 0.17421875 0.29296875 0.0328125 0.040625
0 0.5125 0.34296875 0.0296875 0.04375
0 0.38984375 0.33671875 0.0296875 0.04375
0 0.89140625 0.4078125 0.0328125 0.0359375
0 0.825 0.40078125 0.0421875 0.046875
0 0.453125 0.35078125 0.034375 0.0453125
0 0.93671875 0.42109375 0.0421875 0.046875
0 0.31484375 0.33359375 0.028125 0.0390625
0 0.7640625 0.39921875 0.0328125 0.040625
0 0.9953125 0.43671875 0.009375 0.0515625
0 0.87578125 0.4171875 0.034375 0.0453125
0 0.09453125 0.309375 0.0375 0.05
0 0.26328125 0.3359375 0.028125 0.0390625
0 0.14921875 0.31953125 0.0375 0.0453125
0 0.2390625 0.33984375 0.0328125 0.040625
0 0.03359375 0.31328125 0.0296875 0.04375
0 0.3984375 0.3734375 0.0375 0.0453125
0 0.503125 0.390625 0.034375 0.05
0 0.20234375 0.35546875 0.025 0.04375
0 0.3046875 0.37265625 0.0375 0.040625
0 0.44140625 0.39765625 0.0421875 0.05
0 0.7234375 0.4421875 0.0328125 0.040625
0 0.17734375 0.36796875 0.04375 0.0546875
0 0.128125 0.365625 0.0328125 0.040625
0 0.80859375 0.46640625 0.034375 0.05
0 0.9484375 0.4859375 0.0375 0.05
0 0.04921875 0.36171875 0.0328125 0.0359375
0 0.0265625 0.35859375 0.028125 0.0390625
0 0.86484375 0.47890625 0.0375 0.040625
0 0.76484375 0.4765625 0.0359375 0.0359375
0 0.32734375 0.41484375 0.046875 0.0515625
0 0.84296875 0.48984375 0.0375 0.05
0 0.1390625 0.390625 0.0375 0.0453125
0 0.2671875 0.40859375 0.0375 0.040625
0 0.409375 0.43125 0.046875 0.0515625
0 0.3078125 0.4171875 0.028125 0.0390625
0 0.0625 0.3875 0.0359375 0.0328125
0 0.1953125 0.4203125 0.0421875 0.0421875
0 0.871875 0.51484375 0.0421875 0.0421875
0 0.7203125 0.5 0.04375 0.0546875
0 0.7703125 0.509375 0.04375 0.0546875
0 0.9625 0.53671875 0.034375 0.0453125
0 0.06953125 0.41796875 0.046875 0.046875
0 0.91484375 0.54140625 0.0328125 0.040625
0 0.11484375 0.42890625 0.0421875 0.046875
0 0.85703125 0.5359375 0.0375 0.040625
0 0.98515625 0.55390625 0.0203125 0.046875
0 0.0296875 0.421875 0.0421875 0.046875
0 0.3765625 0.48046875 0.0421875 0.0421875
0 0.7 0.53984375 0.0296875 0.021875
0 0.18828125 0.4703125 0.04375 0.059375
0 0.2953125 0.50625 0.04375 0.0546875
0 0.21953125 0.49765625 0.0484375 0.05625
0 0.6921875 0.56640625 0.0328125 0.040625
0 0.12890625 0.49453125 0.0375 0.040625
0 0.7265625 0.58046875 0.03125 0.03125
0 0.77421875 0.5921875 0.0265625 0.03125
0 0.9046875 0.6109375 0.034375 0.0453125
0 0.0140625 0.48984375 0.028125 0.0546875
0 0.32265625 0.53359375 0.053125 0.0609375
0 0.11796875 0.50703125 0.0421875 0.05
0 0.8421875 0.60859375 0.0421875 0.046875
0 0.26953125 0.53046875 0.0546875 0.0703125
0 0.18125 0.52265625 0.0375 0.040625
0 0.659375 0.59296875 0.0421875 0.0421875
0 0.79296875 0.62578125 0.0421875 0.046875
0 0.57109375 0.59453125 0.0265625 0.03125
0 0.59765625 0.603125 0.028125 0.034375
0 0.88203125 0.6453125 0.0421875 0.046875
0 0.9296875 0.65390625 0.04375 0.0546875
0 0.74296875 0.634375 0.0375 0.05
0 0.0484375 0.53671875 0.0484375 0.0609375
0 0.65546875 0.62421875 0.028125 0.034375
0 0.85 0.65390625 0.0421875 0.05
0 0.684375 0.6359375 0.0421875 0.05
0 0.57578125 0.62734375 0.046875 0.046875
0 0.23671875 0.59375 0.034375 0.0234375
0 0.9578125 0.69765625 0.034375 0.0453125
0 0.92578125 0.7 0.0421875 0.046875
0 0.7359375 0.68515625 0.046875 0.0421875
0 0.659375 0.67734375 0.0421875 0.046875
0 0.83828125 0.70234375 0.0421875 0.046875
0 0.01875 0.5859375 0.0375 0.084375
0 0.28359375 0.62421875 0.053125 0.0609375
0 0.2328125 0.6234375 0.0515625 0.0515625
0 0.1328125 0.61875 0.0453125 0.034375
0 0.890625 0.72734375 0.046875 0.0515625
0 0.54296875 0.67890625 0.075 0.0875
0 0.43046875 0.68203125 0.0859375 0.0984375
0 0.18359375 0.65703125 0.0609375 0.08125
0 0.09140625 0.64609375 0.0421875 0.046875
0 0.3796875 0.68671875 0.0453125 0.06875
0 0.7421875 0.7421875 0.0546875 0.065625
0 0.33359375 0.6875 0.0625 0.090625
0 0.4875 0.70859375 0.0796875 0.0875
0 0.1296875 0.66796875 0.059375 0.0671875
0 0.25234375 0.6984375 0.0703125 0.08125
0 0.8265625 0.78671875 0.0640625 0.071875
0 0.76875 0.7828125 0.065625 0.08125
0 0.89375 0.80546875 0.0703125 0.08125
0 0.6 0.103125 0.03125 0.0265625