0 0.73359375 0.56875 0.0140625 0.01875
0 0.803125 0.57109375 0.009375 0.01875
0 0.6046875 0.58671875 0.009375 0.0140625
0 0.53984375 0.5890625 0.009375 0.009375
0 0.61171875 0.5890625 0.009375 0.009375
0 0.53359375 0.5921875 0.0046875 0.009375
0 0.66953125 0.58828125 0.0046875 0.0140625
0 0.5609375 0.5921875 0.0046875 0.009375
0 0.70703125 0.58984375 0.009375 0.0140625
0 0.6375 0.59453125 0.009375 0.0140625
0 0.5125 0.59921875 0.0046875 0.0140625
0 0.68359375 0.5953125 0.009375 0.01875
0 0.57265625 0.59921875 0.009375 0.0140625
0 0.659375 0.5984375 0.009375 0.0140625
0 0.70078125 0.60859375 0.009375 0.0140625
0 0.84453125 0.60390625 0.009375 0.0140625
0 0.046875 0.66171875 0.01875 0.01875
0 0.26953125 0.6609375 0.0203125 0.0234375
0 0.44765625 0.65859375 0.0140625 0.0140625
0 0.09453125 0.67578125 0.0203125 0.0234375
0 0.1765625 0.6734375 0.025 0.0328125
0 0.484375 0.66484375 0.0140625 0.01875
0 0.25625 0.67265625 0.025 0.0328125
0 0.01796875 0.68359375 0.025 0.0515625
0 0.565625 0.66640625 0.0140625 0.01875
0 0.41796875 0.671875 0.009375 0.009375
0 0.3421875 0.6765625 0.025 0.0375
0 0.50859375 0.67109375 0.0046875 0.0140625
0 0.49453125 0.67109375 0.009375 0.01875
0 0.42734375 0.6734375 0.009375 0.01875
0 0.11015625 0.6875 0.025 0.0296875
0 0.38125 0.67734375 0.0140625 0.01875
0 0.3578125 0.678125 0.009375 0.0140625
0 0.13125 0.68671875 0.025 0.0421875
0 0.4484375 0.67734375 0.0203125 0.0234375
0 0.5546875 0.67421875 0.009375 0.0140625
0 0.62421875 0.67421875 0.01875 0.01875
0 0.409375 0.68125 0.015625 0.0234375
0 0.98671875 0.66015625 0.0265625 0.0296875
0 0.91328125 0.6640625 0.0140625 0.0140625
0 0.540625 0.67890625 0.0203125 0.0328125
0 0.29765625 0.6875 0.025 0.0296875
0 0.77734375 0.67109375 0.01875 0.01875
0 0.515625 0.6796875 0.015625 0.0234375
0 0.71484375 0.67578125 0.009375 0.01875
0 0.8859375 0.66953125 0.034375 0.05625
0 0.1546875 0.6953125 0.034375 0.046875
0 0.8671875 0.6703125 0.009375 0.01875
0 0.090625 0.69921875 0.0203125 0.0375
0 0.73046875 0.67734375 0.0203125 0.028125
0 0.640625 0.6828125 0.0203125 0.0234375
0 0.81640625 0.6765625 0.0328125 0.025
0 0.07421875 0.70234375 0.025 0.0421875
0 0.053125 0.7078125 0.0203125 0.0375
0 0.21328125 0.7046875 0.0296875 0.0328125
0 0.6640625 0.6890625 0.0140625 0.01875
0 0.56015625 0.6921875 0.0140625 0.0140625
0 0.62734375 0.68984375 0.025 0.025
0 0.24765625 0.71015625 0.0328125 0.0375
0 0.571875 0.69921875 0.0140625 0.01875
0 0.303125 0.71328125 0.025 0.0328125
0 0.99140625 0.68828125 0.0171875 0.0421875
0 0.653125 0.703125 0.015625 0.028125
0 0.35625 0.7140625 0.034375 0.0515625
0 0.86796875 0.6984375 0.0203125 0.0328125
0 0.17421875 0.72265625 0.0328125 0.0375
0 0.57421875 0.70859375 0.0140625 0.01875
0 0.484375 0.7140625 0.0296875 0.0515625
0 0.55546875 0.71171875 0.01875 0.01875
0 0.9984375 0.6953125 0.003125 0.046875
0 0.5078125 0.71328125 0.0203125 0.028125
0 0.44765625 0.71796875 0.04375 0.065625
0 0.2671875 0.72421875 0.025 0.0375
0 0.70859375 0.70859375 0.0203125 0.0328125
0 0.66953125 0.71015625 0.009375 0.01875
0 0.3828125 0.7328125 0.025 0.0421875
0 0.21015625 0.74140625 0.025 0.046875
0 0.54921875 0.73203125 0.025 0.0296875
0 0.68828125 0.72734375 0.0296875 0.0375
0 0.2953125 0.7453125 0.0390625 0.05625
0 0.63359375 0.73828125 0.0484375 0.0578125
0 0.775 0.73828125 0.0671875 0.090625
0 0.8328125 0.73828125 0.04375 0.075
0 0.2375 0.759375 0.04375 0.0609375
0 0.55234375 0.75078125 0.01875 0.009375
0 0.17109375 0.76875 0.0390625 0.05625
0 0.60625 0.75546875 0.0203125 0.0515625
0 0.93203125 0.746875 0.078125 0.1234375
0 0.875 0.76015625 0.04375 0.075
0 0.55078125 0.77890625 0.0296875 0.0375
0 0.41171875 0.80390625 0.053125 0.071875
0 0.22421875 0.825 0.0484375 0.0671875
0 0.6828125 0.97265625 0.09375 0.0453125