0 0.6625 0.209375 0.05 0.0703125
0 0.2953125 0.16015625 0.0390625 0.0546875
0 0.90859375 0.2515625 0.0578125 0.0984375
0 0.78671875 0.23671875 0.053125 0.09375
0 0.42265625 0.18515625 0.040625 0.0640625
0 0.5296875 0.20546875 0.05 0.075
0 0.70234375 0.23671875 0.040625 0.0734375
0 0.9953125 0.28203125 0.009375 0.1140625
0 0.13359375 0.1640625 0.0640625 0.103125
0 0.9609375 0.28125 0.053125 0.0890625
0 0.39140625 0.20390625 0.0421875 0.078125
0 0.46484375 0.21875 0.0515625 0.084375
0 0.58203125 0.246875 0.05 0.075
0 0.8640625 0.2890625 0.0546875 0.0984375
0 0.31875 0.21484375 0.0359375 0.0640625
0 0.73671875 0.28046875 0.05625 0.0796875
0 0.29375 0.2234375 0.0515625 0.084375
0 0.35078125 0.23359375 0.0578125 0.09375
0 0.41015625 0.25859375 0.0453125 0.0734375
0 0.6546875 0.29765625 0.0390625 0.059375
0 0.1640625 0.23125 0.059375 0.103125
0 0.24609375 0.246875 0.0546875 0.1015625
0 0.778125 0.35 0.05 0.0703125
0 0.55390625 0.33515625 0.05 0.065625
0 0.30546875 0.33203125 0.0421875 0.0828125
0 0.3796875 0.34296875 0.046875 0.0828125
0 0.25859375 0.35625 0.0515625 0.084375
0 0.45234375 0.38828125 0.0578125 0.09375
0 0.50234375 0.39765625 0.040625 0.0640625
0 0.60546875 0.4171875 0.040625 0.0640625
0 0.07109375 0.36015625 0.0609375 0.08125
0 0.5625 0.4359375 0.0515625 0.0796875
0 0.721875 0.46796875 0.053125 0.09375
0 0.509375 0.44765625 0.04375 0.0546875
0 0.65703125 0.46875 0.0515625 0.084375
0 0.9734375 0.55390625 0.053125 0.1109375
0 0.471875 0.49609375 0.046875 0.078125
0 0.7640625 0.56796875 0.053125 0.09375
0 0.334375 0.5140625 0.0640625 0.103125
0 0.0609375 0.4828125 0.0609375 0.08125
0 0.25 0.53046875 0.065625 0.1171875
0 0.146875 0.51796875 0.0703125 0.1171875
0 0.40078125 0.57265625 0.046875 0.078125
0 0.86640625 0.65625 0.053125 0.09375
0 0.57890625 0.61875 0.075 0.11875
0 0.30859375 0.68359375 0.0734375 0.140625
0 0.95234375 0.20390625 0.0453125 0.0734375
0 0.74453125 0.19296875 0.0546875 0.075
0 0.84375 0.2140625 0.040625 0.0640625