0 0.8203125 0.16328125 0.0234375 0.03125
0 0.49453125 0.10234375 0.0234375 0.0265625
0 0.44296875 0.1 0.0234375 0.03125
0 0.2515625 0.0671875 0.01875 0.025
0 0.91640625 0.19921875 0.0171875 0.0203125
0 0.1078125 0.04609375 0.021875 0.021875
0 0.9859375 0.09921875 0.0171875 0.0203125
0 0.53359375 0.01171875 0.0171875 0.0203125
0 0.85390625 0.0734375 0.0171875 0.0203125
0 0.478125 0.12578125 0.021875 0.021875
0 0.67265625 0.16796875 0.0234375 0.03125
0 0.1546875 0.06796875 0.0296875 0.0359375
0 0.85625 0.20625 0.0234375 0.03125
0 0.22265625 0.08515625 0.0078125 0.01875
0 0.76015625 0.1921875 0.025 0.0390625
0 0.78046875 0.20078125 0.021875 0.021875
0 0.97734375 0.2390625 0.0234375 0.0265625
0 0.30625 0.11171875 0.01875 0.025
0 0.45703125 0.140625 0.01875 0.025
0 0.4046875 0.13203125 0.021875 0.021875
0 0.1375 0.0828125 0.0296875 0.0359375
0 0.33359375 0.1203125 0.0171875 0.0203125
0 0.27421875 0.11171875 0.0234375 0.03125
0 0.646875 0.19375 0.025 0.034375
0 0.5984375 0.18671875 0.0234375 0.03125
0 0.67109375 0.203125 0.0234375 0.03125
0 0.1796875 0.11015625 0.0203125 0.034375
0 0.20703125 0.11484375 0.0171875 0.0203125
0 0.090625 0.0953125 0.0171875 0.0203125
0 0.896875 0.25390625 0.0234375 0.0265625
0 0.2203125 0.12265625 0.0234375 0.03125
0 0.8171875 0.23828125 0.0234375 0.03125
0 0.1 0.10625 0.0171875 0.0203125
0 0.34921875 0.15703125 0.0234375 0.03125
0 0.93359375 0.27265625 0.0234375 0.03125
0 0.4015625 0.171875 0.01875 0.0296875
0 0.29765625 0.15703125 0.01875 0.0296875
0 0.55234375 0.20625 0.01875 0.0296875
0 0.98125 0.2921875 0.0234375 0.03125
0 0.76328125 0.24921875 0.0234375 0.03125
0 0.50703125 0.2 0.0234375 0.03125
0 0.94765625 0.09921875 0.0171875 0.0171875
0 0.5578125 0.0234375 0.0125 0.0203125
0 0.57109375 0.21953125 0.0171875 0.0203125
0 0.09375 0.12890625 0.0234375 0.03125
0 0.81953125 0.27890625 0.01875 0.025
0 0.57734375 0.2390625 0.0296875 0.0359375
0 0.171875 0.16015625 0.025 0.034375
0 0.25 0.18515625 0.01875 0.025
0 0.31640625 0.19765625 0.01875 0.025
0 0.88671875 0.30859375 0.0171875 0.0203125
0 0.8625 0.30859375 0.0171875 0.0203125
0 0.18984375 0.178125 0.01875 0.025
0 0.78046875 0.2953125 0.0234375 0.0265625
0 0.32578125 0.209375 0.0234375 0.0265625
0 0.665625 0.2796875 0.0234375 0.03125
0 0.9484375 0.3375 0.025 0.034375
0 0.69921875 0.29140625 0.025 0.034375
0 0.33671875 0.22109375 0.01875 0.025
0 0.984375 0.34921875 0.03125 0.0453125
0 0.6296875 0.2828125 0.034375 0.0421875
0 0.50078125 0.01953125 0.0109375 0.0109375
0 0.2796875 0.2140625 0.0171875 0.0203125
0 0.38671875 0.003125 0.0171875 0.00625
0 0.5828125 0.03515625 0.0109375 0.0109375
0 0.93984375 0.1046875 0.0140625 0.025
0 0.44140625 0.2578125 0.0234375 0.0265625
0 0.86171875 0.33984375 0.0171875 0.0203125
0 0.93046875 0.36171875 0.0234375 0.03125
0 0.709375 0.32109375 0.03125 0.0453125
0 0.75703125 0.33046875 0.0234375 0.03125
0 0.37265625 0.2578125 0.0234375 0.0265625
0 0.17890625 0.22265625 0.0234375 0.03125
0 0.4828125 0.284375 0.028125 0.0328125
0 0.1671875 0.22265625 0.021875 0.021875
0 0.928125 0.1046875 0.0125 0.015625
0 0.84609375 0.35703125 0.028125 0.0328125
0 0.88671875 0.36484375 0.0234375 0.03125
0 0.95078125 0.37734375 0.0234375 0.03125
0 0.4 0.27265625 0.028125 0.028125
0 0.96875 0.38359375 0.025 0.034375
0 0.4203125 0.27890625 0.01875 0.025
0 0.26953125 0.25234375 0.0234375 0.03125
0 0.7953125 0.3546875 0.028125 0.0328125
0 0.5140625 0.02421875 0.0171875 0.0203125
0 0.82578125 0.3625 0.01875 0.025
0 0.86015625 0.371875 0.025 0.034375
0 0.51953125 0.3125 0.0203125 0.034375
0 0.346875 0.28125 0.0234375 0.0265625
0 0.99609375 0.41171875 0.0078125 0.0265625
0 0.4984375 0.315625 0.028125 0.028125
0 0.5359375 0.328125 0.025 0.034375
0 0.27890625 0.278125 0.025 0.034375
0 0.625 0.3453125 0.01875 0.025
0 0.7875 0.38125 0.0234375 0.0265625
0 0.7203125 0.3734375 0.0296875 0.040625
0 0.54140625 0.03125 0.0171875 0.0203125
0 0.15390625 0.265625 0.025 0.034375
0 0.3171875 0.29765625 0.021875 0.021875
0 0.44453125 0.321875 0.0234375 0.0265625
0 0.56953125 0.3484375 0.01875 0.025
0 0.35625 0.30703125 0.0296875 0.0359375
0 0.803125 0.396875 0.0140625 0.025
0 0.6578125 0.36796875 0.025 0.034375
0 0.39375 0.31953125 0.0296875 0.0359375
0 0.5578125 0.3515625 0.0234375 0.03125
0 0.5703125 0.0390625 0.0125 0.0203125
0 0.553125 0.0359375 0.0171875 0.0203125
0 0.740625 0.390625 0.025 0.034375
0 0.23828125 0.29296875 0.034375 0.0375
0 0.52578125 0.35390625 0.0234375 0.03125
0 0.71796875 0.0703125 0.0234375 0.03125
0 0.3046875 0.315625 0.028125 0.028125
0 0.0953125 0.275 0.025 0.0390625
0 0.67109375 0.38671875 0.0234375 0.0265625
0 0.6359375 0.38203125 0.025 0.034375
0 0.046875 0.2703125 0.025 0.034375
0 0.4859375 0.35546875 0.03125 0.0453125
0 0.13515625 0.2875 0.028125 0.0328125
0 0.4578125 0.35234375 0.028125 0.0328125
0 0.98671875 0.4578125 0.0234375 0.0265625
0 0.5859375 0.04453125 0.0171875 0.0171875
0 0.640625 0.05546875 0.0171875 0.0203125
0 0.7421875 0.075 0.0234375 0.0265625
0 0.78203125 0.4203125 0.025 0.0390625
0 0.83828125 0.4359375 0.0234375 0.03125
0 0.665625 0.06015625 0.0171875 0.0203125
0 0.1890625 0.31484375 0.025 0.034375
0 0.5828125 0.39140625 0.0171875 0.0203125
0 0.075 0.29453125 0.0234375 0.03125
0 0.29140625 0.33671875 0.0296875 0.040625
0 0.534375 0.384375 0.0234375 0.03125
0 0.9203125 0.46171875 0.025 0.0390625
0 0.6609375 0.41328125 0.0296875 0.0359375
0 0.246875 0.3328125 0.034375 0.0421875
0 0.40859375 0.0125 0.0171875 0.0203125
0 0.12109375 0.31796875 0.0296875 0.040625
0 0.15625 0.32734375 0.034375 0.0421875
0 0.70390625 0.43359375 0.0328125 0.028125
0 0.57421875 0.40859375 0.025 0.034375
0 0.59921875 0.05 0.021875 0.021875
0 0.9296875 0.4828125 0.0296875 0.040625
0 0.98515625 0.4953125 0.0296875 0.040625
0 0.31171875 0.36484375 0.0296875 0.0359375
0 0.796875 0.46328125 0.03125 0.0453125
0 0.37890625 0.38203125 0.025 0.0390625
0 0.49453125 0.03203125 0.0171875 0.0203125
0 0.43046875 0.396875 0.025 0.034375
0 0.0390625 0.32265625 0.0296875 0.0359375
0 0.19375 0.353125 0.0359375 0.0453125
0 0.884375 0.4875 0.03125 0.05
0 0.0734375 0.3296875 0.034375 0.0421875
0 0.8265625 0.48046875 0.0296875 0.040625
0 0.31171875 0.00234375 0.0171875 0.0046875
0 0.34296875 0.38671875 0.0390625 0.046875
0 0.765625 0.46875 0.028125 0.0328125
0 0.5109375 0.41953125 0.0359375 0.05
0 0.60390625 0.43984375 0.028125 0.028125
0 0.6875 0.45859375 0.0296875 0.040625
0 0.91015625 0.11484375 0.0125 0.0203125
0 0.84609375 0.50390625 0.0234375 0.0265625
0 0.89375 0.11171875 0.01875 0.0296875
0 0.5890625 0.465625 0.03125 0.0453125
0 0.2859375 0.003125 0.0125 0.00625
0 0.25546875 0.4125 0.034375 0.0375
0 0.984375 0.5546875 0.0265625 0.04375
0 0.74765625 0.5109375 0.0359375 0.0453125
0 0.6546875 0.4953125 0.03125 0.05
0 0.3578125 0.43984375 0.0296875 0.040625
0 0.93125 0.55078125 0.034375 0.0421875
0 0.840625 0.53359375 0.034375 0.0421875
0 0.8859375 0.11484375 0.0171875 0.0203125
0 0.6796875 0.50859375 0.0359375 0.05
0 0.3765625 0.01640625 0.021875 0.021875
0 0.6265625 0.06484375 0.01875 0.025
0 0.028125 0.39140625 0.03125 0.0453125
0 0.6703125 0.0734375 0.01875 0.025
0 0.29375 0.45546875 0.01875 0.025
0 0.8625 0.1125 0.0234375 0.0265625
0 0.92890625 0.12578125 0.0171875 0.0171875
0 0.9421875 0.128125 0.0125 0.0203125
0 0.2765625 0.0046875 0.0125 0.009375
0 0.76953125 0.09453125 0.01875 0.025
0 0.07578125 0.4390625 0.034375 0.0375
0 0.125 0.45078125 0.03125 0.0453125
0 0.58515625 0.06171875 0.0125 0.0203125
0 0.346875 0.01484375 0.01875 0.025
0 0.3671875 0.51640625 0.03125 0.0453125
0 0.9171875 0.12578125 0.0125 0.0203125
0 0.97109375 0.1390625 0.0171875 0.0203125
0 0.50234375 0.54765625 0.0359375 0.05
0 0.96015625 0.13671875 0.01875 0.025
0 0.9828125 0.140625 0.0125 0.015625
0 0.6125 0.06875 0.0171875 0.0203125
0 0.80703125 0.10703125 0.0234375 0.0265625
0 0.0078125 0.4640625 0.015625 0.04375
0 0.5765625 0.58125 0.040625 0.05625
0 0.7546875 0.62265625 0.0359375 0.05
0 0.565625 0.0625 0.0234375 0.0265625
0 0.734375 0.0953125 0.0171875 0.0203125
0 0.1765625 0.51484375 0.0390625 0.046875
0 0.68984375 0.6171875 0.0359375 0.0453125
0 0.62109375 0.60390625 0.034375 0.0421875
0 0.25859375 0.54296875 0.03125 0.0453125
0 0.40234375 0.0328125 0.0234375 0.03125
0 0.071875 0.5203125 0.0296875 0.040625
0 0.11015625 0.52734375 0.0390625 0.046875
0 0.70625 0.0921875 0.0203125 0.034375
0 0.8453125 0.11875 0.01875 0.025
0 0.82734375 0.671875 0.040625 0.05625
0 0.42578125 0.615625 0.0296875 0.040625
0 0.6078125 0.01875 0.0125 0.015625
0 0.79296875 0.1109375 0.0171875 0.0171875
0 0.2421875 0.00859375 0.01875 0.0171875
0 0.88359375 0.709375 0.040625 0.0515625
0 0.0046875 0.540625 0.009375 0.05
0 0.28984375 0.5984375 0.040625 0.05625
0 0.5515625 0.06640625 0.01875 0.025
0 0.63515625 0.0828125 0.021875 0.021875
0 0.221875 0.00703125 0.01875 0.0140625
0 0.60703125 0.67890625 0.0390625 0.046875
0 0.996875 0.153125 0.00625 0.015625
0 0.33203125 0.634375 0.040625 0.0515625
0 0.50546875 0.67578125 0.0359375 0.05
0 0.14140625 0.60703125 0.0390625 0.046875
0 0.184375 0.62265625 0.0359375 0.05
0 0.70625 0.7265625 0.040625 0.0515625
0 0.7625 0.7515625 0.0453125 0.05625
0 0.29375 0.02109375 0.0234375 0.03125
0 0.0125 0.61875 0.025 0.05
0 0.89453125 0.7984375 0.040625 0.05625
0 0.57734375 0.74375 0.0359375 0.0453125
0 0.2484375 0.6890625 0.0359375 0.0453125
0 0.625 0.7671875 0.0359375 0.0453125
0 0.43125 0.053125 0.0234375 0.03125
0 0.98046875 0.159375 0.01875 0.025
0 0.0421875 0.6609375 0.040625 0.0515625
0 0.29296875 0.7171875 0.0359375 0.0453125
0 0.928125 0.1515625 0.025 0.034375
0 0.1171875 0.696875 0.034375 0.0421875
0 0.1828125 0.71015625 0.034375 0.0421875
0 0.509375 0.778125 0.040625 0.05625
0 0.8921875 0.14453125 0.0234375 0.0265625
0 0.896875 0.86015625 0.0265625 0.0484375
0 0.66953125 0.81640625 0.040625 0.05625
0 0.325 0.75546875 0.0359375 0.05
0 0.7921875 0.85390625 0.0453125 0.05625
0 0.5875 0.08828125 0.0171875 0.0171875
0 0.72265625 0.84453125 0.040625 0.05625
0 0.56015625 0.82265625 0.040625 0.05625
0 0.365625 0.78984375 0.0359375 0.05
0 0.6234375 0.846875 0.0453125 0.0515625
0 0.96875 0.09140625 0.0125 0.0203125
0 0.48359375 0.003125 0.0171875 0.00625
0 0.70703125 0.040625 0.021875 0.021875
0 0.00859375 0.7515625 0.0171875 0.034375
0 0.165625 0.7859375 0.0359375 0.05
0 0.415625 0.834375 0.0375 0.0546875
0 0.2328125 0.80625 0.0375 0.059375
0 0.14296875 0.00859375 0.0125 0.015625
0 0.45078125 0.86328125 0.04375 0.046875
0 0.8453125 0.95625 0.0453125 0.0515625
0 0.7359375 0.93515625 0.0390625 0.046875
0 0.90390625 0.9703125 0.0296875 0.0359375
0 0.51171875 0.90078125 0.0453125 0.0359375
0 0.65390625 0.93359375 0.03125 0.0234375
0 0.909375 0.0796875 0.021875 0.021875
0 0.5140625 0.08984375 0.021875 0.021875
0 0.77890625 0.14609375 0.0234375 0.0265625
0 0.7171875 0.1359375 0.0234375 0.03125
0 0.68984375 0.13125 0.025 0.034375
0 0.73515625 0.13984375 0.0234375 0.03125
0 0.11015625 0.0203125 0.0171875 0.0171875