0 0.159375 0.059375 0.00625 0.00625
0 0.34296875 0.03046875 0.00625 0.009375
0 0.1890625 0.06328125 0.0109375 0.0109375
0 0.3734375 0.02734375 0.00625 0.009375
0 0.52734375 0.0015625 0.0109375 0.003125
0 0.49921875 0.09453125 0.015625 0.0125
0 0.5921875 0.0765625 0.01875 0.025
0 0.00390625 0.190625 0.0078125 0.025
0 0.7921875 0.0375 0.0234375 0.0265625
0 0.5328125 0.0875 0.0171875 0.0171875
0 0.32890625 0.12734375 0.0171875 0.0203125
0 0.80625 0.034375 0.0171875 0.0203125
0 0.31015625 0.13125 0.0171875 0.0171875
0 0.37421875 0.12109375 0.0171875 0.0171875
0 0.34296875 0.1296875 0.01875 0.025
0 0.35859375 0.1265625 0.0234375 0.03125
0 0.41328125 0.115625 0.0234375 0.0265625
0 0.08828125 0.17890625 0.0171875 0.0203125
0 0.14140625 0.16875 0.01875 0.025
0 0.28828125 0.13984375 0.021875 0.021875
0 0.46796875 0.10546875 0.01875 0.025
0 0.47734375 0.103125 0.0125 0.0203125
0 0.559375 0.0875 0.0171875 0.0203125
0 0.15 0.16953125 0.0125 0.0203125
0 0.24140625 0.15390625 0.0171875 0.0171875
0 0.403125 0.12265625 0.0171875 0.0203125
0 0.0640625 0.0875 0.0109375 0.0109375
0 0.76640625 0.0515625 0.021875 0.021875
0 0.8578125 0.034375 0.0171875 0.0171875
0 0.11640625 0.178125 0.0171875 0.0203125
0 0.303125 0.1421875 0.0171875 0.0171875
0 0.04375 0.1921875 0.0171875 0.0203125
0 0.81484375 0.04453125 0.0171875 0.0203125
0 0.390625 0.1296875 0.0171875 0.0203125
0 0.43359375 0.12109375 0.0171875 0.0203125
0 0.18125 0.1703125 0.01875 0.025
0 0.20390625 0.165625 0.0265625 0.0234375
0 0.22890625 0.1609375 0.0171875 0.0203125
0 0.1703125 0.175 0.0125 0.015625
0 0.42265625 0.12578125 0.0125 0.0203125
0 0.4546875 0.11953125 0.0171875 0.0203125
0 0.4953125 0.11171875 0.0140625 0.025
0 0.5453125 0.10234375 0.021875 0.021875
0 0.059375 0.19921875 0.021875 0.021875
0 0.88203125 0.0390625 0.0125 0.015625
0 0.66796875 0.08046875 0.028125 0.028125
0 0.08359375 0.08359375 0.00625 0.009375
0 0.125 0.07578125 0.0125 0.015625
0 0.19765625 0.06171875 0.0109375 0.0109375
0 0.2203125 0.05703125 0.0109375 0.0109375
0 0.284375 0.04453125 0.0125 0.015625
0 0.325 0.03671875 0.0109375 0.0109375
0 0.50625 0.0046875 0.0125 0.009375
0 0.48671875 0.115625 0.0171875 0.0203125
0 0.753125 0.06640625 0.0203125 0.0171875
0 0.0734375 0.1984375 0.0234375 0.0265625
0 0.90234375 0.0375 0.0234375 0.0265625
0 0.47109375 0.12109375 0.0203125 0.0171875
0 0.51015625 0.115625 0.0234375 0.03125
0 0.3875 0.13984375 0.0125 0.0203125
0 0.10390625 0.19765625 0.0234375 0.0265625
0 0.2765625 0.1640625 0.0171875 0.0171875
0 0.0328125 0.2109375 0.0125 0.0203125
0 0.1953125 0.1796875 0.0171875 0.0203125
0 0.0203125 0.21328125 0.0234375 0.0265625
0 0.83828125 0.05703125 0.021875 0.021875
0 0.57734375 0.1078125 0.0265625 0.0234375
0 0.290625 0.16328125 0.01875 0.025
0 0.14765625 0.19140625 0.021875 0.021875
0 0.3796875 0.14609375 0.0234375 0.0265625
0 0.259375 0.0515625 0.0109375 0.0109375
0 0.353125 0.03359375 0.00625 0.00625
0 0.4296875 0.1390625 0.01875 0.025
0 0.08671875 0.20546875 0.021875 0.021875
0 0.4046875 0.14375 0.0234375 0.0265625
0 0.3359375 0.16171875 0.0171875 0.0203125
0 0.621875 0.10625 0.028125 0.0328125
0 0.1265625 0.2046875 0.0171875 0.0203125
0 0.44296875 0.14375 0.0203125 0.0171875
0 0.75 0.0859375 0.028125 0.0328125
0 0.55625 0.1234375 0.0171875 0.0203125
0 0.26640625 0.05078125 0.00625 0.009375
0 0.1078125 0.08125 0.00625 0.009375
0 0.1390625 0.075 0.00625 0.009375
0 0.490625 0.00703125 0.0125 0.0140625
0 0.21953125 0.1890625 0.0171875 0.0203125
0 0.24765625 0.18359375 0.0234375 0.03125
0 0.4640625 0.14609375 0.021875 0.021875
0 0.54375 0.13125 0.0265625 0.0234375
0 0.5765625 0.12734375 0.0265625 0.0234375
0 0.0671875 0.228125 0.0234375 0.0265625
0 0.59921875 0.125 0.015625 0.0125
0 0.003125 0.1046875 0.00625 0.00625
0 0.07578125 0.08984375 0.009375 0.00625
0 0.09609375 0.0859375 0.00625 0.00625
0 0.38046875 0.03046875 0.00625 0.00625
0 0.4078125 0.025 0.00625 0.009375
0 0.36328125 0.1734375 0.028125 0.0328125
0 0.4953125 0.14765625 0.0234375 0.0265625
0 0.51875 0.1453125 0.025 0.034375
0 0.3984375 0.16875 0.0171875 0.0203125
0 0.17109375 0.21484375 0.0109375 0.0109375
0 0.0390625 0.240625 0.025 0.01875
0 0.34140625 0.18125 0.0203125 0.0171875
0 0.89453125 0.0765625 0.0234375 0.03125
0 0.32890625 0.18828125 0.0140625 0.025
0 0.0328125 0.0984375 0.0125 0.015625
0 0.03984375 0.096875 0.0078125 0.0140625
0 0.15078125 0.075 0.009375 0.00625
0 0.44375 0.01796875 0.0171875 0.0171875
0 0.2421875 0.0578125 0.00625 0.009375
0 0.2734375 0.0515625 0.0078125 0.0140625
0 0.48046875 0.0109375 0.0125 0.015625
0 0.22421875 0.21171875 0.0234375 0.0265625
0 0.4171875 0.1734375 0.028125 0.028125
0 0.02265625 0.25078125 0.0171875 0.0203125
0 0.44296875 0.16875 0.0234375 0.03125
0 0.48828125 0.16015625 0.03125 0.0234375
0 0.46328125 0.16484375 0.021875 0.021875
0 0.55 0.15078125 0.025 0.034375
0 0.2546875 0.2078125 0.0265625 0.0234375
0 0.92265625 0.08046875 0.0140625 0.0296875
0 0.01015625 0.2578125 0.0203125 0.021875
0 0.18671875 0.2234375 0.0265625 0.04375
0 0.6 0.14296875 0.0234375 0.03125
0 0.1734375 0.07109375 0.0125 0.015625
0 0.01484375 0.10390625 0.0171875 0.0203125
0 0.303125 0.203125 0.021875 0.021875
0 0.07890625 0.24921875 0.021875 0.021875
0 0.04921875 0.2546875 0.0328125 0.0328125
0 0.20859375 0.22421875 0.0234375 0.0265625
0 0.61796875 0.146875 0.028125 0.0328125
0 0.5796875 0.15625 0.028125 0.0328125
0 0.72734375 0.13046875 0.0390625 0.0421875
0 0.33984375 0.040625 0.0109375 0.0109375
0 0.2078125 0.06640625 0.0109375 0.0109375
0 0.315625 0.0453125 0.00625 0.009375
0 0.09609375 0.253125 0.025 0.01875
0 0.2515625 0.22734375 0.025 0.034375
0 0.296875 0.21875 0.01875 0.0296875
0 0.40390625 0.19765625 0.028125 0.0328125
0 0.6515625 0.15 0.034375 0.0421875
0 0.42578125 0.19375 0.0265625 0.0234375
0 0.0046875 0.2765625 0.009375 0.021875
0 0.49453125 0.18046875 0.0234375 0.03125
0 0.34921875 0.2109375 0.0296875 0.0359375
0 0.47421875 0.18671875 0.0234375 0.0265625
0 0.015625 0.278125 0.0140625 0.0078125
0 0.421875 0.025 0.00625 0.009375
0 0.25234375 0.06015625 0.00625 0.009375
0 0.34765625 0.0421875 0.009375 0.00625
0 0.54921875 0.00390625 0.0109375 0.0078125
0 0.14140625 0.25625 0.0234375 0.03125
0 0.53046875 0.18046875 0.0171875 0.0171875
0 0.04453125 0.2796875 0.0171875 0.0203125
0 0.10390625 0.26796875 0.0265625 0.0234375
0 0.28203125 0.23828125 0.0234375 0.03125
0 0.1609375 0.078125 0.00625 0.00625
0 0.4609375 0.01953125 0.00625 0.00625
0 0.35859375 0.03984375 0.0125 0.015625
0 0.37734375 0.0359375 0.00625 0.00625
0 0.86171875 0.128125 0.0375 0.0375
0 0.3875 0.22265625 0.03125 0.0453125
0 0.67109375 0.1671875 0.0375 0.0546875
0 0.12890625 0.27734375 0.015625 0.0125
0 0.54453125 0.196875 0.0265625 0.0234375
0 0.5859375 0.1890625 0.0421875 0.0390625
0 0.16796875 0.0765625 0.009375 0.00625
0 0.26484375 0.0578125 0.009375 0.00625
0 0.18359375 0.0734375 0.00625 0.00625
0 0.3921875 0.0328125 0.0125 0.015625
0 0.4015625 0.03125 0.00625 0.00625
0 0.51953125 0.00859375 0.009375 0.00625
0 0.5203125 0.20390625 0.034375 0.0375
0 0.6984375 0.171875 0.034375 0.0375
0 0.23046875 0.26484375 0.0296875 0.0359375
0 0.028125 0.3046875 0.01875 0.025
0 0.0875 0.29453125 0.028125 0.028125
0 0.63515625 0.18828125 0.0390625 0.046875
0 0.05 0.10234375 0.00625 0.009375
0 0.06171875 0.1 0.00625 0.009375
0 0.23671875 0.065625 0.0109375 0.0109375
0 0.32265625 0.04921875 0.0109375 0.0109375
0 0.07734375 0.096875 0.0109375 0.0109375
0 0.225 0.06796875 0.00625 0.009375
0 0.4703125 0.0203125 0.0109375 0.0109375
0 0.0046875 0.3140625 0.009375 0.034375
0 0.4328125 0.2296875 0.034375 0.0375
0 0.11328125 0.29453125 0.0265625 0.0234375
0 0.140625 0.2890625 0.021875 0.021875
0 0.05 0.30859375 0.0328125 0.028125
0 0.14765625 0.0828125 0.00625 0.00625
0 0.1359375 0.08515625 0.00625 0.009375
0 0.309375 0.0515625 0.0109375 0.0109375
0 0.021875 0.321875 0.028125 0.028125
0 0.8859375 0.15625 0.0265625 0.0234375
0 0.6 0.21171875 0.0296875 0.0359375
0 0.57109375 0.221875 0.0328125 0.028125
0 0.29296875 0.0546875 0.0109375 0.0109375
0 0.54296875 0.00625 0.00625 0.009375
0 0.1140625 0.0921875 0.009375 0.00625
0 0.33671875 0.0484375 0.0109375 0.0109375
0 0.0515625 0.325 0.0203125 0.0171875
0 0.83125 0.1765625 0.0359375 0.0453125
0 0.025 0.109375 0.009375 0.00625
0 0.103125 0.09375 0.0109375 0.0109375
0 0.5296875 0.0109375 0.0125 0.015625
0 0.5578125 0.00625 0.0125 0.0125
0 0.5953125 0.003125 0.0125 0.00625
0 0.4625 0.25703125 0.0390625 0.046875
0 0.553125 0.2421875 0.034375 0.0375
0 0.178125 0.0796875 0.00625 0.00625
0 0.1671875 0.084375 0.00625 0.009375
0 0.60703125 0.0015625 0.0109375 0.003125
0 0.92890625 0.1734375 0.0328125 0.0546875
0 0.8890625 0.184375 0.0359375 0.05
0 0.03515625 0.35234375 0.01875 0.0296875
0 0.76953125 0.21171875 0.034375 0.0421875
0 0.38828125 0.28828125 0.0390625 0.046875
0 0.121875 0.09296875 0.0109375 0.0109375
0 0.2078125 0.07578125 0.00625 0.009375
0 0.36953125 0.04453125 0.0125 0.015625
0 0.57734375 0.0046875 0.0109375 0.009375
0 0.0140625 0.37421875 0.028125 0.0234375
0 0.334375 0.3171875 0.05 0.053125
0 0.5171875 0.01875 0.0109375 0.0109375
0 0.1984375 0.08046875 0.0171875 0.0171875
0 0.27421875 0.065625 0.0125 0.015625
0 0.54921875 0.0125 0.0109375 0.0109375
0 0.10703125 0.36875 0.034375 0.0375
0 0.53359375 0.2859375 0.05 0.0578125
0 0.24453125 0.0453125 0.0109375 0.0109375
0 0.36484375 0.021875 0.0109375 0.0109375
0 0.41953125 0.0109375 0.00625 0.009375
0 0.09453125 0.10078125 0.0109375 0.0109375
0 0.8 0.24609375 0.046875 0.04375
0 0.73671875 0.2609375 0.0546875 0.0546875
0 0.06640625 0.39296875 0.028125 0.0328125
0 0.5 0.30859375 0.05 0.053125
0 0.15390625 0.090625 0.0109375 0.0109375
0 0.3515625 0.05234375 0.0109375 0.0109375
0 0.05859375 0.109375 0.00625 0.009375
0 0.3109375 0.06015625 0.0109375 0.0109375
0 0.3828125 0.04609375 0.0109375 0.0109375
0 0.5078125 0.021875 0.0125 0.015625
0 0.15859375 0.08984375 0.0109375 0.0109375
0 0.2265625 0.0765625 0.0171875 0.0171875
0 0.48828125 0.02578125 0.0125 0.015625
0 0.1421875 0.09296875 0.00625 0.009375
0 0.5 0.0234375 0.0125 0.015625
0 0.5671875 0.01015625 0.0125 0.015625
0 0.571875 0.009375 0.0109375 0.0109375
0 0.41640625 0.3375 0.040625 0.0515625
0 0.07265625 0.10625 0.00625 0.009375
0 0.2859375 0.06484375 0.0109375 0.0109375
0 0.31796875 0.05859375 0.0078125 0.0140625
0 0.33125 0.05625 0.00625 0.009375
0 0.615625 0.00390625 0.0125 0.0078125
0 0.009375 0.12109375 0.0109375 0.0109375
0 0.134375 0.096875 0.0109375 0.0109375
0 0.53125 0.01953125 0.0109375 0.0109375
0 0.828125 0.271875 0.0375 0.034375
0 0.34375 0.365625 0.0453125 0.0515625
0 0.5875 0.009375 0.0125 0.01875
0 0.0625 0.43125 0.0359375 0.05
0 0.92578125 0.26328125 0.053125 0.071875
0 0.16796875 0.08984375 0.00625 0.009375
0 0.340625 0.05703125 0.0109375 0.0109375
0 0.1546875 0.42109375 0.0453125 0.0515625
0 0.40625 0.371875 0.034375 0.0421875
0 0.31640625 0.3890625 0.05 0.0578125
0 0.68828125 0.3171875 0.05 0.053125
0 0.778125 0.3046875 0.0515625 0.0625
0 0.54375 0.01953125 0.0109375 0.0109375
0 0.609375 0.00703125 0.0125 0.0140625
0 0.19140625 0.08828125 0.0109375 0.0109375
0 0.6296875 0.00390625 0.00625 0.0078125
0 0.6375 0.003125 0.015625 0.00625
0 0.875 0.2953125 0.046875 0.0609375
0 0.83671875 0.3046875 0.046875 0.04375
0 0.18203125 0.08984375 0.00625 0.009375
0 0.26328125 0.07421875 0.0109375 0.0109375
0 0.2203125 0.08203125 0.0109375 0.0109375
0 0.64921875 0.00234375 0.0109375 0.0046875
0 0.44453125 0.38359375 0.0609375 0.06875
0 0.04140625 0.11953125 0.0109375 0.0109375
0 0.08203125 0.11171875 0.00625 0.009375
0 0.09140625 0.11015625 0.0109375 0.0109375
0 0.2984375 0.06953125 0.0125 0.015625
0 0.06015625 0.4703125 0.0234375 0.03125
0 0.2609375 0.43359375 0.059375 0.0546875
0 0.61328125 0.3671875 0.034375 0.0421875
0 0.19375 0.4515625 0.0546875 0.08125
0 0.5984375 0.0109375 0.0125 0.015625
0 0.12109375 0.10390625 0.00625 0.009375
0 0.55546875 0.01953125 0.0109375 0.0109375
0 0.56171875 0.3796875 0.0453125 0.0359375
0 0.3984375 0.41640625 0.0421875 0.0609375
0 0.3671875 0.425 0.0515625 0.0625
0 0.3234375 0.0296875 0.0109375 0.0109375
0 0.18046875 0.0578125 0.00625 0.009375
0 0.20546875 0.05234375 0.00625 0.009375
0 0.2234375 0.04921875 0.0109375 0.0109375
0 0.23046875 0.04765625 0.00625 0.00625
0 0.27109375 0.03984375 0.00625 0.00625
0 0.28515625 0.0375 0.00625 0.00625
0 0.2921875 0.0734375 0.0109375 0.0109375
0 0.5453125 0.40390625 0.040625 0.0296875
0 0.3578125 0.06015625 0.0125 0.015625
0 0.0671875 0.1171875 0.0109375 0.0109375
0 0.15078125 0.10078125 0.00625 0.009375
0 0.8484375 0.3515625 0.0546875 0.059375
0 0.71875 0.37734375 0.046875 0.065625
0 0.65078125 0.390625 0.05 0.053125
0 0.34921875 0.0625 0.0109375 0.0109375
0 0.621875 0.009375 0.0109375 0.0109375
0 0.57890625 0.0203125 0.0125 0.015625
0 0.93203125 0.34296875 0.05625 0.0671875
0 0.7578125 0.38125 0.065625 0.0875
0 0.04453125 0.1234375 0.0078125 0.0140625
0 0.21953125 0.08984375 0.0125 0.015625
0 0.54921875 0.02578125 0.0125 0.015625
0 0.23828125 0.0859375 0.0109375 0.0109375
0 0.315625 0.07109375 0.0109375 0.0109375
0 0.05625 0.12109375 0.0078125 0.0140625
0 0.10390625 0.1125 0.00625 0.009375
0 0.10859375 0.1109375 0.0078125 0.0140625
0 0.1375 0.10546875 0.00625 0.009375
0 0.30859375 0.07265625 0.0078125 0.0140625
0 0.56953125 0.43203125 0.065625 0.065625
0 0.9671875 0.35546875 0.040625 0.06875
0 0.8859375 0.3734375 0.0640625 0.0609375
0 0.34296875 0.48125 0.0515625 0.0625
0 0.68828125 0.0046875 0.0171875 0.009375
0 0.37265625 0.0625 0.0109375 0.0109375
0 0.41328125 0.0546875 0.0109375 0.0109375
0 0.009375 0.1328125 0.0109375 0.0109375
0 0.14765625 0.10625 0.00625 0.009375
0 0.190625 0.09765625 0.00625 0.009375
0 0.32421875 0.071875 0.0109375 0.0109375
0 0.64296875 0.01015625 0.0109375 0.0109375
0 0.05078125 0.5453125 0.059375 0.0546875
0 0.11796875 0.11171875 0.0109375 0.0109375
0 0.21328125 0.09296875 0.0109375 0.0109375
0 0.1703125 0.1015625 0.0078125 0.0140625
0 0.5109375 0.03515625 0.00625 0.009375
0 0.65859375 0.00703125 0.0109375 0.0109375
0 0.015625 0.565625 0.028125 0.028125
0 0.07890625 0.553125 0.0515625 0.0625
0 0.07734375 0.121875 0.0078125 0.0140625
0 0.63359375 0.44765625 0.0421875 0.065625
0 0.33671875 0.071875 0.0109375 0.0109375
0 0.5390625 0.0328125 0.0125 0.015625
0 0.56640625 0.02734375 0.0171875 0.0171875
0 0.0203125 0.13359375 0.0109375 0.0109375
0 0.66875 0.46015625 0.05625 0.0671875
0 0.13046875 0.11171875 0.00625 0.009375
0 0.5234375 0.0375 0.0109375 0.0109375
0 0.56640625 0.48984375 0.0453125 0.05625
0 0.32109375 0.53984375 0.0546875 0.08125
0 0.09609375 0.07421875 0.00625 0.009375
0 0.1984375 0.05390625 0.00625 0.009375
0 0.45546875 0.0046875 0.0109375 0.009375
0 0.0984375 0.1203125 0.0109375 0.0109375
0 0.6734375 0.00859375 0.0125 0.015625
0 0.03203125 0.13359375 0.0171875 0.0171875
0 0.16171875 0.1078125 0.0109375 0.0109375
0 0.39375 0.53515625 0.046875 0.065625
0 0.03125 0.6125 0.05 0.0796875
0 0.19921875 0.103125 0.00625 0.009375
0 0.50625 0.04375 0.0125 0.015625
0 0.878125 0.45546875 0.0640625 0.0828125
0 0.15546875 0.11171875 0.0109375 0.0109375
0 0.1828125 0.10625 0.0125 0.015625
0 0.578125 0.0296875 0.0125 0.015625
0 0.7078125 0.00703125 0.0109375 0.0109375
0 0.5921875 0.02890625 0.0171875 0.0171875
0 0.6203125 0.02421875 0.0109375 0.0109375
0 0.184375 0.6109375 0.0671875 0.078125
0 0.1421875 0.11640625 0.0125 0.015625
0 0.2125 0.103125 0.015625 0.0125
0 0.6375 0.0203125 0.0125 0.0203125
0 0.06796875 0.13359375 0.0109375 0.0109375
0 0.1109375 0.125 0.0125 0.015625
0 0.2765625 0.09296875 0.0078125 0.0140625
0 0.40390625 0.06796875 0.0171875 0.0171875
0 0.5453125 0.040625 0.00625 0.009375
0 0.69921875 0.5296875 0.05625 0.0671875
0 0.3890625 0.59453125 0.0453125 0.0359375
0 0.05 0.13671875 0.0125 0.015625
0 0.26796875 0.09453125 0.0109375 0.0109375
0 0.35390625 0.078125 0.0125 0.015625
0 0.68671875 0.01328125 0.0125 0.015625
0 0.44453125 0.59140625 0.040625 0.0515625
0 0.74453125 0.5328125 0.05 0.075
0 0.73671875 0.00625 0.0109375 0.0109375
0 0.7890625 0.53125 0.0765625 0.0984375
0 0.9734375 0.49609375 0.053125 0.1078125
0 0.72265625 0.00859375 0.0109375 0.0109375
0 0.29140625 0.0921875 0.0171875 0.0171875
0 0.20078125 0.11015625 0.0125 0.015625
0 0.61171875 0.03046875 0.0125 0.0203125
0 0.5453125 0.5875 0.05625 0.090625
0 0.3171875 0.03359375 0.0109375 0.0109375
0 0.3875 0.01953125 0.00625 0.009375
0 0.1265625 0.0703125 0.00625 0.009375
0 0.3015625 0.03671875 0.00625 0.009375
0 0.75546875 0.00546875 0.0171875 0.0109375
0 0.175 0.11484375 0.0125 0.015625
0 0.70234375 0.0125 0.0109375 0.0109375
0 0.78359375 0.00234375 0.0171875 0.0046875
0 0.68671875 0.5765625 0.0703125 0.04375
0 0.07578125 0.13671875 0.0109375 0.0109375
0 0.1328125 0.12578125 0.0078125 0.0140625
0 0.30078125 0.09296875 0.0125 0.0203125
0 0.865625 0.5515625 0.0765625 0.0984375
0 0.29453125 0.6671875 0.0671875 0.078125
0 0.08671875 0.134375 0.0125 0.015625
0 0.13203125 0.70625 0.075 0.09375
0 0.0078125 0.15 0.0109375 0.0109375
0 0.09609375 0.1328125 0.0109375 0.0109375
0 0.24375 0.10390625 0.0125 0.015625
0 0.66640625 0.021875 0.0125 0.015625
0 0.1578125 0.1234375 0.00625 0.009375
0 0.50390625 0.05625 0.0109375 0.0109375
0 0.40625 0.66015625 0.046875 0.065625
0 0.51171875 0.0546875 0.0109375 0.0109375
0 0.578125 0.04140625 0.0109375 0.0109375
0 0.3328125 0.0890625 0.0171875 0.0171875
0 0.3671875 0.0828125 0.0109375 0.0109375
0 0.528125 0.0515625 0.0109375 0.0109375
0 0.6484375 0.028125 0.0125 0.015625
0 0.6765625 0.025 0.0125 0.015625
0 0.234375 0.71015625 0.0734375 0.084375
0 0.38359375 0.08203125 0.0125 0.015625
0 0.6015625 0.0390625 0.0171875 0.0171875
0 0.71171875 0.63046875 0.0765625 0.103125
0 0.02421875 0.1515625 0.0203125 0.0125
0 0.3765625 0.0828125 0.0171875 0.0171875
0 0.3921875 0.0796875 0.0171875 0.0171875
0 0.77578125 0.63515625 0.0828125 0.1078125
0 0.03828125 0.1515625 0.0109375 0.0109375
0 0.3203125 0.09609375 0.0125 0.0203125
0 0.3609375 0.08828125 0.0109375 0.0109375
0 0.10859375 0.1375 0.00625 0.009375
0 0.215625 0.11640625 0.015625 0.0125
0 0.22421875 0.11484375 0.0125 0.0203125
0 0.7765625 0.0078125 0.0109375 0.0109375
0 0.12734375 0.13359375 0.0171875 0.0171875
0 0.1703125 0.12578125 0.015625 0.0125
0 0.93828125 0.62265625 0.084375 0.121875
0 0.15859375 0.0640625 0.00625 0.009375
0 0.1671875 0.0625 0.00625 0.00625
0 0.203125 0.05546875 0.00625 0.009375
0 0.24296875 0.04765625 0.0109375 0.0109375
0 0.3109375 0.034375 0.0125 0.015625
0 0.46640625 0.0046875 0.0109375 0.009375
0 0.15 0.13203125 0.00625 0.009375
0 0.60859375 0.69375 0.0625 0.078125
0 0.5390625 0.05625 0.0171875 0.0203125
0 0.57734375 0.04921875 0.0109375 0.0109375
0 0.62734375 0.0390625 0.0171875 0.0171875
0 0.384375 0.75078125 0.08125 0.0984375
0 0.68515625 0.03046875 0.0125 0.015625
0 0.178125 0.12890625 0.0109375 0.0109375
0 0.5484375 0.05703125 0.0171875 0.0203125
0 0.1875 0.12734375 0.0078125 0.0140625
0 0.4890625 0.06796875 0.0171875 0.0171875
0 0.11640625 0.81953125 0.0984375 0.103125
0 0.734375 0.0203125 0.0125 0.015625
0 0.2046875 0.1234375 0.0125 0.015625
0 0.57734375 0.7375 0.06875 0.0828125
0 0.8078125 0.00859375 0.0109375 0.0109375
0 0.27109375 0.11328125 0.0171875 0.0203125
0 0.34609375 0.0984375 0.0109375 0.0109375
0 0.5671875 0.05546875 0.0171875 0.0171875
0 0.7078125 0.028125 0.0171875 0.0171875
0 0.1171875 0.14296875 0.0171875 0.0171875
0 0.16015625 0.134375 0.0171875 0.0171875
0 0.10390625 0.1484375 0.015625 0.0125
0 0.071875 0.15390625 0.0171875 0.0171875
0 0.1359375 0.1421875 0.015625 0.0125
0 0.79921875 0.0125 0.00625 0.009375
0 0.57890625 0.0578125 0.0125 0.015625
0 0.83515625 0.74609375 0.071875 0.096875
0 0.04921875 0.08515625 0.0109375 0.0109375
0 0.21484375 0.053125 0.00625 0.009375
0 0.51328125 0.0015625 0.0109375 0.003125
0 0.88515625 0.003125 0.0171875 0.00625
0 0.05625 0.159375 0.0171875 0.0171875
0 0.090625 0.153125 0.0125 0.015625
0 0.2859375 0.11484375 0.0125 0.015625
0 0.5359375 0.06640625 0.0125 0.015625
0 0.73671875 0.7703125 0.08125 0.0984375
0 0.3796875 0.09921875 0.0109375 0.0109375
0 0.44140625 0.0875 0.0171875 0.0171875
0 0.90703125 0.76328125 0.0921875 0.1140625
0 0.15 0.14375 0.0171875 0.0171875
0 0.8703125 0.00703125 0.0125 0.0140625
0 0.759375 0.028125 0.01875 0.025
0 0.67578125 0.04375 0.0125 0.015625
0 0.1828125 0.13984375 0.0125 0.015625
0 0.525 0.0734375 0.0171875 0.0171875
0 0.78671875 0.02265625 0.0171875 0.0203125
0 0.1421875 0.14765625 0.0171875 0.0171875
0 0.6640625 0.04609375 0.01875 0.025
0 0.2421875 0.13046875 0.0109375 0.0109375
0 0.38828125 0.90625 0.0984375 0.08125
0 0.60546875 0.06015625 0.0171875 0.0203125
0 0.4078125 0.0984375 0.021875 0.021875
0 0.8140625 0.828125 0.1078125 0.0640625
0 0.696875 0.0421875 0.01875 0.025
0 0.3328125 0.11328125 0.0171875 0.0171875
0 0.85390625 0.0140625 0.0125 0.0203125
0 0.196875 0.1421875 0.01875 0.025
0 0.0328125 0.1734375 0.0171875 0.0171875
0 0.3671875 0.10859375 0.0109375 0.0109375
0 0.50390625 0.08203125 0.0171875 0.0171875
0 0.82109375 0.0203125 0.0171875 0.0203125
0 0.68359375 0.04765625 0.0171875 0.0203125
0 0.25 0.0484375 0.0109375 0.0109375
0 0.04296875 0.0890625 0.0078125 0.0140625
0 0.2765625 0.04375 0.00625 0.00625
0 0.29296875 0.040625 0.0109375 0.0109375
0 0.33359375 0.0328125 0.0109375 0.0109375
0 0.35859375 0.02734375 0.0109375 0.0109375
0 0.74453125 0.03515625 0.01875 0.025
0 0.6421875 0.05546875 0.0171875 0.0203125
0 0.65625 0.0546875 0.0234375 0.0265625
0 0.8359375 0.0203125 0.01875 0.025
0 0.10859375 0.16171875 0.0171875 0.0171875
0 0.46328125 0.0921875 0.015625 0.0125
0 0.2765625 0.12890625 0.0203125 0.0171875
0 0.01875 0.18046875 0.0203125 0.0171875
0 0.0796875 0.16875 0.0171875 0.0171875
0 0.175 0.15 0.0125 0.015625
0 0.22265625 0.140625 0.0109375 0.0109375
0 0.73203125 0.0421875 0.01875 0.025
0 0.2109375 0.14296875 0.0171875 0.0171875
0 0.42265625 0.10234375 0.0171875 0.0171875
0 0.6296875 0.06171875 0.0234375 0.0265625
0 0.559375 0.07578125 0.015625 0.0125
0 0.90234375 0.01328125 0.0234375 0.0265625
0 0.25078125 0.1375 0.0125 0.015625
0 0.23203125 0.14140625 0.0109375 0.0109375
0 0.1234375 0.16484375 0.0171875 0.0203125
0 0.58203125 0.07578125 0.0171875 0.0203125
0 0.54375 0.0828125 0.0171875 0.0203125
0 0.4546875 0.10078125 0.015625 0.0125
0 0.57578125 0.0765625 0.01875 0.025
0 0.4875 0.09453125 0.0171875 0.0171875