0 0.171875 0.2 0.028125 0.0359375
0 0.13984375 0.196875 0.025 0.04375
0 0.57890625 0.2765625 0.025 0.04375
0 0.48984375 0.26328125 0.025 0.04375
0 0.675 0.29609375 0.028125 0.0359375
0 0.05625 0.19140625 0.0234375 0.034375
0 0.88515625 0.0890625 0.0296875 0.040625
0 0.09765625 0.2078125 0.0296875 0.0453125
0 0.93984375 0.3609375 0.0296875 0.0453125
0 0.2015625 0.23046875 0.025 0.04375
0 0.51953125 0.29375 0.0296875 0.040625
0 0.63984375 0.3203125 0.028125 0.0359375
0 0.990625 0.3875 0.01875 0.040625
0 0.50390625 0.303125 0.0234375 0.034375
0 0.80703125 0.359375 0.034375 0.040625
0 0.6015625 0.32265625 0.034375 0.0453125
0 0.35703125 0.0078125 0.0234375 0.015625
0 0.9609375 0.39296875 0.028125 0.0359375
0 0.15703125 0.25625 0.034375 0.040625
0 0.5625 0.328125 0.0296875 0.0453125
0 0.40625 0.31015625 0.0234375 0.034375
0 0.678125 0.36015625 0.025 0.0390625
0 0.8890625 0.39765625 0.0390625 0.046875
0 0.44453125 0.32109375 0.0296875 0.0453125
0 0.84609375 0.3921875 0.0296875 0.0453125
0 0.321875 0.3109375 0.0296875 0.040625
0 0.709375 0.37890625 0.0234375 0.03125
0 0.42421875 0.33359375 0.03125 0.0546875
0 0.29609375 0.31328125 0.034375 0.040625
0 0.365625 0.3328125 0.034375 0.0453125
0 0.3390625 0.33515625 0.034375 0.0453125
0 0.6921875 0.39765625 0.028125 0.03125
0 0.98515625 0.4515625 0.025 0.0390625
0 0.0375 0.284375 0.0203125 0.0390625
0 0.1125 0.31171875 0.0296875 0.0453125
0 0.915625 0.10546875 0.028125 0.03125
0 0.6578125 0.41796875 0.0296875 0.040625
0 0.96328125 0.4734375 0.025 0.0390625
0 0.4546875 0.384375 0.0296875 0.040625
0 0.29921875 0.359375 0.0296875 0.0453125
0 0.41328125 0.01796875 0.0296875 0.0359375
0 0.71015625 0.44296875 0.0296875 0.040625
0 0.9015625 0.4765625 0.0234375 0.03125
0 0.93515625 0.48203125 0.0296875 0.040625
0 0.0578125 0.32734375 0.025 0.0390625
0 0.22890625 0.3578125 0.028125 0.0359375
0 0.52734375 0.4125 0.0234375 0.03125
0 0.8734375 0.47578125 0.025 0.0390625
0 0.77578125 0.47109375 0.034375 0.040625
0 0.7390625 0.4640625 0.025 0.04375
0 0.3296875 0.39921875 0.028125 0.03125
0 0.48203125 0.42890625 0.028125 0.03125
0 0.72734375 0.0765625 0.025 0.0390625
0 0.97109375 0.52421875 0.0234375 0.03125
0 0.37890625 0.425 0.0296875 0.0453125
0 0.41171875 0.43046875 0.028125 0.0359375
0 0.81171875 0.503125 0.0203125 0.0390625
0 0.765625 0.5 0.025 0.0390625
0 0.8265625 0.51328125 0.025 0.0390625
0 0.61171875 0.47734375 0.034375 0.040625
0 0.9703125 0.55078125 0.021875 0.0265625
0 0.471875 0.4625 0.0328125 0.0328125
0 0.09140625 0.40390625 0.0296875 0.0453125
0 0.02109375 0.39140625 0.025 0.0390625
0 0.26171875 0.4390625 0.03125 0.05
0 0.56015625 0.49140625 0.028125 0.03125
0 0.86953125 0.5484375 0.01875 0.0296875
0 0.6421875 0.50859375 0.0296875 0.040625
0 0.0625 0.40859375 0.0296875 0.040625
0 0.61953125 0.0625 0.028125 0.0359375
0 0.13125 0.43046875 0.0265625 0.0484375
0 0.7421875 0.53828125 0.0296875 0.040625
0 0.29921875 0.4625 0.028125 0.03125
0 0.23671875 0.4609375 0.034375 0.0453125
0 0.334375 0.48046875 0.0296875 0.040625
0 0.78046875 0.56171875 0.0234375 0.034375
0 0.18828125 0.46640625 0.0296875 0.0453125
0 0.315625 0.49375 0.0234375 0.034375
0 0.1515625 0.46484375 0.034375 0.040625
0 0.02734375 0.44765625 0.0296875 0.0453125
0 0.4140625 0.51953125 0.034375 0.0453125
0 0.48046875 0.53125 0.0296875 0.040625
0 0.53046875 0.53984375 0.0296875 0.040625
0 0.965625 0.6171875 0.0234375 0.03125
0 0.0671875 0.46328125 0.0203125 0.0390625
0 0.8984375 0.61015625 0.025 0.0390625
0 0.94296875 0.62734375 0.021875 0.021875
0 0.04609375 0.471875 0.0234375 0.034375
0 0.68046875 0.58359375 0.028125 0.0359375
0 0.46875 0.55546875 0.0296875 0.0453125
0 0.1265625 0.5 0.028125 0.03125
0 0.584375 0.06328125 0.0234375 0.034375
0 0.07578125 0.49375 0.034375 0.0453125
0 0.2515625 0.52421875 0.0296875 0.040625
0 0.3984375 0.553125 0.028125 0.0359375
0 0.5671875 0.58515625 0.0390625 0.046875
0 0.8046875 0.1046875 0.0234375 0.034375
0 0.21796875 0.52578125 0.028125 0.03125
0 0.90625 0.646875 0.028125 0.0359375
0 0.55390625 0.06015625 0.0296875 0.040625
0 0.9421875 0.66015625 0.025 0.04375
0 0.27265625 0.01640625 0.0296875 0.0328125
0 0.69921875 0.08828125 0.0296875 0.040625
0 0.921875 0.66875 0.0296875 0.0453125
0 0.10078125 0.52421875 0.034375 0.0453125
0 0.4125 0.58046875 0.034375 0.0453125
0 0.88046875 0.66328125 0.034375 0.0453125
0 0.1875 0.540625 0.028125 0.0359375
0 0.70859375 0.63515625 0.028125 0.0359375
0 0.6015625 0.61875 0.025 0.0390625
0 0.84296875 0.1140625 0.0234375 0.03125
0 0.22109375 0.5609375 0.0296875 0.040625
0 0.2625 0.56875 0.0359375 0.05
0 0.478125 0.0515625 0.028125 0.03125
0 0.72421875 0.66875 0.034375 0.040625
0 0.8265625 0.68671875 0.0296875 0.0453125
0 0.75703125 0.68203125 0.0234375 0.034375
0 0.93515625 0.71328125 0.028125 0.0359375
0 0.7625 0.1046875 0.025 0.0390625
0 0.31875 0.609375 0.0390625 0.046875
0 0.121875 0.5796875 0.0234375 0.03125
0 0.24375 0.6078125 0.034375 0.0453125
0 0.26875 0.6125 0.028125 0.03125
0 0.38671875 0.6328125 0.0328125 0.0359375
0 0.66015625 0.08671875 0.0296875 0.040625
0 0.95859375 0.1390625 0.0234375 0.03125
0 0.40546875 0.63671875 0.034375 0.0453125
0 0.00703125 0.56640625 0.0140625 0.0453125
0 0.171875 0.6015625 0.034375 0.0453125
0 0.6359375 0.6859375 0.0234375 0.034375
0 0.4859375 0.659375 0.0296875 0.040625
0 0.66484375 0.7 0.0234375 0.03125
0 0.8875 0.12890625 0.0296875 0.040625
0 0.00859375 0.5953125 0.0171875 0.03125
0 0.3515625 0.03671875 0.0234375 0.03125
0 0.02890625 0.61171875 0.0296875 0.040625
0 0.54921875 0.70390625 0.0359375 0.05
0 0.92578125 0.13828125 0.0296875 0.040625
0 0.484375 0.696875 0.034375 0.0453125
0 0.20546875 0.65 0.0359375 0.05
0 0.665625 0.73359375 0.0296875 0.040625
0 0.58125 0.71875 0.034375 0.0453125
0 0.63515625 0.73125 0.0328125 0.0359375
0 0.459375 0.7046875 0.0328125 0.0359375
0 0.39296875 0.6953125 0.0296875 0.040625
0 0.8265625 0.78046875 0.0296875 0.0453125
0 0.71953125 0.7640625 0.0234375 0.03125
0 0.31640625 0.7 0.0296875 0.0453125
0 0.00703125 0.64609375 0.0140625 0.0453125
0 0.2890625 0.69765625 0.028125 0.03125
0 0.3453125 0.7125 0.0375 0.0375
0 0.56171875 0.75078125 0.021875 0.021875
0 0.63203125 0.7625 0.034375 0.0453125
0 0.690625 0.77578125 0.0234375 0.034375
0 0.24140625 0.70078125 0.0296875 0.0453125
0 0.109375 0.678125 0.028125 0.0359375
0 0.75625 0.79453125 0.034375 0.0453125
0 0.053125 0.675 0.034375 0.040625
0 0.42265625 0.05625 0.028125 0.0359375
0 0.56015625 0.771875 0.0296875 0.040625
0 0.29765625 0.728125 0.0390625 0.046875
0 0.42265625 0.75234375 0.0296875 0.040625
0 0.50703125 0.7671875 0.028125 0.0359375
0 0.44609375 0.76328125 0.028125 0.03125
0 0.3296875 0.74765625 0.034375 0.040625
0 0.92109375 0.8546875 0.0234375 0.034375
0 0.39921875 0.7671875 0.034375 0.0453125
0 0.8828125 0.8609375 0.034375 0.0453125
0 0.04375 0.71796875 0.034375 0.0453125
0 0.1203125 0.73125 0.0296875 0.0453125
0 0.84609375 0.859375 0.0296875 0.040625
0 0.6875 0.83359375 0.025 0.0390625
0 0.13359375 0.73828125 0.0296875 0.040625
0 0.59140625 0.821875 0.028125 0.0359375
0 0.509375 0.80703125 0.021875 0.0265625
0 0.64375 0.83046875 0.0296875 0.0453125
0 0.00390625 0.71640625 0.0078125 0.0390625
0 0.80546875 0.859375 0.0296875 0.040625
0 0.4546875 0.79765625 0.0296875 0.0453125
0 0.08046875 0.73359375 0.0390625 0.046875
0 0.6234375 0.0234375 0.0265625 0.021875
0 0.77265625 0.8609375 0.021875 0.021875
0 0.37734375 0.79375 0.034375 0.0453125
0 0.7203125 0.865625 0.0296875 0.040625
0 0.221875 0.7875 0.0359375 0.0546875
0 0.90703125 0.9078125 0.0328125 0.0328125
0 0.49921875 0.8359375 0.0296875 0.0453125
0 0.0234375 0.75234375 0.0296875 0.040625
0 0.83984375 0.89609375 0.028125 0.0359375
0 0.3828125 0.05625 0.0234375 0.03125
0 0.77421875 0.89453125 0.0234375 0.034375
0 0.15703125 0.79375 0.034375 0.0453125
0 0.87421875 0.92265625 0.028125 0.0359375
0 0.45078125 0.07109375 0.0296875 0.040625
0 0.19453125 0.8078125 0.034375 0.0453125
0 0.278125 0.825 0.0359375 0.05
0 0.4015625 0.846875 0.034375 0.0453125
0 0.3015625 0.83828125 0.0296875 0.040625
0 0.40078125 0.0640625 0.0234375 0.034375
0 0.475 0.88125 0.034375 0.0453125
0 0.50625 0.89140625 0.0296875 0.040625
0 0.1046875 0.82265625 0.0296875 0.0453125
0 0.53671875 0.9015625 0.034375 0.0453125
0 0.03515625 0.815625 0.0234375 0.034375
0 0.840625 0.14453125 0.0296875 0.040625
0 0.81875 0.95859375 0.04375 0.046875
0 0.70703125 0.94140625 0.0296875 0.0453125
0 0.36015625 0.8796875 0.0296875 0.0453125
0 0.7546875 0.9515625 0.040625 0.05625
0 0.51953125 0.9125 0.034375 0.040625
0 0.23359375 0.0375 0.025 0.0390625
0 0.78515625 0.96171875 0.025 0.0390625
0 0.59140625 0.928125 0.0296875 0.0453125
0 0.38359375 0.89296875 0.0296875 0.0453125
0 0.21015625 0.86484375 0.034375 0.0453125
0 0.95390625 0.16640625 0.0234375 0.03125
0 0.6875 0.95625 0.028125 0.0359375
0 0.87421875 0.9875 0.0328125 0.025
0 0.33125 0.89765625 0.0296875 0.0453125
0 0.26328125 0.8859375 0.0296875 0.040625
0 0.6609375 0.95859375 0.0296875 0.040625
0 0.64453125 0.9578125 0.034375 0.0453125
0 0.6171875 0.9578125 0.034375 0.0453125
0 0.56171875 0.95234375 0.025 0.0390625
0 0.49765625 0.953125 0.0296875 0.040625
0 0.43125 0.94375 0.0296875 0.040625
0 0.6703125 0.11796875 0.0234375 0.034375
0 0.39140625 0.9390625 0.0296875 0.0453125
0 0.69453125 0.98515625 0.0296875 0.0296875
0 0.00703125 0.88671875 0.0140625 0.0453125
0 0.0125 0.89296875 0.025 0.0390625
0 0.65546875 0.99375 0.0390625 0.0125
0 0.2484375 0.9421875 0.0390625 0.046875
0 0.06328125 0.91171875 0.0328125 0.0359375
0 0.096875 0.91796875 0.040625 0.034375
0 0.7203125 0.13203125 0.021875 0.0265625
0 0.79921875 0.1484375 0.0296875 0.040625
0 0.1015625 0.02734375 0.0296875 0.040625
0 0.42109375 0.09375 0.0234375 0.03125
0 0.47109375 0.11875 0.028125 0.03125
0 0.5328125 0.1296875 0.028125 0.0359375
0 0.7234375 0.16328125 0.0234375 0.034375
0 0.95703125 0.2046875 0.028125 0.0359375
0 0.896875 0.19609375 0.0234375 0.034375
0 0.30703125 0.09921875 0.0234375 0.03125
0 0.76953125 0.18828125 0.028125 0.0359375
0 0.42578125 0.13203125 0.028125 0.03125
0 0.51953125 0.1515625 0.0234375 0.034375
0 0.08828125 0.075 0.03125 0.05
0 0.3859375 0.134375 0.028125 0.03125
0 0.22265625 0.11015625 0.0234375 0.034375
0 0.4734375 0.15390625 0.0296875 0.0453125
0 0.2984375 0.1234375 0.0296875 0.0453125
0 0.53984375 0.16796875 0.0296875 0.040625
0 0.56875 0.17578125 0.0234375 0.034375
0 0.8515625 0.22578125 0.0234375 0.034375
0 0.64453125 0.1890625 0.034375 0.040625
0 0.775 0.06015625 0.034375 0.040625
0 0.48671875 0.16328125 0.025 0.0390625
0 0.70546875 0.20234375 0.0234375 0.03125
0 0.51484375 0.0171875 0.0296875 0.034375
0 0.203125 0.11875 0.025 0.0390625
0 0.6078125 0.19453125 0.0296875 0.040625
0 0.87265625 0.24140625 0.025 0.0390625
0 0.56953125 0.0234375 0.0234375 0.03125
0 0.7046875 0.04765625 0.0234375 0.03125
0 0.99140625 0.26484375 0.0171875 0.0359375
0 0.76015625 0.22578125 0.028125 0.0359375
0 0.146875 0.11796875 0.0296875 0.0453125
0 0.40859375 0.1640625 0.025 0.0390625
0 0.95546875 0.26328125 0.0234375 0.03125
0 0.66328125 0.03984375 0.025 0.0390625
0 0.10078125 0.121875 0.0296875 0.0453125
0 0.35625 0.16953125 0.034375 0.0453125
0 0.07734375 0.125 0.0296875 0.0453125
0 0.7015625 0.2375 0.025 0.0390625
0 0.95859375 0.28515625 0.028125 0.03125
0 0.78984375 0.2578125 0.028125 0.0359375
0 0.8890625 0.27734375 0.025 0.0390625
0 0.9375 0.28828125 0.0296875 0.040625
0 0.85703125 0.27421875 0.0234375 0.03125
0 0.9953125 0.3015625 0.009375 0.034375
0 0.58046875 0.2296875 0.0234375 0.034375
0 0.61015625 0.234375 0.025 0.0390625
0 0.66171875 0.2484375 0.0234375 0.034375
0 0.54453125 0.2328125 0.028125 0.0359375
0 0.1890625 0.1703125 0.025 0.0390625
0 0.31640625 0.196875 0.0296875 0.040625
0 0.7234375 0.27109375 0.03125 0.05
0 0.1453125 0.16953125 0.0296875 0.040625
0 0.3515625 0.2078125 0.028125 0.0359375
0 0.84609375 0.2953125 0.028125 0.0359375
0 0.23203125 0.19140625 0.034375 0.040625
0 0.525 0.2484375 0.0265625 0.0484375
0 0.503125 0.24453125 0.028125 0.0359375
0 0.56171875 0.25703125 0.0296875 0.040625
0 0.9953125 0.33515625 0.009375 0.0453125
0 0.2828125 0.21015625 0.034375 0.0453125
0 0.646875 0.2765625 0.0265625 0.0265625
0 0.70390625 0.2890625 0.0234375 0.034375
0 0.59609375 0.27265625 0.025 0.0390625
0 0.7859375 0.30625 0.025 0.0390625