0 0.325 0.1125 0.0296875 0.0375
0 0.20625 0.11875 0.0296875 0.025
0 0.6234375 0.10625 0.025 0.0328125
0 0.37109375 0.11484375 0.025 0.0328125
0 0.55390625 0.1109375 0.0203125 0.0328125
0 0.7 0.11328125 0.0296875 0.046875
0 0.89609375 0.10859375 0.0296875 0.046875
0 0.8296875 0.11328125 0.0296875 0.0375
0 0.64375 0.121875 0.025 0.0328125
0 0.1359375 0.14453125 0.0328125 0.0296875
0 0.20546875 0.14453125 0.0375 0.0328125
0 0.77421875 0.009375 0.0296875 0.01875
0 0.76328125 0.12734375 0.0296875 0.0421875
0 0.5359375 0.13984375 0.0296875 0.0328125
0 0.78359375 0.1359375 0.0296875 0.0421875
0 0.00859375 0.1703125 0.0171875 0.046875
0 0.321875 0.159375 0.025 0.046875
0 0.59375 0.15 0.034375 0.0515625
0 0.81796875 0.01015625 0.0203125 0.0203125
0 0.2640625 0.16484375 0.034375 0.046875
0 0.13671875 0.17421875 0.0296875 0.0296875
0 0.66171875 0.15859375 0.0296875 0.0375
0 0.346875 0.17421875 0.0328125 0.0375
0 0.428125 0.17109375 0.0296875 0.0421875
0 0.07734375 0.18359375 0.0375 0.0421875
0 0.40703125 0.17421875 0.0296875 0.046875
0 0.94453125 0.16015625 0.0296875 0.0375
0 0.21328125 0.1859375 0.0296875 0.0421875
0 0.48203125 0.18125 0.034375 0.0515625
0 0.87265625 0.1671875 0.0296875 0.0375
0 0.5515625 0.178125 0.034375 0.046875
0 0.13515625 0.20234375 0.0328125 0.0421875
0 0.059375 0.2140625 0.0375 0.0375
0 0.0046875 0.22265625 0.009375 0.0421875
0 0.5015625 0.20625 0.0328125 0.0421875
0 0.27734375 0.22578125 0.0390625 0.05625
0 0.3515625 0.22265625 0.0296875 0.0296875
0 0.88359375 0.20625 0.0296875 0.0375
0 0.5765625 0.22109375 0.034375 0.0515625
0 0.70859375 0.2234375 0.0296875 0.046875
0 0.78203125 0.2234375 0.0296875 0.0421875
0 0.41640625 0.2390625 0.0296875 0.0328125
0 0.93515625 0.2203125 0.025 0.0328125
0 0.20703125 0.2484375 0.034375 0.046875
0 0.05625 0.25390625 0.0328125 0.0328125
0 0.15 0.0375 0.0203125 0.0234375
0 0.6640625 0.23671875 0.0296875 0.0515625
0 0.503125 0.25234375 0.0328125 0.0421875
0 0.72734375 0.24921875 0.0390625 0.0515625
0 0.359375 0.2640625 0.034375 0.0515625
0 0.88984375 0.2453125 0.0296875 0.0421875
0 0.5859375 0.25859375 0.0296875 0.0421875
0 0.8015625 0.25078125 0.0296875 0.046875
0 0.965625 0.24765625 0.0203125 0.0515625
0 0.0453125 0.29140625 0.0390625 0.046875
0 0.6796875 0.271875 0.0296875 0.0421875
0 0.434375 0.28046875 0.0296875 0.046875
0 0.259375 0.0359375 0.0203125 0.0328125
0 0.84140625 0.275 0.0296875 0.0515625
0 0.98515625 0.26953125 0.015625 0.046875
0 0.75859375 0.27734375 0.0296875 0.046875
0 0.9203125 0.27421875 0.025 0.0421875
0 0.22421875 0.3078125 0.0390625 0.065625
0 0.28984375 0.31484375 0.04375 0.0609375
0 0.8796875 0.29453125 0.0390625 0.0515625
0 0.3828125 0.3140625 0.0390625 0.05625
0 0.13984375 0.32734375 0.0328125 0.0328125
0 0.6328125 0.3125 0.0296875 0.0421875
0 0.78515625 0.3140625 0.0390625 0.0609375
0 0.69296875 0.31953125 0.0296875 0.046875
0 0.4703125 0.32734375 0.0296875 0.0296875
0 0.03125 0.3453125 0.034375 0.0515625
0 0.5359375 0.33203125 0.0390625 0.046875
0 0.00703125 0.36328125 0.0140625 0.0421875
0 0.21328125 0.36171875 0.0421875 0.0375
0 0.7234375 0.34609375 0.034375 0.0609375
0 0.63125 0.34921875 0.0390625 0.046875
0 0.39140625 0.36015625 0.0296875 0.0515625
0 0.134375 0.37578125 0.04375 0.0609375
0 0.8125 0.3546875 0.0390625 0.0515625
0 0.471875 0.36875 0.0203125 0.0234375
0 0.3109375 0.38359375 0.034375 0.0515625
0 0.2140625 0.38984375 0.0421875 0.0421875
0 0.984375 0.371875 0.025 0.0515625
0 0.66484375 0.38359375 0.0390625 0.065625
0 0.7765625 0.3796875 0.0390625 0.065625
0 0.9078125 0.37734375 0.034375 0.0609375
0 0.94765625 0.38046875 0.0390625 0.05625
0 0.02265625 0.4125 0.04375 0.0609375
0 0.49296875 0.0390625 0.0296875 0.0375
0 0.3671875 0.40546875 0.0390625 0.05625
0 0.48984375 0.4140625 0.0484375 0.0625
0 0.21484375 0.4265625 0.04375 0.0515625
0 0.321875 0.43203125 0.0390625 0.05625
0 0.015625 0.45 0.03125 0.046875
0 0.971875 0.41875 0.0390625 0.0515625
0 0.11640625 0.46015625 0.034375 0.05625
0 0.4390625 0.46796875 0.0390625 0.0515625
0 0.14609375 0.0578125 0.025 0.0296875
0 0.21015625 0.48203125 0.04375 0.05625
0 0.71484375 0.46640625 0.04375 0.0609375
0 0.01640625 0.4953125 0.0328125 0.05625
0 0.88125 0.465625 0.04375 0.05625
0 0.83046875 0.46953125 0.04375 0.0609375
0 0.9875 0.46875 0.015625 0.065625
0 0.60625 0.49140625 0.04375 0.075
0 0.30078125 0.50703125 0.034375 0.0609375
0 0.3203125 0.059375 0.0328125 0.0375
0 0.4359375 0.5234375 0.0484375 0.0765625
0 0.959375 0.50703125 0.0390625 0.05625
0 0.33671875 0.5359375 0.034375 0.065625
0 0.175 0.54375 0.0390625 0.075
0 0.0109375 0.56328125 0.015625 0.0515625
0 0.8859375 0.54453125 0.053125 0.071875
0 0.21796875 0.57265625 0.0484375 0.0671875
0 0.55078125 0.5609375 0.034375 0.0515625
0 0.7734375 0.5625 0.04375 0.065625
0 0.20390625 0.06796875 0.0203125 0.0375
0 0.990625 0.56640625 0.0171875 0.075
0 0.42421875 0.06015625 0.025 0.0328125
0 0.31796875 0.59921875 0.04375 0.05625
0 0.265625 0.06796875 0.025 0.0328125
0 0.66328125 0.5984375 0.0390625 0.0609375
0 0.03828125 0.07578125 0.0296875 0.0296875
0 0.56484375 0.6296875 0.0484375 0.0890625
0 0.465625 0.63359375 0.0578125 0.0765625
0 0.71328125 0.63203125 0.0390625 0.0609375
0 0.93359375 0.63828125 0.04375 0.0703125
0 0.3109375 0.6640625 0.0484375 0.0671875
0 0.09296875 0.70625 0.0484375 0.084375
0 0.225 0.70390625 0.04375 0.0609375
0 0.75 0.69296875 0.0625 0.0765625
0 0.4546875 0.7171875 0.053125 0.0859375
0 0.85078125 0.7171875 0.04375 0.0609375
0 0.596875 0.7375 0.0546875 0.103125
0 0.83671875 0.0671875 0.0296875 0.0375
0 0.96875 0.0625 0.025 0.05625
0 0.784375 0.80546875 0.0484375 0.0765625
0 0.64296875 0.8171875 0.0625 0.0859375
0 0.14140625 0.09609375 0.025 0.0375
0 0.10078125 0.02265625 0.01875 0.01875
0 0.51875 0.00859375 0.01875 0.0171875
0 0.51171875 0.84453125 0.0625 0.090625
0 0.35546875 0.86171875 0.0625 0.090625
0 0.07109375 0.896875 0.053125 0.0578125
0 0.75 0.0859375 0.0328125 0.0375