0 0.03671875 0.33828125 0.0734375 0.1671875
0 0.5796875 0.34375 0.09375 0.1265625
0 0.334375 0.36796875 0.1125 0.1921875
0 0.9171875 0.3265625 0.090625 0.140625
0 0.42109375 0.36953125 0.028125 0.0484375
0 0.253125 0.384375 0.0875 0.1546875
0 0.1703125 0.3984375 0.0640625 0.10625
0 0.45234375 0.37890625 0.0421875 0.071875
0 0.51640625 0.39453125 0.0875 0.1171875
0 0.1109375 0.434375 0.06875 0.1109375
0 0.02578125 0.4625 0.0515625 0.125
0 0.7375 0.43046875 0.1078125 0.1421875
0 0.87734375 0.43046875 0.0546875 0.096875
0 0.9546875 0.4421875 0.090625 0.16875