0 0.61015625 0.25078125 0.0328125 0.040625
0 0.7703125 0.23046875 0.046875 0.078125
0 0.53046875 0.26953125 0.0390625 0.059375
0 0.3828125 0.30078125 0.046875 0.078125
0 0.43671875 0.29609375 0.0203125 0.0421875
0 0.646875 0.26640625 0.0625 0.0984375
0 0.8359375 0.246875 0.05 0.075
0 0.60703125 0.27890625 0.0453125 0.0640625
0 0.70546875 0.265625 0.046875 0.078125
0 0.56328125 0.296875 0.05625 0.0796875
0 0.7421875 0.29296875 0.065625 0.121875
0 0.41796875 0.34609375 0.0640625 0.103125
0 0.30234375 0.37109375 0.065625 0.1125
0 0.48125 0.3671875 0.084375 0.1234375
0 0.6921875 0.38359375 0.071875 0.1265625
0 0.0203125 0.49296875 0.040625 0.1421875
0 0.35703125 0.44765625 0.1109375 0.18125
0 0.1265625 0.484375 0.10625 0.1765625
0 0.60703125 0.465625 0.121875 0.21875
0 0.52421875 0.85859375 0.240625 0.271875
0 0.8109375 0.11953125 0.034375 0.0546875
0 0.475 0.17109375 0.03125 0.0625
0 0.71328125 0.1375 0.0359375 0.0640625
0 0.8875 0.11328125 0.0359375 0.059375
0 0.790625 0.1390625 0.025 0.04375
0 0.596875 0.17109375 0.0296875 0.0484375
0 0.53828125 0.190625 0.0296875 0.053125
0 0.921875 0.1390625 0.034375 0.0546875
0 0.31953125 0.23359375 0.034375 0.0453125