0 0.2546875 0.2875 0.0359375 0.071875
0 0.67890625 0.24765625 0.04375 0.06875
0 0.31015625 0.29765625 0.040625 0.0734375
0 0.415625 0.32421875 0.04375 0.059375
0 0.5078125 0.3125 0.05 0.0828125
0 0.596875 0.14765625 0.0421875 0.0546875
0 0.26484375 0.19765625 0.0359375 0.0671875
0 0.32890625 0.1921875 0.034375 0.053125
0 0.4765625 0.1765625 0.0453125 0.078125
0 0.1546875 0.24921875 0.0453125 0.0734375
0 0.53203125 0.20703125 0.04375 0.06875
0 0.8078125 0.178125 0.0484375 0.06875
0 0.39921875 0.2296875 0.0359375 0.0671875
0 0.771875 0.18671875 0.040625 0.0734375
0 0.44140625 0.23671875 0.0390625 0.0640625
0 0.1140625 0.28125 0.05 0.078125
0 0.72890625 0.21796875 0.05 0.0734375
0 0.3640625 0.26484375 0.0453125 0.078125
0 0.203125 0.28671875 0.0453125 0.078125
0 0.58203125 0.240625 0.0453125 0.078125
0 0.63359375 0.2390625 0.05 0.078125