0 0.28828125 0.1578125 0.0265625 0.034375
0 0.24921875 0.16953125 0.0203125 0.0203125
0 0.225 0.17734375 0.021875 0.0296875
0 0.15625 0.190625 0.021875 0.0296875
0 0.31953125 0.17265625 0.0265625 0.034375
0 0.109375 0.20078125 0.021875 0.025
0 0.35 0.17109375 0.0265625 0.034375
0 0.184375 0.19140625 0.0265625 0.03125
0 0.053125 0.21640625 0.021875 0.034375
0 0.034375 0.22109375 0.0171875 0.0328125
0 0.39765625 0.1765625 0.028125 0.04375
0 0.06640625 0.221875 0.0171875 0.0296875
0 0.44921875 0.18203125 0.0265625 0.03125
0 0.01796875 0.23984375 0.021875 0.0296875
0 0.36640625 0.20625 0.021875 0.0296875
0 0.41875 0.21875 0.0328125 0.040625
0 0.4890625 0.2171875 0.0328125 0.040625
0 0.403125 0.24375 0.0375 0.0453125
0 0.54296875 0.24296875 0.0375 0.05
0 0.66796875 0.23203125 0.0375 0.0546875
0 0.73984375 0.228125 0.021875 0.0296875
0 0.6015625 0.2453125 0.0328125 0.04375
0 0.56953125 0.2515625 0.034375 0.053125
0 0.74140625 0.28125 0.04375 0.0640625
0 0.2828125 0.34453125 0.0203125 0.0203125
0 0.2328125 0.35546875 0.0328125 0.040625
0 0.33671875 0.35234375 0.0328125 0.04375
0 0.25859375 0.37109375 0.028125 0.0484375
0 0.16484375 0.3890625 0.0328125 0.0484375
0 0.28203125 0.3796875 0.0375 0.0546875
0 0.20078125 0.396875 0.0375 0.05
0 0.22578125 0.39375 0.0421875 0.0546875
0 0.35625 0.39609375 0.0421875 0.0546875
0 0.440625 0.39296875 0.0484375 0.0640625
0 0.55078125 0.384375 0.034375 0.053125
0 0.578125 0.39296875 0.04375 0.0640625
0 0.64296875 0.4078125 0.0453125 0.0734375
0 0.759375 0.40546875 0.059375 0.084375
0 0.89921875 0.390625 0.0546875 0.0796875
0 0.83203125 0.41015625 0.059375 0.0796875
0 0.71015625 0.425 0.0609375 0.0890625
0 0.97265625 0.40234375 0.0453125 0.0828125
0 0.9375 0.434375 0.0546875 0.0796875
0 0.7671875 0.528125 0.0796875 0.096875
0 0.87109375 0.52421875 0.059375 0.084375
0 0.9671875 0.53203125 0.065625 0.1234375
0 0.91953125 0.56015625 0.08125 0.1140625
0 0.07265625 0.6640625 0.0515625 0.046875
0 0.81015625 0.57578125 0.0859375 0.109375
0 0.67734375 0.615625 0.0890625 0.128125
0 0.51328125 0.6453125 0.0828125 0.1234375
0 0.378125 0.6671875 0.1078125 0.140625
0 0.26875 0.6890625 0.0984375 0.134375
0 0.22265625 0.7109375 0.0484375 0.059375
0 0.084375 0.76328125 0.1046875 0.1484375
0 0.16484375 0.80703125 0.046875 0.0546875