0 0.9453125 0.11484375 0.046875 0.0609375
0 0.2296875 0.325 0.0453125 0.0796875
0 0.1515625 0.31484375 0.040625 0.05625
0 0.34453125 0.3546875 0.05 0.0796875
0 0.42578125 0.37265625 0.0421875 0.065625
0 0.46875 0.38359375 0.05625 0.0671875
0 0.68125 0.42734375 0.046875 0.0609375
0 0.59296875 0.4125 0.0453125 0.05625
0 0.07109375 0.315625 0.0484375 0.0703125
0 0.56328125 0.05 0.04375 0.0703125
0 0.88203125 0.11171875 0.0421875 0.065625
0 0.06171875 0.3859375 0.046875 0.065625
0 0.62109375 0.49453125 0.053125 0.071875
0 0.8421875 0.5375 0.0484375 0.0703125
0 0.5 0.47578125 0.0515625 0.0671875
0 0.115625 0.4015625 0.04375 0.0703125
0 0.43828125 0.46640625 0.05 0.075
0 0.25390625 0.4328125 0.0453125 0.0796875
0 0.1921875 0.42109375 0.0578125 0.071875
0 0.328125 0.45 0.0484375 0.0703125
0 0.68828125 0.52734375 0.046875 0.065625
0 0.38515625 0.4703125 0.0453125 0.075
0 0.7671875 0.54453125 0.0515625 0.0671875
0 0.903125 0.57109375 0.05 0.0796875
0 0.9734375 0.5875 0.046875 0.0828125
0 0.55546875 0.50625 0.0484375 0.0703125
0 0.0703125 0.46796875 0.046875 0.065625
0 0.22265625 0.52890625 0.0453125 0.0796875
0 0.3515625 0.5609375 0.04375 0.0703125
0 0.68671875 0.6328125 0.04375 0.0703125
0 0.88515625 0.678125 0.0421875 0.065625
0 0.46875 0.6 0.04375 0.0703125
0 0.8359375 0.67578125 0.05 0.075
0 0.278125 0.621875 0.04375 0.0703125
0 0.0203125 0.57890625 0.040625 0.0671875
0 0.08046875 0.59296875 0.0546875 0.0765625
0 0.8015625 0.746875 0.046875 0.065625
0 0.4265625 0.67421875 0.0421875 0.065625
0 0.51796875 0.696875 0.0390625 0.0640625
0 0.725 0.7375 0.053125 0.071875
0 0.87734375 0.76640625 0.0484375 0.0703125
0 0.35 0.66640625 0.05 0.075
0 0.5921875 0.71875 0.0484375 0.0703125
0 0.93515625 0.78515625 0.05 0.0796875
0 0.2140625 0.64765625 0.05 0.075
0 0.665625 0.73984375 0.0421875 0.065625
0 0.64375 0.09921875 0.040625 0.0515625
0 0.3078125 0.74609375 0.0421875 0.065625
0 0.23984375 0.7328125 0.05 0.0796875
0 0.56171875 0.8015625 0.053125 0.071875
0 0.09453125 0.7203125 0.0421875 0.0609375
0 0.70546875 0.853125 0.05 0.075
0 0.64765625 0.84453125 0.0390625 0.0640625
0 0.14296875 0.746875 0.0453125 0.0796875
0 0.903125 0.89921875 0.04375 0.0703125
0 0.7625 0.87421875 0.05 0.0796875
0 0.8359375 0.8953125 0.05 0.0796875
0 0.4515625 0.8234375 0.0515625 0.084375
0 0.39140625 0.87734375 0.0484375 0.0703125
0 0.315625 0.88125 0.0390625 0.0640625
0 0.32109375 0.05078125 0.0453125 0.075
0 0.62421875 0.94375 0.05 0.0796875
0 0.1109375 0.853125 0.05 0.0796875
0 0.1921875 0.871875 0.0421875 0.078125
0 0.45703125 0.92734375 0.046875 0.065625
0 0.2359375 0.925 0.0453125 0.05625
0 0.49140625 0.09453125 0.046875 0.065625
0 0.384375 0.0765625 0.0375 0.059375
0 0.1515625 0.03828125 0.040625 0.06875
0 0.2125 0.05 0.040625 0.06875
0 0.603125 0.1359375 0.0359375 0.05
0 0.6609375 0.146875 0.04375 0.0703125
0 0.87265625 0.1953125 0.0421875 0.0609375
0 0.9453125 0.209375 0.04375 0.0703125
0 0.80390625 0.18671875 0.046875 0.0609375
0 0.4671875 0.175 0.0390625 0.0640625
0 0.33828125 0.15703125 0.0390625 0.0640625
0 0.21015625 0.13515625 0.040625 0.0734375
0 0.40390625 0.1796875 0.0359375 0.05
0 0.978125 0.290625 0.04375 0.075
0 0.54453125 0.209375 0.0421875 0.0609375
0 0.66015625 0.234375 0.0484375 0.0703125
0 0.278125 0.1625 0.0515625 0.0625
0 0.60703125 0.2265625 0.046875 0.0609375
0 0.7390625 0.2546875 0.046875 0.065625
0 0.9046875 0.28671875 0.046875 0.065625
0 0.14453125 0.14765625 0.0453125 0.0796875
0 0.809375 0.27890625 0.0421875 0.065625
0 0.3671875 0.009375 0.0375 0.01875
0 0.26875 0.23125 0.040625 0.05625
0 0.35234375 0.2515625 0.046875 0.065625
0 0.11328125 0.21015625 0.0453125 0.0796875
0 0.7375 0.3359375 0.046875 0.065625
0 0.18671875 0.23359375 0.0453125 0.0796875
0 0.6328125 0.325 0.046875 0.065625
0 0.54765625 0.315625 0.059375 0.08125
0 0.790625 0.365625 0.046875 0.065625
0 0.9203125 0.4 0.0546875 0.0765625