0 0.44140625 0.16953125 0.0234375 0.034375
0 0.59140625 0.17578125 0.0171875 0.0203125
0 0.86484375 0.1328125 0.0109375 0.015625
0 0.90703125 0.125 0.0171875 0.025
0 0.88125 0.1296875 0.0125 0.0203125
0 0.65 0.175 0.0171875 0.025
0 0.89140625 0.1328125 0.015625 0.015625
0 0.66328125 0.17265625 0.0109375 0.015625
0 0.75 0.16015625 0.0171875 0.0203125
0 0.70234375 0.16875 0.01875 0.0296875
0 0.565625 0.19453125 0.0171875 0.0203125
0 0.67265625 0.17578125 0.0109375 0.015625
0 0.9359375 0.13203125 0.0109375 0.0375
0 0.921875 0.134375 0.0234375 0.03125
0 0.63984375 0.184375 0.015625 0.015625
0 0.7953125 0.16171875 0.0140625 0.0296875
0 0.88671875 0.1453125 0.0109375 0.015625
0 0.35546875 0.2390625 0.0171875 0.0203125
0 0.38515625 0.23359375 0.0171875 0.025
0 0.51953125 0.21015625 0.0171875 0.025
0 0.5859375 0.1984375 0.0171875 0.025
0 0.8015625 0.16015625 0.0171875 0.025
0 0.81796875 0.159375 0.0125 0.0203125
0 0.82734375 0.1578125 0.0125 0.0203125
0 0.85703125 0.1546875 0.0234375 0.034375
0 0.546875 0.209375 0.0125 0.0203125
0 0.2859375 0.2578125 0.0109375 0.015625
0 0.47265625 0.225 0.0171875 0.025
0 0.49765625 0.2203125 0.0171875 0.0203125
0 0.53203125 0.2140625 0.0171875 0.0203125
0 0.60546875 0.2015625 0.0171875 0.025
0 0.6625 0.19140625 0.0109375 0.015625
0 0.76484375 0.1734375 0.0140625 0.025
0 0.490625 0.221875 0.0171875 0.0203125
0 0.3015625 0.2546875 0.0109375 0.015625
0 0.325 0.253125 0.0171875 0.0203125
0 0.66875 0.19453125 0.021875 0.0265625
0 0.27734375 0.2640625 0.015625 0.015625
0 0.29609375 0.2609375 0.015625 0.015625
0 0.190625 0.27890625 0.0171875 0.0203125
0 0.24765625 0.26953125 0.0125 0.0203125
0 0.2234375 0.27578125 0.0109375 0.015625
0 0.71796875 0.18828125 0.0234375 0.03125
0 0.16875 0.2875 0.015625 0.015625
0 0.25546875 0.27265625 0.0109375 0.015625
0 0.89140625 0.16015625 0.0171875 0.0203125
0 0.903125 0.15859375 0.0296875 0.040625
0 0.1203125 0.29609375 0.0171875 0.0203125
0 0.63828125 0.20546875 0.0171875 0.0203125
0 0.38046875 0.25078125 0.0171875 0.0203125
0 0.26484375 0.2734375 0.0171875 0.0203125
0 0.43125 0.24375 0.0171875 0.025
0 0.66484375 0.20546875 0.0125 0.0203125
0 0.77421875 0.1859375 0.0171875 0.025
0 0.39765625 0.25234375 0.0109375 0.015625
0 0.32421875 0.26484375 0.0125 0.0203125
0 0.81015625 0.1796875 0.0234375 0.03125
0 0.57109375 0.22421875 0.021875 0.0265625
0 0.6234375 0.21484375 0.0171875 0.0203125
0 0.2140625 0.28984375 0.0171875 0.025
0 0.32109375 0.2703125 0.0171875 0.025
0 0.58984375 0.2234375 0.01875 0.0296875
0 0.93125 0.16328125 0.034375 0.040625
0 0.84140625 0.18125 0.0296875 0.0453125
0 0.09609375 0.3125 0.0171875 0.025
0 0.31171875 0.27421875 0.0171875 0.025
0 0.29453125 0.27734375 0.0171875 0.025
0 0.17578125 0.30078125 0.0171875 0.0203125
0 0.2359375 0.29296875 0.0171875 0.0203125
0 0.05546875 0.32421875 0.0265625 0.0265625
0 0.253125 0.28984375 0.0125 0.0203125
0 0.4953125 0.246875 0.0171875 0.025
0 0.653125 0.21953125 0.0234375 0.034375
0 0.12578125 0.3140625 0.0171875 0.0203125
0 0.03046875 0.33125 0.0171875 0.025
0 0.78125 0.19921875 0.0125 0.0203125
0 0.1109375 0.3171875 0.015625 0.015625
0 0.1921875 0.303125 0.0171875 0.0203125
0 0.225 0.29921875 0.0171875 0.0203125
0 0.45625 0.26328125 0.0171875 0.025
0 0.16484375 0.3171875 0.0171875 0.025
0 0.184375 0.31328125 0.021875 0.0265625
0 0.14921875 0.32265625 0.0171875 0.0203125
0 0.79296875 0.2109375 0.0171875 0.025
0 0.03125 0.34765625 0.021875 0.0265625
0 0.05703125 0.3453125 0.0265625 0.0265625
0 0.12734375 0.33359375 0.021875 0.0265625
0 0.015625 0.353125 0.0171875 0.0203125
0 0.11171875 0.3359375 0.021875 0.0265625
0 0.14765625 0.3296875 0.0109375 0.015625
0 0.08828125 0.33984375 0.0171875 0.0203125
0 0.6875 0.24375 0.0515625 0.0703125
0 0.89296875 0.2078125 0.05 0.0578125
0 0.1046875 0.35078125 0.021875 0.0265625
0 0.05546875 0.36171875 0.0265625 0.0265625
0 0.00625 0.37265625 0.0125 0.0359375
0 0.02421875 0.37421875 0.0296875 0.040625
0 0.8515625 0.228125 0.0359375 0.05
0 0.15390625 0.3515625 0.028125 0.0359375
0 0.61328125 0.27265625 0.034375 0.0453125
0 0.571875 0.28046875 0.0390625 0.046875
0 0.76328125 0.24921875 0.0640625 0.0859375
0 0.128125 0.36796875 0.034375 0.040625
0 0.09453125 0.37421875 0.028125 0.03125
0 0.8078125 0.2484375 0.0484375 0.075
0 0.21796875 0.3546875 0.053125 0.0796875
0 0.51640625 0.3015625 0.053125 0.0796875
0 0.0546875 0.3859375 0.028125 0.0359375
0 0.94453125 0.2359375 0.04375 0.1
0 0.071875 0.39453125 0.0453125 0.05625
0 0.34609375 0.3484375 0.0515625 0.0703125
0 0.3890625 0.353125 0.0296875 0.0453125
0 0.646875 0.3078125 0.0421875 0.06875
0 0.328125 0.36640625 0.025 0.04375
0 0.025 0.421875 0.0453125 0.05625
0 0.171875 0.4 0.05 0.0578125
0 0.44921875 0.35859375 0.0421875 0.0421875
0 0.2625 0.39375 0.03125 0.0546875
0 0.10625 0.42578125 0.040625 0.05625
0 0.59375 0.33984375 0.040625 0.05625
0 0.37890625 0.3828125 0.025 0.0390625
0 0.9265625 0.290625 0.071875 0.1046875
0 0.73046875 0.32734375 0.053125 0.0796875
0 0.02890625 0.4703125 0.05625 0.071875
0 0.2875 0.4296875 0.0296875 0.040625
0 0.4484375 0.40625 0.0625 0.08125
0 0.30234375 0.43203125 0.03125 0.05
0 0.1734375 0.48671875 0.0734375 0.0875
0 0.0296875 0.52734375 0.059375 0.1359375
0 0.35703125 0.50390625 0.0984375 0.128125