0 0.53515625 0.0125 0.0296875 0.025
0 0.30859375 0.21640625 0.040625 0.0609375
0 0.41640625 0.20234375 0.0484375 0.075
0 0.15078125 0.25390625 0.046875 0.065625
0 0.34375 0.2390625 0.0421875 0.0640625
0 0.0671875 0.2875 0.0421875 0.06875
0 0.32265625 0.25390625 0.0390625 0.06875
0 0.24609375 0.27421875 0.05 0.0578125
0 0.40703125 0.25078125 0.040625 0.0609375
0 0.5125 0.23671875 0.0515625 0.0703125
0 0.11484375 0.31171875 0.0359375 0.0546875
0 0.04453125 0.3265625 0.04375 0.0734375
0 0.6796875 0.21484375 0.053125 0.0796875
0 0.63046875 0.22578125 0.0671875 0.1046875
0 0.5859375 0.240625 0.0484375 0.0796875
0 0.1625 0.3171875 0.046875 0.0703125
0 0.0640625 0.3375 0.04375 0.0734375
0 0.01328125 0.35 0.0265625 0.075
0 0.43359375 0.28671875 0.0515625 0.0671875
0 0.65546875 0.24765625 0.040625 0.05625
0 0.46953125 0.28671875 0.0484375 0.075
0 0.27109375 0.3359375 0.040625 0.05625
0 0.5046875 0.0265625 0.040625 0.053125
0 0.5578125 0.02265625 0.040625 0.0453125
0 0.55859375 0.30859375 0.0546875 0.0890625
0 0.79765625 0.27890625 0.0484375 0.0796875
0 0.303125 0.36796875 0.0515625 0.0703125
0 0.634375 0.3328125 0.0453125 0.0828125
0 0.51171875 0.3546875 0.0765625 0.10625
0 0.05 0.46640625 0.0625 0.0765625
0 0.69296875 0.353125 0.0484375 0.075
0 0.725 0.34765625 0.04375 0.078125
0 0.7640625 0.359375 0.0546875 0.084375
0 0.68515625 0.38984375 0.0484375 0.0796875
0 0.125 0.49296875 0.0625 0.103125
0 0.4 0.45390625 0.065625 0.0953125
0 0.2796875 0.48046875 0.0484375 0.075
0 0.5890625 0.0265625 0.040625 0.053125
0 0.31015625 0.53125 0.03125 0.05
0 0.50703125 0.4984375 0.0625 0.0765625
0 0.33984375 0.071875 0.0484375 0.053125
0 0.21875 0.09375 0.0515625 0.0671875
0 0.82734375 0.446875 0.0640625 0.090625
0 0.61953125 0.49765625 0.0625 0.08125
0 0.390625 0.065625 0.0375 0.0640625
0 0.68515625 0.4984375 0.0671875 0.1046875
0 0.34609375 0.559375 0.0484375 0.075
0 0.48671875 0.546875 0.0734375 0.11875
0 0.28046875 0.5859375 0.0734375 0.1140625
0 0.58203125 0.5390625 0.0671875 0.1046875
0 0.42265625 0.0625 0.034375 0.0453125
0 0.25 0.0953125 0.040625 0.0609375
0 0.740625 0.5328125 0.078125 0.1203125
0 0.57109375 0.63828125 0.0765625 0.1109375
0 0.42734375 0.67421875 0.059375 0.090625
0 0.3 0.69921875 0.0609375 0.0953125
0 0.23984375 0.71484375 0.0625 0.08125
0 0.3609375 0.6984375 0.065625 0.1
0 0.66484375 0.03359375 0.0328125 0.0640625
0 0.82265625 0.68046875 0.0703125 0.096875
0 0.259375 0.784375 0.0609375 0.0953125
0 0.67578125 0.7109375 0.0484375 0.0796875
0 0.6453125 0.7234375 0.0671875 0.109375
0 0.75234375 0.7140625 0.0875 0.121875
0 0.58828125 0.74765625 0.0734375 0.1140625
0 0.06640625 0.146875 0.0390625 0.046875
0 0.6296875 0.046875 0.040625 0.0609375
0 0.16484375 0.82734375 0.0671875 0.1046875
0 0.3546875 0.81015625 0.0671875 0.1046875
0 0.53828125 0.7984375 0.0828125 0.1421875
0 0.30625 0.85390625 0.0890625 0.13125
0 0.67578125 0.8453125 0.0671875 0.0828125
0 0.45859375 0.0890625 0.0359375 0.05
0 0.6859375 0.04921875 0.0390625 0.0515625
0 0.17109375 0.94609375 0.0796875 0.1078125
0 0.43984375 0.93359375 0.0859375 0.0859375
0 0.51875 0.08359375 0.0421875 0.06875
0 0.821875 0.88515625 0.0859375 0.1125
0 0.653125 0.91484375 0.08125 0.10625
0 0.33671875 0.1171875 0.034375 0.040625
0 0.5484375 0.0796875 0.03125 0.05
0 0.96875 0.8796875 0.0625 0.09375
0 0.2203125 0.13984375 0.046875 0.0703125
0 0.30078125 0.98203125 0.0859375 0.0359375
0 0.43671875 0.975 0.0796875 0.05
0 0.4296875 0.1125 0.0421875 0.06875
0 0.59765625 0.09453125 0.0375 0.059375
0 0.47109375 0.12421875 0.040625 0.0609375
0 0.19375 0.17578125 0.0546875 0.0890625
0 0.38984375 0.02578125 0.0328125 0.0328125
0 0.25859375 0.16875 0.046875 0.065625
0 0.3296875 0.15859375 0.0328125 0.059375
0 0.590625 0.1171875 0.0375 0.059375
0 0.56171875 0.1296875 0.040625 0.05625
0 0.41328125 0.021875 0.021875 0.0265625
0 0.3640625 0.16953125 0.040625 0.0609375
0 0.26796875 0.05234375 0.034375 0.040625
0 0.575 0.16484375 0.0375 0.059375