0 0.9140625 0.1109375 0.0140625 0.0234375
0 0.6875 0.109375 0.01875 0.0234375
0 0.74765625 0.11015625 0.0140625 0.01875
0 0.7109375 0.1125 0.01875 0.0234375
0 0.87734375 0.11484375 0.0234375 0.0234375
0 0.6390625 0.11328125 0.01875 0.0234375
0 0.76171875 0.115625 0.0140625 0.0234375
0 0.89140625 0.11796875 0.01875 0.028125
0 0.259375 0.10703125 0.0140625 0.0140625
0 0.725 0.11484375 0.01875 0.0234375
0 0.82421875 0.11640625 0.01875 0.0234375
0 0.55078125 0.11171875 0.0140625 0.0140625
0 0.56953125 0.11171875 0.0140625 0.0234375
0 0.61328125 0.1171875 0.0140625 0.0140625
0 0.7875 0.1203125 0.01875 0.0234375
0 0.65546875 0.1203125 0.01875 0.01875
0 0.48359375 0.11796875 0.009375 0.0140625
0 0.9625 0.128125 0.0140625 0.0234375
0 0.7421875 0.12421875 0.0140625 0.01875
0 0.94609375 0.128125 0.0140625 0.0234375
0 0.50625 0.1203125 0.01875 0.0140625
0 0.1109375 0.11328125 0.028125 0.028125
0 0.91328125 0.13203125 0.01875 0.01875
0 0.47421875 0.12421875 0.009375 0.0140625
0 0.8234375 0.13046875 0.0140625 0.01875
0 0.40234375 0.12578125 0.0234375 0.028125
0 0.05234375 0.11953125 0.01875 0.0328125
0 0.53203125 0.128125 0.0140625 0.01875
0 0.48984375 0.1296875 0.0140625 0.0140625
0 0.64296875 0.13203125 0.0140625 0.01875
0 0.46484375 0.12890625 0.0140625 0.0234375
0 0.92734375 0.1390625 0.0140625 0.0234375
0 0.775 0.13671875 0.01875 0.0234375
0 0.8375 0.13984375 0.01875 0.0234375
0 0.6890625 0.1375 0.0140625 0.01875
0 0.7171875 0.13828125 0.01875 0.0234375
0 0.51796875 0.13671875 0.0140625 0.01875
0 0.665625 0.13984375 0.0140625 0.01875
0 0.7515625 0.14140625 0.0140625 0.01875
0 0.62890625 0.1390625 0.0140625 0.01875
0 0.89296875 0.14609375 0.0140625 0.0234375
0 0.453125 0.13828125 0.0140625 0.01875
0 0.8140625 0.14453125 0.01875 0.01875
0 0.50859375 0.14140625 0.0140625 0.0140625
0 0.41796875 0.13984375 0.0234375 0.0328125
0 0.8671875 0.14765625 0.0234375 0.028125
0 0.534375 0.1421875 0.01875 0.0140625
0 0.7375 0.14765625 0.0140625 0.028125
0 0.953125 0.15390625 0.01875 0.0328125
0 0.58515625 0.14765625 0.0140625 0.01875
0 0.79296875 0.153125 0.01875 0.01875
0 0.5015625 0.1484375 0.01875 0.028125
0 0.84921875 0.1546875 0.01875 0.01875
0 0.9390625 0.15625 0.009375 0.01875
0 0.3859375 0.14609375 0.01875 0.01875
0 0.5640625 0.1515625 0.0234375 0.01875
0 0.59921875 0.1546875 0.0140625 0.0140625
0 0.6171875 0.15546875 0.0140625 0.01875
0 0.98984375 0.16171875 0.01875 0.028125
0 0.48984375 0.153125 0.01875 0.0234375
0 0.4390625 0.1546875 0.01875 0.028125
0 0.7515625 0.16015625 0.01875 0.0234375
0 0.471875 0.1546875 0.0234375 0.0328125
0 0.6546875 0.159375 0.0140625 0.01875
0 0.69609375 0.16015625 0.01875 0.028125
0 0.890625 0.1640625 0.01875 0.01875
0 0.93203125 0.16484375 0.0140625 0.028125
0 0.35078125 0.1546875 0.0140625 0.0140625
0 0.62890625 0.16171875 0.01875 0.01875
0 0.6796875 0.1625 0.0140625 0.01875
0 0.45546875 0.15859375 0.01875 0.0234375
0 0.815625 0.1671875 0.01875 0.028125
0 0.721875 0.165625 0.01875 0.0234375
0 0.56328125 0.16484375 0.0140625 0.0140625
0 0.5421875 0.16484375 0.01875 0.028125
0 0.96640625 0.171875 0.01875 0.028125
0 0.85703125 0.17265625 0.0234375 0.0234375
0 0.6046875 0.16796875 0.0140625 0.01875
0 0.646875 0.16875 0.01875 0.01875
0 0.71171875 0.17265625 0.01875 0.01875
0 0.3734375 0.16875 0.0140625 0.028125
0 0.4171875 0.171875 0.0140625 0.01875
0 0.30625 0.1703125 0.0234375 0.0234375
0 0.56328125 0.17421875 0.0140625 0.0140625
0 0.51484375 0.17578125 0.028125 0.028125
0 0.58203125 0.17734375 0.0140625 0.028125
0 0.9921875 0.1859375 0.015625 0.028125
0 0.55625 0.17890625 0.0140625 0.0140625
0 0.9109375 0.18515625 0.01875 0.028125
0 0.9453125 0.1859375 0.0140625 0.01875
0 0.671875 0.18359375 0.0140625 0.0234375
0 0.89453125 0.1875 0.01875 0.028125
0 0.77421875 0.18515625 0.0234375 0.0328125
0 0.59140625 0.18203125 0.0234375 0.0234375
0 0.4359375 0.18203125 0.028125 0.0375
0 0.753125 0.1875 0.01875 0.028125
0 0.34375 0.1796875 0.01875 0.028125
0 0.3296875 0.18203125 0.01875 0.0328125
0 0.959375 0.19296875 0.0234375 0.0375
0 0.4734375 0.184375 0.0140625 0.0140625
0 0.7484375 0.19140625 0.0234375 0.0234375
0 0.71171875 0.19140625 0.01875 0.028125
0 0.24140625 0.1828125 0.0234375 0.0328125
0 0.29921875 0.1859375 0.028125 0.0328125
0 0.82265625 0.2 0.0234375 0.0328125
0 0.6421875 0.196875 0.01875 0.028125
0 0.359375 0.1921875 0.01875 0.0234375
0 0.8640625 0.203125 0.01875 0.0328125
0 0.20703125 0.19140625 0.028125 0.028125
0 0.92890625 0.20703125 0.01875 0.028125
0 0.56796875 0.2 0.01875 0.0234375
0 0.80390625 0.2046875 0.01875 0.0375
0 0.83671875 0.2046875 0.01875 0.0328125
0 0.61640625 0.20390625 0.0234375 0.0375
0 0.69296875 0.2046875 0.0234375 0.0375
0 0.85234375 0.2078125 0.0234375 0.0328125
0 0.15859375 0.1953125 0.0375 0.0515625
0 0.484375 0.2015625 0.01875 0.0234375
0 0.94296875 0.21171875 0.0234375 0.0421875
0 0.55390625 0.2046875 0.01875 0.028125
0 0.63046875 0.20859375 0.01875 0.0328125
0 0.98828125 0.21484375 0.0234375 0.0328125
0 0.7546875 0.215625 0.0234375 0.0328125
0 0.78515625 0.215625 0.028125 0.028125
0 0.52578125 0.21171875 0.01875 0.0328125
0 0.26875 0.209375 0.0234375 0.0328125
0 0.3796875 0.2109375 0.0234375 0.0328125
0 0.1921875 0.21015625 0.0328125 0.0328125
0 0.51171875 0.215625 0.028125 0.0375
0 0.01171875 0.209375 0.015625 0.0515625
0 0.73359375 0.221875 0.01875 0.0421875
0 0.9140625 0.225 0.0234375 0.028125
0 0.22265625 0.2171875 0.0234375 0.0234375
0 0.4703125 0.2234375 0.0234375 0.0328125
0 0.715625 0.228125 0.0234375 0.0421875
0 0.56484375 0.22734375 0.0140625 0.01875
0 0.33359375 0.22578125 0.01875 0.01875
0 0.8796875 0.23515625 0.028125 0.0328125
0 0.55546875 0.2296875 0.01875 0.0375
0 0.06015625 0.2234375 0.0296875 0.046875
0 0.6578125 0.23359375 0.01875 0.0328125
0 0.778125 0.240625 0.0140625 0.0234375
0 0.30078125 0.23203125 0.028125 0.0421875
0 0.5859375 0.2375 0.01875 0.0328125
0 0.97421875 0.246875 0.0234375 0.0328125
0 0.79140625 0.2453125 0.0234375 0.0375
0 0.91875 0.25 0.028125 0.028125
0 0.61328125 0.24921875 0.0328125 0.0421875
0 0.44453125 0.246875 0.0234375 0.0328125
0 0.75 0.25234375 0.0234375 0.0421875
0 0.64375 0.25234375 0.0234375 0.0375
0 0.37265625 0.24765625 0.028125 0.0328125
0 0.7078125 0.25859375 0.0234375 0.0421875
0 0.40703125 0.253125 0.0234375 0.0234375
0 0.684375 0.2578125 0.0328125 0.0515625
0 0.52734375 0.2578125 0.01875 0.0421875
0 0.21484375 0.25234375 0.0328125 0.0375
0 0.88359375 0.26640625 0.01875 0.0328125
0 0.48515625 0.259375 0.01875 0.0375
0 0.92734375 0.2671875 0.0296875 0.046875
0 0.2375 0.259375 0.028125 0.028125
0 0.9875 0.27421875 0.025 0.0421875
0 0.871875 0.27734375 0.0234375 0.0328125
0 0.8140625 0.2765625 0.028125 0.0234375
0 0.26328125 0.2671875 0.0234375 0.0421875
0 0.5109375 0.27109375 0.0234375 0.0421875
0 0.54765625 0.27421875 0.028125 0.0421875
0 0.853125 0.28203125 0.0296875 0.046875
0 0.8953125 0.2828125 0.028125 0.0421875
0 0.44375 0.27734375 0.0234375 0.028125
0 0.2859375 0.27421875 0.0234375 0.0421875
0 0.4671875 0.27734375 0.028125 0.0375
0 0.36015625 0.27578125 0.0234375 0.0328125
0 0.38828125 0.278125 0.0234375 0.0234375
0 0.81640625 0.2875 0.0234375 0.01875
0 0.62890625 0.29140625 0.028125 0.0375
0 0.746875 0.29296875 0.025 0.046875
0 0.6078125 0.29296875 0.0234375 0.0328125
0 0.809375 0.296875 0.01875 0.0140625
0 0.7125 0.29765625 0.028125 0.0234375
0 0.14296875 0.2875 0.028125 0.0421875
0 0.30703125 0.29296875 0.028125 0.0421875
0 0.24921875 0.29140625 0.028125 0.0328125
0 0.453125 0.29765625 0.028125 0.0234375
0 0.58671875 0.30703125 0.01875 0.0328125
0 0.22109375 0.303125 0.0328125 0.05625
0 0.78984375 0.3171875 0.025 0.046875
0 0.9546875 0.3203125 0.01875 0.0421875
0 0.24609375 0.31015625 0.028125 0.0234375
0 0.37578125 0.3125 0.0234375 0.0328125
0 0.45 0.3140625 0.028125 0.0234375
0 0.6234375 0.3171875 0.028125 0.0234375
0 0.92890625 0.325 0.0234375 0.0421875
0 0.85703125 0.32578125 0.01875 0.0328125
0 0.71875 0.3234375 0.0328125 0.0421875
0 0.19765625 0.3140625 0.0375 0.046875
0 0.69296875 0.32265625 0.01875 0.0328125
0 0.97265625 0.33046875 0.01875 0.0328125
0 0.99140625 0.3328125 0.015625 0.065625
0 0.521875 0.32421875 0.0296875 0.046875
0 0.40625 0.32265625 0.0234375 0.0421875
0 0.815625 0.334375 0.028125 0.0421875
0 0.15859375 0.32265625 0.0375 0.0421875
0 0.05859375 0.3234375 0.028125 0.0234375
0 0.8921875 0.33828125 0.0296875 0.046875
0 0.5515625 0.33203125 0.0375 0.0515625
0 0.440625 0.3328125 0.028125 0.028125
0 0.09375 0.32890625 0.0375 0.0328125
0 0.87109375 0.3421875 0.0296875 0.0515625
0 0.35234375 0.3359375 0.028125 0.028125
0 0.30390625 0.33515625 0.0375 0.05625
0 0.5796875 0.3421875 0.0296875 0.05625
0 0.28125 0.33671875 0.0234375 0.028125
0 0.66640625 0.34609375 0.0296875 0.046875
0 0.63203125 0.3453125 0.028125 0.0421875
0 0.41875 0.34296875 0.0234375 0.0328125
0 0.509375 0.34453125 0.028125 0.0328125
0 0.93515625 0.35234375 0.028125 0.0375
0 0.60859375 0.3484375 0.028125 0.0328125
0 0.375 0.34921875 0.025 0.046875
0 0.97421875 0.3625 0.0328125 0.05625
0 0.471875 0.353125 0.0375 0.0515625
0 0.33828125 0.353125 0.0234375 0.028125
0 0.44921875 0.35546875 0.0328125 0.028125
0 0.91875 0.36328125 0.0296875 0.046875
0 0.178125 0.35546875 0.0328125 0.0515625
0 0.2546875 0.3609375 0.0328125 0.0609375
0 0.5 0.3703125 0.0203125 0.046875
0 0.74765625 0.375 0.0296875 0.046875
0 0.721875 0.37421875 0.0296875 0.0515625
0 0.70390625 0.3765625 0.0328125 0.05625
0 0.9515625 0.38046875 0.0328125 0.0328125
0 0.096875 0.36796875 0.0296875 0.046875
0 0.0578125 0.3671875 0.0375 0.0515625
0 0.89140625 0.38671875 0.0296875 0.046875
0 0.78046875 0.384375 0.028125 0.0234375
0 0.3359375 0.37890625 0.01875 0.028125
0 0.278125 0.38046875 0.0296875 0.0515625
0 0.4375 0.3859375 0.0375 0.046875
0 0.625 0.3890625 0.0328125 0.046875
0 0.86015625 0.3953125 0.0296875 0.05625
0 0.59609375 0.390625 0.0203125 0.046875
0 0.203125 0.3859375 0.0328125 0.0515625
0 0.13125 0.3875 0.0296875 0.0609375
0 0.515625 0.39609375 0.0328125 0.0515625
0 0.35078125 0.39375 0.028125 0.0375
0 0.76328125 0.40078125 0.0203125 0.0515625
0 0.8375 0.4046875 0.0296875 0.046875
0 0.9296875 0.40859375 0.01875 0.0328125
0 0.65859375 0.40390625 0.025 0.046875
0 0.15 0.396875 0.0375 0.05625
0 0.8 0.4125 0.0328125 0.046875
0 0.94609375 0.4171875 0.0234375 0.0421875
0 0.6796875 0.4125 0.0328125 0.05625
0 0.5453125 0.4125 0.0296875 0.0515625
0 0.01328125 0.40546875 0.025 0.0515625
0 0.578125 0.415625 0.0375 0.05625
0 0.06875 0.4109375 0.025 0.0515625
0 0.8859375 0.42578125 0.0375 0.046875
0 0.7421875 0.43203125 0.0421875 0.046875
0 0.42734375 0.43125 0.0328125 0.046875
0 0.36875 0.4328125 0.0375 0.0609375
0 0.32734375 0.434375 0.0421875 0.065625
0 0.81328125 0.44765625 0.028125 0.0234375
0 0.7828125 0.4515625 0.0515625 0.0703125
0 0.9546875 0.4546875 0.0375 0.0421875
0 0.70703125 0.45078125 0.0421875 0.0515625
0 0.63984375 0.44921875 0.0375 0.0515625
0 0.4546875 0.4484375 0.0375 0.0421875
0 0.50546875 0.4515625 0.0296875 0.0609375
0 0.921875 0.45859375 0.0375 0.05625
0 0.0890625 0.44453125 0.0328125 0.05625
0 0.1625 0.4453125 0.0328125 0.046875
0 0.2828125 0.45 0.0375 0.0515625
0 0.18359375 0.4578125 0.0421875 0.0515625
0 0.0265625 0.4609375 0.0421875 0.0515625
0 0.22734375 0.46484375 0.046875 0.065625
0 0.8203125 0.4796875 0.0421875 0.046875
0 0.46953125 0.48046875 0.046875 0.0421875
0 0.7265625 0.4875 0.0421875 0.0421875
0 0.53203125 0.48671875 0.0421875 0.0703125
0 0.60859375 0.496875 0.046875 0.05625
0 0.9515625 0.50546875 0.0375 0.0609375
0 0.29375 0.49375 0.0375 0.0515625
0 0.06015625 0.4921875 0.0609375 0.065625
0 0.159375 0.503125 0.0328125 0.075
0 0.6828125 0.5125 0.0421875 0.0703125
0 0.34921875 0.52109375 0.046875 0.0796875
0 0.89296875 0.53046875 0.0375 0.075
0 0.175 0.525 0.05625 0.075
0 0.24453125 0.55078125 0.0421875 0.065625
0 0.478125 0.55546875 0.046875 0.075
0 0.71484375 0.56171875 0.0515625 0.075
0 0.08046875 0.553125 0.05625 0.084375
0 0.84375 0.56875 0.0421875 0.065625
0 0.17890625 0.56875 0.0421875 0.0515625
0 0.59296875 0.5828125 0.053125 0.09375
0 0.32265625 0.5828125 0.0296875 0.065625
0 0.56328125 0.58671875 0.0375 0.084375
0 0.0328125 0.58515625 0.05625 0.0890625
0 0.3546875 0.60859375 0.046875 0.0609375
0 0.97890625 0.63359375 0.0375 0.0890625
0 0.409375 0.62578125 0.0375 0.075
0 0.72890625 0.6359375 0.046875 0.075
0 0.159375 0.628125 0.05625 0.0890625
0 0.303125 0.63828125 0.046875 0.075
0 0.8359375 0.659375 0.0515625 0.0796875
0 0.08828125 0.64609375 0.065625 0.0796875
0 0.23984375 0.65703125 0.05625 0.0890625
0 0.48515625 0.66875 0.0515625 0.065625
0 0.4203125 0.67421875 0.0328125 0.0703125
0 0.6890625 0.67890625 0.046875 0.0515625
0 0.35234375 0.70859375 0.0671875 0.1078125
0 0.54921875 0.71875 0.0515625 0.0890625
0 0.1046875 0.71484375 0.0609375 0.0703125
0 0.46171875 0.73046875 0.0625 0.0984375
0 0.0609375 0.73984375 0.053125 0.0984375
0 0.66640625 0.76484375 0.090625 0.1265625
0 0.88203125 0.77578125 0.0765625 0.1265625
0 0.1203125 0.78046875 0.0625 0.103125
0 0.4828125 0.8265625 0.0765625 0.13125
0 0.78984375 0.859375 0.090625 0.09375
0 0.090625 0.846875 0.08125 0.1078125
0 0.29453125 0.85703125 0.0984375 0.090625
0 0.82890625 0.09609375 0.0140625 0.0234375
0 0.759375 0.0953125 0.0140625 0.0234375
0 0.9328125 0.0984375 0.0140625 0.0140625
0 0.625 0.0953125 0.009375 0.0140625
0 0.84765625 0.09921875 0.01875 0.0234375
0 0.9953125 0.10546875 0.009375 0.0234375
0 0.5375 0.09765625 0.0140625 0.0140625
0 0.52109375 0.09921875 0.0140625 0.0234375
0 0.60859375 0.103125 0.0140625 0.0140625
0 0.57890625 0.103125 0.0140625 0.0234375
0 0.2453125 0.096875 0.01875 0.01875