0 0.590625 0.19453125 0.0203125 0.0296875
0 0.3890625 0.18828125 0.015625 0.0234375
0 0.559375 0.196875 0.015625 0.0234375
0 0.35625 0.19140625 0.0203125 0.0296875
0 0.425 0.19453125 0.0203125 0.0328125
0 0.3 0.190625 0.0203125 0.0328125
0 0.47890625 0.20234375 0.015625 0.0328125
0 0.37890625 0.2015625 0.015625 0.028125
0 0.52890625 0.209375 0.0203125 0.0296875
0 0.6421875 0.2203125 0.015625 0.0234375
0 0.45234375 0.21640625 0.015625 0.0328125
0 0.2390625 0.2078125 0.0203125 0.0328125
0 0.2671875 0.21171875 0.025 0.0375
0 0.3640625 0.21640625 0.0203125 0.0328125
0 0.67578125 0.2328125 0.015625 0.0234375
0 0.65078125 0.234375 0.0203125 0.0296875
0 0.6203125 0.23984375 0.025 0.0375
0 0.5046875 0.2359375 0.0203125 0.0296875
0 0.58828125 0.23984375 0.015625 0.028125
0 0.2984375 0.2296875 0.0203125 0.0328125
0 0.70546875 0.25546875 0.0203125 0.0296875
0 0.3578125 0.2421875 0.0203125 0.025
0 0.31171875 0.2421875 0.0203125 0.0328125
0 0.14765625 0.2359375 0.0203125 0.0328125
0 0.57265625 0.2671875 0.0203125 0.0328125
0 0.68125 0.2734375 0.015625 0.01875
0 0.8078125 0.2796875 0.0203125 0.025
0 0.64140625 0.2734375 0.0203125 0.0328125
0 0.234375 0.2546875 0.0203125 0.0375
0 0.109375 0.24765625 0.025 0.0421875
0 0.553125 0.27578125 0.0203125 0.0328125
0 0.37265625 0.26640625 0.0203125 0.0328125
0 0.528125 0.2765625 0.0203125 0.0296875
0 0.78984375 0.290625 0.0203125 0.0296875
0 0.4703125 0.2765625 0.0203125 0.0328125
0 0.77734375 0.2921875 0.015625 0.0234375
0 0.32421875 0.26875 0.025 0.0328125
0 0.765625 0.29375 0.015625 0.0234375
0 0.16875 0.2625 0.0203125 0.0328125
0 0.340625 0.2734375 0.0203125 0.0328125
0 0.61484375 0.2921875 0.021875 0.046875
0 0.7125 0.29765625 0.0203125 0.0421875
0 0.85078125 0.309375 0.0203125 0.0296875
0 0.25859375 0.28515625 0.025 0.0421875
0 0.6328125 0.31015625 0.0203125 0.0328125
0 0.74609375 0.315625 0.025 0.0421875
0 0.15234375 0.28671875 0.0203125 0.0421875
0 0.41328125 0.30546875 0.025 0.0421875
0 0.3640625 0.30546875 0.0203125 0.0421875
0 0.1328125 0.2953125 0.0265625 0.0515625
0 0.4453125 0.31171875 0.025 0.0375
0 0.83828125 0.33203125 0.0203125 0.0328125
0 0.59296875 0.32890625 0.0203125 0.0328125
0 0.225 0.3140625 0.0203125 0.025
0 0.9171875 0.3578125 0.021875 0.046875
0 0.540625 0.33984375 0.0203125 0.0375
0 0.52265625 0.3390625 0.0203125 0.0421875
0 0.6234375 0.34921875 0.0203125 0.0375
0 0.096875 0.321875 0.0359375 0.08125
0 0.2609375 0.33203125 0.03125 0.046875
0 0.796875 0.36015625 0.034375 0.0625
0 0.85234375 0.36484375 0.0265625 0.046875
0 0.8734375 0.36640625 0.0203125 0.0375
0 0.6671875 0.36015625 0.0203125 0.0421875
0 0.234375 0.3421875 0.025 0.0296875
0 0.6828125 0.3703125 0.025 0.0421875
0 0.98359375 0.396875 0.0328125 0.071875
0 0.43203125 0.38046875 0.0265625 0.0515625
0 0.93125 0.4140625 0.0265625 0.0515625
0 0.2921875 0.38515625 0.0265625 0.046875
0 0.81015625 0.41953125 0.03125 0.0515625
0 0.53515625 0.41328125 0.0453125 0.071875
0 0.5734375 0.4203125 0.03125 0.065625
0 0.24765625 0.41015625 0.040625 0.0859375
0 0.91171875 0.459375 0.034375 0.0625
0 0.7828125 0.45703125 0.04375 0.0625
0 0.68984375 0.45703125 0.0390625 0.0625
0 0.2046875 0.43828125 0.046875 0.0984375
0 0.8234375 0.4734375 0.040625 0.08125
0 0.30234375 0.4578125 0.0546875 0.090625
0 0.1328125 0.47578125 0.0609375 0.1140625
0 0.93671875 0.52734375 0.0453125 0.08125
0 0.621875 0.56640625 0.0546875 0.090625
0 0.81953125 0.60078125 0.065625 0.1046875
0 0.43515625 0.675 0.05625 0.0953125
0 0.21015625 0.6703125 0.0609375 0.109375
0 0.81640625 0.74375 0.065625 0.1234375
0 0.4140625 0.81328125 0.0859375 0.1390625
0 0.64296875 0.90859375 0.0859375 0.14375