0 0.4640625 0.2859375 0.009375 0.009375
0 0.91640625 0.32734375 0.0109375 0.0140625
0 0.5625 0.30234375 0.009375 0.009375
0 0.9875 0.33203125 0.0109375 0.0140625
0 0.7421875 0.31484375 0.009375 0.009375
0 0.909375 0.32890625 0.0046875 0.009375
0 0.9640625 0.3328125 0.0046875 0.009375
0 0.6640625 0.31171875 0.009375 0.009375
0 0.8140625 0.321875 0.0109375 0.0140625
0 0.97109375 0.33359375 0.0046875 0.009375
0 0.74921875 0.31796875 0.0109375 0.0140625
0 0.93828125 0.33125 0.009375 0.009375
0 0.978125 0.33359375 0.0046875 0.009375
0 0.95234375 0.334375 0.0109375 0.0140625
0 0.7703125 0.321875 0.0109375 0.0140625
0 0.55 0.30625 0.0046875 0.009375
0 0.68671875 0.315625 0.0046875 0.009375
0 0.69140625 0.31640625 0.009375 0.009375
0 0.73125 0.31875 0.00625 0.0140625
0 0.559375 0.30703125 0.0109375 0.0140625
0 0.71015625 0.31953125 0.0046875 0.0046875
0 0.7171875 0.3203125 0.0046875 0.0046875
0 0.67265625 0.31953125 0.009375 0.009375
0 0.684375 0.3203125 0.0109375 0.0140625
0 0.88046875 0.33359375 0.0109375 0.0140625
0 0.9890625 0.34140625 0.0109375 0.0140625
0 0.7 0.3234375 0.0046875 0.009375
0 0.928125 0.3421875 0.00625 0.0140625
0 0.9703125 0.3453125 0.0109375 0.0140625
0 0.14609375 0.2875 0.0046875 0.009375
0 0.23203125 0.29296875 0.0109375 0.0140625
0 0.14140625 0.2890625 0.00625 0.0234375
0 0.91015625 0.3453125 0.009375 0.009375
0 0.134375 0.29140625 0.0109375 0.0140625
0 0.184375 0.29453125 0.0046875 0.009375
0 0.88671875 0.34375 0.0109375 0.0140625
0 0.9171875 0.34609375 0.0046875 0.009375
0 0.9421875 0.34765625 0.0109375 0.0140625
0 0.7234375 0.33203125 0.0109375 0.0140625
0 0.10859375 0.2890625 0.0109375 0.0140625
0 0.203125 0.2984375 0.0046875 0.009375
0 0.121875 0.2953125 0.0109375 0.0140625
0 0.98515625 0.35546875 0.015625 0.0203125
0 0.2421875 0.303125 0.0046875 0.009375
0 0.2703125 0.30546875 0.015625 0.015625
0 0.2265625 0.3046875 0.015625 0.015625
0 0.16640625 0.30078125 0.0109375 0.01875
0 0.21015625 0.303125 0.0046875 0.009375
0 0.10390625 0.29609375 0.015625 0.0203125
0 0.175 0.303125 0.0109375 0.0140625
0 0.18671875 0.30390625 0.009375 0.009375
0 0.14296875 0.30078125 0.0109375 0.0140625
0 0.1546875 0.30234375 0.015625 0.015625
0 0.26015625 0.309375 0.0109375 0.0140625
0 0.32265625 0.31640625 0.015625 0.0203125
0 0.740625 0.3453125 0.0203125 0.0203125
0 0.8625 0.35625 0.0203125 0.0203125
0 0.21640625 0.3109375 0.0109375 0.01875
0 0.18359375 0.3109375 0.015625 0.015625
0 0.109375 0.30859375 0.015625 0.0203125
0 0.2828125 0.3203125 0.0109375 0.0140625
0 0.103125 0.31015625 0.0109375 0.0234375
0 0.19921875 0.3171875 0.015625 0.0203125
0 0.12578125 0.31171875 0.015625 0.015625
0 0.3546875 0.32734375 0.015625 0.0203125
0 0.365625 0.328125 0.015625 0.0203125
0 0.2453125 0.32265625 0.015625 0.0203125
0 0.26875 0.32421875 0.015625 0.0203125
0 0.27578125 0.3265625 0.015625 0.015625
0 0.73671875 0.359375 0.015625 0.0203125
0 0.33828125 0.33125 0.0203125 0.025
0 0.1484375 0.31953125 0.0203125 0.025
0 0.39765625 0.33671875 0.015625 0.015625
0 0.18515625 0.32421875 0.0203125 0.025
0 0.434375 0.3421875 0.015625 0.0203125
0 0.32578125 0.334375 0.015625 0.0203125
0 0.30703125 0.33515625 0.0203125 0.025
0 0.2171875 0.32890625 0.015625 0.0203125
0 0.31875 0.33828125 0.0109375 0.0140625
0 0.5796875 0.35703125 0.015625 0.025
0 0.10546875 0.32578125 0.015625 0.0203125
0 0.3515625 0.34296875 0.015625 0.0203125
0 0.5171875 0.3546875 0.015625 0.0203125
0 0.36640625 0.34453125 0.015625 0.025
0 0.421875 0.3484375 0.015625 0.025
0 0.44765625 0.35234375 0.015625 0.025
0 0.20546875 0.33515625 0.0203125 0.025
0 0.759375 0.37421875 0.015625 0.0203125
0 0.096875 0.3296875 0.0109375 0.01875
0 0.4890625 0.3578125 0.015625 0.025
0 0.378125 0.35 0.015625 0.025
0 0.24375 0.340625 0.015625 0.0203125
0 0.3921875 0.353125 0.015625 0.0203125
0 0.46640625 0.35859375 0.015625 0.0203125
0 0.41328125 0.3546875 0.015625 0.0296875
0 0.2859375 0.3453125 0.015625 0.025
0 0.6109375 0.3703125 0.015625 0.0203125
0 0.3390625 0.3515625 0.015625 0.015625
0 0.62734375 0.371875 0.0203125 0.025
0 0.2765625 0.35 0.0109375 0.0234375
0 0.43515625 0.3609375 0.015625 0.0203125
0 0.6984375 0.37890625 0.0203125 0.0328125
0 0.1140625 0.340625 0.015625 0.0203125
0 0.35859375 0.3578125 0.0203125 0.025
0 0.12578125 0.34140625 0.0109375 0.0234375
0 0.26484375 0.3515625 0.015625 0.0203125
0 0.2390625 0.34921875 0.0203125 0.025
0 0.31953125 0.3546875 0.0203125 0.025
0 0.15625 0.34609375 0.0203125 0.0203125
0 0.225 0.35078125 0.015625 0.015625
0 0.603125 0.37734375 0.015625 0.025
0 0.3984375 0.3625 0.015625 0.0203125
0 0.13515625 0.34453125 0.015625 0.0203125
0 0.515625 0.37578125 0.0203125 0.0296875
0 0.5546875 0.38046875 0.015625 0.0296875
0 0.453125 0.3734375 0.015625 0.0203125
0 0.1 0.34921875 0.015625 0.025
0 0.33046875 0.3671875 0.015625 0.0203125
0 0.38359375 0.37109375 0.015625 0.025
0 0.5296875 0.38125 0.015625 0.025
0 0.18515625 0.359375 0.0265625 0.0375
0 0.42734375 0.3765625 0.015625 0.025
0 0.53828125 0.38671875 0.015625 0.025
0 0.4015625 0.3796875 0.015625 0.025
0 0.3390625 0.37734375 0.015625 0.025
0 0.6921875 0.4046875 0.015625 0.025
0 0.49375 0.390625 0.025 0.025
0 0.44296875 0.3875 0.0203125 0.0296875
0 0.2234375 0.37421875 0.0265625 0.0375
0 0.2765625 0.378125 0.025 0.0296875
0 0.30390625 0.3796875 0.0203125 0.0296875
0 0.4734375 0.39140625 0.025 0.0328125
0 0.70859375 0.4078125 0.03125 0.0484375
0 0.759375 0.41171875 0.0109375 0.01875
0 0.74296875 0.4125 0.025 0.0328125
0 0.35703125 0.38828125 0.025 0.0296875
0 0.24609375 0.3828125 0.025 0.025
0 0.5828125 0.4125 0.0203125 0.015625
0 0.37734375 0.3984375 0.015625 0.0203125
0 0.1828125 0.38671875 0.025 0.0296875
0 0.51328125 0.41015625 0.021875 0.0375
0 0.53203125 0.4140625 0.015625 0.0328125
0 0.425 0.40859375 0.0203125 0.0296875
0 0.79453125 0.434375 0.015625 0.025
0 0.14609375 0.39140625 0.025 0.025
0 0.31640625 0.403125 0.025 0.0296875
0 0.50078125 0.42109375 0.021875 0.0375
0 0.4546875 0.41796875 0.015625 0.025
0 0.21484375 0.403125 0.03125 0.04375
0 0.39453125 0.415625 0.0265625 0.0421875
0 0.56796875 0.428125 0.025 0.0328125
0 0.590625 0.44140625 0.025 0.0328125
0 0.46953125 0.4375 0.0203125 0.025
0 0.27578125 0.42421875 0.021875 0.0421875
0 0.671875 0.45625 0.0203125 0.0328125
0 0.29296875 0.434375 0.0265625 0.0421875
0 0.42734375 0.44609375 0.03125 0.0390625
0 0.19375 0.43203125 0.0203125 0.0296875
0 0.64453125 0.4640625 0.0203125 0.0328125
0 0.17734375 0.43359375 0.025 0.0296875
0 0.45703125 0.453125 0.021875 0.0375
0 0.48203125 0.45703125 0.0203125 0.0328125
0 0.08515625 0.43203125 0.03125 0.053125
0 0.60625 0.4703125 0.0265625 0.0421875
0 0.94609375 0.49453125 0.040625 0.0578125
0 0.3390625 0.45390625 0.0265625 0.046875
0 0.53671875 0.46796875 0.03125 0.04375
0 0.36328125 0.46015625 0.034375 0.034375
0 0.8453125 0.503125 0.0390625 0.0390625
0 0.58046875 0.484375 0.0203125 0.0296875
0 0.20546875 0.46328125 0.0296875 0.034375
0 0.65625 0.49453125 0.03125 0.04375
0 0.39765625 0.47890625 0.025 0.0328125
0 0.67890625 0.4984375 0.025 0.0328125
0 0.2796875 0.47265625 0.0265625 0.0421875
0 0.5671875 0.49765625 0.03125 0.04375
0 0.14921875 0.47578125 0.0390625 0.04375
0 0.3609375 0.490625 0.0265625 0.0421875
0 0.4765625 0.503125 0.03125 0.04375
0 0.76328125 0.5234375 0.034375 0.0296875
0 0.91015625 0.53359375 0.04375 0.0484375
0 0.69609375 0.52109375 0.03125 0.04375
0 0.50859375 0.51015625 0.0390625 0.04375
0 0.17109375 0.48671875 0.0359375 0.053125
0 0.63515625 0.52578125 0.0265625 0.0375
0 0.85390625 0.54375 0.040625 0.0484375
0 0.8796875 0.5453125 0.03125 0.04375
0 0.38125 0.51015625 0.040625 0.053125
0 0.21171875 0.5078125 0.05 0.053125
0 0.6109375 0.5359375 0.0265625 0.0421875
0 0.7515625 0.55 0.034375 0.04375
0 0.29140625 0.521875 0.0453125 0.0578125
0 0.32421875 0.52890625 0.0359375 0.053125
0 0.45546875 0.5453125 0.03125 0.04375
0 0.6515625 0.559375 0.034375 0.04375
0 0.70625 0.5796875 0.0453125 0.053125
0 0.04296875 0.5328125 0.025 0.0328125
0 0.534375 0.571875 0.0453125 0.053125
0 0.4234375 0.56640625 0.0453125 0.0578125
0 0.8546875 0.596875 0.0453125 0.0625
0 0.12578125 0.5484375 0.0453125 0.053125
0 0.9828125 0.63125 0.021875 0.05625
0 0.06015625 0.58046875 0.040625 0.053125
0 0.69765625 0.63203125 0.0453125 0.053125
0 0.809375 0.6515625 0.0453125 0.053125
0 0.521875 0.64296875 0.06875 0.06875
0 0.61953125 0.6546875 0.0453125 0.0671875
0 0.9734375 0.69296875 0.03125 0.0578125
0 0.76953125 0.6859375 0.0453125 0.0625
0 0.70703125 0.71875 0.0546875 0.06875
0 0.95234375 0.7609375 0.046875 0.071875
0 0.4578125 0.73125 0.0703125 0.0875
0 0.74921875 0.784375 0.065625 0.0734375
0 0.959375 0.82890625 0.0421875 0.0859375
0 0.65859375 0.8171875 0.0453125 0.0671875
0 0.1640625 0.78515625 0.0765625 0.1015625
0 0.228125 0.83359375 0.08125 0.1015625
0 0.465625 0.8546875 0.075 0.078125
0 0.38671875 0.8515625 0.0765625 0.096875