0 0.3890625 0.196875 0.046875 0.075
0 0.346875 0.1921875 0.0421875 0.06875
0 0.790625 0.2640625 0.0375 0.0453125
0 0.1234375 0.1703125 0.0453125 0.0609375
0 0.8390625 0.28359375 0.04375 0.078125
0 0.1984375 0.18515625 0.0421875 0.06875
0 0.45625 0.22578125 0.028125 0.040625
0 0.428125 0.228125 0.0328125 0.040625
0 0.9265625 0.30703125 0.04375 0.0515625
0 0.85859375 0.3109375 0.053125 0.0796875
0 0.08828125 0.19609375 0.0328125 0.040625
0 0.62109375 0.2828125 0.046875 0.0703125
0 0.36875 0.24765625 0.0390625 0.0546875
0 0.5921875 0.28515625 0.0359375 0.0546875
0 0.4453125 0.2640625 0.0296875 0.0484375
0 0.69921875 0.3046875 0.0359375 0.059375
0 0.76953125 0.321875 0.0359375 0.059375
0 0.40078125 0.265625 0.03125 0.0578125
0 0.52421875 0.2859375 0.0359375 0.0546875
0 0.23203125 0.24140625 0.0328125 0.040625
0 0.3546875 0.26328125 0.046875 0.075
0 0.71953125 0.328125 0.0390625 0.0734375
0 0.5796875 0.30859375 0.040625 0.0640625
0 0.46015625 0.28984375 0.0359375 0.08125
0 0.97890625 0.3765625 0.0390625 0.0546875
0 0.10078125 0.2375 0.046875 0.075
0 0.5515625 0.3109375 0.034375 0.0453125
0 0.14140625 0.24609375 0.0421875 0.06875
0 0.49140625 0.30390625 0.04375 0.05625
0 0.9234375 0.375 0.0546875 0.09375
0 0.26328125 0.275 0.0375 0.06875
0 0.42109375 0.30234375 0.0546875 0.09375
0 0.29453125 0.2875 0.0359375 0.0546875
0 0.75390625 0.36015625 0.0515625 0.0484375
0 0.784375 0.36484375 0.0359375 0.0546875
0 0.1734375 0.26796875 0.034375 0.05
0 0.815625 0.371875 0.0375 0.0640625
0 0.646875 0.04921875 0.0390625 0.0546875
0 0.15625 0.27265625 0.0328125 0.0328125
0 0.990625 0.40859375 0.01875 0.0546875
0 0.07734375 0.2671875 0.0375 0.06875
0 0.21875 0.29140625 0.053125 0.084375
0 0.56796875 0.3515625 0.0390625 0.0546875
0 0.659375 0.36640625 0.0484375 0.05625
0 0.94921875 0.428125 0.04375 0.05625
0 0.371875 0.34609375 0.046875 0.0703125
0 0.1546875 0.31171875 0.0421875 0.06875
0 0.490625 0.36484375 0.040625 0.059375
0 0.48984375 0.0296875 0.0203125 0.04375
0 0.74375 0.40703125 0.0625 0.08125
0 0.7875 0.41875 0.0484375 0.0796875
0 0.05703125 0.30546875 0.0453125 0.065625
0 0.3359375 0.3546875 0.0421875 0.06875
0 0.6609375 0.415625 0.0390625 0.05
0 0.88203125 0.453125 0.028125 0.03125
0 0.60546875 0.41171875 0.0515625 0.0703125
0 0.29921875 0.365625 0.059375 0.0890625
0 0.4390625 0.39453125 0.046875 0.046875
0 0.84453125 0.45859375 0.0453125 0.065625
0 0.34921875 0.01953125 0.0359375 0.0390625
0 0.5 0.42734375 0.040625 0.0640625
0 0.53671875 0.4328125 0.0546875 0.09375
0 0.3453125 0.4125 0.0640625 0.1
0 0.878125 0.496875 0.0453125 0.065625
0 0.471875 0.44140625 0.0421875 0.0734375
0 0.9546875 0.51796875 0.040625 0.0640625
0 0.67109375 0.4828125 0.0546875 0.09375
0 0.02890625 0.38125 0.0453125 0.0921875
0 0.20234375 0.41328125 0.0546875 0.0625
0 0.42265625 0.45546875 0.04375 0.078125
0 0.534375 0.0484375 0.0296875 0.0453125
0 0.05 0.409375 0.0546875 0.0984375
0 0.31015625 0.45546875 0.0453125 0.065625
0 0.5734375 0.49765625 0.0546875 0.09375
0 0.10078125 0.44140625 0.046875 0.0703125
0 0.8609375 0.57109375 0.0640625 0.0953125
0 0.95703125 0.6046875 0.0546875 0.0984375
0 0.48984375 0.53515625 0.05625 0.0765625
0 0.2484375 0.5046875 0.059375 0.1203125
0 0.30625 0.5234375 0.0515625 0.075
0 0.434375 0.54609375 0.059375 0.09375
0 0.19140625 0.51171875 0.071875 0.11875
0 0.5078125 0.053125 0.03125 0.053125
0 0.1328125 0.51015625 0.0625 0.1125
0 0.68515625 0.60703125 0.0640625 0.0953125
0 0.0609375 0.521875 0.0625 0.1125
0 0.77578125 0.63515625 0.0421875 0.06875
0 0.74375 0.634375 0.0546875 0.09375
0 0.59296875 0.6390625 0.0640625 0.1
0 0.87890625 0.68671875 0.0875 0.1296875
0 0.465625 0.62578125 0.0796875 0.10625
0 0.31015625 0.0265625 0.0296875 0.0484375
0 0.259375 0.021875 0.034375 0.04375
0 0.76015625 0.103125 0.0234375 0.03125
0 0.3171875 0.63515625 0.08125 0.115625
0 0.809375 0.115625 0.0375 0.06875
0 0.846875 0.76875 0.084375 0.134375
0 0.39765625 0.05 0.0234375 0.034375
0 0.63828125 0.7515625 0.1203125 0.1921875
0 0.2171875 0.02421875 0.0234375 0.034375
0 0.4640625 0.06328125 0.01875 0.034375
0 0.6125 0.08671875 0.0359375 0.0546875
0 0.09921875 0.01875 0.0359375 0.0375
0 0.0109375 0.68515625 0.021875 0.1484375
0 0.10390625 0.725 0.096875 0.1578125
0 0.37578125 0.05625 0.03125 0.0578125
0 0.4234375 0.0640625 0.0296875 0.0453125
0 0.41484375 0.83125 0.1484375 0.2328125
0 0.66484375 0.10703125 0.0296875 0.0453125
0 0.16328125 0.82421875 0.103125 0.1984375
0 0.715625 0.11953125 0.028125 0.0359375
0 0.7984375 0.92421875 0.125 0.1515625
0 0.54375 0.915625 0.115625 0.16875
0 0.07109375 0.85625 0.1359375 0.159375
0 0.3296875 0.06484375 0.025 0.04375
0 0.85546875 0.15078125 0.0234375 0.034375
0 0.53671875 0.10234375 0.0296875 0.0484375
0 0.43359375 0.08828125 0.0296875 0.0453125
0 0.56171875 0.10859375 0.025 0.0390625
0 0.7703125 0.14375 0.034375 0.0453125
0 0.5375 0.0125 0.021875 0.025
0 0.74375 0.14453125 0.0296875 0.0484375
0 0.26796875 0.07421875 0.0296875 0.0484375
0 0.34921875 0.08671875 0.03125 0.0578125
0 0.38671875 0.09296875 0.025 0.04375
0 0.40859375 0.09609375 0.0328125 0.0625
0 0.13984375 0.05390625 0.0296875 0.0484375
0 0.6515625 0.1375 0.034375 0.05
0 0.303125 0.084375 0.0375 0.0640625
0 0.58203125 0.13125 0.0359375 0.0546875
0 0.728125 0.15390625 0.028125 0.040625
0 0.6015625 0.13671875 0.034375 0.0453125
0 0.0765625 0.053125 0.0328125 0.0671875
0 0.615625 0.13828125 0.0234375 0.034375
0 0.67421875 0.15234375 0.01875 0.0296875
0 0.6078125 0.025 0.0234375 0.03125
0 0.24921875 0.0875 0.03125 0.053125
0 0.96640625 0.2015625 0.0359375 0.059375
0 0.22109375 0.0859375 0.0234375 0.034375
0 0.80390625 0.178125 0.028125 0.040625
0 0.9203125 0.19609375 0.0453125 0.0609375
0 0.4546875 0.12265625 0.03125 0.053125
0 0.8703125 0.190625 0.040625 0.059375
0 0.17890625 0.0859375 0.040625 0.0640625
0 0.69140625 0.1671875 0.034375 0.0453125
0 0.55703125 0.01953125 0.0234375 0.034375
0 0.5734375 0.021875 0.01875 0.034375
0 0.75 0.196875 0.0359375 0.059375
0 0.509375 0.159375 0.03125 0.0578125
0 0.62890625 0.178125 0.028125 0.0359375
0 0.20859375 0.1234375 0.03125 0.0578125
0 0.34453125 0.14921875 0.0359375 0.059375
0 0.59296875 0.19140625 0.0296875 0.0484375
0 0.571875 0.1953125 0.0359375 0.0546875
0 0.790625 0.234375 0.0328125 0.040625
0 0.44765625 0.18203125 0.0390625 0.0546875
0 0.4125 0.17890625 0.040625 0.059375
0 0.52890625 0.19765625 0.040625 0.059375
0 0.08515625 0.1296875 0.0359375 0.059375
0 0.30703125 0.1671875 0.0421875 0.06875
0 0.68828125 0.23203125 0.040625 0.059375
0 0.28046875 0.1703125 0.0421875 0.06875
0 0.065625 0.13828125 0.0390625 0.0734375