0 0.95390625 0.37578125 0.0109375 0.0140625
0 0.43203125 0.3390625 0.0046875 0.0046875
0 0.41640625 0.340625 0.0046875 0.009375
0 0.7578125 0.36484375 0.0109375 0.0140625
0 0.4 0.3421875 0.009375 0.009375
0 0.4765625 0.346875 0.009375 0.009375
0 0.99375 0.38359375 0.0125 0.0203125
0 0.41171875 0.34296875 0.0109375 0.0140625
0 0.75078125 0.36640625 0.0046875 0.009375
0 0.93046875 0.37890625 0.0109375 0.0140625
0 0.61640625 0.35703125 0.0109375 0.0140625
0 0.24453125 0.33359375 0.0109375 0.0140625
0 0.38125 0.34296875 0.0109375 0.0140625
0 0.3234375 0.34140625 0.0109375 0.0140625
0 0.33671875 0.34453125 0.0109375 0.0140625
0 0.7171875 0.38046875 0.009375 0.009375
0 0.65 0.378125 0.0109375 0.0140625
0 0.35859375 0.3578125 0.009375 0.0046875
0 0.48828125 0.3671875 0.0109375 0.0140625
0 0.55234375 0.3734375 0.0046875 0.0046875
0 0.68203125 0.3828125 0.0046875 0.0046875
0 0.80703125 0.39140625 0.009375 0.0046875
0 0.69609375 0.38359375 0.0046875 0.0046875
0 0.76796875 0.3890625 0.0046875 0.009375
0 0.7078125 0.384375 0.0140625 0.0109375
0 0.3453125 0.36171875 0.009375 0.009375
0 0.4234375 0.3671875 0.009375 0.009375
0 0.62421875 0.38125 0.0109375 0.0140625
0 0.72421875 0.38828125 0.0046875 0.0046875
0 0.78828125 0.3921875 0.009375 0.009375
0 0.29140625 0.36015625 0.0109375 0.0140625
0 0.11796875 0.34765625 0.0109375 0.0140625
0 0.13671875 0.34921875 0.009375 0.009375
0 0.14609375 0.35 0.0046875 0.009375
0 0.63359375 0.384375 0.0109375 0.0140625
0 0.796875 0.3953125 0.009375 0.009375
0 0.86640625 0.4 0.009375 0.009375
0 0.91953125 0.40390625 0.009375 0.009375
0 0.21796875 0.3546875 0.00625 0.0140625
0 0.46953125 0.37265625 0.0109375 0.0140625
0 0.53203125 0.3765625 0.015625 0.0203125
0 0.065625 0.34453125 0.0109375 0.0140625
0 0.58515625 0.38046875 0.0109375 0.0140625
0 0.0953125 0.34609375 0.0109375 0.0140625
0 0.56171875 0.38125 0.0109375 0.0140625
0 0.1921875 0.35546875 0.0109375 0.0140625
0 0.4765625 0.37578125 0.0109375 0.0140625
0 0.49921875 0.37734375 0.015625 0.015625
0 0.7765625 0.39609375 0.00625 0.0140625
0 0.98359375 0.4109375 0.009375 0.009375
0 0.12734375 0.35078125 0.009375 0.009375
0 0.20625 0.35859375 0.00625 0.0140625
0 0.31171875 0.36640625 0.0109375 0.0140625
0 0.37421875 0.3703125 0.0109375 0.0140625
0 0.4921875 0.37890625 0.0109375 0.0140625
0 0.66484375 0.390625 0.0109375 0.0140625
0 0.43203125 0.375 0.0109375 0.0140625
0 0.4578125 0.3765625 0.009375 0.009375
0 0.88984375 0.40625 0.0109375 0.0140625
0 0.67890625 0.3921875 0.015625 0.015625
0 0.72578125 0.3953125 0.0109375 0.01875
0 0.73671875 0.39609375 0.015625 0.015625
0 0.41171875 0.37578125 0.0109375 0.0140625
0 0.68828125 0.39453125 0.0109375 0.0140625
0 0.0375 0.34921875 0.0109375 0.0140625
0 0.284375 0.36875 0.0109375 0.0140625
0 0.390625 0.3765625 0.015625 0.015625
0 0.609375 0.39140625 0.015625 0.0203125
0 0.83359375 0.4078125 0.0109375 0.0140625
0 0.44375 0.38046875 0.015625 0.025
0 0.95859375 0.41640625 0.0109375 0.0140625
0 0.51953125 0.38515625 0.015625 0.015625
0 0.546875 0.3875 0.0203125 0.025
0 0.27265625 0.3703125 0.015625 0.025
0 0.4015625 0.3796875 0.015625 0.0203125
0 0.71328125 0.4015625 0.0109375 0.0140625
0 0.8453125 0.4109375 0.015625 0.025
0 0.69765625 0.4 0.0046875 0.009375
0 0.01328125 0.3546875 0.0109375 0.01875
0 0.08046875 0.359375 0.0109375 0.0140625
0 0.87265625 0.41484375 0.0203125 0.025
0 0.3296875 0.3765625 0.0109375 0.0140625
0 0.53828125 0.39140625 0.015625 0.015625
0 0.8984375 0.41640625 0.015625 0.025
0 0.9375 0.41953125 0.015625 0.025
0 0.590625 0.39765625 0.00625 0.0140625
0 0.81015625 0.4125 0.015625 0.0203125
0 0.82421875 0.4140625 0.0109375 0.0140625
0 0.46640625 0.39140625 0.0109375 0.0140625
0 0.96953125 0.4265625 0.0109375 0.0140625
0 0.15 0.36875 0.015625 0.0203125
0 0.159375 0.36953125 0.015625 0.0203125
0 0.02265625 0.36015625 0.0109375 0.0140625
0 0.1703125 0.3703125 0.0109375 0.0140625
0 0.36171875 0.38359375 0.015625 0.025
0 0.4546875 0.390625 0.0109375 0.01875
0 0.509375 0.39453125 0.0109375 0.01875
0 0.13515625 0.3703125 0.0109375 0.0234375
0 0.7109375 0.4109375 0.0203125 0.0203125
0 0.1078125 0.36875 0.015625 0.0203125
0 0.11875 0.36953125 0.015625 0.025
0 0.4265625 0.390625 0.015625 0.025
0 0.37109375 0.38671875 0.015625 0.015625
0 0.01796875 0.36484375 0.015625 0.025
0 0.2671875 0.384375 0.015625 0.0203125
0 0.4859375 0.39921875 0.0109375 0.0140625
0 0.55546875 0.4046875 0.015625 0.0203125
0 0.6 0.4078125 0.015625 0.025
0 0.06328125 0.3703125 0.0265625 0.0375
0 0.765625 0.41875 0.015625 0.025
0 0.99296875 0.434375 0.0140625 0.025
0 0.99765625 0.4359375 0.0046875 0.028125
0 0.10234375 0.37265625 0.015625 0.025
0 0.63828125 0.4125 0.0203125 0.025
0 0.74921875 0.4203125 0.025 0.0328125
0 0.33359375 0.39140625 0.015625 0.015625
0 0.04453125 0.37109375 0.015625 0.0296875
0 0.66171875 0.41640625 0.021875 0.0375
0 0.79765625 0.42578125 0.015625 0.025
0 0.2984375 0.39140625 0.015625 0.025
0 0.2453125 0.3890625 0.015625 0.025
0 0.4 0.40234375 0.015625 0.025
0 0.41328125 0.403125 0.0203125 0.025
0 0.44609375 0.40546875 0.015625 0.025
0 0.56875 0.4140625 0.0203125 0.025
0 0.03125 0.3765625 0.0203125 0.025
0 0.52265625 0.4109375 0.0203125 0.0296875
0 0.6796875 0.421875 0.015625 0.025
0 0.50390625 0.41171875 0.015625 0.025
0 0.88984375 0.4390625 0.025 0.0296875
0 0.53671875 0.41640625 0.0203125 0.025
0 0.93515625 0.44453125 0.025 0.025
0 0.4921875 0.415625 0.015625 0.025
0 0.83359375 0.43984375 0.021875 0.0375
0 0.23515625 0.4 0.021875 0.0421875
0 0.69453125 0.434375 0.0296875 0.025
0 0.8171875 0.4453125 0.0265625 0.0375
0 0.0109375 0.39140625 0.0109375 0.0234375
0 0.33203125 0.4140625 0.015625 0.0328125
0 0.72265625 0.44140625 0.0203125 0.0296875
0 0.740625 0.4421875 0.0265625 0.0421875
0 0.37578125 0.41953125 0.0265625 0.0375
0 0.590625 0.43671875 0.03125 0.04375
0 0.65078125 0.44296875 0.0203125 0.0296875
0 0.8859375 0.459375 0.03125 0.0390625
0 0.775 0.45390625 0.03125 0.0484375
0 0.45390625 0.43203125 0.0203125 0.025
0 0.61953125 0.4484375 0.021875 0.0375
0 0.4734375 0.4375 0.0203125 0.025
0 0.1921875 0.4203125 0.0265625 0.0421875
0 0.34296875 0.43125 0.0265625 0.0421875
0 0.03515625 0.41171875 0.0265625 0.0375
0 0.29296875 0.43203125 0.03125 0.0484375
0 0.9515625 0.48046875 0.025 0.0328125
0 0.265625 0.4328125 0.03125 0.0390625
0 0.3953125 0.44140625 0.0265625 0.046875
0 0.55390625 0.453125 0.0265625 0.0421875
0 0.990625 0.4859375 0.01875 0.0703125
0 0.9140625 0.4828125 0.0390625 0.04375
0 0.76171875 0.47421875 0.03125 0.04375
0 0.509375 0.46171875 0.0328125 0.0625
0 0.1671875 0.43984375 0.0359375 0.053125
0 0.88359375 0.4921875 0.0265625 0.0421875
0 0.4140625 0.46171875 0.03125 0.0484375
0 0.665625 0.4859375 0.0359375 0.0578125
0 0.13671875 0.45546875 0.0359375 0.053125
0 0.32109375 0.47109375 0.0265625 0.0375
0 0.43359375 0.48125 0.0328125 0.0625
0 0.79375 0.50859375 0.0359375 0.0578125
0 0.25625 0.4734375 0.0359375 0.0484375
0 0.64140625 0.50078125 0.0453125 0.0671875
0 0.70859375 0.50546875 0.0421875 0.071875
0 0.528125 0.50234375 0.040625 0.0625
0 0.57421875 0.50546875 0.0453125 0.0671875
0 0.47421875 0.50078125 0.0421875 0.0765625
0 0.93359375 0.5421875 0.06875 0.06875
0 0.0984375 0.49296875 0.05 0.053125
0 0.21875 0.50625 0.05625 0.078125
0 0.36171875 0.51875 0.059375 0.059375
0 0.3015625 0.51796875 0.0359375 0.0484375
0 0.69921875 0.6046875 0.0625 0.096875
0 0.771875 0.65859375 0.0828125 0.125
0 0.03046875 0.6078125 0.0609375 0.096875
0 0.559375 0.64609375 0.0734375 0.1296875
0 0.95078125 0.6796875 0.0859375 0.153125
0 0.36953125 0.64453125 0.0640625 0.1234375
0 0.103125 0.634375 0.0765625 0.1109375
0 0.82265625 0.9796875 0.1421875 0.040625