0 0.89296875 0.04765625 0.040625 0.0703125
0 0.7921875 0.3390625 0.0640625 0.1265625
0 0.6328125 0.34296875 0.05 0.121875
0 0.1171875 0.325 0.059375 0.1265625
0 0.32421875 0.3546875 0.0453125 0.1265625
0 0.91015625 0.38203125 0.05625 0.15
0 0.13359375 0.03125 0.0390625 0.0625
0 0.25546875 0.0375 0.0453125 0.075
0 0.71015625 0.0484375 0.034375 0.0703125
0 0.68828125 0.409375 0.0640625 0.1359375
0 0.48671875 0.40859375 0.0609375 0.1453125
0 0.5890625 0.4171875 0.0703125 0.159375
0 0.840625 0.43515625 0.065625 0.159375
0 0.20390625 0.41796875 0.0546875 0.1359375
0 0.05546875 0.421875 0.0796875 0.146875
0 0.29296875 0.0421875 0.0359375 0.084375
0 0.98671875 0.06484375 0.0265625 0.0984375
0 0.76171875 0.49765625 0.0609375 0.1453125
0 0.32734375 0.04765625 0.0453125 0.0953125
0 0.48515625 0.05078125 0.0453125 0.1015625
0 0.09140625 0.04375 0.0453125 0.0875
0 0.17109375 0.4859375 0.0671875 0.1828125
0 0.44140625 0.51640625 0.0546875 0.13125
0 0.515625 0.053125 0.034375 0.084375
0 0.03359375 0.0453125 0.0359375 0.090625
0 0.31484375 0.5609375 0.0609375 0.16875
0 0.028125 0.5828125 0.05625 0.1875
0 0.540625 0.07265625 0.0390625 0.084375
0 0.38515625 0.07734375 0.0359375 0.09375
0 0.45390625 0.08671875 0.05 0.1359375
0 0.95625 0.10625 0.05 0.103125
0 0.3125 0.10390625 0.0453125 0.1125
0 0.74453125 0.12421875 0.05 0.1171875
0 0.0640625 0.10234375 0.05 0.1078125
0 0.70546875 0.13203125 0.040625 0.103125
0 0.1984375 0.12109375 0.05 0.1125
0 0.24375 0.13671875 0.0390625 0.0703125
0 0.53125 0.14921875 0.0546875 0.121875
0 0.884375 0.16171875 0.0453125 0.13125
0 0.603125 0.15390625 0.05 0.1359375
0 0.66875 0.1625 0.040625 0.1125
0 0.99453125 0.18984375 0.0109375 0.1484375
0 0.809375 0.20078125 0.0609375 0.159375
0 0.4046875 0.19296875 0.040625 0.1125
0 0.528125 0.021875 0.0375 0.0375
0 0.09375 0.19453125 0.040625 0.09375
0 0.575 0.2203125 0.05 0.1171875
0 0.90546875 0.23203125 0.05 0.13125
0 0.27109375 0.23046875 0.065625 0.178125
0 0.34765625 0.2328125 0.040625 0.0984375
0 0.475 0.2375 0.05 0.13125
0 0.9578125 0.2609375 0.0609375 0.15
0 0.31875 0.24140625 0.0453125 0.1125
0 0.59765625 0.28984375 0.04375 0.084375
0 0.9390625 0.046875 0.0375 0.065625
0 0.684375 0.3140625 0.0375 0.0375
0 0.40234375 0.309375 0.05 0.103125
0 0.53828125 0.3234375 0.0453125 0.1125