0 0.26015625 0.26796875 0.0953125 0.121875
0 0.3921875 0.2703125 0.0859375 0.1171875
0 0.59765625 0.28046875 0.0859375 0.121875
0 0.8015625 0.29296875 0.08125 0.121875
0 0.16875 0.34609375 0.0671875 0.103125
0 0.66875 0.34609375 0.0859375 0.15
0 0.4515625 0.36875 0.1 0.1453125
0 0.896875 0.3890625 0.0671875 0.103125
0 0.38046875 0.52578125 0.0953125 0.1453125
0 0.0796875 0.5328125 0.1 0.140625
0 0.82734375 0.525 0.0984375 0.1359375
0 0.25546875 0.5453125 0.1 0.140625
0 0.525 0.5734375 0.090625 0.1453125
0 0.70625 0.63046875 0.0953125 0.121875