0 0.7078125 0.0609375 0.040625 0.05625
0 0.678125 0.07109375 0.0359375 0.0546875
0 0.25234375 0.1484375 0.034375 0.040625
0 0.52421875 0.103125 0.0359375 0.05
0 0.89765625 0.03984375 0.0328125 0.0359375
0 0.41484375 0.125 0.0328125 0.0359375
0 0.56875 0.10234375 0.0421875 0.0640625
0 0.37265625 0.13671875 0.03125 0.028125
0 0.66015625 0.08828125 0.04375 0.0515625
0 0.603125 0.0984375 0.028125 0.0359375
0 0.54375 0.109375 0.03125 0.0546875
0 0.1203125 0.1859375 0.034375 0.040625
0 0.30234375 0.15390625 0.0265625 0.0265625
0 0.4859375 0.1265625 0.040625 0.0609375
0 0.2796875 0.16796875 0.0234375 0.034375
0 0.86484375 0.0640625 0.028125 0.0359375
0 0.20625 0.18046875 0.04375 0.046875
0 0.81328125 0.07578125 0.0390625 0.046875
0 0.09375 0.2078125 0.0453125 0.05625
0 0.3015625 0.1734375 0.0453125 0.034375
0 0.8390625 0.08046875 0.034375 0.040625
0 0.01328125 0.22734375 0.0265625 0.0328125
0 0.06953125 0.08515625 0.0234375 0.034375
0 0.44296875 0.15078125 0.0390625 0.046875
0 0.40859375 0.159375 0.0296875 0.040625
0 0.69453125 0.1109375 0.0375 0.0421875
0 0.8890625 0.07890625 0.03125 0.05
0 0.0609375 0.225 0.0296875 0.0453125
0 0.7796875 0.10078125 0.0390625 0.046875
0 0.7296875 0.109375 0.04375 0.046875
0 0.153125 0.2109375 0.05 0.0625
0 0.59140625 0.1359375 0.0390625 0.046875
0 0.26484375 0.19296875 0.034375 0.0453125
0 0.3703125 0.17734375 0.03125 0.05
0 0.91484375 0.08125 0.0453125 0.05625
0 0.44609375 0.01875 0.0328125 0.0359375
0 0.18046875 0.2203125 0.0375 0.0640625
0 0.39296875 0.18515625 0.034375 0.0453125
0 0.6390625 0.14140625 0.046875 0.04375
0 0.54296875 0.1609375 0.0359375 0.0546875
0 0.24296875 0.21640625 0.0421875 0.0640625
0 0.08828125 0.24375 0.0453125 0.0609375
0 0.22734375 0.059375 0.028125 0.0359375
0 0.52421875 0.16875 0.0390625 0.06875
0 0.1390625 0.2390625 0.040625 0.034375
0 0.3078125 0.209375 0.040625 0.0609375
0 0.33515625 0.2046875 0.040625 0.05625
0 0.2078125 0.2296875 0.03125 0.0546875
0 0.8140625 0.12265625 0.04375 0.046875
0 0.69375 0.14375 0.0390625 0.046875
0 0.0375 0.26171875 0.0453125 0.0609375
0 0.8671875 0.115625 0.0421875 0.0375
0 0.484375 0.18515625 0.0421875 0.0421875
0 0.578125 0.17109375 0.040625 0.05625
0 0.7296875 0.14921875 0.0359375 0.05
0 0.15546875 0.253125 0.046875 0.0390625
0 0.9265625 0.11953125 0.0234375 0.034375
0 0.79765625 0.14921875 0.0359375 0.0546875
0 0.43984375 0.2125 0.0421875 0.0421875
0 0.4015625 0.22109375 0.034375 0.040625
0 0.29296875 0.24296875 0.04375 0.046875
0 0.49296875 0.21015625 0.0359375 0.0328125
0 0.63984375 0.184375 0.034375 0.0453125
0 0.78203125 0.1640625 0.0390625 0.046875
0 0.5171875 0.2109375 0.0234375 0.034375
0 0.875 0.14921875 0.0375 0.0421875
0 0.60625 0.196875 0.0390625 0.046875
0 0.83046875 0.159375 0.0421875 0.0375
0 0.684375 0.1875 0.034375 0.0453125
0 0.37421875 0.2421875 0.040625 0.05625
0 0.2359375 0.26875 0.0328125 0.0328125
0 0.76953125 0.175 0.0390625 0.046875
0 0.54375 0.21484375 0.0359375 0.0328125
0 0.1234375 0.0828125 0.0296875 0.0453125
0 0.278125 0.05546875 0.028125 0.03125
0 0.41015625 0.03203125 0.034375 0.0453125
0 0.915625 0.15390625 0.0484375 0.0484375
0 0.4171875 0.24140625 0.046875 0.04375
0 0.20546875 0.28359375 0.0453125 0.05625
0 0.3921875 0.0375 0.0328125 0.0328125
0 0.6578125 0.20859375 0.040625 0.05625
0 0.4484375 0.2484375 0.0296875 0.0453125
0 0.0234375 0.32578125 0.046875 0.0578125
0 0.74296875 0.1984375 0.04375 0.046875
0 0.33984375 0.26953125 0.0453125 0.05625
0 0.9421875 0.16796875 0.01875 0.034375
0 0.3609375 0.2703125 0.0359375 0.05
0 0.23203125 0.2984375 0.0296875 0.0453125
0 0.08828125 0.3234375 0.05 0.0578125
0 0.5640625 0.23984375 0.0515625 0.0390625
0 0.62421875 0.23125 0.0421875 0.0375
0 0.17890625 0.31484375 0.0546875 0.084375
0 0.13046875 0.32578125 0.0453125 0.05625
0 0.26015625 0.30234375 0.0421875 0.0375
0 0.7984375 0.21015625 0.0421875 0.0421875
0 0.871875 0.19921875 0.034375 0.040625
0 0.71171875 0.2328125 0.0359375 0.05
0 0.9375 0.19765625 0.0375 0.0375
0 0.6328125 0.25546875 0.05 0.0625
0 0.6859375 0.2484375 0.040625 0.05625
0 0.4890625 0.2875 0.053125 0.075
0 0.74140625 0.24296875 0.05 0.0578125
0 0.3453125 0.315625 0.0359375 0.05
0 0.22734375 0.33828125 0.0390625 0.0515625
0 0.42421875 0.30859375 0.0359375 0.0546875
0 0.14609375 0.3578125 0.0328125 0.0328125
0 0.6140625 0.27734375 0.0390625 0.0515625
0 0.853125 0.23515625 0.0515625 0.0671875
0 0.528125 0.29765625 0.04375 0.0734375
0 0.39609375 0.3234375 0.0390625 0.0515625
0 0.38515625 0.33203125 0.03125 0.0546875
0 0.2625 0.35625 0.059375 0.0640625
0 0.5875 0.30390625 0.059375 0.0859375
0 0.0140625 0.1109375 0.028125 0.040625
0 0.31640625 0.35390625 0.0625 0.08125
0 0.94609375 0.2453125 0.040625 0.0609375
0 0.65703125 0.29609375 0.0296875 0.0453125
0 0.91015625 0.25390625 0.0546875 0.084375
0 0.68984375 0.29765625 0.0484375 0.053125
0 0.08984375 0.096875 0.0328125 0.0359375
0 0.74375 0.29296875 0.0609375 0.06875
0 0.4390625 0.3515625 0.04375 0.046875
0 0.190625 0.3953125 0.0546875 0.0359375
0 0.52578125 0.02265625 0.0390625 0.0453125
0 0.8109375 0.28984375 0.053125 0.0796875
0 0.1046875 0.41875 0.0609375 0.0953125
0 0.3796875 0.37734375 0.0640625 0.090625
0 0.01640625 0.46171875 0.0328125 0.0671875
0 0.8640625 0.30859375 0.05625 0.071875
0 0.6390625 0.35546875 0.0640625 0.0859375
0 0.72109375 0.34140625 0.0625 0.08125
0 0.5015625 0.38671875 0.0578125 0.08125
0 0.67890625 0.35546875 0.0515625 0.0671875
0 0.06171875 0.4671875 0.0640625 0.059375
0 0.9328125 0.315625 0.0453125 0.034375
0 0.54765625 0.396875 0.053125 0.075
0 0.21015625 0.45703125 0.05 0.084375
0 0.725 0.00703125 0.034375 0.0140625
0 0.23828125 0.08046875 0.028125 0.03125
0 0.2546875 0.45390625 0.0640625 0.1171875
0 0.43125 0.4296875 0.053125 0.1015625
0 0.97265625 0.34375 0.028125 0.084375
0 0.3203125 0.465625 0.0703125 0.1015625
0 0.4734375 0.44375 0.0578125 0.08125
0 0.1796875 0.49765625 0.0828125 0.1203125
0 0.79375 0.3921875 0.0703125 0.1015625
0 0.09140625 0.51796875 0.0703125 0.096875
0 0.75546875 0.40078125 0.0484375 0.075
0 0.853125 0.38359375 0.0609375 0.0734375
0 0.59609375 0.01953125 0.028125 0.03125
0 0.1515625 0.10078125 0.0375 0.0421875
0 0.1375 0.521875 0.0359375 0.0546875
0 0.9484375 0.38984375 0.0640625 0.0859375
0 0.69375 0.4375 0.0765625 0.10625
0 0.046875 0.55625 0.0890625 0.1265625
0 0.75078125 0.44375 0.059375 0.0640625
0 0.64765625 0.46953125 0.0734375 0.0875
0 0.04375 0.12421875 0.0234375 0.03125
0 0.346875 0.07109375 0.0234375 0.034375
0 0.8703125 0.45390625 0.0703125 0.075
0 0.59921875 0.50390625 0.059375 0.090625
0 0.56796875 0.51171875 0.0671875 0.109375
0 0.121875 0.11328125 0.0296875 0.0453125
0 0.140625 0.6078125 0.0765625 0.0625
0 0.221875 0.0953125 0.0296875 0.040625
0 0.3 0.58203125 0.0671875 0.078125
0 0.925 0.471875 0.06875 0.0921875
0 0.4609375 0.05546875 0.0234375 0.034375
0 0.6703125 0.0203125 0.034375 0.040625
0 0.86484375 0.4921875 0.0640625 0.090625
0 0.45 0.57734375 0.0765625 0.10625
0 0.721875 0.54375 0.0609375 0.1
0 0.20546875 0.10546875 0.028125 0.0359375
0 0.52890625 0.584375 0.0640625 0.0859375
0 0.98046875 0.50546875 0.0390625 0.0796875
0 0.3734375 0.07578125 0.034375 0.040625
0 0.85 0.5390625 0.0765625 0.10625
0 0.78203125 0.55078125 0.0875 0.1171875
0 0.3875 0.62265625 0.0828125 0.1203125
0 0.29921875 0.653125 0.0875 0.0953125
0 0.8796875 0.0046875 0.034375 0.009375
0 0.30390625 0.09296875 0.034375 0.040625
0 0.16484375 0.703125 0.075 0.1234375
0 0.17109375 0.11640625 0.034375 0.040625
0 0.640625 0.03359375 0.034375 0.040625
0 0.06875 0.134375 0.0359375 0.0546875
0 0.6875 0.63125 0.078125 0.1203125
0 0.1078125 0.1296875 0.0234375 0.034375
0 0.9828125 0.590625 0.034375 0.13125
0 0.09140625 0.1328125 0.0296875 0.040625
0 0.60078125 0.04765625 0.0390625 0.046875
0 0.11875 0.7765625 0.0875 0.121875
0 0.25078125 0.1140625 0.0265625 0.0265625
0 0.8140625 0.01875 0.034375 0.0375
0 0.28203125 0.796875 0.1015625 0.1234375
0 0.5859375 0.05703125 0.0359375 0.05
0 0.22421875 0.12578125 0.0296875 0.040625
0 0.78046875 0.02734375 0.034375 0.0453125
0 0.196875 0.1375 0.034375 0.040625
0 0.43359375 0.0984375 0.0359375 0.05
0 0.1625 0.14609375 0.034375 0.040625
0 0.3796875 0.109375 0.0296875 0.040625
0 0.34296875 0.11796875 0.0390625 0.0515625
0 0.290625 0.12734375 0.028125 0.03125
0 0.6265625 0.06875 0.0296875 0.0453125
0 0.7359375 0.0515625 0.0359375 0.05
0 0.1390625 0.159375 0.0359375 0.05
0 0.0109375 0.1828125 0.021875 0.05625
0 0.5046875 0.096875 0.021875 0.0265625