0 0.38984375 0.1171875 0.09375 0.1140625
0 0.965625 0.2703125 0.06875 0.128125
0 0.109375 0.17578125 0.1 0.125
0 0.625 0.315625 0.08125 0.1203125
0 0.41640625 0.31484375 0.090625 0.1234375
0 0.9765625 0.50234375 0.046875 0.1265625
0 0.80859375 0.4703125 0.0984375 0.115625
0 0.209375 0.3765625 0.1 0.1203125
0 0.87421875 0.5890625 0.096875 0.128125
0 0.50078125 0.53984375 0.0921875 0.128125
0 0.30625 0.55546875 0.09375 0.1140625
0 0.6953125 0.65 0.090625 0.11875
0 0.48515625 0.76953125 0.090625 0.1234375
0 0.75703125 0.12421875 0.103125 0.1390625
0 0.2453125 0.05078125 0.096875 0.1015625
0 0.54453125 0.1046875 0.0859375 0.1171875