0 0.94140625 0.1609375 0.009375 0.0234375
0 0.9296875 0.17265625 0.0140625 0.01875
0 0.9578125 0.17265625 0.01875 0.0234375
0 0.87890625 0.178125 0.01875 0.0234375
0 0.9109375 0.18046875 0.01875 0.028125
0 0.94140625 0.18203125 0.0140625 0.028125
0 0.79296875 0.18671875 0.01875 0.009375
0 0.84140625 0.18828125 0.0140625 0.0140625
0 0.98046875 0.1859375 0.01875 0.0328125
0 0.8953125 0.18984375 0.01875 0.028125
0 0.81640625 0.1984375 0.01875 0.0328125
0 0.775 0.19921875 0.01875 0.01875
0 0.75625 0.20390625 0.0140625 0.0140625
0 0.8 0.20546875 0.0140625 0.028125
0 0.85390625 0.20703125 0.0234375 0.028125
0 0.69453125 0.21640625 0.01875 0.028125
0 0.72890625 0.21796875 0.01875 0.0234375
0 0.7796875 0.21953125 0.0234375 0.0375
0 0.74765625 0.22421875 0.0140625 0.01875
0 0.6296875 0.22890625 0.0140625 0.0140625
0 0.821875 0.22578125 0.01875 0.0234375
0 0.61328125 0.22890625 0.0140625 0.01875
0 0.9515625 0.22578125 0.0375 0.0515625
0 0.59921875 0.234375 0.0140625 0.01875
0 0.85859375 0.234375 0.0234375 0.0375
0 0.534375 0.23984375 0.01875 0.01875
0 0.50234375 0.240625 0.0140625 0.01875
0 0.60625 0.24140625 0.0140625 0.0234375
0 0.83828125 0.23671875 0.028125 0.0328125
0 0.88203125 0.2359375 0.0328125 0.0515625
0 0.68984375 0.23984375 0.0234375 0.0375
0 0.9140625 0.23828125 0.0328125 0.05625
0 0.47890625 0.24765625 0.0140625 0.01875
0 0.66171875 0.24921875 0.0234375 0.0328125
0 0.72421875 0.2484375 0.0375 0.0421875
0 0.5484375 0.2515625 0.009375 0.01875
0 0.97890625 0.24609375 0.025 0.05625
0 0.56328125 0.25859375 0.009375 0.01875
0 0.5265625 0.25859375 0.009375 0.0140625
0 0.74609375 0.2546875 0.0234375 0.0328125
0 0.484375 0.26171875 0.0140625 0.01875
0 0.57734375 0.26015625 0.01875 0.0234375
0 0.6375 0.2640625 0.0234375 0.0375
0 0.60703125 0.2671875 0.0140625 0.0234375
0 0.49609375 0.27109375 0.0140625 0.0234375
0 0.3921875 0.27265625 0.009375 0.009375
0 0.45703125 0.271875 0.009375 0.01875
0 0.44765625 0.27421875 0.009375 0.0140625
0 0.85234375 0.26953125 0.0328125 0.0328125
0 0.37578125 0.278125 0.01875 0.0234375
0 0.30625 0.28125 0.0234375 0.0234375
0 0.4171875 0.2796875 0.01875 0.0234375
0 0.53984375 0.27734375 0.028125 0.0234375
0 0.57265625 0.27890625 0.01875 0.0234375
0 0.4359375 0.2828125 0.0234375 0.0234375
0 0.3390625 0.2875 0.0234375 0.0234375
0 0.4640625 0.28515625 0.009375 0.0140625
0 0.79453125 0.28125 0.0328125 0.046875
0 0.3921875 0.290625 0.01875 0.0234375
0 0.68125 0.28828125 0.046875 0.05625
0 0.48203125 0.29375 0.0140625 0.0234375
0 0.296875 0.296875 0.0140625 0.01875
0 0.61640625 0.29375 0.028125 0.0421875
0 0.58203125 0.296875 0.0375 0.0421875
0 0.31640625 0.30859375 0.0234375 0.028125
0 0.5109375 0.3078125 0.0375 0.0515625
0 0.44609375 0.30859375 0.0234375 0.0375
0 0.2328125 0.3171875 0.0140625 0.0140625
0 0.4296875 0.31640625 0.0328125 0.046875
0 0.38125 0.31953125 0.0234375 0.0375
0 0.2609375 0.3234375 0.0140625 0.0140625
0 0.1890625 0.325 0.0140625 0.01875
0 0.2125 0.3265625 0.028125 0.0375
0 0.7609375 0.321875 0.05625 0.0890625
0 0.29765625 0.33203125 0.028125 0.0375
0 0.36015625 0.33359375 0.0296875 0.046875
0 0.1265625 0.3375 0.0328125 0.0421875
0 0.16796875 0.3390625 0.0375 0.046875
0 0.8375 0.32734375 0.071875 0.09375
0 0.47109375 0.33671875 0.046875 0.0703125
0 0.059375 0.34609375 0.0234375 0.0234375
0 0.07421875 0.34765625 0.0234375 0.0234375
0 0.5875 0.3390625 0.0515625 0.05625
0 0.284375 0.346875 0.025 0.046875
0 0.25234375 0.3515625 0.0328125 0.0421875
0 0.1015625 0.35390625 0.0234375 0.028125
0 0.90078125 0.3421875 0.0609375 0.084375
0 0.1109375 0.35625 0.0140625 0.028125
0 0.403125 0.35078125 0.0375 0.0328125
0 0.196875 0.35703125 0.0234375 0.0421875
0 0.04375 0.359375 0.028125 0.028125
0 0.0234375 0.36484375 0.0234375 0.0234375
0 0.08125 0.36796875 0.0234375 0.0234375
0 0.3265625 0.38046875 0.046875 0.065625
0 0.1234375 0.4046875 0.0375 0.0328125
0 0.065625 0.4109375 0.0421875 0.065625
0 0.253125 0.41796875 0.0703125 0.0796875
0 0.42421875 0.42265625 0.0625 0.0984375
0 0.9640625 0.42265625 0.0625 0.15
0 0.63828125 0.4421875 0.0953125 0.13125
0 0.1359375 0.46015625 0.0703125 0.065625
0 0.009375 0.46171875 0.01875 0.0515625
0 0.790625 0.4734375 0.1 0.140625
0 0.271875 0.665625 0.128125 0.1734375
0 0.03515625 0.68515625 0.0671875 0.190625