0 0.29609375 0.4546875 0.0046875 0.009375
0 0.221875 0.45078125 0.0046875 0.009375
0 0.284375 0.45625 0.0046875 0.009375
0 0.26875 0.45546875 0.0046875 0.009375
0 0.3046875 0.4578125 0.009375 0.009375
0 0.2453125 0.4546875 0.009375 0.0046875
0 0.15078125 0.45 0.0046875 0.0046875
0 0.40859375 0.46484375 0.0046875 0.009375
0 0.390625 0.47109375 0.0046875 0.009375
0 0.46875 0.47734375 0.0046875 0.0046875
0 0.5078125 0.4796875 0.0046875 0.009375
0 0.2328125 0.46484375 0.009375 0.009375
0 0.4890625 0.478125 0.0046875 0.009375
0 0.309375 0.46875 0.009375 0.009375
0 0.2078125 0.465625 0.0046875 0.009375
0 0.4703125 0.4796875 0.0046875 0.0046875
0 0.20078125 0.465625 0.0046875 0.009375
0 0.19375 0.46484375 0.0046875 0.009375
0 0.09609375 0.46015625 0.009375 0.009375
0 0.103125 0.46015625 0.009375 0.009375
0 0.17265625 0.4640625 0.0046875 0.0046875
0 0.53984375 0.48359375 0.0046875 0.0046875
0 0.3578125 0.4734375 0.0046875 0.0046875
0 0.1453125 0.4625 0.0046875 0.009375
0 0.165625 0.4640625 0.0046875 0.0046875
0 0.31875 0.471875 0.0046875 0.009375
0 0.13828125 0.4625 0.0046875 0.009375
0 0.1609375 0.46328125 0.0046875 0.009375
0 0.5328125 0.48515625 0.0046875 0.009375
0 0.36875 0.4765625 0.0046875 0.009375
0 0.5515625 0.4859375 0.0046875 0.009375
0 0.5265625 0.48515625 0.009375 0.009375
0 0.6625 0.4921875 0.009375 0.009375
0 0.46171875 0.48125 0.0046875 0.009375
0 0.4640625 0.48203125 0.0046875 0.009375
0 0.6671875 0.4921875 0.0046875 0.009375
0 0.34140625 0.47734375 0.0046875 0.0046875
0 0.70234375 0.496875 0.009375 0.009375
0 0.60703125 0.49140625 0.0046875 0.009375
0 0.68359375 0.4953125 0.0046875 0.009375
0 0.6953125 0.49609375 0.0046875 0.009375
0 0.48203125 0.48515625 0.0046875 0.0046875
0 0.2875 0.4796875 0.0046875 0.009375
0 0.27890625 0.4859375 0.0046875 0.009375
0 0.70390625 0.50859375 0.009375 0.009375
0 0.296875 0.48671875 0.0046875 0.0140625
0 0.3265625 0.490625 0.009375 0.0140625
0 0.31015625 0.48984375 0.0046875 0.009375
0 0.384375 0.49375 0.009375 0.009375
0 0.1953125 0.484375 0.009375 0.009375
0 0.1671875 0.4828125 0.0046875 0.009375
0 0.21953125 0.48515625 0.0046875 0.009375
0 0.18125 0.48359375 0.009375 0.009375
0 0.18828125 0.48359375 0.0046875 0.009375
0 0.303125 0.48984375 0.0046875 0.009375
0 0.09765625 0.47890625 0.0046875 0.009375
0 0.15390625 0.48203125 0.0046875 0.009375
0 0.5859375 0.50703125 0.0046875 0.009375
0 0.60390625 0.5078125 0.0046875 0.009375
0 0.37734375 0.49609375 0.009375 0.009375
0 0.60859375 0.5078125 0.0046875 0.0140625
0 0.40703125 0.5 0.0046875 0.009375
0 0.44375 0.5109375 0.0046875 0.009375
0 0.48203125 0.52265625 0.0046875 0.009375
0 0.5078125 0.52890625 0.0046875 0.009375
0 0.54921875 0.53671875 0.009375 0.009375
0 0.440625 0.53125 0.009375 0.009375
0 0.490625 0.53828125 0.0046875 0.009375
0 0.5296875 0.540625 0.0046875 0.009375
0 0.50703125 0.5421875 0.009375 0.0140625
0 0.52578125 0.5453125 0.009375 0.0140625
0 0.47890625 0.54296875 0.0046875 0.009375
0 0.4515625 0.54140625 0.009375 0.009375
0 0.54140625 0.54609375 0.0046875 0.009375
0 0.42578125 0.5421875 0.009375 0.009375
0 0.5546875 0.55859375 0.009375 0.009375
0 0.42734375 0.5515625 0.0046875 0.0046875
0 0.3953125 0.56171875 0.009375 0.0140625
0 0.67421875 0.57890625 0.009375 0.009375
0 0.63515625 0.58125 0.0046875 0.009375
0 0.61640625 0.5828125 0.009375 0.009375
0 0.67421875 0.5859375 0.009375 0.0140625
0 0.63203125 0.58828125 0.009375 0.009375
0 0.3390625 0.575 0.0046875 0.0140625
0 0.73046875 0.60546875 0.0046875 0.009375
0 0.7421875 0.60546875 0.0046875 0.009375
0 0.240625 0.5859375 0.0046875 0.009375
0 0.7375 0.61171875 0.0046875 0.009375
0 0.79296875 0.61953125 0.009375 0.009375
0 0.2515625 0.59609375 0.0046875 0.009375
0 0.20546875 0.59296875 0.0046875 0.009375
0 0.25859375 0.59609375 0.0046875 0.009375
0 0.19609375 0.5953125 0.0046875 0.009375
0 0.1890625 0.59453125 0.0046875 0.009375
0 0.771875 0.625 0.0046875 0.009375
0 0.1515625 0.5953125 0.0046875 0.009375
0 0.2421875 0.6046875 0.0046875 0.009375
0 0.83359375 0.640625 0.009375 0.0140625
0 0.28984375 0.61171875 0.009375 0.0140625
0 0.8171875 0.64375 0.009375 0.009375
0 0.784375 0.6421875 0.009375 0.009375
0 0.7734375 0.64453125 0.009375 0.009375
0 0.72890625 0.64453125 0.009375 0.009375
0 0.70546875 0.65 0.009375 0.009375
0 0.7140625 0.65078125 0.009375 0.009375
0 0.7375 0.65390625 0.0046875 0.009375
0 0.7234375 0.653125 0.0046875 0.009375
0 0.7421875 0.65625 0.0046875 0.009375
0 0.3171875 0.634375 0.009375 0.009375
0 0.74921875 0.65703125 0.0046875 0.009375
0 0.8390625 0.66171875 0.009375 0.0140625
0 0.8625 0.66328125 0.009375 0.0140625
0 0.240625 0.6328125 0.009375 0.0140625
0 0.809375 0.6625 0.009375 0.0140625
0 0.17109375 0.63125 0.0046875 0.009375
0 0.221875 0.634375 0.009375 0.0140625
0 0.36953125 0.64453125 0.009375 0.0140625
0 0.70234375 0.66640625 0.009375 0.009375
0 0.71796875 0.6671875 0.009375 0.009375
0 0.24453125 0.6421875 0.0046875 0.0140625
0 0.21015625 0.6421875 0.0046875 0.009375
0 0.7390625 0.66953125 0.009375 0.009375
0 0.81796875 0.67421875 0.009375 0.009375
0 0.1890625 0.64296875 0.0046875 0.0140625
0 0.21796875 0.6515625 0.0046875 0.0140625
0 0.71015625 0.67734375 0.009375 0.0140625
0 0.77109375 0.68046875 0.0046875 0.009375
0 0.24609375 0.65546875 0.0046875 0.0140625
0 0.12109375 0.64921875 0.0046875 0.009375
0 0.8171875 0.6859375 0.009375 0.009375
0 0.3109375 0.66171875 0.0046875 0.009375
0 0.83984375 0.6890625 0.009375 0.009375
0 0.1 0.65234375 0.009375 0.009375
0 0.740625 0.6859375 0.009375 0.0140625
0 0.11640625 0.65390625 0.009375 0.009375
0 0.89140625 0.696875 0.009375 0.009375
0 0.59453125 0.68359375 0.009375 0.009375
0 0.4765625 0.6796875 0.009375 0.009375
0 0.31953125 0.6734375 0.009375 0.0140625
0 0.25234375 0.6703125 0.009375 0.009375
0 0.7953125 0.6984375 0.009375 0.009375
0 0.14375 0.6640625 0.0046875 0.009375
0 0.98046875 0.70859375 0.0109375 0.01875
0 0.7703125 0.69921875 0.009375 0.009375
0 0.665625 0.69375 0.009375 0.0140625
0 0.08359375 0.66328125 0.009375 0.009375
0 0.7765625 0.70234375 0.009375 0.009375
0 0.1640625 0.6703125 0.0046875 0.009375
0 0.1828125 0.67109375 0.009375 0.0140625
0 0.3515625 0.68203125 0.009375 0.009375
0 0.90390625 0.7109375 0.009375 0.009375
0 0.29296875 0.68125 0.009375 0.0140625
0 0.67734375 0.7015625 0.009375 0.0140625
0 0.06484375 0.671875 0.009375 0.009375
0 0.05078125 0.67109375 0.009375 0.0140625
0 0.0875 0.6734375 0.009375 0.0140625
0 0.38125 0.690625 0.009375 0.0140625
0 0.21171875 0.68203125 0.0046875 0.0140625
0 0.7734375 0.71171875 0.009375 0.009375
0 0.43671875 0.69609375 0.009375 0.009375
0 0.43203125 0.69609375 0.009375 0.009375
0 0.3578125 0.69453125 0.0046875 0.0140625
0 0.44765625 0.7015625 0.009375 0.0140625
0 0.0890625 0.6828125 0.009375 0.0140625
0 0.3953125 0.6984375 0.0046875 0.009375
0 0.72734375 0.71875 0.009375 0.0140625
0 0.546875 0.709375 0.009375 0.0140625
0 0.38515625 0.703125 0.009375 0.0140625
0 0.5328125 0.7109375 0.0046875 0.0140625
0 0.98125 0.734375 0.00625 0.01875
0 0.078125 0.6890625 0.009375 0.009375
0 0.63203125 0.72265625 0.009375 0.0140625
0 0.3953125 0.7140625 0.0046875 0.0140625
0 0.02109375 0.69453125 0.009375 0.009375
0 0.934375 0.7453125 0.015625 0.01875
0 0.28046875 0.7109375 0.009375 0.0140625
0 0.76953125 0.73828125 0.0109375 0.01875
0 0.34921875 0.71875 0.009375 0.0140625
0 0.7140625 0.73828125 0.009375 0.0140625
0 0.32890625 0.7203125 0.009375 0.0140625
0 0.0078125 0.703125 0.009375 0.0140625
0 0.38671875 0.7234375 0.009375 0.0140625
0 0.10625 0.71328125 0.009375 0.0140625
0 0.0765625 0.71171875 0.009375 0.0140625
0 0.14375 0.715625 0.009375 0.0140625
0 0.47109375 0.73203125 0.0140625 0.0140625
0 0.70546875 0.74453125 0.009375 0.0140625
0 0.95625 0.76015625 0.015625 0.01875
0 0.51328125 0.7390625 0.0140625 0.0140625
0 0.27421875 0.7265625 0.009375 0.0140625
0 0.75546875 0.75703125 0.009375 0.0140625
0 0.6234375 0.75234375 0.009375 0.0140625
0 0.30234375 0.73515625 0.009375 0.0140625
0 0.7390625 0.76015625 0.009375 0.0140625
0 0.56328125 0.7515625 0.009375 0.0140625
0 0.67890625 0.76171875 0.009375 0.0140625
0 0.57265625 0.75625 0.0140625 0.0140625
0 0.8078125 0.7828125 0.015625 0.01875
0 0.6265625 0.7828125 0.009375 0.0140625
0 0.17109375 0.7609375 0.0109375 0.01875
0 0.26328125 0.7703125 0.015625 0.01875
0 0.2515625 0.7765625 0.0109375 0.01875
0 0.8875 0.81171875 0.015625 0.01875
0 0.00859375 0.76875 0.0109375 0.01875
0 0.04765625 0.775 0.0109375 0.01875
0 0.69296875 0.80859375 0.015625 0.01875
0 0.72734375 0.8109375 0.0109375 0.01875
0 0.93984375 0.82421875 0.015625 0.01875
0 0.76796875 0.8203125 0.0140625 0.0140625
0 0.3109375 0.80078125 0.015625 0.01875
0 0.38671875 0.80703125 0.0109375 0.0234375
0 0.346875 0.8140625 0.009375 0.0140625
0 0.33515625 0.815625 0.015625 0.01875
0 0.08046875 0.80234375 0.015625 0.0234375
0 0.38359375 0.82109375 0.009375 0.0140625
0 0.10078125 0.8109375 0.015625 0.01875
0 0.04765625 0.82109375 0.0109375 0.01875
0 0.30625 0.83984375 0.015625 0.01875
0 0.75 0.86484375 0.015625 0.01875
0 0.5203125 0.853125 0.015625 0.01875
0 0.02109375 0.83359375 0.0109375 0.01875
0 0.4109375 0.8640625 0.0109375 0.01875
0 0.36640625 0.8828125 0.015625 0.01875
0 0.85390625 0.91015625 0.015625 0.01875
0 0.296875 0.88125 0.015625 0.01875
0 0.215625 0.8796875 0.0203125 0.025
0 0.47578125 0.91328125 0.015625 0.01875
0 0.1078125 0.9078125 0.0203125 0.0203125
0 0.2484375 0.9203125 0.015625 0.0234375
0 0.475 0.934375 0.015625 0.01875
0 0.36875 0.92890625 0.015625 0.01875
0 0.35234375 0.93046875 0.015625 0.0234375
0 0.153125 0.92734375 0.015625 0.01875
0 0.04140625 0.9421875 0.015625 0.0234375
0 0.23046875 0.9546875 0.015625 0.01875
0 0.28359375 0.9609375 0.0203125 0.025