0 0.5234375 0.346875 0.021875 0.0375
0 0.36015625 0.365625 0.025 0.025
0 0.13984375 0.3875 0.021875 0.0375
0 0.18203125 0.39296875 0.0328125 0.053125
0 0.2578125 0.38828125 0.0265625 0.04375
0 0.41953125 0.3765625 0.0265625 0.04375
0 0.371875 0.390625 0.03125 0.03125
0 0.31875 0.3953125 0.028125 0.0484375
0 0.01015625 0.44609375 0.0203125 0.0671875
0 0.28203125 0.4328125 0.034375 0.0671875
0 0.7296875 0.39375 0.0375 0.0671875
0 0.534375 0.415625 0.0359375 0.053125
0 0.0640625 0.45859375 0.0265625 0.0390625
0 0.75625 0.3984375 0.0359375 0.053125
0 0.66171875 0.409375 0.046875 0.0734375
0 0.484375 0.4265625 0.0265625 0.04375
0 0.16171875 0.4578125 0.0328125 0.0484375
0 0.575 0.4234375 0.0328125 0.0578125
0 0.89921875 0.3953125 0.0484375 0.0875
0 0.13203125 0.4625 0.0375 0.0578125
0 0.515625 0.43359375 0.028125 0.0484375
0 0.55 0.4328125 0.0421875 0.0671875
0 0.4421875 0.44453125 0.0359375 0.053125
0 0.928125 0.40234375 0.025 0.065625
0 0.190625 0.47109375 0.0375 0.0578125
0 0.3203125 0.4671875 0.0375 0.0578125
0 0.60625 0.4421875 0.0375 0.071875
0 0.715625 0.4421875 0.0421875 0.0625
0 0.68125 0.44765625 0.0421875 0.0671875
0 0.753125 0.44140625 0.0375 0.0625
0 0.26328125 0.496875 0.053125 0.0828125
0 0.84453125 0.45546875 0.059375 0.1015625
0 0.16015625 0.5203125 0.053125 0.0828125
0 0.49453125 0.49609375 0.0328125 0.053125
0 0.40078125 0.50625 0.0484375 0.0828125
0 0.3625 0.52578125 0.0421875 0.071875
0 0.6953125 0.53125 0.0578125 0.0875
0 0.53359375 0.5625 0.059375 0.1109375
0 0.9 0.5296875 0.0953125 0.15
0 0.47578125 0.671875 0.0796875 0.121875
0 0.07734375 0.79765625 0.0625 0.1421875
0 0.51875 0.8515625 0.115625 0.1703125
0 0.15703125 0.8828125 0.153125 0.2234375
0 0.17890625 0.22421875 0.021875 0.0328125
0 0.22578125 0.23359375 0.021875 0.0375
0 0.2890625 0.2390625 0.015625 0.0203125
0 0.240625 0.24609375 0.0203125 0.025
0 0.45546875 0.26015625 0.021875 0.0375
0 0.35234375 0.27109375 0.0109375 0.0234375
0 0.28515625 0.2796875 0.021875 0.0328125
0 0.421875 0.27265625 0.0265625 0.034375
0 0.4453125 0.2953125 0.021875 0.0328125
0 0.34609375 0.3109375 0.021875 0.0421875
0 0.2984375 0.32265625 0.0125 0.028125
0 0.26640625 0.32734375 0.028125 0.0484375
0 0.36796875 0.32109375 0.015625 0.025
0 0.47265625 0.31875 0.0234375 0.046875
0 0.61875 0.31328125 0.021875 0.0296875
0 0.41796875 0.3328125 0.0265625 0.0390625
0 0.54921875 0.321875 0.021875 0.0296875
0 0.22890625 0.35234375 0.0234375 0.0515625
0 0.20703125 0.36796875 0.021875 0.0421875
0 0.59453125 0.334375 0.03125 0.04375