0 0.659375 0.32578125 0.028125 0.0390625
0 0.38671875 0.31875 0.021875 0.0296875
0 0.5953125 0.3484375 0.021875 0.0296875
0 0.47109375 0.3359375 0.0328125 0.0484375
0 0.1421875 0.29765625 0.034375 0.053125
0 0.2390625 0.3109375 0.028125 0.04375
0 0.034375 0.2859375 0.0296875 0.053125
0 0.48828125 0.34453125 0.021875 0.034375
0 0.396875 0.33515625 0.0265625 0.034375
0 0.31328125 0.32734375 0.0328125 0.040625
0 0.2515625 0.31953125 0.0234375 0.04375
0 0.45625 0.3453125 0.028125 0.0390625
0 0.54609375 0.35859375 0.021875 0.034375
0 0.63046875 0.36875 0.028125 0.0390625
0 0.671875 0.37421875 0.0328125 0.0484375
0 0.21171875 0.321875 0.0375 0.0453125
0 0.8390625 0.39921875 0.021875 0.034375
0 0.96953125 0.4171875 0.028125 0.0390625
0 0.5140625 0.3640625 0.028125 0.0390625
0 0.64453125 0.38671875 0.028125 0.04375
0 0.57421875 0.38828125 0.021875 0.034375
0 0.0765625 0.33828125 0.0328125 0.04375
0 0.74140625 0.43203125 0.021875 0.034375
0 0.96875 0.46640625 0.028125 0.0390625
0 0.7796875 0.44765625 0.021875 0.0296875
0 0.91328125 0.47578125 0.0328125 0.04375
0 0.828125 0.4703125 0.040625 0.040625
0 0.85234375 0.47578125 0.034375 0.053125
0 0.74375 0.4671875 0.0328125 0.0484375
0 0.68828125 0.46953125 0.0375 0.05
0 0.60390625 0.46640625 0.0171875 0.025
0 0.784375 0.49765625 0.0328125 0.0484375
0 0.96171875 0.521875 0.0421875 0.05
0 0.5609375 0.475 0.0171875 0.025
0 0.49921875 0.46796875 0.0328125 0.040625
0 0.753125 0.51015625 0.0328125 0.0484375
0 0.8125 0.51953125 0.053125 0.0609375
0 0.4734375 0.4875 0.0359375 0.03125
0 0.2828125 0.46640625 0.0421875 0.0546875
0 0.39296875 0.48203125 0.0359375 0.0359375
0 0.56875 0.50859375 0.034375 0.0578125
0 0.87421875 0.55078125 0.046875 0.0515625
0 0.5890625 0.51796875 0.04375 0.06875
0 0.44140625 0.50234375 0.034375 0.053125
0 0.534375 0.51875 0.0375 0.0546875
0 0.66953125 0.53984375 0.0375 0.0546875
0 0.2515625 0.48828125 0.0515625 0.05625
0 0.3296875 0.5046875 0.046875 0.046875
0 0.46015625 0.5234375 0.04375 0.059375
0 0.72578125 0.56015625 0.0328125 0.04375
0 0.159375 0.4953125 0.065625 0.0578125
0 0.4125 0.52890625 0.04375 0.06875
0 0.959375 0.60078125 0.0640625 0.0796875
0 0.37734375 0.52890625 0.0484375 0.06875
0 0.0484375 0.4890625 0.0625 0.0671875
0 0.76875 0.59140625 0.0484375 0.0640625
0 0.8328125 0.6015625 0.0484375 0.06875
0 0.63359375 0.59375 0.0609375 0.0890625
0 0.33515625 0.55703125 0.053125 0.0609375
0 0.25625 0.546875 0.053125 0.0703125
0 0.0140625 0.5328125 0.028125 0.06875
0 0.72734375 0.62578125 0.05 0.078125
0 0.16875 0.559375 0.06875 0.08125
0 0.50390625 0.60546875 0.04375 0.06875
0 0.55078125 0.61796875 0.0546875 0.075
0 0.6171875 0.65 0.0578125 0.0703125
0 0.31875 0.63203125 0.0484375 0.06875
0 0.94296875 0.71484375 0.071875 0.103125
0 0.04921875 0.603125 0.078125 0.11875
0 0.44921875 0.65234375 0.0546875 0.0796875
0 0.2078125 0.6390625 0.0703125 0.0953125
0 0.8625 0.71953125 0.08125 0.109375
0 0.59453125 0.69609375 0.05 0.0734375
0 0.503125 0.68671875 0.0609375 0.0890625
0 0.640625 0.70390625 0.0625 0.0625
0 0.378125 0.6765625 0.0515625 0.0875
0 0.76015625 0.7328125 0.046875 0.0875
0 0.7109375 0.73828125 0.0703125 0.0953125
0 0.33828125 0.69296875 0.0734375 0.1125
0 0.934375 0.8125 0.065625 0.1296875
0 0.234375 0.72890625 0.0671875 0.103125
0 0.82734375 0.81328125 0.0921875 0.125
0 0.0203125 0.725 0.040625 0.140625
0 0.60234375 0.82734375 0.1171875 0.1765625
0 0.1625 0.79921875 0.0828125 0.11875
0 0.4546875 0.85078125 0.11875 0.1640625
0 0.3109375 0.90078125 0.0921875 0.125