0 0.12265625 0.0953125 0.0296875 0.0375
0 0.4578125 0.1953125 0.0375 0.0328125
0 0.515625 0.196875 0.0328125 0.0375
0 0.31796875 0.19765625 0.025 0.0328125
0 0.35625 0.22109375 0.025 0.0421875
0 0.71796875 0.24609375 0.0328125 0.0375
0 0.25859375 0.2390625 0.0296875 0.0421875
0 0.89296875 0.2703125 0.0203125 0.0328125
0 0.078125 0.246875 0.0296875 0.0421875
0 0.80859375 0.27734375 0.0296875 0.0375
0 0.85234375 0.28359375 0.0390625 0.0515625
0 0.5265625 0.2765625 0.0296875 0.0375
0 0.44296875 0.2796875 0.0328125 0.0421875
0 0.99375 0.2984375 0.0125 0.0375
0 0.47109375 0.2859375 0.025 0.0328125
0 0.965625 0.30546875 0.034375 0.046875
0 0.93046875 0.30390625 0.0296875 0.0421875
0 0.89140625 0.3046875 0.0203125 0.0234375
0 0.40546875 0.290625 0.0203125 0.0375
0 0.61796875 0.30234375 0.025 0.0328125
0 0.76640625 0.3078125 0.0375 0.0421875
0 0.6640625 0.30859375 0.0390625 0.0515625
0 0.303125 0.29609375 0.0328125 0.0296875
0 0.51171875 0.3078125 0.0296875 0.0375
0 0.91328125 0.32421875 0.0296875 0.046875
0 0.890625 0.32578125 0.0203125 0.028125
0 0.3453125 0.30703125 0.0296875 0.0375
0 0.38828125 0.3109375 0.025 0.0375
0 0.6453125 0.321875 0.0296875 0.0375
0 0.97421875 0.33828125 0.0203125 0.0375
0 0.48984375 0.32578125 0.025 0.0328125
0 0.72421875 0.334375 0.0328125 0.0421875
0 0.57734375 0.33359375 0.025 0.0375
0 0.328125 0.32734375 0.025 0.0375
0 0.7625 0.34296875 0.0328125 0.0421875
0 0.27421875 0.33046875 0.0296875 0.0515625
0 0.53984375 0.34453125 0.0203125 0.0375
0 0.23203125 0.33359375 0.0296875 0.046875
0 0.296875 0.3375 0.0296875 0.046875
0 0.4171875 0.34609375 0.0328125 0.0421875
0 0.21875 0.34609375 0.0328125 0.0421875
0 0.0171875 0.34375 0.025 0.0515625
0 0.71328125 0.37265625 0.025 0.0328125
0 0.66171875 0.3734375 0.0296875 0.0375
0 0.6921875 0.37890625 0.0296875 0.0421875
0 0.071875 0.36015625 0.025 0.0375
0 0.6015625 0.378125 0.0296875 0.0375
0 0.765625 0.384375 0.0375 0.0421875
0 0.1921875 0.36875 0.034375 0.046875
0 0.33359375 0.3734375 0.0296875 0.0421875
0 0.4921875 0.38203125 0.0296875 0.0421875
0 0.871875 0.3953125 0.034375 0.0515625
0 0.16171875 0.3703125 0.034375 0.046875
0 0.36015625 0.37734375 0.0296875 0.0515625
0 0.453125 0.38046875 0.0296875 0.046875
0 0.0828125 0.36953125 0.025 0.0375
0 0.9734375 0.40078125 0.025 0.0375
0 0.6453125 0.39140625 0.0296875 0.0421875
0 0.828125 0.403125 0.0328125 0.025
0 0.93125 0.4109375 0.025 0.0421875
0 0.94765625 0.41640625 0.0296875 0.046875
0 0.565625 0.403125 0.0296875 0.0328125
0 0.58671875 0.40390625 0.0296875 0.0421875
0 0.62109375 0.40703125 0.0296875 0.046875
0 0.64453125 0.41015625 0.0296875 0.0375
0 0.68828125 0.42265625 0.0390625 0.046875
0 0.8890625 0.4296875 0.034375 0.0515625
0 0.96328125 0.43515625 0.0296875 0.046875
0 0.83359375 0.43046875 0.04375 0.046875
0 0.79375 0.42890625 0.034375 0.0515625
0 0.1828125 0.421875 0.034375 0.046875
0 0.54609375 0.43671875 0.0296875 0.046875
0 0.2734375 0.42734375 0.0296875 0.0375
0 0.75 0.44375 0.0375 0.0421875
0 0.10625 0.4234375 0.034375 0.046875
0 0.4328125 0.43515625 0.025 0.0328125
0 0.38671875 0.43828125 0.0328125 0.0421875
0 0.32109375 0.44296875 0.0296875 0.0421875
0 0.4625 0.45 0.025 0.0421875
0 0.35546875 0.44921875 0.025 0.0421875
0 0.84453125 0.0578125 0.034375 0.046875
0 0.53203125 0.46640625 0.0203125 0.0375
0 0.228125 0.46015625 0.034375 0.0515625
0 0.03828125 0.45546875 0.0296875 0.046875
0 0.50546875 0.47421875 0.0296875 0.0328125
0 0.2765625 0.46640625 0.0296875 0.046875
0 0.4078125 0.47109375 0.0296875 0.0375
0 0.31328125 0.4703125 0.0328125 0.0375
0 0.0609375 0.46328125 0.034375 0.046875
0 0.2625 0.47265625 0.025 0.046875
0 0.146875 0.4734375 0.025 0.0375
0 0.37578125 0.48359375 0.0328125 0.0421875
0 0.5234375 0.503125 0.0203125 0.028125
0 0.67734375 0.51796875 0.0296875 0.025
0 0.4 0.5109375 0.0296875 0.0375
0 0.18671875 0.5078125 0.0328125 0.0421875
0 0.53359375 0.525 0.0296875 0.0375
0 0.88359375 0.5390625 0.0390625 0.0515625
0 0.1546875 0.5140625 0.0375 0.0421875
0 0.309375 0.52109375 0.025 0.0375
0 0.62421875 0.5328125 0.025 0.0421875
0 0.59375 0.53125 0.025 0.0375
0 0.4484375 0.5265625 0.0328125 0.0421875
0 0.9640625 0.546875 0.0328125 0.0421875
0 0.33984375 0.5265625 0.025 0.0296875
0 0.9265625 0.54921875 0.0296875 0.0296875
0 0.6625 0.53984375 0.025 0.0328125
0 0.503125 0.53671875 0.025 0.0375
0 0.234375 0.5296875 0.0296875 0.0375
0 0.7921875 0.5515625 0.025 0.0375
0 0.27421875 0.5359375 0.025 0.0328125
0 0.00859375 0.5265625 0.0171875 0.0375
0 0.76484375 0.55546875 0.0328125 0.0421875
0 0.7296875 0.55390625 0.034375 0.046875
0 0.67890625 0.5546875 0.0328125 0.0421875
0 0.521875 0.54921875 0.0296875 0.0375
0 0.2484375 0.54453125 0.025 0.0421875
0 0.55859375 0.55546875 0.0296875 0.0375
0 0.1671875 0.54140625 0.0296875 0.0296875
0 0.4640625 0.5515625 0.0203125 0.028125
0 0.19765625 0.5453125 0.0296875 0.0421875
0 0.37109375 0.553125 0.025 0.0296875
0 0.4140625 0.55703125 0.025 0.0421875
0 0.928125 0.575 0.0328125 0.0421875
0 0.43515625 0.5625 0.025 0.0375
0 0.821875 0.578125 0.025 0.0421875
0 0.034375 0.553125 0.025 0.0421875
0 0.31953125 0.56328125 0.025 0.0421875
0 0.6546875 0.57734375 0.0296875 0.0421875
0 0.04609375 0.55859375 0.0296875 0.0421875
0 0.63125 0.58125 0.0296875 0.0328125
0 0.00859375 0.56171875 0.0171875 0.0421875
0 0.4734375 0.58046875 0.0328125 0.0421875
0 0.39296875 0.5796875 0.0296875 0.0328125
0 0.34375 0.578125 0.0296875 0.0375
0 0.17734375 0.575 0.0296875 0.0421875
0 0.56640625 0.58828125 0.0328125 0.0421875
0 0.59375 0.5890625 0.0296875 0.0421875
0 0.8328125 0.6 0.0296875 0.0421875
0 0.10546875 0.57421875 0.0296875 0.0375
0 0.078125 0.5734375 0.0296875 0.0421875
0 0.6984375 0.59765625 0.0421875 0.0421875
0 0.73515625 0.6015625 0.034375 0.0515625
0 0.15234375 0.58125 0.0296875 0.0421875
0 0.95703125 0.61328125 0.0296875 0.0421875
0 0.98203125 0.61875 0.0203125 0.05625
0 0.30703125 0.59453125 0.0296875 0.0421875
0 0.2125 0.59140625 0.0296875 0.0375
0 0.51015625 0.60234375 0.0296875 0.0375
0 0.246875 0.5953125 0.0390625 0.046875
0 0.63046875 0.60859375 0.0296875 0.0328125
0 0.403125 0.6078125 0.0296875 0.0375
0 0.11640625 0.59765625 0.0375 0.0375
0 0.06328125 0.60078125 0.025 0.05625
0 0.815625 0.6265625 0.0296875 0.0421875
0 0.9375 0.6359375 0.0328125 0.0421875
0 0.97421875 0.6390625 0.0296875 0.0421875
0 0.91640625 0.63984375 0.034375 0.0515625
0 0.69921875 0.634375 0.025 0.0421875
0 0.33828125 0.621875 0.0296875 0.0421875
0 0.73359375 0.640625 0.0296875 0.025
0 0.66171875 0.6375 0.0390625 0.046875
0 0.79609375 0.64453125 0.0296875 0.0375
0 0.2890625 0.63203125 0.0296875 0.0375
0 0.1734375 0.63046875 0.0296875 0.0421875
0 0.13203125 0.6359375 0.0296875 0.046875
0 0.221875 0.6390625 0.0296875 0.0375
0 0.49453125 0.65078125 0.025 0.0421875
0 0.87890625 0.66640625 0.034375 0.0515625
0 0.5359375 0.6546875 0.0296875 0.0421875
0 0.43203125 0.653125 0.0328125 0.0421875
0 0.515625 0.6578125 0.0296875 0.046875
0 0.09140625 0.65 0.0328125 0.0421875
0 0.246875 0.65546875 0.025 0.0296875
0 0.79453125 0.67421875 0.025 0.0328125
0 0.61953125 0.66796875 0.0328125 0.0375
0 0.5796875 0.671875 0.025 0.046875
0 0.15625 0.659375 0.0296875 0.0421875
0 0.734375 0.6796875 0.0328125 0.0328125
0 0.209375 0.66328125 0.0328125 0.0421875
0 0.70703125 0.68046875 0.0328125 0.0421875
0 0.40078125 0.67265625 0.034375 0.0515625
0 0.33671875 0.67265625 0.025 0.0375
0 0.0609375 0.665625 0.025 0.0328125
0 0.83828125 0.6921875 0.0296875 0.0421875
0 0.315625 0.6765625 0.0296875 0.046875
0 0.109375 0.66953125 0.025 0.046875
0 0.7265625 0.70234375 0.0328125 0.0375
0 0.01953125 0.68046875 0.034375 0.046875
0 0.61796875 0.70078125 0.0328125 0.0375
0 0.56484375 0.7015625 0.0296875 0.0375
0 0.6875 0.70625 0.0328125 0.0375
0 0.8078125 0.7125 0.034375 0.0515625
0 0.96484375 0.71796875 0.025 0.0515625
0 0.4953125 0.7015625 0.0296875 0.025
0 0.365625 0.696875 0.0296875 0.0421875
0 0.54140625 0.703125 0.0296875 0.0421875
0 0.6734375 0.7078125 0.025 0.0421875
0 0.28203125 0.69609375 0.025 0.0296875
0 0.196875 0.69375 0.0296875 0.0328125
0 0.05546875 0.690625 0.0296875 0.0421875
0 0.64375 0.71171875 0.0328125 0.0421875
0 0.978125 0.728125 0.025 0.046875
0 0.2640625 0.70546875 0.025 0.0421875
0 0.87421875 0.72890625 0.0296875 0.046875
0 0.2265625 0.70625 0.0296875 0.0375
0 0.59375 0.72109375 0.0296875 0.0421875
0 0.48984375 0.71953125 0.0328125 0.0328125
0 0.4484375 0.7203125 0.0296875 0.025
0 0.3859375 0.7203125 0.0296875 0.0421875
0 0.2953125 0.71953125 0.0296875 0.046875
0 0.75390625 0.7359375 0.0328125 0.0375
0 0.66796875 0.73515625 0.0296875 0.0375
0 0.2421875 0.7203125 0.0296875 0.0421875
0 0.3390625 0.7234375 0.0375 0.0375
0 0.41796875 0.72890625 0.0203125 0.0328125
0 0.1609375 0.721875 0.0296875 0.0421875
0 0.8203125 0.74765625 0.0296875 0.0421875
0 0.6953125 0.74296875 0.0296875 0.0515625
0 0.98203125 0.753125 0.0203125 0.0515625
0 0.49375 0.7359375 0.0421875 0.0328125
0 0.2765625 0.73046875 0.0375 0.0421875
0 0.56328125 0.740625 0.0296875 0.0421875
0 0.20078125 0.728125 0.0328125 0.0375
0 0.43125 0.740625 0.025 0.0328125
0 0.12578125 0.734375 0.0296875 0.0421875
0 0.0078125 0.73046875 0.015625 0.0421875
0 0.1 0.7359375 0.0296875 0.0421875
0 0.784375 0.76953125 0.034375 0.0609375
0 0.065625 0.746875 0.034375 0.046875
0 0.72421875 0.76953125 0.0421875 0.0375
0 0.625 0.76875 0.034375 0.046875
0 0.18046875 0.753125 0.0296875 0.0421875
0 0.45390625 0.76484375 0.0296875 0.0421875
0 0.596875 0.7703125 0.0296875 0.0375
0 0.93046875 0.78125 0.034375 0.0515625
0 0.2890625 0.76171875 0.0421875 0.0421875
0 0.659375 0.77421875 0.0328125 0.0421875
0 0.41171875 0.76796875 0.025 0.0328125
0 0.3421875 0.765625 0.0296875 0.0421875
0 0.490625 0.77109375 0.0296875 0.0421875
0 0.37734375 0.76953125 0.0328125 0.0375
0 0.5484375 0.77734375 0.0375 0.0421875
0 0.91796875 0.79296875 0.025 0.046875
0 0.025 0.76171875 0.034375 0.046875
0 0.48984375 0.79375 0.0328125 0.0375
0 0.2609375 0.7859375 0.025 0.0328125
0 0.828125 0.8078125 0.0375 0.0375
0 0.2515625 0.7875 0.015625 0.0375
0 0.6953125 0.8078125 0.0296875 0.0515625
0 0.75546875 0.81015625 0.0296875 0.0296875
0 0.11953125 0.78984375 0.0328125 0.0421875
0 0.32578125 0.796875 0.0296875 0.0296875
0 0.715625 0.8109375 0.0296875 0.046875
0 0.78515625 0.815625 0.0296875 0.0328125
0 0.6671875 0.81171875 0.0390625 0.0515625
0 0.35234375 0.80078125 0.0296875 0.0296875
0 0.22265625 0.7984375 0.0296875 0.0421875
0 0.378125 0.80390625 0.0375 0.0375
0 0.1953125 0.8 0.025 0.0296875
0 0.05625 0.79453125 0.025 0.046875
0 0.28984375 0.81015625 0.034375 0.046875
0 0.9046875 0.83359375 0.0421875 0.025
0 0.628125 0.8265625 0.0296875 0.0515625
0 0.0796875 0.80703125 0.025 0.0515625
0 0.465625 0.82109375 0.025 0.0296875
0 0.54140625 0.82578125 0.0296875 0.0515625
0 0.59453125 0.8296875 0.0390625 0.0515625
0 0.76875 0.840625 0.0328125 0.0296875
0 0.4953125 0.83359375 0.0328125 0.0421875
0 0.134375 0.8234375 0.034375 0.046875
0 0.23828125 0.82734375 0.034375 0.05625
0 0.17578125 0.825 0.0296875 0.046875
0 0.5765625 0.8390625 0.025 0.0421875
0 0.82421875 0.85 0.0375 0.0421875
0 0.9390625 0.85859375 0.04375 0.0609375
0 0.375 0.8390625 0.0296875 0.0421875
0 0.2703125 0.83515625 0.0296875 0.0421875
0 0.33125 0.8375 0.0296875 0.0421875
0 0.096875 0.83046875 0.0296875 0.0421875
0 0.728125 0.85234375 0.0296875 0.0421875
0 0.8765625 0.86015625 0.025 0.046875
0 0.31484375 0.840625 0.034375 0.05625
0 0.00859375 0.83203125 0.0171875 0.0421875
0 0.640625 0.8546875 0.0375 0.0421875
0 0.90859375 0.87109375 0.0390625 0.05625
0 0.7421875 0.86484375 0.0296875 0.0421875
0 0.675 0.8625 0.0296875 0.0515625
0 0.69375 0.86328125 0.0390625 0.0515625
0 0.80234375 0.86953125 0.0296875 0.05625
0 0.97578125 0.87578125 0.025 0.05625
0 0.4734375 0.86015625 0.0296875 0.0515625
0 0.765625 0.87265625 0.0390625 0.046875
0 0.65078125 0.8875 0.046875 0.04375
0 0.178125 0.0875 0.034375 0.046875