0 0.01328125 0.1265625 0.0265625 0.046875
0 0.565625 0.11875 0.025 0.0515625
0 0.146875 0.0203125 0.0234375 0.028125
0 0.215625 0.01875 0.0234375 0.028125
0 0.8015625 0.01328125 0.028125 0.0265625
0 0.6421875 0.01484375 0.01875 0.0296875
0 0.796875 0.1453125 0.028125 0.0421875
0 0.68125 0.14765625 0.0296875 0.046875
0 0.8546875 0.14453125 0.0234375 0.0421875
0 0.91015625 0.15234375 0.028125 0.0328125
0 0.73671875 0.15546875 0.0328125 0.0421875
0 0.36640625 0.01875 0.01875 0.0328125
0 0.35 0.16171875 0.0234375 0.0375
0 0.96796875 0.153125 0.0296875 0.046875
0 0.56796875 0.1625 0.028125 0.0375
0 0.40390625 0.16796875 0.025 0.0515625
0 0.515625 0.16640625 0.01875 0.0421875
0 0.621875 0.17109375 0.0328125 0.0328125
0 0.27890625 0.18671875 0.0234375 0.0421875
0 0.184375 0.19296875 0.0328125 0.0421875
0 0.47109375 0.190625 0.0234375 0.0375
0 0.009375 0.19765625 0.01875 0.0515625
0 0.05703125 0.2 0.0328125 0.0421875
0 0.14765625 0.203125 0.0234375 0.0421875
0 0.2375 0.20859375 0.0234375 0.0328125
0 0.90390625 0.196875 0.028125 0.0328125
0 0.47265625 0.021875 0.028125 0.0421875
0 0.79609375 0.2125 0.028125 0.0421875
0 0.44921875 0.225 0.01875 0.0375
0 0.5578125 0.22578125 0.028125 0.0421875
0 0.40078125 0.228125 0.0328125 0.0515625
0 0.65234375 0.22421875 0.025 0.046875
0 0.27734375 0.2328125 0.028125 0.0421875
0 0.31953125 0.234375 0.0234375 0.0328125
0 0.096875 0.23828125 0.028125 0.0375
0 0.23359375 0.24765625 0.0328125 0.0515625
0 0.378125 0.028125 0.0234375 0.0421875
0 0.83671875 0.25546875 0.0328125 0.046875
0 0.9015625 0.2546875 0.0328125 0.0421875
0 0.72734375 0.26015625 0.0375 0.0421875
0 0.91484375 0.02109375 0.028125 0.0421875
0 0.9640625 0.2609375 0.028125 0.0375
0 0.7875 0.26640625 0.0296875 0.0515625
0 0.725 0.02421875 0.0234375 0.0421875
0 0.39453125 0.27734375 0.028125 0.0421875
0 0.6671875 0.27265625 0.0296875 0.046875
0 0.32265625 0.28125 0.028125 0.028125
0 0.50546875 0.278125 0.0296875 0.0515625
0 0.0328125 0.28984375 0.0328125 0.0375
0 0.10703125 0.29140625 0.0296875 0.046875
0 0.55390625 0.28359375 0.028125 0.0421875
0 0.1625 0.29453125 0.028125 0.0421875
0 0.440625 0.28984375 0.028125 0.0421875
0 0.21796875 0.2984375 0.0234375 0.0375
0 0.02265625 0.3375 0.028125 0.0421875
0 0.5265625 0.03359375 0.0296875 0.046875
0 0.871875 0.33203125 0.0328125 0.046875
0 0.5546875 0.3375 0.0328125 0.046875
0 0.675 0.3375 0.028125 0.0421875
0 0.08828125 0.35 0.0375 0.0375
0 0.4109375 0.0359375 0.028125 0.0328125
0 0.5 0.34453125 0.025 0.046875
0 0.97578125 0.33828125 0.028125 0.0421875
0 0.62265625 0.34453125 0.0328125 0.046875
0 0.384375 0.34921875 0.0328125 0.0421875
0 0.4421875 0.35 0.0296875 0.0515625
0 0.73125 0.3453125 0.028125 0.0421875
0 0.78671875 0.346875 0.0328125 0.046875
0 0.259375 0.3578125 0.0234375 0.0375
0 0.303125 0.36171875 0.025 0.0515625
0 0.7515625 0.03203125 0.028125 0.0375
0 0.66953125 0.40859375 0.0296875 0.046875
0 0.91484375 0.40703125 0.0375 0.0421875
0 0.37109375 0.41640625 0.0328125 0.046875
0 0.60703125 0.4125 0.028125 0.0421875
0 0.9796875 0.4078125 0.028125 0.0421875
0 0.13515625 0.425 0.0296875 0.046875
0 0.78515625 0.41640625 0.0296875 0.046875
0 0.48203125 0.42109375 0.0296875 0.0515625
0 0.315625 0.42890625 0.0296875 0.046875
0 0.86640625 0.41953125 0.0328125 0.0515625
0 0.734375 0.421875 0.0328125 0.0421875
0 0.43125 0.42734375 0.0328125 0.0515625
0 0.53984375 0.42734375 0.0328125 0.0421875
0 0.184375 0.4359375 0.0296875 0.046875
0 0.6890625 0.040625 0.028125 0.0421875
0 0.2515625 0.4421875 0.0328125 0.0421875
0 0.8625 0.03984375 0.0296875 0.046875
0 0.97109375 0.0375 0.028125 0.0421875
0 0.23984375 0.05078125 0.0296875 0.0515625
0 0.57578125 0.04453125 0.0234375 0.0375
0 0.7796875 0.46328125 0.028125 0.0375
0 0.91796875 0.4625 0.0296875 0.0515625
0 0.35078125 0.47421875 0.025 0.046875
0 0.6609375 0.4734375 0.0328125 0.05625
0 0.53828125 0.47578125 0.0328125 0.0421875
0 0.853125 0.47265625 0.0296875 0.05625
0 0.1359375 0.0546875 0.0234375 0.0421875
0 0.3140625 0.0515625 0.0328125 0.046875
0 0.97578125 0.47265625 0.0296875 0.046875
0 0.71953125 0.4796875 0.028125 0.0421875
0 0.0671875 0.49375 0.0296875 0.046875
0 0.14375 0.4921875 0.028125 0.0421875
0 0.6109375 0.484375 0.0328125 0.0421875
0 0.42109375 0.4875 0.0375 0.046875
0 0.18046875 0.49375 0.028125 0.0421875
0 0.48828125 0.48828125 0.0296875 0.0515625
0 0.08515625 0.06015625 0.0234375 0.0328125
0 0.78515625 0.52578125 0.0234375 0.0375
0 0.72265625 0.5328125 0.0375 0.0515625
0 0.86171875 0.5328125 0.0328125 0.0515625
0 0.171875 0.546875 0.0328125 0.0609375
0 0.9890625 0.5375 0.015625 0.05625
0 0.1140625 0.553125 0.0328125 0.0515625
0 0.65625 0.54609375 0.028125 0.0421875
0 0.296875 0.55234375 0.0234375 0.0421875
0 0.22734375 0.55546875 0.0375 0.05625
0 0.59375 0.54921875 0.028125 0.0421875
0 0.41953125 0.55234375 0.0296875 0.046875
0 0.3640625 0.56015625 0.0296875 0.046875
0 0.91953125 0.553125 0.0328125 0.05625
0 0.20546875 0.0625 0.028125 0.0421875
0 0.02265625 0.58984375 0.0328125 0.05625
0 0.73515625 0.60234375 0.0375 0.0515625
0 0.66328125 0.60546875 0.0296875 0.046875
0 0.35859375 0.61328125 0.0296875 0.05625
0 0.853125 0.60703125 0.0296875 0.0515625
0 0.78828125 0.60859375 0.0296875 0.0515625
0 0.9140625 0.60859375 0.0328125 0.0515625
0 0.28046875 0.621875 0.025 0.0515625
0 0.16171875 0.6265625 0.0296875 0.05625
0 0.2265625 0.625 0.0296875 0.046875
0 0.4765625 0.6234375 0.0328125 0.046875
0 0.52578125 0.621875 0.0375 0.05625
0 0.6015625 0.628125 0.0296875 0.046875
0 0.4140625 0.63125 0.0296875 0.046875
0 0.096875 0.64375 0.0328125 0.05625
0 0.65390625 0.67109375 0.0296875 0.0515625
0 0.80234375 0.06171875 0.028125 0.028125
0 0.85703125 0.68125 0.0296875 0.046875
0 0.98359375 0.67890625 0.0328125 0.0421875
0 0.271875 0.69140625 0.0328125 0.05625
0 0.91015625 0.6828125 0.0375 0.05625
0 0.78125 0.68984375 0.025 0.0515625
0 0.73671875 0.69296875 0.0328125 0.0515625
0 0.59765625 0.6953125 0.028125 0.0421875
0 0.47109375 0.7 0.025 0.046875
0 0.38515625 0.7015625 0.0296875 0.046875
0 0.53125 0.70078125 0.028125 0.0421875
0 0.21015625 0.70703125 0.0296875 0.0515625
0 0.0296875 0.7171875 0.0375 0.05625
0 0.35078125 0.7109375 0.0328125 0.0421875
0 0.08046875 0.715625 0.0296875 0.0515625
0 0.15234375 0.73515625 0.0296875 0.046875
0 0.98046875 0.7390625 0.0328125 0.05625
0 0.26171875 0.75625 0.0296875 0.046875
0 0.91015625 0.7546875 0.0296875 0.0609375
0 0.384375 0.7640625 0.0296875 0.046875
0 0.46328125 0.76484375 0.0328125 0.065625
0 0.7109375 0.7625 0.0296875 0.05625
0 0.51640625 0.76875 0.0296875 0.05625
0 0.33828125 0.77421875 0.0296875 0.046875
0 0.18984375 0.78125 0.0375 0.05625
0 0.0671875 0.78359375 0.0296875 0.0515625
0 0.8359375 0.77265625 0.0328125 0.05625
0 0.7828125 0.78203125 0.0234375 0.0375
0 0.1390625 0.79296875 0.0296875 0.046875
0 0.01484375 0.7953125 0.0203125 0.05625
0 0.6625 0.80234375 0.028125 0.0421875
0 0.5984375 0.80625 0.0375 0.046875
0 0.2515625 0.84296875 0.0375 0.0421875
0 0.3765625 0.84296875 0.028125 0.0421875
0 0.58046875 0.8390625 0.0328125 0.046875
0 0.19375 0.85234375 0.0375 0.0515625
0 0.70546875 0.84296875 0.0296875 0.05625
0 0.7796875 0.8421875 0.0421875 0.0609375
0 0.84453125 0.84296875 0.0296875 0.046875
0 0.6453125 0.846875 0.01875 0.0375
0 0.50859375 0.8515625 0.0375 0.0515625
0 0.453125 0.859375 0.0375 0.0515625
0 0.11484375 0.87734375 0.0375 0.0515625
0 0.32578125 0.878125 0.028125 0.0421875
0 0.79609375 0.08515625 0.028125 0.0375
0 0.0328125 0.0171875 0.01875 0.01875
0 0.91171875 0.0875 0.0328125 0.046875
0 0.68046875 0.09140625 0.028125 0.0421875
0 0.97890625 0.08828125 0.0296875 0.046875
0 0.6390625 0.0921875 0.028125 0.0421875
0 0.740625 0.09296875 0.0296875 0.046875
0 0.69296875 0.01015625 0.0234375 0.0203125
0 0.5140625 0.10625 0.0234375 0.0421875
0 0.85859375 0.1 0.0328125 0.0421875
0 0.40234375 0.1125 0.0234375 0.0375
0 0.2796875 0.11484375 0.028125 0.0421875
0 0.45625 0.11171875 0.028125 0.0421875