0 0.3953125 0.41015625 0.0109375 0.0203125
0 0.384375 0.41171875 0.0109375 0.015625
0 0.4140625 0.40859375 0.0109375 0.015625
0 0.45546875 0.403125 0.00625 0.0140625
0 0.340625 0.41953125 0.0109375 0.0203125
0 0.31875 0.425 0.0109375 0.0109375
0 0.43515625 0.41015625 0.0109375 0.015625
0 0.2859375 0.4328125 0.0109375 0.015625
0 0.47265625 0.41171875 0.0109375 0.015625
0 0.42265625 0.4203125 0.0109375 0.0109375
0 0.47578125 0.41875 0.0109375 0.0203125
0 0.48984375 0.41953125 0.0109375 0.0203125
0 0.5359375 0.4140625 0.0171875 0.025
0 0.48515625 0.4203125 0.0109375 0.015625
0 0.4375 0.428125 0.0109375 0.015625
0 0.5578125 0.41796875 0.0109375 0.0203125
0 0.5125 0.428125 0.015625 0.0203125
0 0.40859375 0.44375 0.015625 0.015625
0 0.478125 0.43515625 0.015625 0.015625
0 0.42265625 0.44140625 0.0109375 0.015625
0 0.63984375 0.41953125 0.0109375 0.015625
0 0.60078125 0.42734375 0.0109375 0.015625
0 0.609375 0.42578125 0.015625 0.0203125
0 0.94765625 0.384375 0.0171875 0.025
0 0.290625 0.46484375 0.015625 0.015625
0 0.62109375 0.42421875 0.0109375 0.015625
0 0.57109375 0.43046875 0.0171875 0.025
0 0.96171875 0.3875 0.021875 0.025
0 0.6484375 0.4328125 0.0171875 0.025
0 0.40859375 0.4625 0.0109375 0.0203125
0 0.80390625 0.4140625 0.0171875 0.025
0 0.321875 0.475 0.0109375 0.015625
0 0.3515625 0.471875 0.015625 0.0203125
0 0.296875 0.47890625 0.0125 0.025
0 0.25390625 0.48828125 0.021875 0.025
0 0.31796875 0.48046875 0.015625 0.015625
0 0.33671875 0.478125 0.0109375 0.015625
0 0.3734375 0.47421875 0.015625 0.015625
0 0.51328125 0.45625 0.015625 0.015625
0 0.7890625 0.42265625 0.0171875 0.025
0 0.83125 0.4203125 0.0203125 0.0203125
0 0.30234375 0.48515625 0.0171875 0.025
0 0.86953125 0.415625 0.0171875 0.025
0 0.4171875 0.47109375 0.0125 0.025
0 0.675 0.44140625 0.0171875 0.025
0 0.38359375 0.4796875 0.0109375 0.0203125
0 0.24296875 0.49921875 0.021875 0.025
0 0.45703125 0.47265625 0.015625 0.015625
0 0.50078125 0.46796875 0.015625 0.0203125
0 0.28203125 0.49453125 0.0171875 0.025
0 0.5484375 0.46171875 0.0171875 0.025
0 0.90703125 0.41953125 0.021875 0.034375
0 0.71640625 0.44296875 0.015625 0.0203125
0 0.775 0.43828125 0.021875 0.025
0 0.39375 0.48671875 0.0171875 0.025
0 0.43515625 0.48203125 0.0171875 0.025
0 0.48515625 0.478125 0.015625 0.015625
0 0.8484375 0.43359375 0.0171875 0.025
0 0.63984375 0.46171875 0.015625 0.0203125
0 0.40390625 0.490625 0.0171875 0.025
0 0.32265625 0.50078125 0.0171875 0.0296875
0 0.559375 0.47109375 0.0171875 0.025
0 0.82421875 0.44140625 0.015625 0.0203125
0 0.3328125 0.5015625 0.0171875 0.025
0 0.45 0.48984375 0.021875 0.025
0 0.5234375 0.48046875 0.0171875 0.025
0 0.96875 0.42578125 0.0171875 0.025
0 0.3765625 0.4984375 0.0171875 0.025
0 0.46640625 0.4875 0.0171875 0.025
0 0.5375 0.48359375 0.0171875 0.0296875
0 0.50078125 0.48828125 0.021875 0.025
0 0.87109375 0.4453125 0.0171875 0.025
0 0.61875 0.478125 0.0171875 0.025
0 0.71953125 0.465625 0.021875 0.025
0 0.35234375 0.51328125 0.0171875 0.0296875
0 0.65 0.48125 0.015625 0.0203125
0 0.5875 0.4890625 0.021875 0.025
0 0.63359375 0.4859375 0.0171875 0.0296875
0 0.40859375 0.515625 0.0203125 0.0203125
0 0.3625 0.52421875 0.021875 0.0296875
0 0.2671875 0.53828125 0.021875 0.0296875
0 0.61875 0.496875 0.0203125 0.0203125
0 0.71953125 0.48515625 0.0203125 0.0203125
0 0.66953125 0.49609375 0.021875 0.0296875
0 0.46328125 0.5234375 0.025 0.0171875
0 0.48203125 0.52578125 0.015625 0.015625
0 0.6921875 0.50703125 0.021875 0.0296875
0 0.34296875 0.55 0.021875 0.034375
0 0.61875 0.51640625 0.021875 0.0296875
0 0.59765625 0.5203125 0.021875 0.034375
0 0.53203125 0.528125 0.021875 0.034375
0 0.221875 0.56875 0.03125 0.0359375
0 0.5 0.53671875 0.01875 0.0375
0 0.40625 0.5484375 0.0234375 0.0390625
0 0.4703125 0.54296875 0.021875 0.034375
0 0.5140625 0.53984375 0.021875 0.034375
0 0.48515625 0.55546875 0.028125 0.04375
0 0.8171875 0.51953125 0.03125 0.0359375
0 0.2796875 0.60390625 0.028125 0.0390625
0 0.56171875 0.56953125 0.0234375 0.0390625
0 0.37890625 0.59921875 0.021875 0.034375
0 0.69453125 0.5625 0.0328125 0.04375
0 0.99375 0.5328125 0.0125 0.034375
0 0.675 0.57578125 0.0328125 0.0484375
0 0.796875 0.56328125 0.028125 0.0484375
0 0.85390625 0.5703125 0.028125 0.04375
0 0.98828125 0.5640625 0.0234375 0.05
0 0.0859375 0.6765625 0.0421875 0.0546875
0 0.5984375 0.61640625 0.028125 0.04375
0 0.38515625 0.64921875 0.0265625 0.034375
0 0.62421875 0.6203125 0.034375 0.053125
0 0.2359375 0.6796875 0.0328125 0.04375
0 0.146875 0.7015625 0.0234375 0.0390625
0 0.3890625 0.67890625 0.028125 0.04375
0 0.2546875 0.7046875 0.0171875 0.025
0 0.2890625 0.7171875 0.028125 0.04375
0 0.7859375 0.6609375 0.0484375 0.0640625
0 0.1671875 0.7484375 0.0375 0.0546875
0 0.6421875 0.690625 0.0390625 0.059375
0 0.2484375 0.75078125 0.0265625 0.0625
0 0.4203125 0.740625 0.0625 0.071875
0 0.27890625 0.7671875 0.0390625 0.06875
0 0.9796875 0.7125 0.040625 0.103125
0 0.37890625 0.8578125 0.096875 0.1296875
0 0.4515625 0.84921875 0.0640625 0.115625
0 0.81328125 0.80859375 0.0578125 0.0984375
0 0.95 0.7921875 0.1 0.134375
0 0.74375 0.83125 0.09375 0.0984375