0 0.8953125 0.31171875 0.0390625 0.0546875
0 0.196875 0.2109375 0.0390625 0.05
0 0.60234375 0.284375 0.04375 0.05625
0 0.45859375 0.28671875 0.040625 0.059375
0 0.7390625 0.33828125 0.0390625 0.05
0 0.98671875 0.39296875 0.0265625 0.0609375
0 0.82734375 0.371875 0.0390625 0.0546875
0 0.38984375 0.32109375 0.0359375 0.0359375
0 0.58671875 0.396875 0.040625 0.059375
0 0.94921875 0.45859375 0.0359375 0.0546875
0 0.1125 0.33125 0.0390625 0.0546875
0 0.67421875 0.06328125 0.040625 0.0640625
0 0.8578125 0.47421875 0.0359375 0.0546875
0 0.47109375 0.43203125 0.04375 0.05625
0 0.0234375 0.38984375 0.03125 0.0578125
0 0.728125 0.52421875 0.0390625 0.05
0 0.63671875 0.5265625 0.046875 0.0703125
0 0.41875 0.5109375 0.046875 0.0703125
0 0.278125 0.49765625 0.0390625 0.0546875
0 0.5234375 0.54765625 0.0359375 0.059375
0 0.953125 0.61640625 0.0359375 0.0546875
0 0.0734375 0.48828125 0.04375 0.05625
0 0.81875 0.61875 0.0359375 0.0546875
0 0.18828125 0.5328125 0.0453125 0.065625
0 0.7140625 0.62578125 0.0453125 0.065625
0 0.27109375 0.021875 0.0390625 0.04375
0 0.0140625 0.55234375 0.028125 0.0703125
0 0.375 0.6234375 0.046875 0.075
0 0.89375 0.7078125 0.0390625 0.0546875
0 0.63046875 0.68203125 0.0453125 0.065625
0 0.2359375 0.63125 0.04375 0.05625
0 0.6953125 0.715625 0.0359375 0.0546875
0 0.4484375 0.6890625 0.0453125 0.065625
0 0.31953125 0.7078125 0.0453125 0.065625
0 0.20078125 0.7296875 0.04375 0.0515625
0 0.79609375 0.8328125 0.040625 0.059375
0 0.62578125 0.81484375 0.040625 0.059375
0 0.90234375 0.8609375 0.0453125 0.065625
0 0.53046875 0.8140625 0.0453125 0.065625
0 0.43828125 0.8015625 0.04375 0.05625
0 0.74375 0.11484375 0.0453125 0.0609375
0 0.69765625 0.85234375 0.040625 0.059375
0 0.8625 0.9203125 0.0390625 0.05
0 0.75859375 0.9109375 0.0453125 0.065625
0 0.35703125 0.8546875 0.04375 0.05625
0 0.9203125 0.96796875 0.0203125 0.04375
0 0.253125 0.8734375 0.0484375 0.0515625
0 0.1109375 0.8859375 0.046875 0.046875
0 0.01640625 0.89453125 0.0328125 0.0578125
0 0.58203125 0.98671875 0.0421875 0.0265625
0 0.1921875 0.0453125 0.0484375 0.05625
0 0.50703125 0.10234375 0.0359375 0.0546875
0 0.83984375 0.1578125 0.0390625 0.05
0 0.97421875 0.19765625 0.028125 0.0359375
0 0.36015625 0.12421875 0.0390625 0.0546875
0 0.65 0.1703125 0.040625 0.059375
0 0.26796875 0.11796875 0.04375 0.0515625
0 0.44296875 0.153125 0.04375 0.05625
0 0.5625 0.2078125 0.0390625 0.0546875
0 0.51328125 0.0203125 0.0421875 0.040625
0 0.5171875 0.228125 0.0390625 0.0546875
0 0.0890625 0.17734375 0.0453125 0.065625