0 0.821875 0.1859375 0.065625 0.1078125
0 0.37265625 0.11953125 0.0640625 0.1
0 0.07421875 0.08125 0.0421875 0.096875
0 0.14453125 0.09609375 0.0625 0.0859375
0 0.45 0.0109375 0.05 0.021875
0 0.21484375 0.11015625 0.0546875 0.0890625
0 0.10234375 0.0921875 0.040625 0.0828125
0 0.74296875 0.2078125 0.0625 0.08125
0 0.321875 0.14609375 0.059375 0.0890625
0 0.653125 0.0390625 0.034375 0.0453125
0 0.48515625 0.19296875 0.0734375 0.128125
0 0.77890625 0.059375 0.0296875 0.0453125
0 0.85625 0.26171875 0.078125 0.1234375
0 0.26640625 0.17265625 0.053125 0.084375
0 0.96640625 0.2859375 0.0671875 0.11875
0 0.671875 0.24140625 0.0640625 0.1
0 0.44375 0.20703125 0.0515625 0.10625
0 0.54375 0.22265625 0.0671875 0.1171875
0 0.94921875 0.0890625 0.0328125 0.0328125
0 0.17109375 0.178125 0.075 0.1046875
0 0.39453125 0.21796875 0.0859375 0.1515625
0 0.25390625 0.20546875 0.0515625 0.0484375
0 0.61328125 0.271875 0.0625 0.090625
0 0.75390625 0.29921875 0.0828125 0.1296875
0 0.09609375 0.19453125 0.059375 0.0984375
0 0.2109375 0.22265625 0.0640625 0.0640625
0 0.74296875 0.0609375 0.05 0.0609375
0 0.6890625 0.3234375 0.065625 0.08125
0 0.33046875 0.26875 0.0546875 0.0671875
0 0.565625 0.31796875 0.0625 0.090625
0 0.27578125 0.2890625 0.0546875 0.0984375
0 0.14140625 0.2796875 0.0609375 0.1078125
0 0.43359375 0.32578125 0.0578125 0.084375
0 0.05859375 0.26875 0.0828125 0.1875
0 0.625 0.3765625 0.078125 0.1234375
0 0.52890625 0.0359375 0.0375 0.0640625
0 0.91171875 0.0984375 0.053125 0.0828125
0 0.93828125 0.45703125 0.09375 0.165625
0 0.521875 0.39375 0.065625 0.1078125
0 0.2015625 0.3546875 0.090625 0.153125
0 0.7046875 0.43828125 0.0765625 0.11875
0 0.29453125 0.378125 0.078125 0.096875
0 0.26171875 0.02109375 0.0546875 0.0421875
0 0.48984375 0.0390625 0.0546875 0.078125
0 0.36640625 0.396875 0.08125 0.1203125
0 0.80859375 0.08671875 0.0546875 0.09375
0 0.11953125 0.36953125 0.1171875 0.1203125
0 0.9703125 0.50703125 0.059375 0.1765625
0 0.69609375 0.06953125 0.053125 0.0921875
0 0.8328125 0.515625 0.084375 0.1375
0 0.4546875 0.46171875 0.084375 0.134375
0 0.56875 0.49453125 0.0828125 0.125
0 0.25625 0.46875 0.103125 0.1453125
0 0.38125 0.49765625 0.0609375 0.0765625
0 0.75078125 0.5765625 0.0671875 0.1171875
0 0.5859375 0.06328125 0.0625 0.1171875
0 0.6609375 0.57890625 0.1375 0.16875
0 0.125 0.0109375 0.028125 0.021875
0 0.08125 0.49453125 0.053125 0.0796875
0 0.040625 0.4859375 0.08125 0.171875
0 0.09765625 0.0140625 0.0484375 0.028125
0 0.61484375 0.0703125 0.0296875 0.0453125
0 0.96328125 0.68125 0.0453125 0.1765625
0 0.23515625 0.025 0.0453125 0.05
0 0.3890625 0.6375 0.1171875 0.178125
0 0.45390625 0.05234375 0.0375 0.0453125
0 0.30703125 0.03203125 0.0453125 0.0640625
0 0.78515625 0.7109375 0.1109375 0.165625
0 0.5046875 0.68828125 0.09375 0.1390625
0 0.24140625 0.65625 0.0875 0.15625
0 0.8734375 0.12578125 0.0640625 0.0953125
0 0.04453125 0.6421875 0.0890625 0.1625
0 0.35 0.04296875 0.059375 0.0671875
0 0.65859375 0.815625 0.1125 0.178125
0 0.884375 0.88671875 0.1125 0.178125
0 0.7296875 0.11484375 0.04375 0.078125
0 0.1578125 0.0265625 0.053125 0.053125
0 0.42265625 0.86953125 0.1203125 0.196875
0 0.10703125 0.83203125 0.1078125 0.1734375
0 0.51328125 0.08984375 0.040625 0.0640625
0 0.98203125 0.1671875 0.0359375 0.103125
0 0.76484375 0.13125 0.059375 0.0890625
0 0.41015625 0.075 0.028125 0.040625
0 0.54609375 0.10625 0.05625 0.1015625
0 0.94296875 0.17421875 0.0671875 0.1171875
0 0.62421875 0.13046875 0.05 0.0890625
0 0.6515625 0.13984375 0.0546875 0.0984375
0 0.4484375 0.1171875 0.0515625 0.075