0 0.8359375 0.24375 0.04375 0.0328125
0 0.90078125 0.28125 0.05 0.0453125
0 0.79765625 0.296875 0.04375 0.028125
0 0.9609375 0.28203125 0.034375 0.03125
0 0.85546875 0.29765625 0.053125 0.0375
0 0.7203125 0.3140625 0.0265625 0.0296875
0 0.646875 0.32421875 0.034375 0.0265625
0 0.74609375 0.31796875 0.040625 0.040625
0 0.54140625 0.34140625 0.04375 0.0359375
0 0.58984375 0.33671875 0.0265625 0.034375
0 0.10703125 0.396875 0.053125 0.028125
0 0.653125 0.34375 0.03125 0.034375
0 0.61015625 0.3484375 0.040625 0.0453125
0 0.6953125 0.33984375 0.040625 0.0359375
0 0.0203125 0.41484375 0.040625 0.0453125
0 0.46953125 0.36796875 0.0265625 0.034375
0 0.34765625 0.38359375 0.034375 0.0265625
0 0.14375 0.4046875 0.0390625 0.0265625
0 0.9765625 0.3171875 0.0171875 0.0328125
0 0.31171875 0.39140625 0.040625 0.0359375
0 0.25234375 0.39765625 0.0390625 0.03125
0 0.18046875 0.40546875 0.04375 0.0328125
0 0.48984375 0.378125 0.03125 0.034375
0 0.2734375 0.40546875 0.0296875 0.0265625
0 0.140625 0.421875 0.0296875 0.021875
0 0.5453125 0.38125 0.040625 0.0359375
0 0.2328125 0.41640625 0.0453125 0.040625
0 0.09921875 0.43046875 0.04375 0.0359375
0 0.13359375 0.44140625 0.034375 0.0265625
0 0.1796875 0.43984375 0.0484375 0.0328125
0 0.31484375 0.4890625 0.053125 0.0328125
0 0.7109375 0.46875 0.05 0.040625
0 0.778125 0.4875 0.04375 0.0359375
0 0.01875 0.56953125 0.0328125 0.04375
0 0.1296875 0.56484375 0.0484375 0.0359375
0 0.21328125 0.5609375 0.0484375 0.0359375
0 0.03984375 0.57890625 0.04375 0.028125
0 0.30703125 0.68046875 0.1828125 0.096875