0 0.33125 0.24765625 0.0765625 0.0890625
0 0.4265625 0.2390625 0.0671875 0.084375
0 0.14921875 0.265625 0.075 0.075
0 0.0421875 0.284375 0.084375 0.0671875
0 0.5125 0.25234375 0.0640625 0.096875
0 0.575 0.246875 0.0734375 0.0984375
0 0.6609375 0.265625 0.0609375 0.0640625
0 0.27109375 0.30625 0.0515625 0.06875
0 0.08203125 0.32265625 0.084375 0.0765625
0 0.32890625 0.32421875 0.0578125 0.0828125
0 0.14296875 0.35 0.0734375 0.0984375
0 0.48671875 0.32265625 0.065625 0.075
0 0.41328125 0.33359375 0.05 0.059375
0 0.6328125 0.3140625 0.0625 0.0921875
0 0.2453125 0.353125 0.0671875 0.09375
0 0.5609375 0.340625 0.046875 0.0734375
0 0.75703125 0.32421875 0.040625 0.053125
0 0.6859375 0.33671875 0.0578125 0.0828125
0 0.08828125 0.415625 0.1046875 0.109375
0 0.38203125 0.4015625 0.0828125 0.103125
0 0.6390625 0.3859375 0.0609375 0.0734375
0 0.72890625 0.378125 0.071875 0.084375
0 0.5328125 0.39765625 0.0734375 0.10625
0 0.78203125 0.37578125 0.05625 0.06875
0 0.90625 0.36484375 0.071875 0.0890625
0 0.01875 0.4453125 0.0375 0.059375
0 0.225 0.4375 0.08125 0.09375
0 0.47421875 0.41796875 0.0578125 0.0875
0 0.28984375 0.44140625 0.0796875 0.1171875
0 0.58125 0.446875 0.0671875 0.09375
0 0.9734375 0.41484375 0.0375 0.071875
0 0.66015625 0.446875 0.0765625 0.09375
0 0.45546875 0.4671875 0.0765625 0.0890625
0 0.75859375 0.44921875 0.0671875 0.0890625
0 0.82109375 0.4484375 0.0671875 0.084375
0 0.90390625 0.44375 0.071875 0.0890625
0 0.13203125 0.51328125 0.0875 0.103125
0 0.040625 0.5234375 0.08125 0.103125
0 0.4046875 0.49921875 0.0578125 0.078125
0 0.2203125 0.51953125 0.075 0.0703125
0 0.3109375 0.51875 0.0765625 0.09375
0 0.96875 0.50390625 0.0625 0.0890625
0 0.909375 0.52421875 0.0671875 0.09375
0 0.84765625 0.54140625 0.0828125 0.103125
0 0.26953125 0.596875 0.1 0.1375
0 0.61796875 0.57109375 0.0734375 0.1109375
0 0.765625 0.55859375 0.0625 0.0921875
0 0.70546875 0.565625 0.0859375 0.1359375
0 0.46640625 0.59375 0.0828125 0.1125
0 0.3765625 0.60546875 0.09375 0.121875
0 0.56171875 0.5921875 0.06875 0.10625
0 0.0890625 0.63359375 0.1015625 0.11875
0 0.19765625 0.628125 0.084375 0.1171875