0 0.02109375 0.15546875 0.040625 0.084375
0 0.278125 0.196875 0.040625 0.06875
0 0.3265625 0.21328125 0.0375 0.059375
0 0.40703125 0.23828125 0.040625 0.065625
0 0.5 0.278125 0.040625 0.078125
0 0.76875 0.29375 0.046875 0.078125
0 0.24765625 0.29609375 0.046875 0.065625
0 0.36796875 0.3078125 0.040625 0.065625
0 0.41640625 0.31015625 0.046875 0.084375
0 0.02265625 0.034375 0.0453125 0.06875
0 0.92109375 0.33359375 0.046875 0.075
0 0.6015625 0.3359375 0.046875 0.0875
0 0.8609375 0.35390625 0.040625 0.078125
0 0.7265625 0.35390625 0.040625 0.075
0 0.22890625 0.37734375 0.040625 0.06875
0 0.54609375 0.3984375 0.046875 0.078125
0 0.36796875 0.41640625 0.046875 0.084375
0 0.6828125 0.44921875 0.040625 0.065625
0 0.97890625 0.4515625 0.0375 0.078125
0 0.7890625 0.46796875 0.0375 0.06875
0 0.88203125 0.47890625 0.040625 0.078125
0 0.5 0.5046875 0.046875 0.078125
0 0.5765625 0.52109375 0.05 0.084375
0 0.34921875 0.52109375 0.05 0.078125
0 0.6828125 0.52109375 0.046875 0.084375
0 0.0765625 0.54375 0.046875 0.075
0 0.778125 0.55078125 0.040625 0.075
0 0.98359375 0.5625 0.03125 0.09375
0 0.89609375 0.5625 0.046875 0.0875
0 0.20859375 0.5671875 0.05 0.084375