0 0.2671875 0.0078125 0.015625 0.015625
0 0.40625 0.0125 0.015625 0.025
0 0.321875 0.153125 0.021875 0.05625
0 0.57421875 0.17109375 0.021875 0.05625
0 0.59609375 0.18671875 0.0234375 0.0703125
0 0.125 0.153125 0.0265625 0.05625
0 0.76875 0.03671875 0.0171875 0.0375
0 0.29296875 0.0109375 0.0171875 0.021875
0 0.4390625 0.015625 0.021875 0.03125
0 0.1109375 0.15703125 0.021875 0.05625
0 0.396875 0.1796875 0.028125 0.075
0 0.69453125 0.20234375 0.0234375 0.075
0 0.83828125 0.2125 0.021875 0.0515625
0 0.27421875 0.17578125 0.021875 0.05625
0 0.1546875 0.1671875 0.0171875 0.0421875
0 0.23515625 0.175 0.028125 0.0703125
0 0.76796875 0.21484375 0.0234375 0.065625
0 0.93359375 0.05 0.021875 0.0421875
0 0.3453125 0.1921875 0.028125 0.0609375
0 0.215625 0.1859375 0.028125 0.065625
0 0.30546875 0.1921875 0.021875 0.046875
0 0.06796875 0.175 0.0234375 0.0609375
0 0.95234375 0.23984375 0.0171875 0.05625
0 0.1828125 0.1859375 0.021875 0.0515625
0 0.97578125 0.24140625 0.021875 0.0515625
0 0.8703125 0.240625 0.0234375 0.075
0 0.203125 0.19453125 0.021875 0.05625
0 0.8265625 0.0453125 0.0265625 0.046875
0 0.08359375 0.18828125 0.0171875 0.05625
0 0.1640625 0.19375 0.0234375 0.065625
0 0.81015625 0.240625 0.0234375 0.0796875
0 0.4109375 0.21484375 0.0234375 0.0703125
0 0.88671875 0.2484375 0.0234375 0.065625
0 0.93203125 0.25390625 0.0234375 0.0609375
0 0.53515625 0.23046875 0.021875 0.0515625
0 0.54921875 0.234375 0.025 0.084375
0 0.6296875 0.03125 0.0171875 0.046875
0 0.246875 0.0140625 0.021875 0.028125
0 0.73671875 0.04140625 0.021875 0.0515625
0 0.8375 0.25625 0.021875 0.0515625
0 0.4953125 0.23515625 0.028125 0.075
0 0.446875 0.23125 0.021875 0.0515625
0 0.42578125 0.2328125 0.028125 0.065625
0 0.38203125 0.23203125 0.01875 0.065625
0 0.05546875 0.2109375 0.0234375 0.0796875
0 0.47421875 0.240625 0.0234375 0.0703125
0 0.91484375 0.27578125 0.0234375 0.0796875
0 0.0578125 0.00703125 0.021875 0.0140625
0 0.9859375 0.05859375 0.021875 0.0515625
0 0.71640625 0.26484375 0.028125 0.0796875
0 0.6515625 0.2625 0.0234375 0.065625
0 0.3640625 0.24453125 0.0234375 0.065625
0 0.26484375 0.23984375 0.021875 0.05625
0 0.1015625 0.22890625 0.0265625 0.05625
0 0.15 0.23203125 0.021875 0.0515625
0 0.97421875 0.28984375 0.0234375 0.065625
0 0.75234375 0.2765625 0.0234375 0.0703125
0 0.24609375 0.24140625 0.0234375 0.075
0 0.6671875 0.03828125 0.021875 0.05625
0 0.2109375 0.0125 0.021875 0.025
0 0.6015625 0.275 0.0234375 0.0609375
0 0.2984375 0.25390625 0.021875 0.05625
0 0.34296875 0.26171875 0.028125 0.065625
0 0.125 0.24921875 0.0328125 0.0671875
0 0.5203125 0.27890625 0.021875 0.05625
0 0.77421875 0.29921875 0.0234375 0.0609375
0 0.91171875 0.05546875 0.021875 0.05625
0 0.47734375 0.028125 0.0171875 0.0421875
0 0.45546875 0.278125 0.028125 0.0796875
0 0.82890625 0.3140625 0.028125 0.075
0 0.17890625 0.27109375 0.0234375 0.0796875
0 0.86015625 0.32109375 0.028125 0.075
0 0.4890625 0.02890625 0.0171875 0.05625
0 0.50234375 0.303125 0.028125 0.0703125
0 0.665625 0.32109375 0.028125 0.065625
0 0.69765625 0.3234375 0.0328125 0.08125
0 0.0953125 0.28359375 0.0265625 0.05625
0 0.9796875 0.34765625 0.0234375 0.065625
0 0.31640625 0.3015625 0.028125 0.0796875
0 0.34453125 0.0265625 0.0234375 0.053125
0 0.91015625 0.34765625 0.028125 0.0703125
0 0.2578125 0.30703125 0.028125 0.075
0 0.38984375 0.31640625 0.021875 0.0515625
0 0.54921875 0.32734375 0.0234375 0.065625
0 0.2 0.30546875 0.028125 0.065625
0 0.784375 0.053125 0.028125 0.0703125
0 0.50703125 0.03125 0.021875 0.05625
0 0.72421875 0.34921875 0.0234375 0.075
0 0.6015625 0.34296875 0.028125 0.065625
0 0.28046875 0.32734375 0.028125 0.065625
0 0.3734375 0.028125 0.028125 0.05625
0 0.15078125 0.32421875 0.0234375 0.0703125
0 0.0421875 0.31953125 0.021875 0.05625
0 0.36640625 0.3515625 0.0234375 0.0703125
0 0.0546875 0.33203125 0.021875 0.0515625
0 0.0984375 0.3375 0.028125 0.065625
0 0.8640625 0.3953125 0.028125 0.075
0 0.403125 0.365625 0.025 0.084375
0 0.6984375 0.0515625 0.021875 0.05625
0 0.4546875 0.38125 0.028125 0.0703125
0 0.56328125 0.38828125 0.0234375 0.065625
0 0.2375 0.365625 0.0234375 0.0703125
0 0.69921875 0.4046875 0.0296875 0.084375
0 0.934375 0.42890625 0.028125 0.065625
0 0.31328125 0.38515625 0.028125 0.0703125
0 0.809375 0.42421875 0.0328125 0.0765625
0 0.01953125 0.37578125 0.028125 0.065625
0 0.5015625 0.41171875 0.028125 0.0703125
0 0.1890625 0.396875 0.028125 0.065625
0 0.63671875 0.43515625 0.028125 0.0703125
0 0.140625 0.403125 0.021875 0.05625
0 0.05703125 0.39921875 0.0234375 0.065625
0 0.07109375 0.4 0.028125 0.075
0 0.18984375 0.02109375 0.0171875 0.0375
0 0.4140625 0.03671875 0.021875 0.05625
0 0.1234375 0.021875 0.021875 0.04375
0 0.340625 0.42421875 0.0234375 0.065625
0 0.54140625 0.4375 0.0234375 0.075
0 0.40234375 0.43515625 0.028125 0.0796875
0 0.78359375 0.46640625 0.034375 0.0859375
0 0.265625 0.4328125 0.028125 0.075
0 0.2234375 0.434375 0.028125 0.075
0 0.83125 0.4796875 0.0328125 0.0765625
0 0.87734375 0.48515625 0.0234375 0.065625
0 0.5859375 0.4671875 0.0234375 0.0703125
0 0.421875 0.45546875 0.0234375 0.0703125
0 0.646875 0.0578125 0.021875 0.0421875
0 0.56484375 0.47265625 0.0234375 0.065625
0 0.75859375 0.48984375 0.0296875 0.0890625
0 0.61484375 0.4796875 0.0234375 0.075
0 0.7046875 0.49296875 0.028125 0.0703125
0 0.48984375 0.478125 0.0234375 0.065625
0 0.3484375 0.4703125 0.0296875 0.0890625
0 0.71875 0.0625 0.028125 0.065625
0 0.16875 0.02421875 0.021875 0.046875
0 0.01640625 0.4546875 0.0234375 0.0703125
0 0.17734375 0.465625 0.028125 0.075
0 0.6640625 0.5046875 0.0296875 0.084375
0 0.51640625 0.49609375 0.034375 0.0953125
0 0.59375 0.05625 0.0171875 0.05625
0 0.13515625 0.47421875 0.0234375 0.065625
0 0.903125 0.54453125 0.034375 0.0953125
0 0.26796875 0.0359375 0.021875 0.0515625
0 0.28125 0.50078125 0.028125 0.075
0 0.4546875 0.51796875 0.028125 0.0796875
0 0.93046875 0.5515625 0.028125 0.075
0 0.29609375 0.0375 0.021875 0.0375
0 0.3234375 0.03984375 0.021875 0.05625
0 0.875 0.078125 0.0234375 0.065625
0 0.80703125 0.55625 0.025 0.084375
0 0.01953125 0.51015625 0.028125 0.0609375
0 0.20546875 0.03359375 0.0171875 0.0421875
0 0.21875 0.53359375 0.025 0.0890625
0 0.98046875 0.59140625 0.025 0.0890625
0 0.853125 0.58984375 0.034375 0.090625
0 0.45 0.05078125 0.021875 0.05625
0 0.5546875 0.0578125 0.021875 0.05625
0 0.12578125 0.54375 0.028125 0.075
0 0.07734375 0.53984375 0.021875 0.05625
0 0.61640625 0.06484375 0.021875 0.05625
0 0.84921875 0.08125 0.028125 0.065625
0 0.39296875 0.5765625 0.028125 0.0703125
0 0.2375 0.56796875 0.034375 0.090625
0 0.2234375 0.03984375 0.0171875 0.0515625
0 0.71015625 0.61640625 0.025 0.084375
0 0.16484375 0.578125 0.025 0.09375
0 0.60078125 0.615625 0.0328125 0.0765625
0 0.34140625 0.60234375 0.0328125 0.08125
0 0.75625 0.0796875 0.0171875 0.0421875
0 0.15859375 0.0375 0.0125 0.046875
0 0.46796875 0.059375 0.028125 0.065625
0 0.89140625 0.64296875 0.028125 0.0796875
0 0.2875 0.61015625 0.028125 0.0796875
0 0.85078125 0.6546875 0.034375 0.0859375
0 0.665625 0.64609375 0.034375 0.0984375
0 0.31953125 0.63125 0.034375 0.0953125
0 0.10625 0.62109375 0.0296875 0.084375
0 0.56328125 0.66015625 0.0296875 0.084375
0 0.3828125 0.6515625 0.028125 0.0703125
0 0.74296875 0.0828125 0.021875 0.0421875
0 0.25234375 0.65390625 0.028125 0.0796875
0 0.196875 0.6546875 0.0234375 0.075
0 0.084375 0.0390625 0.021875 0.05625
0 0.90390625 0.096875 0.0234375 0.065625
0 0.48203125 0.684375 0.034375 0.090625
0 0.76171875 0.7109375 0.0359375 0.1078125
0 0.421875 0.6875 0.034375 0.0984375
0 0.1375 0.67421875 0.028125 0.0796875
0 0.959375 0.10078125 0.0234375 0.065625
0 0.06328125 0.03828125 0.021875 0.046875
0 0.73984375 0.72109375 0.0296875 0.0984375
0 0.69375 0.725 0.034375 0.090625
0 0.815625 0.09296875 0.021875 0.046875
0 0.13671875 0.0453125 0.028125 0.065625
0 0.80234375 0.0921875 0.01875 0.065625
0 0.61640625 0.7265625 0.025 0.084375
0 0.07109375 0.6921875 0.034375 0.0859375
0 0.95078125 0.7609375 0.0234375 0.075
0 0.29453125 0.71484375 0.0296875 0.09375
0 0.8765625 0.7578125 0.034375 0.0953125
0 0.1140625 0.04609375 0.0171875 0.0515625
0 0.81640625 0.75625 0.034375 0.0859375
0 0.521875 0.74765625 0.034375 0.090625
0 0.92265625 0.10234375 0.021875 0.05625
0 0.42578125 0.06796875 0.028125 0.0609375
0 0.34296875 0.74921875 0.0296875 0.084375
0 0.26640625 0.74609375 0.0296875 0.09375
0 0.18125 0.053125 0.021875 0.0515625
0 0.11875 0.7453125 0.0328125 0.0765625
0 0.23125 0.75546875 0.0296875 0.084375
0 0.65859375 0.78984375 0.034375 0.103125
0 0.36484375 0.771875 0.0296875 0.0890625
0 0.1796875 0.76953125 0.034375 0.090625
0 0.59140625 0.8125 0.034375 0.0953125
0 0.4625 0.80625 0.0296875 0.084375
0 0.3171875 0.80078125 0.034375 0.0859375
0 0.31015625 0.0671875 0.021875 0.0515625
0 0.3875 0.8125 0.034375 0.0953125
0 0.3625 0.00390625 0.015625 0.0078125
0 0.521875 0.084375 0.028125 0.065625
0 0.58203125 0.08828125 0.0171875 0.05625
0 0.534375 0.84140625 0.0296875 0.0890625
0 0.090625 0.81015625 0.034375 0.0953125
0 0.24296875 0.8234375 0.028125 0.0796875
0 0.5703125 0.08984375 0.0234375 0.0609375
0 0.88125 0.88125 0.0328125 0.0765625
0 0.81875 0.87734375 0.0390625 0.1078125
0 0.94140625 0.8953125 0.034375 0.0984375
0 0.85546875 0.89140625 0.0390625 0.0984375
0 0.028125 0.840625 0.04375 0.1125
0 0.70234375 0.8875 0.0390625 0.1078125
0 0.27265625 0.8625 0.034375 0.0859375
0 0.12265625 0.85390625 0.034375 0.0984375
0 0.1921875 0.8640625 0.034375 0.0953125
0 0.66953125 0.1015625 0.0171875 0.0515625
0 0.1203125 0.06328125 0.0171875 0.046875
0 0.56171875 0.91484375 0.034375 0.0953125
0 0.65859375 0.92109375 0.040625 0.1171875
0 0.74375 0.95390625 0.034375 0.0921875
0 0.4953125 0.940625 0.034375 0.090625
0 0.2140625 0.0734375 0.0171875 0.0421875
0 0.88125 0.96796875 0.034375 0.0640625
0 0.4109375 0.94609375 0.034375 0.0953125
0 0.91875 0.97265625 0.034375 0.0546875
0 0.33046875 0.9515625 0.0328125 0.0765625
0 0.6046875 0.103125 0.021875 0.0515625
0 0.6484375 0.10625 0.021875 0.0515625
0 0.2421875 0.078125 0.021875 0.0515625
0 0.165625 0.07265625 0.021875 0.046875
0 0.2109375 0.94921875 0.0359375 0.0625
0 0.590625 0.975 0.03125 0.05
0 0.45546875 0.96953125 0.040625 0.053125
0 0.8140625 0.9890625 0.03125 0.021875
0 0.01875 0.94609375 0.03125 0.0390625
0 0.271875 0.08203125 0.0234375 0.065625
0 0.71484375 0.99375 0.0296875 0.0125
0 0.33828125 0.08671875 0.021875 0.05625
0 0.09609375 0.07265625 0.0171875 0.05625
0 0.38203125 0.09453125 0.0234375 0.0609375
0 0.196875 0.0890625 0.021875 0.05625
0 0.40234375 0.103125 0.028125 0.0609375
0 0.70234375 0.1265625 0.0234375 0.0609375
0 0.31640625 0.1015625 0.0171875 0.0515625
0 0.0484375 0.0875 0.021875 0.046875
0 0.6828125 0.13203125 0.021875 0.05625
0 0.0921875 0.09296875 0.0171875 0.05625
0 0.36015625 0.11171875 0.028125 0.075
0 0.7546875 0.13984375 0.0234375 0.0609375
0 0.07109375 0.09140625 0.021875 0.05625
0 0.43828125 0.11953125 0.0234375 0.065625
0 0.809375 0.1484375 0.0234375 0.0703125
0 0.85390625 0.1515625 0.028125 0.0703125
0 0.2234375 0.10703125 0.021875 0.046875
0 0.13515625 0.103125 0.0265625 0.0515625
0 0.6515625 0.0234375 0.015625 0.0296875
0 0.540625 0.015625 0.0203125 0.0296875
0 0.146875 0.10859375 0.021875 0.046875
0 0.49375 0.1328125 0.0234375 0.075
0 0.11953125 0.109375 0.0171875 0.0421875
0 0.25703125 0.11875 0.0234375 0.0609375
0 0.53671875 0.140625 0.0234375 0.0703125
0 0.95703125 0.17265625 0.0265625 0.05625
0 0.18125 0.1203125 0.021875 0.046875
0 0.20078125 0.1265625 0.021875 0.0515625
0 0.8015625 0.03671875 0.0203125 0.0328125
0 0.965625 0.04765625 0.015625 0.0328125
0 0.23046875 0.00625 0.0203125 0.0125
0 0.33046875 0.009375 0.0203125 0.01875
0 0.29375 0.13515625 0.028125 0.0609375
0 0.6328125 0.16171875 0.0234375 0.0609375
0 0.6484375 0.16484375 0.021875 0.05625
0 0.89609375 0.18203125 0.0234375 0.065625
0 0.9765625 0.18828125 0.028125 0.065625
0 0.0796875 0.13359375 0.0171875 0.046875