0 0.83203125 0.10546875 0.025 0.0359375
0 0.80390625 0.12578125 0.0203125 0.0296875
0 0.815625 0.125 0.021875 0.0390625
0 0.865625 0.1171875 0.0203125 0.034375
0 0.7796875 0.13515625 0.025 0.0359375
0 0.90078125 0.1171875 0.03125 0.0453125
0 0.8453125 0.13359375 0.03125 0.040625
0 0.76171875 0.16015625 0.0390625 0.059375
0 0.83671875 0.14375 0.021875 0.021875
0 0.80703125 0.1625 0.0359375 0.046875
0 0.8734375 0.153125 0.0296875 0.0359375
0 0.846875 0.16328125 0.0265625 0.0390625
0 0.77109375 0.19375 0.0328125 0.0546875
0 0.88359375 0.1796875 0.0375 0.0515625
0 0.82578125 0.19453125 0.0421875 0.05625
0 0.91171875 0.20859375 0.059375 0.078125
0 0.353125 0.3296875 0.0546875 0.0765625
0 0.596875 0.3203125 0.040625 0.046875
0 0.48984375 0.35078125 0.0546875 0.0765625
0 0.65078125 0.328125 0.08125 0.0953125
0 0.24609375 0.42890625 0.065625 0.0828125
0 0.4 0.3984375 0.0453125 0.0703125
0 0.4515625 0.396875 0.09375 0.09375
0 0.95234375 0.290625 0.0453125 0.0921875
0 0.0671875 0.49921875 0.096875 0.1109375
0 0.5734375 0.39921875 0.0296875 0.0359375
0 0.19140625 0.48515625 0.078125 0.0859375
0 0.74609375 0.38828125 0.04375 0.04375
0 0.9375 0.37578125 0.0859375 0.1015625
0 0.18125 0.5484375 0.096875 0.090625
0 0.81953125 0.45390625 0.13125 0.1484375
0 0.51953125 0.5453125 0.1375 0.1796875
0 0.175 0.68515625 0.1828125 0.2453125
0 0.6984375 0.6234375 0.2046875 0.290625