0 0.125 0.025 0.01875 0.0265625
0 0.33984375 0.075 0.0234375 0.03125
0 0.55859375 0.121875 0.01875 0.0265625
0 0.99609375 0.21796875 0.0078125 0.0265625
0 0.85703125 0.1875 0.0234375 0.0265625
0 0.36796875 0.08359375 0.0234375 0.0265625
0 0.75390625 0.0546875 0.0234375 0.0265625
0 0.6265625 0.1484375 0.025 0.0359375
0 0.228125 0.065625 0.0234375 0.03125
0 0.44296875 0.1234375 0.0234375 0.03125
0 0.890625 0.22109375 0.0234375 0.0265625
0 0.97578125 0.24140625 0.021875 0.021875
0 0.83125 0.21328125 0.0234375 0.03125
0 0.49765625 0.1421875 0.0203125 0.0296875
0 0.46328125 0.13984375 0.0234375 0.03125
0 0.13203125 0.07109375 0.0203125 0.0296875
0 0.1734375 0.08515625 0.0203125 0.0296875
0 0.559375 0.17421875 0.0234375 0.03125
0 0.615625 0.18828125 0.0234375 0.03125
0 0.90546875 0.25 0.0234375 0.0265625
0 0.40859375 0.1515625 0.0234375 0.0265625
0 0.640625 0.2078125 0.0234375 0.03125
0 0.53359375 0.1875 0.028125 0.0328125
0 0.35 0.1484375 0.0234375 0.03125
0 0.6953125 0.2265625 0.025 0.0359375
0 0.42578125 0.16953125 0.0234375 0.03125
0 0.45703125 0.17890625 0.0203125 0.0296875
0 0.37109375 0.1703125 0.0234375 0.03125
0 0.8015625 0.07421875 0.01875 0.0265625
0 0.8140625 0.27109375 0.0234375 0.03125
0 0.85234375 0.290625 0.0296875 0.0359375
0 0.08515625 0.12734375 0.0234375 0.03125
0 0.56171875 0.23125 0.0234375 0.0265625
0 0.93984375 0.3140625 0.0203125 0.0296875
0 0.5 0.2203125 0.0234375 0.03125
0 0.30703125 0.18203125 0.0234375 0.03125
0 0.77265625 0.28359375 0.0296875 0.0359375
0 0.646875 0.26328125 0.025 0.0359375
0 0.72890625 0.28125 0.0265625 0.0390625
0 0.16484375 0.17109375 0.0203125 0.0296875
0 0.32578125 0.20703125 0.01875 0.0265625
0 0.27734375 0.19921875 0.0234375 0.03125
0 0.61484375 0.27109375 0.025 0.0359375
0 0.19765625 0.18515625 0.025 0.0359375
0 0.90078125 0.3390625 0.0234375 0.0265625
0 0.92890625 0.3546875 0.0234375 0.03125
0 0.79921875 0.3296875 0.025 0.0359375
0 0.7 0.315625 0.0234375 0.0265625
0 0.96640625 0.3765625 0.0234375 0.03125
0 0.521875 0.284375 0.0234375 0.0265625
0 0.9890625 0.38359375 0.021875 0.0359375
0 0.23671875 0.22578125 0.0234375 0.0265625
0 0.37578125 0.26015625 0.0234375 0.03125
0 0.084375 0.203125 0.0234375 0.0265625
0 0.93046875 0.11171875 0.0203125 0.0296875
0 0.48359375 0.3 0.0234375 0.03125
0 0.6015625 0.04296875 0.01875 0.0265625
0 0.4421875 0.29375 0.0203125 0.0296875
0 0.38671875 0.28671875 0.0203125 0.0296875
0 0.57421875 0.3265625 0.01875 0.0265625
0 0.653125 0.34609375 0.0234375 0.03125
0 0.121875 0.2421875 0.0203125 0.0296875
0 0.86171875 0.40234375 0.025 0.0359375
0 0.61953125 0.35078125 0.01875 0.0265625
0 0.9296875 0.41875 0.034375 0.0421875
0 0.328125 0.29375 0.0234375 0.0265625
0 0.1546875 0.2640625 0.01875 0.0265625
0 0.05703125 0.2453125 0.0140625 0.025
0 0.51171875 0.3421875 0.0234375 0.0265625
0 0.953125 0.4375 0.0234375 0.03125
0 0.95390625 0.12265625 0.01875 0.0265625
0 0.73671875 0.40078125 0.025 0.0359375
0 0.29453125 0.309375 0.03125 0.040625
0 0.63828125 0.39453125 0.01875 0.0265625
0 0.69921875 0.409375 0.0234375 0.0265625
0 0.24296875 0.3203125 0.0234375 0.0265625
0 0.78203125 0.4421875 0.0234375 0.0265625
0 0.5625 0.3953125 0.025 0.0359375
0 0.51875 0.38828125 0.0203125 0.0296875
0 0.603125 0.40625 0.0234375 0.03125
0 0.17421875 0.3171875 0.0234375 0.03125
0 0.87265625 0.4703125 0.0234375 0.0265625
0 0.4375 0.38984375 0.0234375 0.0265625
0 0.13671875 0.32578125 0.0234375 0.0265625
0 0.84453125 0.1046875 0.0203125 0.0296875
0 0.3875 0.38359375 0.0234375 0.0265625
0 0.35703125 0.38203125 0.0234375 0.0265625
0 0.48203125 0.40859375 0.0234375 0.0265625
0 0.8671875 0.11171875 0.0171875 0.021875
0 0.06796875 0.3375 0.0234375 0.0265625
0 0.0328125 0.33671875 0.025 0.0359375
0 0.75703125 0.49296875 0.015625 0.0296875
0 0.80078125 0.50703125 0.0234375 0.0265625
0 0.62578125 0.47734375 0.0234375 0.03125
0 0.0984375 0.36484375 0.01875 0.0265625
0 0.94296875 0.54453125 0.028125 0.0328125
0 0.446875 0.4390625 0.0234375 0.0265625
0 0.90234375 0.5359375 0.0234375 0.0265625
0 0.5515625 0.46640625 0.028125 0.0328125
0 0.29453125 0.41171875 0.0234375 0.0265625
0 0.69609375 0.5015625 0.01875 0.0265625
0 0.97890625 0.56171875 0.0234375 0.0265625
0 0.65078125 0.49453125 0.025 0.0359375
0 0.2421875 0.41015625 0.0234375 0.0265625
0 0.5859375 0.4859375 0.01875 0.0265625
0 0.14296875 0.4 0.0234375 0.0265625
0 0.7453125 0.54765625 0.0203125 0.0296875
0 0.8125 0.56640625 0.028125 0.0328125
0 0.90390625 0.590625 0.0234375 0.03125
0 0.69296875 0.08203125 0.021875 0.021875
0 0.8578125 0.5859375 0.0234375 0.03125
0 0.54296875 0.51875 0.0234375 0.03125
0 0.48125 0.5078125 0.028125 0.0328125
0 0.45078125 0.50859375 0.0234375 0.03125
0 0.62734375 0.5484375 0.025 0.0359375
0 0.5890625 0.54765625 0.025 0.0359375
0 0.09609375 0.44921875 0.0171875 0.021875
0 0.653125 0.56796875 0.025 0.0359375
0 0.32734375 0.50078125 0.0234375 0.03125
0 0.04375 0.440625 0.0234375 0.03125
0 0.8453125 0.61328125 0.0234375 0.03125
0 0.475 0.0375 0.0203125 0.0296875
0 0.93046875 0.63359375 0.0234375 0.0265625
0 0.146875 0.46953125 0.0234375 0.03125
0 0.678125 0.58515625 0.0234375 0.03125
0 0.065625 0.46171875 0.0203125 0.0296875
0 0.46015625 0.55078125 0.0171875 0.021875
0 0.496875 0.5609375 0.0234375 0.03125
0 0.61875 0.58671875 0.0234375 0.03125
0 0.24453125 0.51171875 0.0234375 0.0265625
0 0.5359375 0.57421875 0.0234375 0.03125
0 0.209375 0.509375 0.021875 0.021875
0 0.425 0.5625 0.028125 0.0328125
0 0.95546875 0.684375 0.0203125 0.034375
0 0.3828125 0.56328125 0.0203125 0.0296875
0 0.5875 0.6109375 0.01875 0.0265625
0 0.83828125 0.6671875 0.0234375 0.0265625
0 0.0125 0.49140625 0.0171875 0.021875
0 0.04609375 0.4984375 0.0234375 0.03125
0 0.51640625 0.6 0.01875 0.0265625
0 0.646875 0.63046875 0.0234375 0.0265625
0 0.38984375 0.0265625 0.0171875 0.021875
0 0.48203125 0.61953125 0.0234375 0.03125
0 0.16796875 0.55703125 0.0296875 0.0359375
0 0.6828125 0.66640625 0.0234375 0.03125
0 0.54296875 0.6421875 0.0234375 0.0265625
0 0.14609375 0.56015625 0.0234375 0.0265625
0 0.784375 0.7 0.0234375 0.03125
0 0.3265625 0.603125 0.0234375 0.03125
0 0.35625 0.609375 0.01875 0.0265625
0 0.0125 0.5359375 0.0234375 0.03125
0 0.45703125 0.6328125 0.0234375 0.03125
0 0.60234375 0.6640625 0.025 0.0359375
0 0.07265625 0.55390625 0.0203125 0.0296875
0 0.26875 0.5953125 0.028125 0.0328125
0 0.37109375 0.028125 0.01875 0.0265625
0 0.37890625 0.63359375 0.021875 0.021875
0 0.4734375 0.65703125 0.0234375 0.03125
0 0.63671875 0.6921875 0.0234375 0.0265625
0 0.65703125 0.6984375 0.0234375 0.0265625
0 0.50625 0.67109375 0.025 0.0359375
0 0.30390625 0.63359375 0.0234375 0.0265625
0 0.41015625 0.65546875 0.0203125 0.0296875
0 0.55078125 0.6859375 0.0203125 0.0296875
0 0.5125 0.06015625 0.0234375 0.03125
0 0.21328125 0.6234375 0.0234375 0.0265625
0 0.74296875 0.7359375 0.0203125 0.0296875
0 0.57265625 0.7046875 0.0234375 0.0265625
0 0.51796875 0.69296875 0.021875 0.021875
0 0.03359375 0.6 0.0234375 0.03125
0 0.62421875 0.72734375 0.0234375 0.0265625
0 0.67109375 0.7421875 0.0234375 0.03125
0 0.12421875 0.63125 0.0234375 0.03125
0 0.15078125 0.6390625 0.0234375 0.03125
0 0.23046875 0.6671875 0.0234375 0.03125
0 0.27265625 0.68046875 0.0234375 0.03125
0 0.53984375 0.7375 0.01875 0.0265625
0 0.80078125 0.79765625 0.0234375 0.03125
0 0.57109375 0.75390625 0.025 0.0359375
0 0.35859375 0.70859375 0.025 0.0359375
0 0.18125 0.6734375 0.0234375 0.03125
0 0.31328125 0.70859375 0.0234375 0.03125
0 0.5078125 0.75234375 0.0234375 0.0265625
0 0.66875 0.79609375 0.028125 0.0328125
0 0.59921875 0.78125 0.0234375 0.03125
0 0.39453125 0.740625 0.028125 0.0328125
0 0.07890625 0.678125 0.025 0.0359375
0 0.15078125 0.69609375 0.0234375 0.03125
0 0.87265625 0.8515625 0.01875 0.0265625
0 0.72890625 0.8234375 0.0234375 0.0265625
0 0.015625 0.67421875 0.0234375 0.03125
0 0.43203125 0.76484375 0.034375 0.0421875
0 0.221875 0.7203125 0.0234375 0.0265625
0 0.26171875 0.73125 0.028125 0.0328125
0 0.115625 0.7046875 0.0234375 0.03125
0 0.66953125 0.8390625 0.0234375 0.0265625
0 0.9 0.8875 0.0296875 0.0359375
0 0.54921875 0.81328125 0.025 0.0359375
0 0.15 0.73515625 0.0234375 0.03125
0 0.3046875 0.77109375 0.028125 0.0328125
0 0.1796875 0.746875 0.0171875 0.021875
0 0.56328125 0.0875 0.0234375 0.0265625
0 0.37734375 0.80078125 0.0234375 0.03125
0 0.04609375 0.73046875 0.0234375 0.03125
0 0.403125 0.80859375 0.021875 0.021875
0 0.0203125 0.7296875 0.0171875 0.021875
0 0.25390625 0.77890625 0.025 0.0359375
0 0.4890625 0.82890625 0.025 0.0359375
0 0.72578125 0.884375 0.0234375 0.0265625
0 0.81640625 0.90390625 0.028125 0.0328125
0 0.22109375 0.7765625 0.0234375 0.03125
0 0.58125 0.85546875 0.028125 0.0328125
0 0.33359375 0.80546875 0.028125 0.0328125
0 0.1625 0.7828125 0.0140625 0.025
0 0.08359375 0.76875 0.0234375 0.03125
0 0.4359375 0.8484375 0.0234375 0.03125
0 0.85 0.9359375 0.0203125 0.0296875
0 0.00859375 0.765625 0.0171875 0.03125
0 0.04609375 0.77734375 0.0203125 0.0296875
0 0.175 0.8046875 0.0234375 0.03125
0 0.61328125 0.90234375 0.028125 0.0328125
0 0.12890625 0.8 0.0234375 0.03125
0 0.51328125 0.88359375 0.0234375 0.03125
0 0.2890625 0.034375 0.0234375 0.0265625
0 0.1890625 0.81484375 0.0234375 0.0265625
0 0.26171875 0.83046875 0.025 0.0359375
0 0.228125 0.8328125 0.0296875 0.0359375
0 0.55 0.01015625 0.021875 0.0203125
0 0.5 0.0046875 0.021875 0.009375
0 0.40703125 0.059375 0.0234375 0.03125
0 0.690625 0.940625 0.0234375 0.03125
0 0.278125 0.853125 0.028125 0.028125
0 0.4765625 0.9 0.0171875 0.0171875
0 0.4828125 0.08046875 0.0234375 0.03125
0 0.58671875 0.10234375 0.0234375 0.03125
0 0.83125 0.1546875 0.0203125 0.0296875
0 0.6125 0.1078125 0.0234375 0.03125
0 0.20859375 0.0234375 0.0234375 0.0265625
0 0.50625 0.0890625 0.0234375 0.03125
0 0.45 0.07734375 0.0296875 0.0359375
0 0.253125 0.0453125 0.0234375 0.03125
0 0.30703125 0.05859375 0.0234375 0.03125