0 0.3640625 0.13125 0.08125 0.10625
0 0.4953125 0.11484375 0.071875 0.1046875
0 0.6484375 0.08828125 0.06875 0.0921875
0 0.78125 0.06953125 0.075 0.1015625
0 0.60859375 0.10234375 0.053125 0.0796875
0 0.89453125 0.07109375 0.0625 0.0765625
0 0.57890625 0.13359375 0.0734375 0.1140625
0 0.75703125 0.1046875 0.08125 0.1109375
0 0.434375 0.1796875 0.0859375 0.1078125
0 0.0171875 0.2609375 0.034375 0.1125
0 0.33671875 0.0421875 0.0484375 0.0484375
0 0.525 0.01640625 0.04375 0.0328125
0 0.12421875 0.2515625 0.0734375 0.1140625
0 0.28125 0.23046875 0.06875 0.1140625
0 0.88125 0.1578125 0.09375 0.13125
0 0.41015625 0.03203125 0.0484375 0.053125
0 0.690625 0.19375 0.0859375 0.1078125
0 0.32109375 0.2609375 0.084375 0.125
0 0.2234375 0.278125 0.09375 0.1265625
0 0.83671875 0.18203125 0.0828125 0.1203125
0 0.61171875 0.23828125 0.0796875 0.0984375
0 0.0546875 0.34609375 0.0890625 0.1265625
0 0.76015625 0.22890625 0.078125 0.1203125
0 0.80859375 0.22421875 0.0984375 0.128125
0 0.428125 0.3171875 0.09375 0.109375
0 0.36953125 0.3328125 0.0796875 0.1296875
0 0.68671875 0.2953125 0.0796875 0.0984375
0 0.1796875 0.3875 0.0953125 0.1359375
0 0.6 0.3203125 0.103125 0.128125
0 0.52265625 0.33828125 0.0984375 0.1328125
0 0.0234375 0.4421875 0.046875 0.109375
0 0.29453125 0.41640625 0.090625 0.1125
0 0.16875 0.46015625 0.0890625 0.13125
0 0.728125 0.01640625 0.053125 0.0328125
0 0.02109375 0.49609375 0.0421875 0.0484375
0 0.89140625 0.3484375 0.1078125 0.1609375
0 0.94921875 0.3546875 0.0671875 0.1359375
0 0.684375 0.0234375 0.06875 0.046875
0 0.7734375 0.01953125 0.0625 0.0390625
0 0.1453125 0.56484375 0.1 0.1375
0 0.840625 0.00859375 0.05625 0.0171875
0 0.5828125 0.03828125 0.06875 0.0765625
0 0.784375 0.47578125 0.1140625 0.165625
0 0.35 0.5546875 0.1 0.1421875
0 0.52890625 0.5296875 0.103125 0.159375
0 0.5296875 0.04140625 0.0640625 0.0640625
0 0.26875 0.6140625 0.1015625 0.1453125
0 0.0625 0.659375 0.1 0.1640625
0 0.08671875 0.140625 0.0625 0.08125
0 0.303125 0.1046875 0.0640625 0.090625
0 0.803125 0.80859375 0.15625 0.1078125
0 0.14921875 0.15 0.059375 0.090625
0 0.22890625 0.13828125 0.0671875 0.1046875
0 0.271875 0.1359375 0.059375 0.059375
0 0.859375 0.03203125 0.0890625 0.05