0 0.9453125 0.2078125 0.08125 0.175
0 0.78984375 0.22890625 0.1015625 0.190625
0 0.503125 0.34375 0.1078125 0.178125
0 0.0421875 0.425 0.084375 0.1625
0 0.2390625 0.4140625 0.125 0.2015625
0 0.809375 0.03125 0.08125 0.0625
0 0.91328125 0.3765625 0.125 0.2203125
0 0.771875 0.46484375 0.1234375 0.196875
0 0.63828125 0.47890625 0.1109375 0.2109375
0 0.47109375 0.54140625 0.103125 0.1453125
0 0.546875 0.053125 0.08125 0.10625
0 0.028125 0.09296875 0.05625 0.1265625
0 0.28203125 0.596875 0.103125 0.159375
0 0.03515625 0.65546875 0.059375 0.1328125
0 0.2234375 0.6859375 0.125 0.215625
0 0.95703125 0.64296875 0.0859375 0.2421875
0 0.50078125 0.68046875 0.103125 0.1453125
0 0.71171875 0.7078125 0.1109375 0.2109375
0 0.51015625 0.84921875 0.1140625 0.196875
0 0.45390625 0.9 0.1359375 0.165625
0 0.9046875 0.87578125 0.165625 0.2
0 0.60703125 0.10234375 0.096875 0.1359375
0 0.46171875 0.11953125 0.1078125 0.178125
0 0.2453125 0.14453125 0.084375 0.1484375
0 0.7765625 0.109375 0.0953125 0.1171875
0 0.3234375 0.16484375 0.125 0.2015625
0 0.13671875 0.2171875 0.09375 0.1625