0 0.671875 0.31640625 0.0296875 0.0328125
0 0.08984375 0.2859375 0.0265625 0.046875
0 0.42421875 0.30625 0.0296875 0.0328125
0 0.484375 0.309375 0.0296875 0.0296875
0 0.9734375 0.05625 0.015625 0.028125
0 0.90546875 0.33359375 0.0296875 0.0421875
0 0.38046875 0.30859375 0.03125 0.0515625
0 0.28125 0.30546875 0.034375 0.0484375
0 0.59296875 0.3265625 0.025 0.0375
0 0.6296875 0.328125 0.025 0.0421875
0 0.12265625 0.30390625 0.0296875 0.0375
0 0.53515625 0.32578125 0.0203125 0.0421875
0 0.95078125 0.35234375 0.025 0.0375
0 0.9734375 0.3578125 0.025 0.0375
0 0.878125 0.3625 0.0296875 0.0375
0 0.359375 0.34140625 0.025 0.0421875
0 0.20078125 0.33359375 0.034375 0.04375
0 0.82421875 0.36875 0.034375 0.0578125
0 0.4171875 0.3515625 0.025 0.0296875
0 0.68984375 0.36796875 0.0203125 0.025
0 0.7359375 0.37578125 0.0203125 0.0375
0 0.63515625 0.04296875 0.025 0.0328125
0 0.7328125 0.0484375 0.025 0.0296875
0 0.14296875 0.0171875 0.0203125 0.0296875
0 0.6453125 0.378125 0.0296875 0.0375
0 0.09296875 0.35078125 0.025 0.0421875
0 0.03515625 0.3484375 0.025 0.0421875
0 0.59921875 0.37734375 0.034375 0.04375
0 0.12734375 0.35546875 0.0265625 0.046875
0 0.29765625 0.36875 0.025 0.0375
0 0.709375 0.39765625 0.0390625 0.0578125
0 0.1109375 0.01796875 0.025 0.0328125
0 0.1859375 0.021875 0.025 0.0421875
0 0.8703125 0.0578125 0.0203125 0.0375
0 0.6875 0.05078125 0.025 0.0375
0 0.9921875 0.43203125 0.015625 0.0296875
0 0.01484375 0.38359375 0.021875 0.05625
0 0.3609375 0.4046875 0.0359375 0.0671875
0 0.43359375 0.0375 0.0296875 0.0328125
0 0.78984375 0.05625 0.0203125 0.0375
0 0.07265625 0.39140625 0.025 0.0421875
0 0.3890625 0.41015625 0.025 0.025
0 0.2671875 0.03125 0.025 0.0296875
0 0.50078125 0.04296875 0.025 0.0375
0 0.81484375 0.059375 0.0203125 0.0296875
0 0.13359375 0.415625 0.025 0.0421875
0 0.26796875 0.425 0.034375 0.0484375
0 0.19609375 0.42109375 0.0296875 0.0375
0 0.29921875 0.42890625 0.034375 0.0390625
0 0.76953125 0.45390625 0.03125 0.046875
0 0.2234375 0.02890625 0.0203125 0.0296875
0 0.378125 0.04140625 0.025 0.0328125
0 0.11484375 0.4609375 0.034375 0.04375
0 0.57734375 0.4875 0.03125 0.0515625
0 0.628125 0.490625 0.0296875 0.0375
0 0.1765625 0.47109375 0.0296875 0.0421875
0 0.9859375 0.51640625 0.021875 0.046875
0 0.05625 0.46953125 0.0265625 0.046875
0 0.5234375 0.496875 0.03125 0.0515625
0 0.24765625 0.48671875 0.025 0.0375
0 0.92734375 0.525 0.0296875 0.0421875
0 0.01953125 0.47734375 0.03125 0.0515625
0 0.5421875 0.05234375 0.0296875 0.0296875
0 0.81171875 0.5234375 0.025 0.0375
0 0.878125 0.53359375 0.025 0.0421875
0 0.76953125 0.5375 0.025 0.0421875
0 0.14140625 0.53671875 0.0390625 0.04375
0 0.06953125 0.5375 0.0296875 0.0421875
0 0.896875 0.58125 0.025 0.0421875
0 0.44609375 0.559375 0.034375 0.053125
0 0.8296875 0.5796875 0.034375 0.053125
0 0.26328125 0.55703125 0.034375 0.04375
0 0.5890625 0.57421875 0.034375 0.0484375
0 0.38359375 0.56328125 0.034375 0.04375
0 0.0078125 0.54296875 0.015625 0.0421875
0 0.51953125 0.5703125 0.034375 0.04375
0 0.6328125 0.57890625 0.025 0.0328125
0 0.20546875 0.55625 0.034375 0.04375
0 0.7484375 0.58515625 0.0296875 0.0375
0 0.96015625 0.61875 0.03125 0.05625
0 0.6546875 0.06796875 0.025 0.0375
0 0.16015625 0.609375 0.03125 0.0515625
0 0.08203125 0.61484375 0.03125 0.046875
0 0.1015625 0.62109375 0.0265625 0.05625
0 0.23125 0.62734375 0.04375 0.0578125
0 0.28203125 0.6328125 0.025 0.0375
0 0.515625 0.64453125 0.0203125 0.0421875
0 0.90390625 0.66484375 0.03125 0.046875
0 0.39921875 0.64140625 0.0265625 0.046875
0 0.03671875 0.621875 0.034375 0.053125
0 0.53828125 0.6484375 0.0265625 0.05625
0 0.9546875 0.675 0.034375 0.04375
0 0.25859375 0.63828125 0.0203125 0.0375
0 0.771875 0.665625 0.034375 0.053125
0 0.203125 0.63984375 0.0265625 0.046875
0 0.6140625 0.66171875 0.0265625 0.05625
0 0.8296875 0.67421875 0.034375 0.053125
0 0.49609375 0.65703125 0.03125 0.05625
0 0.57265625 0.66328125 0.04375 0.0625
0 0.421875 0.6671875 0.0265625 0.046875
0 0.04921875 0.0453125 0.025 0.0375
0 0.28671875 0.06484375 0.025 0.0296875
0 0.7234375 0.08984375 0.0296875 0.0375
0 0.878125 0.0984375 0.025 0.0421875
0 0.3703125 0.00546875 0.025 0.0109375
0 0.8140625 0.025 0.025 0.0203125
0 0.26328125 0.06796875 0.0296875 0.0328125
0 0.603125 0.0859375 0.025 0.0328125
0 0.203125 0.06484375 0.025 0.0328125
0 0.8359375 0.0984375 0.0296875 0.0296875
0 0.42265625 0.07890625 0.025 0.0328125
0 0.3390625 0.07421875 0.025 0.0375
0 0.3828125 0.0765625 0.0296875 0.0375
0 0.678125 0.096875 0.0296875 0.0296875
0 0.79921875 0.10546875 0.025 0.0328125
0 0.56015625 0.09296875 0.025 0.0421875
0 0.51171875 0.09296875 0.025 0.0328125
0 0.4796875 0.09296875 0.0296875 0.0421875
0 0.040625 0.0765625 0.0109375 0.01875
0 0.08828125 0.084375 0.0296875 0.0421875
0 0.84921875 0.0296875 0.025 0.025
0 0.93125 0.1328125 0.0203125 0.0328125
0 0.57421875 0.01484375 0.025 0.025
0 0.72421875 0.02265625 0.025 0.025
0 0.2421875 0.10625 0.025 0.0296875
0 0.73515625 0.13203125 0.025 0.0375
0 0.8484375 0.13828125 0.025 0.0375
0 0.27734375 0.11015625 0.025 0.0296875
0 0.40390625 0.1171875 0.025 0.0375
0 0.36953125 0.115625 0.0296875 0.025
0 0.68125 0.13359375 0.025 0.0296875
0 0.25703125 0.0078125 0.0296875 0.015625
0 0.29453125 0.00859375 0.0296875 0.0171875
0 0.33046875 0.009375 0.0296875 0.01875
0 0.80078125 0.1453125 0.0203125 0.0375
0 0.64765625 0.02109375 0.0203125 0.025
0 0.5375 0.1359375 0.025 0.0328125
0 0.440625 0.13046875 0.025 0.0421875
0 0.47109375 0.13203125 0.025 0.0328125
0 0.5859375 0.140625 0.0203125 0.0328125
0 0.678125 0.02265625 0.025 0.0296875
0 0.7609375 0.02734375 0.025 0.0296875
0 0.97421875 0.16796875 0.0296875 0.0375
0 0.2015625 0.1390625 0.025 0.0375
0 0.1484375 0.13828125 0.0203125 0.0328125
0 0.09765625 0.13515625 0.025 0.0375
0 0.26796875 0.14453125 0.025 0.0375
0 0.3375 0.15078125 0.034375 0.0390625
0 0.56640625 0.1625 0.0203125 0.0375
0 0.9203125 0.18359375 0.0203125 0.0375
0 0.04609375 0.13984375 0.0203125 0.0328125
0 0.71875 0.175 0.0265625 0.046875
0 0.853125 0.184375 0.0296875 0.0375
0 0.4859375 0.01796875 0.025 0.0359375
0 0.6015625 0.0234375 0.0296875 0.0328125
0 0.803125 0.19140625 0.0203125 0.0375
0 0.76171875 0.19609375 0.0296875 0.0328125
0 0.525 0.01953125 0.025 0.0328125
0 0.6890625 0.19921875 0.025 0.0328125
0 0.046875 0.17265625 0.0203125 0.0296875
0 0.99375 0.221875 0.0125 0.05625
0 0.13671875 0.1796875 0.025 0.0421875
0 0.51796875 0.20234375 0.025 0.0421875
0 0.090625 0.18203125 0.0203125 0.0421875
0 0.17734375 0.1890625 0.025 0.0375
0 0.2125 0.190625 0.025 0.0375
0 0.81328125 0.225 0.0203125 0.0375
0 0.38828125 0.20234375 0.034375 0.0390625
0 0.46875 0.20859375 0.034375 0.04375
0 0.26328125 0.1984375 0.025 0.0328125
0 0.3046875 0.2 0.015625 0.01875
0 0.6140625 0.21640625 0.0203125 0.0328125
0 0.928125 0.23515625 0.025 0.0375
0 0.45703125 0.01796875 0.0296875 0.0359375
0 0.86796875 0.234375 0.0203125 0.0328125
0 0.76953125 0.2296875 0.025 0.0375
0 0.7203125 0.23046875 0.0203125 0.0375
0 0.66328125 0.22734375 0.025 0.0328125
0 0.34140625 0.21328125 0.025 0.025
0 0.42421875 0.21953125 0.025 0.0375
0 0.06171875 0.0078125 0.0203125 0.015625
0 0.053125 0.21953125 0.025 0.0421875
0 0.0859375 0.2234375 0.025 0.0375
0 0.86171875 0.2640625 0.025 0.0421875
0 0.915625 0.26875 0.025 0.0375
0 0.30703125 0.23984375 0.025 0.0328125
0 0.22890625 0.23515625 0.0296875 0.0375
0 0.79921875 0.26796875 0.0203125 0.0421875
0 0.15703125 0.2390625 0.025 0.0421875
0 0.52890625 0.25859375 0.025 0.0421875
0 0.49140625 0.2609375 0.025 0.0421875
0 0.7046875 0.271875 0.025 0.0296875
0 0.65625 0.271875 0.025 0.0375
0 0.3390625 0.25546875 0.025 0.0375
0 0.61328125 0.271875 0.025 0.0421875
0 0.74296875 0.27890625 0.034375 0.04375
0 0.5765625 0.27265625 0.025 0.0421875
0 0.96875 0.31796875 0.0203125 0.0328125
0 0.0453125 0.2765625 0.0296875 0.0375
0 0.7859375 0.31796875 0.025 0.0375
0 0.85078125 0.32109375 0.025 0.0421875
0 0.2265625 0.290625 0.03125 0.046875