0 0.3171875 0.2046875 0.0296875 0.0359375
0 0.4890625 0.240625 0.0296875 0.040625
0 0.06875 0.17109375 0.0359375 0.05
0 0.12265625 0.18359375 0.0359375 0.0453125
0 0.5859375 0.2765625 0.05 0.053125
0 0.44296875 0.26015625 0.0453125 0.0515625
0 0.690625 0.30859375 0.04375 0.04375
0 0.52421875 0.27890625 0.0359375 0.05
0 0.184375 0.21875 0.040625 0.0515625
0 0.8296875 0.34453125 0.065625 0.0921875
0 0.98046875 0.3796875 0.0390625 0.084375
0 0.33515625 0.253125 0.0515625 0.0671875
0 0.22109375 0.2359375 0.040625 0.05625
0 0.2609375 0.25078125 0.0578125 0.0765625
0 0.69765625 0.34296875 0.05 0.053125
0 0.55390625 0.321875 0.0578125 0.0953125
0 0.09453125 0.24453125 0.0734375 0.084375
0 0.2078125 0.26875 0.065625 0.0703125
0 0.4265625 0.32109375 0.0515625 0.0671875
0 0.3765625 0.31328125 0.0640625 0.0828125
0 0.2703125 0.29921875 0.05625 0.090625
0 0.3140625 0.3078125 0.0296875 0.0359375
0 0.83125 0.4203125 0.0515625 0.0625
0 0.9796875 0.4578125 0.040625 0.1
0 0.34609375 0.3453125 0.05625 0.0625
0 0.71875 0.41796875 0.059375 0.08125
0 0.11171875 0.3140625 0.05625 0.0671875
0 0.8453125 0.47109375 0.0734375 0.0890625
0 0.68359375 0.4390625 0.065625 0.0875
0 0.2984375 0.3734375 0.0734375 0.10625
0 0.14921875 0.365625 0.06875 0.0875
0 0.4875 0.44140625 0.065625 0.0875
0 0.55390625 0.4890625 0.0734375 0.10625
0 0.04609375 0.396875 0.0921875 0.140625
0 0.87265625 0.56015625 0.0734375 0.10625
0 0.45234375 0.50234375 0.071875 0.053125
0 0.24375 0.48515625 0.075 0.09375
0 0.12421875 0.47890625 0.0625 0.0953125
0 0.66328125 0.59296875 0.090625 0.1265625
0 0.3671875 0.5546875 0.090625 0.1265625
0 0.8453125 0.67734375 0.0875 0.1125
0 0.171875 0.54921875 0.0859375 0.13125
0 0.44765625 0.1859375 0.0390625 0.0421875
0 0.990625 0.2953125 0.01875 0.0625
0 0.32109375 0.17109375 0.01875 0.0296875
0 0.7734375 0.2671875 0.0359375 0.05
0 0.4 0.2 0.0296875 0.040625
0 0.14609375 0.15234375 0.0375 0.059375
0 0.346875 0.19609375 0.034375 0.0375
0 0.571875 0.23984375 0.040625 0.05625
0 0.703125 0.26796875 0.0390625 0.046875
0 0.2984375 0.1890625 0.025 0.0390625
0 0.11328125 0.1609375 0.021875 0.021875
0 0.41484375 0.221875 0.025 0.0390625