0 0.54140625 0.18515625 0.015625 0.0203125
0 0.5578125 0.1890625 0.015625 0.0203125
0 0.75078125 0.20859375 0.015625 0.025
0 0.60546875 0.2 0.021875 0.0328125
0 0.796875 0.2171875 0.0171875 0.0296875
0 0.55703125 0.1984375 0.00625 0.0140625
0 0.8328125 0.225 0.021875 0.0421875
0 0.95546875 0.23515625 0.028125 0.053125
0 0.48046875 0.19609375 0.0171875 0.0296875
0 0.7109375 0.21640625 0.021875 0.0296875
0 0.73125 0.22265625 0.015625 0.0203125
0 0.37578125 0.1921875 0.021875 0.0375
0 0.4703125 0.2 0.0171875 0.0296875
0 0.64765625 0.21796875 0.021875 0.0328125
0 0.5390625 0.2109375 0.0171875 0.0328125
0 0.57109375 0.21640625 0.0171875 0.0296875
0 0.7765625 0.23671875 0.021875 0.0328125
0 0.80546875 0.24140625 0.021875 0.0375
0 0.75 0.2390625 0.0171875 0.0328125
0 0.50078125 0.21875 0.021875 0.0421875
0 0.5609375 0.2234375 0.021875 0.0328125
0 0.340625 0.22109375 0.021875 0.0375
0 0.9328125 0.27265625 0.0234375 0.046875
0 0.7375 0.2578125 0.0265625 0.0390625
0 0.84375 0.2671875 0.0234375 0.0515625
0 0.59453125 0.2453125 0.0203125 0.025
0 0.8890625 0.2734375 0.0265625 0.034375
0 0.40078125 0.23125 0.021875 0.0375
0 0.60703125 0.25859375 0.015625 0.025
0 0.6875 0.265625 0.015625 0.025
0 0.509375 0.2546875 0.0265625 0.04375
0 0.61796875 0.2640625 0.015625 0.025
0 0.4328125 0.25234375 0.021875 0.0328125
0 0.8828125 0.29453125 0.028125 0.053125
0 0.5359375 0.278125 0.0328125 0.0578125
0 0.8515625 0.30546875 0.021875 0.0375
0 0.6984375 0.2984375 0.028125 0.0484375
0 0.484375 0.2796875 0.021875 0.0296875
0 0.66171875 0.30234375 0.028125 0.0484375
0 0.98984375 0.3390625 0.0203125 0.0625
0 0.4234375 0.290625 0.025 0.025
0 0.45 0.3 0.0265625 0.034375
0 0.93203125 0.3421875 0.021875 0.0375
0 0.77265625 0.3359375 0.0328125 0.053125
0 0.896875 0.3515625 0.0328125 0.0578125
0 0.59921875 0.32734375 0.0328125 0.0625
0 0.47890625 0.32421875 0.0265625 0.04375
0 0.83125 0.35703125 0.0265625 0.034375
0 0.421875 0.32578125 0.0265625 0.0390625
0 0.809375 0.36484375 0.0421875 0.0578125
0 0.2140625 0.31484375 0.028125 0.0625
0 0.2328125 0.31875 0.0328125 0.053125
0 0.9234375 0.3859375 0.034375 0.0671875
0 0.25703125 0.32734375 0.0375 0.0578125
0 0.365625 0.33671875 0.028125 0.0578125
0 0.51015625 0.35859375 0.0328125 0.0578125
0 0.34140625 0.346875 0.028125 0.053125
0 0.56484375 0.36640625 0.03125 0.0390625
0 0.15234375 0.334375 0.03125 0.0390625
0 0.17890625 0.34140625 0.0375 0.0625
0 0.82890625 0.40546875 0.028125 0.0625
0 0.409375 0.3734375 0.028125 0.053125
0 0.4453125 0.37890625 0.021875 0.0375
0 0.7609375 0.409375 0.034375 0.0671875
0 0.79375 0.43046875 0.046875 0.0734375
0 0.2984375 0.3875 0.034375 0.0671875
0 0.46171875 0.4078125 0.0421875 0.0625
0 0.1546875 0.3859375 0.0375 0.071875
0 0.22734375 0.39453125 0.0421875 0.071875
0 0.63359375 0.43046875 0.0375 0.0671875
0 0.33828125 0.41171875 0.028125 0.0578125
0 0.565625 0.43828125 0.053125 0.078125
0 0.03046875 0.39609375 0.0328125 0.0625
0 0.890625 0.4734375 0.040625 0.0484375
0 0.39375 0.4421875 0.0484375 0.0828125
0 0.98828125 0.51953125 0.0234375 0.0890625
0 0.14921875 0.44609375 0.03125 0.0390625
0 0.26875 0.4609375 0.0328125 0.0625
0 0.91328125 0.52890625 0.040625 0.053125
0 0.08125 0.47734375 0.053125 0.078125
0 0.4703125 0.52109375 0.0484375 0.0921875
0 0.15546875 0.5046875 0.04375 0.090625
0 0.5890625 0.54453125 0.059375 0.1015625
0 0.3734375 0.53984375 0.0484375 0.078125
0 0.25625 0.55078125 0.04375 0.090625
0 0.2765625 0.5546875 0.0484375 0.0875
0 0.884375 0.6203125 0.071875 0.1390625
0 0.39375 0.60703125 0.0640625 0.1109375
0 0.66796875 0.646875 0.053125 0.0921875
0 0.11015625 0.603125 0.059375 0.1109375
0 0.8265625 0.67265625 0.071875 0.1390625
0 0.7171875 0.084375 0.00625 0.0140625
0 0.03203125 0.64609375 0.0640625 0.1296875
0 0.58359375 0.765625 0.0765625 0.1390625
0 0.87109375 0.1125 0.00625 0.009375
0 0.6671875 0.82109375 0.071875 0.134375
0 0.4890625 0.84296875 0.08125 0.15
0 0.353125 0.875 0.0671875 0.134375
0 0.65078125 0.10234375 0.0046875 0.0046875
0 0.66484375 0.103125 0.00625 0.009375
0 0.18046875 0.88515625 0.1421875 0.1671875
0 0.67421875 0.9390625 0.1078125 0.121875
0 0.6875 0.109375 0.0109375 0.0140625
0 0.828125 0.121875 0.0109375 0.0140625
0 0.65703125 0.11171875 0.00625 0.009375
0 0.72421875 0.11953125 0.0109375 0.0140625
0 0.64921875 0.11796875 0.00625 0.0140625
0 0.6703125 0.121875 0.0109375 0.0140625
0 0.63515625 0.11875 0.00625 0.009375
0 0.7625 0.1296875 0.0109375 0.0140625
0 0.6125 0.11953125 0.0109375 0.0140625
0 0.66328125 0.1234375 0.0109375 0.0109375
0 0.734375 0.1296875 0.0109375 0.0140625
0 0.68359375 0.128125 0.00625 0.009375
0 0.72265625 0.13125 0.0109375 0.0140625
0 0.75078125 0.13359375 0.0109375 0.0140625
0 0.7734375 0.1359375 0.0109375 0.0234375
0 0.58359375 0.12421875 0.0109375 0.0140625
0 0.71484375 0.1375 0.00625 0.0140625
0 0.6296875 0.13046875 0.0109375 0.0109375
0 0.69453125 0.1359375 0.00625 0.0140625
0 0.5671875 0.12734375 0.0109375 0.0140625
0 0.55859375 0.1265625 0.00625 0.0140625
0 0.59296875 0.1296875 0.00625 0.0140625
0 0.703125 0.1390625 0.0109375 0.0140625
0 0.52109375 0.12578125 0.015625 0.0203125
0 0.6 0.13203125 0.0109375 0.01875
0 0.61328125 0.13359375 0.00625 0.01875
0 0.62265625 0.134375 0.00625 0.009375
0 0.6640625 0.140625 0.0109375 0.0109375
0 0.66875 0.140625 0.0109375 0.0109375
0 0.790625 0.1515625 0.0109375 0.01875
0 0.5875 0.13828125 0.00625 0.01875
0 0.46953125 0.128125 0.015625 0.0203125
0 0.7765625 0.1546875 0.0109375 0.01875
0 0.37109375 0.121875 0.015625 0.0203125
0 0.41171875 0.125 0.015625 0.025
0 0.7234375 0.15234375 0.0109375 0.0140625
0 0.61953125 0.14609375 0.0109375 0.0140625
0 0.7328125 0.15546875 0.0109375 0.01875
0 0.8265625 0.16640625 0.0171875 0.0296875
0 0.52890625 0.13984375 0.015625 0.0203125
0 0.7109375 0.15859375 0.0109375 0.01875
0 0.55234375 0.14453125 0.00625 0.0140625
0 0.6921875 0.15703125 0.0109375 0.0140625
0 0.68125 0.15859375 0.0109375 0.01875
0 0.74140625 0.16328125 0.0109375 0.01875
0 0.571875 0.15078125 0.00625 0.009375
0 0.70390625 0.1625 0.0109375 0.0140625
0 0.75625 0.1671875 0.0171875 0.0296875
0 0.64609375 0.1578125 0.0109375 0.0109375
0 0.6578125 0.15859375 0.0109375 0.0109375
0 0.58828125 0.1546875 0.0109375 0.01875
0 0.5515625 0.1515625 0.00625 0.0140625
0 0.79140625 0.175 0.0109375 0.01875
0 0.596875 0.16015625 0.0109375 0.01875
0 0.60390625 0.16328125 0.0109375 0.0234375
0 0.62265625 0.16640625 0.015625 0.0203125
0 0.50625 0.15859375 0.015625 0.0203125
0 0.72578125 0.178125 0.0109375 0.01875
0 0.78125 0.18515625 0.0109375 0.01875
0 0.69765625 0.17734375 0.0109375 0.0234375
0 0.74609375 0.184375 0.015625 0.025
0 0.76171875 0.18828125 0.015625 0.0203125
0 0.575 0.17421875 0.015625 0.025
0 0.65546875 0.18125 0.0109375 0.01875
0 0.6765625 0.18515625 0.015625 0.0203125
0 0.66484375 0.18671875 0.0109375 0.01875
0 0.84921875 0.2046875 0.021875 0.0328125
0 0.8921875 0.2109375 0.021875 0.0328125
0 0.51640625 0.18046875 0.015625 0.025