0 0.9921875 0.17734375 0.015625 0.1359375
0 0.875 0.246875 0.0484375 0.05625
0 0.23984375 0.17421875 0.034375 0.0453125
0 0.5875 0.22265625 0.0109375 0.0109375
0 0.3015625 0.18515625 0.028125 0.034375
0 0.52734375 0.21875 0.0109375 0.015625
0 0.41015625 0.20625 0.021875 0.0265625
0 0.45859375 0.21328125 0.0171875 0.0203125
0 0.57734375 0.23203125 0.00625 0.009375
0 0.53125 0.228125 0.0109375 0.0109375
0 0.60234375 0.23828125 0.0046875 0.0046875
0 0.359375 0.20390625 0.021875 0.0265625
0 0.590625 0.23671875 0.0109375 0.015625
0 0.2828125 0.1984375 0.0328125 0.040625
0 0.47578125 0.225 0.021875 0.0265625
0 0.50703125 0.23203125 0.0171875 0.0203125
0 0.32578125 0.20859375 0.021875 0.0296875
0 0.77265625 0.271875 0.0046875 0.0046875
0 0.55078125 0.240625 0.028125 0.0390625
0 0.26796875 0.203125 0.01875 0.034375
0 0.40546875 0.22265625 0.0171875 0.025
0 0.084375 0.1796875 0.0453125 0.0640625
0 0.378125 0.22109375 0.0171875 0.0296875
0 0.7921875 0.28359375 0.0109375 0.0109375
0 0.35390625 0.225 0.028125 0.034375
0 0.725 0.28125 0.0265625 0.0265625
0 0.59140625 0.2625 0.0171875 0.0203125
0 0.58203125 0.26640625 0.0234375 0.0390625
0 0.60703125 0.26953125 0.0171875 0.0203125
0 0.515625 0.25703125 0.0171875 0.0296875
0 0.5703125 0.26484375 0.0140625 0.0328125
0 0.79765625 0.2984375 0.0109375 0.015625
0 0.63125 0.278125 0.0109375 0.015625
0 0.8140625 0.30859375 0.0171875 0.025
0 0.61484375 0.2828125 0.0171875 0.0203125
0 0.721875 0.3 0.0265625 0.021875
0 0.76328125 0.30546875 0.0296875 0.0484375
0 0.59609375 0.28203125 0.0203125 0.0125
0 0.74765625 0.30625 0.034375 0.05
0 0.15546875 0.225 0.08125 0.096875
0 0.62265625 0.29296875 0.0171875 0.025
0 0.77578125 0.3171875 0.021875 0.0296875
0 0.81796875 0.3296875 0.021875 0.021875
0 0.6078125 0.30234375 0.0359375 0.0328125
0 0.71640625 0.321875 0.0375 0.040625
0 0.78984375 0.3328125 0.0375 0.05
0 0.06015625 0.24140625 0.0640625 0.071875
0 0.81953125 0.353125 0.0375 0.05
0 0.70625 0.346875 0.04375 0.059375
0 0.6234375 0.33515625 0.04375 0.0546875
0 0.5859375 0.3390625 0.0390625 0.059375
0 0.334375 0.31328125 0.0546875 0.065625
0 0.2859375 0.309375 0.059375 0.0765625
0 0.2109375 0.31171875 0.0828125 0.10625
0 0.8171875 0.40390625 0.046875 0.046875
0 0.6546875 0.39765625 0.0421875 0.0421875
0 0.7140625 0.4109375 0.0375 0.05
0 0.11484375 0.32890625 0.0890625 0.125
0 0.32109375 0.36015625 0.0609375 0.08125
0 0.425 0.38203125 0.0453125 0.034375
0 0.61796875 0.425 0.0609375 0.08125
0 0.796875 0.4640625 0.05 0.075
0 0.05625 0.36015625 0.103125 0.1625
0 0.69140625 0.45390625 0.034375 0.0546875
0 0.72890625 0.46640625 0.0578125 0.09375
0 0.85 0.50234375 0.0875 0.1109375
0 0.42265625 0.45 0.090625 0.0984375
0 0.278125 0.43203125 0.0953125 0.134375
0 0.575 0.4984375 0.0921875 0.0765625
0 0.67890625 0.54140625 0.06875 0.1078125
0 0.3703125 0.55703125 0.115625 0.1515625
0 0.48671875 0.5921875 0.096875 0.1390625
0 0.57890625 0.61640625 0.10625 0.140625