0 0.00703125 0.35546875 0.00625 0.009375
0 0.00234375 0.3578125 0.0046875 0.009375
0 0.0109375 0.359375 0.0109375 0.0109375
0 0.0125 0.36875 0.0109375 0.015625
0 0.003125 0.3703125 0.00625 0.015625
0 0.03359375 0.36640625 0.009375 0.00625
0 0.1484375 0.35625 0.0109375 0.015625
0 0.02734375 0.37421875 0.0109375 0.015625
0 0.04140625 0.371875 0.015625 0.015625
0 0.16796875 0.35859375 0.0109375 0.0203125
0 0.184375 0.35703125 0.00625 0.0140625
0 0.18203125 0.359375 0.00625 0.0140625
0 0.19375 0.36015625 0.0109375 0.0203125
0 0.07578125 0.375 0.015625 0.0203125
0 0.20234375 0.359375 0.0109375 0.015625
0 0.08515625 0.3734375 0.0109375 0.015625
0 0.0125 0.3828125 0.0109375 0.015625
0 0.05390625 0.3796875 0.0109375 0.015625
0 0.1296875 0.3703125 0.0109375 0.015625
0 0.16171875 0.36640625 0.0109375 0.015625
0 0.06796875 0.38046875 0.0109375 0.0203125
0 0.03359375 0.38515625 0.0109375 0.0203125
0 0.10234375 0.3765625 0.0109375 0.0203125
0 0.01953125 0.3890625 0.0109375 0.015625
0 0.34375 0.34921875 0.0109375 0.015625
0 0.00703125 0.38984375 0.0140625 0.0203125
0 0.22890625 0.36328125 0.0109375 0.015625
0 0.11484375 0.38203125 0.0171875 0.025
0 0.0921875 0.3875 0.0109375 0.015625
0 0.14921875 0.38046875 0.0109375 0.015625
0 0.1359375 0.38203125 0.0109375 0.015625
0 0.365625 0.35390625 0.015625 0.015625
0 0.3796875 0.3515625 0.015625 0.0203125
0 0.06328125 0.3953125 0.0109375 0.015625
0 0.078125 0.39375 0.015625 0.015625
0 0.04921875 0.396875 0.015625 0.0203125
0 0.21171875 0.37890625 0.0171875 0.025
0 0.16640625 0.384375 0.0109375 0.015625
0 0.228125 0.3765625 0.00625 0.01875
0 0.0234375 0.4015625 0.021875 0.025
0 0.246875 0.3765625 0.0171875 0.025
0 0.04296875 0.40625 0.015625 0.0203125
0 0.27265625 0.38046875 0.0203125 0.0203125
0 0.08671875 0.40625 0.0171875 0.025
0 0.121875 0.4015625 0.021875 0.0296875
0 0.4015625 0.3671875 0.0171875 0.025
0 0.10625 0.40625 0.028125 0.0390625
0 0.37265625 0.37578125 0.021875 0.0296875
0 0.1640625 0.40390625 0.0109375 0.015625
0 0.1890625 0.4 0.028125 0.0390625
0 0.003125 0.425 0.00625 0.015625
0 0.04921875 0.4203125 0.015625 0.0203125
0 0.00859375 0.425 0.0171875 0.025
0 0.3875 0.38046875 0.0171875 0.025
0 0.90390625 0.3171875 0.021875 0.0296875
0 0.17421875 0.409375 0.021875 0.0296875
0 0.28203125 0.39609375 0.0125 0.025
0 0.85625 0.32578125 0.021875 0.0296875
0 0.02890625 0.42734375 0.0328125 0.040625
0 0.06875 0.42734375 0.0265625 0.034375
0 0.24609375 0.4078125 0.015625 0.0203125
0 0.64375 0.36328125 0.0265625 0.034375
0 0.62578125 0.365625 0.0203125 0.0203125
0 0.22578125 0.41484375 0.0265625 0.03125
0 0.265625 0.4125 0.015625 0.015625
0 0.003125 0.44765625 0.00625 0.0421875
0 0.42421875 0.39765625 0.0171875 0.025
0 0.14921875 0.4359375 0.0328125 0.0484375
0 0.40859375 0.40390625 0.0328125 0.040625
0 0.24140625 0.42734375 0.015625 0.0203125
0 0.69921875 0.37109375 0.0109375 0.015625
0 0.79765625 0.3609375 0.0171875 0.025
0 0.78203125 0.365625 0.0171875 0.025
0 0.6671875 0.3796875 0.015625 0.0203125
0 0.81953125 0.36328125 0.0171875 0.0328125
0 0.1296875 0.44765625 0.0265625 0.034375
0 0.76640625 0.36953125 0.0265625 0.034375
0 0.44453125 0.409375 0.0171875 0.025
0 0.32109375 0.428125 0.0265625 0.034375
0 0.73203125 0.378125 0.028125 0.04375
0 0.603125 0.39375 0.021875 0.025
0 0.2734375 0.44609375 0.028125 0.04375
0 0.61875 0.40390625 0.0328125 0.04375
0 0.7125 0.3921875 0.025 0.0484375
0 0.8671875 0.37578125 0.0265625 0.03125
0 0.690625 0.39921875 0.028125 0.0390625
0 0.5734375 0.4140625 0.034375 0.0578125
0 0.24296875 0.45703125 0.0421875 0.05
0 0.74140625 0.39765625 0.0125 0.025
0 0.3578125 0.44765625 0.021875 0.025
0 0.65703125 0.4109375 0.028125 0.04375
0 0.4734375 0.4359375 0.0421875 0.0546875
0 0.84296875 0.38984375 0.03125 0.03125
0 0.93046875 0.3796875 0.0328125 0.0484375
0 0.8171875 0.40078125 0.021875 0.034375
0 0.78515625 0.409375 0.0328125 0.0484375
0 0.31484375 0.471875 0.0328125 0.040625
0 0.95703125 0.4046875 0.0375 0.0546875
0 0.37578125 0.47578125 0.028125 0.0390625
0 0.509375 0.46171875 0.0328125 0.040625
0 0.98046875 0.40859375 0.0203125 0.046875
0 0.85703125 0.42578125 0.0328125 0.0484375
0 0.88984375 0.4234375 0.0421875 0.0546875
0 0.01875 0.53125 0.0375 0.0875
0 0.66953125 0.45546875 0.025 0.0484375
0 0.62578125 0.46328125 0.034375 0.053125
0 0.57109375 0.47265625 0.0484375 0.06875
0 0.74609375 0.45546875 0.0484375 0.06875
0 0.69921875 0.46875 0.0421875 0.0546875
0 0.934375 0.44921875 0.03125 0.03125
0 0.8359375 0.49609375 0.05 0.078125
0 0.50078125 0.54375 0.04375 0.06875
0 0.9609375 0.4921875 0.0546875 0.075
0 0.20546875 0.6671875 0.0421875 0.05
0 0.13671875 0.73359375 0.0703125 0.0953125
0 0.334375 0.728125 0.0453125 0.0734375
0 0.58828125 0.70625 0.053125 0.0703125
0 0.68984375 0.86875 0.096875 0.04375
0 0.76171875 0.8625 0.0546875 0.0375