0 0.459375 0.01875 0.021875 0.0265625
0 0.54296875 0.17265625 0.01875 0.034375
0 0.096875 0.25390625 0.0140625 0.025
0 0.1359375 0.246875 0.0234375 0.03125
0 0.803125 0.12890625 0.028125 0.03125
0 0.92890625 0.10703125 0.0171875 0.025
0 0.00390625 0.2734375 0.0078125 0.03125
0 0.72421875 0.14765625 0.01875 0.0296875
0 0.83203125 0.12890625 0.028125 0.03125
0 0.60546875 0.16875 0.0234375 0.034375
0 0.22421875 0.240625 0.0265625 0.0265625
0 0.15078125 0.25390625 0.0234375 0.03125
0 0.40390625 0.209375 0.028125 0.03125
0 0.03984375 0.2734375 0.028125 0.0359375
0 0.91171875 0.11953125 0.01875 0.034375
0 0.7875 0.14609375 0.028125 0.0359375
0 0.68984375 0.16328125 0.0234375 0.03125
0 0.64453125 0.1734375 0.028125 0.03125
0 0.1453125 0.0765625 0.0171875 0.0203125
0 0.00234375 0.1015625 0.0046875 0.015625
0 0.90078125 0.13125 0.021875 0.0265625
0 0.671875 0.17109375 0.028125 0.0359375
0 0.2078125 0.25546875 0.0234375 0.034375
0 0.76015625 0.1609375 0.0234375 0.034375
0 0.2625 0.2484375 0.0234375 0.03125
0 0.5796875 0.1921875 0.028125 0.0359375
0 0.50546875 0.21015625 0.0234375 0.03125
0 0.05859375 0.29140625 0.015625 0.015625
0 0.8609375 0.15 0.028125 0.0359375
0 0.015625 0.30078125 0.0265625 0.0265625
0 0.109375 0.284375 0.0234375 0.03125
0 0.003125 0.30625 0.00625 0.021875
0 0.06171875 0.09296875 0.021875 0.021875
0 0.2578125 0.05859375 0.021875 0.0265625
0 0.2875 0.05390625 0.0171875 0.0203125
0 0.93515625 0.14296875 0.0234375 0.034375
0 0.8328125 0.1609375 0.021875 0.0265625
0 0.59609375 0.20546875 0.01875 0.0296875
0 0.72890625 0.18203125 0.0234375 0.03125
0 0.18125 0.28125 0.0234375 0.03125
0 0.29609375 0.2609375 0.01875 0.034375
0 0.2375 0.2734375 0.028125 0.03125
0 0.5296875 0.2265625 0.025 0.0390625
0 0.0375 0.31328125 0.0171875 0.0203125
0 0.78046875 0.1828125 0.01875 0.034375
0 0.88984375 0.16328125 0.0234375 0.034375
0 0.16328125 0.29375 0.0234375 0.034375
0 0.45703125 0.2421875 0.0265625 0.0265625
0 0.51171875 0.23203125 0.0234375 0.034375
0 0.0625 0.31171875 0.0265625 0.021875
0 0.840625 0.1765625 0.0265625 0.0265625
0 0.04140625 0.096875 0.021875 0.021875
0 0.53046875 0.0140625 0.0234375 0.028125
0 0.75546875 0.19140625 0.0234375 0.034375
0 0.859375 0.1828125 0.01875 0.0296875
0 0.80078125 0.19296875 0.0234375 0.034375
0 0.0078125 0.33515625 0.015625 0.0265625
0 0.66953125 0.21875 0.0296875 0.040625
0 0.0328125 0.33046875 0.0296875 0.040625
0 0.15 0.3125 0.028125 0.0359375
0 0.70625 0.21484375 0.0234375 0.034375
0 0.1203125 0.3203125 0.021875 0.0265625
0 0.5578125 0.24296875 0.0171875 0.0203125
0 0.596875 0.2359375 0.028125 0.0359375
0 0.20546875 0.0703125 0.015625 0.015625
0 0.0234375 0.1046875 0.0171875 0.025
0 0.92578125 0.1828125 0.0171875 0.025
0 0.3015625 0.29296875 0.0265625 0.0265625
0 0.08046875 0.33203125 0.028125 0.03125
0 0.74296875 0.21484375 0.0234375 0.034375
0 0.44765625 0.26953125 0.0234375 0.034375
0 0.2265625 0.30859375 0.025 0.0390625
0 0.05390625 0.3390625 0.0265625 0.0265625
0 0.84453125 0.20234375 0.028125 0.0359375
0 0.5546875 0.253125 0.021875 0.0265625
0 0.10703125 0.33671875 0.0171875 0.025
0 0.50546875 0.26640625 0.0171875 0.025
0 0.48125 0.2734375 0.028125 0.0359375
0 0.19375 0.3265625 0.028125 0.0359375
0 0.14375 0.33515625 0.0328125 0.0328125
0 0.6140625 0.25234375 0.0296875 0.040625
0 0.890625 0.20859375 0.0234375 0.03125
0 0.73125 0.2375 0.021875 0.0265625
0 0.2984375 0.31640625 0.028125 0.0359375
0 0.94140625 0.20546875 0.0234375 0.034375
0 0.0984375 0.35625 0.028125 0.0359375
0 0.36640625 0.31171875 0.0234375 0.03125
0 0.07578125 0.36328125 0.0265625 0.0265625
0 0.1765625 0.3453125 0.0234375 0.034375
0 0.340625 0.31640625 0.028125 0.0359375
0 0.715625 0.2546875 0.0234375 0.034375
0 0.12109375 0.3625 0.0234375 0.034375
0 0.27421875 0.3375 0.028125 0.03125
0 0.76171875 0.25390625 0.0265625 0.0265625
0 0.70546875 0.26640625 0.0234375 0.034375
0 0.88125 0.23515625 0.028125 0.0359375
0 0.65625 0.27734375 0.0265625 0.0265625
0 0.6921875 0.27109375 0.034375 0.040625
0 0.8125 0.25 0.021875 0.0265625
0 0.9234375 0.23515625 0.025 0.0390625
0 0.1890625 0.0796875 0.0203125 0.0171875
0 0.003125 0.403125 0.00625 0.03125
0 0.95390625 0.23671875 0.01875 0.0296875
0 0.228125 0.36953125 0.028125 0.0359375
0 0.90078125 0.253125 0.0328125 0.0359375
0 0.7640625 0.27734375 0.0234375 0.034375
0 0.8078125 0.26953125 0.021875 0.021875
0 0.39921875 0.34375 0.021875 0.0265625
0 0.08046875 0.4 0.028125 0.0359375
0 0.8375 0.26875 0.021875 0.0265625
0 0.03359375 0.41328125 0.0296875 0.040625
0 0.134375 0.0890625 0.0109375 0.015625
0 0.67890625 0.00546875 0.0234375 0.0109375
0 0.253125 0.37734375 0.015625 0.015625
0 0.65390625 0.30625 0.0296875 0.040625
0 0.31015625 0.36953125 0.0234375 0.034375
0 0.015625 0.42109375 0.025 0.0390625
0 0.74921875 0.296875 0.0234375 0.034375
0 0.57109375 0.3296875 0.01875 0.0296875
0 0.809375 0.2921875 0.021875 0.0265625
0 0.43125 0.36171875 0.0296875 0.0453125
0 0.33515625 0.05859375 0.0171875 0.0203125
0 0.521875 0.02578125 0.0171875 0.0203125
0 0.63515625 0.0078125 0.0171875 0.015625
0 0.2640625 0.390625 0.01875 0.034375
0 0.33984375 0.37734375 0.0328125 0.0359375
0 0.20078125 0.40703125 0.021875 0.0265625
0 0.27890625 0.39296875 0.028125 0.03125
0 0.45703125 0.3640625 0.028125 0.0359375
0 0.615625 0.34296875 0.028125 0.0359375
0 0.3875 0.38359375 0.0171875 0.025
0 0.48125 0.3671875 0.025 0.0390625
0 0.9078125 0.29375 0.0375 0.0421875
0 0.1125 0.43671875 0.0296875 0.040625
0 0.4390625 0.0078125 0.0109375 0.0109375
0 0.0609375 0.07421875 0.0109375 0.0109375
0 0.54140625 0.3609375 0.03125 0.028125
0 0.79453125 0.31875 0.021875 0.021875
0 0.41640625 0.3875 0.0234375 0.034375
0 0.159375 0.43515625 0.0265625 0.0265625
0 0.23515625 0.421875 0.03125 0.05
0 0.04765625 0.45546875 0.028125 0.0359375
0 0.81875 0.32421875 0.021875 0.0265625
0 0.4 0.4 0.0234375 0.034375
0 0.86796875 0.31796875 0.034375 0.0453125
0 0.72421875 0.3453125 0.0234375 0.034375
0 0.58515625 0.37265625 0.0296875 0.040625
0 0.03828125 0.46875 0.0296875 0.040625
0 0.315625 0.06484375 0.0171875 0.025
0 0.7703125 0.33984375 0.0328125 0.0359375
0 0.7109375 0.35234375 0.0234375 0.034375
0 0.09140625 0.46171875 0.0265625 0.0265625
0 0.2125 0.44296875 0.0328125 0.0328125
0 0.678125 0.3609375 0.0296875 0.040625
0 0.96953125 0.31171875 0.015625 0.0375
0 0.37578125 0.41875 0.028125 0.0359375
0 0.64140625 0.371875 0.021875 0.0265625
0 0.5515625 0.38984375 0.0296875 0.0453125
0 0.01640625 0.48671875 0.01875 0.034375
0 0.609375 0.38515625 0.0234375 0.034375
0 0.7984375 0.353125 0.0296875 0.040625
0 0.31796875 0.4375 0.0296875 0.040625
0 0.71171875 0.36796875 0.0171875 0.025
0 0.484375 0.0375 0.0171875 0.0203125
0 0.2953125 0.0703125 0.0171875 0.0203125
0 0.7484375 0.36171875 0.0171875 0.0203125
0 0.7625 0.3640625 0.034375 0.0453125
0 0.50625 0.4140625 0.021875 0.0265625
0 0.16875 0.4734375 0.0234375 0.03125
0 0.4265625 0.43046875 0.0296875 0.040625
0 0.45625 0.42734375 0.0296875 0.040625
0 0.73515625 0.378125 0.0234375 0.03125
0 0.2046875 0.4765625 0.0328125 0.0359375
0 0.55078125 0.02578125 0.0171875 0.025
0 0.2859375 0.07421875 0.0171875 0.0203125
0 0.00625 0.12421875 0.0125 0.0203125
0 0.646875 0.403125 0.0296875 0.040625
0 0.9328125 0.353125 0.03125 0.028125
0 0.2828125 0.46796875 0.028125 0.0359375
0 0.54453125 0.421875 0.0296875 0.0453125
0 0.10078125 0.50234375 0.0296875 0.040625
0 0.396875 0.45234375 0.0265625 0.0265625
0 0.59140625 0.41796875 0.0234375 0.034375
0 0.703125 0.3984375 0.021875 0.0265625
0 0.68046875 0.4046875 0.0265625 0.0265625
0 0.0171875 0.521875 0.028125 0.0359375
0 0.0609375 0.11640625 0.0171875 0.025
0 0.16875 0.50234375 0.034375 0.0453125
0 0.6109375 0.42421875 0.034375 0.0453125
0 0.9625 0.3671875 0.028125 0.0359375
0 0.0859375 0.521875 0.034375 0.0453125
0 0.528125 0.44609375 0.0234375 0.034375
0 0.6375 0.4265625 0.0296875 0.0453125
0 0.73125 0.41015625 0.0296875 0.040625
0 0.3296875 0.48046875 0.0296875 0.040625
0 0.3640625 0.47734375 0.0234375 0.034375
0 0.5796875 0.44140625 0.025 0.04375
0 0.41484375 0.4703125 0.021875 0.0265625
0 0.79296875 0.40390625 0.034375 0.040625
0 0.9140625 0.3828125 0.0171875 0.025
0 0.38828125 0.4796875 0.0296875 0.040625
0 0.22890625 0.51015625 0.0359375 0.05
0 0.51015625 0.4609375 0.0296875 0.0453125
0 0.0328125 0.5453125 0.028125 0.0359375
0 0.4796875 0.46640625 0.0328125 0.0359375
0 0.090625 0.1109375 0.01875 0.0296875
0 0.4828125 0.0421875 0.0171875 0.0203125
0 0.03828125 0.1203125 0.0171875 0.025
0 0.44921875 0.4765625 0.034375 0.0453125
0 0.7109375 0.43046875 0.0296875 0.040625
0 0.671875 0.4375 0.034375 0.0453125
0 0.2140625 0.0921875 0.021875 0.021875
0 0.27890625 0.52265625 0.0296875 0.040625
0 0.85703125 0.4203125 0.028125 0.0359375
0 0.17578125 0.54296875 0.034375 0.0453125
0 0.96953125 0.403125 0.0390625 0.046875
0 0.63046875 0.46484375 0.0296875 0.040625
0 0.4875 0.4953125 0.0296875 0.040625
0 0.89140625 0.42421875 0.0421875 0.0375
0 0.54609375 0.484375 0.0234375 0.034375
0 0.34609375 0.52265625 0.0296875 0.0453125
0 0.58125 0.48125 0.0234375 0.03125
0 0.2078125 0.546875 0.0234375 0.034375
0 0.371875 0.06640625 0.015625 0.015625
0 0.43828125 0.5109375 0.034375 0.0453125
0 0.79140625 0.4484375 0.034375 0.0453125
0 0.06015625 0.5796875 0.034375 0.0453125
0 0.6828125 0.4703125 0.03125 0.05
0 0.73984375 0.4625 0.028125 0.03125
0 0.8515625 0.44296875 0.0234375 0.03125
0 0.3046875 0.54140625 0.0296875 0.0453125
0 0.95078125 0.4296875 0.0296875 0.0453125
0 0.09140625 0.58125 0.028125 0.0359375
0 0.3859375 0.534375 0.03125 0.0546875
0 0.934375 0.4421875 0.028125 0.0359375
0 0.1921875 0.0984375 0.0171875 0.0203125
0 0.6171875 0.50078125 0.0296875 0.0453125
0 0.884375 0.45390625 0.028125 0.0359375
0 0.14375 0.58671875 0.0234375 0.03125
0 0.57109375 0.51640625 0.034375 0.040625
0 0.23828125 0.575 0.0375 0.0421875
0 0.16953125 0.5890625 0.0234375 0.03125
0 0.3390625 0.5609375 0.034375 0.040625
0 0.6609375 0.50625 0.034375 0.0453125
0 0.50390625 0.534375 0.0296875 0.0453125
0 0.978125 0.453125 0.0296875 0.040625
0 0.85 0.47578125 0.0359375 0.05
0 0.12890625 0.1140625 0.0171875 0.025
0 0.33125 0.078125 0.0171875 0.0203125
0 0.81484375 0.48671875 0.040625 0.05625
0 0.2109375 0.59296875 0.034375 0.040625
0 0.765625 0.5 0.03125 0.0546875
0 0.09609375 0.62265625 0.0296875 0.040625
0 0.1375 0.615625 0.0359375 0.028125
0 0.09296875 0.07109375 0.015625 0.015625
0 0.1703125 0.0578125 0.015625 0.015625
0 0.11328125 0.0671875 0.015625 0.015625
0 0.20859375 0.05078125 0.015625 0.015625
0 0.54375 0.55078125 0.0296875 0.0453125
0 0.4765625 0.56484375 0.0296875 0.0453125
0 0.90078125 0.490625 0.0265625 0.0265625
0 0.1921875 0.6203125 0.0296875 0.040625
0 0.6109375 0.54609375 0.0359375 0.0546875
0 0.94453125 0.48984375 0.0296875 0.040625
0 0.25625 0.61328125 0.04375 0.046875
0 0.0671875 0.646875 0.0390625 0.046875
0 0.2328125 0.62265625 0.0265625 0.0265625
0 0.3453125 0.078125 0.0171875 0.0203125
0 0.0203125 0.1359375 0.0171875 0.0203125
0 0.17265625 0.6421875 0.034375 0.0453125
0 0.403125 0.60234375 0.034375 0.0453125
0 0.72890625 0.54453125 0.0390625 0.0515625
0 0.8453125 0.52421875 0.034375 0.0453125
0 0.14296875 0.65 0.0421875 0.0421875
0 0.98984375 0.5 0.0203125 0.053125
0 0.521875 0.5859375 0.034375 0.0453125
0 0.41875 0.06796875 0.0171875 0.0203125
0 0.9015625 0.5234375 0.0390625 0.046875
0 0.11328125 0.66640625 0.0390625 0.046875
0 0.809375 0.5484375 0.034375 0.0453125
0 0.23125 0.65546875 0.0390625 0.046875
0 0.5125 0.61015625 0.0359375 0.0546875
0 0.00625 0.140625 0.0125 0.015625
0 0.49921875 0.05546875 0.0171875 0.025
0 0.05703125 0.69296875 0.0390625 0.046875
0 0.94765625 0.5453125 0.034375 0.0453125
0 0.865625 0.5625 0.0359375 0.05
0 0.30390625 0.6640625 0.03125 0.05
0 0.06875 0.13203125 0.01875 0.0296875
0 0.60390625 0.0375 0.0234375 0.03125
0 0.76796875 0.009375 0.0171875 0.01875
0 0.21171875 0.6921875 0.034375 0.040625
0 0.74296875 0.5984375 0.0390625 0.046875
0 0.6453125 0.61796875 0.034375 0.0453125
0 0.51953125 0.0546875 0.0171875 0.025
0 0.45859375 0.66640625 0.0296875 0.0453125
0 0.27421875 0.7015625 0.0359375 0.05
0 0.375 0.68828125 0.0359375 0.0546875
0 0.36796875 0.08359375 0.0171875 0.0203125
0 0.559375 0.05 0.0171875 0.025
0 0.5734375 0.04765625 0.0171875 0.025
0 0.63984375 0.0359375 0.0234375 0.03125
0 0.728125 0.0203125 0.0171875 0.025
0 0.91953125 0.59765625 0.040625 0.0609375
0 0.496875 0.67890625 0.0296875 0.040625
0 0.2078125 0.7375 0.0390625 0.0515625
0 0.290625 0.1 0.0234375 0.03125
0 0.38671875 0.0828125 0.0234375 0.03125
0 0.44140625 0.703125 0.034375 0.0453125
0 0.54765625 0.6890625 0.034375 0.0453125
0 0.678125 0.66875 0.0453125 0.0609375
0 0.9828125 0.615625 0.034375 0.05625
0 0.3203125 0.09453125 0.0171875 0.0203125
0 0.46796875 0.06875 0.0171875 0.0203125
0 0.78515625 0.0125 0.0171875 0.025
0 0.625 0.6875 0.0390625 0.046875
0 0.84453125 0.653125 0.0359375 0.05
0 0.296875 0.75859375 0.0296875 0.0453125
0 0.1515625 0.1265625 0.0171875 0.025
0 0.234375 0.1125 0.015625 0.015625
0 0.36875 0.753125 0.040625 0.05625
0 0.25703125 0.775 0.040625 0.05625
0 0.16484375 0.7984375 0.034375 0.0453125
0 0.134375 0.0640625 0.015625 0.015625
0 0.28671875 0.0390625 0.0171875 0.0203125
0 0.3125 0.03515625 0.0171875 0.0203125
0 0.0265625 0.15078125 0.0171875 0.025
0 0.8734375 0.00703125 0.021875 0.0140625
0 0.18203125 0.1234375 0.015625 0.015625
0 0.2015625 0.80625 0.0359375 0.0546875
0 0.53203125 0.7484375 0.040625 0.05625
0 0.79765625 0.70625 0.046875 0.0703125
0 0.48359375 0.07265625 0.0171875 0.025
0 0.90859375 0.71015625 0.040625 0.05625
0 0.4015625 0.08984375 0.0171875 0.025
0 0.42890625 0.08515625 0.0171875 0.025
0 0.43515625 0.79765625 0.040625 0.0609375
0 0.16171875 0.86015625 0.034375 0.040625
0 0.2125 0.12578125 0.0171875 0.025
0 0.27265625 0.11484375 0.0203125 0.0171875
0 0.30625 0.10859375 0.0171875 0.025
0 0.415625 0.08984375 0.0109375 0.015625
0 0.0125 0.1609375 0.015625 0.015625
0 0.52890625 0.8 0.0328125 0.0359375
0 0.859375 0.01171875 0.021875 0.0234375
0 0.61953125 0.05625 0.021875 0.0265625
0 0.3796875 0.84296875 0.0359375 0.05
0 0.22421875 0.87109375 0.0390625 0.0515625
0 0.32578125 0.8578125 0.0359375 0.0546875
0 0.15703125 0.89921875 0.034375 0.040625
0 0.25078125 0.8984375 0.034375 0.0453125
0 0.521875 0.85078125 0.0359375 0.0546875
0 0.85 0.7953125 0.0453125 0.05625
0 0.528125 0.07421875 0.021875 0.0265625
0 0.1015625 0.15 0.021875 0.0265625
0 0.721875 0.040625 0.0140625 0.025
0 0.6859375 0.83359375 0.040625 0.05625
0 0.1125 0.94453125 0.0359375 0.05
0 0.78828125 0.03125 0.015625 0.015625
0 0.84765625 0.0203125 0.021875 0.021875
0 0.34140625 0.11015625 0.0234375 0.03125
0 0.665625 0.053125 0.0171875 0.0203125
0 0.17578125 0.14140625 0.0171875 0.025
0 0.371875 0.10703125 0.0171875 0.025
0 0.490625 0.0859375 0.0171875 0.025
0 0.828125 0.0265625 0.021875 0.0265625
0 0.596875 0.8875 0.04375 0.0515625
0 0.55546875 0.896875 0.040625 0.05625
0 0.740625 0.86484375 0.040625 0.0609375
0 0.34296875 0.93984375 0.0375 0.059375
0 0.196875 0.96640625 0.040625 0.05625
0 0.23984375 0.13046875 0.0171875 0.0203125
0 0.55 0.07578125 0.0171875 0.025
0 0.7640625 0.0375 0.0171875 0.025
0 0.8140625 0.02890625 0.0234375 0.034375
0 0.69140625 0.053125 0.0171875 0.025
0 0.91484375 0.0140625 0.0140625 0.028125
0 0.3109375 0.94921875 0.0359375 0.0546875
0 0.46875 0.92109375 0.0296875 0.0453125
0 0.23046875 0.04921875 0.021875 0.021875
0 0.37421875 0.02421875 0.0265625 0.021875
0 0.05 0.08125 0.0125 0.0203125
0 0.08203125 0.078125 0.021875 0.0265625
0 0.3375 0.0328125 0.021875 0.0265625
0 0.5421875 0.0046875 0.021875 0.009375
0 0.7140625 0.04921875 0.0171875 0.025
0 0.73671875 0.04453125 0.0171875 0.025
0 0.1046875 0.99375 0.040625 0.0125
0 0.7140625 0.91328125 0.0515625 0.0671875
0 0.24609375 0.98515625 0.0359375 0.0296875
0 0.49375 0.959375 0.040625 0.05625
0 0.596875 0.94140625 0.040625 0.05625
0 0.37578125 0.98125 0.0484375 0.0375
0 0.6265625 0.06875 0.0171875 0.025
0 0.28125 0.12890625 0.0171875 0.025
0 0.2734375 0.99375 0.05 0.0125
0 0.453125 0.09921875 0.021875 0.021875
0 0.54140625 0.984375 0.0328125 0.03125
0 0.4921875 0.98984375 0.03125 0.0203125
0 0.50859375 0.09375 0.0171875 0.0203125
0 0.76171875 0.04921875 0.015625 0.015625
0 0.23515625 0.14453125 0.0265625 0.0265625
0 0.5296875 0.0953125 0.021875 0.0265625
0 0.08359375 0.17578125 0.021875 0.0265625
0 0.13359375 0.1671875 0.021875 0.0265625
0 0.65078125 0.07578125 0.0234375 0.03125
0 0.190625 0.15703125 0.0171875 0.025
0 0.2703125 0.14296875 0.021875 0.0265625
0 0.8421875 0.0421875 0.021875 0.0265625
0 0.31171875 0.13828125 0.0234375 0.03125
0 0.025 0.1890625 0.021875 0.0265625
0 0.78984375 0.05390625 0.028125 0.03125
0 0.85625 0.0421875 0.0171875 0.025
0 0.12265625 0.171875 0.0203125 0.0171875
0 0.49140625 0.10625 0.021875 0.0265625
0 0.21796875 0.15703125 0.021875 0.0265625
0 0.46875 0.1125 0.0234375 0.03125
0 0.0640625 0.18671875 0.021875 0.0265625
0 0.159375 0.16953125 0.021875 0.0265625
0 0.715625 0.071875 0.0171875 0.025
0 0.178125 0.16640625 0.0203125 0.0171875
0 0.68671875 0.0765625 0.0171875 0.025
0 0.9125 0.0390625 0.021875 0.0265625
0 0.48671875 0.1171875 0.021875 0.0265625
0 0.55234375 0.10546875 0.021875 0.0265625
0 0.8078125 0.06015625 0.0265625 0.0265625
0 0.09609375 0.1859375 0.0171875 0.025
0 0.45 0.1234375 0.021875 0.0265625
0 0.28984375 0.1515625 0.021875 0.0265625
0 0.76484375 0.06796875 0.021875 0.0265625
0 0.2046875 0.17109375 0.0171875 0.0203125
0 0.528125 0.1140625 0.0234375 0.03125
0 0.84296875 0.0609375 0.015625 0.015625
0 0.23203125 0.16875 0.021875 0.021875
0 0.640625 0.096875 0.021875 0.0265625
0 0.23984375 0.05234375 0.021875 0.021875
0 0.26953125 0.046875 0.0171875 0.0203125
0 0.121875 0.1953125 0.0171875 0.0203125
0 0.39609375 0.146875 0.021875 0.0265625
0 0.0484375 0.20859375 0.0171875 0.0203125
0 0.18359375 0.18671875 0.028125 0.03125
0 0.25703125 0.17421875 0.0265625 0.0265625
0 0.7515625 0.08671875 0.015625 0.015625
0 0.08828125 0.20390625 0.0234375 0.03125
0 0.0359375 0.21328125 0.015625 0.015625
0 0.221875 0.18046875 0.021875 0.0265625
0 0.5125 0.12890625 0.01875 0.0296875
0 0.72421875 0.09140625 0.0171875 0.025
0 0.33984375 0.16171875 0.0171875 0.025
0 0.834375 0.07421875 0.021875 0.021875
0 0.8703125 0.06796875 0.0203125 0.0171875
0 0.428125 0.1484375 0.021875 0.021875
0 0.81640625 0.08046875 0.021875 0.0265625
0 0.45859375 0.14296875 0.021875 0.0265625
0 0.078125 0.2125 0.0171875 0.025
0 0.69609375 0.10390625 0.0171875 0.0203125
0 0.5890625 0.125 0.028125 0.0359375
0 0.91484375 0.0671875 0.021875 0.0265625
0 0.384375 0.02734375 0.0171875 0.0203125
0 0.18359375 0.06484375 0.0171875 0.025
0 0.60078125 0.125 0.0234375 0.03125
0 0.54609375 0.1375 0.0171875 0.0203125
0 0.796875 0.09296875 0.028125 0.03125
0 0.84921875 0.08359375 0.0234375 0.03125
0 0.90078125 0.07734375 0.0125 0.0203125
0 0.7171875 0.109375 0.0171875 0.025
0 0.02109375 0.234375 0.0171875 0.025
0 0.00625 0.2375 0.0125 0.025
0 0.64296875 0.125 0.0234375 0.03125
0 0.26953125 0.190625 0.021875 0.0265625
0 0.059375 0.228125 0.0171875 0.025
0 0.53359375 0.14609375 0.021875 0.0265625
0 0.29453125 0.18828125 0.0234375 0.03125
0 0.1921875 0.20859375 0.0234375 0.03125
0 0.76015625 0.10859375 0.021875 0.0265625
0 0.0375 0.2359375 0.0171875 0.025
0 0.23828125 0.20234375 0.028125 0.03125
0 0.6765625 0.128125 0.028125 0.03125
0 0.40078125 0.1765625 0.021875 0.021875
0 0.6578125 0.13125 0.021875 0.021875
0 0.12734375 0.225 0.0265625 0.0265625
0 0.4625 0.165625 0.0234375 0.03125
0 0.5078125 0.1578125 0.0171875 0.025
0 0.8296875 0.10078125 0.0171875 0.025
0 0.86796875 0.09375 0.01875 0.034375
0 0.15703125 0.221875 0.0265625 0.0265625
0 0.1265625 0.075 0.0171875 0.0203125
0 0.709375 0.1265625 0.0234375 0.03125
0 0.0078125 0.253125 0.015625 0.021875
0 0.88359375 0.10078125 0.0234375 0.034375
0 0.896875 0.0984375 0.021875 0.0265625
0 0.49296875 0.16953125 0.0234375 0.034375
0 0.821875 0.11171875 0.021875 0.021875
0 0.4328125 0.18515625 0.028125 0.03125
0 0.65703125 0.14765625 0.021875 0.0265625
0 0.77265625 0.12734375 0.01875 0.0296875
0 0.30078125 0.21328125 0.021875 0.0265625