0 0.29140625 0.4421875 0.0203125 0.025
0 0.4140625 0.43828125 0.0109375 0.0140625
0 0.60625 0.425 0.00625 0.0140625
0 0.5296875 0.43515625 0.0046875 0.0046875
0 0.35234375 0.44765625 0.0046875 0.009375
0 0.359375 0.446875 0.0046875 0.0046875
0 0.49765625 0.4375 0.0046875 0.0046875
0 0.55078125 0.43359375 0.0046875 0.0046875
0 0.59921875 0.43046875 0.009375 0.009375
0 0.6109375 0.4296875 0.0046875 0.0046875
0 0.3203125 0.45234375 0.0046875 0.0046875
0 0.51484375 0.4390625 0.0046875 0.0046875
0 0.52421875 0.43828125 0.0046875 0.0046875
0 0.44765625 0.44375 0.0046875 0.0046875
0 0.553125 0.4359375 0.0046875 0.0046875
0 0.5890625 0.43828125 0.0046875 0.009375
0 0.4546875 0.44765625 0.009375 0.0046875
0 0.25625 0.4640625 0.0046875 0.0046875
0 0.47265625 0.4484375 0.0046875 0.0046875
0 0.43828125 0.45078125 0.0046875 0.0046875
0 0.265625 0.46328125 0.0046875 0.009375
0 0.484375 0.44765625 0.0046875 0.0046875
0 0.33515625 0.45859375 0.0046875 0.009375
0 0.465625 0.44921875 0.0046875 0.009375
0 0.32109375 0.46171875 0.0046875 0.0046875
0 0.38828125 0.45703125 0.0046875 0.0046875
0 0.43203125 0.45390625 0.0046875 0.0046875
0 0.2234375 0.46875 0.0046875 0.0046875
0 0.48046875 0.45078125 0.0046875 0.0046875
0 0.5078125 0.4484375 0.0046875 0.0046875
0 0.5609375 0.44453125 0.0046875 0.0046875
0 0.23125 0.4703125 0.0046875 0.0046875
0 0.3140625 0.4640625 0.0046875 0.009375
0 0.5703125 0.446875 0.0046875 0.009375
0 0.434375 0.45625 0.0046875 0.0046875
0 0.4390625 0.45546875 0.0046875 0.0046875
0 0.4921875 0.45234375 0.0046875 0.0046875
0 0.51796875 0.45 0.0046875 0.0046875
0 0.4484375 0.4546875 0.0046875 0.0046875
0 0.24765625 0.47109375 0.009375 0.009375
0 0.3484375 0.4640625 0.015625 0.015625
0 0.55 0.45 0.0046875 0.009375
0 0.63046875 0.44453125 0.0046875 0.009375
0 0.27109375 0.46953125 0.0046875 0.009375
0 0.5453125 0.45078125 0.0046875 0.009375
0 0.559375 0.45 0.0046875 0.0046875
0 0.39765625 0.46328125 0.009375 0.009375
0 0.52890625 0.45390625 0.0046875 0.0046875
0 0.53359375 0.45390625 0.0046875 0.0046875
0 0.22421875 0.47578125 0.0046875 0.0046875
0 0.26171875 0.47265625 0.0046875 0.009375
0 0.56640625 0.4515625 0.0046875 0.0046875
0 0.62421875 0.44765625 0.0046875 0.009375
0 0.63828125 0.446875 0.0046875 0.0046875
0 0.18984375 0.478125 0.0046875 0.009375
0 0.2546875 0.4734375 0.0046875 0.0046875
0 0.47109375 0.4578125 0.009375 0.0046875
0 0.9078125 0.42734375 0.0046875 0.0046875
0 0.321875 0.46875 0.0046875 0.0046875
0 0.37421875 0.46484375 0.0046875 0.0046875
0 0.44609375 0.46015625 0.0046875 0.0046875
0 0.92421875 0.42890625 0.0046875 0.0046875
0 0.23125 0.47734375 0.0046875 0.009375
0 0.45546875 0.46171875 0.0046875 0.009375
0 0.93125 0.428125 0.0109375 0.0140625
0 0.3796875 0.4671875 0.0046875 0.0046875
0 0.6171875 0.45 0.009375 0.009375
0 0.9453125 0.42734375 0.0046875 0.009375
0 0.896875 0.4328125 0.0046875 0.0046875
0 0.23828125 0.47890625 0.0046875 0.009375
0 0.43515625 0.465625 0.0046875 0.0046875
0 0.1421875 0.4859375 0.015625 0.025
0 0.88984375 0.43359375 0.009375 0.009375
0 0.89921875 0.4328125 0.0046875 0.0046875
0 0.2015625 0.48203125 0.0046875 0.009375
0 0.128125 0.48671875 0.0109375 0.0140625
0 0.46328125 0.46328125 0.015625 0.015625
0 0.5 0.4609375 0.015625 0.0203125
0 0.515625 0.459375 0.0046875 0.009375
0 0.559375 0.45703125 0.009375 0.009375
0 0.59609375 0.45390625 0.0109375 0.0140625
0 0.25234375 0.48046875 0.0046875 0.009375
0 0.490625 0.4640625 0.00625 0.0140625
0 0.58984375 0.45703125 0.0109375 0.0140625
0 0.06796875 0.49375 0.015625 0.0203125
0 0.2203125 0.4828125 0.00625 0.0140625
0 0.51171875 0.4625 0.0046875 0.0046875
0 0.95234375 0.43125 0.009375 0.009375
0 0.91484375 0.434375 0.009375 0.009375
0 0.2140625 0.48359375 0.0109375 0.0140625
0 0.48359375 0.4640625 0.0109375 0.0140625
0 0.2484375 0.4828125 0.009375 0.009375
0 0.36796875 0.475 0.0046875 0.009375
0 0.28046875 0.48125 0.0109375 0.0140625
0 0.03984375 0.49765625 0.0203125 0.0203125
0 0.26953125 0.48203125 0.00625 0.0140625
0 0.571875 0.4625 0.009375 0.009375
0 0.61328125 0.46015625 0.0109375 0.0140625
0 0.534375 0.465625 0.015625 0.015625
0 0.56015625 0.4640625 0.009375 0.0046875
0 0.90390625 0.44140625 0.0046875 0.0046875
0 0.34140625 0.48046875 0.015625 0.015625
0 0.62265625 0.4609375 0.0046875 0.0046875
0 0.634375 0.46015625 0.009375 0.009375
0 0.171875 0.4921875 0.0109375 0.0140625
0 0.05 0.50078125 0.015625 0.0203125
0 0.5859375 0.46328125 0.015625 0.015625
0 0.52109375 0.4703125 0.009375 0.009375
0 0.2484375 0.4890625 0.009375 0.009375
0 0.025 0.50703125 0.015625 0.025
0 0.440625 0.478125 0.015625 0.0203125
0 0.0125 0.51328125 0.025 0.0421875
0 0.19375 0.5 0.015625 0.0203125
0 0.36015625 0.48828125 0.0109375 0.0140625
0 0.24453125 0.496875 0.00625 0.0140625
0 0.37421875 0.4875 0.0109375 0.0140625
0 0.11953125 0.50546875 0.0109375 0.01875
0 0.38046875 0.4875 0.0046875 0.009375
0 0.45234375 0.48203125 0.0109375 0.01875
0 0.42265625 0.48671875 0.0109375 0.0234375
0 0.5796875 0.47578125 0.015625 0.015625
0 0.0671875 0.51171875 0.0203125 0.025
0 0.18203125 0.503125 0.015625 0.0203125
0 0.23515625 0.50234375 0.015625 0.0203125
0 0.6140625 0.47578125 0.015625 0.0203125
0 0.15078125 0.5078125 0.015625 0.0203125
0 0.34375 0.49453125 0.015625 0.025
0 0.5609375 0.47890625 0.0203125 0.025
0 0.43203125 0.4953125 0.0203125 0.0328125
0 0.39296875 0.4984375 0.015625 0.0203125
0 0.29140625 0.51015625 0.0203125 0.025
0 0.0375 0.52734375 0.0203125 0.0296875
0 0.25078125 0.51484375 0.015625 0.0203125
0 0.26953125 0.5140625 0.015625 0.025
0 0.57890625 0.49453125 0.0203125 0.0296875
0 0.18125 0.52265625 0.0203125 0.025
0 0.6890625 0.48671875 0.0203125 0.0203125
0 0.19765625 0.5234375 0.0203125 0.025
0 0.0890625 0.53125 0.0203125 0.025
0 0.1234375 0.52890625 0.015625 0.0296875
0 0.44765625 0.5109375 0.015625 0.0203125
0 0.00859375 0.54140625 0.015625 0.025
0 0.54453125 0.50859375 0.03125 0.0390625
0 0.521875 0.51484375 0.0203125 0.0328125
0 0.50546875 0.51640625 0.0203125 0.0296875
0 0.3859375 0.52421875 0.0203125 0.025
0 0.67421875 0.50625 0.0203125 0.0296875
0 0.24765625 0.5390625 0.025 0.0203125
0 0.23125 0.53984375 0.015625 0.0203125
0 0.48515625 0.52421875 0.0265625 0.0375
0 0.21328125 0.5484375 0.025 0.0328125
0 0.746875 0.5171875 0.03125 0.0390625
0 0.11640625 0.56328125 0.034375 0.034375
0 0.09453125 0.5671875 0.0203125 0.0328125
0 0.015625 0.57265625 0.0265625 0.0421875
0 0.36875 0.55078125 0.034375 0.0390625
0 0.16328125 0.56953125 0.025 0.0328125
0 0.60546875 0.55078125 0.0296875 0.034375
0 0.28046875 0.58046875 0.025 0.0328125
0 0.5484375 0.56640625 0.03125 0.04375
0 0.03046875 0.61171875 0.05 0.0625
0 0.8125 0.559375 0.040625 0.0625
0 0.225 0.6078125 0.025 0.0328125
0 0.190625 0.628125 0.0359375 0.053125
0 0.121875 0.63984375 0.0359375 0.0625
0 0.6375 0.6109375 0.0453125 0.0625
0 0.934375 0.60703125 0.0609375 0.0828125
0 0.79140625 0.6234375 0.05625 0.078125
0 0.75703125 0.63046875 0.05625 0.078125
0 0.559375 0.6515625 0.05625 0.0875
0 0.4265625 0.75078125 0.0625 0.096875
0 0.284375 0.80234375 0.05625 0.078125
0 0.1421875 0.82890625 0.0890625 0.14375