0 0.9234375 0.0765625 0.04375 0.071875
0 0.803125 0.36015625 0.0734375 0.13125
0 0.64375 0.35234375 0.0578125 0.125
0 0.1296875 0.2984375 0.06875 0.1296875
0 0.33515625 0.34296875 0.0546875 0.128125
0 0.9171875 0.4109375 0.065625 0.153125
0 0.1671875 0.0203125 0.04375 0.040625
0 0.2890625 0.0296875 0.05 0.059375
0 0.74140625 0.0640625 0.0390625 0.071875
0 0.69453125 0.42265625 0.0734375 0.140625
0 0.49296875 0.4078125 0.0703125 0.1484375
0 0.59453125 0.4234375 0.08125 0.1625
0 0.84453125 0.459375 0.0765625 0.1625
0 0.2109375 0.39765625 0.0640625 0.1390625
0 0.06171875 0.39140625 0.0890625 0.15
0 0.32578125 0.0359375 0.0421875 0.071875
0 0.76171875 0.515625 0.0703125 0.1484375
0 0.36015625 0.04296875 0.0515625 0.0859375
0 0.51640625 0.05078125 0.0515625 0.1015625
0 0.12578125 0.03046875 0.0515625 0.0609375
0 0.1734375 0.46328125 0.078125 0.1859375
0 0.440625 0.5125 0.0640625 0.134375
0 0.546875 0.05546875 0.040625 0.0859375
0 0.06796875 0.0296875 0.0421875 0.059375
0 0.3109375 0.54765625 0.071875 0.171875
0 0.02890625 0.5484375 0.0578125 0.190625
0 0.5703125 0.0765625 0.0453125 0.0875
0 0.41484375 0.0703125 0.0421875 0.0953125
0 0.48359375 0.084375 0.059375 0.1390625
0 0.97734375 0.1390625 0.0453125 0.10625
0 0.33984375 0.0921875 0.053125 0.1140625
0 0.7703125 0.1421875 0.0578125 0.1203125
0 0.09296875 0.0734375 0.05625 0.1109375
0 0.73046875 0.146875 0.046875 0.1046875
0 0.225 0.10078125 0.0578125 0.115625
0 0.26953125 0.1203125 0.04375 0.0734375
0 0.55546875 0.15234375 0.0625 0.125
0 0.90703125 0.1890625 0.0546875 0.1328125
0 0.6265625 0.1625 0.059375 0.1390625
0 0.6921875 0.175 0.0484375 0.1140625
0 0.82890625 0.22265625 0.071875 0.1625
0 0.42578125 0.1875 0.0484375 0.1140625
0 0.56171875 0.025 0.040625 0.040625
0 0.11640625 0.16640625 0.046875 0.096875
0 0.59375 0.2265625 0.0578125 0.1203125
0 0.9234375 0.2609375 0.059375 0.134375
0 0.290625 0.21484375 0.078125 0.18125
0 0.36640625 0.22265625 0.046875 0.1
0 0.49296875 0.2359375 0.059375 0.134375
0 0.96875 0.29375 0.0625 0.153125
0 0.3375 0.22890625 0.053125 0.1140625
0 0.6125 0.29765625 0.05 0.0875
0 0.96953125 0.07890625 0.0421875 0.0671875
0 0.696875 0.32734375 0.040625 0.040625
0 0.41640625 0.30234375 0.05625 0.10625
0 0.55078125 0.3265625 0.053125 0.1140625