0 0.7140625 0.14140625 0.05 0.0828125
0 0.68203125 0.1421875 0.05 0.078125
0 0.16484375 0.07890625 0.05 0.0734375
0 0.5046875 0.125 0.059375 0.075
0 0.5828125 0.146875 0.059375 0.075
0 0.78203125 0.178125 0.04375 0.0640625
0 0.09140625 0.10078125 0.059375 0.0796875
0 0.84453125 0.2015625 0.0546875 0.084375
0 0.50859375 0.16484375 0.0703125 0.090625
0 0.80234375 0.203125 0.040625 0.0734375
0 0.31484375 0.1484375 0.0609375 0.09375
0 0.58984375 0.184375 0.0453125 0.0734375
0 0.19140625 0.14921875 0.059375 0.084375
0 0.0546875 0.13984375 0.0375 0.08125
0 0.46953125 0.1953125 0.0640625 0.0796875
0 0.61875 0.21875 0.04375 0.0640625
0 0.1171875 0.16171875 0.065625 0.09375
0 0.98671875 0.2859375 0.0265625 0.059375
0 0.446875 0.02109375 0.046875 0.0421875
0 0.7828125 0.2875 0.0546875 0.075
0 0.95234375 0.3109375 0.059375 0.0796875
0 0.54765625 0.26328125 0.059375 0.075
0 0.74609375 0.296875 0.046875 0.0515625
0 0.18046875 0.23515625 0.059375 0.084375
0 0.05 0.234375 0.0515625 0.0875
0 0.50234375 0.28984375 0.0609375 0.0890625
0 0.35234375 0.27890625 0.075 0.1
0 0.1109375 0.2515625 0.06875 0.0859375
0 0.2390625 0.26953125 0.090625 0.1109375
0 0.75078125 0.35625 0.0671875 0.071875
0 0.85859375 0.371875 0.075 0.0953125
0 0.4375 0.32265625 0.0765625 0.109375
0 0.9765625 0.3921875 0.046875 0.10625
0 0.54765625 0.3453125 0.0796875 0.1
0 0.67265625 0.3671875 0.0671875 0.071875
0 0.29140625 0.32265625 0.059375 0.084375
0 0.3796875 0.3359375 0.0453125 0.078125
0 0.32578125 0.02421875 0.0546875 0.0484375
0 0.03828125 0.3125 0.04375 0.06875
0 0.5984375 0.4 0.0734375 0.08125
0 0.9328125 0.45078125 0.05 0.078125
0 0.4984375 0.434375 0.08125 0.1140625
0 0.10546875 0.40546875 0.0765625 0.109375
0 0.61328125 0.46953125 0.0578125 0.065625
0 0.45 0.45234375 0.0640625 0.0796875
0 0.29140625 0.45078125 0.0671875 0.071875
0 0.81484375 0.51953125 0.059375 0.084375
0 0.56328125 0.4984375 0.0828125 0.0875
0 0.97265625 0.5578125 0.0484375 0.1046875
0 0.1796875 0.46796875 0.08125 0.1046875
0 0.2359375 0.48671875 0.0703125 0.090625
0 0.8625 0.565625 0.0625 0.071875
0 0.4359375 0.5265625 0.0640625 0.084375
0 0.315625 0.51875 0.0734375 0.1125
0 0.73046875 0.0828125 0.06875 0.0859375
0 0.0296875 0.5203125 0.059375 0.1125
0 0.74296875 0.6140625 0.05625 0.0890625
0 0.21484375 0.03125 0.0453125 0.0625
0 0.81015625 0.63359375 0.059375 0.0796875
0 0.4203125 0.61875 0.1015625 0.1203125
0 0.97265625 0.1203125 0.0546875 0.084375
0 0.64921875 0.6859375 0.0765625 0.1140625
0 0.83359375 0.72265625 0.084375 0.096875
0 0.27265625 0.0421875 0.0609375 0.084375
0 0.4484375 0.7109375 0.0734375 0.1125
0 0.52421875 0.071875 0.04375 0.06875
0 0.0453125 0.671875 0.090625 0.125
0 0.81328125 0.77421875 0.06875 0.1125
0 0.2640625 0.7109375 0.0828125 0.11875
0 0.71875 0.78828125 0.0890625 0.128125
0 0.40703125 0.784375 0.075 0.0953125
0 0.13984375 0.75625 0.1078125 0.1078125
0 0.60859375 0.81640625 0.0875 0.1234375
0 0.85703125 0.85859375 0.090625 0.1421875
0 0.41953125 0.0703125 0.065625 0.09375
0 0.37890625 0.83671875 0.10625 0.13125
0 0.91796875 0.13671875 0.053125 0.0703125
0 0.07421875 0.03515625 0.0421875 0.0453125
0 0.471875 0.084375 0.053125 0.0703125
0 0.85 0.134375 0.053125 0.065625
0 0.62265625 0.1109375 0.0484375 0.06875