0 0.909375 0.890625 0.115625 0.21875
0 0.33515625 0.3890625 0.0046875 0.0046875
0 0.3421875 0.38984375 0.0046875 0.0046875
0 0.34921875 0.390625 0.0046875 0.0046875
0 0.3234375 0.38828125 0.0046875 0.0046875
0 0.29140625 0.384375 0.00625 0.009375
0 0.346875 0.390625 0.0046875 0.0046875
0 0.3828125 0.396875 0.00625 0.009375
0 0.296875 0.38984375 0.0046875 0.0046875
0 0.4328125 0.40625 0.0046875 0.0046875
0 0.315625 0.39453125 0.00625 0.009375
0 0.4375 0.40703125 0.00625 0.009375
0 0.3390625 0.396875 0.0109375 0.0109375
0 0.3453125 0.4 0.00625 0.009375
0 0.42109375 0.4078125 0.00625 0.009375
0 0.38203125 0.40625 0.0046875 0.0046875
0 0.35859375 0.403125 0.00625 0.009375
0 0.44375 0.4125 0.0046875 0.0046875
0 0.37265625 0.4046875 0.00625 0.009375
0 0.36796875 0.4046875 0.009375 0.00625
0 0.39375 0.40703125 0.00625 0.009375
0 0.28046875 0.3953125 0.0109375 0.015625
0 0.54921875 0.42578125 0.00625 0.009375
0 0.56796875 0.428125 0.00625 0.009375
0 0.55859375 0.4265625 0.0109375 0.0109375
0 0.53984375 0.425 0.00625 0.0140625
0 0.3078125 0.40078125 0.0109375 0.0109375
0 0.50390625 0.42109375 0.00625 0.009375
0 0.259375 0.3953125 0.0109375 0.0109375
0 0.340625 0.40390625 0.00625 0.009375
0 0.240625 0.39609375 0.015625 0.015625
0 0.26875 0.3984375 0.0109375 0.015625
0 0.5265625 0.42578125 0.00625 0.009375
0 0.321875 0.40390625 0.0109375 0.0109375
0 0.47578125 0.4203125 0.00625 0.009375
0 0.51484375 0.4265625 0.00625 0.009375
0 0.2109375 0.3953125 0.015625 0.015625
0 0.43125 0.41796875 0.00625 0.009375
0 0.33046875 0.4078125 0.0109375 0.015625
0 0.38125 0.4125 0.00625 0.009375
0 0.390625 0.4140625 0.00625 0.009375
0 0.62265625 0.43828125 0.00625 0.009375
0 0.37421875 0.4125 0.00625 0.009375
0 0.39765625 0.41484375 0.0109375 0.015625
0 0.51953125 0.42734375 0.00625 0.009375
0 0.440625 0.41953125 0.00625 0.009375
0 0.3625 0.41328125 0.0109375 0.015625
0 0.58828125 0.43671875 0.00625 0.009375
0 0.3 0.40703125 0.0109375 0.015625
0 0.3515625 0.41171875 0.00625 0.009375
0 0.36953125 0.4140625 0.00625 0.009375
0 0.41484375 0.41875 0.00625 0.0140625
0 0.56953125 0.43515625 0.0109375 0.015625
0 0.34140625 0.41328125 0.0109375 0.015625
0 0.46875 0.4265625 0.009375 0.00625
0 0.3140625 0.41015625 0.0046875 0.0046875
0 0.45703125 0.42578125 0.0109375 0.015625
0 0.40625 0.4203125 0.0109375 0.015625
0 0.2265625 0.4015625 0.015625 0.015625
0 0.184375 0.39921875 0.0265625 0.034375
0 0.6125 0.446875 0.0109375 0.015625
0 0.271875 0.4109375 0.0109375 0.015625
0 0.59453125 0.44453125 0.00625 0.009375
0 0.70703125 0.45625 0.0109375 0.015625
0 0.66328125 0.4515625 0.0109375 0.015625
0 0.54296875 0.4390625 0.0109375 0.0109375
0 0.26015625 0.409375 0.015625 0.0203125
0 0.3703125 0.4234375 0.0109375 0.015625
0 0.69765625 0.4578125 0.0109375 0.015625
0 0.384375 0.425 0.0109375 0.015625
0 0.42109375 0.42890625 0.015625 0.015625
0 0.48984375 0.4359375 0.015625 0.015625
0 0.51796875 0.4390625 0.0109375 0.015625
0 0.47890625 0.43515625 0.0109375 0.0109375
0 0.35625 0.421875 0.0109375 0.015625
0 0.65625 0.45625 0.00625 0.009375
0 0.671875 0.4578125 0.0109375 0.0109375
0 0.7140625 0.46171875 0.0109375 0.015625
0 0.72421875 0.465625 0.0109375 0.0109375
0 0.2 0.41015625 0.0171875 0.025
0 0.39375 0.43046875 0.015625 0.0203125
0 0.25546875 0.41640625 0.015625 0.0203125
0 0.7015625 0.46328125 0.0109375 0.0109375
0 0.52890625 0.44765625 0.00625 0.0140625
0 0.0890625 0.40078125 0.015625 0.0203125
0 0.31953125 0.425 0.015625 0.0203125
0 0.6234375 0.45703125 0.0109375 0.0109375
0 0.7953125 0.475 0.015625 0.015625
0 0.29375 0.42265625 0.0171875 0.025
0 0.46953125 0.440625 0.0109375 0.0109375
0 0.5953125 0.45625 0.0109375 0.0109375
0 0.28046875 0.4234375 0.015625 0.0203125
0 0.33046875 0.42890625 0.0125 0.025
0 0.68515625 0.46640625 0.0109375 0.015625
0 0.225 0.41796875 0.021875 0.025
0 0.56328125 0.453125 0.015625 0.0203125
0 0.13203125 0.41015625 0.0203125 0.0203125
0 0.47734375 0.446875 0.0109375 0.015625
0 0.36015625 0.434375 0.0109375 0.015625
0 0.57890625 0.45703125 0.0171875 0.0296875
0 0.75390625 0.47578125 0.0109375 0.015625
0 0.48671875 0.44765625 0.015625 0.015625
0 0.49609375 0.4484375 0.0109375 0.015625
0 0.34453125 0.4328125 0.015625 0.0203125
0 0.4453125 0.44296875 0.0171875 0.025
0 0.4640625 0.44765625 0.0109375 0.015625
0 0.765625 0.47890625 0.0109375 0.015625
0 0.41484375 0.4421875 0.0109375 0.015625
0 0.59921875 0.4640625 0.00625 0.0140625
0 0.7171875 0.4765625 0.0109375 0.0109375
0 0.84375 0.48984375 0.015625 0.015625
0 0.82265625 0.4875 0.015625 0.0203125
0 0.0265625 0.40390625 0.0296875 0.0265625
0 0.5484375 0.45859375 0.021875 0.025
0 0.70234375 0.47734375 0.015625 0.0203125
0 0.725 0.4796875 0.0109375 0.015625
0 0.30625 0.4359375 0.0171875 0.025
0 0.21484375 0.42578125 0.021875 0.0296875
0 0.43046875 0.4484375 0.015625 0.0203125
0 0.6125 0.46796875 0.0109375 0.015625
0 0.01171875 0.4046875 0.0125 0.025
0 0.66484375 0.47578125 0.0109375 0.0109375
0 0.709375 0.48046875 0.0109375 0.015625
0 0.73203125 0.4828125 0.0109375 0.0203125
0 0.509375 0.459375 0.0171875 0.0296875
0 0.78515625 0.48828125 0.0109375 0.015625
0 0.68828125 0.478125 0.0109375 0.015625
0 0.38671875 0.4484375 0.0171875 0.025
0 0.53203125 0.4640625 0.0109375 0.015625
0 0.85625 0.4984375 0.015625 0.0203125
0 0.75 0.48671875 0.0109375 0.0109375
0 0.2390625 0.43359375 0.021875 0.025
0 0.60078125 0.47109375 0.0109375 0.0109375
0 0.64453125 0.478125 0.0171875 0.0296875
0 0.97578125 0.51328125 0.0203125 0.015625
0 0.93203125 0.50859375 0.0171875 0.025
0 0.0640625 0.4171875 0.0328125 0.0484375
0 0.04296875 0.41484375 0.021875 0.0390625
0 0.171875 0.42890625 0.03125 0.034375
0 0.7984375 0.496875 0.0109375 0.015625
0 0.46484375 0.46171875 0.0203125 0.0203125
0 0.83046875 0.5 0.0171875 0.025
0 0.09140625 0.425 0.0390625 0.0265625
0 0.4796875 0.465625 0.015625 0.0203125
0 0.6640625 0.48515625 0.015625 0.015625
0 0.49140625 0.4671875 0.015625 0.0203125
0 0.9078125 0.5125 0.0171875 0.025
0 0.565625 0.4765625 0.015625 0.015625
0 0.8484375 0.50625 0.0171875 0.025
0 0.7796875 0.50078125 0.0109375 0.015625
0 0.32109375 0.453125 0.025 0.025
0 0.37578125 0.4609375 0.028125 0.0484375
0 0.9921875 0.52578125 0.015625 0.0296875
0 0.73515625 0.4984375 0.015625 0.0203125
0 0.15546875 0.43984375 0.021875 0.025
0 0.4265625 0.46875 0.0171875 0.025
0 0.7234375 0.5 0.015625 0.015625
0 0.69765625 0.49921875 0.021875 0.025
0 0.221875 0.44921875 0.0171875 0.0296875
0 0.52109375 0.48125 0.0265625 0.034375
0 0.6265625 0.49453125 0.0265625 0.0390625
0 0.28515625 0.45859375 0.028125 0.04375
0 0.6625 0.4984375 0.015625 0.0203125
0 0.55 0.48671875 0.021875 0.025
0 0.95546875 0.52890625 0.0109375 0.015625
0 0.01875 0.4328125 0.03125 0.03125
0 0.77109375 0.51171875 0.021875 0.025
0 0.709375 0.50546875 0.015625 0.015625
0 0.8125 0.51640625 0.021875 0.034375
0 0.4078125 0.4734375 0.021875 0.034375
0 0.64453125 0.4984375 0.015625 0.0203125
0 0.871875 0.525 0.0328125 0.0484375
0 0.8953125 0.52734375 0.021875 0.025
0 0.73828125 0.5109375 0.0203125 0.015625
0 0.78203125 0.515625 0.021875 0.0296875
0 0.11953125 0.44609375 0.040625 0.040625
0 0.6734375 0.50625 0.0109375 0.0203125
0 0.584375 0.496875 0.021875 0.0296875
0 0.4484375 0.4828125 0.0265625 0.034375
0 0.97265625 0.5421875 0.03125 0.034375
0 0.34609375 0.4765625 0.028125 0.053125
0 0.47265625 0.48984375 0.0265625 0.0390625
0 0.72109375 0.51875 0.025 0.021875
0 0.84296875 0.53125 0.021875 0.0296875
0 0.9078125 0.53828125 0.0203125 0.0203125
0 0.67890625 0.5234375 0.021875 0.0390625
0 0.74296875 0.5328125 0.03125 0.034375
0 0.03203125 0.4578125 0.0390625 0.03125
0 0.93671875 0.55546875 0.0359375 0.04375
0 0.6515625 0.525 0.0265625 0.0390625
0 0.778125 0.53828125 0.0265625 0.0296875
0 0.00625 0.45703125 0.0125 0.0421875
0 0.546875 0.51640625 0.021875 0.0390625
0 0.96171875 0.5625 0.021875 0.0296875
0 0.86015625 0.55234375 0.0265625 0.0296875
0 0.08671875 0.47109375 0.046875 0.0546875
0 0.3140625 0.496875 0.028125 0.053125
0 0.9015625 0.55859375 0.0359375 0.04375
0 0.51171875 0.5203125 0.0265625 0.0390625
0 0.23984375 0.49140625 0.0421875 0.0640625
0 0.69140625 0.54140625 0.0265625 0.0390625
0 0.71171875 0.5484375 0.0328125 0.04375
0 0.98203125 0.5828125 0.028125 0.04375
0 0.571875 0.546875 0.021875 0.0390625
0 0.596875 0.54921875 0.0375 0.0625
0 0.80625 0.5765625 0.0359375 0.04375
0 0.73203125 0.56875 0.0328125 0.04375
0 0.0390625 0.49765625 0.0640625 0.084375
0 0.365625 0.5390625 0.0359375 0.04375
0 0.53046875 0.559375 0.0421875 0.0640625
0 0.9203125 0.61875 0.0484375 0.06875
0 0.84921875 0.6109375 0.0578125 0.0703125
0 0.7609375 0.6296875 0.0375 0.0578125
0 0.659375 0.62109375 0.0421875 0.0546875
0 0.8984375 0.64609375 0.04375 0.06875
0 0.68046875 0.690625 0.0453125 0.0828125
0 0.70390625 0.72890625 0.059375 0.09375
0 0.821875 0.753125 0.1125 0.1703125