0 0.02890625 0.43125 0.0578125 0.0625
0 0.1796875 0.440625 0.03125 0.0234375
0 0.296875 0.425 0.0578125 0.0515625
0 0.1953125 0.446875 0.0328125 0.028125
0 0.4109375 0.403125 0.0515625 0.040625
0 0.59296875 0.36953125 0.0296875 0.0203125
0 0.27578125 0.43671875 0.0265625 0.0234375
0 0.14921875 0.465625 0.0328125 0.028125
0 0.1140625 0.47578125 0.03125 0.0234375
0 0.553125 0.3828125 0.021875 0.0171875
0 0.2390625 0.45390625 0.028125 0.028125
0 0.37578125 0.42734375 0.0265625 0.0234375
0 0.11015625 0.49296875 0.0265625 0.0234375
0 0.12734375 0.50546875 0.0375 0.034375
0 0.65 0.40625 0.0203125 0.0125
0 0.80546875 0.37578125 0.0265625 0.0234375
0 0.82109375 0.37265625 0.03125 0.0234375
0 0.6734375 0.40390625 0.0234375 0.0265625
0 0.509375 0.44140625 0.021875 0.0171875
0 0.46328125 0.45078125 0.0359375 0.025
0 0.575 0.42734375 0.0203125 0.0125
0 0.72421875 0.39765625 0.021875 0.0171875
0 0.69296875 0.4046875 0.0265625 0.0234375
0 0.70390625 0.4046875 0.0265625 0.0234375
0 0.759375 0.39296875 0.03125 0.0234375
0 0.63515625 0.421875 0.0328125 0.028125
0 0.9203125 0.3609375 0.0359375 0.0296875
0 0.39765625 0.47265625 0.0265625 0.01875
0 0.89296875 0.3671875 0.0421875 0.034375
0 0.59453125 0.43515625 0.0265625 0.0234375
0 0.3765625 0.4859375 0.040625 0.03125
0 0.55546875 0.4484375 0.021875 0.0171875
0 0.1984375 0.52890625 0.0359375 0.025
0 0.48359375 0.46796875 0.05 0.0328125
0 0.86875 0.38671875 0.040625 0.03125
0 0.615625 0.44296875 0.03125 0.0234375
0 0.58828125 0.45 0.0359375 0.025
0 0.77265625 0.41328125 0.040625 0.03125
0 0.225 0.53203125 0.040625 0.03125
0 0.54453125 0.46640625 0.040625 0.03125
0 0.82421875 0.409375 0.0515625 0.0375
0 0.74140625 0.43203125 0.0421875 0.034375
0 0.44453125 0.4953125 0.0515625 0.0375
0 0.9109375 0.3984375 0.0453125 0.03125
0 0.184375 0.5625 0.046875 0.0359375
0 0.7125 0.45234375 0.0578125 0.046875
0 0.625 0.47578125 0.0515625 0.0375
0 0.56015625 0.4921875 0.05625 0.0421875
0 0.68828125 0.47421875 0.0625 0.0515625
0 0.9234375 0.43125 0.0734375 0.0625
0 0.2546875 0.58359375 0.059375 0.0390625
0 0.271875 0.6078125 0.0515625 0.0375
0 0.5890625 0.55 0.084375 0.075
0 0.21328125 0.64375 0.078125 0.0640625
0 0.80390625 0.528125 0.115625 0.0984375
0 0.70546875 0.5765625 0.1109375 0.0921875
0 0.95234375 0.528125 0.0953125 0.090625
0 0.41328125 0.64609375 0.0796875 0.06875