0 0.35625 0.41328125 0.0515625 0.06875
0 0.12734375 0.4046875 0.0625 0.0828125
0 0.85234375 0.475 0.0484375 0.078125
0 0.784375 0.471875 0.0484375 0.0828125
0 0.25546875 0.42734375 0.053125 0.078125
0 0.4140625 0.44140625 0.0453125 0.0546875
0 0.55 0.45546875 0.0375 0.0625
0 0.709375 0.4765625 0.0421875 0.0578125
0 0.1921875 0.43125 0.0515625 0.0734375
0 0.634375 0.475 0.0515625 0.06875
0 0.47734375 0.4671875 0.0515625 0.0734375
0 0.096875 0.43671875 0.0515625 0.0734375
0 0.9078125 0.51015625 0.0484375 0.078125
0 0.68125 0.58359375 0.04375 0.090625
0 0.38359375 0.559375 0.0515625 0.06875
0 0.77890625 0.59921875 0.05625 0.06875
0 0.29921875 0.5640625 0.0625 0.0828125
0 0.478125 0.58671875 0.0515625 0.06875
0 0.56796875 0.60078125 0.0375 0.0671875
0 0.18984375 0.59140625 0.053125 0.0828125