0 0.809375 0.20546875 0.0484375 0.0640625
0 0.39140625 0.26640625 0.0375 0.0546875
0 0.48671875 0.259375 0.05 0.0734375
0 0.45703125 0.2671875 0.0328125 0.0484375
0 0.5796875 0.25703125 0.0421875 0.05
0 0.2265625 0.303125 0.0421875 0.05
0 0.52734375 0.26640625 0.028125 0.0484375
0 0.06796875 0.32265625 0.046875 0.046875
0 0.18984375 0.31015625 0.0484375 0.0640625
0 0.665625 0.2515625 0.046875 0.0515625
0 0.134375 0.31875 0.0375 0.05
0 0.82890625 0.2359375 0.034375 0.053125
0 0.2609375 0.30546875 0.0375 0.0546875
0 0.01640625 0.34140625 0.0328125 0.0546875
0 0.78125 0.2484375 0.04375 0.06875
0 0.7125 0.25703125 0.0359375 0.0359375
0 0.55703125 0.28046875 0.046875 0.0515625
0 0.95234375 0.234375 0.04375 0.06875
0 0.38046875 0.3046875 0.04375 0.0640625
0 0.153125 0.3375 0.0375 0.0453125
0 0.76640625 0.26171875 0.0328125 0.0484375
0 0.31484375 0.31953125 0.046875 0.0546875
0 0.6140625 0.28984375 0.0328125 0.04375
0 0.12265625 0.35 0.034375 0.053125
0 0.90859375 0.25625 0.0484375 0.059375
0 0.93203125 0.25546875 0.0328125 0.04375
0 0.01328125 0.3703125 0.0265625 0.078125
0 0.23203125 0.35078125 0.0421875 0.05
0 0.0921875 0.3703125 0.0375 0.05
0 0.7125 0.296875 0.0328125 0.0484375
0 0.49140625 0.33125 0.0390625 0.059375
0 0.68046875 0.31484375 0.04375 0.0640625