0 0.453125 0.61796875 0.00625 0.009375
0 0.378125 0.60625 0.0109375 0.0109375
0 0.43984375 0.61796875 0.00625 0.009375
0 0.44609375 0.61953125 0.00625 0.009375
0 0.42109375 0.61640625 0.00625 0.009375
0 0.4296875 0.61875 0.00625 0.009375
0 0.20546875 0.58203125 0.0125 0.015625
0 0.3625 0.61484375 0.00625 0.009375
0 0.50078125 0.6421875 0.0125 0.015625
0 0.734375 0.68984375 0.0171875 0.0171875
0 0.35234375 0.615625 0.00625 0.009375
0 0.309375 0.609375 0.0125 0.015625
0 0.15859375 0.58046875 0.0125 0.015625
0 0.23671875 0.5953125 0.00625 0.009375
0 0.321875 0.61171875 0.00625 0.00625
0 0.21328125 0.59296875 0.00625 0.009375
0 0.2546875 0.60078125 0.0078125 0.0140625
0 0.29765625 0.609375 0.00625 0.009375
0 0.00859375 0.553125 0.0125 0.015625
0 0.34453125 0.61875 0.00625 0.009375
0 0.4765625 0.646875 0.0125 0.015625
0 0.51015625 0.653125 0.0125 0.015625
0 0.28046875 0.60859375 0.00625 0.009375
0 0.59375 0.671875 0.0109375 0.0109375
0 0.128125 0.58125 0.0078125 0.0140625
0 0.228125 0.60078125 0.00625 0.009375
0 0.1328125 0.584375 0.00625 0.00625
0 0.61171875 0.678125 0.0125 0.015625
0 0.33671875 0.62421875 0.0109375 0.0109375
0 0.52265625 0.66015625 0.0125 0.015625
0 0.6 0.67578125 0.0109375 0.0109375
0 0.534375 0.66484375 0.0078125 0.0140625
0 0.50859375 0.66171875 0.0125 0.015625
0 0.63359375 0.6859375 0.00625 0.009375
0 0.4859375 0.65703125 0.0125 0.0203125
0 0.62890625 0.68515625 0.00625 0.009375
0 0.30234375 0.621875 0.00625 0.00625
0 0.2875 0.62109375 0.0171875 0.0203125
0 0.4015625 0.64296875 0.0078125 0.0140625
0 0.4171875 0.64609375 0.0125 0.015625
0 0.796875 0.7203125 0.0125 0.015625
0 0.07578125 0.58203125 0.00625 0.00625
0 0.06953125 0.58125 0.0125 0.015625
0 0.23984375 0.6140625 0.0078125 0.0140625
0 0.47578125 0.66015625 0.0078125 0.0140625
0 0.159375 0.60078125 0.00625 0.009375
0 0.0484375 0.5796875 0.0171875 0.0171875
0 0.76171875 0.71796875 0.0171875 0.0203125
0 0.46328125 0.6625 0.0109375 0.0109375
0 0.81796875 0.73125 0.0171875 0.0203125
0 0.38828125 0.64765625 0.00625 0.009375
0 0.08359375 0.590625 0.01875 0.025
0 0.375 0.64765625 0.0125 0.015625
0 0.78828125 0.728125 0.0171875 0.0203125
0 0.19453125 0.6125 0.0125 0.015625
0 0.20546875 0.6171875 0.0078125 0.01875
0 0.66484375 0.70625 0.0125 0.015625
0 0.346875 0.64453125 0.0125 0.015625
0 0.0265625 0.58203125 0.0109375 0.0109375
0 0.10859375 0.5984375 0.0125 0.0203125
0 0.36328125 0.64765625 0.0125 0.015625
0 0.69453125 0.71171875 0.0171875 0.0171875
0 0.00234375 0.57890625 0.0046875 0.0109375
0 0.01875 0.5828125 0.0078125 0.0140625
0 0.809375 0.7390625 0.0171875 0.0171875
0 0.70703125 0.71953125 0.0171875 0.0171875
0 0.01171875 0.584375 0.0109375 0.0109375
0 0.06484375 0.59453125 0.0171875 0.0203125
0 0.16875 0.6171875 0.0125 0.015625
0 0.24375 0.63125 0.0125 0.0203125
0 0.09453125 0.6078125 0.0171875 0.0203125
0 0.0421875 0.59765625 0.0125 0.015625
0 0.0078125 0.590625 0.0125 0.015625
0 0.1234375 0.61796875 0.0125 0.0203125
0 0.1578125 0.62421875 0.0171875 0.0203125
0 0.1890625 0.63046875 0.0125 0.0203125
0 0.4796875 0.68984375 0.0109375 0.0109375
0 0.65625 0.7265625 0.0171875 0.0203125
0 0.68515625 0.734375 0.021875 0.021875
0 0.646875 0.72890625 0.0171875 0.0203125
0 0.6984375 0.7390625 0.0171875 0.0171875
0 0.23984375 0.65 0.0171875 0.0203125
0 0.19609375 0.64375 0.01875 0.025
0 0.33125 0.675 0.0171875 0.0203125
0 0.81796875 0.76953125 0.01875 0.025
0 0.85 0.77578125 0.01875 0.025
0 0.80859375 0.76796875 0.01875 0.025
0 0.15859375 0.64375 0.0171875 0.0203125
0 0.4765625 0.70546875 0.0171875 0.0203125
0 0.27421875 0.66875 0.01875 0.025
0 0.290625 0.67890625 0.0234375 0.0265625
0 0.32890625 0.6890625 0.021875 0.021875
0 0.03125 0.6328125 0.0171875 0.0203125
0 0.10625 0.646875 0.0234375 0.0265625
0 0.6234375 0.75 0.0234375 0.03125
0 0.82734375 0.7921875 0.0234375 0.03125
0 0.03828125 0.64375 0.01875 0.0296875
0 0.00625 0.6390625 0.0125 0.025
0 0.91171875 0.8203125 0.034375 0.0375
0 0.32734375 0.70703125 0.021875 0.021875
0 0.1890625 0.6796875 0.025 0.034375
0 0.57421875 0.759375 0.025 0.034375
0 0.15390625 0.678125 0.0234375 0.03125
0 0.6 0.76484375 0.021875 0.021875
0 0.68515625 0.78359375 0.025 0.034375
0 0.128125 0.68984375 0.025 0.034375
0 0.60234375 0.7984375 0.0359375 0.0453125
0 0.684375 0.8375 0.0359375 0.0453125
0 0.53984375 0.8140625 0.0359375 0.0453125
0 0.7671875 0.89921875 0.0421875 0.0609375
0 0.58515625 0.88671875 0.0453125 0.0515625
0 0.784375 0.9421875 0.0578125 0.071875
0 0.68046875 0.98828125 0.1015625 0.0234375