0 0.75859375 0.1 0.01875 0.034375
0 0.77265625 0.09765625 0.0265625 0.0484375
0 0.75234375 0.103125 0.01875 0.034375
0 0.7453125 0.1203125 0.0234375 0.034375
0 0.58125 0.20078125 0.0203125 0.0390625
0 0.64453125 0.19921875 0.0234375 0.034375
0 0.57421875 0.2140625 0.0140625 0.025
0 0.6125 0.20703125 0.0171875 0.025
0 0.565625 0.2203125 0.0140625 0.0328125
0 0.82421875 0.1796875 0.025 0.0390625
0 0.553125 0.23203125 0.025 0.0390625
0 0.78671875 0.19296875 0.0234375 0.034375
0 0.77421875 0.2 0.0234375 0.034375
0 0.890625 0.184375 0.025 0.0390625
0 0.85859375 0.18984375 0.01875 0.034375
0 0.91484375 0.18515625 0.025 0.0390625
0 0.76015625 0.21484375 0.0171875 0.025
0 0.58828125 0.30859375 0.0234375 0.034375
0 0.68515625 0.29375 0.025 0.04375
0 0.05078125 0.40546875 0.0171875 0.025
0 0.61484375 0.30859375 0.01875 0.0296875
0 0.5734375 0.31796875 0.01875 0.034375
0 0.6421875 0.30625 0.01875 0.034375
0 0.5671875 0.321875 0.0140625 0.0296875
0 0.54765625 0.3296875 0.021875 0.0265625
0 0.07734375 0.4125 0.01875 0.0296875
0 0.10625 0.4140625 0.01875 0.0296875
0 0.56015625 0.33359375 0.01875 0.034375
0 0.675 0.31640625 0.0296875 0.040625
0 0.5328125 0.34140625 0.0203125 0.0390625
0 0.63125 0.328125 0.0234375 0.03125
0 0.5453125 0.34375 0.0140625 0.0296875
0 0.53125 0.3703125 0.01875 0.0296875
0 0.59765625 0.38828125 0.025 0.04375
0 0.621875 0.39140625 0.0234375 0.034375
0 0.70078125 0.38203125 0.0234375 0.03125
0 0.65546875 0.39453125 0.0234375 0.034375
0 0.1109375 0.49296875 0.01875 0.0296875
0 0.96484375 0.35 0.0296875 0.0453125
0 0.2890625 0.55859375 0.0203125 0.0390625
0 0.21796875 0.58046875 0.0203125 0.0390625
0 0.2765625 0.57890625 0.0234375 0.034375
0 0.165625 0.60078125 0.0125 0.0203125
0 0.1765625 0.61328125 0.01875 0.0296875
0 0.1203125 0.62578125 0.01875 0.0296875
0 0.93046875 0.48984375 0.0328125 0.0328125
0 0.246875 0.61015625 0.01875 0.034375
0 0.2609375 0.61015625 0.01875 0.0296875
0 0.2 0.62578125 0.01875 0.0296875
0 0.93515625 0.515625 0.0296875 0.0453125
0 0.91953125 0.5359375 0.0296875 0.0453125
0 0.99765625 0.528125 0.0046875 0.034375
0 0.13671875 0.68125 0.01875 0.0296875
0 0.05546875 0.6984375 0.0296875 0.0453125
0 0.21015625 0.67109375 0.0234375 0.03125
0 0.0875 0.6921875 0.0296875 0.040625
0 0.1015625 0.6921875 0.0203125 0.0390625
0 0.58984375 0.60859375 0.0234375 0.03125
0 0.0359375 0.70625 0.0234375 0.0578125
0 0.18359375 0.6828125 0.0234375 0.034375
0 0.87734375 0.56015625 0.021875 0.0265625
0 0.50078125 0.6265625 0.025 0.0390625
0 0.128125 0.69765625 0.025 0.0390625
0 0.16953125 0.68984375 0.0234375 0.034375
0 0.2921875 0.66796875 0.025 0.0390625
0 0.36953125 0.6546875 0.0203125 0.0390625
0 0.07578125 0.70625 0.025 0.0390625
0 0.54296875 0.62421875 0.025 0.04375
0 0.221875 0.6828125 0.0203125 0.0390625
0 0.99140625 0.5484375 0.0171875 0.04375
0 0.25390625 0.6796875 0.025 0.0390625
0 0.4625 0.6453125 0.0265625 0.053125
0 0.15703125 0.69921875 0.0234375 0.034375
0 0.2375 0.6875 0.0234375 0.03125
0 0.21015625 0.696875 0.01875 0.034375
0 0.33359375 0.675 0.0203125 0.0390625
0 0.4453125 0.6578125 0.025 0.0390625
0 0.528125 0.64609375 0.03125 0.0546875
0 0.34375 0.68046875 0.01875 0.034375
0 0.27109375 0.69375 0.0234375 0.034375
0 0.65234375 0.62890625 0.03125 0.071875
0 0.38984375 0.675 0.0203125 0.0390625
0 0.41328125 0.6734375 0.0203125 0.04375
0 0.61171875 0.63828125 0.03125 0.0546875
0 0.8328125 0.59921875 0.0328125 0.0640625
0 0.440625 0.6703125 0.0203125 0.0390625
0 0.48671875 0.66171875 0.0328125 0.059375
0 0.425 0.675 0.0359375 0.0546875
0 0.80390625 0.60859375 0.021875 0.0265625
0 0.59609375 0.64453125 0.0265625 0.0484375
0 0.63515625 0.640625 0.0296875 0.0453125
0 0.565625 0.66015625 0.0296875 0.040625
0 0.678125 0.6421875 0.028125 0.0578125
0 0.69609375 0.6390625 0.021875 0.0484375
0 0.7421875 0.63359375 0.0328125 0.0640625
0 0.76015625 0.63046875 0.0265625 0.053125
0 0.85625 0.61328125 0.034375 0.0671875
0 0.7171875 0.6375 0.025 0.04375
0 0.7859375 0.628125 0.0265625 0.0484375
0 0.775 0.63203125 0.028125 0.0578125
0 0.9734375 0.6015625 0.053125 0.103125
0 0.91328125 0.61484375 0.0375 0.059375
0 0.88984375 0.61953125 0.053125 0.0796875
0 0.9453125 0.61171875 0.0484375 0.0796875
0 0.81640625 0.64375 0.028125 0.0578125
0 0.79921875 0.66171875 0.0265625 0.0484375
0 0.3078125 0.7828125 0.0296875 0.040625
0 0.340625 0.78203125 0.0296875 0.0453125
0 0.40703125 0.77265625 0.0296875 0.0453125
0 0.115625 0.8265625 0.028125 0.0359375
0 0.1546875 0.821875 0.01875 0.0296875
0 0.13203125 0.82578125 0.0234375 0.034375
0 0.1921875 0.81796875 0.028125 0.0359375
0 0.078125 0.83984375 0.028125 0.03125
0 0.32109375 0.8046875 0.0265625 0.021875
0 0.10546875 0.84765625 0.0296875 0.040625
0 0.26796875 0.82109375 0.021875 0.021875
0 0.23359375 0.82734375 0.0171875 0.025
0 0.171875 0.840625 0.0234375 0.034375
0 0.2953125 0.81875 0.0265625 0.0265625
0 0.253125 0.8296875 0.0234375 0.03125
0 0.20625 0.84296875 0.025 0.0390625
0 0.321875 0.82265625 0.028125 0.03125
0 0.5046875 0.79296875 0.0359375 0.05
0 0.3828125 0.82109375 0.034375 0.040625
0 0.303125 0.8375 0.021875 0.0265625
0 0.421875 0.8171875 0.028125 0.0359375
0 0.67265625 0.77265625 0.040625 0.05625
0 0.11875 0.87265625 0.04375 0.046875
0 0.58671875 0.7921875 0.0265625 0.0265625
0 0.24453125 0.853125 0.01875 0.034375
0 0.45 0.81640625 0.0265625 0.0265625
0 0.06796875 0.8890625 0.0203125 0.0390625
0 0.16171875 0.875 0.0296875 0.0453125
0 0.321875 0.84609375 0.03125 0.0234375
0 0.2734375 0.8546875 0.021875 0.021875
0 0.09765625 0.8859375 0.0234375 0.034375
0 0.22578125 0.865625 0.0265625 0.0484375
0 0.28046875 0.85625 0.025 0.0390625
0 0.47890625 0.8234375 0.028125 0.0359375
0 0.2609375 0.86171875 0.028125 0.03125
0 0.52109375 0.81640625 0.021875 0.021875
0 0.3546875 0.85 0.034375 0.0453125
0 0.19375 0.88125 0.0421875 0.0640625
0 0.6 0.81640625 0.0328125 0.0359375
0 0.146875 0.89609375 0.034375 0.040625
0 0.5640625 0.82265625 0.0328125 0.059375
0 0.63515625 0.8125 0.0375 0.059375
0 0.315625 0.86875 0.0375 0.0375
0 0.096875 0.9078125 0.0421875 0.0375
0 0.44453125 0.85078125 0.0421875 0.0421875
0 0.2140625 0.89140625 0.034375 0.01875
0 0.41640625 0.85546875 0.034375 0.0234375
0 0.50625 0.83984375 0.0328125 0.0328125
0 0.38125 0.86484375 0.028125 0.03125
0 0.7671875 0.80078125 0.0546875 0.084375
0 0.475 0.85234375 0.034375 0.0453125
0 0.17421875 0.90703125 0.04375 0.046875
0 0.73828125 0.81015625 0.0484375 0.075
0 0.5921875 0.83828125 0.0453125 0.05625
0 0.12734375 0.9203125 0.0390625 0.0515625
0 0.36953125 0.8796875 0.0359375 0.0546875
0 0.2578125 0.9 0.03125 0.05
0 0.54609375 0.85390625 0.040625 0.05625
0 0.3390625 0.8921875 0.0390625 0.0515625
0 0.29453125 0.9078125 0.021875 0.0265625
0 0.5 0.87109375 0.0234375 0.034375
0 0.82890625 0.81796875 0.0421875 0.06875
0 0.5765625 0.86484375 0.0484375 0.0484375
0 0.4890625 0.88046875 0.040625 0.034375
0 0.45390625 0.8890625 0.0375 0.0375
0 0.2296875 0.928125 0.0421875 0.06875
0 0.16875 0.94140625 0.046875 0.065625
0 0.15078125 0.94453125 0.034375 0.0453125
0 0.421875 0.89921875 0.0359375 0.0546875
0 0.0921875 0.96015625 0.046875 0.0703125
0 0.52109375 0.884375 0.040625 0.0609375
0 0.68203125 0.865625 0.0421875 0.0421875
0 0.28359375 0.9359375 0.0375 0.0375
0 0.33203125 0.93203125 0.0453125 0.034375
0 0.37265625 0.925 0.025 0.04375
0 0.65859375 0.8765625 0.021875 0.021875
0 0.6359375 0.8828125 0.0453125 0.05625
0 0.39765625 0.9296875 0.040625 0.0609375
0 0.703125 0.87734375 0.0546875 0.0578125
0 0.4625 0.92734375 0.040625 0.0609375
0 0.4953125 0.928125 0.0359375 0.05
0 0.56640625 0.91796875 0.0421875 0.06875
0 0.3578125 0.9578125 0.0296875 0.0453125
0 0.39921875 0.95234375 0.0453125 0.034375
0 0.79296875 0.88515625 0.05 0.0625
0 0.43125 0.94921875 0.034375 0.0453125
0 0.2875 0.975 0.04375 0.05
0 0.53671875 0.9328125 0.0640625 0.0640625
0 0.58671875 0.92421875 0.0453125 0.0828125
0 0.20859375 0.97734375 0.0703125 0.0453125
0 0.70625 0.9078125 0.04375 0.046875
0 0.7359375 0.90546875 0.0484375 0.0484375
0 0.3265625 0.9765625 0.05 0.046875
0 0.61171875 0.93671875 0.0390625 0.046875
0 0.1515625 0.98515625 0.05625 0.0296875
0 0.42578125 0.97421875 0.0328125 0.0359375
0 0.6609375 0.9328125 0.05 0.084375
0 0.8828125 0.8984375 0.0390625 0.06875
0 0.38671875 0.98359375 0.0578125 0.0328125
0 0.84453125 0.91875 0.05 0.0625
0 0.28125 0.9921875 0.06875 0.015625
0 0.78515625 0.93125 0.0546875 0.0578125
0 0.35078125 0.99140625 0.0484375 0.0171875
0 0.940625 0.90625 0.0671875 0.0515625
0 0.7296875 0.94609375 0.0625 0.05
0 0.4546875 0.98671875 0.06875 0.0265625
0 0.6328125 0.9625 0.0609375 0.040625
0 0.51015625 0.98359375 0.0421875 0.0328125
0 0.5625 0.97890625 0.078125 0.0421875
0 0.79453125 0.0765625 0.0203125 0.0390625