0 0.48515625 0.28984375 0.0484375 0.0609375
0 0.53828125 0.3109375 0.040625 0.06875
0 0.1140625 0.25625 0.0453125 0.06875
0 0.07734375 0.265625 0.040625 0.0640625
0 0.375 0.30703125 0.034375 0.0453125
0 0.2328125 0.2921875 0.040625 0.06875
0 0.94921875 0.39765625 0.040625 0.06875
0 0.43203125 0.33203125 0.040625 0.0734375
0 0.590625 0.35390625 0.0390625 0.0546875
0 0.9140625 0.4 0.046875 0.0828125
0 0.4046875 0.3296875 0.040625 0.0734375
0 0.52109375 0.35078125 0.04375 0.059375
0 0.2734375 0.31796875 0.05 0.075
0 0.3390625 0.33203125 0.040625 0.06875
0 0.1734375 0.315625 0.0375 0.06875
0 0.559375 0.37265625 0.034375 0.0546875
0 0.79140625 0.4078125 0.034375 0.0546875
0 0.2 0.32421875 0.0453125 0.0734375
0 0.7453125 0.40078125 0.0359375 0.0640625
0 0.82578125 0.4125 0.04375 0.0921875
0 0.93671875 0.4328125 0.040625 0.06875
0 0.62734375 0.39140625 0.0390625 0.0546875
0 0.47578125 0.37265625 0.0515625 0.084375
0 0.68828125 0.4046875 0.034375 0.0546875
0 0.76875 0.41640625 0.040625 0.06875
0 0.7203125 0.41171875 0.040625 0.0734375
0 0.09609375 0.32890625 0.0453125 0.06875
0 0.975 0.45234375 0.05 0.0796875
0 0.6578125 0.41015625 0.0359375 0.0640625
0 0.9921875 0.46015625 0.015625 0.0953125
0 0.52109375 0.41875 0.05625 0.0796875