0 0.96328125 0.19453125 0.0234375 0.046875
0 0.565625 0.2359375 0.021875 0.0375
0 0.89296875 0.21015625 0.028125 0.0578125
0 0.51953125 0.2453125 0.0265625 0.034375
0 0.9140625 0.2125 0.0265625 0.04375
0 0.69296875 0.23203125 0.0265625 0.04375
0 0.225 0.278125 0.03125 0.03125
0 0.10390625 0.0609375 0.0265625 0.0390625
0 0.11015625 0.28984375 0.028125 0.053125
0 0.58515625 0.25078125 0.0265625 0.034375
0 0.3453125 0.271875 0.0265625 0.0390625
0 0.0640625 0.296875 0.0265625 0.034375
0 0.93828125 0.2203125 0.021875 0.0375
0 0.003125 0.30546875 0.00625 0.0390625
0 0.16328125 0.2953125 0.0265625 0.04375
0 0.1296875 0.29765625 0.0171875 0.0328125
0 0.03984375 0.3125 0.0265625 0.04375
0 0.65546875 0.25859375 0.0296875 0.0265625
0 0.50859375 0.27421875 0.0265625 0.0390625
0 0.8515625 0.246875 0.0328125 0.0484375
0 0.4 0.2859375 0.0265625 0.0390625
0 0.5328125 0.0234375 0.03125 0.04375
0 0.0484375 0.065625 0.0265625 0.04375
0 0.8546875 0.009375 0.028125 0.01875
0 0.3875 0.03828125 0.0265625 0.034375
0 0.828125 0.0109375 0.03125 0.021875
0 0.45546875 0.2875 0.03125 0.04375
0 0.23515625 0.31875 0.03125 0.0390625
0 0.93203125 0.2578125 0.021875 0.0421875
0 0.31875 0.31328125 0.0171875 0.0375
0 0.15234375 0.0609375 0.028125 0.0484375
0 0.7828125 0.2796875 0.028125 0.0484375
0 0.87734375 0.271875 0.03125 0.04375
0 0.009375 0.34765625 0.01875 0.0296875
0 0.0640625 0.3453125 0.0171875 0.0328125
0 0.54375 0.30546875 0.03125 0.0390625
0 0.27109375 0.33203125 0.028125 0.0484375
0 0.35 0.325 0.0265625 0.04375
0 0.29453125 0.33203125 0.028125 0.0484375
0 0.3875 0.3265625 0.028125 0.0484375
0 0.0390625 0.359375 0.0265625 0.04375
0 0.82109375 0.29296875 0.03125 0.034375
0 0.478125 0.3328125 0.03125 0.04375
0 0.59921875 0.33125 0.0359375 0.0484375
0 0.93125 0.3046875 0.028125 0.0484375
0 0.6640625 0.328125 0.0328125 0.053125
0 0.4453125 0.3484375 0.0265625 0.04375
0 0.1703125 0.375 0.028125 0.0484375
0 0.8265625 0.3203125 0.03125 0.04375
0 0.7109375 0.3375 0.0234375 0.046875
0 0.24296875 0.38046875 0.028125 0.0484375
0 0.5359375 0.35703125 0.0328125 0.0484375
0 0.56484375 0.3640625 0.0328125 0.0484375
0 0.23203125 0.0609375 0.0265625 0.04375
0 0.284375 0.05625 0.0328125 0.0484375
0 0.0765625 0.41171875 0.0265625 0.04375
0 0.3046875 0.39375 0.028125 0.0484375
0 0.7796875 0.35234375 0.0328125 0.0484375
0 0.38359375 0.3890625 0.028125 0.053125
0 0.74609375 0.36015625 0.040625 0.04375
0 0.65859375 0.37265625 0.03125 0.04375
0 0.334375 0.41015625 0.028125 0.053125
0 0.19921875 0.42890625 0.03125 0.034375
0 0.453125 0.4109375 0.0328125 0.053125
0 0.53046875 0.40390625 0.0328125 0.0484375
0 0.021875 0.45078125 0.0328125 0.0484375
0 0.01015625 0.45625 0.0203125 0.0625
0 0.9796875 0.3765625 0.028125 0.0484375
0 0.05703125 0.459375 0.0265625 0.04375
0 0.8640625 0.3890625 0.0359375 0.053125
0 0.6015625 0.4140625 0.0328125 0.0578125
0 0.90625 0.38984375 0.0328125 0.053125
0 0.7109375 0.409375 0.028125 0.0484375
0 0.6375 0.41796875 0.0328125 0.053125
0 0.36953125 0.44140625 0.0265625 0.034375
0 0.51484375 0.43125 0.0328125 0.053125
0 0.26875 0.4578125 0.028125 0.0484375
0 0.66015625 0.42578125 0.0234375 0.046875
0 0.12578125 0.47265625 0.0265625 0.04375
0 0.340625 0.05859375 0.0265625 0.0296875
0 0.8046875 0.42265625 0.0328125 0.0484375
0 0.203125 0.475 0.03125 0.04375
0 0.3875 0.46328125 0.034375 0.0390625
0 0.30234375 0.47109375 0.028125 0.053125
0 0.18359375 0.071875 0.021875 0.0421875
0 0.009375 0.08671875 0.01875 0.0296875
0 0.56640625 0.040625 0.03125 0.04375
0 0.65703125 0.0328125 0.021875 0.0375
0 0.35 0.48515625 0.028125 0.053125
0 0.14609375 0.51484375 0.0265625 0.034375
0 0.06328125 0.53125 0.0328125 0.053125
0 0.3265625 0.51015625 0.0328125 0.053125
0 0.55 0.490625 0.0375 0.0578125
0 0.909375 0.459375 0.0328125 0.053125
0 0.2625 0.5234375 0.028125 0.0484375
0 0.64609375 0.4921875 0.03125 0.034375
0 0.9796875 0.4625 0.0359375 0.053125
0 0.40390625 0.51328125 0.0359375 0.053125
0 0.28359375 0.528125 0.0328125 0.0484375
0 0.46171875 0.5125 0.040625 0.053125
0 0.73828125 0.48828125 0.0265625 0.04375
0 0.546875 0.04765625 0.021875 0.0328125
0 0.234375 0.546875 0.0328125 0.0578125
0 0.80859375 0.49921875 0.0265625 0.04375
0 0.61328125 0.51796875 0.0328125 0.053125
0 0.95 0.4890625 0.034375 0.0390625
0 0.396875 0.0625 0.0265625 0.04375
0 0.16171875 0.56875 0.03125 0.04375
0 0.7015625 0.521875 0.03125 0.04375
0 0.8859375 0.50546875 0.0359375 0.053125
0 0.20859375 0.56484375 0.034375 0.034375
0 0.85859375 0.51015625 0.0328125 0.053125
0 0.2671875 0.56875 0.028125 0.0484375
0 0.6546875 0.53984375 0.0359375 0.053125
0 0.57890625 0.5484375 0.03125 0.04375
0 0.784375 0.53515625 0.0328125 0.053125
0 0.73828125 0.54453125 0.0328125 0.0578125
0 0.134375 0.596875 0.0265625 0.0390625
0 0.965625 0.52890625 0.0328125 0.053125
0 0.41015625 0.58671875 0.0375 0.0578125
0 0.3 0.60390625 0.028125 0.0484375
0 0.109375 0.09296875 0.021875 0.0375
0 0.0625 0.62421875 0.0328125 0.053125
0 0.03046875 0.6296875 0.0359375 0.053125
0 0.47578125 0.590625 0.0265625 0.04375
0 0.51328125 0.59375 0.0328125 0.0484375
0 0.81328125 0.5765625 0.03125 0.04375
0 0.89921875 0.57421875 0.0328125 0.053125
0 0.12421875 0.6421875 0.03125 0.04375
0 0.62578125 0.6078125 0.03125 0.04375
0 0.34453125 0.634375 0.0265625 0.0390625
0 0.2015625 0.6515625 0.0328125 0.053125
0 0.54140625 0.62421875 0.021875 0.0421875
0 0.909375 0.025 0.0328125 0.0484375
0 0.24921875 0.08515625 0.0265625 0.0390625
0 0.04453125 0.103125 0.025 0.025
0 0.5625 0.6296875 0.0234375 0.0515625
0 0.26328125 0.6625 0.0265625 0.04375
0 0.778125 0.62265625 0.0359375 0.04375
0 0.728125 0.62890625 0.03125 0.04375
0 0.9796875 0.609375 0.03125 0.04375
0 0.03359375 0.69453125 0.0375 0.0578125
0 0.49921875 0.65390625 0.0328125 0.0484375
0 0.64296875 0.64375 0.0265625 0.034375
0 0.41953125 0.66484375 0.0265625 0.0390625
0 0.35390625 0.684375 0.0328125 0.0484375
0 0.859375 0.65234375 0.0328125 0.053125
0 0.29765625 0.70390625 0.0265625 0.04375
0 0.9359375 0.65 0.0359375 0.053125
0 0.55546875 0.68828125 0.0328125 0.0578125
0 0.31640625 0.71171875 0.0265625 0.0390625
0 0.715625 0.6765625 0.0328125 0.053125
0 0.65390625 0.68671875 0.0328125 0.0578125
0 0.29609375 0.02265625 0.0203125 0.015625
0 0.003125 0.1140625 0.00625 0.0375
0 0.61875 0.06015625 0.0234375 0.046875
0 0.4 0.71328125 0.0328125 0.0484375
0 0.48125 0.70859375 0.0265625 0.0390625
0 0.190625 0.73671875 0.0375 0.0578125
0 0.43046875 0.715625 0.0328125 0.053125
0 0.17734375 0.7484375 0.03125 0.04375
0 0.25390625 0.74453125 0.0375 0.0578125
0 0.98984375 0.6828125 0.0203125 0.071875
0 0.13046875 0.76953125 0.03125 0.04375
0 0.0328125 0.78984375 0.021875 0.0421875
0 0.49921875 0.07265625 0.0296875 0.0265625
0 0.4921875 0.75859375 0.0328125 0.0484375
0 0.2140625 0.79453125 0.03125 0.0390625
0 0.87421875 0.74140625 0.0328125 0.053125
0 0.80546875 0.75234375 0.03125 0.03125
0 0.73203125 0.75859375 0.0234375 0.046875
0 0.31015625 0.80234375 0.0421875 0.0578125
0 0.55703125 0.78046875 0.0375 0.0671875
0 0.66796875 0.7734375 0.0328125 0.053125
0 0.39609375 0.796875 0.0328125 0.053125
0 0.43984375 0.79765625 0.028125 0.0484375
0 0.85078125 0.046875 0.0328125 0.053125
0 0.61875 0.79375 0.0359375 0.053125
0 0.20859375 0.8390625 0.03125 0.04375
0 0.3734375 0.090625 0.0265625 0.04375
0 0.9109375 0.78984375 0.0359375 0.053125
0 0.8078125 0.803125 0.0375 0.0625
0 0.70390625 0.8125 0.0328125 0.053125
0 0.1484375 0.865625 0.0359375 0.053125
0 0.3421875 0.85078125 0.0359375 0.0484375
0 0.10078125 0.8765625 0.0328125 0.0484375
0 0.75078125 0.82265625 0.0375 0.0578125
0 0.23359375 0.8765625 0.03125 0.0390625
0 0.4734375 0.85546875 0.028125 0.0484375
0 0.41640625 0.8671875 0.0359375 0.0484375
0 0.634375 0.07265625 0.0265625 0.04375
0 0.0859375 0.12265625 0.0171875 0.0328125
0 0.45625 0.87578125 0.0328125 0.0484375
0 0.63125 0.86015625 0.0328125 0.053125
0 0.19765625 0.90078125 0.0359375 0.053125
0 0.4890625 0.875 0.028125 0.0484375
0 0.33984375 0.89765625 0.0328125 0.0578125
0 0.55234375 0.88359375 0.0234375 0.046875
0 0.81015625 0.06171875 0.0328125 0.0484375
0 0.38125 0.90078125 0.0359375 0.0484375
0 0.0984375 0.93046875 0.0359375 0.04375
0 0.58046875 0.88828125 0.0328125 0.0625
0 0.25234375 0.92890625 0.0375 0.0625
0 0.4234375 0.0984375 0.0265625 0.0296875
0 0.0453125 0.95546875 0.01875 0.0515625
0 0.4609375 0.93046875 0.0359375 0.053125
0 0.3375 0.10546875 0.0234375 0.046875
0 0.71875 0.07421875 0.0265625 0.04375
0 0.6578125 0.92734375 0.0359375 0.053125
0 0.40078125 0.95703125 0.0359375 0.053125
0 0.75390625 0.93125 0.0375 0.0578125
0 0.15703125 0.978125 0.0328125 0.04375
0 0.19140625 0.97578125 0.0421875 0.0484375
0 0.2296875 0.11875 0.0265625 0.0390625
0 0.03828125 0.1359375 0.0265625 0.04375
0 0.32734375 0.98046875 0.0265625 0.0390625
0 0.27734375 0.984375 0.0359375 0.03125
0 0.5828125 0.9734375 0.03125 0.0390625
0 0.321875 0.1109375 0.0171875 0.0328125
0 0.84453125 0.9578125 0.0203125 0.025
0 0.9953125 0.94296875 0.009375 0.0265625
0 0.17734375 0.128125 0.021875 0.0375
0 0.29296875 0.1203125 0.0265625 0.04375
0 0.35234375 0.115625 0.0265625 0.0390625
0 0.5078125 0.1109375 0.0328125 0.0484375
0 0.1296875 0.146875 0.0265625 0.04375
0 0.9578125 0.0765625 0.01875 0.0515625
0 0.78125 0.1015625 0.028125 0.0484375
0 0.22109375 0.15234375 0.03125 0.04375
0 0.26015625 0.1515625 0.025 0.025
0 0.15 0.16796875 0.028125 0.0484375
0 0.58359375 0.13046875 0.0328125 0.0484375
0 0.3953125 0.1515625 0.0265625 0.034375
0 0.34921875 0.15546875 0.0265625 0.04375
0 0.1 0.17734375 0.0328125 0.053125
0 0.03828125 0.1875 0.0265625 0.04375
0 0.37734375 0.1625 0.021875 0.0328125
0 0.75078125 0.1296875 0.0328125 0.0484375
0 0.43203125 0.02265625 0.0265625 0.0390625
0 0.0875 0.19921875 0.0359375 0.0484375
0 0.15703125 0.1953125 0.028125 0.0484375
0 0.43671875 0.17265625 0.0265625 0.0390625
0 0.5078125 0.16953125 0.03125 0.04375
0 0.26875 0.19453125 0.0265625 0.0390625
0 0.63046875 0.16328125 0.0265625 0.04375
0 0.4125 0.18671875 0.021875 0.0328125
0 0.88984375 0.14765625 0.0265625 0.04375
0 0.015625 0.22578125 0.03125 0.0578125
0 0.48125 0.01875 0.03125 0.0375
0 0.7140625 0.00859375 0.03125 0.0171875
0 0.759375 0.00703125 0.03125 0.0140625
0 0.66875 0.171875 0.03125 0.04375
0 0.56953125 0.18515625 0.03125 0.0390625
0 0.64375 0.18046875 0.03125 0.04375
0 0.77109375 0.171875 0.0328125 0.0484375
0 0.8546875 0.171875 0.0328125 0.053125
0 0.3109375 0.21953125 0.028125 0.053125
0 0.83125 0.1734375 0.0265625 0.04375
0 0.465625 0.21015625 0.0265625 0.04375
0 0.08515625 0.2484375 0.0328125 0.0484375
0 0.3484375 0.228125 0.0265625 0.04375
0 0.29375 0.23671875 0.0265625 0.04375
0 0.4875 0.21953125 0.03125 0.0390625
0 0.1921875 0.2453125 0.0328125 0.0484375
0 0.80859375 0.19609375 0.021875 0.0375
0 0.42734375 0.2296875 0.0359375 0.053125
0 0.00390625 0.27109375 0.0078125 0.0328125
0 0.0546875 0.271875 0.025 0.0203125