0 0.01640625 0.25625 0.0109375 0.0234375
0 0.0328125 0.26875 0.015625 0.0234375
0 0.065625 0.28984375 0.0109375 0.0234375
0 0.075 0.296875 0.009375 0.0140625
0 0.08828125 0.309375 0.015625 0.0234375
0 0.11953125 0.32265625 0.009375 0.0140625
0 0.12890625 0.325 0.015625 0.0234375
0 0.0984375 0.33515625 0.0203125 0.025
0 0.1609375 0.34296875 0.009375 0.0140625
0 0.23671875 0.346875 0.009375 0.0140625
0 0.171875 0.34609375 0.0109375 0.01875
0 0.13984375 0.34453125 0.015625 0.0234375
0 0.0265625 0.340625 0.0109375 0.0234375
0 0.0125 0.33984375 0.0109375 0.01875
0 0.22890625 0.3515625 0.009375 0.0140625
0 0.19453125 0.3515625 0.009375 0.0140625
0 0.20859375 0.35703125 0.0046875 0.009375
0 0.25 0.359375 0.0140625 0.0140625
0 0.19921875 0.36171875 0.015625 0.0234375
0 0.18046875 0.3625 0.015625 0.0234375
0 0.23046875 0.36796875 0.0109375 0.0234375
0 0.25859375 0.36953125 0.0109375 0.01875
0 0.28671875 0.3796875 0.015625 0.0234375
0 0.24921875 0.378125 0.015625 0.01875
0 0.428125 0.40546875 0.0046875 0.009375
0 0.4375 0.40859375 0.0046875 0.009375
0 0.31953125 0.4046875 0.0203125 0.025
0 0.34296875 0.41015625 0.009375 0.0140625
0 0.15078125 0.40234375 0.0203125 0.025
0 0.10859375 0.403125 0.0265625 0.046875
0 0.434375 0.421875 0.0046875 0.009375
0 0.51796875 0.4265625 0.0046875 0.0046875
0 0.35078125 0.4203125 0.015625 0.01875
0 0.42734375 0.42421875 0.0046875 0.009375
0 0.48984375 0.42734375 0.0046875 0.009375
0 0.06640625 0.4078125 0.03125 0.046875
0 0.2609375 0.4203125 0.0046875 0.0140625
0 0.3375 0.42421875 0.015625 0.0234375
0 0.08984375 0.4109375 0.015625 0.0375
0 0.4796875 0.434375 0.009375 0.009375
0 0.2703125 0.42265625 0.009375 0.0140625
0 0.5375 0.4390625 0.0046875 0.0046875
0 0.50078125 0.4375 0.009375 0.009375
0 0.503125 0.4375 0.0046875 0.009375
0 0.52890625 0.4390625 0.0046875 0.0046875
0 0.31796875 0.43046875 0.015625 0.0234375
0 0.52421875 0.44140625 0.0046875 0.009375
0 0.18125 0.42578125 0.0203125 0.0375
0 0.5375 0.44375 0.0046875 0.009375
0 0.46171875 0.4421875 0.009375 0.009375
0 0.16015625 0.4265625 0.025 0.0375
0 0.37578125 0.43828125 0.009375 0.0140625
0 0.28984375 0.4359375 0.0109375 0.0234375
0 0.54609375 0.44921875 0.0046875 0.0046875
0 0.553125 0.44921875 0.0046875 0.009375
0 0.5625 0.45 0.0046875 0.0046875
0 0.5140625 0.45 0.0046875 0.009375
0 0.60859375 0.4546875 0.0046875 0.009375
0 0.57421875 0.453125 0.0046875 0.0046875
0 0.58828125 0.45390625 0.0046875 0.0046875
0 0.596875 0.45390625 0.0046875 0.0046875
0 0.30078125 0.44375 0.015625 0.0234375
0 0.3359375 0.4453125 0.015625 0.0234375
0 0.571875 0.46015625 0.0046875 0.0046875
0 0.4859375 0.45546875 0.009375 0.009375
0 0.4953125 0.45859375 0.0046875 0.009375
0 0.31953125 0.44921875 0.015625 0.0234375
0 0.5484375 0.4609375 0.0046875 0.0046875
0 0.7234375 0.47265625 0.009375 0.009375
0 0.490625 0.46015625 0.0046875 0.009375
0 0.5875 0.465625 0.009375 0.009375
0 0.6609375 0.471875 0.0046875 0.009375
0 0.67265625 0.47265625 0.009375 0.009375
0 0.6890625 0.4734375 0.009375 0.009375
0 0.6078125 0.46875 0.009375 0.009375
0 0.7171875 0.47734375 0.0046875 0.009375
0 0.35390625 0.4578125 0.0203125 0.025
0 0.63828125 0.47265625 0.0046875 0.009375
0 0.56640625 0.47109375 0.0046875 0.0046875
0 0.6703125 0.4765625 0.009375 0.009375
0 0.58515625 0.47265625 0.0046875 0.0046875
0 0.68203125 0.47734375 0.0046875 0.009375
0 0.7328125 0.48046875 0.009375 0.009375
0 0.6453125 0.47734375 0.0046875 0.009375
0 0.7125 0.48046875 0.0046875 0.009375
0 0.621875 0.47578125 0.009375 0.009375
0 0.7703125 0.48359375 0.009375 0.0046875
0 0.42265625 0.46796875 0.0140625 0.0140625
0 0.65 0.4796875 0.0046875 0.009375
0 0.6265625 0.478125 0.0046875 0.009375
0 0.65859375 0.48046875 0.009375 0.009375
0 0.66953125 0.4828125 0.0046875 0.009375
0 0.75078125 0.4875 0.0046875 0.009375
0 0.7578125 0.4875 0.009375 0.009375
0 0.54453125 0.47890625 0.0046875 0.0140625
0 0.69296875 0.48671875 0.009375 0.009375
0 0.67890625 0.4859375 0.0046875 0.009375
0 0.75546875 0.4921875 0.0046875 0.0046875
0 0.815625 0.4953125 0.009375 0.009375
0 0.7203125 0.490625 0.0046875 0.009375
0 0.77890625 0.49375 0.0046875 0.0140625
0 0.796875 0.49453125 0.009375 0.009375
0 0.6625 0.4875 0.0046875 0.0046875
0 0.70234375 0.48984375 0.009375 0.009375
0 0.015625 0.453125 0.03125 0.0609375
0 0.609375 0.484375 0.0046875 0.009375
0 0.86171875 0.49765625 0.009375 0.009375
0 0.4984375 0.48125 0.015625 0.01875
0 0.62578125 0.4875 0.0046875 0.0046875
0 0.63984375 0.48828125 0.0046875 0.0046875
0 0.3640625 0.47421875 0.0203125 0.0296875
0 0.5375 0.48515625 0.009375 0.0140625
0 0.86796875 0.503125 0.009375 0.009375
0 0.4453125 0.48046875 0.015625 0.01875
0 0.42890625 0.4796875 0.0140625 0.0140625
0 0.66953125 0.4921875 0.009375 0.0140625
0 0.73203125 0.49609375 0.009375 0.0140625
0 0.7625 0.49765625 0.009375 0.009375
0 0.7484375 0.49921875 0.0046875 0.009375
0 0.475 0.484375 0.0203125 0.0203125
0 0.9953125 0.5140625 0.009375 0.0140625
0 0.40625 0.48359375 0.0203125 0.025
0 0.5890625 0.49296875 0.009375 0.009375
0 0.3875 0.484375 0.0203125 0.0375
0 0.69453125 0.50078125 0.009375 0.009375
0 0.5421875 0.49296875 0.0046875 0.0140625
0 0.715625 0.5015625 0.009375 0.009375
0 0.421875 0.4890625 0.009375 0.0140625
0 0.84921875 0.5109375 0.009375 0.009375
0 0.91640625 0.51484375 0.009375 0.009375
0 0.75703125 0.50625 0.009375 0.009375
0 0.89609375 0.5140625 0.009375 0.009375
0 0.52109375 0.49375 0.0046875 0.0140625
0 0.57421875 0.496875 0.009375 0.009375
0 0.8265625 0.51015625 0.009375 0.009375
0 0.7453125 0.5078125 0.009375 0.009375
0 0.76171875 0.509375 0.009375 0.009375
0 0.784375 0.51015625 0.009375 0.009375
0 0.9515625 0.51875 0.009375 0.0140625
0 0.9390625 0.5203125 0.009375 0.0140625
0 0.51171875 0.4984375 0.0109375 0.01875
0 0.60625 0.503125 0.009375 0.0140625
0 0.8859375 0.51796875 0.009375 0.009375
0 0.9875 0.52578125 0.009375 0.009375
0 0.5625 0.503125 0.009375 0.009375
0 0.8 0.515625 0.009375 0.009375
0 0.9671875 0.52421875 0.009375 0.009375
0 0.73515625 0.51484375 0.009375 0.009375
0 0.809375 0.51875 0.009375 0.009375
0 0.97578125 0.52734375 0.009375 0.0140625
0 0.81640625 0.51875 0.009375 0.0140625
0 0.58359375 0.50703125 0.015625 0.01875
0 0.6984375 0.5125 0.009375 0.009375
0 0.85546875 0.5234375 0.009375 0.009375
0 0.9921875 0.53046875 0.009375 0.0140625
0 0.8484375 0.52265625 0.009375 0.009375
0 0.8671875 0.52421875 0.009375 0.0140625
0 0.95546875 0.52890625 0.009375 0.0140625
0 0.871875 0.5265625 0.009375 0.009375
0 0.62421875 0.51328125 0.009375 0.0140625
0 0.78359375 0.521875 0.009375 0.0140625
0 0.8953125 0.528125 0.009375 0.0140625
0 0.91796875 0.52890625 0.009375 0.009375
0 0.82578125 0.52421875 0.009375 0.009375
0 0.8375 0.525 0.009375 0.0140625
0 0.63359375 0.51640625 0.0140625 0.0140625
0 0.728125 0.52109375 0.009375 0.009375
0 0.559375 0.5125 0.0046875 0.0140625
0 0.5984375 0.51484375 0.009375 0.0140625
0 0.7421875 0.52421875 0.009375 0.0140625
0 0.69609375 0.52421875 0.009375 0.009375
0 0.08828125 0.4921875 0.0390625 0.0484375
0 0.91015625 0.5359375 0.009375 0.0140625
0 0.68203125 0.52578125 0.009375 0.009375
0 0.8453125 0.534375 0.009375 0.0140625
0 0.86171875 0.53515625 0.009375 0.0140625
0 0.92890625 0.54140625 0.009375 0.0140625
0 0.4296875 0.51484375 0.015625 0.01875
0 0.63984375 0.52578125 0.015625 0.01875
0 0.8203125 0.5359375 0.009375 0.0140625
0 0.9015625 0.53984375 0.009375 0.0140625
0 0.95703125 0.5453125 0.009375 0.0140625
0 0.8734375 0.540625 0.009375 0.0140625
0 0.940625 0.54453125 0.0140625 0.0140625
0 0.66953125 0.53203125 0.015625 0.01875
0 0.80625 0.53984375 0.009375 0.0140625
0 0.84140625 0.54140625 0.009375 0.0140625
0 0.7828125 0.540625 0.009375 0.0140625
0 0.946875 0.54921875 0.0140625 0.0140625
0 0.40546875 0.5234375 0.025 0.0421875
0 0.91875 0.55 0.009375 0.0140625
0 0.74140625 0.540625 0.009375 0.009375
0 0.76015625 0.54140625 0.009375 0.0140625
0 0.85625 0.546875 0.009375 0.009375
0 0.846875 0.5484375 0.009375 0.009375
0 0.96328125 0.55625 0.0140625 0.0140625
0 0.54921875 0.53671875 0.009375 0.009375
0 0.715625 0.54609375 0.0109375 0.01875
0 0.45 0.53203125 0.0203125 0.0296875
0 0.76875 0.55078125 0.015625 0.01875
0 0.95625 0.5609375 0.015625 0.01875
0 0.971875 0.56171875 0.009375 0.009375
0 0.928125 0.56171875 0.009375 0.0140625
0 0.840625 0.559375 0.009375 0.0140625
0 0.471875 0.5421875 0.015625 0.01875
0 0.740625 0.55625 0.009375 0.0140625
0 0.81640625 0.5625 0.009375 0.0140625
0 0.88359375 0.56640625 0.0140625 0.0140625
0 0.48828125 0.5453125 0.015625 0.01875
0 0.79296875 0.56171875 0.0109375 0.01875
0 0.84609375 0.56875 0.0109375 0.01875
0 0.65 0.55859375 0.015625 0.01875
0 0.96640625 0.575 0.015625 0.01875
0 0.73515625 0.565625 0.015625 0.01875
0 0.61484375 0.559375 0.015625 0.01875
0 0.86015625 0.57421875 0.015625 0.01875
0 0.93203125 0.578125 0.009375 0.0140625
0 0.63359375 0.56953125 0.009375 0.009375
0 0.7625 0.5765625 0.015625 0.01875
0 0.97265625 0.58984375 0.015625 0.01875
0 0.50390625 0.56484375 0.0203125 0.0296875
0 0.53515625 0.56875 0.0203125 0.0375
0 0.8109375 0.58359375 0.009375 0.0140625
0 0.9140625 0.5984375 0.015625 0.01875
0 0.88203125 0.59921875 0.015625 0.0234375
0 0.90078125 0.60234375 0.015625 0.01875
0 0.48359375 0.5828125 0.025 0.0375
0 0.70625 0.59453125 0.0203125 0.0296875
0 0.93671875 0.60859375 0.015625 0.0234375
0 0.9828125 0.6203125 0.009375 0.009375
0 0.96875 0.621875 0.0203125 0.025
0 0.73984375 0.61640625 0.015625 0.0234375
0 0.98671875 0.63671875 0.015625 0.0328125
0 0.44765625 0.61328125 0.05 0.08125
0 0.9375 0.6390625 0.015625 0.01875
0 0.91640625 0.6421875 0.0140625 0.0140625
0 0.62265625 0.63828125 0.0203125 0.0328125
0 0.5875 0.64140625 0.0390625 0.0625
0 0.54375 0.64140625 0.0296875 0.0421875
0 0.78359375 0.65390625 0.015625 0.01875
0 0.809375 0.6578125 0.015625 0.0234375
0 0.64296875 0.6515625 0.0203125 0.0296875
0 0.82265625 0.67421875 0.0203125 0.0296875
0 0.5078125 0.66015625 0.05 0.08125
0 0.840625 0.6796875 0.015625 0.0234375
0 0.98125 0.69453125 0.0203125 0.0375
0 0.62734375 0.68515625 0.034375 0.0484375
0 0.6828125 0.68828125 0.0203125 0.0296875
0 0.8953125 0.69921875 0.0203125 0.0328125
0 0.65390625 0.69140625 0.025 0.0421875
0 0.85546875 0.70390625 0.015625 0.01875
0 0.91796875 0.70703125 0.0203125 0.0296875
0 0.6765625 0.70625 0.0296875 0.0375
0 0.70859375 0.71015625 0.025 0.0328125
0 0.7828125 0.75546875 0.025 0.0375
0 0.80625 0.76875 0.0296875 0.0328125
0 0.7921875 0.80703125 0.0296875 0.0421875
0 0.8328125 0.86484375 0.0359375 0.0671875
0 0.759375 0.86328125 0.0453125 0.0671875
0 0.803125 0.8703125 0.034375 0.0625
0 0.52265625 0.9046875 0.1296875 0.1859375
0 0.8375 0.97265625 0.096875 0.0546875
0 0.95546875 0.99296875 0.0296875 0.0140625