0 0.13359375 0.13984375 0.0203125 0.046875
0 0.23046875 0.13671875 0.025 0.0375
0 0.31875 0.13828125 0.0203125 0.0328125
0 0.2515625 0.14296875 0.025 0.0328125
0 0.75390625 0.134375 0.0203125 0.0234375
0 0.5984375 0.0125 0.0140625 0.01875
0 0.9390625 0.13984375 0.0203125 0.0421875
0 0.3421875 0.1609375 0.025 0.0421875
0 0.43046875 0.159375 0.025 0.0421875
0 0.04375 0.175 0.0296875 0.0421875
0 0.3078125 0.02265625 0.0109375 0.0234375
0 0.5296875 0.1671875 0.0296875 0.0421875
0 0.2 0.18125 0.025 0.0328125
0 0.89765625 0.15703125 0.0203125 0.0328125
0 0.61015625 0.01484375 0.0140625 0.01875
0 0.709375 0.0109375 0.009375 0.01875
0 0.49375 0.178125 0.0390625 0.0515625
0 0.40546875 0.18125 0.015625 0.0328125
0 0.075 0.19765625 0.0203125 0.0421875
0 0.9265625 0.1703125 0.0296875 0.0328125
0 0.57734375 0.18203125 0.0203125 0.0375
0 0.353125 0.2015625 0.025 0.0421875
0 0.76953125 0.1875 0.0296875 0.0375
0 0.42265625 0.2015625 0.025 0.046875
0 0.6984375 0.19921875 0.0296875 0.0515625
0 0.746875 0.2 0.0296875 0.0421875
0 0.39296875 0.21953125 0.025 0.0421875
0 0.5203125 0.21875 0.0203125 0.0421875
0 0.1921875 0.23046875 0.025 0.0375
0 0.1390625 0.234375 0.025 0.0421875
0 0.6296875 0.01875 0.0140625 0.01875
0 0.97421875 0.2125 0.025 0.046875
0 0.79609375 0.228125 0.0296875 0.0515625
0 0.23203125 0.25 0.0296875 0.046875
0 0.6015625 0.2390625 0.034375 0.0609375
0 0.2125 0.03515625 0.015625 0.0234375
0 0.20234375 0.26484375 0.0296875 0.0515625
0 0.984375 0.24453125 0.015625 0.05625
0 0.16171875 0.03984375 0.0203125 0.0234375
0 0.5828125 0.275 0.0296875 0.0328125
0 0.8234375 0.275 0.025 0.0375
0 0.7515625 0.28046875 0.034375 0.0515625
0 0.36640625 0.31484375 0.025 0.0609375
0 0.22421875 0.04140625 0.015625 0.0234375
0 0.38984375 0.328125 0.034375 0.05625
0 0.15234375 0.04375 0.015625 0.028125
0 0.82734375 0.31953125 0.0390625 0.0515625
0 0.09609375 0.35 0.0296875 0.0421875
0 0.4921875 0.3359375 0.0390625 0.0609375
0 0.18984375 0.04453125 0.0203125 0.0328125
0 0.13671875 0.046875 0.0203125 0.028125
0 0.7359375 0.028125 0.0140625 0.01875
0 0.11875 0.40234375 0.04375 0.065625
0 0.9640625 0.37734375 0.0390625 0.0609375
0 0.11640625 0.0546875 0.015625 0.028125
0 0.72421875 0.03359375 0.015625 0.028125
0 0.70546875 0.03359375 0.0140625 0.01875
0 0.7703125 0.034375 0.0140625 0.01875
0 0.4890625 0.04609375 0.015625 0.028125
0 0.26640625 0.05390625 0.015625 0.028125
0 0.38515625 0.05 0.01875 0.01875
0 0.753125 0.0390625 0.009375 0.01875
0 0.2109375 0.05859375 0.0140625 0.01875
0 0.090625 0.06484375 0.0203125 0.0234375
0 0.52109375 0.05 0.0140625 0.01875
0 0.30859375 0.05703125 0.015625 0.0234375
0 0.24375 0.06171875 0.0203125 0.0328125
0 0.50078125 0.053125 0.009375 0.0140625
0 0.2921875 0.06015625 0.0203125 0.0328125
0 0.5078125 0.0546875 0.015625 0.0234375
0 0.565625 0.053125 0.015625 0.0234375
0 0.4609375 0.05625 0.015625 0.0234375
0 0.44765625 0.059375 0.0203125 0.0328125
0 0.690625 0.05078125 0.0203125 0.0234375
0 0.26484375 0.58984375 0.04375 0.065625
0 0.35 0.06484375 0.0203125 0.0328125
0 0.7109375 0.05234375 0.0140625 0.0140625
0 0.59765625 0.05625 0.015625 0.0234375
0 0.6796875 0.6140625 0.0484375 0.0765625
0 0.68203125 0.003125 0.0140625 0.00625
0 0.228125 0.01640625 0.0140625 0.0140625
0 0.64921875 0.00390625 0.0140625 0.0078125
0 0.70390625 0.0578125 0.015625 0.0234375
0 0.6359375 0.0625 0.0203125 0.0328125
0 0.08671875 0.08359375 0.015625 0.0234375
0 0.03828125 0.08515625 0.0203125 0.0421875
0 0.7859375 0.0640625 0.015625 0.0234375
0 0.3859375 0.078125 0.015625 0.028125
0 0.31171875 0.015625 0.0140625 0.01875
0 0.33203125 0.01484375 0.0140625 0.01875
0 0.2140625 0.0859375 0.015625 0.0234375
0 0.871875 0.06328125 0.0109375 0.0234375
0 0.24453125 0.08515625 0.025 0.0296875
0 0.88125 0.06328125 0.015625 0.0234375
0 0.05546875 0.09453125 0.0203125 0.028125
0 0.496875 0.07890625 0.015625 0.028125
0 0.328125 0.084375 0.0203125 0.0328125
0 0.48515625 0.07890625 0.0203125 0.028125
0 0.20390625 0.09140625 0.0203125 0.0328125
0 0.64921875 0.07578125 0.0203125 0.0328125
0 0.5171875 0.08046875 0.015625 0.0234375
0 0.40859375 0.08671875 0.015625 0.028125
0 0.32265625 0.85546875 0.059375 0.0984375
0 0.14296875 0.88515625 0.0734375 0.1140625
0 0.8390625 0.0765625 0.0203125 0.0234375
0 0.10859375 0.10390625 0.0203125 0.0328125
0 0.178125 0.1015625 0.015625 0.0234375
0 0.321875 0.096875 0.0203125 0.0234375
0 0.58046875 0.0875 0.0203125 0.0328125
0 0.2640625 0.10078125 0.025 0.0328125
0 0.18515625 0.10390625 0.015625 0.0328125
0 0.30078125 0.1015625 0.025 0.0296875
0 0.73359375 0.08828125 0.0203125 0.0328125
0 0.08515625 0.11328125 0.0203125 0.0234375
0 0.26484375 0.01953125 0.0203125 0.0234375
0 0.2859375 0.01875 0.015625 0.0234375
0 0.66796875 0.00859375 0.0109375 0.0171875
0 0.58515625 0.0984375 0.015625 0.0234375
0 0.3453125 0.11171875 0.0203125 0.0328125
0 0.7703125 0.09921875 0.025 0.0328125
0 0.0125 0.125 0.0203125 0.0328125
0 0.36640625 0.11328125 0.015625 0.028125
0 0.75234375 0.09921875 0.0203125 0.028125
0 0.50078125 0.10859375 0.0203125 0.0328125
0 0.5390625 0.10703125 0.0203125 0.028125
0 0.3984375 0.1140625 0.0203125 0.0328125
0 0.45625 0.11484375 0.025 0.0421875
0 0.82265625 0.1109375 0.0203125 0.0328125
0 0.60234375 0.11875 0.0203125 0.0375