0 0.4015625 0.028125 0.0234375 0.0390625
0 0.31640625 0.03984375 0.0234375 0.0390625
0 0.4671875 0.01875 0.01875 0.0375
0 0.55625 0.0125 0.01875 0.025
0 0.8671875 0.1375 0.0546875 0.0984375
0 0.7234375 0.1578125 0.040625 0.0734375
0 0.06640625 0.07734375 0.0296875 0.04375
0 0.234375 0.05625 0.0296875 0.0484375
0 0.63828125 0.0140625 0.0296875 0.028125
0 0.37578125 0.25078125 0.078125 0.1421875
0 0.53828125 0.01796875 0.0203125 0.0359375
0 0.340625 0.04375 0.0296875 0.0484375
0 0.0359375 0.3453125 0.071875 0.134375
0 0.43671875 0.03203125 0.0203125 0.0421875
0 0.678125 0.26640625 0.0703125 0.1546875
0 0.51484375 0.0234375 0.01875 0.0390625
0 0.56796875 0.01640625 0.0125 0.0296875
0 0.4625 0.0328125 0.025 0.053125
0 0.52109375 0.33359375 0.0703125 0.1453125
0 0.17890625 0.07734375 0.0171875 0.0296875
0 0.9 0.3203125 0.0796875 0.15
0 0.0234375 0.45625 0.046875 0.121875
0 0.1359375 0.08828125 0.0296875 0.053125
0 0.44765625 0.04453125 0.0140625 0.0328125
0 0.715625 0.0140625 0.025 0.028125
0 0.49375 0.03984375 0.025 0.053125
0 0.784375 0.01015625 0.025 0.0203125
0 0.57734375 0.4328125 0.1046875 0.171875
0 0.65859375 0.01953125 0.01875 0.0390625
0 0.40859375 0.50078125 0.1125 0.228125
0 0.60859375 0.02890625 0.025 0.04375
0 0.6953125 0.0203125 0.025 0.040625
0 0.1875 0.090625 0.01875 0.034375
0 0.38359375 0.01875 0.015625 0.015625
0 0.7484375 0.0203125 0.034375 0.040625
0 0.1625 0.0984375 0.0296875 0.053125
0 0.309375 0.078125 0.0296875 0.053125
0 0.8609375 0.0109375 0.034375 0.021875
0 0.72734375 0.02421875 0.0125 0.0203125
0 0.67265625 0.03125 0.0234375 0.034375
0 0.028125 0.12734375 0.05625 0.0671875
0 0.5328125 0.05625 0.034375 0.0546875
0 0.59375 0.04765625 0.025 0.053125
0 0.8203125 0.01953125 0.025 0.0390625
0 0.47890625 0.06796875 0.0265625 0.0578125
0 0.19765625 0.04453125 0.015625 0.015625
0 0.36484375 0.0234375 0.0171875 0.0203125
0 0.48359375 0.00859375 0.0171875 0.0171875
0 0.89921875 0.02578125 0.0515625 0.0515625
0 0.43828125 0.0765625 0.0296875 0.053125
0 0.63828125 0.053125 0.03125 0.0578125
0 0.334375 0.103125 0.040625 0.0640625
0 0.4015625 0.09609375 0.0390625 0.0828125
0 0.425 0.01484375 0.0171875 0.0203125
0 0.15234375 0.053125 0.021875 0.021875
0 0.68359375 0.06328125 0.0359375 0.0640625
0 0.56015625 0.08203125 0.03125 0.0625
0 0.17578125 0.14296875 0.046875 0.0828125
0 0.57265625 0.0875 0.0421875 0.078125
0 0.03515625 0.071875 0.0171875 0.025
0 0.175 0.05234375 0.021875 0.0265625
0 0.21484375 0.046875 0.021875 0.0265625
0 0.1203125 0.0625 0.021875 0.0296875
0 0.521875 0.01015625 0.021875 0.0203125
0 0.58359375 0.00625 0.0171875 0.0125
0 0.034375 0.19609375 0.0453125 0.0734375
0 0.215625 0.1734375 0.0546875 0.1015625
0 0.715625 0.103125 0.0375 0.06875
0 0.24921875 0.04453125 0.021875 0.0296875
0 0.58359375 0.00859375 0.0234375 0.0171875
0 0.3609375 0.16015625 0.0453125 0.06875
0 0.68203125 0.11484375 0.0390625 0.0828125
0 0.50703125 0.1484375 0.046875 0.0828125
0 0.140625 0.20234375 0.075 0.1453125
0 0.09765625 0.06796875 0.021875 0.0296875
0 0.0140625 0.0828125 0.028125 0.040625
0 0.76484375 0.12109375 0.0375 0.078125