0 0.0984375 0.134375 0.0265625 0.0703125
0 0.47109375 0.14921875 0.025 0.046875
0 0.91484375 0.03046875 0.025 0.0328125
0 0.62109375 0.0203125 0.0203125 0.0328125
0 0.5484375 0.0203125 0.0203125 0.0375
0 0.2546875 0.1671875 0.034375 0.05625
0 0.51328125 0.178125 0.0203125 0.0609375
0 0.07421875 0.16796875 0.025 0.0375
0 0.140625 0.1703125 0.025 0.065625
0 0.346875 0.18203125 0.0265625 0.0703125
0 0.18203125 0.17890625 0.0203125 0.0609375
0 0.16796875 0.18046875 0.0203125 0.05625
0 0.23046875 0.18515625 0.021875 0.075
0 0.584375 0.2 0.025 0.05625
0 0.03671875 0.18046875 0.0265625 0.0703125
0 0.328125 0.19296875 0.0203125 0.065625
0 0.46171875 0.19765625 0.0296875 0.065625
0 0.0171875 0.1984375 0.015625 0.0515625
0 0.6734375 0.228125 0.0203125 0.065625
0 0.2359375 0.02109375 0.015625 0.0421875
0 0.603125 0.2578125 0.0296875 0.065625
0 0.3046875 0.2546875 0.0265625 0.075
0 0.4296875 0.259375 0.021875 0.0703125
0 0.45390625 0.02734375 0.0203125 0.0546875
0 0.753125 0.27734375 0.0203125 0.05625
0 0.8828125 0.28671875 0.0265625 0.075
0 0.984375 0.2921875 0.0203125 0.0609375
0 0.81796875 0.28671875 0.0265625 0.0796875
0 0.38515625 0.2765625 0.0203125 0.05625
0 0.08203125 0.265625 0.025 0.0609375
0 0.19765625 0.26953125 0.0296875 0.0328125
0 0.01484375 0.26953125 0.015625 0.05625
0 0.35625 0.2859375 0.03125 0.0703125
0 0.21953125 0.02421875 0.0203125 0.0484375
0 0.78203125 0.31484375 0.03125 0.075
0 0.42109375 0.30703125 0.0265625 0.0703125
0 0.60078125 0.31328125 0.0265625 0.0796875
0 0.2640625 0.30390625 0.025 0.0609375
0 0.9953125 0.334375 0.009375 0.084375
0 0.703125 0.32890625 0.021875 0.0703125
0 0.66171875 0.32734375 0.03125 0.075
0 0.6828125 0.03828125 0.025 0.0640625
0 0.846875 0.04375 0.025 0.0640625
0 0.4125 0.02890625 0.015625 0.046875
0 0.72578125 0.334375 0.03125 0.075
0 0.93359375 0.34140625 0.034375 0.0609375
0 0.175 0.31484375 0.025 0.0375
0 0.85234375 0.34140625 0.0265625 0.075
0 0.58203125 0.334375 0.03125 0.0796875
0 0.1984375 0.32265625 0.03125 0.0890625
0 0.3296875 0.33203125 0.025 0.05625
0 0.53984375 0.3421875 0.03125 0.084375
0 0.03125 0.3265625 0.0265625 0.0703125
0 0.49375 0.34453125 0.03125 0.075
0 0.05625 0.33359375 0.0265625 0.0703125
0 0.29921875 0.34921875 0.03125 0.0703125
0 0.821875 0.36953125 0.03125 0.0703125
0 0.4078125 0.35546875 0.0390625 0.0796875
0 0.23203125 0.34921875 0.021875 0.0703125
0 0.12734375 0.3546875 0.025 0.05625
0 0.17109375 0.36328125 0.0265625 0.0703125
0 0.88828125 0.4 0.03125 0.0796875
0 0.36640625 0.3984375 0.0296875 0.065625
0 0.50546875 0.41171875 0.021875 0.0796875
0 0.334375 0.40625 0.0265625 0.0796875
0 0.2578125 0.4171875 0.034375 0.0796875
0 0.02578125 0.41640625 0.0296875 0.0609375
0 0.5625 0.43984375 0.0265625 0.0796875
0 0.98515625 0.46171875 0.0265625 0.084375
0 0.659375 0.0515625 0.025 0.065625
0 0.7515625 0.0546875 0.021875 0.0703125
0 0.52734375 0.459375 0.034375 0.075
0 0.7578125 0.47734375 0.0296875 0.0515625
0 0.421875 0.4828125 0.03125 0.075
0 0.61171875 0.48984375 0.0265625 0.0703125
0 0.1765625 0.47734375 0.034375 0.0609375
0 0.68984375 0.5015625 0.021875 0.075
0 0.259375 0.48671875 0.034375 0.065625
0 0.0046875 0.4796875 0.009375 0.046875
0 0.11796875 0.4890625 0.0296875 0.0609375
0 0.8140625 0.5203125 0.04375 0.075
0 0.04609375 0.49375 0.025 0.065625
0 0.94140625 0.53671875 0.03125 0.0796875
0 0.31640625 0.51953125 0.03125 0.075
0 0.59375 0.52890625 0.0296875 0.0609375
0 0.1453125 0.515625 0.015625 0.0609375
0 0.0296875 0.51171875 0.034375 0.05625
0 0.75546875 0.5390625 0.0296875 0.0515625
0 0.1984375 0.5203125 0.0296875 0.0515625
0 0.51953125 0.53984375 0.0296875 0.065625
0 0.721875 0.56796875 0.03125 0.0796875
0 0.00859375 0.54921875 0.0171875 0.0421875
0 0.1484375 0.56171875 0.0296875 0.0328125
0 0.85078125 0.5890625 0.034375 0.0703125
0 0.56875 0.6015625 0.025 0.0296875
0 0.4578125 0.59765625 0.034375 0.0609375
0 0.92890625 0.61640625 0.03125 0.0796875
0 0.0359375 0.58984375 0.025 0.0609375
0 0.32265625 0.6046875 0.03125 0.075
0 0.68828125 0.61953125 0.0390625 0.084375
0 0.4015625 0.6125 0.025 0.065625
0 0.34453125 0.05703125 0.025 0.05625
0 0.08515625 0.04765625 0.0203125 0.046875
0 0.54921875 0.621875 0.04375 0.05625
0 0.83359375 0.63671875 0.0265625 0.0703125
0 0.5 0.634375 0.034375 0.084375
0 0.06484375 0.63359375 0.0296875 0.0609375
0 0.24296875 0.63984375 0.03125 0.0703125
0 0.90390625 0.66953125 0.034375 0.084375
0 0.809375 0.66796875 0.034375 0.0890625
0 0.353125 0.66171875 0.03125 0.0796875
0 0.76015625 0.67578125 0.034375 0.0890625
0 0.64921875 0.6765625 0.0390625 0.075
0 0.96953125 0.70625 0.03125 0.0890625
0 0.03203125 0.05546875 0.025 0.05625
0 0.5671875 0.7109375 0.0390625 0.075
0 0.43359375 0.06953125 0.0265625 0.0703125
0 0.0484375 0.70390625 0.0296875 0.0609375
0 0.4296875 0.72421875 0.0453125 0.0984375
0 0.8453125 0.74375 0.034375 0.075
0 0.603125 0.73515625 0.0203125 0.065625
0 0.28359375 0.06640625 0.0265625 0.0796875
0 0.26796875 0.728125 0.03125 0.0703125
0 0.190625 0.73203125 0.0296875 0.05625
0 0.7453125 0.76796875 0.0296875 0.065625
0 0.5296875 0.7609375 0.034375 0.075
0 0.02265625 0.75234375 0.025 0.05625
0 0.471875 0.77265625 0.0390625 0.075
0 0.13515625 0.065625 0.025 0.05625
0 0.66328125 0.79296875 0.034375 0.0796875
0 0.340625 0.80234375 0.0359375 0.0984375
0 0.86640625 0.8234375 0.0375 0.0421875
0 0.64453125 0.82265625 0.04375 0.0703125
0 0.95625 0.8359375 0.034375 0.084375
0 0.39765625 0.8234375 0.0265625 0.0890625
0 0.43515625 0.83359375 0.034375 0.084375
0 0.034375 0.821875 0.025 0.05625
0 0.25 0.83828125 0.03125 0.0703125
0 0.76796875 0.8703125 0.03125 0.075
0 0.5 0.08828125 0.0265625 0.075
0 0.69765625 0.8796875 0.03125 0.084375
0 0.91953125 0.88984375 0.03125 0.09375
0 0.3296875 0.87421875 0.04375 0.065625
0 0.625 0.0921875 0.0203125 0.05625
0 0.81328125 0.89296875 0.034375 0.065625
0 0.06796875 0.871875 0.0265625 0.09375
0 0.74296875 0.89765625 0.0265625 0.0796875
0 0.37265625 0.88984375 0.0390625 0.084375
0 0.4953125 0.89609375 0.03125 0.0890625
0 0.63203125 0.903125 0.0359375 0.1171875
0 0.87265625 0.91640625 0.034375 0.084375
0 0.19921875 0.08203125 0.0203125 0.065625
0 0.84140625 0.92421875 0.0390625 0.075
0 0.21484375 0.9046875 0.040625 0.09375
0 0.54296875 0.91796875 0.034375 0.0703125
0 0.4734375 0.915625 0.03125 0.103125
0 0.603125 0.9203125 0.034375 0.0890625
0 0.2765625 0.9109375 0.025 0.0609375
0 0.67890625 0.94140625 0.0296875 0.065625
0 0.53515625 0.0953125 0.0203125 0.0609375
0 0.9671875 0.9625 0.034375 0.075
0 0.4171875 0.94921875 0.0453125 0.09375
0 0.771875 0.9625 0.053125 0.075
0 0.6 0.1 0.025 0.0609375
0 0.6734375 0.97265625 0.04375 0.0546875
0 0.321875 0.965625 0.0390625 0.05625
0 0.83671875 0.98359375 0.0421875 0.0328125
0 0.05078125 0.97265625 0.028125 0.0203125
0 0.2765625 0.00546875 0.01875 0.0109375
0 0.3125 0.00859375 0.025 0.0171875
0 0.40078125 0.09765625 0.0265625 0.0796875
0 0.8953125 0.12421875 0.0265625 0.075
0 0.99453125 0.12734375 0.0109375 0.0609375
0 0.9203125 0.1296875 0.0203125 0.065625
0 0.7953125 0.13046875 0.021875 0.0703125
0 0.9578125 0.13828125 0.021875 0.0796875
0 0.1640625 0.11796875 0.0203125 0.0234375
0 0.12734375 0.00625 0.0203125 0.0125
0 0.30859375 0.134375 0.025 0.065625
0 0.021875 0.1265625 0.021875 0.075
0 0.68828125 0.15234375 0.025 0.0609375