0 0.46484375 0.39765625 0.00625 0.01875
0 0.5015625 0.40078125 0.009375 0.00625
0 0.515625 0.4015625 0.00625 0.0140625
0 0.48046875 0.40078125 0.0109375 0.0109375
0 0.534375 0.40546875 0.00625 0.0140625
0 0.5453125 0.40703125 0.0109375 0.01875
0 0.521875 0.40703125 0.0046875 0.0046875
0 0.58671875 0.4140625 0.0109375 0.0140625
0 0.36953125 0.39765625 0.00625 0.0140625
0 0.45 0.40703125 0.0109375 0.0140625
0 0.56328125 0.4171875 0.00625 0.009375
0 0.60390625 0.4203125 0.0109375 0.0140625
0 0.41953125 0.40703125 0.0046875 0.0046875
0 0.59296875 0.421875 0.015625 0.0203125
0 0.38515625 0.40859375 0.00625 0.01875
0 0.475 0.41875 0.0109375 0.0140625
0 0.64765625 0.43828125 0.0109375 0.0234375
0 0.62578125 0.4390625 0.015625 0.0203125
0 0.4390625 0.42734375 0.0109375 0.0140625
0 0.57734375 0.44140625 0.015625 0.015625
0 0.6046875 0.44375 0.015625 0.0203125
0 0.41953125 0.4328125 0.00625 0.01875
0 0.66171875 0.45390625 0.015625 0.0203125
0 0.64140625 0.45703125 0.015625 0.0203125
0 0.7125 0.46328125 0.009375 0.00625
0 0.3015625 0.4296875 0.0265625 0.0296875
0 0.6265625 0.46015625 0.0109375 0.0140625
0 0.38203125 0.4390625 0.015625 0.0203125
0 0.48984375 0.45078125 0.015625 0.015625
0 0.3609375 0.44140625 0.0203125 0.025
0 0.5203125 0.45546875 0.015625 0.0203125
0 0.79609375 0.48203125 0.015625 0.025
0 0.22265625 0.434375 0.0359375 0.0484375
0 0.45546875 0.4546875 0.015625 0.0203125
0 0.42734375 0.4546875 0.0109375 0.01875
0 0.96484375 0.50390625 0.0171875 0.0375
0 0.8859375 0.49921875 0.021875 0.0296875
0 0.5671875 0.4734375 0.015625 0.025
0 0.70625 0.4859375 0.0109375 0.0234375
0 0.84609375 0.4984375 0.0203125 0.025
0 0.64609375 0.48203125 0.015625 0.025
0 0.728125 0.4890625 0.0109375 0.0140625
0 0.98828125 0.51171875 0.0234375 0.0703125
0 0.50234375 0.47421875 0.0109375 0.01875
0 0.534375 0.47734375 0.015625 0.015625
0 0.7609375 0.496875 0.0109375 0.01875
0 0.815625 0.5015625 0.0203125 0.025
0 0.7390625 0.49765625 0.00625 0.01875
0 0.78125 0.503125 0.015625 0.0203125
0 0.3453125 0.46796875 0.028125 0.053125
0 0.3078125 0.46640625 0.021875 0.0375
0 0.68125 0.49921875 0.0359375 0.053125
0 0.94375 0.525 0.0265625 0.0296875
0 0.715625 0.50703125 0.0171875 0.0328125
0 0.5125 0.49140625 0.0109375 0.01875
0 0.44296875 0.48828125 0.021875 0.0296875
0 0.9171875 0.53203125 0.0171875 0.0375
0 0.2828125 0.47890625 0.0328125 0.0484375
0 0.89453125 0.534375 0.03125 0.034375
0 0.59296875 0.5078125 0.0140625 0.0609375
0 0.65625 0.51640625 0.0203125 0.025
0 0.81328125 0.53203125 0.0203125 0.0203125
0 0.47109375 0.509375 0.0171875 0.0375
0 0.38359375 0.5015625 0.0328125 0.053125
0 0.55625 0.51640625 0.0328125 0.053125
0 0.52421875 0.51640625 0.0171875 0.0375
0 0.61328125 0.52890625 0.0328125 0.0484375
0 0.765625 0.54453125 0.0265625 0.0390625
0 0.21640625 0.503125 0.0359375 0.053125
0 0.49296875 0.52734375 0.021875 0.0375
0 0.428125 0.52421875 0.0359375 0.053125
0 0.725 0.55859375 0.0359375 0.053125
0 0.84375 0.57421875 0.0421875 0.0625
0 0.790625 0.57421875 0.021875 0.0421875
0 0.88515625 0.584375 0.021875 0.0421875
0 0.9296875 0.6890625 0.075 0.115625