0 0.5859375 0.27578125 0.00625 0.009375
0 0.46796875 0.2984375 0.00625 0.00625
0 0.5359375 0.28515625 0.0109375 0.0109375
0 0.23203125 0.34453125 0.0078125 0.0140625
0 0.35234375 0.32109375 0.0109375 0.0109375
0 0.68125 0.259375 0.0171875 0.0171875
0 0.58203125 0.27890625 0.0125 0.0203125
0 0.22109375 0.34921875 0.0125 0.0203125
0 0.303125 0.3328125 0.0078125 0.0140625
0 0.61171875 0.27265625 0.0109375 0.0109375
0 0.63203125 0.26875 0.0125 0.015625
0 0.603125 0.27734375 0.0125 0.0203125
0 0.66875 0.2640625 0.0125 0.015625
0 0.1640625 0.3625 0.0125 0.0203125
0 0.47109375 0.30234375 0.00625 0.009375
0 0.346875 0.32890625 0.0125 0.015625
0 0.6234375 0.27578125 0.0125 0.015625
0 0.3375 0.33125 0.0125 0.015625
0 0.49375 0.30078125 0.0125 0.0203125
0 0.25546875 0.346875 0.0125 0.015625
0 0.321875 0.33671875 0.0078125 0.01875
0 0.70625 0.26171875 0.021875 0.021875
0 0.44453125 0.3125 0.0171875 0.0171875
0 0.50390625 0.30078125 0.0125 0.015625
0 0.53359375 0.2953125 0.0171875 0.0171875
0 0.28125 0.34453125 0.0125 0.015625
0 0.4609375 0.309375 0.0171875 0.0171875
0 0.31328125 0.340625 0.0140625 0.025
0 0.47265625 0.309375 0.00625 0.009375
0 0.55625 0.29296875 0.0171875 0.0203125
0 0.690625 0.2671875 0.0109375 0.0109375
0 0.12890625 0.3765625 0.0171875 0.0203125
0 0.390625 0.328125 0.0125 0.015625
0 0.41875 0.32265625 0.0125 0.015625
0 0.515625 0.303125 0.0125 0.0203125
0 0.34140625 0.33984375 0.0125 0.0203125
0 0.4078125 0.32734375 0.0125 0.015625
0 0.88515625 0.23671875 0.0171875 0.0203125
0 0.5328125 0.3046875 0.0109375 0.0109375
0 0.21953125 0.365625 0.0125 0.015625
0 0.57578125 0.296875 0.0203125 0.0171875
0 0.74609375 0.26328125 0.0234375 0.0265625
0 0.371875 0.3359375 0.01875 0.025
0 0.62109375 0.2875 0.0140625 0.0078125
0 0.69921875 0.275 0.015625 0.0125
0 0.63984375 0.28671875 0.0171875 0.0171875
0 0.40859375 0.33359375 0.0125 0.0203125
0 0.5671875 0.303125 0.0125 0.015625
0 0.66796875 0.28359375 0.0125 0.015625
0 0.3546875 0.34453125 0.0125 0.015625
0 0.090625 0.39765625 0.00625 0.009375
0 0.18671875 0.3796875 0.0125 0.0203125
0 0.65703125 0.28828125 0.015625 0.0125
0 0.42109375 0.33359375 0.0109375 0.0109375
0 0.275 0.3625 0.0125 0.0203125
0 0.50703125 0.3171875 0.0171875 0.0203125
0 0.603125 0.30078125 0.0171875 0.0171875
0 0.2984375 0.36015625 0.0125 0.0203125
0 0.17421875 0.38671875 0.01875 0.025
0 0.228125 0.37578125 0.0171875 0.0171875
0 0.4484375 0.33359375 0.0125 0.0203125
0 0.39609375 0.34375 0.0171875 0.0203125
0 0.52578125 0.31796875 0.0171875 0.0203125
0 0.61953125 0.3 0.0125 0.015625
0 0.421875 0.340625 0.0109375 0.0109375
0 0.64453125 0.29765625 0.0171875 0.0171875
0 0.32421875 0.36015625 0.0140625 0.025
0 0.63046875 0.3 0.0171875 0.0171875
0 0.70546875 0.2859375 0.021875 0.021875
0 0.21015625 0.38203125 0.01875 0.025
0 0.4375 0.3375 0.0125 0.0203125
0 0.5546875 0.3171875 0.01875 0.025
0 0.08828125 0.4078125 0.0125 0.0203125
0 0.4859375 0.33046875 0.0140625 0.025
0 0.47265625 0.33359375 0.01875 0.025
0 0.53828125 0.3203125 0.021875 0.021875
0 0.93359375 0.24609375 0.01875 0.025
0 0.77734375 0.2765625 0.0171875 0.0171875
0 0.66875 0.29765625 0.021875 0.021875
0 0.59375 0.31484375 0.00625 0.009375
0 0.34609375 0.3625 0.0234375 0.03125
0 0.56640625 0.3203125 0.01875 0.025
0 0.7640625 0.28125 0.0234375 0.0265625
0 0.26875 0.378125 0.01875 0.025
0 0.43515625 0.3453125 0.0125 0.0203125
0 0.246875 0.384375 0.0171875 0.0203125
0 0.928125 0.25234375 0.0140625 0.025
0 0.49453125 0.33671875 0.0125 0.0203125
0 0.5078125 0.33359375 0.025 0.034375
0 0.64453125 0.309375 0.0171875 0.0203125
0 0.23125 0.38984375 0.025 0.034375
0 0.4109375 0.35703125 0.0171875 0.0203125
0 0.61328125 0.31796875 0.01875 0.025
0 0.65859375 0.309375 0.0125 0.0203125
0 0.0046875 0.4375 0.009375 0.040625
0 0.42734375 0.35390625 0.021875 0.021875
0 0.31953125 0.375 0.0125 0.0203125
0 0.57890625 0.3265625 0.01875 0.0296875
0 0.1046875 0.41875 0.028125 0.028125
0 0.025 0.434375 0.0296875 0.040625
0 0.9109375 0.26171875 0.0265625 0.0234375
0 0.59140625 0.3265625 0.0125 0.0203125
0 0.39765625 0.3640625 0.01875 0.025
0 0.33671875 0.37578125 0.0234375 0.0265625
0 0.86875 0.27265625 0.01875 0.025
0 0.309375 0.38125 0.0203125 0.034375
0 0.603125 0.3265625 0.0171875 0.0203125
0 0.95546875 0.26015625 0.0109375 0.0375
0 0.2125 0.4046875 0.0296875 0.040625
0 0.15078125 0.41640625 0.0171875 0.0203125
0 0.8921875 0.275 0.021875 0.021875
0 0.17421875 0.4140625 0.0234375 0.0265625
0 0.271875 0.3953125 0.025 0.034375
0 0.38125 0.3765625 0.0234375 0.0265625
0 0.1296875 0.42578125 0.021875 0.021875
0 0.196875 0.4125 0.0296875 0.040625
0 0.66640625 0.32578125 0.021875 0.021875
0 0.54375 0.35 0.01875 0.0296875
0 0.30546875 0.39609375 0.01875 0.0296875
0 0.6859375 0.325 0.0125 0.0203125
0 0.096875 0.4390625 0.0296875 0.040625
0 0.25859375 0.41015625 0.0296875 0.0359375
0 0.625 0.34140625 0.021875 0.021875
0 0.92109375 0.2859375 0.028125 0.028125
0 0.69765625 0.3296875 0.01875 0.0296875
0 0.08203125 0.44921875 0.03125 0.0453125
0 0.64375 0.3421875 0.0234375 0.0265625
0 0.88984375 0.296875 0.0234375 0.0265625
0 0.7515625 0.32578125 0.0171875 0.0203125
0 0.1296875 0.44921875 0.0234375 0.03125
0 0.03359375 0.46796875 0.01875 0.025
0 0.9 0.30234375 0.0203125 0.0171875
0 0.7890625 0.32578125 0.0296875 0.0359375
0 0.7375 0.33828125 0.025 0.034375
0 0.84453125 0.3203125 0.0328125 0.028125
0 0.68203125 0.35390625 0.034375 0.0375
0 0.4796875 0.3953125 0.0234375 0.03125
0 0.2421875 0.446875 0.0296875 0.040625
0 0.15859375 0.465625 0.0359375 0.05
0 0.96484375 0.31953125 0.0203125 0.05625
0 0.7625 0.359375 0.0390625 0.046875
0 0.91328125 0.34375 0.046875 0.065625
0 0.021875 0.51796875 0.04375 0.0609375
0 0.8140625 0.365625 0.03125 0.05
0 0.85390625 0.3671875 0.0390625 0.046875
0 0.00703125 0.534375 0.0140625 0.025
0 0.1265625 0.51875 0.040625 0.0515625
0 0.86640625 0.38203125 0.04375 0.046875
0 0.959375 0.36640625 0.03125 0.0453125
0 0.1140625 0.53984375 0.0515625 0.0671875
0 0.97578125 0.375 0.0203125 0.05625
0 0.946875 0.4203125 0.0515625 0.0671875
0 0.04609375 0.62578125 0.0453125 0.0515625
0 0.459375 0.5453125 0.0765625 0.0984375
0 0.87734375 0.48828125 0.071875 0.1015625
0 0.59375 0.54296875 0.075 0.09375
0 0.03984375 0.6796875 0.0421875 0.0828125
0 0.1921875 0.66328125 0.0875 0.1078125
0 0.7875 0.58359375 0.084375 0.1
0 0.0640625 0.76875 0.05625 0.0859375
0 0.2984375 0.7375 0.11875 0.1359375
0 0.63515625 0.76796875 0.1140625 0.1359375
0 0.1359375 0.92578125 0.13125 0.1484375
0 0.44453125 0.9546875 0.1140625 0.090625
0 0.98828125 0.87578125 0.0234375 0.0765625
0 0.65703125 0.95703125 0.071875 0.053125
0 0.578125 0.2109375 0.0171875 0.0203125
0 0.0078125 0.3484375 0.0125 0.0203125
0 0.853125 0.18359375 0.034375 0.0375
0 0.1265625 0.32734375 0.00625 0.00625
0 0.2 0.31796875 0.00625 0.00625
0 0.4296875 0.2734375 0.00625 0.009375
0 0.103125 0.33671875 0.00625 0.00625
0 0.1296875 0.33125 0.00625 0.00625
0 0.61171875 0.23828125 0.0125 0.015625
0 0.12109375 0.3359375 0.00625 0.00625
0 0.26640625 0.30703125 0.0109375 0.0109375
0 0.07578125 0.34453125 0.00625 0.00625
0 0.19921875 0.32265625 0.00625 0.00625
0 0.14921875 0.3328125 0.0109375 0.0109375
0 0.08125 0.34609375 0.00625 0.00625
0 0.46953125 0.2703125 0.00625 0.00625
0 0.321875 0.29921875 0.00625 0.00625
0 0.17421875 0.32734375 0.00625 0.00625
0 0.44453125 0.275 0.00625 0.00625
0 0.42890625 0.28046875 0.0109375 0.0109375
0 0.496875 0.2671875 0.00625 0.00625
0 0.4609375 0.27421875 0.00625 0.00625
0 0.10625 0.34296875 0.00625 0.009375
0 0.4859375 0.26953125 0.00625 0.00625
0 0.73515625 0.22109375 0.0171875 0.0203125
0 0.68359375 0.23359375 0.0125 0.015625
0 0.44296875 0.28046875 0.00625 0.00625
0 0.0109375 0.3640625 0.00625 0.00625
0 0.475 0.27421875 0.00625 0.00625
0 0.55703125 0.26015625 0.00625 0.00625
0 0.5640625 0.259375 0.00625 0.00625
0 0.38671875 0.29375 0.00625 0.009375
0 0.59140625 0.25390625 0.0125 0.015625
0 0.51875 0.2703125 0.0109375 0.0109375
0 0.66953125 0.24140625 0.0125 0.0203125
0 0.128125 0.34609375 0.00625 0.00625
0 0.65546875 0.24375 0.00625 0.009375
0 0.35546875 0.30234375 0.0109375 0.0109375
0 0.503125 0.2734375 0.00625 0.009375
0 0.278125 0.3171875 0.0125 0.015625
0 0.4296875 0.2875 0.00625 0.00625
0 0.6421875 0.2484375 0.00625 0.00625
0 0.12109375 0.35 0.0078125 0.0140625
0 0.46328125 0.28515625 0.0078125 0.0140625
0 0.02890625 0.36953125 0.0125 0.015625
0 0.4375 0.28984375 0.00625 0.00625
0 0.55 0.26796875 0.00625 0.00625
0 0.38828125 0.30234375 0.00625 0.00625
0 0.47265625 0.2859375 0.00625 0.00625
0 0.490625 0.28203125 0.0125 0.015625
0 0.45234375 0.28984375 0.0078125 0.0140625
0 0.13828125 0.35078125 0.0078125 0.0140625
0 0.32265625 0.31484375 0.0078125 0.0140625
0 0.159375 0.346875 0.0125 0.015625
0 0.41640625 0.29921875 0.00625 0.009375
0 0.34375 0.31328125 0.0109375 0.0109375
0 0.39765625 0.30234375 0.00625 0.009375
0 0.56796875 0.26953125 0.00625 0.009375
0 0.14765625 0.35078125 0.00625 0.009375
0 0.334375 0.31484375 0.0125 0.0203125
0 0.08046875 0.36640625 0.0125 0.015625
0 0.5234375 0.28046875 0.00625 0.009375
0 0.81171875 0.22421875 0.034375 0.0421875
0 0.19609375 0.34453125 0.00625 0.009375
0 0.42421875 0.30234375 0.00625 0.00625
0 0.3921875 0.30859375 0.00625 0.00625
0 0.153125 0.3546875 0.0109375 0.0109375
0 0.5421875 0.27890625 0.00625 0.00625
0 0.4484375 0.29765625 0.00625 0.009375
0 0.646875 0.259375 0.00625 0.009375
0 0.40859375 0.3078125 0.0109375 0.0109375
0 0.4609375 0.29765625 0.00625 0.009375