0 0.56015625 0.3515625 0.0640625 0.1078125
0 0.7140625 0.3734375 0.059375 0.10625
0 0.21328125 0.3125 0.0640625 0.1078125
0 0.084375 0.2984375 0.06875 0.103125
0 0.46875 0.35546875 0.0578125 0.09375
0 0.7765625 0.3984375 0.053125 0.09375
0 0.915625 0.425 0.0625 0.09375
0 0.2984375 0.3546875 0.06875 0.1078125
0 0.83359375 0.4578125 0.0484375 0.0921875
0 0.4015625 0.41796875 0.0609375 0.08125
0 0.16171875 0.3984375 0.075 0.1234375
0 0.89140625 0.50859375 0.0625 0.09375
0 0.50234375 0.08203125 0.053125 0.09375
0 0.70703125 0.1265625 0.0578125 0.0890625
0 0.4078125 0.0890625 0.0515625 0.0796875
0 0.5796875 0.1203125 0.0515625 0.084375
0 0.86171875 0.171875 0.0546875 0.0984375
0 0.79453125 0.1671875 0.0515625 0.084375
0 0.375 0.10859375 0.053125 0.09375
0 0.4484375 0.12109375 0.0625 0.09375
0 0.6265625 0.1484375 0.0421875 0.078125
0 0.28828125 0.12421875 0.0578125 0.0890625
0 0.5375 0.1640625 0.040625 0.06875
0 0.73203125 0.19609375 0.059375 0.10625
0 0.66484375 0.19375 0.059375 0.10625
0 0.978125 0.2546875 0.04375 0.09375
0 0.578125 0.20703125 0.053125 0.09375
0 0.8734375 0.25625 0.0390625 0.0859375
0 0.81640625 0.2609375 0.04375 0.0875
0 0.22734375 0.178125 0.0640625 0.1078125
0 0.46953125 0.2171875 0.0515625 0.084375
0 0.75625 0.26953125 0.0546875 0.10625
0 0.61640625 0.2546875 0.053125 0.09375
0 0.39140625 0.225 0.0578125 0.09375
0 0.32421875 0.21796875 0.0609375 0.0859375
0 0.515625 0.2546875 0.046875 0.078125
0 0.89453125 0.3171875 0.053125 0.09375
0 0.6671875 0.29453125 0.059375 0.103125
0 0.8453125 0.31953125 0.053125 0.09375
0 0.971875 0.34453125 0.05625 0.0984375
0 0.43515625 0.28515625 0.0625 0.09375
0 0.13515625 0.25234375 0.06875 0.103125
0 0.2671875 0.27578125 0.0671875 0.0953125