0 0.490625 0.16171875 0.0203125 0.0203125
0 0.58515625 0.15703125 0.015625 0.015625
0 0.55546875 0.16171875 0.015625 0.0203125
0 0.35703125 0.17578125 0.025 0.0296875
0 0.5203125 0.16640625 0.0296875 0.025
0 0.01015625 0.20390625 0.0203125 0.0296875
0 0.13984375 0.19765625 0.0296875 0.034375
0 0.4703125 0.175 0.0296875 0.0203125
0 0.678125 0.1625 0.021875 0.0375
0 0.6625 0.165625 0.0296875 0.034375
0 0.334375 0.1890625 0.0296875 0.034375
0 0.4015625 0.18671875 0.015625 0.025
0 0.36953125 0.19140625 0.025 0.025
0 0.565625 0.17734375 0.0203125 0.0296875
0 0.5015625 0.184375 0.0203125 0.0203125
0 0.54296875 0.18125 0.025 0.025
0 0.61015625 0.17890625 0.025 0.0296875
0 0.425 0.19453125 0.025 0.0328125
0 0.05859375 0.225 0.0109375 0.01875
0 0.91484375 0.16484375 0.025 0.0296875
0 0.71171875 0.18125 0.03125 0.04375
0 0.22734375 0.2171875 0.0296875 0.034375
0 0.08125 0.228125 0.015625 0.025
0 0.17890625 0.2234375 0.03125 0.04375
0 0.009375 0.23515625 0.01875 0.0296875
0 0.6296875 0.19140625 0.0296875 0.034375
0 0.19765625 0.22421875 0.025 0.0328125
0 0.27578125 0.21875 0.03125 0.04375
0 0.3546875 0.21328125 0.034375 0.0390625
0 0.46328125 0.20546875 0.0296875 0.034375
0 0.03828125 0.23984375 0.025 0.0296875
0 0.55390625 0.20625 0.025 0.0328125
0 0.44375 0.21640625 0.0296875 0.034375
0 0.80546875 0.19140625 0.040625 0.0484375
0 0.84453125 0.190625 0.0203125 0.0328125
0 0.93515625 0.184375 0.03125 0.0484375
0 0.1109375 0.24453125 0.0296875 0.034375
0 0.2953125 0.23125 0.03125 0.04375
0 0.3875 0.22890625 0.0265625 0.0375
0 0.9609375 0.1890625 0.03125 0.0484375
0 0.91484375 0.19921875 0.034375 0.04375
0 0.7671875 0.209375 0.03125 0.0390625
0 0.8625 0.2125 0.03125 0.04375
0 0.88125 0.2109375 0.03125 0.0578125
0 0.4890625 0.23828125 0.03125 0.0484375
0 0.14453125 0.26484375 0.0296875 0.0296875
0 0.00859375 0.275 0.0171875 0.04375
0 0.6 0.23515625 0.0359375 0.053125
0 0.2421875 0.26015625 0.03125 0.0390625
0 0.21015625 0.2765625 0.034375 0.04375
0 0.51796875 0.26015625 0.0359375 0.053125
0 0.046875 0.2953125 0.0390625 0.0390625
0 0.33359375 0.27734375 0.034375 0.034375
0 0.11484375 0.2953125 0.034375 0.04375
0 0.9140625 0.2484375 0.025 0.0328125
0 0.57734375 0.278125 0.0453125 0.0578125
0 0.8453125 0.2640625 0.0359375 0.053125
0 0.33515625 0.30703125 0.0453125 0.053125
0 0.4625 0.303125 0.0359375 0.0484375
0 0.715625 0.296875 0.040625 0.0625
0 0.02734375 0.35 0.0453125 0.053125
0 0.23828125 0.33984375 0.0453125 0.053125
0 0.82265625 0.3015625 0.03125 0.04375
0 0.8 0.3125 0.040625 0.053125
0 0.09375 0.3640625 0.040625 0.053125
0 0.7546875 0.3203125 0.040625 0.053125
0 0.421875 0.3453125 0.0453125 0.0625
0 0.1265625 0.36640625 0.0453125 0.0578125
0 0.2140625 0.3625 0.0453125 0.053125
0 0.47578125 0.353125 0.0453125 0.0578125
0 0.70703125 0.33671875 0.034375 0.0296875
0 0.2015625 0.37890625 0.0359375 0.0578125
0 0.30546875 0.37421875 0.034375 0.034375
0 0.5875 0.359375 0.0453125 0.053125
0 0.56015625 0.3609375 0.03125 0.053125
0 0.01328125 0.41015625 0.0265625 0.0390625
0 0.175 0.40234375 0.0359375 0.0484375
0 0.89765625 0.35390625 0.04375 0.0484375
0 0.08125 0.415625 0.040625 0.0578125
0 0.2796875 0.4015625 0.0484375 0.04375
0 0.3078125 0.4046875 0.0359375 0.0484375
0 0.83515625 0.37265625 0.04375 0.0484375
0 0.73515625 0.38203125 0.046875 0.0765625
0 0.68671875 0.38515625 0.0546875 0.059375
0 0.4359375 0.415625 0.0390625 0.0390625
0 0.76171875 0.3953125 0.03125 0.0484375
0 0.79921875 0.39765625 0.0546875 0.0546875
0 0.89921875 0.3953125 0.0390625 0.034375
0 0.8640625 0.39765625 0.0484375 0.04375
0 0.55 0.42421875 0.0359375 0.053125
0 0.71953125 0.421875 0.0671875 0.096875
0 0.19140625 0.4609375 0.0375 0.08125
0 0.59921875 0.4328125 0.065625 0.078125
0 0.02578125 0.4796875 0.0515625 0.078125
0 0.13828125 0.471875 0.0453125 0.0671875
0 0.2375 0.4671875 0.0578125 0.1046875
0 0.47109375 0.45546875 0.0515625 0.0765625
0 0.50859375 0.45546875 0.05625 0.0921875
0 0.85 0.43203125 0.040625 0.0484375
0 0.68671875 0.4453125 0.0359375 0.0578125
0 0.4234375 0.46875 0.059375 0.059375
0 0.92734375 0.4421875 0.040625 0.0671875
0 0.88203125 0.45 0.0390625 0.04375
0 0.27265625 0.49453125 0.0625 0.096875
0 0.9734375 0.44609375 0.053125 0.0953125
0 0.796875 0.4671875 0.065625 0.0921875
0 0.0953125 0.52109375 0.065625 0.0875
0 0.3078125 0.5109375 0.03125 0.0578125
0 0.35703125 0.5171875 0.0515625 0.0859375
0 0.3921875 0.51953125 0.0421875 0.090625
0 0.59140625 0.5078125 0.065625 0.0921875
0 0.43515625 0.53046875 0.0703125 0.0921875
0 0.65703125 0.52109375 0.0609375 0.078125
0 0.90546875 0.55546875 0.0875 0.134375
0 0.08203125 0.6640625 0.103125 0.159375