0 0.8296875 0.3046875 0.0765625 0.103125
0 0.98046875 0.35625 0.0390625 0.078125
0 0.2421875 0.22421875 0.0453125 0.05625
0 0.39375 0.25703125 0.040625 0.05625
0 0.425 0.26796875 0.0546875 0.08125
0 0.4859375 0.2921875 0.05 0.0578125
0 0.115625 0.22265625 0.04375 0.04375
0 0.36875 0.27890625 0.05 0.0578125
0 0.15625 0.23984375 0.01875 0.025
0 0.6609375 0.340625 0.0640625 0.0828125
0 0.17890625 0.24921875 0.0375 0.0546875
0 0.0796875 0.234375 0.0234375 0.0265625
0 0.0921875 0.24140625 0.0234375 0.03125
0 0.05234375 0.24375 0.0359375 0.06875
0 0.1171875 0.2609375 0.034375 0.0375