0 0.115625 0.08828125 0.034375 0.0390625
0 0.7578125 0.13125 0.034375 0.04375
0 0.31171875 0.11015625 0.04375 0.053125
0 0.5125 0.125 0.040625 0.0671875
0 0.1546875 0.10859375 0.034375 0.0484375
0 0.35078125 0.12109375 0.0390625 0.0578125
0 0.3890625 0.13515625 0.0390625 0.04375
0 0.94375 0.16640625 0.059375 0.0765625
0 0.1046875 0.12734375 0.0390625 0.0625
0 0.16484375 0.1328125 0.034375 0.0484375
0 0.621875 0.15703125 0.04375 0.0578125
0 0.44921875 0.14765625 0.034375 0.0484375
0 0.0328125 0.13046875 0.03125 0.05625
0 0.2875 0.0109375 0.034375 0.021875
0 0.40390625 0.1703125 0.034375 0.0484375
0 0.2234375 0.16328125 0.0296875 0.0375
0 0.125 0.00859375 0.034375 0.0171875
0 0.71015625 0.02890625 0.04375 0.0390625
0 0.28125 0.16640625 0.0390625 0.0625
0 0.79453125 0.2 0.0453125 0.0671875
0 0.165625 0.1671875 0.0390625 0.04375
0 0.72734375 0.196875 0.04375 0.0578125
0 0.553125 0.18984375 0.0390625 0.053125
0 0.61328125 0.19296875 0.0390625 0.0578125
0 0.35546875 0.0171875 0.0296875 0.034375
0 0.0671875 0.178125 0.0203125 0.0328125
0 0.34921875 0.2 0.0390625 0.0484375
0 0.1984375 0.015625 0.034375 0.03125
0 0.56171875 0.02578125 0.0390625 0.0484375
0 0.4484375 0.021875 0.04375 0.04375
0 0.0609375 0.20078125 0.0390625 0.053125
0 0.503125 0.0234375 0.04375 0.046875
0 0.765625 0.03671875 0.0390625 0.04375
0 0.1421875 0.21484375 0.0453125 0.0671875
0 0.36328125 0.228125 0.04375 0.053125
0 0.7328125 0.25703125 0.04375 0.0625
0 0.58203125 0.25625 0.0453125 0.071875
0 0.42734375 0.25078125 0.04375 0.0578125
0 0.9234375 0.28828125 0.0546875 0.0859375
0 0.21171875 0.2578125 0.05 0.0671875
0 0.94765625 0.05078125 0.04375 0.0578125
0 0.1734375 0.2671875 0.0390625 0.0625
0 0.10625 0.265625 0.0453125 0.071875
0 0.646875 0.3109375 0.05 0.0671875
0 0.315625 0.3 0.0546875 0.0671875
0 0.2109375 0.315625 0.053125 0.0578125
0 0.4140625 0.33359375 0.0546875 0.08125
0 0.7640625 0.37421875 0.0796875 0.11875
0 0.55703125 0.38046875 0.0453125 0.0765625
0 0.71484375 0.390625 0.0453125 0.08125
0 0.4859375 0.40859375 0.059375 0.0859375
0 0.171875 0.3921875 0.0453125 0.0765625
0 0.2359375 0.40234375 0.0453125 0.08125
0 0.08046875 0.4109375 0.05 0.071875
0 0.35078125 0.425 0.0640625 0.090625
0 0.2796875 0.42109375 0.0640625 0.0765625
0 0.56640625 0.46640625 0.0703125 0.1046875
0 0.02109375 0.440625 0.040625 0.071875
0 0.840625 0.06796875 0.0546875 0.0765625
0 0.64375 0.06015625 0.03125 0.0515625
0 0.58515625 0.06875 0.0390625 0.053125
0 0.70546875 0.07734375 0.0390625 0.0625
0 0.534375 0.07109375 0.0390625 0.0484375
0 0.27265625 0.059375 0.034375 0.053125
0 0.35625 0.06875 0.03125 0.05625
0 0.18671875 0.0640625 0.0390625 0.053125
0 0.45 0.0828125 0.04375 0.053125
0 0.0453125 0.06875 0.034375 0.04375