0 0.32578125 0.05703125 0.040625 0.06875
0 0.5796875 0.02734375 0.040625 0.0546875
0 0.77265625 0.01171875 0.0390625 0.0234375
0 0.79375 0.3296875 0.046875 0.078125
0 0.10625 0.4265625 0.05625 0.0796875
0 0.303125 0.4109375 0.040625 0.0640625
0 0.22265625 0.42421875 0.040625 0.06875
0 0.59140625 0.37265625 0.05 0.0703125
0 0.69921875 0.01875 0.0359375 0.0375
0 0.8921875 0.34921875 0.0515625 0.084375
0 0.3953125 0.42578125 0.05 0.065625
0 0.834375 0.36875 0.0390625 0.0546875
0 0.50078125 0.0390625 0.0359375 0.0640625
0 0.95859375 0.3703125 0.05625 0.084375
0 0.02265625 0.50390625 0.0453125 0.0890625
0 0.76484375 0.4046875 0.046875 0.078125
0 0.5234375 0.4453125 0.0453125 0.06875
0 0.46171875 0.45625 0.040625 0.06875
0 0.425 0.4640625 0.0453125 0.0734375
0 0.5421875 0.03828125 0.040625 0.0734375
0 0.159375 0.521875 0.0515625 0.084375
0 0.078125 0.540625 0.0515625 0.0796875
0 0.29609375 0.5125 0.0609375 0.08125
0 0.8671875 0.43671875 0.0421875 0.0828125
0 0.36328125 0.52421875 0.0515625 0.0796875
0 0.26640625 0.08125 0.040625 0.06875
0 0.68046875 0.48671875 0.05625 0.084375
0 0.6125 0.50546875 0.0453125 0.0734375
0 0.84375 0.0171875 0.040625 0.034375
0 0.04140625 0.625 0.0625 0.09375
0 0.21796875 0.603125 0.0578125 0.0890625
0 0.771875 0.53671875 0.053125 0.09375
0 0.946875 0.521875 0.0640625 0.1078125
0 0.525 0.59453125 0.046875 0.0828125
0 0.853125 0.55078125 0.053125 0.0890625
0 0.6078125 0.61328125 0.0546875 0.1015625
0 0.3953125 0.65546875 0.0578125 0.0890625
0 0.30546875 0.6796875 0.0515625 0.0796875
0 0.6859375 0.62578125 0.053125 0.0890625
0 0.1546875 0.70546875 0.0515625 0.084375
0 0.47109375 0.6765625 0.0453125 0.06875
0 0.065625 0.73828125 0.0671875 0.090625
0 0.13359375 0.11953125 0.0375 0.05
0 0.98828125 0.62109375 0.0234375 0.0921875
0 0.86640625 0.66171875 0.0640625 0.103125
0 0.26015625 0.77421875 0.0453125 0.06875
0 0.73671875 0.71953125 0.0625 0.09375
0 0.53515625 0.75234375 0.0640625 0.1078125
0 0.19609375 0.1171875 0.0453125 0.0734375
0 0.809375 0.72109375 0.053125 0.0890625
0 0.3390625 0.803125 0.0625 0.0984375
0 0.64453125 0.76484375 0.0546875 0.1015625
0 0.28984375 0.83359375 0.0515625 0.0796875
0 0.215625 0.85546875 0.0609375 0.0859375
0 0.4375 0.8359375 0.0625 0.0984375
0 0.95546875 0.78359375 0.046875 0.078125
0 0.11171875 0.91171875 0.0765625 0.0921875
0 0.31875 0.109375 0.040625 0.06875
0 0.8890625 0.040625 0.040625 0.06875
0 0.06171875 0.16171875 0.05 0.065625
0 0.61953125 0.0859375 0.0453125 0.0734375
0 0.11796875 0.06328125 0.0359375 0.0328125
0 0.2390625 0.14140625 0.034375 0.0546875
0 0.44453125 0.12421875 0.028125 0.0390625
0 0.3765625 0.13671875 0.040625 0.06875
0 0.5625 0.1125 0.040625 0.06875
0 0.49375 0.12421875 0.040625 0.06875
0 0.68671875 0.09765625 0.040625 0.0640625
0 0.8265625 0.08046875 0.0453125 0.0734375
0 0.74921875 0.09375 0.0453125 0.06875
0 0.4046875 0.025 0.0359375 0.0359375
0 0.17265625 0.18828125 0.034375 0.0453125
0 0.13671875 0.19375 0.040625 0.0640625
0 0.421875 0.1609375 0.0359375 0.059375
0 0.453125 0.16484375 0.034375 0.05
0 0.3265625 0.1828125 0.0328125 0.0671875
0 0.00859375 0.23203125 0.0171875 0.0828125
0 0.91875 0.10625 0.0515625 0.084375
0 0.1015625 0.22421875 0.040625 0.06875
0 0.52421875 0.171875 0.040625 0.0734375
0 0.23828125 0.05078125 0.028125 0.0390625
0 0.0046875 0.08515625 0.009375 0.0390625
0 0.18125 0.22890625 0.040625 0.0640625
0 0.6078125 0.16953125 0.0453125 0.06875
0 0.2625 0.22265625 0.03125 0.0578125
0 0.8546875 0.14140625 0.05 0.075
0 0.6828125 0.175 0.0390625 0.059375
0 0.0328125 0.26640625 0.040625 0.0734375
0 0.77109375 0.165625 0.046875 0.078125
0 0.646875 0.01171875 0.0375 0.0234375
0 0.1765625 0.0640625 0.025 0.0484375
0 0.04609375 0.0828125 0.0421875 0.05
0 0.35 0.2453125 0.0453125 0.0734375
0 0.428125 0.23671875 0.040625 0.0640625
0 0.73671875 0.2 0.0453125 0.06875
0 0.2640625 0.2875 0.04375 0.059375
0 0.50625 0.26328125 0.040625 0.0734375
0 0.30546875 0.29375 0.0296875 0.0484375
0 0.09453125 0.3234375 0.0421875 0.0828125
0 0.6640625 0.253125 0.05 0.0703125
0 0.58828125 0.265625 0.0453125 0.0734375
0 0.46484375 0.03125 0.0359375 0.0625
0 0.43515625 0.03671875 0.0375 0.0671875
0 0.178125 0.3390625 0.05 0.075
0 0.840625 0.2625 0.053125 0.0890625
0 0.01328125 0.3828125 0.0265625 0.06875
0 0.92421875 0.2578125 0.046875 0.078125
0 0.35859375 0.33984375 0.046875 0.0828125
0 0.3671875 0.04609375 0.0328125 0.0671875
0 0.4578125 0.34921875 0.046875 0.078125
0 0.5234375 0.3515625 0.0453125 0.06875
0 0.6921875 0.3328125 0.0453125 0.0734375