0 0.98125 0.3875 0.0375 0.109375
0 0.91640625 0.38046875 0.084375 0.125
0 0.56640625 0.33359375 0.109375 0.1390625
0 0.70703125 0.36484375 0.071875 0.109375
0 0.11015625 0.2734375 0.0796875 0.125
0 0.240625 0.30625 0.0953125 0.1359375
0 0.46171875 0.35703125 0.078125 0.1203125
0 0.75234375 0.42734375 0.0953125 0.1359375
0 0.3546875 0.4203125 0.109375 0.165625
0 0.82109375 0.5171875 0.115625 0.1484375
0 0.67578125 0.54296875 0.1203125 0.1359375
0 0.6046875 0.225 0.0484375 0.0484375
0 0.85078125 0.26875 0.05625 0.0984375
0 0.18984375 0.1515625 0.053125 0.0796875
0 0.66796875 0.23828125 0.0484375 0.075
0 0.2875 0.18515625 0.0671875 0.0828125
0 0.73125 0.26796875 0.0515625 0.0671875
0 0.58203125 0.24609375 0.0578125 0.0546875
0 0.53828125 0.24296875 0.0609375 0.06875
0 0.96328125 0.3234375 0.053125 0.075
0 0.14140625 0.178125 0.053125 0.0484375
0 0.87890625 0.31328125 0.065625 0.1
0 0.06796875 0.1796875 0.0546875 0.115625
0 0.45703125 0.2484375 0.059375 0.0859375
0 0.81953125 0.3265625 0.0484375 0.075
0 0.37734375 0.25078125 0.065625 0.0953125
0 0.1984375 0.22578125 0.06875 0.11875
0 0.67890625 0.3125 0.05625 0.0984375