0 0.7203125 0.1453125 0.0515625 0.084375
0 0.68828125 0.1453125 0.0515625 0.0796875
0 0.171875 0.07265625 0.05 0.075
0 0.5109375 0.125 0.059375 0.0765625
0 0.5890625 0.14765625 0.059375 0.0765625
0 0.7875 0.1828125 0.0453125 0.0640625
0 0.0984375 0.09296875 0.0609375 0.08125
0 0.84921875 0.2078125 0.05625 0.084375
0 0.51484375 0.16484375 0.071875 0.090625
0 0.8078125 0.20859375 0.040625 0.0734375
0 0.32109375 0.1453125 0.0625 0.09375
0 0.5953125 0.1859375 0.0453125 0.0734375
0 0.19765625 0.14453125 0.0609375 0.0859375
0 0.0609375 0.13203125 0.0390625 0.0828125
0 0.475 0.1953125 0.065625 0.08125
0 0.6234375 0.22109375 0.0453125 0.0640625
0 0.1234375 0.15546875 0.0671875 0.0953125
0 0.98828125 0.29453125 0.0234375 0.0609375
0 0.45546875 0.02109375 0.0484375 0.0421875
0 0.78671875 0.2921875 0.0546875 0.075
0 0.95546875 0.31875 0.0609375 0.08125
0 0.55234375 0.2640625 0.059375 0.0765625
0 0.74921875 0.3015625 0.046875 0.0515625
0 0.18515625 0.2296875 0.0609375 0.0859375
0 0.0546875 0.2265625 0.053125 0.0890625
0 0.50546875 0.28984375 0.0625 0.090625
0 0.35625 0.2765625 0.0765625 0.1015625
0 0.115625 0.24453125 0.0703125 0.0859375
0 0.24375 0.26484375 0.0921875 0.1109375
0 0.753125 0.36015625 0.06875 0.071875
0 0.8609375 0.378125 0.0765625 0.096875
0 0.440625 0.32109375 0.078125 0.109375
0 0.97734375 0.39921875 0.0453125 0.1078125
0 0.55 0.34609375 0.08125 0.1015625
0 0.675 0.3703125 0.06875 0.071875
0 0.29453125 0.31875 0.0609375 0.0859375
0 0.3828125 0.33359375 0.046875 0.078125
0 0.33515625 0.0234375 0.0546875 0.046875
0 0.04140625 0.3046875 0.0453125 0.06875
0 0.60078125 0.40234375 0.075 0.0828125
0 0.93359375 0.45859375 0.0515625 0.0796875
0 0.5 0.434375 0.084375 0.115625
0 0.10703125 0.3984375 0.078125 0.109375
0 0.61328125 0.471875 0.059375 0.0671875
0 0.45078125 0.4515625 0.065625 0.08125
0 0.2921875 0.446875 0.06875 0.071875
0 0.8140625 0.525 0.0609375 0.0859375
0 0.56328125 0.49921875 0.084375 0.0890625
0 0.971875 0.56640625 0.05 0.10625
0 0.18046875 0.4625 0.0828125 0.10625
0 0.2359375 0.48203125 0.071875 0.090625
0 0.86171875 0.571875 0.0640625 0.071875
0 0.4359375 0.52578125 0.065625 0.0859375
0 0.315625 0.515625 0.075 0.1140625
0 0.73828125 0.08671875 0.0703125 0.0859375
0 0.03046875 0.5125 0.0609375 0.1125
0 0.740625 0.61796875 0.0578125 0.0890625
0 0.2234375 0.02890625 0.046875 0.0578125
0 0.8078125 0.6390625 0.0609375 0.08125
0 0.41796875 0.6171875 0.103125 0.121875
0 0.97578125 0.12734375 0.0484375 0.0859375
0 0.64609375 0.68828125 0.0796875 0.1140625
0 0.8296875 0.72890625 0.0859375 0.0984375
0 0.2796875 0.040625 0.0625 0.08125
0 0.44453125 0.71015625 0.075 0.1140625
0 0.53203125 0.071875 0.0453125 0.06875
0 0.04453125 0.66328125 0.0890625 0.1265625
0 0.80859375 0.77890625 0.0703125 0.1125
0 0.26015625 0.70703125 0.084375 0.1203125
0 0.7140625 0.7921875 0.090625 0.1296875
0 0.4015625 0.7828125 0.0765625 0.096875
0 0.13515625 0.75 0.109375 0.109375
0 0.603125 0.81796875 0.0890625 0.125
0 0.85078125 0.86484375 0.0921875 0.14375
0 0.42734375 0.06953125 0.0671875 0.0953125
0 0.3734375 0.83515625 0.109375 0.1328125
0 0.92421875 0.14375 0.0546875 0.0703125
0 0.0828125 0.028125 0.0421875 0.046875
0 0.47890625 0.08359375 0.0546875 0.0703125
0 0.85625 0.140625 0.0546875 0.065625
0 0.62890625 0.11328125 0.05 0.0703125