0 0.246875 0.09140625 0.05625 0.09375
0 0.36171875 0.11015625 0.0609375 0.0890625
0 0.51640625 0.1546875 0.05 0.0734375
0 0.05390625 0.1046875 0.028125 0.08125
0 0.12890625 0.12578125 0.05625 0.0890625
0 0.45546875 0.17734375 0.05 0.0734375
0 0.71484375 0.2140625 0.05625 0.09375
0 0.90703125 0.27890625 0.0609375 0.09375
0 0.08125 0.1875 0.0625 0.0984375
0 0.62265625 0.26328125 0.0546875 0.0796875
0 0.1859375 0.2140625 0.065625 0.0890625
0 0.75625 0.3078125 0.065625 0.09375
0 0.9671875 0.340625 0.065625 0.08125
0 0.50078125 0.2828125 0.0484375 0.059375
0 0.69453125 0.05234375 0.059375 0.0703125
0 0.88203125 0.38671875 0.0703125 0.1
0 0.3875 0.02734375 0.0625 0.0546875
0 0.628125 0.36640625 0.0625 0.0984375
0 0.50859375 0.35625 0.0640625 0.084375
0 0.1859375 0.3234375 0.0671875 0.103125
0 0.3046875 0.33828125 0.0671875 0.103125
0 0.38984375 0.37265625 0.05625 0.0890625
0 0.046875 0.3375 0.0625 0.0984375
0 0.9578125 0.49765625 0.0625 0.10625
0 0.25703125 0.42578125 0.0859375 0.109375
0 0.3015625 0.02890625 0.05 0.0578125
0 0.54765625 0.46875 0.06875 0.0859375
0 0.66484375 0.48359375 0.0609375 0.09375
0 0.73359375 0.49765625 0.059375 0.0796875
0 0.44296875 0.46953125 0.0859375 0.109375
0 0.84609375 0.53046875 0.0765625 0.1046875
0 0.01875 0.42890625 0.0359375 0.071875
0 0.3578125 0.49921875 0.0703125 0.0953125
0 0.12109375 0.49296875 0.0546875 0.0796875
0 0.20546875 0.52890625 0.065625 0.09375
0 0.71640625 0.596875 0.0921875 0.125
0 0.87734375 0.63515625 0.096875 0.1296875
0 0.0671875 0.6078125 0.06875 0.08125
0 0.5484375 0.6734375 0.075 0.0953125
0 0.79765625 0.73515625 0.084375 0.0921875
0 0.1359375 0.0296875 0.053125 0.059375
0 0.95390625 0.81015625 0.03125 0.0671875
0 0.31875 0.73671875 0.0671875 0.103125
0 0.21796875 0.0390625 0.0640625 0.078125
0 0.49609375 0.7796875 0.065625 0.0890625
0 0.4375 0.78125 0.0703125 0.090625
0 0.9203125 0.9203125 0.065625 0.0890625
0 0.60234375 0.88359375 0.0578125 0.0703125
0 0.3421875 0.85859375 0.08125 0.06875
0 0.14609375 0.83671875 0.0609375 0.0578125
0 0.26484375 0.85625 0.0609375 0.053125
0 0.0546875 0.83515625 0.0546875 0.046875
0 0.065625 0.03203125 0.03125 0.0625