0 0.62109375 0.025 0.0296875 0.0265625
0 0.20546875 0.12109375 0.021875 0.0375
0 0.74296875 0.16875 0.0296875 0.021875
0 0.68671875 0.16328125 0.03125 0.03125
0 0.14921875 0.1234375 0.021875 0.0421875
0 0.42265625 0.01015625 0.0203125 0.0203125
0 0.54921875 0.01875 0.0203125 0.025
0 0.55703125 0.16796875 0.0328125 0.0484375
0 0.61015625 0.17265625 0.0328125 0.0484375
0 0.75 0.18671875 0.0265625 0.0390625
0 0.090625 0.13203125 0.03125 0.0390625
0 0.63203125 0.18125 0.021875 0.0375
0 0.67109375 0.1921875 0.03125 0.04375
0 0.2046875 0.15546875 0.03125 0.034375
0 0.228125 0.1578125 0.0171875 0.0421875
0 0.1125 0.14765625 0.0171875 0.0421875
0 0.39375 0.01328125 0.021875 0.0265625
0 0.2453125 0.17109375 0.034375 0.034375
0 0.7703125 0.22421875 0.0265625 0.04375
0 0.890625 0.234375 0.0265625 0.0296875
0 0.12421875 0.16953125 0.0265625 0.04375
0 0.8671875 0.2421875 0.0296875 0.021875
0 0.29453125 0.19921875 0.0265625 0.04375
0 0.99453125 0.26875 0.0109375 0.053125
0 0.38984375 0.215625 0.0171875 0.0296875
0 0.15703125 0.2 0.0234375 0.046875
0 0.06640625 0.19453125 0.0328125 0.053125
0 0.79765625 0.2609375 0.0328125 0.0484375
0 0.44921875 0.2328125 0.034375 0.0390625
0 0.25234375 0.21796875 0.040625 0.053125
0 0.17265625 0.2109375 0.0421875 0.0578125
0 0.875 0.275 0.03125 0.04375
0 0.396875 0.24453125 0.0359375 0.04375
0 0.36640625 0.24453125 0.028125 0.0578125
0 0.7671875 0.04765625 0.021875 0.0328125
0 0.54765625 0.27421875 0.0390625 0.0265625
0 0.684375 0.0421875 0.021875 0.0375
0 0.3265625 0.27578125 0.034375 0.0265625
0 0.49453125 0.28984375 0.021875 0.0296875
0 0.5359375 0.303125 0.0453125 0.0546875
0 0.30625 0.28984375 0.0375 0.021875
0 0.50078125 0.32578125 0.028125 0.0578125
0 0.48671875 0.32734375 0.021875 0.0328125
0 0.35859375 0.315625 0.0390625 0.0390625
0 0.2515625 0.30859375 0.0296875 0.0265625
0 0.296875 0.3171875 0.021875 0.0375
0 0.54921875 0.35546875 0.0375 0.0578125
0 0.31640625 0.3375 0.0375 0.0578125
0 0.26171875 0.35625 0.03125 0.0390625
0 0.3578125 0.36875 0.0359375 0.0484375
0 0.9953125 0.42734375 0.009375 0.0515625
0 0.42890625 0.38203125 0.0328125 0.0484375
0 0.90703125 0.07265625 0.0265625 0.0296875
0 0.67421875 0.41796875 0.0234375 0.046875
0 0.81953125 0.43671875 0.0328125 0.053125
0 0.04375 0.37578125 0.0421875 0.0671875
0 0.9546875 0.45859375 0.0375 0.071875
0 0.5671875 0.4265625 0.0328125 0.053125
0 0.23125 0.4046875 0.03125 0.04375
0 0.7296875 0.44765625 0.040625 0.053125
0 0.63984375 0.465625 0.0359375 0.0484375
0 0.11875 0.44296875 0.0375 0.0125
0 0.48046875 0.50546875 0.0375 0.0671875
0 0.33984375 0.49765625 0.0375 0.0625
0 0.95546875 0.55859375 0.0328125 0.053125
0 0.140625 0.49453125 0.0375 0.0671875
0 0.10703125 0.5046875 0.0375 0.0625
0 0.36328125 0.04453125 0.0265625 0.04375
0 0.37890625 0.56171875 0.040625 0.053125
0 0.15859375 0.546875 0.0234375 0.046875
0 0.921875 0.61640625 0.0578125 0.0875
0 0.19765625 0.55546875 0.046875 0.0734375
0 0.34921875 0.0453125 0.0265625 0.04375
0 0.3078125 0.571875 0.0359375 0.053125
0 0.65078125 0.6078125 0.0546875 0.0546875
0 0.9796875 0.64375 0.021875 0.084375
0 0.66015625 0.68359375 0.065625 0.0796875
0 0.79765625 0.7140625 0.0578125 0.0875
0 0.7796875 0.0921875 0.0265625 0.0390625
0 0.4203125 0.6953125 0.0734375 0.10625
0 0.56875 0.0109375 0.015625 0.015625
0 0.52421875 0.00703125 0.0109375 0.0109375
0 0.8453125 0.77421875 0.0203125 0.015625
0 0.8546875 0.10859375 0.03125 0.034375
0 0.82734375 0.82109375 0.0578125 0.0921875
0 0.27890625 0.7921875 0.0625 0.0921875
0 0.47109375 0.00625 0.0203125 0.0125
0 0.01171875 0.8703125 0.0234375 0.096875
0 0.4890625 0.01015625 0.015625 0.0203125
0 0.50546875 0.0109375 0.0203125 0.021875
0 0.8796875 0.04296875 0.0203125 0.015625
0 0.49296875 0.10390625 0.0265625 0.0390625
0 0.26640625 0.08671875 0.0265625 0.0390625
0 0.7203125 0.13125 0.03125 0.034375
0 0.82421875 0.13984375 0.0265625 0.04375
0 0.2078125 0.090625 0.0359375 0.04375
0 0.3640625 0.1140625 0.0265625 0.04375
0 0.7125 0.03046875 0.0203125 0.025
0 0.646875 0.1484375 0.021875 0.0421875