0 0.025 0.56640625 0.015625 0.0203125
0 0.0328125 0.56953125 0.0109375 0.01875
0 0.1 0.57890625 0.0265625 0.0421875
0 0.11796875 0.58203125 0.0109375 0.01875
0 0.14375 0.5859375 0.015625 0.0203125
0 0.08359375 0.58671875 0.015625 0.0203125
0 0.31171875 0.60546875 0.0203125 0.0328125
0 0.484375 0.6171875 0.0203125 0.025
0 0.44296875 0.61640625 0.015625 0.025
0 0.11015625 0.59375 0.015625 0.0296875
0 0.24453125 0.603125 0.0109375 0.0234375
0 0.709375 0.63515625 0.0421875 0.071875
0 0.16796875 0.6 0.0453125 0.0625
0 0.290625 0.60859375 0.0390625 0.04375
0 0.55859375 0.62734375 0.0203125 0.0296875
0 0.43125 0.6203125 0.015625 0.0296875
0 0.2234375 0.60625 0.015625 0.0203125
0 0.06640625 0.5953125 0.015625 0.025
0 0.36171875 0.61796875 0.015625 0.0203125
0 0.63203125 0.6390625 0.015625 0.0203125
0 0.409375 0.62578125 0.015625 0.0203125
0 0.62265625 0.640625 0.015625 0.0296875
0 0.43984375 0.63046875 0.015625 0.0296875
0 0.54140625 0.6375 0.0203125 0.025
0 0.39609375 0.62734375 0.0203125 0.0296875
0 0.346875 0.6265625 0.015625 0.0203125
0 0.11875 0.6125 0.021875 0.0375
0 0.13671875 0.61875 0.0203125 0.0296875
0 0.01015625 0.61015625 0.0109375 0.01875
0 0.7625 0.66484375 0.025 0.015625
0 0.6078125 0.65390625 0.0203125 0.0296875
0 0.671875 0.6609375 0.05 0.0671875
0 0.79921875 0.671875 0.0203125 0.0328125
0 0.53515625 0.65390625 0.025 0.0328125
0 0.63984375 0.6609375 0.0203125 0.025
0 0.734375 0.6671875 0.021875 0.0375
0 0.184375 0.63125 0.0109375 0.0234375
0 0.19375 0.63203125 0.0203125 0.0328125
0 0.3828125 0.64765625 0.0265625 0.0375
0 0.325 0.6546875 0.015625 0.0203125
0 0.78359375 0.68671875 0.0265625 0.0421875
0 0.4625 0.66640625 0.0203125 0.0328125
0 0.765625 0.6875 0.0203125 0.0328125
0 0.359375 0.68046875 0.0109375 0.01875