0 0.321875 0.1296875 0.0515625 0.0796875
0 0.88125 0.053125 0.0640625 0.0765625
0 0.5125 0.1078125 0.05 0.0703125
0 0.3984375 0.12578125 0.05 0.075
0 0.02421875 0.18359375 0.0484375 0.0796875
0 0.00703125 0.190625 0.0140625 0.084375
0 0.640625 0.1015625 0.053125 0.0609375
0 0.2625 0.15703125 0.0546875 0.065625
0 0.840625 0.078125 0.0546875 0.0390625
0 0.60625 0.11328125 0.046875 0.0515625
0 0.77421875 0.08984375 0.0546875 0.04375
0 0.16953125 0.17734375 0.065625 0.0859375
0 0.425 0.153125 0.0453125 0.0734375
0 0.55625 0.1390625 0.053125 0.0609375
0 0.46796875 0.01640625 0.0359375 0.0328125
0 0.12890625 0.20546875 0.0609375 0.0859375
0 0.85390625 0.10390625 0.0453125 0.0375
0 0.25546875 0.19296875 0.059375 0.0765625
0 0.67265625 0.13671875 0.0609375 0.0859375
0 0.75625 0.12734375 0.0625 0.0625
0 0.08828125 0.23046875 0.05 0.0703125
0 0.615625 0.15859375 0.04375 0.059375
0 0.934375 0.11640625 0.040625 0.0734375
0 0.89609375 0.12421875 0.0484375 0.05625
0 0.790625 0.1390625 0.0359375 0.059375
0 0.39296875 0.20625 0.059375 0.0765625
0 0.7578125 0.1578125 0.0375 0.05
0 0.2671875 0.2265625 0.0609375 0.0859375
0 0.03046875 0.2671875 0.0609375 0.090625
0 0.85546875 0.15078125 0.075 0.0875
0 0.58046875 0.1921875 0.046875 0.0515625
0 0.0734375 0.0765625 0.0375 0.0453125
0 0.22421875 0.05546875 0.034375 0.0453125
0 0.13671875 0.259375 0.0546875 0.0703125
0 0.5109375 0.2109375 0.065625 0.0859375
0 0.0078125 0.28359375 0.015625 0.0703125
0 0.3328125 0.0421875 0.0515625 0.0515625
0 0.44765625 0.2265625 0.05625 0.0796875
0 0.94375 0.16875 0.0390625 0.0828125
0 0.2984375 0.259375 0.046875 0.078125
0 0.11015625 0.2859375 0.05 0.065625
0 0.715625 0.203125 0.05625 0.0796875
0 0.41328125 0.03359375 0.0484375 0.05625
0 0.4875 0.2421875 0.0421875 0.05
0 0.90390625 0.1953125 0.0765625 0.1015625
0 0.56640625 0.24296875 0.0484375 0.05625
0 0.8015625 0.21484375 0.0703125 0.08125
0 0.76171875 0.2203125 0.0625 0.09375
0 0.17578125 0.30234375 0.059375 0.071875
0 0.625 0.246875 0.0578125 0.0625
0 0.3390625 0.28671875 0.05625 0.0796875
0 0.01484375 0.3390625 0.0296875 0.103125
0 0.0546875 0.340625 0.0484375 0.0609375
0 0.709375 0.009375 0.034375 0.01875
0 0.26953125 0.05625 0.0390625 0.059375
0 0.6984375 0.26640625 0.0765625 0.1015625
0 0.11171875 0.3484375 0.0828125 0.10625
0 0.85703125 0.24375 0.0640625 0.0671875
0 0.27734375 0.328125 0.0546875 0.0703125
0 0.02734375 0.365625 0.0515625 0.0515625
0 0.559375 0.290625 0.0484375 0.05625
0 0.0453125 0.09140625 0.0484375 0.0609375
0 0.50859375 0.0265625 0.028125 0.034375
0 0.4953125 0.3140625 0.0640625 0.103125
0 0.16484375 0.3625 0.0703125 0.1125
0 0.4359375 0.3265625 0.0671875 0.0953125
0 0.63046875 0.29921875 0.0640625 0.0671875
0 0.3703125 0.34296875 0.0578125 0.09375
0 0.615625 0.01875 0.034375 0.0375
0 0.05390625 0.39921875 0.046875 0.0515625
0 0.79921875 0.29921875 0.065625 0.0859375
0 0.240625 0.38203125 0.059375 0.071875
0 0.9515625 0.2890625 0.0515625 0.1109375
0 0.28203125 0.3828125 0.05625 0.084375
0 0.18671875 0.396875 0.0515625 0.084375
0 0.7203125 0.32421875 0.0578125 0.0578125
0 0.84296875 0.31171875 0.071875 0.1
0 0.909375 0.3046875 0.0734375 0.1046875
0 0.3390625 0.38671875 0.071875 0.0953125
0 0.840625 0.00859375 0.05 0.0171875
0 0.34375 0.05390625 0.0375 0.040625
0 0.55625 0.365625 0.0703125 0.0859375
0 0.6265625 0.3703125 0.0671875 0.1
0 0.11328125 0.44453125 0.09375 0.1203125
0 0.653125 0.02109375 0.04375 0.0421875
0 0.734375 0.36953125 0.0578125 0.0625
0 0.48125 0.41796875 0.0515625 0.0515625
0 0.440625 0.4265625 0.0328125 0.040625
0 0.2484375 0.45546875 0.0671875 0.0953125
0 0.0453125 0.49375 0.0765625 0.1015625
0 0.79140625 0.39375 0.0609375 0.0859375
0 0.590625 0.03203125 0.05 0.0640625
0 0.36328125 0.45859375 0.0640625 0.0765625
0 0.9609375 0.3890625 0.0671875 0.0953125
0 0.32265625 0.4828125 0.078125 0.1046875
0 0.8703125 0.40625 0.0765625 0.096875
0 0.7375 0.42734375 0.0765625 0.096875
0 0.496875 0.4765625 0.05625 0.0796875
0 0.171875 0.5296875 0.08125 0.128125
0 0.55625 0.03828125 0.0375 0.05
0 0.45234375 0.51171875 0.0859375 0.103125
0 0.090625 0.56484375 0.090625 0.0984375
0 0.56640625 0.5046875 0.08125 0.128125
0 0.378125 0.065625 0.0546875 0.0703125
0 0.3640625 0.55 0.05625 0.0796875
0 0.765625 0.49375 0.059375 0.0671875
0 0.9015625 0.478125 0.0609375 0.0859375
0 0.234375 0.571875 0.0671875 0.0953125
0 0.6765625 0.5125 0.1015625 0.1453125
0 0.103125 0.10703125 0.0546875 0.065625
0 0.14921875 0.1 0.0390625 0.0546875
0 0.496875 0.54453125 0.0578125 0.0578125
0 0.71328125 0.51875 0.0640625 0.103125
0 0.0171875 0.1203125 0.034375 0.065625
0 0.80234375 0.5421875 0.065625 0.08125
0 0.41875 0.60078125 0.1 0.1
0 0.9703125 0.53046875 0.059375 0.1171875
0 0.8609375 0.54453125 0.084375 0.115625
0 0.4890625 0.05703125 0.04375 0.0546875
0 0.74375 0.0328125 0.05625 0.065625
0 0.528125 0.61484375 0.0734375 0.1046875
0 0.31953125 0.64921875 0.0921875 0.10625
0 0.16953125 0.69140625 0.0875 0.146875
0 0.059375 0.70859375 0.0796875 0.096875
0 0.9234375 0.58828125 0.071875 0.0953125
0 0.19921875 0.103125 0.05625 0.0796875
0 0.778125 0.63359375 0.09375 0.125
0 0.4671875 0.69609375 0.115625 0.15625
0 0.6140625 0.67578125 0.090625 0.1296875
0 0.7078125 0.66484375 0.0859375 0.0984375
0 0.98984375 0.6296875 0.0203125 0.096875
0 0.2453125 0.7484375 0.0859375 0.128125
0 0.46171875 0.07578125 0.0453125 0.0640625
0 0.43203125 0.084375 0.05 0.0703125
0 0.35546875 0.803125 0.1359375 0.1671875
0 0.63515625 0.7796875 0.0828125 0.075
0 0.265625 0.11015625 0.0484375 0.05625
0 0.8 0.78515625 0.11875 0.1421875
0 0.471875 0.84765625 0.1265625 0.1296875
0 0.15078125 0.8953125 0.128125 0.14375
0 0.27265625 0.878125 0.13125 0.1359375
0 0.95703125 0.78203125 0.0859375 0.1453125
0 0.6875 0.05546875 0.0609375 0.0859375
0 0.6046875 0.8453125 0.0875 0.10625
0 0.8421875 0.0359375 0.05 0.0703125
0 0.11953125 0.1375 0.04375 0.059375
0 0.34765625 0.11015625 0.05 0.075
0 0.79609375 0.04921875 0.065625 0.0859375
0 0.59296875 0.0796875 0.046875 0.0515625
0 0.721875 0.06171875 0.0515625 0.0796875
0 0.05234375 0.15859375 0.05 0.075