0 0.621875 0.73828125 0.0390625 0.053125
0 0.7328125 0.75078125 0.025 0.0421875
0 0.353125 0.7359375 0.04375 0.053125
0 0.19140625 0.72734375 0.0203125 0.0375
0 0.7046875 0.75625 0.0296875 0.0296875
0 0.6671875 0.75703125 0.034375 0.053125
0 0.5421875 0.75703125 0.0296875 0.0375
0 0.78203125 0.77421875 0.015625 0.0234375
0 0.4125 0.75546875 0.0265625 0.0515625
0 0.9578125 0.78359375 0.0265625 0.0609375
0 0.2578125 0.74921875 0.0296875 0.0375
0 0.64296875 0.76953125 0.0203125 0.0421875
0 0.79375 0.7796875 0.015625 0.028125
0 0.2875 0.75546875 0.025 0.0375
0 0.890625 0.7921875 0.03125 0.05625
0 0.5203125 0.77265625 0.0203125 0.0375
0 0.85546875 0.78984375 0.015625 0.01875
0 0.45390625 0.77109375 0.0296875 0.0421875
0 0.83203125 0.79140625 0.0203125 0.0375
0 0.9390625 0.796875 0.0265625 0.0515625
0 0.04140625 0.75234375 0.0203125 0.0203125
0 0.053125 0.753125 0.015625 0.01875
0 0.8671875 0.79765625 0.025 0.0375
0 0.4921875 0.78203125 0.0390625 0.0484375
0 0.77109375 0.79921875 0.015625 0.028125
0 0.14296875 0.76640625 0.0203125 0.025
0 0.01171875 0.76171875 0.015625 0.01875
0 0.815625 0.80390625 0.015625 0.028125
0 0.0046875 0.76015625 0.009375 0.0296875
0 0.059375 0.778125 0.0296875 0.0296875