0 0.20546875 0.06484375 0.0625 0.0625
0 0.0296875 0.08984375 0.059375 0.0640625
0 0.9140625 0.25 0.096875 0.1390625
0 0.43359375 0.325 0.0859375 0.128125
0 0.2453125 0.38125 0.0921875 0.10625
0 0.76796875 0.31015625 0.0953125 0.1296875
0 0.45859375 0.03828125 0.06875 0.0765625
0 0.02890625 0.44765625 0.0578125 0.1546875
0 0.3671875 0.43671875 0.084375 0.115625
0 0.503125 0.45546875 0.096875 0.1125
0 0.1234375 0.515625 0.0828125 0.1109375
0 0.6296875 0.4578125 0.090625 0.1296875
0 0.215625 0.57265625 0.103125 0.1265625
0 0.6078125 0.05 0.084375 0.1
0 0.48046875 0.58984375 0.1046875 0.1359375
0 0.0625 0.6640625 0.0953125 0.134375
0 0.97578125 0.56484375 0.0484375 0.1359375
0 0.67265625 0.62578125 0.109375 0.140625
0 0.86171875 0.72734375 0.0921875 0.1390625
0 0.39375 0.82578125 0.0953125 0.1296875
0 0.14140625 0.875 0.103125 0.1265625
0 0.61484375 0.83671875 0.0765625 0.128125
0 0.759375 0.84453125 0.0828125 0.1375
0 0.3078125 0.9296875 0.096875 0.1390625
0 0.77890625 0.05234375 0.0640625 0.1046875
0 0.91640625 0.05078125 0.0578125 0.1015625
0 0.4609375 0.1359375 0.078125 0.1046875
0 0.33046875 0.1734375 0.084375 0.115625
0 0.56484375 0.165625 0.075 0.1140625
0 0.69375 0.15234375 0.0796875 0.11875
0 0.82265625 0.13671875 0.0953125 0.1296875
0 0.02734375 0.27265625 0.0546875 0.1359375
0 0.14296875 0.25859375 0.0828125 0.10625
0 0.690625 0.0140625 0.0625 0.028125