0 0.1609375 0.05 0.0375 0.040625
0 0.7953125 0.16015625 0.0375 0.0453125
0 0.353125 0.0921875 0.0484375 0.05625
0 0.5515625 0.12890625 0.046875 0.0703125
0 0.196875 0.075 0.0390625 0.05
0 0.39140625 0.1078125 0.0453125 0.0609375
0 0.428125 0.12578125 0.0421875 0.046875
0 0.971875 0.2140625 0.05625 0.08125
0 0.14609375 0.08828125 0.0453125 0.065625
0 0.20546875 0.1 0.0390625 0.05
0 0.65703125 0.17109375 0.05 0.0609375
0 0.4859375 0.14453125 0.0390625 0.05
0 0.07421875 0.08359375 0.0359375 0.059375
0 0.4390625 0.16171875 0.0390625 0.05
0 0.26015625 0.1359375 0.0328125 0.040625
0 0.7578125 0.05390625 0.046875 0.0421875
0 0.3171875 0.1453125 0.0453125 0.065625
0 0.82421875 0.2328125 0.0515625 0.0703125
0 0.20234375 0.134375 0.0421875 0.046875
0 0.7578125 0.221875 0.05 0.0609375
0 0.58515625 0.196875 0.04375 0.05625
0 0.64453125 0.20625 0.0453125 0.0609375
0 0.4078125 0.01171875 0.034375 0.0234375
0 0.103125 0.13515625 0.0234375 0.034375
0 0.38125 0.1859375 0.04375 0.0515625
0 0.6109375 0.03515625 0.04375 0.0515625
0 0.49921875 0.02109375 0.0484375 0.0421875
0 0.09453125 0.15625 0.04375 0.05625
0 0.55390625 0.02578125 0.0484375 0.0515625
0 0.8125 0.0671875 0.0421875 0.046875
0 0.1734375 0.17890625 0.0515625 0.0703125
0 0.3921875 0.215625 0.0484375 0.05625
0 0.75703125 0.2828125 0.05 0.065625
0 0.60703125 0.26640625 0.0515625 0.075
0 0.453125 0.24453125 0.05 0.0609375
0 0.94296875 0.33359375 0.0625 0.090625
0 0.23828125 0.22890625 0.05625 0.071875
0 0.98359375 0.09921875 0.0328125 0.0609375
0 0.2 0.234375 0.0453125 0.065625
0 0.1328125 0.22578125 0.0515625 0.075
0 0.665625 0.3265625 0.05625 0.071875
0 0.3375 0.28203125 0.0609375 0.071875
0 0.23125 0.28671875 0.059375 0.0625
0 0.43203125 0.32578125 0.0625 0.0859375
0 0.77578125 0.403125 0.090625 0.1265625
0 0.56953125 0.38671875 0.053125 0.0796875
0 0.725 0.4140625 0.053125 0.084375
0 0.4953125 0.4078125 0.0671875 0.090625
0 0.184375 0.35859375 0.053125 0.0796875
0 0.24765625 0.37578125 0.053125 0.084375
0 0.0921875 0.3671875 0.05625 0.0765625
0 0.359375 0.409375 0.0734375 0.096875
0 0.2890625 0.3984375 0.0703125 0.0828125
0 0.56953125 0.47421875 0.0796875 0.1109375
0 0.0296875 0.390625 0.046875 0.075
0 0.88359375 0.10625 0.0625 0.08125
0 0.6890625 0.07734375 0.0359375 0.0546875
0 0.6296875 0.0796875 0.04375 0.05625
0 0.7484375 0.10078125 0.0453125 0.065625
0 0.57890625 0.0765625 0.04375 0.0515625
0 0.3203125 0.03828125 0.0390625 0.0546875
0 0.4015625 0.05546875 0.0359375 0.059375
0 0.23359375 0.03359375 0.04375 0.05625
0 0.49375 0.0796875 0.0484375 0.05625
0 0.09296875 0.0234375 0.0375 0.0453125