0 0.56875 0.51875 0.0515625 0.08125
0 0.7765625 0.50625 0.046875 0.071875
0 0.91171875 0.51484375 0.03125 0.053125
0 0.24453125 0.5640625 0.046875 0.08125
0 0.971875 0.5203125 0.0265625 0.0421875
0 0.5109375 0.55234375 0.040625 0.053125
0 0.87890625 0.53828125 0.0359375 0.053125
0 0.953125 0.5359375 0.0359375 0.0484375
0 0.66015625 0.55625 0.0453125 0.053125
0 0.853125 0.54765625 0.0265625 0.0421875
0 0.7265625 0.5609375 0.0359375 0.053125
0 0.2953125 0.5984375 0.015625 0.0328125
0 0.43203125 0.59296875 0.03125 0.04375
0 0.41171875 0.596875 0.021875 0.0421875
0 0.3265625 0.603125 0.03125 0.0578125
0 0.640625 0.58515625 0.015625 0.0203125
0 0.05859375 0.628125 0.040625 0.0625
0 0.3875 0.61640625 0.0265625 0.0375
0 0.20546875 0.634375 0.021875 0.0375
0 0.11796875 0.65 0.0359375 0.0484375
0 0.03359375 0.6578125 0.0359375 0.0484375