0 0.39375 0.1125 0.025 0.0328125
0 0.6234375 0.1015625 0.03125 0.0484375
0 0.3484375 0.125 0.03125 0.0390625
0 0.903125 0.0890625 0.034375 0.0390625
0 0.50390625 0.11875 0.03125 0.0390625
0 0.86171875 0.09375 0.034375 0.04375
0 0.19375 0.14296875 0.034375 0.04375
0 0.5265625 0.11953125 0.0203125 0.0296875
0 0.3078125 0.13515625 0.03125 0.04375
0 0.584375 0.115625 0.03125 0.04375
0 0.41875 0.1296875 0.0265625 0.0375
0 0.7515625 0.10859375 0.034375 0.04375
0 0.12421875 0.1625 0.03125 0.04375
0 0.478125 0.14921875 0.03125 0.04375
0 0.5265625 0.1484375 0.034375 0.04375
0 0.06484375 0.21015625 0.03125 0.0390625
0 0.18046875 0.2046875 0.034375 0.04375
0 0.30703125 0.1953125 0.0359375 0.053125
0 0.21875 0.2015625 0.03125 0.04375
0 0.35625 0.19921875 0.03125 0.0390625
0 0.59375 0.1828125 0.03125 0.0390625
0 0.69609375 0.17578125 0.03125 0.0390625
0 0.2609375 0.2078125 0.0265625 0.0375
0 0.790625 0.17109375 0.03125 0.04375
0 0.3953125 0.20078125 0.0265625 0.0421875
0 0.84609375 0.1765625 0.03125 0.0484375
0 0.6546875 0.18984375 0.03125 0.0484375
0 0.4484375 0.225 0.03125 0.0484375
0 0.14296875 0.2765625 0.034375 0.04375
0 0.17578125 0.2765625 0.03125 0.04375
0 0.53125 0.25625 0.0296875 0.034375
0 0.2625 0.28046875 0.03125 0.0390625
0 0.2296875 0.284375 0.034375 0.034375
0 0.0359375 0.2984375 0.0265625 0.0421875
0 0.5625 0.26171875 0.03125 0.04375
0 0.7265625 0.2546875 0.034375 0.04375
0 0.33359375 0.284375 0.040625 0.0484375
0 0.30390625 0.28671875 0.0265625 0.0375
0 0.6328125 0.265625 0.03125 0.0484375
0 0.7015625 0.2609375 0.0359375 0.053125
0 0.36640625 0.284375 0.025 0.0328125
0 0.0734375 0.30703125 0.025 0.0296875
0 0.40625 0.28671875 0.034375 0.034375
0 0.61171875 0.2734375 0.0265625 0.0375
0 0.8921875 0.26796875 0.034375 0.04375
0 0.95703125 0.2703125 0.034375 0.0390625
0 0.9765625 0.27890625 0.021875 0.0515625
0 0.0109375 0.3453125 0.021875 0.025
0 0.39453125 0.31953125 0.034375 0.04375
0 0.84921875 0.28984375 0.03125 0.04375
0 0.50859375 0.31640625 0.03125 0.0390625
0 0.3578125 0.33125 0.0265625 0.0375
0 0.065625 0.35625 0.034375 0.04375
0 0.24765625 0.34375 0.025 0.025
0 0.47890625 0.32734375 0.03125 0.0390625
0 0.00390625 0.36328125 0.0078125 0.0328125
0 0.27109375 0.3515625 0.040625 0.0484375
0 0.19765625 0.359375 0.03125 0.04375
0 0.625 0.33125 0.0359375 0.0484375
0 0.15625 0.36796875 0.03125 0.04375
0 0.5609375 0.33984375 0.03125 0.04375
0 0.1109375 0.3734375 0.03125 0.053125
0 0.66484375 0.3375 0.0265625 0.0421875
0 0.5828125 0.34765625 0.03125 0.04375
0 0.77578125 0.3390625 0.03125 0.04375
0 0.80703125 0.34140625 0.03125 0.04375
0 0.7328125 0.34921875 0.0359375 0.0484375
0 0.00859375 0.0703125 0.0171875 0.034375
0 0.68515625 0.3546875 0.034375 0.04375
0 0.01640625 0.40625 0.0328125 0.034375
0 0.19453125 0.4078125 0.03125 0.0484375
0 0.515625 0.3921875 0.0359375 0.0484375
0 0.22265625 0.415625 0.015625 0.0296875
0 0.321875 0.40859375 0.0359375 0.0484375
0 0.10703125 0.42578125 0.03125 0.0390625
0 0.02890625 0.4359375 0.034375 0.04375
0 0.4125 0.41171875 0.03125 0.0390625
0 0.05234375 0.43671875 0.0265625 0.0421875
0 0.91875 0.01484375 0.03125 0.0296875
0 0.08046875 0.46640625 0.0359375 0.0484375
0 0.2421875 0.0609375 0.0296875 0.0296875
0 0.1984375 0.4609375 0.0203125 0.025
0 0.3109375 0.453125 0.0203125 0.0203125
0 0.15390625 0.46640625 0.03125 0.053125
0 0.26796875 0.4609375 0.0203125 0.0296875
0 0.371875 0.4578125 0.0265625 0.0375
0 0.1296875 0.47734375 0.03125 0.04375
0 0.478125 0.453125 0.03125 0.0484375
0 0.4 0.4609375 0.0296875 0.034375
0 0.1828125 0.47578125 0.03125 0.0390625
0 0.2734375 0.471875 0.0265625 0.046875
0 0.903125 0.428125 0.03125 0.0390625
0 0.22421875 0.478125 0.0265625 0.0421875
0 0.625 0.0359375 0.03125 0.0484375
0 0.58046875 0.45546875 0.03125 0.04375
0 0.3171875 0.478125 0.03125 0.04375
0 0.85078125 0.44375 0.0359375 0.0484375
0 0.01015625 0.515625 0.0203125 0.046875
0 0.36875 0.5140625 0.0359375 0.053125
0 0.79765625 0.48359375 0.0296875 0.0296875
0 0.503125 0.50703125 0.03125 0.0484375
0 0.459375 0.5125 0.0359375 0.053125
0 0.19140625 0.53125 0.025 0.0328125
0 0.55703125 0.51484375 0.03125 0.04375
0 0.0578125 0.0828125 0.0265625 0.0421875
0 0.5921875 0.51953125 0.034375 0.0390625
0 0.7515625 0.5109375 0.03125 0.04375
0 0.65859375 0.5171875 0.0359375 0.0484375
0 0.7078125 0.51328125 0.0359375 0.0484375
0 0.63359375 0.52109375 0.0359375 0.053125
0 0.790625 0.5140625 0.03125 0.04375
0 0.8375 0.515625 0.03125 0.04375
0 0.3375 0.56484375 0.03125 0.053125
0 0.85234375 0.0296875 0.03125 0.04375
0 0.44453125 0.5640625 0.0296875 0.0296875
0 0.046875 0.59453125 0.03125 0.0390625
0 0.0921875 0.60078125 0.0265625 0.0421875
0 0.140625 0.59921875 0.03125 0.04375
0 0.49140625 0.57734375 0.03125 0.04375
0 0.3953125 0.5890625 0.034375 0.04375
0 0.6375 0.57421875 0.03125 0.0484375
0 0.51953125 0.05546875 0.03125 0.04375
0 0.45546875 0.59375 0.0359375 0.0484375
0 0.603125 0.58359375 0.0359375 0.053125
0 0.534375 0.58828125 0.0265625 0.0421875
0 0.74921875 0.57578125 0.034375 0.04375
0 0.67265625 0.5875 0.0359375 0.053125
0 0.92734375 0.5765625 0.0390625 0.04375
0 0.9859375 0.575 0.028125 0.053125
0 0.13203125 0.0875 0.0265625 0.0375
0 0.5640625 0.05703125 0.0203125 0.0328125
0 0.08125 0.65 0.025 0.0296875
0 0.1296875 0.6515625 0.03125 0.0484375
0 0.24453125 0.0234375 0.0203125 0.015625
0 0.040625 0.66484375 0.034375 0.04375
0 0.6109375 0.63125 0.0296875 0.034375
0 0.1890625 0.66796875 0.04375 0.0484375
0 0.5125 0.6453125 0.03125 0.04375
0 0.94453125 0.61796875 0.03125 0.04375
0 0.81796875 0.04140625 0.03125 0.0390625
0 0.5890625 0.6421875 0.03125 0.04375
0 0.54765625 0.65 0.03125 0.0484375
0 0.6859375 0.640625 0.0265625 0.046875
0 0.88046875 0.62890625 0.0265625 0.0375
0 0.7234375 0.63984375 0.03125 0.04375
0 0.23125 0.6765625 0.03125 0.0390625
0 0.278125 0.675 0.025 0.0328125
0 0.39609375 0.66953125 0.03125 0.0390625
0 0.921875 0.6328125 0.03125 0.053125
0 0.75859375 0.64375 0.03125 0.04375
0 0.90234375 0.64609375 0.0359375 0.0625
0 0.021875 0.09921875 0.025 0.0328125
0 0.9875 0.64765625 0.025 0.0484375
0 0.81796875 0.66796875 0.0296875 0.034375
0 0.95 0.03671875 0.034375 0.04375
0 0.08203125 0.09765625 0.03125 0.04375
0 0.1671875 0.715625 0.0359375 0.0484375
0 0.0515625 0.72421875 0.03125 0.04375
0 0.37265625 0.70390625 0.0265625 0.0421875
0 0.28125 0.7171875 0.03125 0.0390625
0 0.66953125 0.69453125 0.0390625 0.04375
0 0.4640625 0.71171875 0.03125 0.04375
0 0.4984375 0.71171875 0.0265625 0.0421875
0 0.540625 0.7109375 0.034375 0.04375
0 0.41328125 0.71953125 0.03125 0.04375
0 0.32578125 0.72578125 0.03125 0.04375
0 0.8015625 0.69765625 0.03125 0.04375
0 0.58046875 0.7171875 0.03125 0.0390625
0 0.6171875 0.71640625 0.03125 0.04375
0 0.70703125 0.71015625 0.03125 0.04375
0 0.76015625 0.70625 0.03125 0.04375
0 0.828125 0.70859375 0.03125 0.04375
0 0.990625 0.70546875 0.01875 0.0578125
0 0.0328125 0.78359375 0.03125 0.0484375
0 0.453125 0.75625 0.0171875 0.0421875
0 0.3 0.76953125 0.025 0.0328125
0 0.14375 0.78515625 0.03125 0.053125
0 0.4078125 0.76875 0.0328125 0.025
0 0.51640625 0.765625 0.0359375 0.0484375
0 0.19765625 0.790625 0.034375 0.04375
0 0.465625 0.771875 0.03125 0.0390625
0 0.86484375 0.74609375 0.0390625 0.04375
0 0.2484375 0.79375 0.0203125 0.0296875
0 0.6078125 0.77109375 0.0359375 0.0484375
0 0.32265625 0.79140625 0.034375 0.04375
0 0.69765625 0.7734375 0.034375 0.04375
0 0.40234375 0.79453125 0.03125 0.04375
0 0.57109375 0.78984375 0.0390625 0.034375
0 0.78828125 0.77421875 0.03125 0.04375
0 0.640625 0.7890625 0.03125 0.0390625
0 0.1234375 0.82578125 0.034375 0.04375
0 0.7359375 0.7875 0.040625 0.0578125
0 0.35546875 0.81875 0.025 0.0328125
0 0.88359375 0.78203125 0.040625 0.053125
0 0.8265625 0.78828125 0.03125 0.053125
0 0.93515625 0.7828125 0.0359375 0.0484375
0 0.48515625 0.81875 0.03125 0.04375
0 0.98984375 0.78203125 0.0203125 0.0578125
0 0.5609375 0.8140625 0.025 0.0328125
0 0.2734375 0.84296875 0.025 0.0296875
0 0.18125 0.85703125 0.034375 0.04375
0 0.23984375 0.8546875 0.034375 0.04375
0 0.9484375 0.81015625 0.0359375 0.0578125
0 0.3734375 0.85 0.03125 0.0484375
0 0.61796875 0.8328125 0.03125 0.0484375
0 0.0390625 0.8734375 0.03125 0.053125
0 0.6875 0.83046875 0.0265625 0.0421875
0 0.6625 0.834375 0.0203125 0.0328125
0 0.31953125 0.871875 0.03125 0.0484375
0 0.559375 0.85546875 0.03125 0.04375
0 0.88046875 0.8375 0.034375 0.0390625
0 0.80546875 0.84296875 0.040625 0.0578125
0 0.52890625 0.8765625 0.03125 0.04375
0 0.83828125 0.8546875 0.0453125 0.053125
0 0.921875 0.85078125 0.03125 0.0484375
0 0.884375 0.85859375 0.04375 0.0390625
0 0.9796875 0.8515625 0.03125 0.0484375
0 0.95703125 0.8625 0.0296875 0.025
0 0.27578125 0.91015625 0.0296875 0.0296875