0 0.4109375 0.13125 0.01875 0.015625
0 0.371875 0.1359375 0.0234375 0.015625
0 0.28203125 0.14296875 0.015625 0.01875
0 0.2890625 0.14296875 0.0140625 0.0140625
0 0.4 0.1390625 0.009375 0.009375
0 0.38203125 0.1421875 0.0140625 0.0140625
0 0.296875 0.15625 0.0203125 0.0203125
0 0.2578125 0.1609375 0.015625 0.01875
0 0.3453125 0.15859375 0.015625 0.01875
0 0.31796875 0.16484375 0.0203125 0.0203125
0 0.38359375 0.1671875 0.015625 0.0234375
0 0.25625 0.18125 0.0203125 0.0296875
0 0.3046875 0.18359375 0.0203125 0.025
0 0.40625 0.178125 0.025 0.025
0 0.471875 0.18828125 0.0203125 0.0203125
0 0.3828125 0.20703125 0.0203125 0.025
0 0.34140625 0.2140625 0.025 0.0296875
0 0.5953125 0.20546875 0.0296875 0.0375
0 0.67265625 0.20625 0.025 0.025
0 0.5453125 0.21484375 0.0203125 0.0328125
0 0.19921875 0.2375 0.0203125 0.025
0 0.521875 0.2203125 0.0203125 0.0203125
0 0.62890625 0.21484375 0.034375 0.0484375
0 0.053125 0.246875 0.034375 0.0484375
0 0.446875 0.22890625 0.025 0.0375
0 0.49296875 0.22890625 0.0203125 0.0328125
0 0.58046875 0.2265625 0.0203125 0.025
0 0.33046875 0.23984375 0.025 0.0328125
0 0.42578125 0.23671875 0.025 0.0328125
0 0.471875 0.234375 0.025 0.0375
0 0.25546875 0.2484375 0.025 0.0328125
0 0.696875 0.225 0.025 0.0375
0 0.37578125 0.24453125 0.025 0.025
0 0.56953125 0.23671875 0.0296875 0.0421875
0 0.3015625 0.253125 0.0265625 0.046875
0 0.7984375 0.22734375 0.0390625 0.0625
0 0.278125 0.25625 0.025 0.0421875
0 0.54453125 0.24765625 0.0203125 0.0328125
0 0.21875 0.26640625 0.04375 0.0578125
0 0.6703125 0.25234375 0.034375 0.0578125
0 0.1203125 0.28125 0.034375 0.0390625
0 0.46640625 0.26328125 0.025 0.0375
0 0.5359375 0.2640625 0.03125 0.0609375
0 0.25234375 0.28828125 0.025 0.0375
0 0.346875 0.2859375 0.034375 0.0484375
0 0.6296875 0.27109375 0.0265625 0.046875
0 0.15546875 0.2984375 0.04375 0.0484375
0 0.046875 0.30546875 0.04375 0.053125
0 0.4421875 0.284375 0.0390625 0.053125
0 0.13359375 0.31484375 0.025 0.0421875
0 0.28125 0.30703125 0.04375 0.053125
0 0.58671875 0.303125 0.0546875 0.071875
0 0.4859375 0.315625 0.0390625 0.053125
0 0.9578125 0.3 0.0546875 0.0671875
0 0.71953125 0.31484375 0.0390625 0.0578125
0 0.8609375 0.309375 0.04375 0.053125
0 0.7625 0.32421875 0.059375 0.090625
0 0.33671875 0.3625 0.0640625 0.0765625
0 0.925 0.3359375 0.0546875 0.08125
0 0.46484375 0.3625 0.0609375 0.1046875
0 0.82890625 0.353125 0.0640625 0.0671875
0 0.6640625 0.36875 0.0359375 0.071875
0 0.72734375 0.36796875 0.04375 0.0578125
0 0.03828125 0.40859375 0.0640625 0.08125
0 0.59609375 0.390625 0.0703125 0.1
0 0.5109375 0.3953125 0.0546875 0.071875
0 0.10625 0.42734375 0.0640625 0.090625
0 0.17578125 0.42421875 0.059375 0.08125
0 0.4234375 0.41328125 0.0390625 0.0484375
0 0.28984375 0.434375 0.05 0.071875
0 0.02890625 0.459375 0.03125 0.046875
0 0.86171875 0.4625 0.0859375 0.1390625
0 0.959375 0.6859375 0.08125 0.278125