0 0.49296875 0.103125 0.0234375 0.034375
0 0.0265625 0.17109375 0.0234375 0.0390625
0 0.37265625 0.125 0.025 0.04375
0 0.075 0.16953125 0.021875 0.0296875
0 0.9234375 0.05234375 0.021875 0.0296875
0 0.55859375 0.10390625 0.028125 0.034375
0 0.42578125 0.125 0.0265625 0.03125
0 0.1328125 0.165625 0.0234375 0.034375
0 0.79765625 0.075 0.021875 0.0296875
0 0.5875 0.1046875 0.025 0.04375
0 0.52578125 0.115625 0.021875 0.0296875
0 0.15234375 0.1703125 0.0234375 0.034375
0 0.73203125 0.09140625 0.034375 0.0453125
0 0.09296875 0.18125 0.0265625 0.021875
0 0.84296875 0.08046875 0.028125 0.034375
0 0.60703125 0.115625 0.021875 0.0296875
0 0.19453125 0.1734375 0.028125 0.034375
0 0.31875 0.15625 0.0265625 0.03125
0 0.1828125 0.05390625 0.021875 0.0296875
0 0.65625 0.1109375 0.0234375 0.034375
0 0.49375 0.14140625 0.028125 0.034375
0 0.39140625 0.1578125 0.021875 0.021875
0 0.296875 0.1734375 0.0265625 0.03125
0 0.25859375 0.17890625 0.0171875 0.0296875
0 0.565625 0.13828125 0.0328125 0.040625
0 0.22734375 0.1859375 0.01875 0.034375
0 0.37109375 0.16796875 0.0234375 0.034375
0 0.10625 0.20546875 0.0234375 0.0390625
0 0.62109375 0.13515625 0.028125 0.0390625
0 0.759375 0.11953125 0.0234375 0.034375
0 0.46640625 0.1609375 0.025 0.04375
0 0.70234375 0.12734375 0.021875 0.0296875
0 0.4421875 0.01953125 0.03125 0.0265625
0 0.4515625 0.1703125 0.01875 0.034375
0 0.178125 0.2109375 0.0234375 0.0390625
0 0.53203125 0.1609375 0.0328125 0.040625
0 0.03984375 0.2375 0.0328125 0.0359375
0 0.303125 0.2 0.0265625 0.03125
0 0.01015625 0.240625 0.0203125 0.03125
0 0.72578125 0.140625 0.028125 0.034375
0 0.60625 0.1578125 0.028125 0.034375
0 0.50078125 0.015625 0.0234375 0.03125
0 0.796875 0.13828125 0.0234375 0.034375
0 0.3890625 0.1953125 0.028125 0.034375
0 0.41953125 0.19296875 0.0265625 0.0265625
0 0.0765625 0.24609375 0.0265625 0.021875
0 0.56796875 0.184375 0.0265625 0.03125
0 0.2515625 0.23125 0.0265625 0.03125
0 0.50390625 0.19609375 0.03125 0.03125
0 0.23828125 0.053125 0.021875 0.0265625
0 0.55859375 0.0125 0.0234375 0.025
0 0.6328125 0.1796875 0.028125 0.0390625
0 0.02578125 0.26796875 0.0265625 0.021875
0 0.709375 0.17421875 0.021875 0.0265625
0 0.440625 0.2140625 0.028125 0.0390625
0 0.66796875 0.18203125 0.0234375 0.0390625
0 0.3796875 0.22734375 0.028125 0.0390625
0 0.81484375 0.16640625 0.028125 0.034375
0 0.09453125 0.27578125 0.028125 0.034375
0 0.57109375 0.2234375 0.028125 0.0390625
0 0.0296875 0.29921875 0.0328125 0.040625
0 0.5 0.2359375 0.028125 0.034375
0 0.390625 0.034375 0.0171875 0.0203125
0 0.16640625 0.2875 0.028125 0.0390625
0 0.64765625 0.21953125 0.0234375 0.034375
0 0.25078125 0.27578125 0.028125 0.034375
0 0.2078125 0.2859375 0.028125 0.0390625
0 0.75625 0.21171875 0.028125 0.034375
0 0.43984375 0.25625 0.01875 0.0390625
0 0.021875 0.08828125 0.028125 0.034375
0 0.39375 0.2625 0.028125 0.0390625
0 0.7796875 0.2109375 0.028125 0.034375
0 0.85546875 0.20234375 0.028125 0.034375
0 0.4640625 0.26171875 0.0375 0.040625
0 0.32890625 0.28359375 0.0375 0.0453125
0 0.71484375 0.23359375 0.0328125 0.0359375
0 0.1265625 0.31640625 0.0296875 0.04375
0 0.60625 0.0125 0.028125 0.025
0 0.534375 0.2640625 0.0328125 0.0359375
0 0.60390625 0.25859375 0.03125 0.03125
0 0.428125 0.28828125 0.028125 0.034375
0 0.078125 0.34140625 0.0328125 0.040625
0 0.196875 0.325 0.034375 0.0453125
0 0.834375 0.2375 0.028125 0.0390625
0 0.69296875 0.26015625 0.03125 0.03125
0 0.26875 0.31953125 0.028125 0.0390625
0 0.13671875 0.0765625 0.0265625 0.03125
0 0.390625 0.32109375 0.0296875 0.04375
0 0.5078125 0.30703125 0.0328125 0.040625
0 0.2375 0.3453125 0.028125 0.0390625
0 0.128125 0.365625 0.0328125 0.040625
0 0.81171875 0.271875 0.0296875 0.04375
0 0.71015625 0.2859375 0.034375 0.0453125
0 0.5703125 0.30546875 0.0296875 0.04375
0 0.00546875 0.38828125 0.0109375 0.0453125
0 0.4609375 0.32578125 0.0328125 0.040625
0 0.928125 0.2671875 0.0328125 0.040625
0 0.59609375 0.31875 0.034375 0.0453125
0 0.64140625 0.31171875 0.0234375 0.0390625
0 0.078125 0.39375 0.0328125 0.040625
0 0.86015625 0.2859375 0.034375 0.05
0 0.66328125 0.3140625 0.0328125 0.040625
0 0.1625 0.39296875 0.0328125 0.040625
0 0.5296875 0.34375 0.0328125 0.040625
0 0.32734375 0.371875 0.0296875 0.0484375
0 0.2625 0.3859375 0.028125 0.0390625
0 0.7640625 0.3203125 0.028125 0.034375
0 0.821875 0.31171875 0.028125 0.0390625
0 0.95625 0.30703125 0.028125 0.0390625
0 0.89921875 0.31796875 0.034375 0.0453125
0 0.10859375 0.42890625 0.028125 0.0390625
0 0.4140625 0.3859375 0.028125 0.034375
0 0.0359375 0.44140625 0.0375 0.0453125
0 0.6375 0.36171875 0.034375 0.05
0 0.2734375 0.06640625 0.0265625 0.03125
0 0.4875 0.39453125 0.0328125 0.040625
0 0.00390625 0.46484375 0.0078125 0.0515625
0 0.46640625 0.0390625 0.021875 0.0296875
0 0.7859375 0.35703125 0.034375 0.0453125
0 0.86171875 0.346875 0.028125 0.0390625
0 0.2015625 0.4390625 0.034375 0.0546875
0 0.56171875 0.39140625 0.0328125 0.040625
0 0.42734375 0.41484375 0.0296875 0.04375
0 0.7 0.3765625 0.028125 0.0390625
0 0.35703125 0.42890625 0.034375 0.0453125
0 0.28125 0.44140625 0.028125 0.0390625
0 0.0546875 0.47578125 0.0296875 0.0484375
0 0.1515625 0.0484375 0.015625 0.0109375
0 0.740625 0.384375 0.028125 0.0390625
0 0.15 0.471875 0.034375 0.05
0 0.953125 0.36171875 0.0296875 0.04375
0 0.38515625 0.44609375 0.028125 0.034375
0 0.67578125 0.4046875 0.0296875 0.04375
0 0.9265625 0.37421875 0.034375 0.0546875
0 0.3171875 0.4625 0.0328125 0.040625
0 0.465625 0.44140625 0.034375 0.0453125
0 0.596875 0.428125 0.0265625 0.03125
0 0.978125 0.3765625 0.025 0.04375
0 0.83203125 0.39765625 0.034375 0.0453125
0 0.525 0.4453125 0.034375 0.0453125
0 0.17265625 0.5015625 0.0390625 0.0546875
0 0.58359375 0.44375 0.0390625 0.0546875
0 0.22109375 0.49765625 0.028125 0.0390625
0 0.40546875 0.0546875 0.0234375 0.034375
0 0.57890625 0.03046875 0.0265625 0.03125
0 0.2453125 0.503125 0.034375 0.05
0 0.959375 0.4046875 0.0375 0.0453125
0 0.0484375 0.5328125 0.0375 0.0453125
0 0.725 0.4375 0.0375 0.0453125
0 0.34765625 0.49765625 0.0328125 0.040625
0 0.87734375 0.42578125 0.034375 0.05
0 0.4125 0.49609375 0.0296875 0.0484375
0 0.79453125 0.44921875 0.0390625 0.0546875
0 0.49453125 0.49375 0.034375 0.0453125
0 0.12109375 0.5484375 0.0375 0.0453125
0 0.01875 0.56796875 0.034375 0.05
0 0.67265625 0.4828125 0.034375 0.0546875
0 0.37421875 0.5390625 0.0328125 0.0359375
0 0.13125 0.05390625 0.025 0.0171875
0 0.85703125 0.00859375 0.0234375 0.0171875
0 0.27890625 0.55703125 0.04375 0.0546875
0 0.7703125 0.490625 0.034375 0.0453125
0 0.91640625 0.46953125 0.034375 0.0453125
0 0.0921875 0.10625 0.0234375 0.0390625
0 0.72578125 0.51015625 0.0375 0.0453125
0 0.03828125 0.11328125 0.0234375 0.034375
0 0.84140625 0.50078125 0.0328125 0.040625
0 0.60234375 0.534375 0.034375 0.05
0 0.8046875 0.50625 0.034375 0.0546875
0 0.4578125 0.56171875 0.034375 0.05
0 0.971875 0.49453125 0.034375 0.0546875
0 0.53828125 0.55546875 0.0375 0.05
0 0.128125 0.615625 0.0375 0.05
0 0.20390625 0.6046875 0.0234375 0.034375
0 0.99296875 0.4953125 0.0140625 0.046875
0 0.43125 0.0609375 0.028125 0.034375
0 0.028125 0.63203125 0.034375 0.05
0 0.6328125 0.54921875 0.0375 0.0453125
0 0.22578125 0.60859375 0.034375 0.0546875
0 0.8859375 0.515625 0.034375 0.0453125
0 0.371875 0.07109375 0.021875 0.0265625
0 0.30703125 0.60703125 0.034375 0.05
0 0.40859375 0.59453125 0.0296875 0.04375
0 0.49140625 0.590625 0.034375 0.05
0 0.578125 0.5890625 0.0421875 0.05
0 0.7703125 0.5625 0.0390625 0.0546875
0 0.8625 0.5515625 0.0375 0.05
0 0.1796875 0.10078125 0.021875 0.0296875
0 0.32421875 0.08046875 0.021875 0.0296875
0 0.05859375 0.66953125 0.034375 0.0453125
0 0.2921875 0.0875 0.0265625 0.0265625
0 0.3375 0.6421875 0.0421875 0.05
0 0.2484375 0.659375 0.0375 0.0453125
0 0.42734375 0.63671875 0.0390625 0.0546875
0 0.953125 0.56484375 0.0421875 0.05
0 0.00546875 0.128125 0.0109375 0.034375
0 0.4984375 0.05859375 0.028125 0.0390625
0 0.9953125 0.5578125 0.009375 0.04375
0 0.16953125 0.67734375 0.0375 0.05
0 0.5265625 0.05703125 0.0234375 0.034375
0 0.6390625 0.04140625 0.0234375 0.034375
0 0.61875 0.63125 0.0390625 0.0546875
0 0.525 0.64375 0.034375 0.0546875
0 0.03515625 0.715625 0.028125 0.0671875
0 0.721875 0.6296875 0.0375 0.05
0 0.20859375 0.70390625 0.046875 0.0421875
0 0.29609375 0.69453125 0.0421875 0.05
0 0.06640625 0.12421875 0.028125 0.0390625
0 0.55859375 0.0546875 0.0265625 0.03125
0 0.39765625 0.6875 0.034375 0.05
0 0.909375 0.6203125 0.0421875 0.046875
0 0.98515625 0.621875 0.0296875 0.059375
0 0.090625 0.74921875 0.0390625 0.0546875
0 0.4953125 0.696875 0.0390625 0.059375
0 0.63984375 0.67890625 0.0421875 0.05
0 0.38046875 0.71796875 0.04375 0.0546875
0 0.88984375 0.0109375 0.021875 0.021875
0 0.1515625 0.75 0.0390625 0.0546875
0 0.56484375 0.696875 0.0421875 0.05
0 0.0703125 0.77109375 0.0546875 0.065625
0 0.80078125 0.6734375 0.0375 0.0453125
0 0.76171875 0.68125 0.034375 0.0453125
0 0.2046875 0.109375 0.028125 0.034375
0 0.3359375 0.746875 0.0421875 0.05
0 0.221875 0.765625 0.0421875 0.05
0 0.8921875 0.68046875 0.034375 0.05
0 0.425 0.7484375 0.0421875 0.046875
0 0.14453125 0.8 0.0390625 0.0546875
0 0.5375 0.746875 0.04375 0.059375
0 0.9171875 0.0140625 0.021875 0.028125
0 0.11796875 0.12578125 0.028125 0.034375
0 0.9453125 0.7109375 0.034375 0.0453125
0 0.640625 0.75625 0.0390625 0.0546875
0 0.834375 0.73359375 0.0453125 0.0640625
0 0.9921875 0.71328125 0.015625 0.0546875
0 0.90625 0.73203125 0.0375 0.05
0 0.0703125 0.85 0.0453125 0.0640625
0 0.728125 0.7578125 0.0390625 0.059375
0 0.35078125 0.81796875 0.0390625 0.059375
0 0.38984375 0.8171875 0.04375 0.0546875
0 0.88828125 0.76796875 0.05 0.065625
0 0.615625 0.80859375 0.0359375 0.0640625
0 0.26484375 0.0375 0.021875 0.021875
0 0.184375 0.88359375 0.0375 0.05
0 0.3484375 0.103125 0.021875 0.0265625
0 0.971875 0.78359375 0.05 0.065625
0 0.609375 0.06640625 0.028125 0.0390625
0 0.49921875 0.86015625 0.04375 0.0546875
0 0.47265625 0.08828125 0.021875 0.0296875
0 0.0953125 0.93046875 0.0484375 0.05625
0 0.40390625 0.09765625 0.0265625 0.03125
0 0.325 0.91484375 0.0421875 0.0421875
0 0.93046875 0.834375 0.03125 0.0265625
0 0.21328125 0.9375 0.04375 0.0296875
0 0.403125 0.9109375 0.0390625 0.028125
0 0.6625 0.0640625 0.0234375 0.034375
0 0.29609375 0.11796875 0.028125 0.034375
0 0.36328125 0.02578125 0.03125 0.0265625
0 0.221875 0.1296875 0.0234375 0.034375
0 0.00703125 0.16015625 0.0140625 0.0390625
0 0.89375 0.0375 0.028125 0.034375
0 0.703125 0.0640625 0.0234375 0.034375
0 0.64609375 0.075 0.01875 0.034375
0 0.240625 0.134375 0.0234375 0.034375