0 0.95859375 0.27578125 0.015625 0.0203125
0 0.92890625 0.2796875 0.0109375 0.0109375
0 0.90703125 0.2796875 0.00625 0.009375
0 0.8953125 0.278125 0.0109375 0.015625
0 0.91640625 0.28046875 0.0109375 0.0109375
0 0.9921875 0.290625 0.015625 0.0203125
0 0.9625 0.2875 0.0109375 0.0109375
0 0.94296875 0.290625 0.015625 0.0203125
0 0.7078125 0.26796875 0.0046875 0.0046875
0 0.9296875 0.29375 0.015625 0.0203125
0 0.66640625 0.27109375 0.0046875 0.0046875
0 0.6015625 0.2640625 0.0046875 0.0046875
0 0.65 0.27109375 0.0046875 0.0046875
0 0.659375 0.27265625 0.0046875 0.0046875
0 0.865625 0.29921875 0.0109375 0.015625
0 0.76875 0.28828125 0.0109375 0.015625
0 0.496875 0.26015625 0.00625 0.009375
0 0.62109375 0.2734375 0.0109375 0.0109375
0 0.49296875 0.26171875 0.0046875 0.0046875
0 0.59140625 0.27265625 0.0046875 0.0046875
0 0.56796875 0.2703125 0.0046875 0.0046875
0 0.99375 0.315625 0.0125 0.021875
0 0.5609375 0.26953125 0.0046875 0.0046875
0 0.70859375 0.284375 0.0109375 0.0109375
0 0.603125 0.27578125 0.0109375 0.0109375
0 0.93828125 0.3109375 0.021875 0.025
0 0.6171875 0.27734375 0.0109375 0.0109375
0 0.575 0.275 0.0046875 0.0046875
0 0.58203125 0.27578125 0.0046875 0.0046875
0 0.6296875 0.28125 0.0109375 0.0109375
0 0.5453125 0.271875 0.0046875 0.0046875
0 0.59765625 0.28046875 0.0046875 0.0046875
0 0.81640625 0.303125 0.0171875 0.025
0 0.50078125 0.26953125 0.0046875 0.0046875
0 0.590625 0.2796875 0.0046875 0.0046875
0 0.63671875 0.284375 0.0046875 0.0046875
0 0.5671875 0.2765625 0.0046875 0.0046875
0 0.6890625 0.28984375 0.0109375 0.015625
0 0.6765625 0.28828125 0.0109375 0.015625
0 0.803125 0.3015625 0.0171875 0.025
0 0.51640625 0.27421875 0.0046875 0.0046875
0 0.66875 0.28984375 0.015625 0.0203125
0 0.83671875 0.3078125 0.021875 0.025
0 0.5328125 0.27578125 0.00625 0.009375
0 0.5859375 0.28125 0.00625 0.009375
0 0.37578125 0.259375 0.0046875 0.0046875
0 0.45 0.2671875 0.0046875 0.0046875
0 0.50703125 0.27265625 0.0046875 0.0046875
0 0.73828125 0.296875 0.015625 0.0203125
0 0.48203125 0.27265625 0.009375 0.00625
0 0.52109375 0.2765625 0.0109375 0.015625
0 0.53984375 0.27890625 0.009375 0.00625
0 0.703125 0.29609375 0.015625 0.015625
0 0.49140625 0.2734375 0.00625 0.009375
0 0.56015625 0.28046875 0.0109375 0.015625
0 0.7484375 0.30078125 0.0109375 0.0203125
0 0.6453125 0.28984375 0.0109375 0.0109375
0 0.4453125 0.26875 0.0046875 0.0046875
0 0.78125 0.30390625 0.021875 0.0390625
0 0.39453125 0.265625 0.00625 0.009375
0 0.61953125 0.28984375 0.0109375 0.015625
0 0.3625 0.2625 0.0046875 0.0046875
0 0.66171875 0.29375 0.015625 0.0203125
0 0.35546875 0.26171875 0.0046875 0.0046875
0 0.63359375 0.290625 0.009375 0.00625
0 0.465625 0.27578125 0.0109375 0.0109375
0 0.47265625 0.2765625 0.009375 0.00625
0 0.43046875 0.271875 0.0046875 0.0046875
0 0.32734375 0.2609375 0.009375 0.00625
0 0.59453125 0.290625 0.0109375 0.015625
0 0.60625 0.2921875 0.009375 0.00625
0 0.421875 0.27265625 0.009375 0.00625
0 0.55078125 0.2859375 0.0109375 0.0203125
0 0.575 0.29140625 0.015625 0.0203125
0 0.3359375 0.265625 0.0046875 0.0046875
0 0.48125 0.28125 0.0109375 0.0109375
0 0.86953125 0.32421875 0.028125 0.04375
0 0.646875 0.30078125 0.0109375 0.0109375
0 0.715625 0.30859375 0.015625 0.015625
0 0.49921875 0.28515625 0.0109375 0.015625
0 0.52734375 0.28828125 0.0109375 0.0109375
0 0.4921875 0.284375 0.00625 0.009375
0 0.934375 0.33125 0.0359375 0.0359375
0 0.409375 0.27578125 0.00625 0.009375
0 0.4625 0.28359375 0.0109375 0.0109375
0 0.565625 0.29453125 0.0109375 0.0109375
0 0.42578125 0.28046875 0.0109375 0.0109375
0 0.759375 0.31484375 0.0109375 0.015625
0 0.5125 0.2890625 0.015625 0.0203125
0 0.4734375 0.2875 0.015625 0.0203125
0 0.2546875 0.26484375 0.0109375 0.0109375
0 0.73125 0.31484375 0.021875 0.025
0 0.79609375 0.32109375 0.015625 0.0203125
0 0.2734375 0.26640625 0.0109375 0.0109375
0 0.6875 0.31015625 0.0296875 0.021875
0 0.3953125 0.27890625 0.0109375 0.0109375
0 0.45 0.28515625 0.0171875 0.025
0 0.23671875 0.2625 0.009375 0.00625
0 0.54296875 0.29453125 0.0171875 0.025
0 0.70625 0.31171875 0.0109375 0.0109375
0 0.99375 0.3453125 0.0125 0.04375
0 0.309375 0.27265625 0.0109375 0.0109375
0 0.4015625 0.28203125 0.015625 0.0109375
0 0.390625 0.28125 0.0046875 0.0046875
0 0.6140625 0.3046875 0.0109375 0.0109375
0 0.3328125 0.27734375 0.00625 0.009375
0 0.43828125 0.28828125 0.0109375 0.0203125
0 0.85078125 0.334375 0.0171875 0.025
0 0.37109375 0.28359375 0.0171875 0.025
0 0.42265625 0.2890625 0.0109375 0.0109375
0 0.9796875 0.34765625 0.040625 0.040625
0 0.38046875 0.284375 0.00625 0.009375
0 0.4890625 0.2984375 0.0109375 0.015625
0 0.40546875 0.28984375 0.015625 0.0203125
0 0.23125 0.27109375 0.0109375 0.015625
0 0.89140625 0.340625 0.0328125 0.0484375
0 0.35546875 0.284375 0.0109375 0.0203125
0 0.24140625 0.275 0.015625 0.0203125
0 0.4171875 0.29296875 0.0109375 0.0203125
0 0.63125 0.315625 0.034375 0.03125
0 0.321875 0.2859375 0.0109375 0.0203125
0 0.340625 0.2875 0.015625 0.0203125
0 0.296875 0.28515625 0.015625 0.015625
0 0.565625 0.3140625 0.015625 0.0203125
0 0.58671875 0.315625 0.021875 0.025
0 0.83046875 0.34375 0.03125 0.0390625
0 0.70625 0.33046875 0.025 0.025
0 0.3078125 0.29140625 0.015625 0.0203125
0 0.40234375 0.3015625 0.0140625 0.00625
0 0.59765625 0.32421875 0.021875 0.0390625
0 0.234375 0.2859375 0.015625 0.015625
0 0.546875 0.32109375 0.021875 0.025
0 0.246875 0.29453125 0.015625 0.0203125
0 0.46328125 0.3171875 0.021875 0.034375
0 0.5234375 0.3234375 0.0265625 0.0390625
0 0.80859375 0.353125 0.0359375 0.04375
0 0.37109375 0.30703125 0.0171875 0.025
0 0.50703125 0.32421875 0.0203125 0.0203125
0 0.475 0.32265625 0.0171875 0.0296875
0 0.67421875 0.34375 0.0359375 0.0484375
0 0.271875 0.30390625 0.00625 0.009375
0 0.759375 0.35546875 0.0375 0.0578125
0 0.1078125 0.29140625 0.021875 0.025
0 0.48671875 0.33125 0.021875 0.025
0 0.4140625 0.3234375 0.0265625 0.034375
0 0.3953125 0.32421875 0.0265625 0.034375
0 0.97265625 0.38671875 0.0421875 0.059375
0 0.125 0.3 0.025 0.025
0 0.29609375 0.31796875 0.0265625 0.0296875
0 0.23125 0.3140625 0.015625 0.0203125
0 0.209375 0.3203125 0.0375 0.053125
0 0.26953125 0.3265625 0.025 0.025
0 0.5109375 0.3515625 0.03125 0.034375
0 0.16796875 0.31796875 0.05 0.040625
0 0.71953125 0.38125 0.0484375 0.06875
0 0.0265625 0.31015625 0.0203125 0.0203125
0 0.2453125 0.33359375 0.03125 0.0390625
0 0.63984375 0.39140625 0.0734375 0.0859375
0 0.05859375 0.3328125 0.0328125 0.0484375
0 0.3421875 0.3625 0.0265625 0.0390625
0 0.42890625 0.37421875 0.0359375 0.0484375
0 0.315625 0.37109375 0.0265625 0.0390625
0 0.028125 0.34140625 0.0328125 0.053125
0 0.13359375 0.35703125 0.0671875 0.075
0 0.76328125 0.43046875 0.046875 0.0640625
0 0.1890625 0.38125 0.0703125 0.0625
0 0.48125 0.41171875 0.05 0.0828125
0 0.109375 0.40546875 0.0625 0.0703125
0 0.36171875 0.44375 0.053125 0.078125
0 0.98125 0.51328125 0.0375 0.1234375
0 0.81015625 0.53515625 0.08125 0.1265625
0 0.1765625 0.496875 0.10625 0.14375
0 0.02578125 0.53984375 0.0515625 0.1484375
0 0.0421875 0.7890625 0.084375 0.140625