0 0.36328125 0.20078125 0.096875 0.1953125
0 0.64453125 0.2546875 0.1046875 0.1859375
0 0.81796875 0.3 0.121875 0.228125
0 0.1953125 0.271875 0.096875 0.209375
0 0.5359375 0.3265625 0.10625 0.2
0 0.31796875 0.38515625 0.1015625 0.209375
0 0.38828125 0.40390625 0.078125 0.134375
0 0.23828125 0.49609375 0.0796875 0.1578125
0 0.1609375 0.4953125 0.0890625 0.221875
0 0.68984375 0.5734375 0.11875 0.196875
0 0.46953125 0.56484375 0.1078125 0.2140625
0 0.5703125 0.5890625 0.1015625 0.2
0 0.8453125 0.66796875 0.1078125 0.2234375