0 0.46015625 0.38046875 0.0109375 0.0109375
0 0.0453125 0.33515625 0.021875 0.0265625
0 0.7375 0.45703125 0.0109375 0.015625
0 0.171875 0.36171875 0.0125 0.0203125
0 0.21015625 0.37109375 0.0171875 0.0203125
0 0.9625 0.50390625 0.0109375 0.015625
0 0.33984375 0.39609375 0.0234375 0.034375
0 0.9453125 0.5078125 0.0171875 0.025
0 0.0953125 0.3578125 0.0125 0.0203125
0 0.8265625 0.48671875 0.0125 0.0203125
0 0.584375 0.44921875 0.0171875 0.025
0 0.5 0.434375 0.0171875 0.025
0 0.41796875 0.41953125 0.021875 0.0265625
0 0.93046875 0.5125 0.0171875 0.025
0 0.60859375 0.45546875 0.0109375 0.0109375
0 0.19609375 0.38515625 0.0171875 0.025
0 0.04921875 0.359375 0.03125 0.028125
0 0.26640625 0.39765625 0.021875 0.0265625
0 0.696875 0.47578125 0.0171875 0.0203125
0 0.7765625 0.4921875 0.01875 0.0296875
0 0.709375 0.48515625 0.0265625 0.0265625
0 0.17578125 0.39140625 0.01875 0.0296875
0 0.11640625 0.38046875 0.01875 0.0296875
0 0.34296875 0.4203125 0.0109375 0.015625
0 0.2859375 0.4109375 0.01875 0.0296875
0 0.1578125 0.38828125 0.034375 0.040625
0 0.7296875 0.4890625 0.0234375 0.03125
0 0.86875 0.515625 0.0234375 0.03125
0 0.5484375 0.46171875 0.0234375 0.034375
0 0.075 0.378125 0.021875 0.0265625
0 0.215625 0.40546875 0.0234375 0.03125
0 0.3046875 0.42109375 0.0359375 0.0546875
0 0.83125 0.5140625 0.021875 0.0265625
0 0.44375 0.4453125 0.028125 0.0359375
0 0.7921875 0.509375 0.028125 0.0359375
0 0.88515625 0.528125 0.0359375 0.05
0 0.76015625 0.50625 0.025 0.0390625
0 0.5203125 0.46640625 0.0234375 0.034375
0 0.471875 0.4625 0.0234375 0.03125
0 0.62578125 0.49140625 0.034375 0.0453125
0 0.72578125 0.5109375 0.0234375 0.03125
0 0.82421875 0.52890625 0.0171875 0.0203125
0 0.81015625 0.528125 0.025 0.0390625
0 0.06171875 0.396875 0.028125 0.03125
0 0.35078125 0.45 0.05 0.0578125
0 0.1453125 0.42109375 0.01875 0.0296875
0 0.3796875 0.4625 0.040625 0.05625
0 0.4109375 0.46796875 0.034375 0.0453125
0 0.03046875 0.403125 0.046875 0.065625
0 0.246875 0.44375 0.0234375 0.034375
0 0.2078125 0.4390625 0.0296875 0.0453125
0 0.10703125 0.42109375 0.0453125 0.05625
0 0.9484375 0.571875 0.078125 0.09375
0 0.2640625 0.4515625 0.03125 0.0546875
0 0.43046875 0.48046875 0.0234375 0.03125
0 0.7828125 0.5453125 0.0296875 0.0453125
0 0.73984375 0.53984375 0.028125 0.0359375
0 0.4953125 0.49921875 0.034375 0.0453125
0 0.6984375 0.53515625 0.046875 0.065625
0 0.23125 0.4625 0.0296875 0.040625
0 0.46171875 0.50546875 0.034375 0.0453125
0 0.83984375 0.571875 0.0296875 0.0453125
0 0.178125 0.46015625 0.0359375 0.0546875
0 0.8796875 0.5859375 0.040625 0.0609375
0 0.1453125 0.45859375 0.0234375 0.03125
0 0.796875 0.57578125 0.0484375 0.0484375
0 0.6046875 0.546875 0.053125 0.075
0 0.43046875 0.5203125 0.0390625 0.046875
0 0.37890625 0.52265625 0.0375 0.0640625
0 0.5234375 0.553125 0.0421875 0.0421875
0 0.63046875 0.571875 0.028125 0.0359375
0 0.05 0.4796875 0.0453125 0.05625
0 0.22109375 0.51875 0.0453125 0.05625
0 0.31953125 0.53671875 0.0734375 0.0921875
0 0.14609375 0.50859375 0.075 0.053125
0 0.703125 0.6109375 0.0640625 0.090625
0 0.5640625 0.5890625 0.0546875 0.0578125
0 0.015625 0.4984375 0.03125 0.0875
0 0.41328125 0.5765625 0.0515625 0.0703125
0 0.27578125 0.55625 0.0515625 0.0703125
0 0.06328125 0.540625 0.046875 0.065625
0 0.46796875 0.6140625 0.078125 0.1203125
0 0.35078125 0.60078125 0.0703125 0.0515625
0 0.1703125 0.56875 0.084375 0.103125
0 0.578125 0.65703125 0.0765625 0.10625
0 0.9296875 0.753125 0.090625 0.1625
0 0.13515625 0.61875 0.0796875 0.125
0 0.74921875 0.7671875 0.1140625 0.1703125
0 0.3421875 0.71640625 0.1015625 0.1453125
0 0.0359375 0.70546875 0.071875 0.1734375
0 0.50546875 0.86953125 0.10625 0.125