0 0.41640625 0.390625 0.0109375 0.01875
0 0.40546875 0.38984375 0.0109375 0.0140625
0 0.43515625 0.3921875 0.0109375 0.0140625
0 0.4765625 0.39609375 0.00625 0.0140625
0 0.3609375 0.38828125 0.0109375 0.01875
0 0.33828125 0.38828125 0.0109375 0.0109375
0 0.45546875 0.39921875 0.0109375 0.0140625
0 0.3046875 0.38984375 0.0109375 0.0140625
0 0.49140625 0.40859375 0.0109375 0.0140625
0 0.440625 0.40625 0.0109375 0.0109375
0 0.49296875 0.415625 0.0109375 0.01875
0 0.50703125 0.41875 0.0109375 0.01875
0 0.553125 0.4234375 0.015625 0.025
0 0.50234375 0.41875 0.0109375 0.0140625
0 0.45390625 0.41640625 0.0109375 0.0140625
0 0.5734375 0.43203125 0.0109375 0.01875
0 0.52734375 0.4328125 0.015625 0.0203125
0 0.42265625 0.42578125 0.015625 0.015625
0 0.4921875 0.43203125 0.015625 0.015625
0 0.43671875 0.42734375 0.0109375 0.0140625
0 0.653125 0.45078125 0.0109375 0.0140625
0 0.61328125 0.44921875 0.0109375 0.0140625
0 0.62265625 0.45 0.015625 0.0203125
0 0.96171875 0.4796875 0.015625 0.025
0 0.30234375 0.42265625 0.015625 0.015625
0 0.634375 0.4515625 0.0109375 0.0140625
0 0.58359375 0.446875 0.015625 0.025
0 0.975 0.4859375 0.0203125 0.025
0 0.659375 0.465625 0.015625 0.025
0 0.41875 0.44453125 0.0109375 0.01875
0 0.815625 0.47890625 0.015625 0.025
0 0.33125 0.4390625 0.0109375 0.0140625
0 0.3609375 0.44140625 0.015625 0.0203125
0 0.30546875 0.43671875 0.0109375 0.0234375
0 0.26171875 0.4375 0.0203125 0.025
0 0.32578125 0.44296875 0.015625 0.015625
0 0.34453125 0.44453125 0.0109375 0.0140625
0 0.38125 0.4484375 0.015625 0.015625
0 0.52265625 0.46015625 0.015625 0.015625
0 0.7984375 0.484375 0.015625 0.025
0 0.840625 0.490625 0.0203125 0.0203125
0 0.309375 0.44375 0.015625 0.025
0 0.8796875 0.49375 0.015625 0.025
0 0.425 0.45390625 0.0109375 0.0234375
0 0.6828125 0.47890625 0.015625 0.025
0 0.38984375 0.45625 0.0109375 0.01875
0 0.24921875 0.44609375 0.0203125 0.025
0 0.4640625 0.46484375 0.015625 0.015625
0 0.5078125 0.46875 0.015625 0.0203125
0 0.28828125 0.44921875 0.015625 0.025
0 0.55546875 0.47265625 0.015625 0.025
0 0.91484375 0.50546875 0.021875 0.0328125
0 0.7234375 0.4890625 0.015625 0.0203125
0 0.78203125 0.49609375 0.0203125 0.025
0 0.3984375 0.465625 0.015625 0.025
0 0.43984375 0.46875 0.015625 0.025
0 0.490625 0.47578125 0.015625 0.015625
0 0.8546875 0.5078125 0.015625 0.025
0 0.6453125 0.49140625 0.015625 0.0203125
0 0.4078125 0.47109375 0.015625 0.025
0 0.3265625 0.46328125 0.0171875 0.0296875
0 0.5640625 0.484375 0.015625 0.025
0 0.82890625 0.51015625 0.015625 0.0203125
0 0.3359375 0.4671875 0.015625 0.025
0 0.453125 0.4796875 0.0203125 0.025
0 0.52734375 0.4859375 0.015625 0.025
0 0.97421875 0.525 0.015625 0.025
0 0.37890625 0.47265625 0.015625 0.025
0 0.46953125 0.48125 0.015625 0.025
0 0.53984375 0.49140625 0.0171875 0.0296875
0 0.503125 0.48828125 0.0203125 0.025
0 0.87421875 0.5234375 0.015625 0.025
0 0.6203125 0.503125 0.015625 0.025
0 0.721875 0.5125 0.0203125 0.025
0 0.35234375 0.48203125 0.0171875 0.0296875
0 0.65 0.51328125 0.015625 0.0203125
0 0.58828125 0.5078125 0.0203125 0.025
0 0.63359375 0.5140625 0.0171875 0.0296875
0 0.40703125 0.496875 0.0203125 0.0203125
0 0.3609375 0.49453125 0.021875 0.0296875
0 0.2640625 0.4890625 0.021875 0.0296875
0 0.61640625 0.521875 0.0203125 0.0203125
0 0.71796875 0.53046875 0.0203125 0.0203125
0 0.66640625 0.53125 0.021875 0.0296875
0 0.459375 0.515625 0.025 0.015625
0 0.4765625 0.521875 0.015625 0.015625
0 0.68671875 0.546875 0.021875 0.0296875
0 0.3359375 0.51640625 0.021875 0.0328125
0 0.6125 0.540625 0.021875 0.0296875
0 0.59140625 0.53984375 0.021875 0.0328125
0 0.525 0.534375 0.021875 0.0328125
0 0.2140625 0.509375 0.03125 0.034375
0 0.4921875 0.5359375 0.0171875 0.0375
0 0.39765625 0.528125 0.021875 0.0375
0 0.4625 0.5359375 0.021875 0.0328125
0 0.50546875 0.5421875 0.021875 0.0328125
0 0.47421875 0.55078125 0.0265625 0.04375
0 0.80625 0.58515625 0.03125 0.034375
0 0.26328125 0.55625 0.0265625 0.0390625
0 0.54609375 0.58125 0.021875 0.0375
0 0.3609375 0.571875 0.021875 0.0328125
0 0.67734375 0.6015625 0.03125 0.04375
0 0.98046875 0.63515625 0.021875 0.0328125
0 0.6546875 0.6109375 0.0328125 0.0484375
0 0.77734375 0.62421875 0.028125 0.0484375
0 0.83203125 0.64296875 0.0265625 0.04375
0 0.97109375 0.66640625 0.0359375 0.0484375
0 0.0578125 0.58671875 0.040625 0.053125
0 0.571875 0.634375 0.0265625 0.04375
0 0.35703125 0.62265625 0.0265625 0.034375
0 0.59609375 0.64296875 0.0328125 0.053125
0 0.20390625 0.62109375 0.03125 0.04375
0 0.1125 0.6234375 0.021875 0.0375
0 0.35390625 0.6515625 0.0265625 0.04375
0 0.2171875 0.64921875 0.015625 0.025
0 0.2484375 0.66875 0.0265625 0.04375
0 0.74609375 0.7171875 0.046875 0.0640625
0 0.12265625 0.67421875 0.0359375 0.053125
0 0.59921875 0.715625 0.0375 0.0578125
0 0.2015625 0.69296875 0.0234375 0.0609375
0 0.371875 0.71875 0.0609375 0.06875
0 0.228125 0.715625 0.0375 0.0671875
0 0.93984375 0.8109375 0.06875 0.1015625
0 0.30703125 0.825 0.09375 0.1265625
0 0.3796875 0.83125 0.0609375 0.115625
0 0.7421875 0.8671875 0.0546875 0.096875
0 0.89609375 0.8828125 0.1296875 0.1296875
0 0.66953125 0.875 0.090625 0.0953125