0 0.45 0.0109375 0.03125 0.021875
0 0.615625 0.13515625 0.0234375 0.04375
0 0.89296875 0.16875 0.021875 0.034375
0 0.690625 0.14765625 0.0265625 0.0390625
0 0.5015625 0.13046875 0.021875 0.034375
0 0.94296875 0.1765625 0.0265625 0.034375
0 0.45078125 0.125 0.03125 0.034375
0 0.30625 0.11171875 0.0265625 0.034375
0 0.79609375 0.165625 0.0265625 0.0390625
0 0.740625 0.16015625 0.0265625 0.0390625
0 0.39921875 0.1265625 0.028125 0.04375
0 0.9875 0.18828125 0.025 0.0390625
0 0.2609375 0.11171875 0.021875 0.034375
0 0.2125 0.109375 0.0265625 0.034375
0 0.16171875 0.10625 0.0265625 0.034375
0 0.05625 0.09765625 0.0265625 0.0390625
0 0.11328125 0.10390625 0.0265625 0.034375
0 0.54609375 0.14921875 0.0265625 0.034375
0 0.64296875 0.159375 0.028125 0.04375
0 0.8359375 0.1796875 0.0265625 0.0296875
0 0.35078125 0.128125 0.021875 0.034375
0 0.59375 0.1609375 0.0265625 0.0390625
0 0.784375 0.20625 0.0265625 0.0390625
0 0.72734375 0.2 0.028125 0.04375
0 0.878125 0.21875 0.0265625 0.0390625
0 0.44296875 0.175 0.028125 0.04375
0 0.3921875 0.16953125 0.0265625 0.0390625
0 0.9296875 0.2265625 0.03125 0.0390625
0 0.834375 0.21640625 0.03125 0.034375
0 0.9796875 0.2359375 0.0265625 0.0390625
0 0.63828125 0.2 0.0265625 0.0390625
0 0.046875 0.13828125 0.0265625 0.0390625
0 0.33671875 0.17109375 0.0265625 0.0296875
0 0.484375 0.18671875 0.0265625 0.0390625
0 0.28828125 0.16796875 0.0265625 0.034375
0 0.57265625 0.203125 0.021875 0.034375
0 0.1890625 0.1625 0.03125 0.034375
0 0.67890625 0.22109375 0.0265625 0.034375
0 0.2453125 0.1828125 0.0265625 0.034375
0 0.50390625 0.02109375 0.021875 0.034375
0 0.27578125 0.196875 0.03125 0.0390625
0 0.3765625 0.21171875 0.0234375 0.04375
0 0.08671875 0.18125 0.03125 0.0390625
0 0.86953125 0.2640625 0.0265625 0.0390625
0 0.47109375 0.221875 0.028125 0.04375
0 0.125 0.18828125 0.0265625 0.0390625
0 0.9609375 0.28046875 0.0359375 0.040625
0 0.32734375 0.2140625 0.028125 0.04375
0 0.71640625 0.2546875 0.021875 0.034375
0 0.221875 0.203125 0.028125 0.04375
0 0.5421875 0.23671875 0.028125 0.04375
0 0.6203125 0.24453125 0.028125 0.04375
0 0.17109375 0.2 0.0265625 0.034375
0 0.42421875 0.22890625 0.0265625 0.0390625
0 0.91171875 0.28046875 0.0265625 0.034375
0 0.759375 0.26640625 0.0265625 0.034375
0 0.81015625 0.290625 0.028125 0.04375
0 0.35703125 0.24765625 0.0265625 0.0390625
0 0.85859375 0.30546875 0.021875 0.0390625
0 0.25703125 0.24453125 0.0328125 0.04375
0 0.9953125 0.32265625 0.009375 0.0296875
0 0.2109375 0.2390625 0.0328125 0.04375
0 0.39765625 0.259375 0.028125 0.04375
0 0.7515625 0.29609375 0.021875 0.034375
0 0.509375 0.2734375 0.028125 0.04375
0 0.03125 0.22265625 0.0125 0.025
0 0.703125 0.29375 0.0328125 0.04375
0 0.11171875 0.23359375 0.03125 0.0390625
0 0.55546875 0.28046875 0.03125 0.034375
0 0.45 0.26953125 0.0359375 0.040625
0 0.30703125 0.25390625 0.0265625 0.0390625
0 0.903125 0.31953125 0.03125 0.03125
0 0.0578125 0.23046875 0.03125 0.034375
0 0.934375 0.325 0.0265625 0.0390625
0 0.64453125 0.30078125 0.0265625 0.0296875
0 0.603125 0.2984375 0.021875 0.034375
0 0.740625 0.3296875 0.0328125 0.04375
0 0.9734375 0.35859375 0.0171875 0.0375
0 0.5890625 0.31875 0.0265625 0.0390625
0 0.79375 0.34453125 0.03125 0.0390625
0 0.1921875 0.28359375 0.021875 0.0390625
0 0.8921875 0.359375 0.03125 0.03125
0 0.53046875 0.321875 0.03125 0.03125
0 0.63828125 0.3328125 0.021875 0.034375
0 0.684375 0.33828125 0.0328125 0.0484375
0 0.09296875 0.278125 0.028125 0.0484375
0 0.28828125 0.2984375 0.028125 0.04375
0 0.24453125 0.29375 0.0265625 0.034375
0 0.48671875 0.321875 0.0265625 0.0390625
0 0.14296875 0.2859375 0.0171875 0.0375
0 0.39609375 0.3125 0.0265625 0.0390625
0 0.3296875 0.3078125 0.0265625 0.0390625
0 0.4375 0.31875 0.028125 0.04375
0 0.840625 0.36171875 0.021875 0.0390625
0 0.0359375 0.290625 0.0265625 0.0390625
0 0.82578125 0.38984375 0.0265625 0.0390625
0 0.6671875 0.37265625 0.0265625 0.0390625
0 0.72421875 0.38125 0.0265625 0.0390625
0 0.96875 0.40703125 0.0265625 0.034375
0 0.22734375 0.32890625 0.0265625 0.034375
0 0.31640625 0.33828125 0.021875 0.0390625
0 0.0796875 0.315625 0.0265625 0.0390625
0 0.8828125 0.403125 0.03125 0.0390625
0 0.37109375 0.3515625 0.0265625 0.034375
0 0.928125 0.41015625 0.021875 0.034375
0 0.61484375 0.3796875 0.021875 0.0390625
0 0.53046875 0.3703125 0.0234375 0.04375
0 0.42109375 0.3609375 0.0265625 0.034375
0 0.76953125 0.39765625 0.0328125 0.04375
0 0.47421875 0.36953125 0.028125 0.0484375
0 0.1265625 0.3328125 0.0265625 0.0390625
0 0.575 0.38203125 0.0234375 0.04375
0 0.02734375 0.32734375 0.028125 0.04375
0 0.15859375 0.340625 0.025 0.025
0 0.27109375 0.35234375 0.0265625 0.0390625
0 0.24140625 0.015625 0.0328125 0.03125
0 0.8625 0.4359375 0.0359375 0.040625
0 0.959375 0.45078125 0.021875 0.0390625
0 0.36015625 0.38828125 0.028125 0.04375
0 0.50546875 0.403125 0.028125 0.04375
0 0.3046875 0.38203125 0.021875 0.034375
0 0.91328125 0.4484375 0.03125 0.0390625
0 0.04921875 0.359375 0.0265625 0.034375
0 0.71015625 0.42890625 0.03125 0.0390625
0 0.80625 0.44140625 0.028125 0.04375
0 0.6015625 0.41953125 0.021875 0.034375
0 0.65703125 0.425 0.03125 0.0390625
0 0.1 0.3671875 0.0328125 0.0484375
0 0.15546875 0.37265625 0.0265625 0.0390625
0 0.44921875 0.40625 0.028125 0.04375
0 0.553125 0.41640625 0.021875 0.0390625
0 0.7578125 0.440625 0.0265625 0.034375
0 0.20234375 0.384375 0.0265625 0.034375
0 0.26015625 0.390625 0.0265625 0.0390625
0 0.53359375 0.0421875 0.021875 0.034375
0 0.39609375 0.40703125 0.0265625 0.034375
0 0.9109375 0.084375 0.03125 0.034375
0 0.33828125 0.02421875 0.021875 0.034375
0 0.3953125 0.03046875 0.021875 0.034375
0 0.9953125 0.503125 0.009375 0.0421875
0 0.746875 0.475 0.028125 0.04375
0 0.80703125 0.48125 0.0328125 0.0484375
0 0.64765625 0.4671875 0.0265625 0.034375
0 0.54609375 0.45625 0.0328125 0.04375
0 0.69375 0.471875 0.0328125 0.04375
0 0.2375 0.4234375 0.028125 0.04375
0 0.85 0.490625 0.0328125 0.04375
0 0.03515625 0.40703125 0.028125 0.04375
0 0.12890625 0.41953125 0.0265625 0.0390625
0 0.5875 0.4671875 0.028125 0.04375
0 0.48828125 0.45703125 0.0265625 0.0390625
0 0.86484375 0.08203125 0.0265625 0.0390625
0 0.578125 0.0515625 0.028125 0.0484375
0 0.68125 0.0625 0.03125 0.0390625
0 0.4375 0.45390625 0.028125 0.0484375
0 0.29140625 0.44140625 0.0265625 0.034375
0 0.38671875 0.45078125 0.028125 0.04375
0 0.18828125 0.4328125 0.03125 0.034375
0 0.34296875 0.44921875 0.0265625 0.034375
0 0.0828125 0.43984375 0.021875 0.034375
0 0.90625 0.52890625 0.0328125 0.0484375
0 0.81953125 0.0796875 0.021875 0.034375
0 0.96640625 0.53984375 0.03125 0.0390625
0 0.75390625 0.52421875 0.028125 0.0484375
0 0.703125 0.52109375 0.0265625 0.0390625
0 0.2421875 0.47265625 0.028125 0.04375
0 0.090625 0.459375 0.028125 0.0484375
0 0.3109375 0.4828125 0.0265625 0.0390625
0 0.04140625 0.45390625 0.0265625 0.0390625
0 0.7265625 0.071875 0.0265625 0.0390625
0 0.090625 0.0109375 0.021875 0.021875
0 0.60546875 0.515625 0.0265625 0.0390625
0 0.65390625 0.52109375 0.021875 0.0390625
0 0.85390625 0.54453125 0.0328125 0.0484375
0 0.45078125 0.5015625 0.0328125 0.0484375
0 0.80703125 0.54375 0.0265625 0.0390625
0 0.190625 0.47890625 0.021875 0.0296875
0 0.43671875 0.04140625 0.0265625 0.0390625
0 0.4828125 0.04609375 0.0265625 0.034375
0 0.1390625 0.47890625 0.0328125 0.0484375
0 0.73828125 0.0296875 0.025 0.0171875
0 0.62734375 0.0640625 0.0328125 0.04375
0 0.97734375 0.10078125 0.028125 0.04375
0 0.546875 0.53984375 0.021875 0.0390625
0 0.50078125 0.53671875 0.0265625 0.034375
0 0.7234375 0.5625 0.0234375 0.04375
0 0.87109375 0.578125 0.03125 0.0390625
0 0.97890625 0.59453125 0.0234375 0.04375
0 0.19921875 0.51015625 0.0265625 0.034375
0 0.2515625 0.515625 0.0265625 0.034375
0 0.09921875 0.49921875 0.03125 0.034375
0 0.6171875 0.55625 0.021875 0.034375
0 0.665625 0.56171875 0.0265625 0.0390625
0 0.9140625 0.5921875 0.0265625 0.034375
0 0.04375 0.50078125 0.028125 0.04375
0 0.30625 0.53046875 0.0265625 0.034375
0 0.35859375 0.5359375 0.0265625 0.0390625
0 0.7546875 0.578125 0.03125 0.0390625
0 0.415625 0.54453125 0.0328125 0.04375
0 0.15234375 0.01875 0.021875 0.034375
0 0.221875 0.5546875 0.028125 0.04375
0 0.15703125 0.55 0.021875 0.034375
0 0.93046875 0.63203125 0.0328125 0.04375
0 0.1828125 0.021875 0.025 0.025
0 0.52265625 0.59140625 0.028125 0.04375
0 0.25625 0.56328125 0.0265625 0.034375
0 0.31328125 0.56953125 0.0265625 0.0390625
0 0.73046875 0.61328125 0.03125 0.034375
0 0.11328125 0.55078125 0.0265625 0.0390625
0 0.4234375 0.5828125 0.0359375 0.04375
0 0.8328125 0.62578125 0.028125 0.04375
0 0.78046875 0.6203125 0.0328125 0.04375
0 0.675 0.609375 0.0234375 0.04375
0 0.4765625 0.590625 0.0328125 0.0484375
0 0.35859375 0.5828125 0.028125 0.0484375
0 0.63046875 0.6109375 0.03125 0.0390625
0 0.0109375 0.55 0.021875 0.034375
0 0.0515625 0.5546875 0.0265625 0.034375
0 0.5703125 0.609375 0.03125 0.0390625
0 0.8875 0.64765625 0.03125 0.0390625
0 0.94765625 0.675 0.0328125 0.04375
0 0.53203125 0.63359375 0.03125 0.0390625
0 0.26796875 0.60625 0.0265625 0.0390625
0 0.7921875 0.66328125 0.0328125 0.04375
0 0.16640625 0.59765625 0.03125 0.034375
0 0.43359375 0.62578125 0.028125 0.04375
0 0.6359375 0.64921875 0.021875 0.034375
0 0.32734375 0.61953125 0.03125 0.0390625
0 0.47890625 0.63515625 0.03125 0.034375
0 0.0546875 0.59296875 0.0265625 0.0390625
0 0.84453125 0.67578125 0.03125 0.034375
0 0.0125 0.5875 0.025 0.034375
0 0.58359375 0.65078125 0.0265625 0.0390625
0 0.72890625 0.66640625 0.03125 0.0390625
0 0.3796875 0.63203125 0.0265625 0.0390625
0 0.8921875 0.6859375 0.0265625 0.034375
0 0.1046875 0.6078125 0.021875 0.0390625
0 0.6796875 0.67265625 0.021875 0.0390625
0 0.20703125 0.62734375 0.021875 0.0390625
0 0.6890625 0.696875 0.03125 0.0390625
0 0.48828125 0.67578125 0.028125 0.04375
0 0.0765625 0.634375 0.028125 0.04375
0 0.23046875 0.65078125 0.0265625 0.034375
0 0.7578125 0.70859375 0.0265625 0.034375
0 0.54296875 0.6859375 0.021875 0.034375
0 0.95703125 0.7296875 0.028125 0.0484375
0 0.1265625 0.6421875 0.0265625 0.0390625
0 0.6125 0.6953125 0.0265625 0.0390625
0 0.1796875 0.65 0.021875 0.0390625
0 0.0125 0.63203125 0.025 0.0296875
0 0.3328125 0.66875 0.021875 0.0296875
0 0.43515625 0.6796875 0.028125 0.04375
0 0.28203125 0.665625 0.028125 0.0484375
0 0.89453125 0.73203125 0.03125 0.034375
0 0.28203125 0.04453125 0.0265625 0.0296875
0 0.39453125 0.68203125 0.0265625 0.0390625
0 0.759375 0.75234375 0.0265625 0.034375
0 0.0203125 0.675 0.028125 0.04375
0 0.0734375 0.68046875 0.0265625 0.0390625
0 0.34765625 0.709375 0.028125 0.04375
0 0.1890625 0.6953125 0.028125 0.04375
0 0.70859375 0.75 0.03125 0.0390625
0 0.9640625 0.77890625 0.0140625 0.0421875
0 0.59609375 0.73984375 0.021875 0.034375
0 0.2828125 0.70703125 0.021875 0.0390625
0 0.86796875 0.76875 0.0265625 0.0390625
0 0.68515625 0.0234375 0.0203125 0.015625
0 0.77890625 0.03359375 0.0203125 0.015625
0 0.878125 0.04609375 0.0296875 0.021875
0 0.134375 0.69609375 0.0328125 0.04375
0 0.51875 0.73671875 0.021875 0.034375
0 0.809375 0.771875 0.0359375 0.04375
0 0.22890625 0.7109375 0.0265625 0.034375
0 0.6546875 0.75546875 0.0265625 0.034375
0 0.3171875 0.05234375 0.0265625 0.034375
0 0.91796875 0.7953125 0.021875 0.034375
0 0.7546875 0.79921875 0.0328125 0.04375
0 0.6921875 0.79296875 0.0265625 0.0390625
0 0.5265625 0.77578125 0.0265625 0.034375
0 0.059375 0.72890625 0.0265625 0.034375
0 0.37265625 0.76171875 0.028125 0.04375
0 0.225 0.7484375 0.0265625 0.0390625
0 0.425 0.76953125 0.028125 0.04375
0 0.1078125 0.7359375 0.021875 0.0390625
0 0.9609375 0.83046875 0.0171875 0.0328125
0 0.01328125 0.7296875 0.0265625 0.04375
0 0.63828125 0.796875 0.03125 0.0390625
0 0.16875 0.7484375 0.0328125 0.0484375
0 0.58984375 0.79296875 0.0328125 0.04375
0 0.8984375 0.83046875 0.021875 0.034375
0 0.475 0.7859375 0.0265625 0.034375
0 0.84140625 0.8359375 0.0265625 0.034375
0 0.15 0.775 0.0328125 0.04375
0 0.5640625 0.82109375 0.0265625 0.0296875
0 0.8015625 0.84609375 0.0265625 0.034375
0 0.6234375 0.8296875 0.021875 0.0296875
0 0.99296875 0.13125 0.0140625 0.034375
0 0.4171875 0.0703125 0.0265625 0.0390625
0 0.25234375 0.790625 0.028125 0.04375
0 0.4625 0.81484375 0.021875 0.0390625
0 0.3078125 0.80078125 0.0265625 0.034375
0 0.04296875 0.7734375 0.028125 0.04375
0 0.72890625 0.84765625 0.03125 0.034375
0 0.36015625 0.81171875 0.0265625 0.0390625
0 0.19375 0.7984375 0.0234375 0.04375
0 0.08984375 0.79453125 0.028125 0.04375
0 0.675 0.85625 0.03125 0.034375
0 0.92890625 0.0515625 0.025 0.021875
0 0.0671875 0.8078125 0.0265625 0.034375
0 0.40546875 0.84375 0.0265625 0.0390625
0 0.6109375 0.86484375 0.03125 0.034375
0 0.71171875 0.878125 0.0265625 0.0296875
0 0.2375 0.828125 0.0265625 0.034375
0 0.80859375 0.11640625 0.0265625 0.034375
0 0.76875 0.8890625 0.0265625 0.0390625
0 0.4859375 0.86171875 0.028125 0.04375
0 0.27734375 0.84453125 0.021875 0.034375
0 0.93125 0.91328125 0.03125 0.0390625
0 0.87578125 0.909375 0.0265625 0.034375
0 0.65 0.88828125 0.0328125 0.04375
0 0.5515625 0.878125 0.0265625 0.0390625
0 0.821875 0.9109375 0.0265625 0.034375
0 0.13359375 0.83828125 0.0265625 0.034375
0 0.17578125 0.84296875 0.021875 0.034375
0 0.8609375 0.12421875 0.0265625 0.0390625
0 0.70625 0.91015625 0.03125 0.034375
0 0.25703125 0.86328125 0.034375 0.03125
0 0.3375 0.871875 0.0359375 0.0359375
0 0.2125 0.86328125 0.0359375 0.0359375
0 0.54453125 0.8984375 0.034375 0.0265625
0 0.59296875 0.903125 0.03125 0.03125
0 0.91953125 0.93984375 0.0359375 0.0359375
0 0.0953125 0.853125 0.034375 0.03125
0 0.48671875 0.896875 0.0296875 0.021875
0 0.7625 0.92578125 0.034375 0.021875
0 0.821875 0.93203125 0.0296875 0.021875
0 0.15234375 0.86171875 0.0296875 0.021875
0 0.06015625 0.8546875 0.025 0.021875
0 0.39140625 0.8890625 0.0203125 0.0203125
0 0.43984375 0.89453125 0.0203125 0.015625
0 0.521875 0.090625 0.0265625 0.0390625
0 0.57109375 0.09609375 0.028125 0.04375
0 0.18125 0.05703125 0.0328125 0.04375
0 0.8359375 0.04453125 0.0296875 0.0265625
0 0.12578125 0.053125 0.03125 0.034375
0 0.46640625 0.0890625 0.0265625 0.034375
0 0.6640625 0.109375 0.0265625 0.034375
0 0.7125 0.1171875 0.028125 0.04375
0 0.371875 0.08125 0.0265625 0.0296875
0 0.76484375 0.12734375 0.03125 0.0390625