0 0.08203125 0.27109375 0.0453125 0.05625
0 0.5546875 0.3640625 0.0359375 0.0546875
0 0.80234375 0.421875 0.046875 0.065625
0 0.9890625 0.4671875 0.021875 0.08125
0 0.2671875 0.3390625 0.03125 0.0546875
0 0.1390625 0.31875 0.0515625 0.0671875
0 0.0390625 0.30390625 0.0328125 0.0640625
0 0.32109375 0.35546875 0.03125 0.0546875
0 0.47734375 0.38828125 0.05 0.0578125
0 0.228125 0.3515625 0.0390625 0.0515625
0 0.0765625 0.3296875 0.05 0.0578125
0 0.35234375 0.3796875 0.046875 0.065625
0 0.87421875 0.49765625 0.0359375 0.05
0 0.15390625 0.37109375 0.0453125 0.0609375
0 0.23046875 0.3890625 0.0421875 0.0640625
0 0.43515625 0.42734375 0.0453125 0.05625
0 0.61875 0.4671875 0.0390625 0.046875
0 0.0390625 0.36953125 0.0390625 0.046875
0 0.31796875 0.4234375 0.040625 0.05625
0 0.24921875 0.4140625 0.0515625 0.0671875
0 0.5 0.4578125 0.04375 0.0515625
0 0.10546875 0.3953125 0.040625 0.05625
0 0.5515625 0.47421875 0.05 0.0578125
0 0.06484375 0.39453125 0.0453125 0.05625
0 0.884375 0.54609375 0.0453125 0.0609375
0 0.82734375 0.53828125 0.0453125 0.0609375
0 0.41328125 0.46796875 0.046875 0.065625
0 0.96484375 0.5796875 0.046875 0.0703125
0 0.725 0.5421875 0.040625 0.05625
0 0.525 0.53515625 0.0515625 0.0703125
0 0.4640625 0.52890625 0.05625 0.0671875
0 0.1921875 0.48515625 0.0515625 0.0671875
0 0.32734375 0.509375 0.0453125 0.0609375
0 0.92578125 0.63359375 0.046875 0.065625
0 0.0875 0.51953125 0.040625 0.0609375
0 0.95 0.13515625 0.0375 0.0421875
0 0.9515625 0.7109375 0.0421875 0.0875
0 0.91875 0.134375 0.0359375 0.05
0 0.65 0.09140625 0.034375 0.0453125
0 0.98671875 0.15234375 0.0265625 0.0515625
0 0.596875 0.08671875 0.0296875 0.040625
0 0.8265625 0.1296875 0.034375 0.0453125
0 0.84296875 0.1421875 0.028125 0.0359375
0 0.746875 0.128125 0.0453125 0.05625
0 0.54921875 0.09921875 0.0296875 0.040625
0 0.86796875 0.1578125 0.034375 0.040625
0 0.5875 0.11328125 0.0390625 0.0515625
0 0.72109375 0.1390625 0.028125 0.0359375
0 0.4640625 0.09375 0.0296875 0.040625
0 0.43359375 0.08828125 0.034375 0.0453125
0 0.5109375 0.1046875 0.025 0.04375
0 0.6453125 0.128125 0.0328125 0.0359375
0 0.49375 0.10859375 0.025 0.0390625
0 0.17890625 0.05546875 0.0359375 0.0328125
0 0.371875 0.0921875 0.0296875 0.040625
0 0.30390625 0.0796875 0.028125 0.0359375
0 0.27890625 0.078125 0.0234375 0.03125
0 0.34921875 0.090625 0.021875 0.0265625
0 0.953125 0.196875 0.0453125 0.05625
0 0.53125 0.125 0.03125 0.05
0 0.82265625 0.178125 0.0390625 0.0515625
0 0.98515625 0.2078125 0.0296875 0.05
0 0.5484375 0.1328125 0.0265625 0.053125
0 0.93125 0.2 0.0390625 0.046875
0 0.39140625 0.1046875 0.0234375 0.03125
0 0.90546875 0.19765625 0.0375 0.0375
0 0.2671875 0.08984375 0.034375 0.0453125
0 0.6265625 0.153125 0.021875 0.021875
0 0.765625 0.18046875 0.034375 0.040625
0 0.740625 0.17578125 0.028125 0.0359375
0 0.58046875 0.15234375 0.034375 0.040625
0 0.85546875 0.20078125 0.0375 0.0421875
0 0.7875 0.1890625 0.0359375 0.0546875
0 0.2328125 0.09609375 0.034375 0.0453125
0 0.7203125 0.18203125 0.0359375 0.0546875
0 0.3359375 0.1140625 0.028125 0.0359375
0 0.2078125 0.09140625 0.0328125 0.0328125
0 0.07734375 0.07109375 0.0234375 0.03125
0 0.184375 0.08984375 0.021875 0.021875
0 0.16171875 0.0859375 0.028125 0.0359375
0 0.115625 0.0796875 0.0390625 0.0515625
0 0.46640625 0.14453125 0.0359375 0.0546875
0 0.28828125 0.1125 0.028125 0.0359375
0 0.534375 0.15625 0.034375 0.040625
0 0.1421875 0.09140625 0.03125 0.05
0 0.4328125 0.146875 0.03125 0.05
0 0.8953125 0.23125 0.0359375 0.05
0 0.56015625 0.17421875 0.0296875 0.0453125
0 0.65234375 0.19296875 0.0453125 0.0609375
0 0.628125 0.18828125 0.0359375 0.05
0 0.40625 0.1515625 0.040625 0.05625
0 0.0875 0.0953125 0.028125 0.03125
0 0.2796875 0.134375 0.0328125 0.0359375
0 0.31640625 0.14296875 0.0453125 0.05625
0 0.1859375 0.12265625 0.028125 0.0359375
0 0.25390625 0.13671875 0.0390625 0.0515625
0 0.3765625 0.1609375 0.0359375 0.05
0 0.815625 0.24296875 0.040625 0.0609375
0 0.85625 0.25 0.0453125 0.0609375
0 0.75625 0.2328125 0.04375 0.0515625
0 0.58046875 0.20390625 0.034375 0.0453125
0 0.1625 0.1328125 0.0359375 0.05
0 0.08828125 0.11953125 0.0234375 0.034375
0 0.6828125 0.22421875 0.034375 0.0453125
0 0.2234375 0.14609375 0.0359375 0.0546875
0 0.96640625 0.27890625 0.0390625 0.0515625
0 0.07109375 0.12109375 0.03125 0.0546875
0 0.55078125 0.2109375 0.0265625 0.0484375
0 0.1203125 0.134375 0.028125 0.03125
0 0.36171875 0.1796875 0.0296875 0.0453125
0 0.709375 0.24375 0.0375 0.059375
0 0.49765625 0.20859375 0.040625 0.0609375
0 0.46640625 0.2078125 0.0421875 0.06875
0 0.60625 0.23203125 0.034375 0.040625
0 0.528125 0.2203125 0.0375 0.059375
0 0.271875 0.17734375 0.034375 0.0453125
0 0.91796875 0.303125 0.0390625 0.0515625
0 0.428125 0.21640625 0.0390625 0.0515625
0 0.125 0.17265625 0.034375 0.040625
0 0.18203125 0.1828125 0.040625 0.05625
0 0.3390625 0.21328125 0.0375 0.0640625
0 0.61484375 0.26171875 0.025 0.0390625
0 0.73515625 0.28515625 0.040625 0.05625
0 0.06640625 0.17421875 0.040625 0.05625
0 0.66640625 0.2875 0.04375 0.0515625
0 0.58828125 0.27578125 0.0453125 0.05625
0 0.1578125 0.2 0.034375 0.0453125
0 0.28515625 0.22265625 0.0359375 0.0546875
0 0.36796875 0.2375 0.0421875 0.06875
0 0.48984375 0.26328125 0.040625 0.05625
0 0.08828125 0.19296875 0.040625 0.0609375
0 0.98984375 0.36328125 0.0203125 0.0703125
0 0.25390625 0.2421875 0.040625 0.05625
0 0.428125 0.01953125 0.040625 0.0390625
0 0.4109375 0.27265625 0.034375 0.0671875
0 0.75625 0.3359375 0.0359375 0.0546875
0 0.42421875 0.2796875 0.0359375 0.0546875
0 0.134375 0.228125 0.0359375 0.0546875
0 0.2375 0.26796875 0.0359375 0.05
0 0.90234375 0.3921875 0.046875 0.065625
0 0.18125 0.26796875 0.05 0.0625
0 0.15859375 0.2640625 0.0296875 0.0453125
0 0.57265625 0.34140625 0.034375 0.040625
0 0.7796875 0.38046875 0.0453125 0.05625
0 0.34375 0.3078125 0.040625 0.0609375
0 0.65078125 0.36484375 0.0453125 0.0609375