0 0.184375 0.08984375 0.0328125 0.0296875
0 0.609375 0.0703125 0.0328125 0.0296875
0 0.70625 0.06484375 0.0375 0.0296875
0 0.309375 0.08828125 0.04375 0.034375
0 0.965625 0.0609375 0.025 0.0296875
0 0.58671875 0.00703125 0.0296875 0.0140625
0 0.80078125 0.0828125 0.0328125 0.025
0 0.8765625 0.07890625 0.0296875 0.0296875
0 0.759375 0.0875 0.0328125 0.0296875
0 0.61328125 0.0953125 0.0375 0.0296875
0 0.1140625 0.1234375 0.04375 0.034375
0 0.42890625 0.11171875 0.0484375 0.0390625
0 0.9421875 0.08515625 0.025 0.025
0 0.34296875 0.12109375 0.053125 0.034375
0 0.92421875 0.0953125 0.034375 0.034375
0 0.628125 0.115625 0.0375 0.0296875
0 0.59140625 0.121875 0.0390625 0.034375
0 0.89453125 0.00390625 0.0421875 0.0078125
0 0.03203125 0.15859375 0.046875 0.021875
0 0.55234375 0.01484375 0.0484375 0.0296875
0 0.72890625 0.14296875 0.0375 0.025
0 0.41953125 0.16328125 0.04375 0.034375
0 0.465625 0.16328125 0.0390625 0.034375
0 0.5765625 0.15703125 0.0375 0.0296875
0 0.9078125 0.1421875 0.04375 0.034375
0 0.4703125 0.0171875 0.0484375 0.034375
0 0.03125 0.190625 0.0484375 0.0390625
0 0.11171875 0.0359375 0.034375 0.034375
0 0.70078125 0.1625 0.04375 0.0390625
0 0.509375 0.18203125 0.04375 0.04375
0 0.2921875 0.02890625 0.0390625 0.034375
0 0.3609375 0.19453125 0.0328125 0.025
0 0.96015625 0.16796875 0.034375 0.0390625
0 0.64765625 0.1890625 0.0421875 0.0296875
0 0.48671875 0.2015625 0.04375 0.0390625
0 0.884375 0.18125 0.04375 0.0390625
0 0.4609375 0.20546875 0.0296875 0.0296875
0 0.80390625 0.18984375 0.04375 0.034375
0 0.18203125 0.225 0.053125 0.0390625
0 0.43359375 0.02421875 0.0390625 0.034375
0 0.921875 0.19296875 0.0328125 0.025
0 0.371875 0.221875 0.0390625 0.034375
0 0.97265625 0.190625 0.025 0.0296875
0 0.5640625 0.21171875 0.0328125 0.025
0 0.95 0.19140625 0.0328125 0.025
0 0.0875 0.24765625 0.0375 0.025
0 0.65703125 0.225 0.0484375 0.0390625
0 0.3203125 0.25234375 0.0484375 0.034375
0 0.03125 0.271875 0.0203125 0.0203125
0 0.27421875 0.26171875 0.0484375 0.0390625
0 0.96796875 0.2296875 0.0390625 0.0390625
0 0.14453125 0.27265625 0.0390625 0.034375
0 0.1078125 0.275 0.0421875 0.0296875
0 0.940625 0.23125 0.04375 0.034375
0 0.56875 0.253125 0.04375 0.034375
0 0.18203125 0.2734375 0.0484375 0.034375
0 0.78359375 0.24921875 0.0484375 0.0390625
0 0.0484375 0.29453125 0.0421875 0.025
0 0.709375 0.2625 0.04375 0.0390625
0 0.346875 0.28125 0.0328125 0.0296875
0 0.2734375 0.2921875 0.0421875 0.025
0 0.86328125 0.2625 0.0375 0.0296875
0 0.65703125 0.2734375 0.04375 0.0390625
0 0.61171875 0.2828125 0.04375 0.034375
0 0.1171875 0.31328125 0.0375 0.0296875
0 0.55625 0.290625 0.0375 0.025
0 0.93359375 0.2734375 0.0421875 0.0296875
0 0.97265625 0.27578125 0.0296875 0.0375
0 0.08125 0.3296875 0.0421875 0.0296875
0 0.321875 0.31953125 0.0375 0.0296875
0 0.259375 0.32265625 0.04375 0.034375
0 0.02109375 0.3375 0.0421875 0.034375
0 0.384375 0.31796875 0.0296875 0.0296875
0 0.4328125 0.31796875 0.0484375 0.0390625
0 0.01015625 0.34765625 0.0203125 0.0421875
0 0.05 0.0546875 0.0328125 0.0296875
0 0.6390625 0.31640625 0.046875 0.03125
0 0.2875 0.33984375 0.04375 0.034375
0 0.4890625 0.33125 0.0390625 0.0390625
0 0.2296875 0.35 0.053125 0.0390625
0 0.96015625 0.31171875 0.04375 0.0390625
0 0.209375 0.04921875 0.0421875 0.0296875
0 0.7203125 0.021875 0.0421875 0.0296875
0 0.15859375 0.3609375 0.04375 0.0390625
0 0.57265625 0.3390625 0.0390625 0.0390625
0 0.46015625 0.34609375 0.0375 0.025
0 0.8828125 0.32421875 0.0390625 0.0390625
0 0.38125 0.353125 0.0390625 0.034375
0 0.6984375 0.33828125 0.04375 0.034375
0 0.5453125 0.34921875 0.0390625 0.0390625
0 0.903125 0.33046875 0.0390625 0.034375
0 0.6671875 0.025 0.0328125 0.0296875
0 0.015625 0.3875 0.03125 0.034375
0 0.07734375 0.38515625 0.046875 0.03125
0 0.04921875 0.3890625 0.0328125 0.025
0 0.68046875 0.35859375 0.0390625 0.0390625
0 0.8078125 0.3515625 0.0375 0.025
0 0.3515625 0.37578125 0.0421875 0.0296875
0 0.4859375 0.36875 0.0484375 0.034375
0 0.2703125 0.39609375 0.04375 0.034375
0 0.825 0.3765625 0.0421875 0.0296875
0 0.1546875 0.41875 0.04375 0.034375
0 0.00703125 0.42890625 0.0140625 0.0203125
0 0.4515625 0.409375 0.0375 0.0296875
0 0.91796875 0.3875 0.04375 0.0390625
0 0.51640625 0.40859375 0.0484375 0.0390625
0 0.19296875 0.4296875 0.04375 0.0390625
0 0.25546875 0.4265625 0.0515625 0.03125
0 0.37578125 0.42734375 0.04375 0.0390625
0 0.7046875 0.4125 0.04375 0.034375
0 0.66953125 0.41953125 0.0421875 0.025
0 0.42890625 0.434375 0.04375 0.034375
0 0.86640625 0.41328125 0.046875 0.0265625
0 0.03828125 0.459375 0.0484375 0.0390625
0 0.00859375 0.46015625 0.0171875 0.0296875
0 0.825 0.41796875 0.0484375 0.0390625
0 0.353125 0.44296875 0.046875 0.03125
0 0.14765625 0.45390625 0.0484375 0.0390625
0 0.6359375 0.43046875 0.04375 0.034375
0 0.61015625 0.0375 0.0421875 0.0296875
0 0.603125 0.44375 0.04375 0.034375
0 0.4671875 0.46015625 0.053125 0.0390625
0 0.696875 0.4484375 0.0421875 0.0296875
0 0.865625 0.44375 0.034375 0.034375
0 0.5125 0.4671875 0.0375 0.0296875
0 0.909375 0.44765625 0.0421875 0.0296875
0 0.27265625 0.059375 0.0390625 0.034375
0 0.3859375 0.05390625 0.0484375 0.034375
0 0.3671875 0.48125 0.04375 0.04375
0 0.6671875 0.465625 0.04375 0.034375
0 0.4 0.48671875 0.053125 0.034375
0 0.79296875 0.0328125 0.04375 0.034375
0 0.60546875 0.478125 0.0484375 0.0390625
0 0.31953125 0.49765625 0.04375 0.0390625
0 0.95390625 0.48125 0.053125 0.0390625
0 0.7828125 0.50625 0.0421875 0.0203125
0 0.4484375 0.5265625 0.053125 0.0390625
0 0.6515625 0.515625 0.0390625 0.034375
0 0.7328125 0.521875 0.0375 0.0296875
0 0.48125 0.53984375 0.04375 0.034375
0 0.5671875 0.5359375 0.0296875 0.0203125
0 0.95078125 0.51796875 0.046875 0.03125
0 0.0796875 0.56328125 0.04375 0.0390625
0 0.303125 0.55390625 0.0484375 0.04375
0 0.69921875 0.53359375 0.04375 0.0390625
0 0.18359375 0.5625 0.0390625 0.034375
0 0.77109375 0.53671875 0.04375 0.034375
0 0.634375 0.54609375 0.053125 0.034375
0 0.8265625 0.5359375 0.046875 0.03125
0 0.73125 0.54375 0.0421875 0.0203125
0 0.19609375 0.57890625 0.0390625 0.0390625
0 0.59765625 0.56015625 0.0484375 0.0390625
0 0.43671875 0.5703125 0.053125 0.0390625
0 0.88984375 0.54921875 0.0484375 0.04375
0 0.0234375 0.59453125 0.0390625 0.04375
0 0.67265625 0.56796875 0.0296875 0.025
0 0.7203125 0.5765625 0.0390625 0.0390625
0 0.78515625 0.578125 0.04375 0.034375
0 0.11640625 0.61484375 0.0484375 0.0390625
0 0.98828125 0.56875 0.0234375 0.0375
0 0.2484375 0.6125 0.0390625 0.034375
0 0.7546875 0.0484375 0.0421875 0.025
0 0.35859375 0.6328125 0.0390625 0.034375
0 0.303125 0.64453125 0.0421875 0.0296875
0 0.971875 0.61484375 0.04375 0.04375
0 0.42421875 0.0703125 0.0421875 0.0296875
0 0.01171875 0.0921875 0.0234375 0.034375
0 0.1765625 0.7 0.053125 0.0484375
0 0.0296875 0.71484375 0.0390625 0.04375
0 0.7171875 0.69765625 0.04375 0.0390625