0 0.875 0.071875 0.025 0.0390625
0 0.52421875 0.0203125 0.0296875 0.040625
0 0.55859375 0.02421875 0.0265625 0.0265625
0 0.07109375 0.115625 0.0296875 0.0484375
0 0.621875 0.203125 0.025 0.0390625
0 0.646875 0.209375 0.025 0.0390625
0 0.77421875 0.23203125 0.034375 0.05
0 0.28203125 0.15625 0.0296875 0.0484375
0 0.1125 0.134375 0.0359375 0.0546875
0 0.99375 0.275 0.0125 0.040625
0 0.9078125 0.26015625 0.025 0.0390625
0 0.1734375 0.1484375 0.034375 0.0453125
0 0.60859375 0.03203125 0.025 0.0390625
0 0.23203125 0.1625 0.034375 0.0453125
0 0.85390625 0.2609375 0.034375 0.0453125
0 0.41015625 0.1953125 0.0328125 0.040625
0 0.33359375 0.18828125 0.028125 0.0359375
0 0.5234375 0.21796875 0.0296875 0.0484375
0 0.3609375 0.19375 0.025 0.04375
0 0.4390625 0.21796875 0.0234375 0.03125
0 0.99453125 0.30703125 0.0109375 0.0484375
0 0.6125 0.2484375 0.0296875 0.0453125
0 0.5546875 0.24375 0.0359375 0.0546875
0 0.30546875 0.20390625 0.028125 0.0359375
0 0.17421875 0.18828125 0.028125 0.040625
0 0.428125 0.23046875 0.028125 0.03125
0 0.7953125 0.29140625 0.028125 0.040625
0 0.2671875 0.2078125 0.0265625 0.0265625
0 0.7421875 0.2875 0.034375 0.05
0 0.10859375 0.18984375 0.0328125 0.0359375
0 0.2109375 0.20859375 0.034375 0.05
0 0.05234375 0.18984375 0.0234375 0.034375
0 0.68046875 0.2921875 0.0296875 0.0453125
0 0.89296875 0.32578125 0.0359375 0.059375
0 0.4734375 0.26640625 0.03125 0.053125
0 0.30859375 0.24765625 0.034375 0.0453125
0 0.42265625 0.265625 0.028125 0.0359375
0 0.74921875 0.0640625 0.034375 0.0453125
0 0.94765625 0.35 0.0328125 0.040625
0 0.2609375 0.24609375 0.034375 0.05
0 0.74609375 0.32578125 0.0359375 0.059375
0 0.1578125 0.23203125 0.0296875 0.0453125
0 0.19375 0.240625 0.034375 0.05
0 0.365625 0.2671875 0.034375 0.05
0 0.8046875 0.3375 0.034375 0.05
0 0.65390625 0.31328125 0.0296875 0.0484375
0 0.51640625 0.29375 0.028125 0.040625
0 0.59609375 0.30859375 0.0328125 0.0359375
0 0.06015625 0.23125 0.025 0.04375
0 0.09609375 0.253125 0.028125 0.040625
0 0.17578125 0.2703125 0.0296875 0.0484375
0 0.98828125 0.40234375 0.0234375 0.0578125
0 0.48828125 0.32265625 0.028125 0.0359375
0 0.95859375 0.4015625 0.034375 0.05
0 0.72734375 0.36953125 0.034375 0.05
0 0.70078125 0.06015625 0.01875 0.0296875
0 0.58671875 0.35 0.0328125 0.040625
0 0.415625 0.32265625 0.028125 0.0359375
0 0.2328125 0.29609375 0.034375 0.05
0 0.909375 0.403125 0.034375 0.05
0 0.86328125 0.3984375 0.0296875 0.0484375
0 0.78046875 0.38671875 0.034375 0.05
0 0.36015625 0.3203125 0.0296875 0.0453125
0 0.2859375 0.3109375 0.0296875 0.0484375
0 0.63125 0.365625 0.028125 0.040625
0 0.1171875 0.28671875 0.0296875 0.0484375
0 0.5515625 0.35546875 0.025 0.0390625
0 0.81796875 0.4 0.034375 0.0453125
0 0.221875 0.00546875 0.034375 0.0109375
0 0.64765625 0.39453125 0.0390625 0.05
0 0.92890625 0.1015625 0.025 0.0390625
0 0.9609375 0.44609375 0.034375 0.05
0 0.05546875 0.30546875 0.034375 0.05
0 0.14140625 0.3234375 0.034375 0.0453125
0 0.4078125 0.3734375 0.0328125 0.040625
0 0.0921875 0.3234375 0.0359375 0.059375
0 0.79609375 0.434375 0.0328125 0.040625
0 0.53125 0.3953125 0.0359375 0.0546875
0 0.35 0.36640625 0.034375 0.05
0 0.68828125 0.421875 0.0296875 0.0453125
0 0.58984375 0.40859375 0.034375 0.05
0 0.73203125 0.43828125 0.0296875 0.0453125
0 0.48671875 0.40234375 0.0390625 0.0546875
0 0.75703125 0.4453125 0.034375 0.0453125
0 0.2265625 0.3625 0.025 0.0390625
0 0.18203125 0.36015625 0.034375 0.05
0 0.99765625 0.490625 0.0046875 0.0375
0 0.896875 0.0984375 0.0296875 0.0453125
0 0.03515625 0.34375 0.040625 0.059375
0 0.8984375 0.48828125 0.0359375 0.0546875
0 0.96875 0.5015625 0.028125 0.0359375
0 0.84296875 0.48359375 0.034375 0.05
0 0.8546875 0.09453125 0.0296875 0.0453125
0 0.990625 0.11640625 0.01875 0.0390625
0 0.2625 0.01015625 0.028125 0.0203125
0 0.36328125 0.4125 0.028125 0.040625
0 0.6265625 0.4546875 0.028125 0.03125
0 0.7953125 0.48125 0.034375 0.0453125
0 0.98828125 0.51875 0.0234375 0.03125
0 0.3125 0.41171875 0.04375 0.05625
0 0.41953125 0.42890625 0.0390625 0.0546875
0 0.24296875 0.403125 0.034375 0.05
0 0.19765625 0.39609375 0.034375 0.05
0 0.5421875 0.45546875 0.0296875 0.0484375
0 0.68515625 0.06953125 0.0234375 0.034375
0 0.1203125 0.39296875 0.0390625 0.05
0 0.08359375 0.3921875 0.034375 0.05
0 0.615625 0.47890625 0.0328125 0.040625
0 0.78359375 0.51015625 0.0328125 0.0359375
0 0.5875 0.48125 0.028125 0.03125
0 0.73125 0.50390625 0.0390625 0.0546875
0 0.54296875 0.04765625 0.028125 0.040625
0 0.87421875 0.5328125 0.034375 0.0453125
0 0.98359375 0.55546875 0.025 0.04375
0 0.928125 0.546875 0.034375 0.05
0 0.68828125 0.5109375 0.034375 0.05
0 0.77890625 0.08671875 0.0234375 0.03125
0 0.83359375 0.0953125 0.028125 0.0359375
0 0.4515625 0.03515625 0.0296875 0.0484375
0 0.353125 0.021875 0.028125 0.040625
0 0.5953125 0.503125 0.0234375 0.03125
0 0.84140625 0.54921875 0.034375 0.05
0 0.55546875 0.50390625 0.034375 0.0453125
0 0.40859375 0.48046875 0.0296875 0.0484375
0 0.64765625 0.51875 0.028125 0.03125
0 0.25078125 0.46015625 0.034375 0.0453125
0 0.36484375 0.47890625 0.034375 0.0453125
0 0.9546875 0.57421875 0.04375 0.05625
0 0.09296875 0.43984375 0.034375 0.05
0 0.5984375 0.0609375 0.025 0.0390625
0 0.15703125 0.00859375 0.0359375 0.0171875
0 0.3078125 0.48359375 0.028125 0.040625
0 0.50859375 0.5203125 0.028125 0.03125
0 0.6171875 0.54453125 0.025 0.04375
0 0.3046875 0.01796875 0.028125 0.0359375
0 0.653125 0.55078125 0.0359375 0.0546875
0 0.459375 0.521875 0.028125 0.040625
0 0.9015625 0.59453125 0.0375 0.0453125
0 0.72265625 0.5703125 0.0390625 0.05
0 0.7671875 0.57734375 0.028125 0.0359375
0 0.86484375 0.59296875 0.040625 0.059375
0 0.8140625 0.59140625 0.034375 0.0453125
0 0.503125 0.05078125 0.028125 0.0359375
0 0.64765625 0.0734375 0.01875 0.034375
0 0.5 0.546875 0.0390625 0.0546875
0 0.36953125 0.52578125 0.0296875 0.0453125
0 0.40078125 0.53359375 0.03125 0.053125
0 0.2734375 0.52734375 0.0296875 0.0453125
0 0.146875 0.51015625 0.034375 0.0453125
0 0.7625 0.60703125 0.034375 0.0453125
0 0.4578125 0.56328125 0.0375 0.040625
0 0.32734375 0.54296875 0.028125 0.040625
0 0.9328125 0.6390625 0.034375 0.0453125
0 0.62890625 0.07265625 0.0234375 0.034375
0 0.4 0.0390625 0.025 0.0390625
0 0.66015625 0.6125 0.034375 0.05
0 0.22109375 0.54296875 0.0296875 0.0453125
0 0.8203125 0.6375 0.0328125 0.040625
0 0.840625 0.64296875 0.0296875 0.0453125
0 0.46953125 0.5890625 0.0296875 0.0453125
0 0.60625 0.6125 0.0296875 0.0453125
0 0.3 0.56640625 0.0296875 0.0484375
0 0.1875 0.55078125 0.034375 0.0453125
0 0.89140625 0.6625 0.0390625 0.0546875
0 0.71015625 0.6359375 0.025 0.04375
0 0.240625 0.56875 0.0296875 0.0484375
0 0.3890625 0.596875 0.0296875 0.0484375
0 0.5875 0.628125 0.034375 0.05
0 0.9640625 0.69296875 0.03125 0.053125
0 0.34140625 0.59921875 0.034375 0.0453125
0 0.93203125 0.70234375 0.034375 0.05
0 0.03359375 0.56015625 0.034375 0.05
0 0.815625 0.68359375 0.0390625 0.0546875
0 0.48125 0.6328125 0.034375 0.05
0 0.7328125 0.67265625 0.04375 0.0515625
0 0.90625 0.71484375 0.034375 0.05
0 0.4109375 0.64921875 0.034375 0.0453125
0 0.6484375 0.6875 0.034375 0.0453125
0 0.521875 0.66953125 0.028125 0.040625
0 0.67578125 0.69375 0.034375 0.05
0 0.31015625 0.6359375 0.03125 0.0578125
0 0.35546875 0.6453125 0.03125 0.0578125
0 0.2375 0.63203125 0.0390625 0.0546875
0 0.571875 0.07578125 0.028125 0.0359375
0 0.73828125 0.10234375 0.025 0.0390625
0 0.86015625 0.74453125 0.0453125 0.0609375
0 0.70234375 0.09609375 0.01875 0.0296875
0 0.8640625 0.121875 0.034375 0.05
0 0.5515625 0.71015625 0.0359375 0.0546875
0 0.7796875 0.74609375 0.0375 0.0453125
0 0.62578125 0.7265625 0.0359375 0.0546875
0 0.28671875 0.67734375 0.0296875 0.0453125
0 0.34140625 0.6859375 0.0296875 0.0453125
0 0.9484375 0.7890625 0.0265625 0.0578125
0 0.4796875 0.71875 0.0359375 0.059375
0 0.10546875 0.6671875 0.0359375 0.0546875
0 0.68359375 0.75859375 0.0359375 0.059375
0 0.4046875 0.71640625 0.03125 0.0578125
0 0.04765625 0.66484375 0.028125 0.040625
0 0.728125 0.03671875 0.0203125 0.0171875
0 0.2375 0.02734375 0.034375 0.05
0 0.90234375 0.13515625 0.0296875 0.0453125
0 0.17265625 0.70625 0.0359375 0.0546875
0 0.534375 0.07890625 0.028125 0.040625
0 0.034375 0.703125 0.04375 0.0515625
0 0.82890625 0.12578125 0.028125 0.040625
0 0.940625 0.14375 0.0296875 0.0453125
0 0.66875 0.1 0.0296875 0.0453125
0 0.78125 0.11796875 0.025 0.0390625
0 0.09453125 0.7359375 0.0359375 0.0546875
0 0.0046875 0.75078125 0.009375 0.0609375
0 0.2875 0.046875 0.034375 0.05
0 0.97578125 0.15859375 0.0328125 0.0359375
0 0.30703125 0.87265625 0.04375 0.0515625
0 0.165625 0.0328125 0.034375 0.05
0 0.92578125 0.0734375 0.0265625 0.0265625
0 0.48984375 0.08828125 0.034375 0.05
0 0.7171875 0.12421875 0.025 0.04375
0 0.66015625 0.97890625 0.0390625 0.0421875
0 0.62265625 0.10859375 0.034375 0.0453125
0 0.39375 0.075 0.0296875 0.0484375
0 0.734375 0.13125 0.025 0.0390625
0 0.0984375 0.0328125 0.025 0.04375
0 0.35625 0.07421875 0.0296875 0.0453125
0 0.68515625 0.128125 0.025 0.0390625
0 0.80390625 0.146875 0.028125 0.040625
0 0.44765625 0.09296875 0.0296875 0.0453125
0 0.75625 0.1421875 0.028125 0.0359375
0 0.7015625 0.13359375 0.0171875 0.025
0 0.32578125 0.07578125 0.028125 0.040625
0 0.8328125 0.05859375 0.03125 0.028125
0 0.184375 0.06328125 0.0296875 0.0453125
0 0.9265625 0.18828125 0.0234375 0.034375
0 0.9453125 0.190625 0.025 0.0390625
0 0.5609375 0.13203125 0.0296875 0.0484375
0 0.82578125 0.17421875 0.0234375 0.034375
0 0.421875 0.00546875 0.028125 0.0109375
0 0.63515625 0.0296875 0.0234375 0.03125
0 0.096875 0.0703125 0.025 0.04375
0 0.971875 0.2140625 0.025 0.0390625
0 0.73203125 0.17578125 0.0328125 0.040625
0 0.4015625 0.12578125 0.0296875 0.0453125
0 0.48515625 0.0125 0.0359375 0.025
0 0.796875 0.0578125 0.0234375 0.034375
0 0.20546875 0.1 0.028125 0.0359375
0 0.60703125 0.165625 0.0296875 0.0484375
0 0.52890625 0.153125 0.0234375 0.034375
0 0.78203125 0.19609375 0.028125 0.0359375
0 0.265625 0.115625 0.034375 0.05
0 0.5671875 0.16328125 0.0234375 0.034375
0 0.803125 0.20078125 0.028125 0.0359375
0 0.68828125 0.18515625 0.0296875 0.0453125
0 0.1546875 0.10546875 0.0296875 0.0453125
0 0.76328125 0.2015625 0.025 0.0390625
0 0.85390625 0.21796875 0.028125 0.0359375
0 0.4828125 0.16171875 0.0296875 0.0453125
0 0.30234375 0.1359375 0.0328125 0.0359375
0 0.88515625 0.23046875 0.0296875 0.0453125
0 0.96875 0.24609375 0.034375 0.0453125
0 0.93203125 0.24453125 0.028125 0.040625
0 0.33671875 0.15078125 0.028125 0.03125
0 0.69609375 0.2125 0.03125 0.053125
0 0.74140625 0.21953125 0.0296875 0.0453125
0 0.57421875 0.1953125 0.025 0.0390625
0 0.8140625 0.23359375 0.028125 0.0359375