0 0.45234375 0.00703125 0.0046875 0.009375
0 0.80390625 0.021875 0.009375 0.009375
0 0.81328125 0.02265625 0.0046875 0.009375
0 0.2953125 0.00390625 0.009375 0.0078125
0 0.4828125 0.0109375 0.0046875 0.009375
0 0.63984375 0.01640625 0.009375 0.009375
0 0.590625 0.1046875 0.0140625 0.009375
0 0.68515625 0.1078125 0.015625 0.0234375
0 0.08125 0.08671875 0.015625 0.0234375
0 0.8890625 0.11484375 0.0203125 0.0234375
0 0.625 0.10546875 0.0140625 0.0140625
0 0.4171875 0.0984375 0.0140625 0.01875
0 0.90234375 0.115625 0.0140625 0.01875
0 0.3984375 0.09765625 0.0140625 0.0140625
0 0.46328125 0.10234375 0.0140625 0.0140625
0 0.43046875 0.10390625 0.015625 0.0234375
0 0.446875 0.10390625 0.0203125 0.028125
0 0.50234375 0.10625 0.0203125 0.0234375
0 0.17109375 0.09453125 0.0140625 0.01875
0 0.225 0.09609375 0.015625 0.0234375
0 0.375 0.1015625 0.01875 0.01875
0 0.5578125 0.1078125 0.015625 0.0234375
0 0.5671875 0.10859375 0.009375 0.01875
0 0.65 0.1109375 0.0140625 0.01875
0 0.028125 0.0921875 0.01875 0.0140625
0 0.06015625 0.09296875 0.0140625 0.01875
0 0.23359375 0.09921875 0.009375 0.01875
0 0.3265625 0.1046875 0.0140625 0.0140625
0 0.48984375 0.11015625 0.0140625 0.01875
0 0.1671875 0.00234375 0.009375 0.0046875
0 0.8296875 0.02265625 0.009375 0.0046875
0 0.65859375 0.0171875 0.009375 0.009375
0 0.771875 0.02109375 0.009375 0.009375
0 0.86015625 0.1234375 0.01875 0.01875
0 0.953125 0.1265625 0.0140625 0.0140625
0 0.19921875 0.1 0.0140625 0.01875
0 0.38828125 0.10703125 0.0140625 0.0140625
0 0.125 0.09765625 0.0140625 0.01875
0 0.909375 0.12734375 0.0140625 0.01875
0 0.4765625 0.11484375 0.0140625 0.01875
0 0.5203125 0.11640625 0.0140625 0.01875
0 0.26328125 0.10703125 0.015625 0.0234375
0 0.28671875 0.1078125 0.0234375 0.0203125
0 0.31171875 0.10859375 0.0140625 0.01875
0 0.2515625 0.109375 0.009375 0.0140625
0 0.50859375 0.11796875 0.009375 0.01875
0 0.54140625 0.11953125 0.0140625 0.01875
0 0.5828125 0.1203125 0.0109375 0.0234375
0 0.63359375 0.12265625 0.01875 0.01875
0 0.13828125 0.1078125 0.01875 0.01875
0 0.9765625 0.13671875 0.009375 0.0140625
0 0.75859375 0.12890625 0.025 0.025
0 0.18828125 0.00234375 0.0046875 0.0046875
0 0.6703125 0.0171875 0.009375 0.009375
0 0.2296875 0.0046875 0.009375 0.009375
0 0.30390625 0.0046875 0.009375 0.009375
0 0.32734375 0.00546875 0.009375 0.009375
0 0.3921875 0.0078125 0.009375 0.0140625
0 0.43359375 0.009375 0.009375 0.009375
0 0.61875 0.015625 0.009375 0.0140625
0 0.78125 0.02109375 0.009375 0.009375
0 0.5734375 0.12265625 0.0140625 0.01875
0 0.84453125 0.134375 0.01875 0.0140625
0 0.15234375 0.11015625 0.0203125 0.0234375
0 0.04140625 0.10625 0.01875 0.0140625
0 0.99296875 0.13984375 0.0140625 0.0234375
0 0.55703125 0.12421875 0.01875 0.0140625
0 0.596875 0.128125 0.0203125 0.028125
0 0.471875 0.1234375 0.009375 0.01875
0 0.18203125 0.115625 0.0203125 0.0234375
0 0.3578125 0.121875 0.0140625 0.0140625
0 0.11015625 0.11328125 0.009375 0.01875
0 0.275 0.11953125 0.0140625 0.01875
0 0.096875 0.11328125 0.0203125 0.0234375
0 0.92890625 0.14453125 0.01875 0.01875
0 0.66328125 0.13515625 0.0234375 0.0203125
0 0.371875 0.125 0.015625 0.0234375
0 0.05703125 0.1140625 0.0140625 0.01875
0 0.2265625 0.11953125 0.01875 0.01875
0 0.4625 0.128125 0.0203125 0.0234375
0 0.85234375 0.02578125 0.009375 0.009375
0 0.86796875 0.0265625 0.0140625 0.009375
0 0.36640625 0.009375 0.009375 0.009375
0 0.46171875 0.0125 0.0046875 0.0046875
0 0.70703125 0.02109375 0.009375 0.009375
0 0.5125 0.13203125 0.015625 0.0234375
0 0.1640625 0.1203125 0.01875 0.01875
0 0.48671875 0.13125 0.0203125 0.0234375
0 0.415625 0.13359375 0.0140625 0.01875
0 0.70703125 0.14375 0.025 0.0296875
0 0.20234375 0.128125 0.0140625 0.01875
0 0.02734375 0.12265625 0.0203125 0.0234375
0 0.52421875 0.13984375 0.01875 0.0140625
0 0.83671875 0.153125 0.025 0.0296875
0 0.63984375 0.14609375 0.0140625 0.01875
0 0.796875 0.02421875 0.0046875 0.009375
0 0.91953125 0.028125 0.009375 0.009375
0 0.3734375 0.009375 0.0046875 0.009375
0 0.21171875 0.00390625 0.0046875 0.0078125
0 0.24375 0.0046875 0.0046875 0.009375
0 0.603125 0.0171875 0.009375 0.0140625
0 0.69765625 0.0203125 0.009375 0.0140625
0 0.75078125 0.02265625 0.009375 0.009375
0 0.296875 0.134375 0.0140625 0.01875
0 0.325 0.13515625 0.0203125 0.028125
0 0.54453125 0.14765625 0.01875 0.01875
0 0.62578125 0.15 0.0234375 0.0203125
0 0.65859375 0.15390625 0.0234375 0.0203125
0 0.13984375 0.13828125 0.0203125 0.0234375
0 0.68046875 0.15703125 0.0140625 0.009375
0 0.928125 0.03125 0.009375 0.0140625
0 0.9421875 0.03125 0.009375 0.009375
0 0.6828125 0.02265625 0.009375 0.009375
0 0.103125 0.00234375 0.009375 0.0046875
0 0.17890625 0.0046875 0.009375 0.0046875
0 0.2 0.00546875 0.0046875 0.0046875
0 0.4890625 0.015625 0.0046875 0.0046875
0 0.5171875 0.01640625 0.0046875 0.009375
0 0.440625 0.15078125 0.025 0.0296875
0 0.57421875 0.15546875 0.0203125 0.0234375
0 0.59765625 0.15859375 0.0203125 0.0328125
0 0.475 0.1546875 0.0140625 0.01875
0 0.24375 0.14765625 0.009375 0.009375
0 0.109375 0.14296875 0.0234375 0.015625
0 0.4171875 0.15390625 0.01875 0.0140625
0 0.9796875 0.17578125 0.0203125 0.028125
0 0.403125 0.1578125 0.0109375 0.0234375
0 0.134375 0.0046875 0.009375 0.009375
0 0.14140625 0.00546875 0.0046875 0.0109375
0 0.25546875 0.0078125 0.009375 0.0046875
0 0.55390625 0.01796875 0.0140625 0.0140625
0 0.3484375 0.0109375 0.0046875 0.009375
0 0.38046875 0.01171875 0.0046875 0.0140625
0 0.59140625 0.01953125 0.009375 0.0140625
0 0.759375 0.025 0.009375 0.0140625
0 0.29609375 0.15703125 0.0203125 0.0234375
0 0.49296875 0.16328125 0.025 0.025
0 0.090625 0.14921875 0.0140625 0.01875
0 0.51875 0.16484375 0.0203125 0.028125
0 0.56484375 0.16640625 0.028125 0.0203125
0 0.53984375 0.165625 0.01875 0.01875
0 0.62734375 0.1703125 0.0203125 0.0328125
0 0.3265625 0.16015625 0.0234375 0.0203125
0 0.0765625 0.15390625 0.01875 0.01875
0 0.25703125 0.16015625 0.0203125 0.0421875
0 0.678125 0.175 0.0203125 0.028125
0 0.27890625 0.00859375 0.009375 0.0140625
0 0.83828125 0.03046875 0.009375 0.009375
0 0.11640625 0.00703125 0.0140625 0.0140625
0 0.375 0.16640625 0.01875 0.01875
0 0.14609375 0.1609375 0.01875 0.01875
0 0.115625 0.16015625 0.0296875 0.0296875
0 0.278125 0.165625 0.0203125 0.0234375
0 0.05546875 0.16015625 0.0140625 0.009375
0 0.69375 0.18203125 0.025 0.0296875
0 0.6546875 0.18359375 0.025 0.0296875
0 0.8046875 0.190625 0.0328125 0.0375
0 0.89375 0.03203125 0.009375 0.0046875
0 0.44765625 0.01640625 0.009375 0.009375
0 0.31328125 0.01171875 0.009375 0.009375
0 0.42265625 0.015625 0.0046875 0.009375
0 0.7203125 0.02578125 0.009375 0.0140625
0 0.1625 0.16875 0.0234375 0.015625
0 0.0375 0.1640625 0.0203125 0.028125
0 0.31875 0.17890625 0.0203125 0.0328125
0 0.36484375 0.18046875 0.015625 0.028125
0 0.47421875 0.184375 0.025 0.0296875
0 0.7265625 0.19296875 0.0296875 0.0375
0 0.496875 0.18515625 0.0234375 0.0203125
0 0.06171875 0.16953125 0.01875 0.01875
0 0.56640625 0.1875 0.0203125 0.028125
0 0.41796875 0.184375 0.025 0.0328125
0 0.5453125 0.1890625 0.0203125 0.0234375
0 0.078125 0.175 0.0140625 0.0046875
0 0.53046875 0.01953125 0.0046875 0.009375
0 0.78515625 0.028125 0.009375 0.009375
0 0.975 0.0375 0.009375 0.0140625
0 0.3578125 0.015625 0.0046875 0.009375
0 0.45390625 0.01953125 0.009375 0.0046875
0 0.66015625 0.0265625 0.009375 0.009375
0 0.20546875 0.18203125 0.0203125 0.028125
0 0.6015625 0.1953125 0.0140625 0.0140625
0 0.10546875 0.1828125 0.0140625 0.01875
0 0.16640625 0.18515625 0.0234375 0.0203125
0 0.34609375 0.19609375 0.0203125 0.028125
0 0.834375 0.0140625 0.009375 0.0046875
0 0.94296875 0.0171875 0.0046875 0.0046875
0 0.26484375 0.0125 0.0046875 0.0046875
0 0.56953125 0.0234375 0.0046875 0.0046875
0 0.72734375 0.02890625 0.009375 0.009375
0 0.8125 0.03203125 0.009375 0.009375
0 0.465625 0.01953125 0.009375 0.0140625
0 0.484375 0.0203125 0.0046875 0.0046875
0 0.01796875 0.18671875 0.015625 0.05625
0 0.9359375 0.21875 0.0328125 0.0328125
0 0.45234375 0.2046875 0.025 0.0421875
0 0.74140625 0.21484375 0.0296875 0.0515625
0 0.18828125 0.2 0.0140625 0.009375
0 0.61171875 0.21484375 0.0234375 0.0203125
0 0.65390625 0.21640625 0.0375 0.0328125
0 0.271875 0.0125 0.009375 0.0046875
0 0.37109375 0.01640625 0.009375 0.0046875
0 0.09609375 0.00703125 0.0046875 0.009375
0 0.85234375 0.0328125 0.0046875 0.009375
0 0.28828125 0.01328125 0.0046875 0.0046875
0 0.05390625 0.00546875 0.009375 0.009375
0 0.5 0.02109375 0.009375 0.0140625
0 0.509375 0.02109375 0.0046875 0.0046875
0 0.6296875 0.025 0.009375 0.0046875
0 0.58671875 0.21640625 0.0296875 0.0328125
0 0.7671875 0.225 0.0296875 0.0328125
0 0.290625 0.21015625 0.025 0.0328125
0 0.084375 0.203125 0.015625 0.0234375
0 0.14453125 0.20703125 0.025 0.025
0 0.7015625 0.2265625 0.0328125 0.0421875
0 0.82421875 0.034375 0.009375 0.009375
0 0.1515625 0.0109375 0.0046875 0.009375
0 0.16328125 0.01171875 0.0046875 0.009375
0 0.340625 0.01796875 0.009375 0.009375
0 0.428125 0.0203125 0.009375 0.009375
0 0.17890625 0.01171875 0.009375 0.009375
0 0.32890625 0.0171875 0.0046875 0.009375
0 0.57890625 0.02578125 0.009375 0.009375
0 0.76640625 0.0328125 0.0046875 0.009375
0 0.0515625 0.20625 0.0203125 0.0328125
0 0.4953125 0.221875 0.0296875 0.0328125
0 0.16953125 0.2125 0.0234375 0.0203125
0 0.19765625 0.21328125 0.01875 0.01875
0 0.1046875 0.2125 0.0296875 0.025
0 0.80078125 0.03359375 0.009375 0.009375
0 0.25 0.0140625 0.0046875 0.0046875
0 0.2390625 0.0140625 0.0046875 0.009375
0 0.41484375 0.0203125 0.009375 0.009375
0 0.74296875 0.03125 0.009375 0.01875
0 0.7734375 0.0328125 0.009375 0.009375
0 0.07421875 0.21875 0.025 0.025
0 0.953125 0.2515625 0.0234375 0.0203125
0 0.6625 0.24140625 0.025 0.0328125
0 0.63125 0.2453125 0.0296875 0.025
0 0.99765625 0.040625 0.0046875 0.009375
0 0.3984375 0.01953125 0.009375 0.009375
0 0.653125 0.028125 0.0046875 0.009375
0 0.215625 0.015625 0.009375 0.0046875
0 0.4421875 0.0234375 0.009375 0.009375
0 0.03515625 0.2265625 0.0296875 0.025
0 0.10234375 0.22890625 0.01875 0.0140625
0 0.8953125 0.25859375 0.0296875 0.0421875
0 0.9609375 0.04140625 0.009375 0.0046875
0 0.125 0.0125 0.009375 0.0046875
0 0.75703125 0.034375 0.009375 0.0046875
0 0.20390625 0.01484375 0.009375 0.009375
0 0.6390625 0.03046875 0.009375 0.0140625
0 0.6671875 0.03125 0.009375 0.0140625
0 0.70625 0.0328125 0.009375 0.0140625
0 0.51796875 0.25546875 0.0328125 0.0421875
0 0.61015625 0.2609375 0.0296875 0.0328125
0 0.28046875 0.01796875 0.0046875 0.0046875
0 0.084375 0.0109375 0.0140625 0.009375
0 0.7359375 0.03359375 0.009375 0.0140625
0 0.26875 0.01953125 0.0046875 0.009375
0 0.71796875 0.03515625 0.009375 0.009375
0 0.9890625 0.27890625 0.021875 0.0515625
0 0.95 0.2796875 0.0296875 0.046875
0 0.08046875 0.2515625 0.015625 0.028125
0 0.82734375 0.2796875 0.0296875 0.0375
0 0.43828125 0.26875 0.0328125 0.0421875
0 0.22265625 0.01796875 0.009375 0.009375
0 0.88203125 0.04140625 0.0140625 0.009375
0 0.9859375 0.04453125 0.0140625 0.009375
0 0.04453125 0.01171875 0.009375 0.009375
0 0.31015625 0.02109375 0.0046875 0.009375
0 0.475 0.02734375 0.009375 0.0140625
0 0.6875 0.034375 0.009375 0.009375
0 0.05390625 0.26875 0.028125 0.0203125
0 0.01484375 0.2671875 0.015625 0.0375
0 0.0265625 0.2703125 0.0203125 0.0328125
0 0.38046875 0.284375 0.04375 0.046875
0 0.94453125 0.0453125 0.009375 0.0140625
0 0.625 0.034375 0.009375 0.009375
0 0.30078125 0.0234375 0.0140625 0.0140625
0 0.37734375 0.02578125 0.009375 0.0140625
0 0.6578125 0.0359375 0.009375 0.009375
0 0.14609375 0.28359375 0.0296875 0.0328125
0 0.58125 0.2984375 0.04375 0.0515625
0 0.353125 0.0015625 0.009375 0.003125
0 0.475 0.00390625 0.009375 0.0078125
0 0.53125 0.00546875 0.0046875 0.009375
0 0.72109375 0.01171875 0.0046875 0.009375
0 0.75078125 0.01328125 0.009375 0.009375
0 0.9171875 0.04453125 0.0140625 0.0140625
0 0.19453125 0.01953125 0.009375 0.009375
0 0.84921875 0.31953125 0.0421875 0.0375
0 0.784375 0.3203125 0.0484375 0.0484375
0 0.1015625 0.2984375 0.025 0.0296875
0 0.54296875 0.3140625 0.04375 0.046875
0 0.8453125 0.04375 0.0046875 0.009375
0 0.2546875 0.0234375 0.009375 0.009375
0 0.45625 0.03046875 0.009375 0.009375
0 0.89375 0.0453125 0.0140625 0.0140625
0 0.90078125 0.04609375 0.0140625 0.0140625
0 0.1578125 0.01953125 0.0046875 0.009375
0 0.41484375 0.02890625 0.009375 0.009375
0 0.48828125 0.03125 0.009375 0.009375
0 0.615625 0.0359375 0.009375 0.0140625
0 0.259375 0.0234375 0.009375 0.009375
0 0.32890625 0.02578125 0.0140625 0.0140625
0 0.5953125 0.03515625 0.009375 0.0140625
0 0.24296875 0.02265625 0.0046875 0.009375
0 0.60703125 0.03515625 0.009375 0.0140625
0 0.67578125 0.0375 0.009375 0.0140625
0 0.68046875 0.03828125 0.009375 0.009375
0 0.45546875 0.32265625 0.034375 0.046875
0 0.171875 0.0203125 0.0046875 0.009375
0 0.3890625 0.028125 0.009375 0.009375
0 0.421875 0.02890625 0.0046875 0.0140625
0 0.43515625 0.0296875 0.0046875 0.009375
0 0.725 0.03984375 0.009375 0.0140625
0 0.76875 0.04140625 0.009375 0.009375
0 0.83125 0.0453125 0.0140625 0.009375
0 0.10703125 0.0203125 0.009375 0.009375
0 0.234375 0.025 0.009375 0.009375
0 0.6390625 0.0390625 0.009375 0.009375
0 0.87109375 0.35078125 0.0328125 0.0296875
0 0.378125 0.33359375 0.0390625 0.046875
0 0.696875 0.040625 0.009375 0.01875
0 0.81953125 0.0453125 0.009375 0.009375
0 0.93203125 0.04921875 0.0140625 0.01875
0 0.06953125 0.01875 0.009375 0.009375
0 0.0890625 0.33515625 0.0296875 0.046875
0 0.96796875 0.365625 0.04375 0.065625
0 0.01484375 0.334375 0.0203125 0.0375
0 0.78515625 0.04375 0.009375 0.009375
0 0.26875 0.02578125 0.0046875 0.009375
0 0.44453125 0.03203125 0.009375 0.009375
0 0.18125 0.3453125 0.0390625 0.046875
0 0.4375 0.35390625 0.0296875 0.0375
0 0.34609375 0.35078125 0.04375 0.0515625
0 0.72421875 0.3640625 0.04375 0.046875
0 0.81484375 0.371875 0.04375 0.05625
0 0.65078125 0.04140625 0.009375 0.009375
0 0.71796875 0.04375 0.009375 0.0140625
0 0.2921875 0.02890625 0.009375 0.009375
0 0.73828125 0.04453125 0.0046875 0.009375
0 0.74765625 0.0453125 0.0140625 0.009375
0 0.9109375 0.384375 0.0390625 0.05625
0 0.871875 0.3859375 0.0421875 0.0375
0 0.99609375 0.053125 0.0078125 0.009375
0 0.2828125 0.02890625 0.0046875 0.009375
0 0.365625 0.03203125 0.009375 0.009375
0 0.0234375 0.01953125 0.009375 0.009375
0 0.321875 0.03046875 0.009375 0.009375
0 0.759375 0.0453125 0.009375 0.009375
0 0.47265625 0.37421875 0.053125 0.0625
0 0.94140625 0.05390625 0.009375 0.009375
0 0.1390625 0.0265625 0.009375 0.009375
0 0.18046875 0.02734375 0.0046875 0.009375
0 0.18984375 0.028125 0.009375 0.009375
0 0.40078125 0.03515625 0.009375 0.0140625
0 0.078125 0.371875 0.0203125 0.028125
0 0.28203125 0.38125 0.053125 0.0484375
0 0.640625 0.39609375 0.0296875 0.0375
0 0.2125 0.38359375 0.04375 0.075
0 0.70546875 0.04609375 0.009375 0.0140625
0 0.2203125 0.02890625 0.0046875 0.009375
0 0.66171875 0.04453125 0.009375 0.009375
0 0.5875 0.396875 0.0421875 0.0296875
0 0.4203125 0.3953125 0.034375 0.05625
0 0.38828125 0.396875 0.04375 0.05625
0 0.92421875 0.01953125 0.0046875 0.009375
0 0.4328125 0.003125 0.009375 0.00625
0 0.6609375 0.01015625 0.009375 0.009375
0 0.6703125 0.01015625 0.0046875 0.009375
0 0.9890625 0.02109375 0.009375 0.009375
0 0.33125 0.0015625 0.009375 0.003125
0 0.38046875 0.00078125 0.0046875 0.0015625
0 0.39453125 0.0015625 0.0046875 0.003125
0 0.8046875 0.04921875 0.009375 0.009375
0 0.96953125 0.05546875 0.009375 0.009375
0 0.0578125 0.0234375 0.009375 0.009375
0 0.39375 0.0375 0.009375 0.009375
0 0.565625 0.41640625 0.0375 0.025
0 0.4609375 0.03984375 0.009375 0.0140625
0 0.16484375 0.0296875 0.009375 0.009375
0 0.25 0.03203125 0.0046875 0.009375
0 0.87265625 0.434375 0.0484375 0.053125
0 0.740625 0.4296875 0.0390625 0.0609375
0 0.67109375 0.42734375 0.04375 0.046875
0 0.4515625 0.0390625 0.009375 0.009375
0 0.72890625 0.04921875 0.009375 0.009375
0 0.8328125 0.05546875 0.009375 0.009375
0 0.684375 0.05 0.009375 0.0140625
0 0.95625 0.44375 0.0484375 0.0625
0 0.778125 0.4421875 0.053125 0.08125
0 0.88359375 0.05703125 0.009375 0.009375
0 0.0421875 0.02734375 0.009375 0.009375
0 0.9578125 0.059375 0.009375 0.009375
0 0.14140625 0.03125 0.0046875 0.0140625
0 0.31953125 0.0375 0.009375 0.0140625
0 0.6546875 0.04921875 0.009375 0.0140625
0 0.33828125 0.0375 0.009375 0.009375
0 0.41640625 0.040625 0.009375 0.009375
0 0.83984375 0.05546875 0.009375 0.01875
0 0.92109375 0.0578125 0.009375 0.009375
0 0.153125 0.03125 0.0046875 0.0140625
0 0.2015625 0.0328125 0.0046875 0.009375
0 0.20625 0.03359375 0.0046875 0.0140625
0 0.2359375 0.034375 0.0046875 0.009375
0 0.409375 0.040625 0.0046875 0.0140625
0 0.5828125 0.45 0.0578125 0.0578125
0 0.9859375 0.4640625 0.028125 0.065625
0 0.9046875 0.46328125 0.0578125 0.053125
0 0.35078125 0.44609375 0.04375 0.05625
0 0.79609375 0.05625 0.0140625 0.0140625
0 0.47421875 0.0453125 0.009375 0.009375
0 0.515625 0.04609375 0.009375 0.009375
0 0.8765625 0.05859375 0.0140625 0.0140625
0 0.1046875 0.03203125 0.009375 0.009375
0 0.24453125 0.03671875 0.0046875 0.009375
0 0.2890625 0.03828125 0.0046875 0.009375
0 0.425 0.04296875 0.009375 0.009375
0 0.07890625 0.03125 0.009375 0.009375
0 0.74921875 0.0546875 0.009375 0.009375
0 0.05234375 0.44296875 0.053125 0.0484375
0 0.8625 0.05859375 0.009375 0.009375
0 0.215625 0.0359375 0.009375 0.009375
0 0.31171875 0.0390625 0.009375 0.009375
0 0.06953125 0.03046875 0.009375 0.009375
0 0.26796875 0.0375 0.0046875 0.0140625
0 0.61484375 0.05 0.0046875 0.009375
0 0.765625 0.05546875 0.009375 0.009375
0 0.01328125 0.4546875 0.025 0.025
0 0.078125 0.45703125 0.04375 0.05625
0 0.97890625 0.0625 0.009375 0.0140625
0 0.17265625 0.03671875 0.0046875 0.0140625
0 0.6421875 0.47890625 0.034375 0.0609375
0 0.43671875 0.04609375 0.009375 0.009375
0 0.64296875 0.053125 0.009375 0.0140625
0 0.67109375 0.05390625 0.0140625 0.0140625
0 0.11484375 0.034375 0.009375 0.009375
0 0.6734375 0.49921875 0.0484375 0.0625
0 0.2265625 0.03828125 0.0046875 0.009375
0 0.91875 0.06484375 0.009375 0.009375
0 0.6265625 0.0546875 0.009375 0.009375
0 0.5671875 0.5046875 0.0390625 0.0515625
0 0.3171875 0.4984375 0.04375 0.075
0 0.56796875 0.00703125 0.009375 0.009375
0 0.6515625 0.01171875 0.009375 0.0140625
0 0.71171875 0.0140625 0.009375 0.0140625
0 0.7625 0.01328125 0.0046875 0.0046875
0 0.8515625 0.0625 0.009375 0.009375
0 0.934375 0.065625 0.009375 0.0140625
0 0.95078125 0.06640625 0.009375 0.01875
0 0.19375 0.03984375 0.009375 0.009375
0 0.7796875 0.06015625 0.009375 0.0140625
0 0.1265625 0.0375 0.0140625 0.0140625
0 0.25859375 0.0421875 0.009375 0.009375
0 0.38828125 0.51015625 0.0390625 0.0609375
0 0.01875 0.503125 0.0375 0.075
0 0.29609375 0.04609375 0.0046875 0.009375
0 0.60859375 0.05703125 0.009375 0.0140625
0 0.878125 0.54140625 0.053125 0.0765625
0 0.2515625 0.04453125 0.009375 0.009375
0 0.2796875 0.0453125 0.009375 0.0140625
0 0.68203125 0.059375 0.009375 0.0140625
0 0.8140625 0.06640625 0.009375 0.009375
0 0.69609375 0.06171875 0.0140625 0.0140625
0 0.72421875 0.06328125 0.009375 0.009375
0 0.1671875 0.53671875 0.0578125 0.071875
0 0.2375 0.04609375 0.009375 0.0140625
0 0.309375 0.0484375 0.0140625 0.009375
0 0.7421875 0.06328125 0.009375 0.01875
0 0.0734375 0.040625 0.009375 0.009375
0 0.16171875 0.04609375 0.009375 0.009375
0 0.20546875 0.046875 0.009375 0.0140625
0 0.37421875 0.053125 0.0046875 0.0140625
0 0.50390625 0.0578125 0.0140625 0.0140625
0 0.64765625 0.0625 0.0046875 0.009375
0 0.6875 0.5734375 0.0484375 0.0625
0 0.3703125 0.5671875 0.0421875 0.0296875
0 0.14296875 0.0453125 0.009375 0.0140625
0 0.36484375 0.053125 0.009375 0.009375
0 0.453125 0.05625 0.009375 0.0140625
0 0.79140625 0.06796875 0.009375 0.0140625
0 0.42578125 0.5765625 0.034375 0.046875
0 0.73046875 0.58671875 0.0390625 0.0703125
0 0.84140625 0.071875 0.009375 0.009375
0 0.775 0.5953125 0.0625 0.090625
0 0.96875 0.6046875 0.05 0.103125
0 0.82734375 0.07109375 0.009375 0.009375
0 0.38828125 0.05625 0.0140625 0.0140625
0 0.29609375 0.053125 0.009375 0.0140625
0 0.90625 0.07421875 0.009375 0.01875
0 0.7140625 0.0671875 0.009375 0.01875
0 0.525 0.5953125 0.04375 0.084375
0 0.4265625 0.00390625 0.009375 0.0078125
0 0.4984375 0.00703125 0.0046875 0.009375
0 0.9546875 0.02265625 0.009375 0.009375
0 0.41015625 0.00390625 0.0046875 0.0078125
0 0.86171875 0.07265625 0.0140625 0.0140625
0 0.2703125 0.0515625 0.009375 0.0140625
0 0.80625 0.0703125 0.009375 0.009375
0 0.88984375 0.0734375 0.0140625 0.0140625
0 0.66484375 0.61640625 0.065625 0.034375
0 0.16875 0.05078125 0.009375 0.009375
0 0.2265625 0.05234375 0.0046875 0.0140625
0 0.39765625 0.05859375 0.009375 0.01875
0 0.84453125 0.6328125 0.0625 0.090625
0 0.2625 0.61640625 0.0578125 0.071875
0 0.1796875 0.05078125 0.009375 0.0140625
0 0.09453125 0.61796875 0.0625 0.0859375
0 0.09921875 0.0484375 0.009375 0.009375
0 0.1890625 0.0515625 0.009375 0.009375
0 0.33984375 0.05625 0.009375 0.0140625
0 0.76953125 0.071875 0.009375 0.0140625
0 0.2515625 0.05625 0.0046875 0.009375
0 0.603125 0.06796875 0.009375 0.009375
0 0.37265625 0.634375 0.0390625 0.0609375
0 0.93359375 0.0796875 0.0140625 0.009375
0 0.07109375 0.04921875 0.009375 0.009375
0 0.61171875 0.06875 0.009375 0.009375
0 0.08046875 0.05 0.009375 0.009375
0 0.67890625 0.07109375 0.009375 0.009375
0 0.4296875 0.0625 0.0140625 0.0140625
0 0.4640625 0.06328125 0.009375 0.009375
0 0.628125 0.06875 0.009375 0.009375
0 0.75078125 0.0734375 0.009375 0.0140625
0 0.9734375 0.08125 0.0140625 0.01875
0 0.77890625 0.0765625 0.009375 0.0140625
0 0.19375 0.64453125 0.0625 0.0765625
0 0.48046875 0.06640625 0.009375 0.0140625
0 0.70234375 0.07421875 0.0140625 0.0140625
0 0.6765625 0.675 0.0640625 0.0953125
0 0.95234375 0.0828125 0.0140625 0.0140625
0 0.05703125 0.0515625 0.009375 0.009375
0 0.11484375 0.053125 0.01875 0.009375
0 0.4734375 0.065625 0.0140625 0.0140625
0 0.4890625 0.06640625 0.0140625 0.0140625
0 0.7390625 0.69375 0.06875 0.0984375
0 0.12890625 0.05625 0.009375 0.009375
0 0.415625 0.06640625 0.009375 0.01875
0 0.45703125 0.06796875 0.009375 0.009375
0 0.2 0.05859375 0.0046875 0.009375
0 0.30859375 0.0625 0.0140625 0.009375
0 0.31796875 0.06328125 0.009375 0.01875
0 0.04765625 0.053125 0.009375 0.009375
0 0.88046875 0.0828125 0.009375 0.009375
0 0.21875 0.059375 0.0140625 0.0140625
0 0.2625 0.0609375 0.0140625 0.009375
0 0.9 0.71796875 0.06875 0.1125
0 0.896875 0.0203125 0.009375 0.0046875
0 0.26484375 0.0015625 0.0046875 0.003125
0 0.73046875 0.01484375 0.0046875 0.009375
0 0.73671875 0.01484375 0.009375 0.009375
0 0.27421875 0.00078125 0.0046875 0.0015625
0 0.31015625 0.00234375 0.0046875 0.0046875
0 0.35 0.003125 0.009375 0.00625
0 0.4203125 0.00546875 0.009375 0.0109375
0 0.5796875 0.009375 0.009375 0.009375
0 0.24140625 0.0625 0.0046875 0.009375
0 0.5625 0.71328125 0.053125 0.071875
0 0.6375 0.0765625 0.0140625 0.01875
0 0.6765625 0.078125 0.009375 0.009375
0 0.728125 0.0796875 0.0140625 0.0140625
0 0.33046875 0.71875 0.0671875 0.090625
0 0.7859375 0.08359375 0.009375 0.0140625
0 0.26953125 0.065625 0.009375 0.009375
0 0.646875 0.07890625 0.0140625 0.01875
0 0.27890625 0.06640625 0.0046875 0.0140625
0 0.58671875 0.07734375 0.0140625 0.0140625
0 0.0546875 0.725 0.0859375 0.090625
0 0.02421875 0.05703125 0.0140625 0.0140625
0 0.83671875 0.0859375 0.009375 0.0140625
0 0.296875 0.0671875 0.009375 0.0140625
0 0.521875 0.7484375 0.0578125 0.0765625
0 0.9109375 0.090625 0.009375 0.009375
0 0.3640625 0.071875 0.0140625 0.01875
0 0.440625 0.07421875 0.009375 0.009375
0 0.665625 0.08203125 0.0140625 0.0140625
0 0.80859375 0.08671875 0.0140625 0.0140625
0 0.20703125 0.06640625 0.0140625 0.0140625
0 0.25078125 0.06796875 0.0140625 0.0140625
0 0.19296875 0.06796875 0.0140625 0.009375
0 0.06328125 0.06328125 0.009375 0.009375
0 0.1609375 0.0671875 0.0140625 0.0140625
0 0.22578125 0.06875 0.0140625 0.009375
0 0.04296875 0.0625 0.009375 0.009375
0 0.9015625 0.09296875 0.0046875 0.009375
0 0.07734375 0.0640625 0.0140625 0.009375
0 0.6765625 0.0875 0.009375 0.0140625
0 0.77109375 0.81484375 0.0578125 0.090625
0 0.32265625 0.00234375 0.0046875 0.0046875
0 0.62578125 0.01328125 0.009375 0.009375
0 0.98828125 0.0984375 0.0140625 0.0140625
0 0.14453125 0.06875 0.0140625 0.0140625
0 0.17890625 0.06953125 0.009375 0.0140625
0 0.378125 0.0765625 0.009375 0.0140625
0 0.6328125 0.0859375 0.009375 0.0140625
0 0.66953125 0.81640625 0.0671875 0.090625
0 0.4734375 0.08203125 0.009375 0.009375
0 0.5359375 0.084375 0.0140625 0.0140625
0 0.8375 0.84765625 0.078125 0.1046875
0 0.2390625 0.07421875 0.0140625 0.0140625
0 0.97265625 0.1 0.009375 0.01875
0 0.85859375 0.0984375 0.015625 0.0234375
0 0.7734375 0.0953125 0.009375 0.0140625
0 0.271875 0.07734375 0.009375 0.0140625
0 0.6203125 0.08984375 0.0140625 0.0140625
0 0.88671875 0.09921875 0.0140625 0.01875
0 0.02421875 0.06875 0.0140625 0.009375
0 0.23046875 0.0765625 0.0140625 0.0140625
0 0.76171875 0.09453125 0.015625 0.0234375
0 0.33203125 0.08203125 0.009375 0.009375
0 0.29921875 0.8703125 0.090625 0.0671875
0 0.7015625 0.0953125 0.0140625 0.01875
0 0.5 0.08828125 0.01875 0.01875
0 0.73203125 0.890625 0.103125 0.05
0 0.79453125 0.0984375 0.015625 0.0234375
0 0.4234375 0.08515625 0.0140625 0.0140625
0 0.95390625 0.10625 0.009375 0.01875
0 0.28515625 0.0828125 0.015625 0.0234375
0 0.11875 0.07734375 0.0140625 0.0140625
0 0.45859375 0.0890625 0.009375 0.009375
0 0.59765625 0.09375 0.0140625 0.0140625
0 0.92109375 0.10546875 0.0140625 0.01875
0 0.78046875 0.1 0.0140625 0.01875
0 0.3578125 0.00390625 0.009375 0.0078125
0 0.6765625 0.015625 0.0046875 0.009375
0 0.8203125 0.0203125 0.009375 0.009375
0 0.14609375 0.0015625 0.0046875 0.003125
0 0.38515625 0.0046875 0.0046875 0.0046875
0 0.4015625 0.00546875 0.009375 0.009375
0 0.44296875 0.00703125 0.009375 0.009375
0 0.46875 0.0078125 0.009375 0.009375
0 0.84296875 0.10234375 0.015625 0.0234375
0 0.73828125 0.0984375 0.0140625 0.01875
0 0.03828125 0.07421875 0.009375 0.0140625
0 0.75234375 0.1015625 0.0203125 0.0234375
0 0.93515625 0.1078125 0.015625 0.0234375
0 0.19453125 0.08203125 0.0140625 0.0140625
0 0.55546875 0.09453125 0.0140625 0.009375
0 0.365625 0.08828125 0.01875 0.0140625
0 0.10234375 0.08046875 0.01875 0.0140625
0 0.16484375 0.0828125 0.0140625 0.0140625
0 0.26171875 0.0859375 0.009375 0.0140625
0 0.31015625 0.0875 0.009375 0.009375
0 0.0578125 0.07890625 0.009375 0.0140625
0 0.82890625 0.10546875 0.015625 0.0234375
0 0.2984375 0.0875 0.0140625 0.0140625
0 0.5140625 0.09453125 0.0140625 0.0140625
0 0.725 0.10234375 0.0203125 0.0234375
0 0.653125 0.1 0.0140625 0.009375
0 0.99609375 0.1140625 0.0078125 0.028125
0 0.33828125 0.090625 0.009375 0.0140625
0 0.31953125 0.090625 0.009375 0.009375
0 0.20859375 0.0890625 0.0140625 0.01875
0 0.67578125 0.10546875 0.0140625 0.01875
0 0.63671875 0.10390625 0.0140625 0.01875
0 0.54609375 0.10078125 0.0140625 0.009375
0 0.66953125 0.1046875 0.015625 0.0234375
0 0.57890625 0.1015625 0.0140625 0.0140625