0 0.56875 0.45859375 0.0109375 0.015625
0 0.53515625 0.45390625 0.0109375 0.015625
0 0.625 0.4734375 0.0109375 0.015625
0 0.2421875 0.41953125 0.0171875 0.025
0 0.7765625 0.496875 0.0171875 0.025
0 0.58359375 0.47265625 0.0109375 0.015625
0 0.55078125 0.46796875 0.0109375 0.015625
0 0.6671875 0.48671875 0.0109375 0.015625
0 0.79296875 0.51015625 0.0109375 0.015625
0 0.4828125 0.46953125 0.0109375 0.015625
0 0.496875 0.4734375 0.00625 0.0140625
0 0.6578125 0.49609375 0.0109375 0.015625
0 0.39609375 0.459375 0.009375 0.00625
0 0.3703125 0.45546875 0.0109375 0.0109375
0 0.5078125 0.47734375 0.0109375 0.015625
0 0.15546875 0.428125 0.00625 0.0140625
0 0.134375 0.425 0.00625 0.009375
0 0.184375 0.43203125 0.0109375 0.015625
0 0.85625 0.5265625 0.0171875 0.0203125
0 0.27890625 0.4453125 0.0109375 0.015625
0 0.4046875 0.46328125 0.015625 0.0109375
0 0.50078125 0.4765625 0.0109375 0.015625
0 0.5171875 0.47890625 0.0109375 0.015625
0 0.5265625 0.4796875 0.0109375 0.0109375
0 0.1703125 0.4296875 0.00625 0.0140625
0 0.175 0.43046875 0.00625 0.0140625
0 0.2171875 0.43671875 0.0109375 0.0109375
0 0.475 0.475 0.0109375 0.0109375
0 0.24609375 0.44296875 0.015625 0.015625
0 0.43203125 0.46875 0.0109375 0.0109375
0 0.12265625 0.42578125 0.0109375 0.0109375
0 0.85078125 0.53046875 0.0171875 0.025
0 0.14296875 0.43125 0.00625 0.0140625
0 0.3625 0.46171875 0.0109375 0.015625
0 0.30078125 0.453125 0.0109375 0.015625
0 0.1078125 0.42578125 0.0109375 0.0109375
0 0.45 0.47421875 0.0109375 0.0109375
0 0.53671875 0.4859375 0.015625 0.015625
0 0.15234375 0.43203125 0.0109375 0.015625
0 0.07109375 0.4234375 0.0109375 0.015625
0 0.3828125 0.4671875 0.0125 0.0203125
0 0.08984375 0.42578125 0.0109375 0.015625
0 0.93515625 0.54453125 0.0109375 0.015625
0 0.5640625 0.4921875 0.0109375 0.015625
0 0.2 0.44140625 0.0125 0.0203125
0 0.02578125 0.41640625 0.0125 0.0203125
0 0.3921875 0.46796875 0.0109375 0.015625
0 0.103125 0.42734375 0.0125 0.0203125
0 0.4609375 0.48046875 0.0109375 0.015625
0 0.03671875 0.42109375 0.015625 0.015625
0 0.4375 0.47734375 0.0109375 0.015625
0 0.55 0.49296875 0.0109375 0.015625
0 0.240625 0.44921875 0.00625 0.0140625
0 0.584375 0.49765625 0.00625 0.0140625
0 0.48828125 0.484375 0.00625 0.009375
0 0.896875 0.54140625 0.0171875 0.0203125
0 0.628125 0.50390625 0.0125 0.0203125
0 0.7078125 0.5171875 0.0109375 0.015625
0 0.21328125 0.44765625 0.00625 0.009375
0 0.6046875 0.503125 0.0109375 0.015625
0 0.36640625 0.46953125 0.0109375 0.015625
0 0.0109375 0.41953125 0.0125 0.025
0 0.7375 0.521875 0.0109375 0.0109375
0 0.26328125 0.4546875 0.0125 0.0203125
0 0.4828125 0.4859375 0.0125 0.0203125
0 0.34765625 0.46640625 0.0109375 0.015625
0 0.13046875 0.4359375 0.0109375 0.015625
0 0.71875 0.51875 0.0109375 0.015625
0 0.92109375 0.54765625 0.015625 0.015625
0 0.5109375 0.48984375 0.015625 0.015625
0 0.9046875 0.54765625 0.0171875 0.025
0 0.49453125 0.48984375 0.0109375 0.015625
0 0.409375 0.478125 0.015625 0.015625
0 0.05859375 0.42890625 0.0109375 0.015625
0 0.4046875 0.4796875 0.0125 0.0203125
0 0.684375 0.51875 0.009375 0.00625
0 0.44140625 0.484375 0.0109375 0.015625
0 0.1703125 0.446875 0.0171875 0.0203125
0 0.33828125 0.4703125 0.0109375 0.015625
0 0.6953125 0.52265625 0.0109375 0.015625
0 0.44609375 0.4875 0.00625 0.0140625
0 0.4640625 0.490625 0.0109375 0.015625
0 0.553125 0.503125 0.0109375 0.015625
0 0.06484375 0.434375 0.0125 0.0203125
0 0.734375 0.528125 0.0109375 0.0109375
0 0.4171875 0.4859375 0.015625 0.015625
0 0.66953125 0.521875 0.0109375 0.015625
0 0.32890625 0.4734375 0.0109375 0.015625
0 0.9640625 0.5625 0.021875 0.0265625
0 0.31953125 0.471875 0.0171875 0.0203125
0 0.58984375 0.51015625 0.015625 0.015625
0 0.3578125 0.47734375 0.0109375 0.015625
0 0.5625 0.50625 0.0109375 0.015625
0 0.08125 0.4390625 0.0125 0.025
0 0.09453125 0.44296875 0.0109375 0.015625
0 0.2140625 0.46015625 0.015625 0.015625
0 0.66015625 0.52265625 0.0125 0.0203125
0 0.56875 0.509375 0.0109375 0.015625
0 0.5734375 0.51015625 0.0109375 0.015625
0 0.93125 0.5609375 0.0171875 0.0203125
0 0.3484375 0.47890625 0.0109375 0.015625
0 0.775 0.54140625 0.0109375 0.015625
0 0.70625 0.53125 0.0125 0.0203125
0 0.1375 0.4515625 0.0125 0.0203125
0 0.18125 0.4578125 0.0171875 0.0203125
0 0.20390625 0.4609375 0.0125 0.0203125
0 0.38046875 0.4859375 0.0125 0.0203125
0 0.46796875 0.49765625 0.00625 0.009375
0 0.71640625 0.53515625 0.015625 0.015625
0 0.2375 0.46796875 0.0171875 0.0203125
0 0.1515625 0.45546875 0.0171875 0.025
0 0.29765625 0.4765625 0.015625 0.015625
0 0.609375 0.5203125 0.0171875 0.0203125
0 0.69921875 0.5328125 0.0109375 0.015625
0 0.68515625 0.53046875 0.0109375 0.015625
0 0.7421875 0.5390625 0.015625 0.015625
0 0.80625 0.55 0.0171875 0.0203125
0 0.7921875 0.5484375 0.0171875 0.0203125
0 0.51953125 0.51015625 0.015625 0.015625
0 0.53046875 0.51171875 0.0171875 0.0203125
0 0.26328125 0.4734375 0.0171875 0.025
0 0.83828125 0.55703125 0.0109375 0.015625
0 0.7296875 0.54140625 0.0171875 0.0203125
0 0.753125 0.5453125 0.0171875 0.0203125
0 0.77734375 0.55078125 0.0109375 0.015625
0 0.63125 0.53046875 0.0171875 0.0203125
0 0.503125 0.5125 0.0171875 0.0203125
0 0.671875 0.53828125 0.0171875 0.0203125
0 0.4703125 0.51015625 0.0171875 0.0203125
0 0.7640625 0.5515625 0.0171875 0.0203125
0 0.38828125 0.4984375 0.0125 0.0203125
0 0.4046875 0.50078125 0.0171875 0.0203125
0 0.034375 0.45078125 0.0171875 0.0203125
0 0.48359375 0.5140625 0.0125 0.0203125
0 0.56640625 0.52578125 0.0171875 0.0203125
0 0.3328125 0.49296875 0.0125 0.0203125
0 0.55 0.5234375 0.0171875 0.0203125
0 0.58984375 0.53125 0.0109375 0.015625
0 0.78359375 0.55859375 0.0171875 0.0203125
0 0.3546875 0.4984375 0.0171875 0.0203125
0 0.4265625 0.50859375 0.0171875 0.0203125
0 0.4375 0.51015625 0.0171875 0.0203125
0 0.83203125 0.565625 0.021875 0.021875
0 0.30234375 0.49375 0.0171875 0.0203125
0 0.64609375 0.5421875 0.0171875 0.025
0 0.23828125 0.484375 0.0109375 0.015625
0 0.68203125 0.54921875 0.0171875 0.025
0 0.32265625 0.4984375 0.0109375 0.015625
0 0.1 0.4671875 0.0125 0.0203125
0 0.040625 0.459375 0.0125 0.0203125
0 0.9 0.5796875 0.021875 0.021875
0 0.6203125 0.540625 0.0171875 0.0203125
0 0.80390625 0.56875 0.0125 0.0203125
0 0.10625 0.47109375 0.0171875 0.0203125
0 0.23046875 0.48828125 0.0171875 0.0203125
0 0.50078125 0.5265625 0.015625 0.015625
0 0.7484375 0.5609375 0.0171875 0.025
0 0.45078125 0.52109375 0.0171875 0.025
0 0.9796875 0.59609375 0.0171875 0.0203125
0 0.73203125 0.5609375 0.0171875 0.0203125
0 0.3125 0.5046875 0.0125 0.0203125
0 0.459375 0.525 0.0125 0.0203125
0 0.37890625 0.5140625 0.015625 0.015625
0 0.5828125 0.5421875 0.0171875 0.0203125
0 0.84609375 0.58125 0.0171875 0.0203125
0 0.53203125 0.53671875 0.0171875 0.0203125
0 0.0484375 0.46875 0.0125 0.0203125
0 0.4765625 0.53359375 0.0171875 0.0203125
0 0.9140625 0.5953125 0.0171875 0.025
0 0.328125 0.5125 0.0171875 0.0203125
0 0.69453125 0.5640625 0.021875 0.0296875
0 0.7953125 0.57890625 0.021875 0.0296875
0 0.61171875 0.55546875 0.015625 0.015625
0 0.2421875 0.503125 0.015625 0.015625
0 0.50625 0.540625 0.0171875 0.0203125
0 0.54921875 0.54609375 0.0171875 0.025
0 0.659375 0.5640625 0.0171875 0.0296875
0 0.7578125 0.578125 0.0171875 0.025
0 0.2921875 0.51484375 0.0171875 0.0203125
0 0.95703125 0.6109375 0.0171875 0.025
0 0.86953125 0.60078125 0.0171875 0.025
0 0.94296875 0.6109375 0.021875 0.021875
0 0.0546875 0.4890625 0.0171875 0.0203125
0 0.70390625 0.5796875 0.021875 0.021875
0 0.6484375 0.571875 0.0171875 0.025
0 0.81796875 0.5984375 0.021875 0.0296875
0 0.5640625 0.5625 0.021875 0.0296875
0 0.40703125 0.54296875 0.021875 0.021875
0 0.37578125 0.53828125 0.021875 0.021875
0 0.96640625 0.621875 0.0171875 0.0203125
0 0.60234375 0.5703125 0.021875 0.021875
0 0.51015625 0.56015625 0.021875 0.021875
0 0.84453125 0.609375 0.0171875 0.0296875
0 0.92421875 0.62265625 0.0171875 0.0296875
0 0.89453125 0.61875 0.0171875 0.0296875
0 0.525 0.56875 0.0171875 0.0203125
0 0.29140625 0.5359375 0.021875 0.021875
0 0.27109375 0.5359375 0.021875 0.0265625
0 0.3828125 0.55390625 0.0171875 0.0296875
0 0.46484375 0.565625 0.021875 0.021875
0 0.9328125 0.63359375 0.021875 0.0296875
0 0.72109375 0.60390625 0.01875 0.034375
0 0.63203125 0.59375 0.0234375 0.034375
0 0.79375 0.62109375 0.0234375 0.034375
0 0.41171875 0.57890625 0.0265625 0.021875
0 0.6765625 0.625 0.028125 0.034375
0 0.9578125 0.66484375 0.0234375 0.034375
0 0.31875 0.57734375 0.0234375 0.034375
0 0.61171875 0.61796875 0.0234375 0.0390625
0 0.86171875 0.65546875 0.028125 0.0390625
0 0.9 0.66328125 0.028125 0.0390625
0 0.5015625 0.6078125 0.0171875 0.0296875
0 0.40703125 0.59453125 0.021875 0.0296875
0 0.48515625 0.6078125 0.021875 0.0296875
0 0.2734375 0.58046875 0.028125 0.0390625
0 0.82109375 0.66171875 0.028125 0.0390625
0 0.69296875 0.64375 0.0234375 0.034375
0 0.91328125 0.684375 0.0234375 0.034375
0 0.85546875 0.68125 0.0234375 0.034375
0 0.51328125 0.63515625 0.0234375 0.034375
0 0.87265625 0.6953125 0.028125 0.0390625
0 0.65625 0.6671875 0.021875 0.0265625
0 0.278125 0.61640625 0.028125 0.034375
0 0.94921875 0.71328125 0.028125 0.0390625
0 0.4046875 0.6453125 0.028125 0.034375
0 0.528125 0.6625 0.028125 0.0390625
0 0.65390625 0.68515625 0.03125 0.03125
0 0.77421875 0.70859375 0.028125 0.0390625
0 0.859375 0.7234375 0.034375 0.0453125
0 0.7625 0.709375 0.0234375 0.034375
0 0.23671875 0.64296875 0.0265625 0.0265625
0 0.49609375 0.68203125 0.034375 0.0453125
0 0.934375 0.753125 0.0390625 0.0546875
0 0.64296875 0.7140625 0.0328125 0.040625
0 0.38515625 0.68046875 0.034375 0.0453125
0 0.22734375 0.6625 0.0265625 0.03125
0 0.96015625 0.7703125 0.0125 0.05625
0 0.83125 0.76796875 0.0328125 0.0359375
0 0.22265625 0.6921875 0.034375 0.0453125
0 0.6890625 0.76484375 0.034375 0.0453125
0 0.53515625 0.74765625 0.034375 0.0546875
0 0.82578125 0.79140625 0.0296875 0.04375
0 0.1796875 0.7359375 0.0390625 0.059375
0 0.4921875 0.8171875 0.04375 0.059375
0 0.28984375 0.25 0.0125 0.025
0 0.41796875 0.28515625 0.0171875 0.0203125
0 0.43203125 0.2890625 0.0125 0.0203125
0 0.39609375 0.2890625 0.0171875 0.025