0 0.634375 0.09453125 0.009375 0.009375
0 0.6875 0.09609375 0.01875 0.0140625
0 0.59453125 0.1 0.0140625 0.0140625
0 0.75 0.096875 0.01875 0.0140625
0 0.77734375 0.096875 0.01875 0.0140625
0 0.53671875 0.103125 0.0140625 0.0140625
0 0.6390625 0.1015625 0.009375 0.009375
0 0.553125 0.10546875 0.0140625 0.009375
0 0.6734375 0.103125 0.0140625 0.0140625
0 0.49765625 0.10859375 0.0140625 0.01875
0 0.56953125 0.10703125 0.0140625 0.009375
0 0.5140625 0.1109375 0.01875 0.0140625
0 0.61328125 0.10859375 0.0140625 0.0140625
0 0.72890625 0.10703125 0.0140625 0.0140625
0 0.70859375 0.109375 0.0140625 0.0140625
0 0.5296875 0.1125 0.0140625 0.0140625
0 0.659375 0.1125 0.0140625 0.01875
0 0.7546875 0.11328125 0.0140625 0.0140625
0 0.6875 0.1171875 0.0140625 0.009375
0 0.54453125 0.121875 0.0140625 0.0140625
0 0.6234375 0.1203125 0.0140625 0.009375
0 0.51953125 0.121875 0.0140625 0.0140625
0 0.63984375 0.12265625 0.01875 0.01875
0 0.79453125 0.121875 0.01875 0.0140625
0 0.878125 0.1203125 0.01875 0.009375
0 0.61171875 0.125 0.01875 0.0140625
0 0.55390625 0.1265625 0.01875 0.01875
0 0.4703125 0.13046875 0.0140625 0.01875
0 0.73671875 0.12578125 0.0140625 0.0140625
0 0.484375 0.13203125 0.0140625 0.01875
0 0.51015625 0.134375 0.0140625 0.01875
0 0.80625 0.12890625 0.01875 0.01875
0 0.89453125 0.1296875 0.01875 0.0140625
0 0.7484375 0.13203125 0.0140625 0.0140625
0 0.86171875 0.13046875 0.01875 0.01875
0 0.6765625 0.1359375 0.01875 0.0140625
0 0.58828125 0.1375 0.0140625 0.0140625
0 0.7046875 0.1375 0.0140625 0.0140625
0 0.63046875 0.1390625 0.01875 0.0140625
0 0.46796875 0.14453125 0.0234375 0.0234375
0 0.72265625 0.1421875 0.01875 0.01875
0 0.5375 0.1453125 0.01875 0.0140625
0 0.87578125 0.1421875 0.01875 0.01875
0 0.609375 0.14609375 0.01875 0.0140625
0 0.83671875 0.14453125 0.01875 0.01875
0 0.55859375 0.15234375 0.01875 0.0140625
0 0.63984375 0.15078125 0.01875 0.01875
0 0.7 0.14921875 0.0234375 0.01875
0 0.93125 0.1515625 0.0234375 0.01875
0 0.68828125 0.1609375 0.01875 0.01875
0 0.49453125 0.1734375 0.01875 0.0234375
0 0.56640625 0.1765625 0.01875 0.01875
0 0.79765625 0.175 0.01875 0.01875
0 0.70546875 0.1765625 0.0234375 0.01875
0 0.6609375 0.1796875 0.01875 0.01875
0 0.88125 0.178125 0.028125 0.01875
0 0.73984375 0.18125 0.028125 0.01875
0 0.53359375 0.18671875 0.01875 0.01875
0 0.6359375 0.18515625 0.0234375 0.0234375
0 0.81640625 0.18671875 0.028125 0.01875
0 0.28359375 0.19609375 0.0234375 0.0234375
0 0.84375 0.18828125 0.028125 0.0234375
0 0.68203125 0.19140625 0.01875 0.01875
0 0.46015625 0.1953125 0.0234375 0.01875
0 0.5546875 0.19375 0.01875 0.01875
0 0.478125 0.2015625 0.0234375 0.0140625
0 0.76328125 0.2015625 0.0234375 0.0234375
0 0.94140625 0.20078125 0.0328125 0.028125
0 0.625 0.20859375 0.0234375 0.01875
0 0.67578125 0.21015625 0.01875 0.01875
0 0.5140625 0.215625 0.028125 0.01875
0 0.9859375 0.209375 0.009375 0.0375
0 0.37265625 0.2203125 0.0234375 0.0234375
0 0.43515625 0.21875 0.0234375 0.0234375
0 0.39609375 0.2234375 0.028125 0.01875
0 0.45390625 0.22265625 0.01875 0.0234375
0 0.534375 0.22109375 0.01875 0.01875
0 0.4765625 0.221875 0.0234375 0.01875
0 0.5921875 0.2203125 0.028125 0.01875
0 0.31015625 0.2296875 0.0234375 0.01875
0 0.76171875 0.2265625 0.0375 0.0234375
0 0.83359375 0.23203125 0.0328125 0.0234375
0 0.4953125 0.23828125 0.01875 0.0234375
0 0.51171875 0.240625 0.0140625 0.01875
0 0.94921875 0.23515625 0.0328125 0.028125
0 0.64375 0.240625 0.028125 0.0234375
0 0.5921875 0.24140625 0.028125 0.028125
0 0.56015625 0.2421875 0.028125 0.028125
0 0.3796875 0.24765625 0.0234375 0.028125
0 0.9140625 0.24765625 0.028125 0.0234375
0 0.68828125 0.25625 0.028125 0.0234375
0 0.63046875 0.25703125 0.028125 0.01875
0 0.8453125 0.26484375 0.0234375 0.0234375
0 0.18828125 0.2765625 0.028125 0.0234375
0 0.49140625 0.27109375 0.0234375 0.0140625
0 0.9359375 0.26796875 0.0328125 0.0234375
0 0.0140625 0.28359375 0.028125 0.0234375
0 0.18359375 0.28359375 0.0328125 0.0234375
0 0.78046875 0.2734375 0.0328125 0.028125
0 0.5421875 0.2796875 0.0328125 0.0234375
0 0.3296875 0.28359375 0.0234375 0.0234375
0 0.76015625 0.27578125 0.0328125 0.028125
0 0.6765625 0.27890625 0.028125 0.0234375
0 0.628125 0.2796875 0.028125 0.0234375
0 0.715625 0.278125 0.0375 0.028125
0 0.1 0.29140625 0.0234375 0.01875
0 0.2875 0.28828125 0.028125 0.0328125
0 0.66015625 0.28359375 0.0234375 0.0234375
0 0.5328125 0.2859375 0.028125 0.01875
0 0.64453125 0.28671875 0.0234375 0.0234375
0 0.49140625 0.2890625 0.028125 0.028125
0 0.58203125 0.2875 0.0375 0.028125
0 0.80390625 0.2859375 0.0328125 0.0234375
0 0.3109375 0.29453125 0.01875 0.01875
0 0.234375 0.30078125 0.0421875 0.0375
0 0.3640625 0.2984375 0.028125 0.0234375
0 0.09609375 0.31484375 0.0328125 0.028125
0 0.81640625 0.30703125 0.0328125 0.028125
0 0.89296875 0.30546875 0.0328125 0.0234375
0 0.5109375 0.3125 0.028125 0.0328125
0 0.6796875 0.31875 0.0421875 0.0328125
0 0.1796875 0.32734375 0.028125 0.0375
0 0.75625 0.31953125 0.0375 0.0375
0 0.85546875 0.3203125 0.0421875 0.0328125
0 0.3 0.334375 0.0234375 0.01875
0 0.640625 0.33125 0.028125 0.028125
0 0.70078125 0.3296875 0.028125 0.0234375
0 0.61953125 0.33359375 0.0421875 0.0328125
0 0.9625 0.3390625 0.0328125 0.0328125
0 0.01015625 0.36640625 0.0203125 0.0421875
0 0.34921875 0.3703125 0.0375 0.028125
0 0.2796875 0.37421875 0.0515625 0.0421875
0 0.77109375 0.36796875 0.0375 0.0421875
0 0.2546875 0.38359375 0.028125 0.0234375
0 0.865625 0.37578125 0.046875 0.0421875
0 0.8125 0.38359375 0.0328125 0.0328125
0 0.3453125 0.39375 0.0421875 0.028125
0 0.73203125 0.38984375 0.0421875 0.046875
0 0.6375 0.39609375 0.046875 0.0375
0 0.459375 0.39921875 0.0375 0.0375
0 0.03515625 0.40859375 0.0328125 0.0375
0 0.225 0.4234375 0.0421875 0.0375
0 0.8015625 0.42734375 0.0421875 0.0421875
0 0.103125 0.45859375 0.028125 0.0234375
0 0.36953125 0.46328125 0.046875 0.0421875
0 0.12890625 0.46953125 0.0515625 0.046875
0 0.01796875 0.471875 0.0359375 0.05625
0 0.0625 0.48671875 0.0421875 0.0421875
0 0.60859375 0.49140625 0.0515625 0.0421875
0 0.02890625 0.5390625 0.046875 0.0515625