0 0.6 0.54921875 0.028125 0.0375
0 0.23046875 0.571875 0.0328125 0.0375
0 0.60078125 0.58203125 0.028125 0.0421875
0 0.1265625 0.596875 0.0234375 0.0421875
0 0.10078125 0.6109375 0.0296875 0.046875
0 0.50859375 0.60625 0.0328125 0.05625
0 0.728125 0.6046875 0.0234375 0.0375
0 0.259375 0.621875 0.0296875 0.046875
0 0.0140625 0.62890625 0.025 0.046875
0 0.3265625 0.62578125 0.0234375 0.0328125
0 0.81484375 0.61953125 0.0140625 0.0234375
0 0.6484375 0.625 0.01875 0.01875
0 0.6875 0.6265625 0.028125 0.0421875
0 0.3984375 0.63125 0.0296875 0.046875
0 0.4421875 0.6328125 0.0140625 0.0234375
0 0.83125 0.6265625 0.0234375 0.0421875
0 0.85625 0.62578125 0.0375 0.0515625
0 0.13671875 0.63828125 0.0296875 0.046875
0 0.16171875 0.640625 0.0234375 0.0421875
0 0.67109375 0.63359375 0.025 0.046875
0 0.6578125 0.6359375 0.0140625 0.028125
0 0.28671875 0.6453125 0.0375 0.0421875
0 0.38203125 0.64375 0.0140625 0.028125
0 0.75703125 0.63671875 0.0296875 0.046875
0 0.346875 0.64375 0.0140625 0.028125
0 0.60390625 0.63984375 0.028125 0.0375
0 0.71328125 0.6375 0.0234375 0.0421875
0 0.553125 0.64296875 0.0296875 0.046875
0 0.41875 0.64765625 0.0234375 0.0421875
0 0.31484375 0.64921875 0.028125 0.0421875
0 0.64375 0.64375 0.0234375 0.0234375
0 0.45625 0.64921875 0.0234375 0.0421875
0 0.3703125 0.65078125 0.028125 0.0421875
0 0.240625 0.65546875 0.028125 0.0375
0 0.840625 0.64453125 0.01875 0.0375
0 0.5625 0.65 0.028125 0.0421875
0 0.81484375 0.65 0.0328125 0.0421875
0 0.19296875 0.6625 0.028125 0.0421875
0 0.7765625 0.6546875 0.0140625 0.0328125
0 0.78984375 0.6546875 0.028125 0.0375
0 0.928125 0.6515625 0.0328125 0.0421875
0 0.04453125 0.66953125 0.01875 0.0328125
0 0.73671875 0.6578125 0.028125 0.0421875