0 0.5859375 0.09140625 0.05625 0.0859375
0 0.55546875 0.10234375 0.05625 0.08125
0 0.0453125 0.2109375 0.0546875 0.0765625
0 0.38203125 0.14375 0.0640625 0.078125
0 0.46328125 0.1390625 0.0640625 0.078125
0 0.66171875 0.10390625 0.0484375 0.0671875
0 0.0078125 0.25390625 0.015625 0.0828125
0 0.728125 0.10546875 0.0609375 0.0875
0 0.8984375 0.071875 0.0484375 0.084375
0 0.39921875 0.18046875 0.0765625 0.09375
0 0.6890625 0.12109375 0.0453125 0.075
0 0.21015625 0.22734375 0.06875 0.096875
0 0.48203125 0.17265625 0.05 0.075
0 0.09375 0.26953125 0.065625 0.0875
0 0.371875 0.221875 0.0703125 0.084375
0 0.5203125 0.1953125 0.0484375 0.0671875
0 0.03203125 0.30390625 0.0640625 0.0984375
0 0.90078125 0.13515625 0.0515625 0.0625
0 0.29296875 0.059375 0.0515625 0.0578125
0 0.6984375 0.20703125 0.059375 0.078125
0 0.865625 0.1734375 0.065625 0.0828125
0 0.46796875 0.2609375 0.0640625 0.078125
0 0.66640625 0.228125 0.05 0.053125
0 0.11171875 0.353125 0.065625 0.0875
0 0.00859375 0.3953125 0.0171875 0.090625
0 0.43359375 0.30078125 0.0671875 0.0921875
0 0.28828125 0.3390625 0.0828125 0.1046875
0 0.0515625 0.39140625 0.075 0.0890625
0 0.17890625 0.3671875 0.0984375 0.115625
0 0.68984375 0.28203125 0.071875 0.0765625
0 0.79765625 0.26171875 0.08125 0.1
0 0.3828125 0.35234375 0.084375 0.1125
0 0.9234375 0.23984375 0.0703125 0.109375
0 0.49453125 0.33828125 0.0875 0.1046875
0 0.6203125 0.31796875 0.071875 0.0765625
0 0.24453125 0.4 0.065625 0.0875
0 0.3328125 0.38359375 0.0515625 0.0796875
0 0.17734375 0.0953125 0.059375 0.078125
0 0.01328125 0.47265625 0.0265625 0.0703125
0 0.5609375 0.3734375 0.078125 0.0859375
0 0.89296875 0.3125 0.05625 0.08125
0 0.47734375 0.43828125 0.090625 0.11875
0 0.09609375 0.5390625 0.084375 0.1125
0 0.596875 0.434375 0.0625 0.06875
0 0.4375 0.47109375 0.0703125 0.084375
0 0.28671875 0.52109375 0.071875 0.0765625
0 0.80390625 0.41640625 0.065625 0.0875
0 0.559375 0.478125 0.0890625 0.0921875
0 0.96640625 0.40078125 0.0578125 0.10625
0 0.18671875 0.5734375 0.0875 0.109375
0 0.2453125 0.5734375 0.0765625 0.09375
0 0.8640625 0.44375 0.0671875 0.075
0 0.4484375 0.54609375 0.0703125 0.0890625
0 0.33203125 0.578125 0.08125 0.1171875
0 0.58125 0.0375 0.075 0.075
0 0.05859375 0.67421875 0.0765625 0.115625
0 0.76640625 0.52890625 0.0625 0.090625
0 0.075 0.140625 0.0515625 0.084375
0 0.83671875 0.525 0.065625 0.0828125
0 0.46328125 0.63828125 0.109375 0.1265625
0 0.825 0.01484375 0.065625 0.0296875
0 0.7015625 0.62734375 0.0859375 0.1171875
0 0.88828125 0.60234375 0.090625 0.1015625
0 0.134375 0.1375 0.06875 0.096875
0 0.51953125 0.71640625 0.08125 0.1171875
0 0.38359375 0.08671875 0.05 0.0703125
0 0.12109375 0.81171875 0.1109375 0.13125
0 0.8859375 0.65703125 0.0765625 0.115625
0 0.3453125 0.7765625 0.090625 0.1234375
0 0.80078125 0.7015625 0.096875 0.1328125
0 0.5046875 0.79921875 0.08125 0.1
0 0.24296875 0.86015625 0.115625 0.115625
0 0.70546875 0.7640625 0.096875 0.128125
0 0.95234375 0.721875 0.0953125 0.146875
0 0.284375 0.1203125 0.071875 0.0984375
0 0.4953125 0.8578125 0.115625 0.1375
0 0.77578125 0.028125 0.0578125 0.05625
0 0.3375 0.115625 0.0578125 0.0734375
0 0.7125 0.040625 0.0578125 0.06875
0 0.4890625 0.0921875 0.0546875 0.071875