0 0.22890625 0.33515625 0.0109375 0.0109375
0 0.24140625 0.33984375 0.00625 0.009375
0 0.2453125 0.34296875 0.0109375 0.0109375
0 0.32578125 0.35546875 0.00625 0.009375
0 0.2234375 0.3390625 0.00625 0.009375
0 0.23515625 0.340625 0.00625 0.009375
0 0.2640625 0.3453125 0.0109375 0.015625
0 0.25234375 0.34609375 0.00625 0.009375
0 0.3484375 0.36171875 0.00625 0.009375
0 0.33984375 0.36015625 0.00625 0.009375
0 0.3640625 0.3640625 0.00625 0.009375
0 0.32109375 0.35703125 0.0109375 0.0109375
0 0.33515625 0.359375 0.0109375 0.0109375
0 0.29140625 0.3546875 0.00625 0.009375
0 0.36015625 0.365625 0.00625 0.009375
0 0.28359375 0.35546875 0.0109375 0.0109375
0 0.16953125 0.33984375 0.00625 0.009375
0 0.203125 0.3453125 0.00625 0.009375
0 0.31328125 0.3625 0.00625 0.009375
0 0.20078125 0.34765625 0.0109375 0.015625
0 0.21015625 0.34921875 0.00625 0.009375
0 0.27109375 0.3609375 0.00625 0.009375
0 0.22578125 0.35390625 0.00625 0.009375
0 0.24296875 0.35859375 0.00625 0.0140625
0 0.2546875 0.36328125 0.0109375 0.015625
0 0.32109375 0.3734375 0.0109375 0.0109375
0 0.2359375 0.3625 0.00625 0.0140625
0 0.16953125 0.35390625 0.0109375 0.015625
0 0.321875 0.3796875 0.00625 0.009375
0 0.2921875 0.37734375 0.0109375 0.015625
0 0.278125 0.37578125 0.0109375 0.015625
0 0.259375 0.37734375 0.0109375 0.0109375
0 0.1421875 0.3609375 0.0109375 0.015625
0 0.196875 0.36953125 0.0109375 0.015625
0 0.225 0.37421875 0.00625 0.0140625
0 0.2703125 0.38359375 0.00625 0.009375
0 0.1578125 0.365625 0.0109375 0.0109375
0 0.1296875 0.3640625 0.0109375 0.015625
0 0.20546875 0.37578125 0.0109375 0.0109375
0 0.1890625 0.3734375 0.00625 0.0140625
0 0.77265625 0.465625 0.00625 0.009375
0 0.765625 0.46484375 0.0046875 0.0046875
0 0.2125 0.37890625 0.0109375 0.0109375
0 0.303125 0.39375 0.0109375 0.015625
0 0.66015625 0.45 0.0046875 0.0046875
0 0.69921875 0.45625 0.00625 0.009375
0 0.73984375 0.4625 0.00625 0.009375
0 0.61171875 0.44296875 0.00625 0.009375
0 0.728125 0.4609375 0.0046875 0.0046875
0 0.73515625 0.4625 0.0046875 0.0046875
0 0.62578125 0.446875 0.0046875 0.0046875
0 0.7515625 0.4671875 0.00625 0.009375
0 0.6921875 0.4578125 0.0046875 0.0046875
0 0.721875 0.46484375 0.0046875 0.0046875
0 0.6578125 0.4546875 0.0046875 0.0046875
0 0.665625 0.45625 0.00625 0.009375
0 0.22734375 0.3890625 0.0109375 0.015625
0 0.2703125 0.3953125 0.00625 0.009375
0 0.6953125 0.46328125 0.0046875 0.0046875
0 0.6703125 0.45859375 0.0109375 0.0109375
0 0.7046875 0.4640625 0.0046875 0.0046875
0 0.7796875 0.48359375 0.00625 0.0140625
0 0.1640625 0.38828125 0.00625 0.009375
0 0.6875 0.47109375 0.00625 0.009375
0 0.67109375 0.47109375 0.0046875 0.0046875
0 0.68203125 0.47265625 0.00625 0.009375
0 0.21484375 0.4078125 0.00625 0.0140625
0 0.25 0.41875 0.0109375 0.0109375
0 0.7984375 0.5078125 0.0046875 0.0046875
0 0.76015625 0.5015625 0.00625 0.009375
0 0.2734375 0.42421875 0.0109375 0.015625
0 0.1171875 0.4 0.0109375 0.015625
0 0.196875 0.41484375 0.0109375 0.015625
0 0.84453125 0.5171875 0.0046875 0.0046875
0 0.13984375 0.40546875 0.00625 0.0140625
0 0.146875 0.40703125 0.00625 0.0140625
0 0.825 0.51875 0.0109375 0.015625
0 0.94609375 0.53984375 0.0046875 0.0046875
0 0.8703125 0.53046875 0.00625 0.009375
0 0.13203125 0.41328125 0.0109375 0.015625
0 0.54296875 0.478125 0.0109375 0.0109375
0 0.840625 0.52578125 0.00625 0.009375
0 0.94140625 0.54140625 0.00625 0.009375
0 0.7671875 0.5140625 0.0046875 0.0046875
0 0.78125 0.51640625 0.00625 0.009375
0 0.42890625 0.46015625 0.00625 0.009375
0 0.871875 0.5328125 0.0109375 0.0109375
0 0.5359375 0.4796875 0.00625 0.009375
0 0.43984375 0.4640625 0.0109375 0.0109375
0 0.546875 0.48125 0.0109375 0.0109375
0 0.66171875 0.49921875 0.0109375 0.015625
0 0.76015625 0.51484375 0.0109375 0.0109375
0 0.47265625 0.46953125 0.00625 0.009375
0 0.525 0.478125 0.00625 0.009375
0 0.10234375 0.4109375 0.0109375 0.015625
0 0.44921875 0.46796875 0.00625 0.009375
0 0.46015625 0.4703125 0.0046875 0.0046875
0 0.8078125 0.525 0.0109375 0.015625
0 0.1421875 0.41953125 0.00625 0.0140625
0 0.8140625 0.528125 0.0125 0.0203125
0 0.52890625 0.4828125 0.00625 0.009375
0 0.69765625 0.51015625 0.0109375 0.0109375
0 0.0828125 0.4125 0.0109375 0.0109375
0 0.23359375 0.43671875 0.015625 0.015625
0 0.5375 0.484375 0.0109375 0.0109375
0 0.11640625 0.4203125 0.0109375 0.015625
0 0.0890625 0.415625 0.0109375 0.015625
0 0.09609375 0.4171875 0.0109375 0.015625
0 0.15078125 0.42578125 0.00625 0.009375
0 0.29921875 0.44921875 0.0046875 0.0046875
0 0.4109375 0.4671875 0.0046875 0.0046875
0 0.42734375 0.46953125 0.0109375 0.0109375
0 0.0734375 0.41328125 0.0109375 0.015625
0 0.7859375 0.52890625 0.00625 0.009375
0 0.29453125 0.45078125 0.00625 0.009375
0 0.51640625 0.4859375 0.0109375 0.015625
0 0.8703125 0.5421875 0.00625 0.009375
0 0.05859375 0.41328125 0.0109375 0.015625
0 0.67421875 0.5109375 0.0109375 0.0109375
0 0.75859375 0.52421875 0.0109375 0.0109375
0 0.628125 0.50625 0.0109375 0.015625
0 0.7015625 0.51796875 0.0109375 0.0109375
0 0.3078125 0.45546875 0.0109375 0.015625
0 0.56171875 0.4953125 0.0109375 0.015625
0 0.57109375 0.496875 0.0109375 0.015625
0 0.7328125 0.52265625 0.00625 0.009375
0 0.14140625 0.42890625 0.0109375 0.0109375
0 0.7828125 0.53046875 0.00625 0.009375
0 0.253125 0.446875 0.00625 0.009375
0 0.73984375 0.5234375 0.0109375 0.015625
0 0.1359375 0.43046875 0.00625 0.009375
0 0.15703125 0.43359375 0.0109375 0.015625
0 0.26640625 0.45078125 0.0109375 0.0109375
0 0.490625 0.48671875 0.0109375 0.015625
0 0.653125 0.5125 0.0109375 0.015625
0 0.12421875 0.42890625 0.015625 0.015625
0 0.19296875 0.43984375 0.0109375 0.015625
0 0.259375 0.45 0.00625 0.009375
0 0.03828125 0.41484375 0.0109375 0.015625
0 0.24296875 0.44765625 0.0109375 0.015625
0 0.3484375 0.4640625 0.0109375 0.015625
0 0.20234375 0.44296875 0.00625 0.009375
0 0.21328125 0.4453125 0.00625 0.0140625
0 0.17890625 0.43984375 0.0109375 0.0109375
0 0.35703125 0.46796875 0.0109375 0.015625
0 0.446875 0.48203125 0.0109375 0.015625
0 0.22890625 0.44765625 0.0109375 0.0109375
0 0.36640625 0.46953125 0.0109375 0.0109375
0 0.41171875 0.47890625 0.0109375 0.015625
0 0.1078125 0.43046875 0.0109375 0.0109375
0 0.04609375 0.42109375 0.0109375 0.015625
0 0.878125 0.553125 0.0109375 0.015625
0 0.0234375 0.4171875 0.00625 0.009375
0 0.615625 0.5109375 0.0109375 0.015625
0 0.4984375 0.4953125 0.015625 0.015625
0 0.296875 0.46328125 0.015625 0.015625
0 0.3109375 0.465625 0.0109375 0.015625
0 0.5078125 0.49609375 0.015625 0.015625
0 0.759375 0.5359375 0.0109375 0.0109375
0 0.65 0.51875 0.0109375 0.0109375
0 0.34296875 0.4703125 0.00625 0.009375
0 0.271875 0.46171875 0.0109375 0.0109375
0 0.39296875 0.48046875 0.0109375 0.015625
0 0.459375 0.49140625 0.0109375 0.015625
0 0.05703125 0.42734375 0.0109375 0.015625
0 0.6421875 0.5203125 0.0109375 0.015625
0 0.10234375 0.434375 0.0109375 0.015625
0 0.2296875 0.45703125 0.015625 0.015625
0 0.56875 0.5109375 0.0109375 0.015625
0 0.03359375 0.4265625 0.0109375 0.015625
0 0.8203125 0.55078125 0.015625 0.015625
0 0.46953125 0.4953125 0.00625 0.009375
0 0.06328125 0.43046875 0.0109375 0.015625
0 0.6921875 0.53046875 0.015625 0.015625
0 0.73515625 0.5375 0.0109375 0.015625
0 0.5921875 0.51484375 0.0109375 0.015625
0 0.79921875 0.55 0.015625 0.015625
0 0.25078125 0.4625 0.015625 0.015625
0 0.19765625 0.4546875 0.0109375 0.015625
0 0.32578125 0.475 0.0171875 0.0203125
0 0.6296875 0.52265625 0.0171875 0.0203125
0 0.853125 0.5609375 0.0171875 0.0203125
0 0.34765625 0.48046875 0.0109375 0.015625
0 0.48515625 0.50234375 0.0171875 0.0203125
0 0.64609375 0.528125 0.0109375 0.015625
0 0.7578125 0.5453125 0.0109375 0.0109375
0 0.76953125 0.54765625 0.0109375 0.015625
0 0.17890625 0.45390625 0.015625 0.015625
0 0.78671875 0.55234375 0.0125 0.0203125
0 0.83515625 0.56015625 0.021875 0.021875
0 0.2109375 0.46171875 0.0109375 0.015625
0 0.4234375 0.4953125 0.015625 0.015625
0 0.596875 0.52265625 0.0109375 0.015625
0 0.3796875 0.490625 0.0171875 0.0203125
0 0.84375 0.5640625 0.0109375 0.015625
0 0.23515625 0.46796875 0.0109375 0.015625
0 0.30625 0.47890625 0.015625 0.015625
0 0.20546875 0.465625 0.0109375 0.015625
0 0.27421875 0.47578125 0.015625 0.015625
0 0.91640625 0.578125 0.0171875 0.0203125
0 0.86640625 0.56953125 0.0109375 0.0109375
0 0.815625 0.5640625 0.0171875 0.0203125
0 0.884375 0.575 0.0125 0.0203125
0 0.3421875 0.49140625 0.0109375 0.015625
0 0.44296875 0.5078125 0.0171875 0.0203125
0 0.51796875 0.51953125 0.015625 0.015625
0 0.7921875 0.56484375 0.009375 0.00625
0 0.4609375 0.5125 0.0125 0.0203125
0 0.57265625 0.53046875 0.0109375 0.015625
0 0.50625 0.5203125 0.0171875 0.0203125
0 0.9265625 0.58671875 0.021875 0.021875
0 0.30234375 0.4875 0.015625 0.015625
0 0.07421875 0.4515625 0.0125 0.0203125
0 0.7390625 0.55703125 0.0109375 0.015625
0 0.87421875 0.58046875 0.0171875 0.0203125
0 0.55859375 0.53046875 0.015625 0.015625
0 0.08515625 0.45546875 0.015625 0.015625
0 0.2703125 0.48515625 0.0171875 0.0203125
0 0.63125 0.54453125 0.0171875 0.0203125
0 0.7046875 0.55625 0.0109375 0.0109375
0 0.15390625 0.46875 0.0109375 0.015625
0 0.46875 0.51875 0.015625 0.015625
0 0.9515625 0.59765625 0.0171875 0.0203125
0 0.453125 0.51875 0.0171875 0.0203125
0 0.83828125 0.5796875 0.015625 0.015625
0 0.23515625 0.484375 0.015625 0.015625
0 0.63984375 0.55078125 0.0171875 0.0203125
0 0.7609375 0.56953125 0.0171875 0.0203125
0 0.49765625 0.528125 0.0171875 0.0203125
0 0.54609375 0.5359375 0.0171875 0.0203125
0 0.859375 0.58515625 0.0125 0.0203125
0 0.2875 0.49453125 0.015625 0.015625
0 0.78828125 0.57421875 0.0171875 0.0203125
0 0.9140625 0.59375 0.015625 0.015625
0 0.52578125 0.5328125 0.015625 0.015625
0 0.584375 0.54453125 0.0171875 0.0203125
0 0.82734375 0.5828125 0.0125 0.0203125
0 0.8109375 0.58046875 0.0171875 0.0203125
0 0.59765625 0.54609375 0.021875 0.021875
0 0.25234375 0.49296875 0.0171875 0.0203125
0 0.69140625 0.56484375 0.0171875 0.0203125
0 0.17890625 0.48359375 0.021875 0.0265625
0 0.71875 0.56953125 0.0171875 0.0203125
0 0.28203125 0.5 0.0109375 0.015625
0 0.396875 0.51875 0.021875 0.021875
0 0.80078125 0.5828125 0.0171875 0.0203125
0 0.2421875 0.4984375 0.015625 0.015625
0 0.5578125 0.5484375 0.021875 0.021875
0 0.84609375 0.59453125 0.0125 0.0203125
0 0.50078125 0.53984375 0.0109375 0.015625
0 0.1 0.47890625 0.0109375 0.015625
0 0.14375 0.48515625 0.0171875 0.0203125
0 0.459375 0.53515625 0.021875 0.021875
0 0.66015625 0.56953125 0.0171875 0.0203125
0 0.1296875 0.4859375 0.0171875 0.0203125
0 0.2078125 0.49765625 0.015625 0.015625
0 0.515625 0.54921875 0.021875 0.021875
0 0.1109375 0.48515625 0.0171875 0.0203125
0 0.9609375 0.621875 0.0234375 0.03125
0 0.22890625 0.50859375 0.0171875 0.0203125
0 0.971875 0.628125 0.01875 0.0296875
0 0.7453125 0.5953125 0.0171875 0.0203125
0 0.69765625 0.5875 0.021875 0.021875
0 0.21640625 0.51328125 0.021875 0.0265625
0 0.7125 0.5921875 0.021875 0.0265625
0 0.9140625 0.62421875 0.0328125 0.040625
0 0.371875 0.540625 0.0234375 0.03125
0 0.87890625 0.62578125 0.021875 0.0265625
0 0.140625 0.50859375 0.021875 0.0265625
0 0.4046875 0.553125 0.0171875 0.025
0 0.84609375 0.62265625 0.01875 0.0296875
0 0.11015625 0.50625 0.021875 0.0265625
0 0.83203125 0.62265625 0.0234375 0.034375
0 0.62109375 0.5921875 0.021875 0.0265625
0 0.74921875 0.6171875 0.021875 0.021875
0 0.86015625 0.63671875 0.0171875 0.025
0 0.4671875 0.575 0.0234375 0.03125
0 0.28125 0.55 0.0234375 0.03125
0 0.45625 0.58046875 0.021875 0.0265625
0 0.94375 0.66171875 0.01875 0.0296875
0 0.95859375 0.66796875 0.0171875 0.025
0 0.20625 0.5515625 0.0234375 0.034375
0 0.2609375 0.5625 0.0234375 0.03125
0 0.75390625 0.6453125 0.028125 0.0359375
0 0.38828125 0.5875 0.021875 0.0265625
0 0.28203125 0.57265625 0.0265625 0.0265625
0 0.6984375 0.6390625 0.0328125 0.0328125
0 0.83046875 0.6625 0.0265625 0.0265625
0 0.44296875 0.61015625 0.0234375 0.034375
0 0.046875 0.54765625 0.0234375 0.03125
0 0.8953125 0.68203125 0.028125 0.03125
0 0.54609375 0.63828125 0.034375 0.0453125
0 0.87734375 0.69375 0.028125 0.040625
0 0.275 0.60078125 0.028125 0.0359375
0 0.9453125 0.70625 0.0390625 0.0546875
0 0.82421875 0.6875 0.0234375 0.034375
0 0.25234375 0.59921875 0.0234375 0.034375
0 0.2125 0.5953125 0.0375 0.0453125
0 0.3953125 0.6265625 0.0296875 0.0453125
0 0.17265625 0.5984375 0.0328125 0.040625
0 0.39609375 0.65 0.028125 0.03125
0 0.60703125 0.6828125 0.034375 0.0453125
0 0.8171875 0.728125 0.03125 0.028125
0 0.29296875 0.65234375 0.0296875 0.0453125
0 0.4875 0.6828125 0.0328125 0.040625
0 0.44609375 0.6765625 0.01875 0.034375
0 0.03125 0.6203125 0.0328125 0.0328125
0 0.7015625 0.7359375 0.0375 0.0453125
0 0.3328125 0.6796875 0.0390625 0.0546875
0 0.4515625 0.70078125 0.028125 0.040625
0 0.81640625 0.7640625 0.0453125 0.065625
0 0.94765625 0.81171875 0.0171875 0.0515625
0 0.67734375 0.78359375 0.040625 0.0640625
0 0.64375 0.78984375 0.05625 0.071875
0 0.190625 0.72109375 0.0515625 0.0703125
0 0.73359375 0.8296875 0.0609375 0.0765625
0 0.56875 0.83671875 0.084375 0.10625
0 0.8578125 0.90390625 0.0328125 0.040625
0 0.34140625 0.821875 0.1 0.1265625
0 0.27109375 0.821875 0.0546875 0.0890625
0 0.1515625 0.821875 0.0828125 0.075
0 0.41015625 0.87265625 0.0578125 0.053125
0 0.86796875 0.959375 0.0625 0.028125