0 0.87734375 0.41328125 0.0453125 0.05625
0 0.5296875 0.3734375 0.040625 0.05625
0 0.85546875 0.43125 0.05625 0.071875
0 0.55859375 0.37890625 0.0609375 0.0734375
0 0.640625 0.409375 0.034375 0.040625
0 0.73984375 0.43203125 0.0359375 0.05
0 0.51328125 0.396875 0.0578125 0.0765625
0 0.59375 0.4109375 0.0453125 0.0609375
0 0.9625 0.478125 0.046875 0.065625
0 0.6234375 0.42734375 0.0359375 0.05
0 0.2671875 0.3671875 0.046875 0.065625
0 0.38359375 0.3875 0.05 0.0625
0 0.17734375 0.35546875 0.0453125 0.0609375
0 0.48046875 0.41171875 0.0359375 0.05
0 0.765625 0.46171875 0.0359375 0.05
0 0.6578125 0.4453125 0.04375 0.0515625
0 0.07109375 0.35859375 0.05625 0.0671875
0 0.034375 0.3546875 0.0421875 0.06875
0 0.65 0.51953125 0.0625 0.08125
0 0.4078125 0.48828125 0.06875 0.1140625
0 0.1296875 0.45625 0.0375 0.0640625
0 0.3609375 0.5015625 0.078125 0.0890625
0 0.58828125 0.54375 0.0640625 0.090625
0 0.1859375 0.4796875 0.0765625 0.084375