0 0.2515625 0.7765625 0.0171875 0.025
0 0.2265625 0.7734375 0.015625 0.015625
0 0.55390625 0.8078125 0.015625 0.0203125
0 0.58125 0.81328125 0.015625 0.0203125
0 0.62890625 0.81875 0.015625 0.0203125
0 0.703125 0.82578125 0.015625 0.0203125
0 0.53046875 0.8078125 0.015625 0.015625
0 0.27734375 0.78125 0.015625 0.0203125
0 0.29765625 0.7859375 0.015625 0.015625
0 0.5046875 0.8078125 0.015625 0.0203125
0 0.45859375 0.803125 0.015625 0.0203125
0 0.20078125 0.77578125 0.015625 0.0203125
0 0.675 0.828125 0.015625 0.0203125
0 0.34609375 0.79296875 0.015625 0.0203125
0 0.17578125 0.77578125 0.0171875 0.025
0 0.3671875 0.7953125 0.0109375 0.0203125
0 0.4359375 0.803125 0.0171875 0.025
0 0.4125 0.8 0.0203125 0.0203125
0 0.48203125 0.8078125 0.015625 0.0203125
0 0.32265625 0.790625 0.0109375 0.0203125
0 0.3890625 0.79765625 0.015625 0.0203125
0 0.60625 0.8203125 0.0109375 0.0203125
0 0.6546875 0.82578125 0.0109375 0.0203125
0 0.58828125 0.8328125 0.015625 0.0203125
0 0.6140625 0.8359375 0.015625 0.0203125
0 0.6390625 0.83828125 0.015625 0.0203125
0 0.7078125 0.84765625 0.0109375 0.015625
0 0.5625 0.8328125 0.015625 0.0203125
0 0.29375 0.8046875 0.015625 0.0203125
0 0.53515625 0.8296875 0.015625 0.0203125
0 0.48671875 0.825 0.015625 0.0203125
0 0.4609375 0.82421875 0.015625 0.015625
0 0.509375 0.8296875 0.015625 0.015625
0 0.415625 0.81953125 0.0109375 0.015625
0 0.684375 0.84765625 0.015625 0.015625
0 0.43984375 0.821875 0.015625 0.0203125
0 0.271875 0.80703125 0.015625 0.0203125
0 0.22421875 0.8015625 0.015625 0.0203125
0 0.66171875 0.84765625 0.0109375 0.0203125
0 0.3921875 0.81953125 0.0109375 0.0203125
0 0.2421875 0.80625 0.015625 0.015625
0 0.1984375 0.8015625 0.0109375 0.0203125
0 0.3484375 0.8171875 0.015625 0.015625
0 0.321875 0.81640625 0.0109375 0.015625
0 0.36875 0.82421875 0.0109375 0.0203125
0 0.17265625 0.803125 0.0109375 0.015625
0 0.25234375 0.81640625 0.015625 0.015625
0 0.7078125 0.86640625 0.015625 0.0203125
0 0.6828125 0.8640625 0.015625 0.0203125
0 0.35859375 0.8296875 0.0109375 0.015625
0 0.4640625 0.84140625 0.015625 0.015625
0 0.56953125 0.85234375 0.015625 0.0203125
0 0.43359375 0.83984375 0.0109375 0.0203125
0 0.59765625 0.85703125 0.015625 0.0203125
0 0.653125 0.8625 0.015625 0.0203125
0 0.51484375 0.84765625 0.015625 0.015625
0 0.53984375 0.85078125 0.015625 0.0203125
0 0.41328125 0.8375 0.015625 0.015625
0 0.48984375 0.8453125 0.015625 0.0203125
0 0.3875 0.83671875 0.0109375 0.015625
0 0.30078125 0.828125 0.015625 0.0203125
0 0.27734375 0.82734375 0.0109375 0.0203125
0 0.1640625 0.815625 0.015625 0.0203125
0 0.32734375 0.8328125 0.015625 0.015625
0 0.19375 0.81875 0.015625 0.015625
0 0.6265625 0.86640625 0.0109375 0.0203125
0 0.71875 0.87890625 0.015625 0.015625
0 0.66796875 0.8734375 0.0109375 0.015625
0 0.69296875 0.878125 0.015625 0.0203125
0 0.22109375 0.82890625 0.015625 0.015625
0 0.51796875 0.86015625 0.0109375 0.0109375
0 0.259375 0.83515625 0.0109375 0.0109375
0 0.59609375 0.8703125 0.015625 0.0203125
0 0.4671875 0.85703125 0.0109375 0.015625
0 0.6171875 0.875 0.015625 0.0203125
0 0.6390625 0.87734375 0.015625 0.015625
0 0.35625 0.84765625 0.00625 0.009375
0 0.33359375 0.8453125 0.015625 0.0203125
0 0.38359375 0.85078125 0.0109375 0.015625
0 0.409375 0.853125 0.0109375 0.015625
0 0.5453125 0.86796875 0.0109375 0.015625
0 0.30703125 0.8453125 0.0109375 0.0203125
0 0.56796875 0.87265625 0.0109375 0.0203125
0 0.43671875 0.85859375 0.0109375 0.0109375
0 0.4921875 0.86484375 0.00625 0.0140625
0 0.20625 0.834375 0.0109375 0.0109375
0 0.23671875 0.8375 0.0171875 0.025
0 0.15625 0.82890625 0.015625 0.015625
0 0.28046875 0.8421875 0.0109375 0.0203125
0 0.18125 0.83671875 0.0109375 0.015625
0 0.50703125 0.87109375 0.0109375 0.0203125
0 0.7125 0.8921875 0.015625 0.015625
0 0.53046875 0.878125 0.0109375 0.015625
0 0.559375 0.88125 0.0109375 0.015625
0 0.5875 0.88359375 0.0109375 0.015625
0 0.3 0.85625 0.0109375 0.0109375
0 0.51796875 0.87890625 0.015625 0.0203125
0 0.446875 0.87109375 0.015625 0.0203125
0 0.24375 0.85 0.00625 0.0140625
0 0.5 0.87734375 0.015625 0.0203125
0 0.19375 0.84453125 0.015625 0.015625
0 0.67265625 0.8953125 0.015625 0.0203125
0 0.40078125 0.86875 0.00625 0.009375
0 0.2046875 0.8484375 0.0109375 0.015625
0 0.35703125 0.8640625 0.0109375 0.0109375
0 0.059375 0.8328125 0.0109375 0.0109375
0 0.8640625 0.91796875 0.015625 0.0203125
0 0.81484375 0.9125 0.021875 0.025
0 0.76171875 0.909375 0.0125 0.025
0 0.6234375 0.89453125 0.0109375 0.015625
0 0.37734375 0.86875 0.021875 0.025
0 0.47421875 0.87890625 0.0109375 0.0203125
0 0.40546875 0.871875 0.00625 0.01875
0 0.84296875 0.91796875 0.0171875 0.025
0 0.26484375 0.85703125 0.0109375 0.015625
0 0.10390625 0.83984375 0.0109375 0.0203125
0 0.48359375 0.8796875 0.0109375 0.015625
0 0.70390625 0.903125 0.0171875 0.025
0 0.22109375 0.8546875 0.00625 0.0140625
0 0.1375 0.84609375 0.0171875 0.025
0 0.73203125 0.90859375 0.0125 0.025
0 0.27109375 0.86015625 0.0109375 0.015625
0 0.3453125 0.86796875 0.0109375 0.0203125
0 0.3859375 0.871875 0.0171875 0.025
0 0.4625 0.88046875 0.015625 0.015625
0 0.6375 0.8984375 0.0109375 0.0203125
0 0.60078125 0.89453125 0.0171875 0.025
0 0.33125 0.86640625 0.0109375 0.0203125
0 0.42578125 0.8765625 0.015625 0.015625
0 0.6875 0.90390625 0.015625 0.0203125
0 0.565625 0.89140625 0.015625 0.015625
0 0.409375 0.87734375 0.0109375 0.0203125
0 0.540625 0.890625 0.0109375 0.0203125
0 0.29921875 0.865625 0.015625 0.0109375
0 0.66484375 0.90390625 0.015625 0.0203125
0 0.50546875 0.88671875 0.015625 0.0203125
0 0.69453125 0.90703125 0.0109375 0.0203125
0 0.90859375 0.9296875 0.021875 0.0296875
0 0.57890625 0.896875 0.015625 0.0203125
0 0.73828125 0.9140625 0.015625 0.015625
0 0.278125 0.865625 0.00625 0.01875
0 0.33515625 0.871875 0.0171875 0.025
0 0.7125 0.9109375 0.0109375 0.0203125
0 0.61171875 0.90078125 0.015625 0.015625
0 0.52890625 0.8921875 0.0109375 0.0109375
0 0.8875 0.9296875 0.021875 0.025
0 0.66015625 0.90546875 0.0125 0.025
0 0.65078125 0.9046875 0.0109375 0.015625
0 0.215625 0.8609375 0.015625 0.0203125
0 0.0265625 0.84140625 0.0125 0.0296875
0 0.9203125 0.93515625 0.015625 0.0203125
0 0.7890625 0.921875 0.015625 0.0203125
0 0.82734375 0.92578125 0.021875 0.0296875
0 0.32109375 0.87265625 0.015625 0.0203125
0 0.1625 0.85546875 0.015625 0.015625
0 0.05625 0.84453125 0.0109375 0.0203125
0 0.3921875 0.88203125 0.0109375 0.0203125
0 0.08828125 0.85 0.0109375 0.015625
0 0.25390625 0.86796875 0.015625 0.0203125
0 0.36640625 0.8796875 0.00625 0.01875
0 0.12734375 0.8546875 0.0078125 0.0234375
0 0.08125 0.84921875 0.0171875 0.025
0 0.23828125 0.86640625 0.015625 0.0203125
0 0.1890625 0.86328125 0.0109375 0.015625
0 0.490625 0.8953125 0.0109375 0.0203125
0 0.20078125 0.86484375 0.015625 0.0203125
0 0.17109375 0.86171875 0.0109375 0.0203125
0 0.18203125 0.8625 0.0109375 0.0203125
0 0.31328125 0.8765625 0.0109375 0.0203125
0 0.1203125 0.85625 0.0171875 0.025
0 0.353125 0.8828125 0.0109375 0.015625
0 0.29296875 0.8765625 0.015625 0.0203125
0 0.56171875 0.9046875 0.015625 0.0203125
0 0.78125 0.928125 0.015625 0.0203125
0 0.09921875 0.85859375 0.00625 0.0140625
0 0.04609375 0.8578125 0.0171875 0.025
0 0.3953125 0.96796875 0.015625 0.015625
0 0.49375 0.97890625 0.0203125 0.015625
0 0.73671875 0.99765625 0.0203125 0.0046875
0 0.596875 0.990625 0.021875 0.01875
0 0.63046875 0.99375 0.0203125 0.0125
0 0.140625 0.9484375 0.015625 0.0203125
0 0.0046875 0.9328125 0.009375 0.021875
0 0.203125 0.9546875 0.021875 0.025
0 0.66953125 0.99453125 0.0265625 0.0109375
0 0.02109375 0.9359375 0.0203125 0.015625
0 0.646875 0.996875 0.015625 0.00625
0 0.053125 0.94140625 0.0171875 0.025
0 0.54140625 0.99140625 0.0203125 0.0171875
0 0.184375 0.95546875 0.0203125 0.0203125
0 0.2859375 0.96640625 0.0203125 0.0203125
0 0.31328125 0.97109375 0.015625 0.0203125
0 0.49296875 0.9875 0.025 0.021875
0 0.24140625 0.9640625 0.021875 0.025
0 0.3609375 0.9765625 0.015625 0.015625
0 0.565625 0.99375 0.015625 0.0125
0 0.0328125 0.9421875 0.015625 0.0203125
0 0.3890625 0.9796875 0.0203125 0.015625
0 0.4625 0.9890625 0.0203125 0.0109375
0 0.34296875 0.9765625 0.025 0.0171875
0 0.12109375 0.95625 0.015625 0.0109375
0 0.3796875 0.9828125 0.015625 0.015625
0 0.5265625 0.99609375 0.015625 0.0078125
0 0.09921875 0.9515625 0.0296875 0.0125
0 0.16796875 0.95859375 0.0203125 0.0109375
0 0.5796875 0.99765625 0.025 0.0046875
0 0.27109375 0.971875 0.009375 0.00625
0 0.303125 0.975 0.0203125 0.015625
0 0.5171875 0.996875 0.01875 0.00625