0 0.5328125 0.24765625 0.0109375 0.015625
0 0.47734375 0.24453125 0.0109375 0.0109375
0 0.55546875 0.25546875 0.00625 0.0140625
0 0.53046875 0.2515625 0.0109375 0.0109375
0 0.56640625 0.259375 0.0109375 0.015625
0 0.54375 0.25859375 0.015625 0.015625
0 0.525 0.25546875 0.009375 0.00625
0 0.5359375 0.259375 0.0109375 0.015625
0 0.46875 0.27421875 0.015625 0.015625
0 0.4984375 0.29140625 0.00625 0.0140625
0 0.4734375 0.28828125 0.0046875 0.0046875
0 0.5140625 0.30078125 0.00625 0.009375
0 0.35390625 0.278125 0.021875 0.0265625
0 0.4953125 0.30078125 0.00625 0.009375
0 0.50390625 0.30390625 0.009375 0.00625
0 0.62421875 0.33046875 0.0046875 0.0046875
0 0.3375 0.2921875 0.0171875 0.025
0 0.521875 0.32578125 0.0109375 0.015625
0 0.62265625 0.3421875 0.0109375 0.0109375
0 0.6640625 0.34765625 0.0109375 0.0109375
0 0.640625 0.34453125 0.0109375 0.0109375
0 0.21640625 0.2875 0.021875 0.0265625
0 0.66171875 0.35 0.00625 0.009375
0 0.18203125 0.2875 0.0171875 0.025
0 0.5390625 0.3375 0.0109375 0.015625
0 0.525 0.3375 0.00625 0.009375
0 0.6484375 0.36015625 0.00625 0.009375
0 0.23359375 0.30390625 0.015625 0.015625
0 0.69609375 0.3703125 0.00625 0.009375
0 0.553125 0.35078125 0.0109375 0.015625
0 0.8078125 0.38828125 0.0109375 0.0109375
0 0.528125 0.34921875 0.0109375 0.015625
0 0.546875 0.35234375 0.0109375 0.0109375
0 0.66171875 0.36796875 0.0109375 0.015625
0 0.71875 0.37578125 0.0109375 0.0109375
0 0.70859375 0.37734375 0.0109375 0.0109375
0 0.5328125 0.35234375 0.0109375 0.015625
0 0.7734375 0.3859375 0.0109375 0.0109375
0 0.7984375 0.3921875 0.0109375 0.0109375
0 0.18828125 0.30625 0.021875 0.0265625
0 0.5140625 0.35234375 0.015625 0.0109375
0 0.1421875 0.3 0.021875 0.0265625
0 0.696875 0.378125 0.00625 0.009375
0 0.75234375 0.38515625 0.0109375 0.0109375
0 0.75859375 0.38671875 0.0109375 0.015625
0 0.6875 0.3765625 0.0109375 0.0109375
0 0.57265625 0.3625 0.00625 0.009375
0 0.59140625 0.365625 0.0046875 0.0046875
0 0.7015625 0.38046875 0.0109375 0.0109375
0 0.73984375 0.3859375 0.0046875 0.0046875
0 0.79921875 0.396875 0.0109375 0.0109375
0 0.58359375 0.36875 0.00625 0.009375
0 0.71015625 0.38671875 0.0109375 0.0109375
0 0.228125 0.32109375 0.0171875 0.0203125
0 0.56015625 0.36796875 0.00625 0.009375
0 0.771875 0.39765625 0.0109375 0.0109375
0 0.56953125 0.36953125 0.0109375 0.0109375
0 0.81953125 0.40703125 0.00625 0.009375
0 0.78984375 0.40234375 0.0109375 0.015625
0 0.71640625 0.3921875 0.00625 0.009375
0 0.828125 0.41015625 0.0109375 0.0109375
0 0.546875 0.37109375 0.015625 0.015625
0 0.59453125 0.37734375 0.0109375 0.0109375
0 0.809375 0.4078125 0.0109375 0.0109375
0 0.74765625 0.4015625 0.009375 0.00625
0 0.82109375 0.41171875 0.0046875 0.0046875
0 0.7109375 0.39609375 0.009375 0.00625
0 0.7609375 0.403125 0.0109375 0.0109375
0 0.8 0.40859375 0.009375 0.00625
0 0.50859375 0.3703125 0.015625 0.015625
0 0.58671875 0.38125 0.015625 0.015625
0 0.70859375 0.3984375 0.00625 0.009375
0 0.72265625 0.4 0.00625 0.009375
0 0.57265625 0.38125 0.00625 0.009375
0 0.69375 0.3984375 0.0109375 0.0109375
0 0.703125 0.4 0.0109375 0.0109375
0 0.7125 0.4015625 0.0046875 0.0046875
0 0.7703125 0.409375 0.0109375 0.0109375
0 0.73359375 0.40390625 0.00625 0.009375
0 0.75078125 0.409375 0.0109375 0.0109375
0 0.58359375 0.3859375 0.0109375 0.0109375
0 0.7875 0.41640625 0.0109375 0.0109375
0 0.83828125 0.4234375 0.0109375 0.0109375
0 0.72109375 0.40703125 0.00625 0.009375
0 0.728125 0.40859375 0.0109375 0.0109375
0 0.74375 0.41015625 0.0109375 0.0109375
0 0.75703125 0.41484375 0.00625 0.009375
0 0.56484375 0.3875 0.0109375 0.015625
0 0.52578125 0.38203125 0.0109375 0.015625
0 0.58515625 0.39296875 0.0109375 0.0109375
0 0.709375 0.41015625 0.0046875 0.0046875
0 0.57578125 0.39375 0.015625 0.015625
0 0.73125 0.41796875 0.00625 0.009375
0 0.62734375 0.40625 0.0109375 0.015625
0 0.7375 0.42109375 0.0109375 0.0109375
0 0.53828125 0.39375 0.0109375 0.0109375
0 0.6046875 0.4046875 0.0109375 0.015625
0 0.553125 0.4 0.0109375 0.015625
0 0.61328125 0.40859375 0.0171875 0.0203125
0 0.72578125 0.42421875 0.0109375 0.0109375
0 0.58515625 0.409375 0.0125 0.0203125
0 0.59453125 0.4109375 0.0109375 0.015625
0 0.509375 0.40078125 0.0109375 0.0109375
0 0.54140625 0.40546875 0.015625 0.015625
0 0.74453125 0.43671875 0.0109375 0.015625
0 0.7265625 0.43671875 0.0109375 0.0109375
0 0.5015625 0.0375 0.0109375 0.0109375
0 0.521875 0.409375 0.0109375 0.0109375
0 0.8015625 0.45078125 0.0109375 0.015625
0 0.54453125 0.41484375 0.0125 0.0203125
0 0.83125 0.45703125 0.0109375 0.015625
0 0.55546875 0.41875 0.0109375 0.015625
0 0.83515625 0.46015625 0.0109375 0.0109375
0 0.63828125 0.4328125 0.015625 0.015625
0 0.82578125 0.459375 0.00625 0.009375
0 0.5234375 0.41875 0.0109375 0.015625
0 0.66328125 0.440625 0.015625 0.015625
0 0.5015625 0.4203125 0.0171875 0.0203125
0 0.6484375 0.44140625 0.0109375 0.0109375
0 0.53125 0.42734375 0.0109375 0.015625
0 0.84296875 0.4734375 0.0109375 0.0109375
0 0.86328125 0.47578125 0.0109375 0.0109375
0 0.65234375 0.44921875 0.0109375 0.015625
0 0.72578125 0.46171875 0.015625 0.015625
0 0.6359375 0.44921875 0.0171875 0.0203125
0 0.715625 0.46484375 0.0109375 0.015625
0 0.70390625 0.465625 0.015625 0.015625
0 0.85234375 0.48671875 0.0109375 0.015625
0 0.69453125 0.4640625 0.0109375 0.015625
0 0.565625 0.45078125 0.0171875 0.0203125
0 0.875 0.49453125 0.0109375 0.015625
0 0.58125 0.453125 0.0171875 0.0203125
0 0.79921875 0.48359375 0.0109375 0.0109375
0 0.7859375 0.48203125 0.0109375 0.015625
0 0.684375 0.46953125 0.0109375 0.015625
0 0.53125 0.4484375 0.0171875 0.0203125
0 0.640625 0.4640625 0.0171875 0.0203125
0 0.7453125 0.48125 0.015625 0.015625
0 0.72734375 0.478125 0.0171875 0.0203125
0 0.65390625 0.4703125 0.015625 0.015625
0 0.74609375 0.49296875 0.015625 0.015625
0 0.771875 0.4984375 0.0109375 0.0109375
0 0.58515625 0.47734375 0.015625 0.015625
0 0.6 0.48203125 0.015625 0.015625
0 0.56171875 0.478125 0.0171875 0.0203125
0 0.73984375 0.503125 0.0171875 0.0203125
0 0.775 0.51015625 0.021875 0.021875
0 0.7875 0.5140625 0.0109375 0.0109375
0 0.50625 0.475 0.0171875 0.0203125
0 0.82265625 0.51953125 0.0109375 0.015625
0 0.8484375 0.52734375 0.0109375 0.015625
0 0.8359375 0.52578125 0.0109375 0.015625
0 0.8 0.52578125 0.0109375 0.015625
0 0.75390625 0.521875 0.0171875 0.025
0 0.4828125 0.4859375 0.0171875 0.025
0 0.55625 0.49609375 0.0171875 0.0203125
0 0.4578125 0.03828125 0.00625 0.0140625
0 0.2390625 0.009375 0.00625 0.009375
0 0.2484375 0.0109375 0.00625 0.009375
0 0.28125 0.015625 0.0109375 0.0109375
0 0.42265625 0.03515625 0.0109375 0.0109375
0 0.3609375 0.0265625 0.015625 0.0109375
0 0.42734375 0.0359375 0.0109375 0.015625
0 0.59140625 0.52734375 0.0171875 0.0203125
0 0.27578125 0.48515625 0.0171875 0.025
0 0.53828125 0.52421875 0.0171875 0.0203125
0 0.728125 0.553125 0.0171875 0.0203125
0 0.6328125 0.53984375 0.021875 0.021875
0 0.26875 0.01640625 0.00625 0.0140625
0 0.484375 0.046875 0.0109375 0.0109375
0 0.290625 0.4921875 0.0109375 0.015625
0 0.44453125 0.51328125 0.0203125 0.0171875
0 0.7609375 0.5578125 0.015625 0.015625
0 0.825 0.56953125 0.0109375 0.0109375
0 0.5109375 0.525 0.0171875 0.0203125
0 0.571875 0.5359375 0.0171875 0.0203125
0 0.53515625 0.53359375 0.015625 0.015625
0 0.5484375 0.53515625 0.0171875 0.0203125
0 0.71796875 0.56171875 0.0171875 0.0203125
0 0.75703125 0.56875 0.015625 0.015625
0 0.4640625 0.52734375 0.0171875 0.0203125
0 0.34609375 0.02734375 0.00625 0.009375
0 0.20703125 0.0078125 0.0109375 0.0109375
0 0.34609375 0.5109375 0.0171875 0.0203125
0 0.52734375 0.5359375 0.021875 0.021875
0 0.646875 0.55546875 0.021875 0.0265625
0 0.3734375 0.5171875 0.015625 0.015625
0 0.4125 0.52265625 0.0171875 0.0203125
0 0.38515625 0.51875 0.0171875 0.0203125
0 0.43359375 0.525 0.0171875 0.025
0 0.32578125 0.5125 0.0171875 0.0203125
0 0.7109375 0.56640625 0.0125 0.0203125
0 0.42109375 0.52578125 0.0109375 0.015625
0 0.6828125 0.56484375 0.0171875 0.0203125
0 0.47109375 0.5375 0.015625 0.015625
0 0.5125 0.54375 0.021875 0.021875
0 0.24375 0.0125 0.00625 0.009375
0 0.31484375 0.02265625 0.0109375 0.015625
0 0.23359375 0.0140625 0.0109375 0.0109375
0 0.67265625 0.56640625 0.0109375 0.015625
0 0.75546875 0.5796875 0.0125 0.0203125
0 0.7203125 0.5796875 0.0171875 0.0203125
0 0.8046875 0.59140625 0.015625 0.015625
0 0.490625 0.55 0.0171875 0.0203125
0 0.30703125 0.02421875 0.0109375 0.0109375
0 0.3328125 0.02734375 0.015625 0.015625
0 0.45 0.04375 0.0109375 0.0109375
0 0.61875 0.57265625 0.021875 0.021875
0 0.60234375 0.5703125 0.0171875 0.0203125
0 0.521875 0.56171875 0.021875 0.021875
0 0.86015625 0.6140625 0.0125 0.0203125
0 0.8078125 0.60625 0.0171875 0.0203125
0 0.7640625 0.6 0.0171875 0.0203125
0 0.27265625 0.021875 0.00625 0.009375
0 0.4421875 0.0453125 0.0109375 0.015625
0 0.63515625 0.5890625 0.0171875 0.0203125
0 0.2796875 0.02265625 0.00625 0.0140625
0 0.57421875 0.5875 0.0171875 0.0203125
0 0.8703125 0.6296875 0.015625 0.015625
0 0.621875 0.596875 0.015625 0.015625
0 0.8296875 0.63046875 0.0171875 0.0203125
0 0.3921875 0.03828125 0.00625 0.009375
0 0.24765625 0.01796875 0.0109375 0.015625
0 0.3828125 0.03671875 0.015625 0.015625
0 0.4171875 0.04140625 0.0109375 0.0109375
0 0.4328125 0.04375 0.0109375 0.015625
0 0.9375 0.6484375 0.0109375 0.015625
0 0.6 0.60078125 0.0203125 0.0171875
0 0.91171875 0.64453125 0.015625 0.015625
0 0.5453125 0.5953125 0.021875 0.021875
0 0.5171875 0.59375 0.021875 0.021875
0 0.55625 0.59921875 0.015625 0.015625
0 0.58046875 0.60546875 0.021875 0.021875
0 0.46328125 0.05078125 0.015625 0.015625
0 0.20390625 0.0140625 0.00625 0.009375
0 0.21796875 0.01640625 0.00625 0.009375
0 0.3390625 0.03359375 0.0109375 0.015625
0 0.62421875 0.615625 0.021875 0.0265625
0 0.8125 0.64140625 0.0171875 0.0203125
0 0.6125 0.615625 0.0171875 0.0203125
0 0.48828125 0.5984375 0.015625 0.015625
0 0.55234375 0.6125 0.0171875 0.0203125
0 0.3046875 0.028125 0.0109375 0.015625
0 0.96875 0.6734375 0.0109375 0.015625
0 0.5625 0.6234375 0.021875 0.0265625
0 0.8125 0.65859375 0.021875 0.021875
0 0.60078125 0.62890625 0.0171875 0.025
0 0.49296875 0.615625 0.021875 0.021875
0 0.21015625 0.0171875 0.0046875 0.0046875
0 0.39609375 0.04375 0.015625 0.015625
0 0.96015625 0.68359375 0.015625 0.015625
0 0.22109375 0.01875 0.00625 0.009375
0 0.51328125 0.06015625 0.015625 0.015625
0 0.2921875 0.02890625 0.0109375 0.015625
0 0.58984375 0.64375 0.021875 0.0265625
0 0.96015625 0.6984375 0.015625 0.015625
0 0.86875 0.68984375 0.0171875 0.0203125
0 0.8546875 0.68828125 0.0171875 0.0203125
0 0.26015625 0.0265625 0.0109375 0.015625
0 0.659375 0.66015625 0.015625 0.015625
0 0.80859375 0.68359375 0.021875 0.0296875
0 0.50546875 0.6484375 0.021875 0.021875
0 0.34296875 0.03828125 0.00625 0.009375
0 0.2375 0.0234375 0.0109375 0.0109375
0 0.93828125 0.71171875 0.015625 0.015625
0 0.4125 0.6375 0.0171875 0.0203125
0 0.4671875 0.64765625 0.021875 0.0265625
0 0.878125 0.7078125 0.015625 0.015625
0 0.30625 0.6296875 0.021875 0.0296875
0 0.57890625 0.66953125 0.021875 0.021875
0 0.3453125 0.63671875 0.021875 0.0296875
0 0.51953125 0.6609375 0.0171875 0.0203125
0 0.6546875 0.68046875 0.0171875 0.0203125
0 0.34921875 0.04140625 0.0109375 0.0109375
0 0.6296875 0.6765625 0.0171875 0.025
0 0.55390625 0.66875 0.0125 0.025
0 0.375 0.64375 0.021875 0.0296875
0 0.484375 0.6609375 0.0171875 0.0203125
0 0.56015625 0.671875 0.0171875 0.025
0 0.31953125 0.63828125 0.0171875 0.0203125
0 0.284375 0.63515625 0.0171875 0.0296875
0 0.91015625 0.7234375 0.0109375 0.015625
0 0.403125 0.6546875 0.021875 0.0265625
0 0.884375 0.72421875 0.015625 0.015625
0 0.45546875 0.66640625 0.021875 0.021875
0 0.50625 0.6734375 0.021875 0.021875
0 0.9 0.72890625 0.015625 0.015625
0 0.42109375 0.6640625 0.021875 0.021875
0 0.93671875 0.7390625 0.0171875 0.0203125
0 0.2078125 0.021875 0.00625 0.009375
0 0.92265625 0.7390625 0.0171875 0.0203125
0 0.89609375 0.740625 0.0109375 0.015625
0 0.49296875 0.68359375 0.021875 0.0265625
0 0.58203125 0.69609375 0.0171875 0.0203125
0 0.4484375 0.684375 0.021875 0.021875
0 0.36328125 0.675 0.021875 0.0296875
0 0.57578125 0.70703125 0.021875 0.0265625
0 0.934375 0.7578125 0.0109375 0.015625
0 0.40625 0.6859375 0.021875 0.0265625
0 0.65390625 0.7203125 0.0171875 0.0203125
0 0.27734375 0.6671875 0.021875 0.0296875
0 0.215625 0.65859375 0.0171875 0.025
0 0.2609375 0.66796875 0.0265625 0.03125
0 0.1921875 0.6625 0.0171875 0.025
0 0.93828125 0.76953125 0.015625 0.015625
0 0.896875 0.77109375 0.0171875 0.0203125
0 0.94921875 0.78046875 0.0171875 0.0203125
0 0.76640625 0.76640625 0.0171875 0.0203125
0 0.93125 0.79609375 0.0171875 0.0203125
0 0.52421875 0.74140625 0.021875 0.0296875
0 0.31484375 0.71484375 0.021875 0.021875
0 0.19609375 0.7 0.021875 0.0296875
0 0.496875 0.75234375 0.021875 0.0265625
0 0.95078125 0.8203125 0.0171875 0.0203125
0 0.934375 0.81796875 0.0109375 0.015625
0 0.3125 0.73359375 0.0265625 0.03125
0 0.315625 0.046875 0.00625 0.009375
0 0.29453125 0.04609375 0.00625 0.009375
0 0.91015625 0.8421875 0.0171875 0.0203125
0 0.91875 0.85078125 0.0171875 0.025
0 0.58125 0.803125 0.0234375 0.034375
0 0.92578125 0.8609375 0.0171875 0.0203125
0 0.92734375 0.8828125 0.015625 0.015625
0 0.35390625 0.05859375 0.0109375 0.015625
0 0.91875 0.8953125 0.021875 0.021875
0 0.34453125 0.0578125 0.0109375 0.015625
0 0.43671875 0.8484375 0.0234375 0.034375
0 0.471875 0.8703125 0.0234375 0.034375
0 0.828125 0.1328125 0.00625 0.009375
0 0.74921875 0.12421875 0.00625 0.009375
0 0.7515625 0.12578125 0.0109375 0.0109375
0 0.78984375 0.13125 0.0046875 0.0046875
0 0.703125 0.11875 0.00625 0.009375
0 0.7078125 0.11953125 0.00625 0.009375
0 0.765625 0.128125 0.00625 0.009375
0 0.796875 0.13203125 0.0046875 0.0046875
0 0.77578125 0.1296875 0.0046875 0.0046875
0 0.75859375 0.1265625 0.00625 0.009375
0 0.7703125 0.128125 0.00625 0.009375
0 0.80390625 0.1359375 0.00625 0.009375