0 0.046875 0.48671875 0.0296875 0.0328125
0 0.52890625 0.475 0.0046875 0.009375
0 0.4890625 0.47734375 0.0046875 0.0046875
0 0.4828125 0.4796875 0.0046875 0.009375
0 0.525 0.47734375 0.0046875 0.0046875
0 0.48515625 0.4796875 0.0046875 0.0046875
0 0.49921875 0.48125 0.0046875 0.0046875
0 0.51796875 0.48046875 0.0046875 0.0046875
0 0.47109375 0.4828125 0.0046875 0.0046875
0 0.49453125 0.48359375 0.0046875 0.0046875
0 0.5296875 0.48203125 0.0046875 0.009375
0 0.48515625 0.484375 0.0046875 0.009375
0 0.4671875 0.48515625 0.0046875 0.009375
0 0.5109375 0.4828125 0.009375 0.009375
0 0.55703125 0.4828125 0.0046875 0.009375
0 0.4734375 0.4875 0.0046875 0.009375
0 0.5015625 0.4859375 0.0046875 0.009375
0 0.47109375 0.48984375 0.0046875 0.009375
0 0.51796875 0.4875 0.0046875 0.009375
0 0.53828125 0.4859375 0.0046875 0.009375
0 0.5203125 0.4875 0.0046875 0.009375
0 0.478125 0.49140625 0.0046875 0.009375
0 0.48984375 0.49140625 0.0046875 0.009375
0 0.57109375 0.48671875 0.0046875 0.0140625
0 0.5828125 0.4859375 0.0046875 0.009375
0 0.5640625 0.4875 0.0046875 0.009375
0 0.5984375 0.48515625 0.009375 0.009375
0 0.578125 0.4890625 0.009375 0.009375
0 0.48359375 0.49375 0.0046875 0.009375
0 0.4515625 0.4953125 0.009375 0.009375
0 0.54765625 0.490625 0.009375 0.0046875
0 0.5546875 0.48984375 0.0046875 0.009375
0 0.46953125 0.496875 0.0046875 0.0140625
0 0.5046875 0.4953125 0.009375 0.009375
0 0.534375 0.49375 0.009375 0.009375
0 0.5234375 0.49375 0.0046875 0.009375
0 0.5 0.49765625 0.009375 0.0140625
0 0.59296875 0.49296875 0.009375 0.0140625
0 0.4765625 0.49921875 0.0046875 0.009375
0 0.528125 0.4984375 0.009375 0.009375
0 0.48125 0.50078125 0.0046875 0.009375
0 0.5140625 0.49921875 0.0046875 0.009375
0 0.59921875 0.49453125 0.009375 0.009375
0 0.51875 0.49921875 0.0046875 0.009375
0 0.58125 0.4984375 0.009375 0.0140625
0 0.54609375 0.5 0.009375 0.0140625
0 0.490625 0.503125 0.009375 0.0140625
0 0.50703125 0.5046875 0.0046875 0.0140625
0 0.59453125 0.50234375 0.0046875 0.009375
0 0.53203125 0.50546875 0.009375 0.0140625
0 0.45234375 0.509375 0.0109375 0.01875
0 0.52421875 0.5078125 0.009375 0.0140625
0 0.5125 0.50859375 0.009375 0.0140625
0 0.6484375 0.5015625 0.009375 0.0140625
0 0.4640625 0.51328125 0.009375 0.0140625
0 0.4703125 0.51328125 0.009375 0.0140625
0 0.58203125 0.5078125 0.009375 0.009375
0 0.5609375 0.50859375 0.0046875 0.0140625
0 0.5515625 0.509375 0.009375 0.0140625
0 0.60703125 0.50625 0.009375 0.009375
0 0.59140625 0.50703125 0.009375 0.0140625
0 0.57734375 0.5125 0.009375 0.0140625
0 0.475 0.51796875 0.009375 0.0140625
0 0.484375 0.5171875 0.009375 0.0140625
0 0.6140625 0.5125 0.009375 0.0140625
0 0.26328125 0.53125 0.015625 0.028125
0 0.6328125 0.51171875 0.015625 0.01875
0 0.5375 0.5171875 0.009375 0.0140625
0 0.25390625 0.53671875 0.015625 0.01875
0 0.5109375 0.525 0.009375 0.0140625
0 0.5015625 0.52578125 0.015625 0.01875
0 0.72734375 0.5140625 0.0203125 0.0328125
0 0.371875 0.5328125 0.015625 0.028125
0 0.60546875 0.5203125 0.0109375 0.01875
0 0.23984375 0.54140625 0.0203125 0.025
0 0.7578125 0.51484375 0.015625 0.0328125
0 0.59453125 0.5234375 0.0109375 0.01875
0 0.42265625 0.5359375 0.0203125 0.0203125
0 0.65703125 0.52421875 0.01875 0.015625
0 0.53828125 0.53203125 0.015625 0.01875
0 0.39765625 0.53984375 0.015625 0.01875
0 0.5671875 0.5359375 0.009375 0.0140625
0 0.48125 0.5421875 0.015625 0.01875
0 0.096875 0.5625 0.034375 0.04375
0 0.78203125 0.52890625 0.0203125 0.0203125
0 0.79296875 0.528125 0.0203125 0.0296875
0 0.490625 0.54453125 0.01875 0.015625
0 0.6203125 0.5375 0.015625 0.01875
0 0.55546875 0.540625 0.015625 0.01875
0 0.5765625 0.53984375 0.015625 0.028125
0 0.16015625 0.5640625 0.0296875 0.0421875
0 0.86328125 0.5296875 0.0203125 0.0296875
0 0.9390625 0.52578125 0.025 0.0296875
0 0.590625 0.54375 0.015625 0.01875
0 0.63671875 0.54140625 0.015625 0.01875
0 0.13046875 0.5703125 0.0296875 0.0375
0 0.6578125 0.5421875 0.015625 0.028125
0 0.56953125 0.546875 0.009375 0.0140625
0 0.60625 0.5453125 0.0203125 0.0296875
0 0.5 0.55078125 0.015625 0.01875
0 0.29921875 0.5640625 0.025 0.0421875
0 0.44765625 0.55625 0.0203125 0.0203125
0 0.74296875 0.540625 0.0203125 0.0328125
0 0.909375 0.53203125 0.0296875 0.0328125
0 0.37109375 0.5625 0.025 0.0296875
0 0.3109375 0.565625 0.025 0.0328125
0 0.48671875 0.55625 0.0203125 0.0203125
0 0.41015625 0.5625 0.0203125 0.0203125
0 0.23046875 0.57421875 0.0296875 0.0328125
0 0.85859375 0.54140625 0.0296875 0.0296875
0 0.5421875 0.56015625 0.015625 0.0234375
0 0.5515625 0.56015625 0.0203125 0.0296875
0 0.52421875 0.56328125 0.0203125 0.0296875
0 0.56796875 0.56171875 0.015625 0.01875
0 0.8109375 0.5484375 0.0203125 0.0203125
0 0.725 0.55546875 0.025 0.0296875
0 0.2796875 0.57890625 0.025 0.0296875
0 0.59609375 0.5625 0.0203125 0.0296875
0 0.7875 0.55234375 0.025 0.0203125
0 0.47578125 0.57109375 0.015625 0.028125
0 0.66953125 0.5609375 0.025 0.0421875
0 0.5875 0.56484375 0.0203125 0.0296875
0 0.35546875 0.5796875 0.0203125 0.0296875
0 0.99140625 0.54609375 0.015625 0.0328125
0 0.50625 0.5765625 0.015625 0.028125
0 0.20390625 0.5921875 0.025 0.0296875
0 0.61953125 0.57265625 0.0203125 0.0328125
0 0.4296875 0.5828125 0.025 0.0328125
0 0.559375 0.57578125 0.0203125 0.025
0 0.65 0.5734375 0.025 0.0375
0 0.40546875 0.5890625 0.0203125 0.025
0 0.71484375 0.57265625 0.0296875 0.0296875
0 0.971875 0.559375 0.025 0.0296875
0 0.9203125 0.5640625 0.03125 0.046875
0 0.11640625 0.6109375 0.0296875 0.0328125
0 0.77578125 0.5765625 0.0296875 0.0296875
0 0.17421875 0.61015625 0.034375 0.0484375
0 0.3921875 0.6 0.025 0.0203125
0 0.2578125 0.60703125 0.025 0.0203125
0 0.83359375 0.57734375 0.034375 0.053125
0 0.37109375 0.60390625 0.025 0.0328125
0 0.32734375 0.60625 0.0265625 0.046875
0 0.7359375 0.584375 0.025 0.0328125
0 0.8609375 0.578125 0.03125 0.046875
0 0.8796875 0.5796875 0.0296875 0.0375
0 0.4734375 0.60078125 0.0203125 0.0203125
0 0.35 0.609375 0.025 0.0328125
0 0.946875 0.578125 0.034375 0.04375
0 0.5359375 0.6 0.0296875 0.0421875
0 0.71171875 0.59296875 0.0296875 0.0421875
0 0.45 0.61171875 0.025 0.0328125
0 0.97109375 0.5890625 0.0296875 0.0421875
0 0.21953125 0.628125 0.0390625 0.053125
0 0.5640625 0.6125 0.0203125 0.0328125
0 0.20078125 0.63125 0.0203125 0.0328125
0 0.1890625 0.634375 0.0265625 0.046875
0 0.2609375 0.6328125 0.025 0.0421875
0 0.39765625 0.628125 0.025 0.0421875
0 0.61484375 0.6171875 0.03125 0.0515625
0 0.9953125 0.60078125 0.009375 0.0609375
0 0.78203125 0.6125 0.03125 0.0515625
0 0.67734375 0.6203125 0.04375 0.0625
0 0.12578125 0.65859375 0.034375 0.04375
0 0.70625 0.628125 0.0203125 0.0375
0 0.02421875 0.66640625 0.034375 0.053125
0 0.8125 0.62734375 0.0390625 0.053125
0 0.48203125 0.64453125 0.05 0.0671875
0 0.096875 0.671875 0.025 0.025
0 0.24921875 0.67734375 0.053125 0.0625
0 0.071875 0.6890625 0.034375 0.0578125
0 0.45859375 0.678125 0.03125 0.046875
0 0.6484375 0.67265625 0.034375 0.04375
0 0.7453125 0.6703125 0.034375 0.0625
0 0.1078125 0.7203125 0.04375 0.0578125
0 0.44140625 0.70703125 0.0546875 0.0671875
0 0.52265625 0.703125 0.0390625 0.053125
0 0.03046875 0.7359375 0.040625 0.0765625
0 0.84453125 0.69765625 0.05 0.0859375
0 0.92265625 0.69765625 0.0546875 0.090625
0 0.5625 0.7234375 0.034375 0.053125
0 0.26015625 0.7484375 0.0546875 0.071875
0 0.96328125 0.74921875 0.040625 0.071875
0 0.721875 0.8359375 0.0765625 0.128125
0 0.896875 0.8640625 0.09375 0.125