0 0.14296875 0.046875 0.015625 0.0203125
0 0.37734375 0.021875 0.0171875 0.025
0 0.29921875 0.03046875 0.0125 0.025
0 0.00234375 0.159375 0.0046875 0.025
0 0.6140625 0.09453125 0.015625 0.015625
0 0.05 0.15625 0.021875 0.0296875
0 0.51953125 0.10703125 0.0171875 0.025
0 0.88046875 0.06875 0.015625 0.0203125
0 0.5671875 0.10390625 0.0203125 0.015625
0 0.24296875 0.140625 0.0265625 0.0296875
0 0.5828125 0.00625 0.021875 0.0125
0 0.22578125 0.14453125 0.025 0.021875
0 0.14453125 0.153125 0.015625 0.0203125
0 0.1796875 0.14921875 0.0265625 0.034375
0 0.35234375 0.13125 0.021875 0.0296875
0 0.665625 0.10078125 0.021875 0.025
0 0.6328125 0.10625 0.0171875 0.025
0 0.28125 0.14375 0.015625 0.0203125
0 0.359375 0.0265625 0.025 0.021875
0 0.55546875 0.121875 0.0171875 0.025
0 0.11875 0.16796875 0.021875 0.0296875
0 0.3203125 0.146875 0.0171875 0.025
0 0.265625 0.15234375 0.0171875 0.025
0 0.34140625 0.14453125 0.0125 0.025
0 0.41796875 0.13828125 0.0171875 0.0296875
0 0.5953125 0.1203125 0.021875 0.0296875
0 0.00390625 0.18203125 0.0078125 0.0203125
0 0.075 0.17734375 0.0171875 0.0328125
0 0.77109375 0.10859375 0.0203125 0.0203125
0 0.38671875 0.1515625 0.021875 0.0296875
0 0.49296875 0.13984375 0.021875 0.0296875
0 0.6703125 0.121875 0.021875 0.0296875
0 0.22109375 0.17109375 0.021875 0.025
0 0.85234375 0.1046875 0.021875 0.034375
0 0.534375 0.140625 0.021875 0.0390625
0 0.71875 0.12109375 0.0203125 0.0203125
0 0.490625 0.01484375 0.0203125 0.0203125
0 0.7375 0.12421875 0.0203125 0.0203125
0 0.88671875 0.1078125 0.021875 0.0296875
0 0.16953125 0.1859375 0.015625 0.0203125
0 0.39921875 0.1640625 0.0203125 0.0203125
0 0.15546875 0.18984375 0.0171875 0.0328125
0 0.27734375 0.17734375 0.021875 0.0296875
0 0.35625 0.1703125 0.021875 0.034375
0 0.31328125 0.03359375 0.0109375 0.0203125
0 0.77578125 0.13125 0.025 0.025
0 0.6078125 0.1484375 0.021875 0.025
0 0.48828125 0.1609375 0.015625 0.0203125
0 0.3125 0.18203125 0.0171875 0.025
0 0.93046875 0.11953125 0.021875 0.0296875
0 0.67265625 0.14609375 0.021875 0.025
0 0.1265625 0.20625 0.021875 0.0296875
0 0.23984375 0.19453125 0.0171875 0.025
0 0.646875 0.1515625 0.0265625 0.0296875
0 0.60703125 0.00703125 0.0171875 0.0140625
0 0.52109375 0.1671875 0.021875 0.0296875
0 0.7140625 0.146875 0.0265625 0.0296875
0 0.478125 0.17890625 0.015625 0.0203125
0 0.43203125 0.1859375 0.021875 0.0296875
0 0.46484375 0.1875 0.015625 0.015625
0 0.76171875 0.15625 0.0203125 0.0203125
0 0.00625 0.23515625 0.0125 0.0296875
0 0.21328125 0.0484375 0.0109375 0.0109375
0 0.29296875 0.21484375 0.021875 0.0296875
0 0.7 0.171875 0.0265625 0.034375
0 0.38515625 0.20703125 0.015625 0.0203125
0 0.68515625 0.178125 0.03125 0.034375
0 0.5421875 0.19296875 0.021875 0.0296875
0 0.34453125 0.21640625 0.0171875 0.0296875
0 0.18359375 0.2328125 0.021875 0.0390625
0 0.35625 0.21484375 0.021875 0.0296875
0 0.0640625 0.2484375 0.015625 0.0203125
0 0.17265625 0.2390625 0.03125 0.034375
0 0.51953125 0.20234375 0.021875 0.0296875
0 0.58671875 0.1953125 0.0265625 0.0296875
0 0.3984375 0.21796875 0.021875 0.0296875
0 0.51171875 0.0171875 0.015625 0.0203125
0 0.4421875 0.21796875 0.0171875 0.0296875
0 0.4703125 0.21484375 0.021875 0.034375
0 0.95625 0.16640625 0.0203125 0.0203125
0 0.853125 0.18359375 0.021875 0.0296875
0 0.6390625 0.21015625 0.0265625 0.0296875
0 0.5640625 0.2203125 0.021875 0.0296875
0 0.25390625 0.25546875 0.0265625 0.0296875
0 0.91640625 0.1859375 0.0109375 0.0203125
0 0.90703125 0.1890625 0.015625 0.0203125
0 0.746875 0.20859375 0.0171875 0.025
0 0.11796875 0.27734375 0.03125 0.034375
0 0.3046875 0.259375 0.0265625 0.034375
0 0.33671875 0.25625 0.021875 0.034375
0 0.721875 0.21796875 0.0171875 0.0296875
0 0.7078125 0.21953125 0.0171875 0.0296875
0 0.046875 0.07109375 0.0109375 0.0109375
0 0.634375 0.009375 0.015625 0.015625
0 0.27578125 0.046875 0.0265625 0.034375
0 0.5265625 0.24375 0.021875 0.0390625
0 0.6125 0.23671875 0.021875 0.034375
0 0.1828125 0.29609375 0.0265625 0.034375
0 0.5546875 0.2640625 0.021875 0.0296875
0 0.2484375 0.2984375 0.03125 0.03125
0 0.490625 0.27578125 0.021875 0.0296875
0 0.453125 0.28203125 0.021875 0.025
0 0.3984375 0.28984375 0.0265625 0.034375
0 0.35 0.04140625 0.021875 0.034375
0 0.41171875 0.03515625 0.021875 0.025
0 0.63671875 0.278125 0.0265625 0.0296875
0 0.365625 0.30703125 0.025 0.025
0 0.54140625 0.29296875 0.021875 0.0296875
0 0.22109375 0.05703125 0.015625 0.015625
0 0.20234375 0.059375 0.015625 0.0203125
0 0.1296875 0.33828125 0.0171875 0.025
0 0.9046875 0.25703125 0.021875 0.025
0 0.60546875 0.28828125 0.021875 0.025
0 0.78359375 0.27421875 0.021875 0.0296875
0 0.471875 0.03046875 0.0109375 0.0203125
0 0.49453125 0.309375 0.021875 0.025
0 0.46171875 0.31328125 0.021875 0.025
0 0.6765625 0.2953125 0.0171875 0.025
0 0.3375 0.33125 0.03125 0.03125
0 0.9640625 0.2671875 0.0171875 0.0328125
0 0.2140625 0.3484375 0.0265625 0.0390625
0 0.61796875 0.3109375 0.0234375 0.04375
0 0.44765625 0.32890625 0.0265625 0.034375
0 0.25625 0.3515625 0.0265625 0.0390625
0 0.503125 0.32734375 0.021875 0.0296875
0 0.6921875 0.3078125 0.0265625 0.034375
0 0.003125 0.08125 0.00625 0.025
0 0.384375 0.346875 0.0265625 0.034375
0 0.16640625 0.0671875 0.0203125 0.0203125
0 0.553125 0.33671875 0.021875 0.0390625
0 0.28046875 0.36484375 0.025 0.025
0 0.41015625 0.35546875 0.028125 0.04375
0 0.74453125 0.325 0.021875 0.034375
0 0.7140625 0.009375 0.015625 0.01875
0 0.6515625 0.015625 0.0109375 0.015625
0 0.1421875 0.390625 0.0265625 0.0296875
0 0.8671875 0.3171875 0.03125 0.03125
0 0.48828125 0.03515625 0.0109375 0.0203125
0 0.28125 0.390625 0.0265625 0.0296875
0 0.1921875 0.40234375 0.03125 0.034375
0 0.92890625 0.32421875 0.021875 0.0296875
0 0.328125 0.38984375 0.03125 0.0390625
0 0.6546875 0.36015625 0.0265625 0.0390625
0 0.73359375 0.3546875 0.021875 0.0296875
0 0.465625 0.03984375 0.0203125 0.0203125
0 0.59375 0.37890625 0.0328125 0.04375
0 0.36171875 0.40546875 0.0328125 0.053125
0 0.971875 0.34140625 0.0234375 0.04375
0 0.3734375 0.05 0.0203125 0.0203125
0 0.478125 0.40234375 0.021875 0.034375
0 0.20234375 0.4359375 0.0265625 0.0296875
0 0.4359375 0.0453125 0.0171875 0.0296875
0 0.640625 0.02421875 0.0203125 0.0203125
0 0.01015625 0.45859375 0.0203125 0.0390625
0 0.26015625 0.43203125 0.0265625 0.0390625
0 0.4328125 0.415625 0.028125 0.04375
0 0.525 0.4109375 0.03125 0.034375
0 0.678125 0.39921875 0.028125 0.04375
0 0.64453125 0.4078125 0.03125 0.0390625
0 0.709375 0.403125 0.021875 0.034375
0 0.18125 0.03515625 0.015625 0.0109375
0 0.05625 0.08828125 0.015625 0.0203125
0 0.4671875 0.43125 0.021875 0.034375
0 0.79140625 0.396875 0.021875 0.0390625
0 0.053125 0.47734375 0.0265625 0.0390625
0 0.23515625 0.4625 0.021875 0.034375
0 0.11328125 0.08203125 0.00625 0.01875
0 0.53984375 0.43515625 0.0265625 0.034375
0 0.9609375 0.39609375 0.03125 0.03125
0 0.40078125 0.45703125 0.0265625 0.0390625
0 0.03828125 0.0921875 0.015625 0.0203125
0 0.60078125 0.440625 0.028125 0.04375
0 0.44921875 0.45703125 0.0265625 0.034375
0 0.2875 0.47578125 0.0265625 0.034375
0 0.5359375 0.03984375 0.021875 0.025
0 0.74453125 0.4375 0.0265625 0.034375
0 0.940625 0.41640625 0.0328125 0.04375
0 0.709375 0.45 0.0328125 0.0484375
0 0.61171875 0.46015625 0.0234375 0.04375
0 0.09296875 0.521875 0.0265625 0.0390625
0 0.321875 0.06484375 0.015625 0.0203125
0 0.78671875 0.4625 0.03125 0.0390625
0 0.678125 0.0296875 0.0171875 0.025
0 0.2546875 0.07421875 0.021875 0.025
0 0.340625 0.06484375 0.021875 0.025
0 0.24453125 0.53125 0.028125 0.04375
0 0.4109375 0.51875 0.0265625 0.034375
0 0.390625 0.06015625 0.0171875 0.025
0 0.21640625 0.078125 0.021875 0.025
0 0.55390625 0.0453125 0.0171875 0.0296875
0 0.7328125 0.50625 0.0265625 0.0390625
0 0.48046875 0.00703125 0.0109375 0.0140625
0 0.00859375 0.05625 0.015625 0.015625
0 0.9875 0.4828125 0.025 0.04375
0 0.56796875 0.52734375 0.03125 0.0390625
0 0.3609375 0.5515625 0.021875 0.0296875
0 0.2 0.56875 0.0328125 0.04375
0 0.46953125 0.53984375 0.0265625 0.034375
0 0.2375 0.57421875 0.0328125 0.04375
0 0.66171875 0.5390625 0.021875 0.0390625
0 0.05 0.1 0.015625 0.0203125
0 0.64140625 0.540625 0.021875 0.0296875
0 0.93671875 0.5125 0.0359375 0.04375
0 0.39765625 0.56875 0.0328125 0.04375
0 0.1796875 0.59921875 0.0171875 0.0296875
0 0.3109375 0.5875 0.0265625 0.0390625
0 0.71171875 0.0328125 0.021875 0.025
0 0.875 0.54453125 0.0265625 0.0390625
0 0.61015625 0.575 0.0359375 0.04375
0 0.17109375 0.0921875 0.021875 0.0296875
0 0.284375 0.6140625 0.040625 0.0453125
0 0.64140625 0.5828125 0.028125 0.04375
0 0.540625 0.5953125 0.0328125 0.04375
0 0.76953125 0.0296875 0.021875 0.0296875
0 0.89375 0.56796875 0.0328125 0.04375
0 0.52109375 0.609375 0.040625 0.05
0 0.27734375 0.08359375 0.015625 0.0203125
0 0.31953125 0.6421875 0.0328125 0.053125
0 0.47265625 0.06328125 0.0109375 0.015625
0 0.60390625 0.04921875 0.0171875 0.0296875
0 0.6265625 0.6171875 0.0265625 0.034375
0 0.25546875 0.65859375 0.040625 0.05
0 0.4203125 0.64375 0.0265625 0.0296875
0 0.125 0.6765625 0.0328125 0.0484375
0 0.6 0.6296875 0.0265625 0.034375
0 0.55625 0.003125 0.015625 0.00625
0 0.69296875 0.63125 0.03125 0.03125
0 0.08125 0.69765625 0.03125 0.0390625
0 0.9609375 0.6078125 0.0234375 0.053125
0 0.89609375 0.61484375 0.0265625 0.0390625
0 0.334375 0.675 0.0359375 0.04375
0 0.14140625 0.10234375 0.0171875 0.0296875
0 0.63515625 0.6578125 0.0265625 0.0296875
0 0.76875 0.64609375 0.0359375 0.040625
0 0.45390625 0.67890625 0.0359375 0.04375
0 0.7328125 0.65 0.0265625 0.0390625
0 0.36640625 0.69296875 0.0328125 0.04375
0 0.6109375 0.6671875 0.0265625 0.0390625
0 0.6890625 0.66171875 0.0328125 0.04375
0 0.44140625 0.0734375 0.015625 0.0203125
0 0.328125 0.08515625 0.0203125 0.0203125
0 0.996875 0.6625 0.00625 0.053125
0 0.3609375 0.084375 0.015625 0.0203125
0 0.90234375 0.6765625 0.0328125 0.04375
0 0.40234375 0.0796875 0.0203125 0.0203125
0 0.38203125 0.084375 0.021875 0.025
0 0.72265625 0.71640625 0.0265625 0.0390625
0 0.953125 0.6921875 0.028125 0.04375
0 0.12890625 0.11328125 0.0171875 0.025
0 0.2328125 0.10234375 0.0203125 0.0203125
0 0.434375 0.08125 0.0203125 0.015625
0 0.42578125 0.78515625 0.028125 0.0484375
0 0.35 0.79921875 0.0328125 0.053125
0 0.29296875 0.81015625 0.0421875 0.0546875
0 0.921875 0.74609375 0.0359375 0.04375
0 0.55859375 0.7890625 0.0328125 0.04375
0 0.490625 0.0796875 0.021875 0.025
0 0.74765625 0.7953125 0.0375 0.053125
0 0.3015625 0.10234375 0.0171875 0.025
0 0.9390625 0.7796875 0.0328125 0.04375
0 0.90234375 0.7859375 0.0328125 0.04375
0 0.21484375 0.865625 0.0375 0.0578125
0 0.721875 0.81484375 0.0359375 0.040625
0 0.50546875 0.8421875 0.0375 0.053125
0 0.25625 0.109375 0.021875 0.025
0 0.05 0.05390625 0.015625 0.0203125
0 0.078125 0.05078125 0.015625 0.0203125
0 0.81640625 0.82734375 0.0359375 0.04375
0 0.58125 0.8546875 0.03125 0.034375
0 0.49140625 0.878125 0.0421875 0.059375
0 0.09296875 0.12890625 0.015625 0.0203125
0 0.01015625 0.13671875 0.0203125 0.0296875
0 0.59296875 0.8765625 0.040625 0.0359375
0 0.09921875 0.93828125 0.03125 0.03125
0 0.5671875 0.08125 0.021875 0.025
0 0.284375 0.1109375 0.0171875 0.025
0 0.5078125 0.08984375 0.0203125 0.0203125
0 0.2296875 0.1203125 0.015625 0.0203125
0 0.1125 0.05 0.021875 0.025
0 0.41015625 0.01640625 0.015625 0.0203125
0 0.76171875 0.0671875 0.0171875 0.025
0 0.77578125 0.065625 0.021875 0.025
0 0.43515625 0.10625 0.021875 0.025
0 0.3875 0.11328125 0.021875 0.025