0 0.13046875 0.42265625 0.0296875 0.0453125
0 0.7953125 0.54296875 0.0234375 0.034375
0 0.57265625 0.5171875 0.0171875 0.025
0 0.8109375 0.56171875 0.0234375 0.03125
0 0.0265625 0.428125 0.01875 0.034375
0 0.30859375 0.478125 0.025 0.0390625
0 0.71015625 0.54921875 0.025 0.0390625
0 0.609375 0.53359375 0.01875 0.0296875
0 0.48828125 0.5125 0.01875 0.0296875
0 0.95078125 0.59609375 0.0296875 0.0453125
0 0.540625 0.5234375 0.0234375 0.03125
0 0.43984375 0.50859375 0.021875 0.0265625
0 0.6765625 0.55 0.0125 0.0203125
0 0.12734375 0.45546875 0.0078125 0.01875
0 0.04453125 0.44140625 0.0171875 0.0203125
0 0.28046875 0.4828125 0.0171875 0.025
0 0.359375 0.496875 0.0296875 0.040625
0 0.82734375 0.57890625 0.0125 0.0203125
0 0.87734375 0.58828125 0.01875 0.0296875
0 0.25703125 0.48125 0.0078125 0.0140625
0 0.653125 0.55078125 0.0109375 0.015625
0 0.071875 0.4484375 0.0109375 0.0109375
0 0.090625 0.4515625 0.0109375 0.015625
0 0.33671875 0.4953125 0.0125 0.0203125
0 0.58046875 0.53828125 0.0171875 0.025
0 0.89296875 0.59296875 0.0171875 0.0203125
0 0.73046875 0.56640625 0.0140625 0.0328125
0 0.821875 0.5828125 0.0125 0.0203125
0 0.2171875 0.47890625 0.0171875 0.0203125
0 0.16171875 0.46875 0.0109375 0.015625
0 0.078125 0.45390625 0.0078125 0.01875
0 0.84375 0.5890625 0.0140625 0.025
0 0.9234375 0.603125 0.0234375 0.034375
0 0.2296875 0.48359375 0.0125 0.0203125
0 0.37421875 0.50859375 0.01875 0.0296875
0 0.38984375 0.51171875 0.0078125 0.0140625
0 0.68359375 0.56328125 0.0171875 0.0203125
0 0.0296875 0.4484375 0.0140625 0.025
0 0.42890625 0.51796875 0.0125 0.0203125
0 0.85234375 0.59296875 0.0125 0.0203125
0 0.2625 0.4890625 0.0078125 0.01875
0 0.4015625 0.51484375 0.0078125 0.01875
0 0.41015625 0.51640625 0.0078125 0.0140625
0 0.69765625 0.5671875 0.0125 0.0203125
0 0.34375 0.5046875 0.0125 0.0203125
0 0.6359375 0.55625 0.01875 0.0296875
0 0.6609375 0.5609375 0.0125 0.0203125
0 0.14765625 0.47265625 0.0171875 0.025
0 0.4234375 0.52109375 0.0078125 0.0140625
0 0.453125 0.5265625 0.00625 0.009375
0 0.05859375 0.45703125 0.0140625 0.0328125
0 0.975 0.61875 0.0203125 0.04375
0 0.1796875 0.478125 0.0171875 0.025
0 0.0703125 0.459375 0.0109375 0.015625
0 0.7421875 0.57734375 0.01875 0.0296875
0 0.32265625 0.50625 0.00625 0.009375
0 0.90625 0.60859375 0.0125 0.0203125
0 0.221875 0.48828125 0.0125 0.0203125
0 0.4046875 0.5203125 0.0078125 0.0140625
0 0.41796875 0.52265625 0.0078125 0.0140625
0 0.190625 0.4828125 0.0296875 0.040625
0 0.5078125 0.53828125 0.00625 0.009375
0 0.590625 0.55546875 0.0109375 0.015625
0 0.75546875 0.584375 0.0109375 0.015625
0 0.459375 0.5328125 0.00625 0.009375
0 0.5953125 0.55625 0.00625 0.009375
0 0.06484375 0.46328125 0.0125 0.0203125
0 0.50234375 0.53984375 0.00625 0.009375
0 0.490625 0.540625 0.00625 0.009375
0 0.53359375 0.54765625 0.0046875 0.0046875
0 0.15703125 0.48125 0.0171875 0.0203125
0 0.52265625 0.5484375 0.00625 0.009375
0 0.5265625 0.54921875 0.0046875 0.0046875