0 0.396875 0.42421875 0.015625 0.015625
0 0.4375 0.434375 0.00625 0.009375
0 0.3203125 0.44921875 0.0109375 0.0109375
0 0.63125 0.41640625 0.015625 0.0203125
0 0.33046875 0.4546875 0.0109375 0.0203125
0 0.4015625 0.45234375 0.0109375 0.015625
0 0.28984375 0.47109375 0.00625 0.0140625
0 0.38671875 0.4609375 0.0109375 0.015625
0 0.50390625 0.45078125 0.0109375 0.0109375
0 0.3609375 0.465625 0.0109375 0.015625
0 0.378125 0.46640625 0.00625 0.0140625
0 0.3140625 0.478125 0.0109375 0.015625
0 0.465625 0.4640625 0.0109375 0.015625
0 0.42421875 0.46875 0.0109375 0.015625
0 0.59921875 0.45 0.015625 0.015625
0 0.5375 0.459375 0.015625 0.015625
0 0.36484375 0.47734375 0.0109375 0.0203125
0 0.565625 0.45625 0.0109375 0.0203125
0 0.634375 0.4515625 0.0171875 0.025
0 0.45078125 0.4703125 0.015625 0.015625
0 0.30078125 0.4890625 0.015625 0.0203125
0 0.3359375 0.48515625 0.0109375 0.015625
0 0.384375 0.48359375 0.0109375 0.0203125
0 0.353125 0.496875 0.0109375 0.0203125
0 0.21796875 0.51328125 0.0203125 0.015625
0 0.6828125 0.4640625 0.0171875 0.025
0 0.58125 0.475 0.015625 0.0203125
0 0.746875 0.46015625 0.0171875 0.025
0 0.40234375 0.49609375 0.015625 0.0203125
0 0.45234375 0.490625 0.0171875 0.025
0 0.59765625 0.48046875 0.0109375 0.0203125
0 0.46875 0.49375 0.0109375 0.0203125
0 0.5375 0.48671875 0.0171875 0.025
0 0.55390625 0.48515625 0.015625 0.0203125
0 0.24375 0.51953125 0.015625 0.015625
0 0.15859375 0.53125 0.015625 0.0203125
0 0.2046875 0.5265625 0.015625 0.015625
0 0.17734375 0.53125 0.021875 0.025
0 0.15 0.53671875 0.015625 0.0203125
0 0.52109375 0.49765625 0.015625 0.0203125
0 0.56953125 0.49296875 0.0171875 0.0296875
0 0.7140625 0.47734375 0.015625 0.0203125
0 0.2953125 0.52421875 0.021875 0.025
0 0.33671875 0.51953125 0.0171875 0.025
0 0.3734375 0.515625 0.0171875 0.025
0 0.26328125 0.5296875 0.0171875 0.0296875
0 0.275 0.528125 0.015625 0.0203125
0 0.41015625 0.5140625 0.015625 0.015625
0 0.18984375 0.53984375 0.0171875 0.025
0 0.1328125 0.54765625 0.0125 0.025
0 0.49609375 0.51015625 0.0171875 0.025
0 0.4734375 0.51484375 0.015625 0.0203125
0 0.209375 0.5421875 0.015625 0.0203125
0 0.43203125 0.51875 0.015625 0.0203125
0 0.63984375 0.49921875 0.0171875 0.025
0 0.3609375 0.52890625 0.015625 0.0203125
0 0.30625 0.5390625 0.0171875 0.0296875
0 0.89140625 0.47734375 0.015625 0.0203125
0 0.165625 0.55625 0.0109375 0.0203125
0 0.23515625 0.54921875 0.0203125 0.0203125
0 0.69765625 0.50078125 0.0109375 0.0203125
0 0.14609375 0.5609375 0.021875 0.0296875
0 0.7578125 0.49609375 0.015625 0.0203125
0 0.115625 0.56640625 0.015625 0.0203125
0 0.66796875 0.50859375 0.015625 0.0203125
0 0.60859375 0.51484375 0.0203125 0.0203125
0 0.8546875 0.490625 0.0171875 0.0296875
0 0.2703125 0.55234375 0.021875 0.0296875
0 0.3953125 0.54140625 0.0171875 0.0296875
0 0.71328125 0.50859375 0.0171875 0.0296875
0 0.73046875 0.50625 0.0171875 0.025
0 0.38125 0.546875 0.021875 0.0296875
0 0.80078125 0.503125 0.0171875 0.0296875
0 0.96484375 0.48828125 0.0125 0.0296875
0 0.55234375 0.53125 0.021875 0.0390625
0 0.81484375 0.50390625 0.0171875 0.0296875
0 0.7640625 0.51171875 0.0171875 0.0328125
0 0.465625 0.5453125 0.021875 0.0296875
0 0.5203125 0.53984375 0.015625 0.0203125
0 0.2328125 0.571875 0.015625 0.0203125
0 0.94453125 0.49765625 0.0203125 0.0203125
0 0.59921875 0.5359375 0.0109375 0.0203125
0 0.5046875 0.54609375 0.0171875 0.025
0 0.20546875 0.57734375 0.0109375 0.0203125
0 0.25859375 0.571875 0.015625 0.0203125
0 0.909375 0.503125 0.021875 0.0296875
0 0.15546875 0.58515625 0.0171875 0.025
0 0.42421875 0.55703125 0.0171875 0.025
0 0.1203125 0.58828125 0.0171875 0.0296875
0 0.67734375 0.5296875 0.0203125 0.0203125
0 0.7859375 0.51875 0.015625 0.0203125
0 0.13203125 0.5875 0.0171875 0.025
0 0.3046875 0.571875 0.0203125 0.0203125
0 0.39765625 0.5640625 0.021875 0.025
0 0.190625 0.58828125 0.0171875 0.0296875
0 0.3515625 0.5734375 0.0265625 0.034375
0 0.26640625 0.5828125 0.021875 0.0296875
0 0.29140625 0.5796875 0.0171875 0.0296875
0 0.6875 0.53828125 0.015625 0.0203125
0 0.94375 0.5140625 0.021875 0.0296875
0 0.48125 0.56484375 0.0125 0.025
0 0.540625 0.55859375 0.0171875 0.025
0 0.44921875 0.5703125 0.021875 0.0296875
0 0.928125 0.52265625 0.0203125 0.0203125
0 0.74453125 0.54453125 0.021875 0.0296875
0 0.51875 0.56796875 0.021875 0.034375
0 0.65546875 0.55625 0.021875 0.0296875
0 0.7609375 0.54453125 0.015625 0.0203125
0 0.23359375 0.60234375 0.015625 0.0203125
0 0.2453125 0.6015625 0.015625 0.0203125
0 0.61328125 0.56484375 0.021875 0.0390625
0 0.13046875 0.615625 0.0171875 0.0296875
0 0.20234375 0.6109375 0.015625 0.0203125
0 0.32890625 0.59765625 0.021875 0.0296875
0 0.43671875 0.5859375 0.021875 0.034375
0 0.67578125 0.5609375 0.0203125 0.0203125
0 0.1140625 0.61953125 0.0109375 0.0203125
0 0.38828125 0.59140625 0.0171875 0.0328125
0 0.6328125 0.565625 0.021875 0.034375
0 0.34765625 0.59765625 0.0265625 0.034375
0 0.4921875 0.5828125 0.0171875 0.0375
0 0.56875 0.5765625 0.021875 0.0296875
0 0.821875 0.55 0.021875 0.0296875
0 0.21875 0.61328125 0.0171875 0.0296875
0 0.41484375 0.5953125 0.021875 0.0390625
0 0.5921875 0.5765625 0.0234375 0.04375
0 0.2625 0.61171875 0.0171875 0.0296875
0 0.315625 0.60546875 0.0203125 0.0203125
0 0.3734375 0.60234375 0.0171875 0.0375
0 0.46796875 0.5921875 0.0125 0.0296875
0 0.79921875 0.55703125 0.0171875 0.0296875
0 0.81328125 0.55625 0.015625 0.0203125
0 0.78828125 0.56328125 0.021875 0.0390625
0 0.85078125 0.5578125 0.0265625 0.0390625
0 0.728125 0.57109375 0.021875 0.0296875
0 0.15546875 0.63125 0.021875 0.0390625
0 0.196875 0.62890625 0.0203125 0.015625
0 0.99453125 0.5453125 0.0109375 0.025
0 0.715625 0.575 0.021875 0.0296875
0 0.03203125 0.64921875 0.0234375 0.053125
0 0.44375 0.60546875 0.0265625 0.0390625
0 0.64375 0.584375 0.021875 0.0296875
0 0.69453125 0.5796875 0.021875 0.034375
0 0.171875 0.634375 0.021875 0.0390625
0 0.67109375 0.58203125 0.0203125 0.0203125
0 0.35859375 0.61953125 0.021875 0.0390625
0 0.025 0.6546875 0.0296875 0.0671875
0 0.77109375 0.578125 0.0265625 0.0390625
0 0.53203125 0.603125 0.0171875 0.0328125
0 0.753125 0.58046875 0.0265625 0.034375
0 0.875 0.56953125 0.021875 0.0390625
0 0.9765625 0.559375 0.0234375 0.053125
0 0.13125 0.64765625 0.021875 0.0296875
0 0.29921875 0.6328125 0.021875 0.034375
0 0.2765625 0.63515625 0.021875 0.0296875
0 0.55546875 0.60546875 0.021875 0.0390625
0 0.21484375 0.64375 0.021875 0.034375
0 0.18046875 0.65 0.0265625 0.0390625
0 0.3875 0.628125 0.0265625 0.0390625
0 0.84375 0.58046875 0.021875 0.0296875
0 0.2359375 0.64609375 0.0234375 0.0484375
0 0.12109375 0.65859375 0.021875 0.0296875
0 0.25 0.6453125 0.0171875 0.0328125
0 0.26640625 0.64296875 0.0171875 0.025
0 0.9359375 0.575 0.0265625 0.034375
0 0.4 0.63125 0.0171875 0.0375
0 0.67109375 0.603125 0.025 0.025
0 0.7453125 0.59765625 0.021875 0.034375
0 0.2046875 0.6546875 0.0265625 0.034375
0 0.33125 0.64375 0.028125 0.0484375
0 0.9625 0.5796875 0.028125 0.04375
0 0.45390625 0.63515625 0.0265625 0.034375
0 0.83359375 0.5953125 0.0265625 0.034375
0 0.7140625 0.61015625 0.0265625 0.0390625
0 0.92890625 0.59453125 0.03125 0.0390625
0 0.478125 0.64453125 0.03125 0.03125
0 0.89296875 0.60546875 0.0265625 0.0390625
0 0.5203125 0.64921875 0.021875 0.0296875
0 0.28828125 0.67421875 0.025 0.021875
0 0.62109375 0.6390625 0.03125 0.03125
0 0.671875 0.6359375 0.0359375 0.0484375
0 0.81484375 0.62109375 0.0265625 0.0296875
0 0.36640625 0.6703125 0.0265625 0.0296875
0 0.45625 0.6625 0.025 0.021875
0 0.5859375 0.64921875 0.0265625 0.034375
0 0.2609375 0.6828125 0.0265625 0.0390625
0 0.2984375 0.68359375 0.025 0.025
0 0.51015625 0.66171875 0.0265625 0.0296875
0 0.78203125 0.63515625 0.03125 0.034375
0 0.55390625 0.66171875 0.021875 0.0296875
0 0.8671875 0.62890625 0.03125 0.034375
0 0.06171875 0.715625 0.040625 0.040625
0 0.990625 0.6171875 0.01875 0.04375
0 0.71640625 0.6515625 0.0375 0.053125
0 0.3578125 0.69375 0.03125 0.0390625
0 0.84140625 0.64296875 0.0265625 0.034375
0 0.48671875 0.68046875 0.03125 0.0390625
0 0.75546875 0.65234375 0.028125 0.04375
0 0.0359375 0.73046875 0.0328125 0.0484375
0 0.4109375 0.69296875 0.0421875 0.0546875
0 0.69453125 0.665625 0.0328125 0.04375
0 0.5078125 0.6875 0.0265625 0.0390625
0 0.28984375 0.71328125 0.040625 0.0453125
0 0.646875 0.67578125 0.0234375 0.04375
0 0.6234375 0.6828125 0.03125 0.0390625
0 0.4515625 0.70546875 0.04375 0.06875
0 0.771875 0.67421875 0.028125 0.053125
0 0.66875 0.68515625 0.0328125 0.04375
0 0.5671875 0.6953125 0.0328125 0.04375
0 0.94453125 0.65625 0.0375 0.053125
0 0.5953125 0.6953125 0.0359375 0.0484375
0 0.80625 0.67265625 0.0328125 0.04375
0 0.18515625 0.740625 0.0453125 0.0453125
0 0.5453125 0.7046875 0.0375 0.0625
0 0.97578125 0.66171875 0.0359375 0.0484375
0 0.51640625 0.7234375 0.03125 0.034375
0 0.82265625 0.69140625 0.03125 0.0390625
0 0.86015625 0.68984375 0.040625 0.0359375
0 0.72890625 0.70625 0.0265625 0.0296875
0 0.1625 0.76796875 0.0328125 0.04375
0 0.103125 0.7765625 0.0421875 0.0546875
0 0.23203125 0.76328125 0.0359375 0.040625
0 0.35234375 0.7578125 0.0375 0.0625
0 0.6390625 0.73671875 0.0375 0.0578125
0 0.29375 0.7734375 0.046875 0.059375
0 0.07265625 0.7984375 0.03125 0.034375
0 0.18984375 0.7859375 0.0328125 0.04375
0 0.3953125 0.7671875 0.0375 0.0625
0 0.33359375 0.778125 0.028125 0.053125
0 0.9796875 0.71015625 0.040625 0.0640625
0 0.43984375 0.771875 0.0359375 0.04375
0 0.2171875 0.79765625 0.046875 0.0640625
0 0.6046875 0.76171875 0.046875 0.0640625
0 0.946875 0.72578125 0.0328125 0.04375
0 0.25234375 0.8078125 0.053125 0.06875
0 0.046875 0.8359375 0.0359375 0.0859375
0 0.1734375 0.825 0.05625 0.0609375
0 0.08671875 0.84140625 0.053125 0.06875
0 0.13984375 0.840625 0.0421875 0.0640625
0 0.74921875 0.78359375 0.04375 0.0734375
0 0.5140625 0.81015625 0.046875 0.0640625
0 0.328125 0.83671875 0.040625 0.05
0 0.46875 0.821875 0.053125 0.078125
0 0.98046875 0.77109375 0.0359375 0.0484375
0 0.9890625 0.76875 0.021875 0.06875
0 0.8 0.80390625 0.0390625 0.0765625
0 0.89921875 0.7984375 0.0484375 0.078125
0 0.6 0.83203125 0.0578125 0.0703125
0 0.35234375 0.86640625 0.053125 0.0734375
0 0.53046875 0.8546875 0.0515625 0.0546875
0 0.38515625 0.87265625 0.04375 0.0734375
0 0.74140625 0.84921875 0.0484375 0.06875
0 0.30625 0.91171875 0.04375 0.0734375
0 0.078125 0.940625 0.0609375 0.0984375
0 0.5625 0.89140625 0.0578125 0.0703125
0 0.27265625 0.93125 0.059375 0.0890625
0 0.71328125 0.89140625 0.0546875 0.0875
0 0.11953125 0.95390625 0.05 0.0875
0 0.6375 0.9015625 0.0640625 0.084375
0 0.87109375 0.884375 0.065625 0.0984375
0 0.44921875 0.94296875 0.0671875 0.0703125
0 0.97734375 0.88828125 0.0453125 0.1015625
0 0.58125 0.94921875 0.0640625 0.09375
0 0.35703125 0.97578125 0.0703125 0.0484375
0 0.4953125 0.971875 0.065625 0.05625
0 0.74140625 0.95859375 0.06875 0.04375