0 0.85546875 0.8859375 0.1546875 0.228125
0 0.9859375 0.33046875 0.0203125 0.025
0 0.83125 0.321875 0.015625 0.0203125
0 0.96328125 0.33359375 0.0203125 0.025
0 0.72734375 0.321875 0.015625 0.0203125
0 0.89765625 0.33984375 0.0203125 0.0203125
0 0.940625 0.3453125 0.0109375 0.0140625
0 0.58125 0.3140625 0.00625 0.009375
0 0.70078125 0.32734375 0.015625 0.0203125
0 0.73984375 0.33046875 0.0109375 0.0140625
0 0.92421875 0.346875 0.015625 0.015625
0 0.6640625 0.3234375 0.015625 0.015625
0 0.57421875 0.31796875 0.0109375 0.0109375
0 0.384375 0.30625 0.0140625 0.0109375
0 0.6171875 0.3265625 0.015625 0.0203125
0 0.63828125 0.32890625 0.015625 0.025
0 0.428125 0.3125 0.015625 0.0203125
0 0.47890625 0.3171875 0.015625 0.015625
0 0.51328125 0.32265625 0.0265625 0.0296875
0 0.73046875 0.34375 0.015625 0.015625
0 0.390625 0.3140625 0.015625 0.015625
0 0.40703125 0.315625 0.015625 0.0203125
0 0.1921875 0.29921875 0.0109375 0.0109375
0 0.18515625 0.2984375 0.0109375 0.0140625
0 0.1734375 0.3 0.00625 0.009375
0 0.565625 0.33359375 0.0109375 0.01875
0 0.740625 0.34921875 0.015625 0.015625
0 0.328125 0.31328125 0.015625 0.015625
0 0.5890625 0.3359375 0.015625 0.015625
0 0.3375 0.31640625 0.015625 0.015625
0 0.8234375 0.35859375 0.015625 0.015625
0 0.8671875 0.36484375 0.0203125 0.0203125
0 0.70390625 0.35078125 0.015625 0.0203125
0 0.203125 0.309375 0.0109375 0.0140625
0 0.91796875 0.371875 0.0359375 0.04375
0 0.6578125 0.34921875 0.0296875 0.0265625
0 0.94296875 0.3765625 0.0265625 0.034375
0 0.290625 0.31953125 0.015625 0.0203125
0 0.48359375 0.3359375 0.0109375 0.0140625
0 0.6265625 0.3484375 0.021875 0.0296875
0 0.24140625 0.31953125 0.015625 0.015625
0 0.49296875 0.34140625 0.015625 0.015625
0 0.11875 0.309375 0.0109375 0.0140625
0 0.4328125 0.33828125 0.015625 0.0203125
0 0.81328125 0.3734375 0.015625 0.025
0 0.109375 0.3125 0.0109375 0.0109375
0 0.76484375 0.36953125 0.0203125 0.025
0 0.34765625 0.3328125 0.0109375 0.0109375
0 0.05625 0.3078125 0.0109375 0.0109375
0 0.79609375 0.37421875 0.03125 0.04375
0 0.69765625 0.365625 0.015625 0.025
0 0.13515625 0.31640625 0.0109375 0.0109375
0 0.3125 0.33203125 0.015625 0.0203125
0 0.89375 0.3828125 0.0359375 0.053125
0 0.20625 0.32265625 0.0109375 0.0140625
0 0.1625 0.321875 0.0109375 0.0109375
0 0.3859375 0.34140625 0.015625 0.0203125
0 0.83125 0.3796875 0.0265625 0.034375
0 0.278125 0.33125 0.015625 0.025
0 0.73359375 0.3734375 0.0203125 0.0203125
0 0.16953125 0.32421875 0.0109375 0.0140625
0 0.55390625 0.3578125 0.03125 0.0390625
0 0.49609375 0.35546875 0.015625 0.025
0 0.459375 0.35234375 0.025 0.025
0 0.66875 0.3703125 0.015625 0.025
0 0.328125 0.340625 0.0265625 0.0296875
0 0.4 0.346875 0.015625 0.0203125
0 0.25390625 0.33671875 0.015625 0.015625
0 0.090625 0.32421875 0.0203125 0.0203125
0 0.1984375 0.334375 0.015625 0.015625
0 0.3640625 0.3484375 0.025 0.025
0 0.18203125 0.3328125 0.015625 0.0203125
0 0.15234375 0.33203125 0.015625 0.0203125
0 0.60234375 0.37421875 0.03125 0.04375
0 0.475 0.36328125 0.021875 0.0296875
0 0.21171875 0.33984375 0.015625 0.015625
0 0.06640625 0.33203125 0.0203125 0.0203125
0 0.1609375 0.33984375 0.015625 0.015625
0 0.23046875 0.34609375 0.0203125 0.025
0 0.1140625 0.3359375 0.015625 0.025
0 0.1375 0.340625 0.015625 0.0203125
0 0.2875 0.35390625 0.0203125 0.025
0 0.0265625 0.3328125 0.0203125 0.0203125
0 0.04921875 0.3375 0.015625 0.0203125
0 0.7 0.39453125 0.015625 0.015625
0 0.64921875 0.3921875 0.0328125 0.053125
0 0.41171875 0.37421875 0.021875 0.0296875
0 0.1734375 0.35546875 0.021875 0.0328125
0 0.203125 0.36015625 0.015625 0.025
0 0.071875 0.35078125 0.015625 0.025
0 0.1265625 0.35859375 0.021875 0.0296875
0 0.1453125 0.36015625 0.015625 0.025
0 0.25078125 0.36953125 0.025 0.025
0 0.58828125 0.3984375 0.046875 0.0640625
0 0.2390625 0.3703125 0.015625 0.0203125
0 0.7765625 0.41953125 0.0453125 0.0546875
0 0.48359375 0.39453125 0.03125 0.034375
0 0.68203125 0.41171875 0.0359375 0.0484375
0 0.38671875 0.3859375 0.0265625 0.04375
0 0.18828125 0.37109375 0.0203125 0.025
0 0.4578125 0.39921875 0.0453125 0.059375
0 0.1625 0.37578125 0.03125 0.0390625
0 0.05625 0.36640625 0.0203125 0.025
0 0.0265625 0.365625 0.034375 0.0390625
0 0.10625 0.37421875 0.0265625 0.034375
0 0.3375 0.396875 0.0265625 0.034375
0 0.36953125 0.4 0.0421875 0.0671875
0 0.22421875 0.38984375 0.0203125 0.025
0 0.2671875 0.3984375 0.0359375 0.04375
0 0.4953125 0.4203125 0.03125 0.0390625
0 0.9609375 0.465625 0.0734375 0.1109375
0 0.128125 0.39296875 0.025 0.025
0 0.5453125 0.4296875 0.0484375 0.078125
0 0.734375 0.44609375 0.0453125 0.059375
0 0.82890625 0.459375 0.0578125 0.078125
0 0.1921875 0.40546875 0.0359375 0.053125
0 0.115625 0.40390625 0.0203125 0.0203125
0 0.10390625 0.40234375 0.0265625 0.0390625
0 0.07890625 0.403125 0.0421875 0.0578125
0 0.4171875 0.43203125 0.0578125 0.078125
0 0.22421875 0.43203125 0.0359375 0.0484375
0 0.17109375 0.43203125 0.0359375 0.0484375
0 0.14375 0.434375 0.0375 0.0578125
0 0.66640625 0.48359375 0.0609375 0.0734375
0 0.51953125 0.48984375 0.0578125 0.078125
0 0.2484375 0.48046875 0.040625 0.053125
0 0.29375 0.5140625 0.071875 0.0890625
0 0.678125 0.58984375 0.06875 0.1015625
0 0.03203125 0.5390625 0.0640625 0.134375
0 0.5140625 0.60546875 0.084375 0.1171875
0 0.26875 0.63984375 0.084375 0.121875
0 0.1078125 0.784375 0.184375 0.221875