0 0.59296875 0.375 0.0359375 0.0484375
0 0.23359375 0.40546875 0.04375 0.0484375
0 0.7625 0.37265625 0.0203125 0.0296875
0 0.384375 0.40390625 0.0109375 0.0140625
0 0.853125 0.3734375 0.034375 0.0296875
0 0.3734375 0.41171875 0.0109375 0.0140625
0 0.6921875 0.38984375 0.0359375 0.0484375
0 0.978125 0.371875 0.03125 0.04375
0 0.56953125 0.4015625 0.0203125 0.025
0 0.35 0.4171875 0.0203125 0.0203125
0 0.62734375 0.39765625 0.0203125 0.0296875
0 0.03125 0.43984375 0.046875 0.071875
0 0.36640625 0.41640625 0.015625 0.0203125
0 0.459375 0.4140625 0.009375 0.009375
0 0.19609375 0.43515625 0.0359375 0.053125
0 0.43828125 0.41796875 0.0203125 0.025
0 0.73671875 0.39765625 0.05 0.0578125
0 0.80078125 0.39296875 0.025 0.0328125
0 0.453125 0.41953125 0.009375 0.009375
0 0.08125 0.44765625 0.065625 0.0921875
0 0.3328125 0.43046875 0.0203125 0.025
0 0.30703125 0.43203125 0.03125 0.04375
0 0.25703125 0.43828125 0.025 0.0328125
0 0.42734375 0.42578125 0.0203125 0.025
0 0.12734375 0.44921875 0.040625 0.0484375
0 0.7671875 0.4046875 0.025 0.0328125
0 0.39609375 0.43515625 0.03125 0.04375
0 0.48125 0.42890625 0.0203125 0.025
0 0.58359375 0.42421875 0.0390625 0.04375
0 0.65625 0.421875 0.0203125 0.0328125
0 0.51171875 0.43203125 0.0203125 0.0296875
0 0.5328125 0.4375 0.025 0.0328125
0 0.8703125 0.41875 0.05 0.0671875
0 0.3515625 0.4734375 0.040625 0.0484375
0 0.39296875 0.6609375 0.0390625 0.034375