0 0.384375 0.225 0.04375 0.0390625
0 0.62890625 0.2421875 0.0390625 0.034375
0 0.1328125 0.20703125 0.04375 0.0390625
0 0.58046875 0.240625 0.0328125 0.0203125
0 0.18125 0.21328125 0.053125 0.040625
0 0.96171875 0.27265625 0.034375 0.0296875
0 0.046875 0.21328125 0.0453125 0.053125
0 0.84375 0.26875 0.053125 0.03125
0 0.9890625 0.28359375 0.021875 0.0390625
0 0.4984375 0.2515625 0.0390625 0.034375
0 0.2953125 0.2421875 0.04375 0.034375
0 0.58359375 0.26484375 0.0515625 0.0265625
0 0.03828125 0.23359375 0.0453125 0.0578125
0 0.73359375 0.284375 0.06875 0.0640625
0 0.25234375 0.253125 0.0578125 0.0453125
0 0.109375 0.2453125 0.0390625 0.0390625
0 0.97265625 0.3078125 0.0546875 0.059375
0 0.9265625 0.30703125 0.0640625 0.0546875
0 0.19375 0.26015625 0.053125 0.0453125
0 0.76640625 0.31171875 0.034375 0.034375
0 0.284375 0.29921875 0.0875 0.065625
0 0.60703125 0.3265625 0.0875 0.075
0 0.99140625 0.38125 0.0171875 0.084375
0 0.86328125 0.3765625 0.1046875 0.121875
0 0.45078125 0.37109375 0.153125 0.1578125
0 0.84921875 0.1203125 0.0484375 0.040625
0 0.26640625 0.08671875 0.034375 0.034375
0 0.1921875 0.08125 0.034375 0.034375
0 0.58515625 0.1109375 0.0296875 0.0296875
0 0.05625 0.0765625 0.034375 0.034375
0 0.35859375 0.10234375 0.0390625 0.034375
0 0.475 0.12734375 0.034375 0.0296875
0 0.50546875 0.14765625 0.034375 0.0296875
0 0.1703125 0.18046875 0.04375 0.03125
0 0.50078125 0.2234375 0.0375 0.021875
0 0.6 0.23515625 0.0296875 0.0203125