0 0.34765625 0.30703125 0.025 0.0375
0 0.7609375 0.321875 0.025 0.0375
0 0.91328125 0.32890625 0.034375 0.046875
0 0.38125 0.31328125 0.0140625 0.01875
0 0.5296875 0.3203125 0.0296875 0.0328125
0 0.23046875 0.3125 0.0203125 0.0234375
0 0.621875 0.32578125 0.025 0.0296875
0 0.71484375 0.32890625 0.01875 0.01875
0 0.3046875 0.3171875 0.025 0.0375
0 0.99140625 0.34609375 0.0171875 0.0609375
0 0.078125 0.31640625 0.0203125 0.0421875
0 0.4734375 0.3328125 0.025 0.0375
0 0.37109375 0.33125 0.025 0.0375
0 0.1984375 0.325 0.0203125 0.0328125
0 0.17421875 0.3265625 0.0203125 0.0375
0 0.1140625 0.33359375 0.015625 0.0234375
0 0.26953125 0.34375 0.0203125 0.0328125
0 0.14375 0.3484375 0.0296875 0.0375
0 0.384375 0.36171875 0.025 0.0375
0 0.74921875 0.38125 0.0390625 0.0515625
0 0.3328125 0.378125 0.025 0.0421875
0 0.36015625 0.39140625 0.0390625 0.046875
0 0.265625 0.38984375 0.025 0.0375
0 0.80390625 0.425 0.0390625 0.065625
0 0.02421875 0.40234375 0.034375 0.0515625
0 0.234375 0.4140625 0.0390625 0.046875
0 0.28671875 0.42734375 0.034375 0.046875
0 0.7375 0.45546875 0.034375 0.0609375
0 0.690625 0.47265625 0.04375 0.05625
0 0.6046875 0.471875 0.0390625 0.0515625
0 0.5515625 0.47578125 0.0390625 0.065625
0 0.421875 0.48515625 0.04375 0.0515625
0 0.1390625 0.49453125 0.034375 0.0609375
0 0.709375 0.54140625 0.04375 0.0609375
0 0.26953125 0.55 0.04375 0.05625
0 0.1484375 0.55234375 0.0390625 0.0515625
0 0.6015625 0.578125 0.04375 0.0703125
0 0.81171875 0.596875 0.0484375 0.0671875
0 0.925 0.603125 0.053125 0.0765625
0 0.35703125 0.73359375 0.0640625 0.0984375
0 0.98828125 0.11015625 0.015625 0.028125
0 0.91484375 0.11328125 0.0140625 0.01875
0 0.95078125 0.121875 0.015625 0.028125
0 0.9390625 0.1234375 0.015625 0.028125
0 0.99296875 0.13046875 0.0140625 0.0328125
0 0.85390625 0.128125 0.0140625 0.01875
0 0.81875 0.13125 0.0203125 0.028125
0 0.79765625 0.13515625 0.015625 0.028125
0 0.734375 0.13984375 0.0203125 0.028125
0 0.85703125 0.14453125 0.015625 0.028125
0 0.878125 0.1453125 0.015625 0.028125
0 0.75546875 0.14765625 0.0140625 0.01875
0 0.89453125 0.15234375 0.0140625 0.01875
0 0.68125 0.1453125 0.0140625 0.01875
0 0.771875 0.1484375 0.0140625 0.01875
0 0.70234375 0.15546875 0.01875 0.01875
0 0.64375 0.16171875 0.0140625 0.01875
0 0.60234375 0.1625 0.009375 0.0140625
0 0.625 0.16328125 0.0140625 0.01875
0 0.9859375 0.178125 0.0203125 0.028125
0 0.5375 0.1625 0.009375 0.01875
0 0.63671875 0.16640625 0.009375 0.01875
0 0.39375 0.16015625 0.0140625 0.01875
0 0.4515625 0.16484375 0.009375 0.01875
0 0.59296875 0.16953125 0.0140625 0.01875
0 0.615625 0.1703125 0.0140625 0.01875
0 0.553125 0.1703125 0.0203125 0.0328125
0 0.571875 0.17109375 0.0140625 0.01875
0 0.48359375 0.1703125 0.0203125 0.028125
0 0.4421875 0.16875 0.0046875 0.01875
0 0.375 0.17109375 0.009375 0.01875
0 0.496875 0.17578125 0.015625 0.028125
0 0.42265625 0.175 0.0140625 0.01875
0 0.52265625 0.18125 0.0140625 0.01875
0 0.7078125 0.1875 0.015625 0.0234375
0 0.91640625 0.19453125 0.015625 0.028125
0 0.36015625 0.178125 0.009375 0.0140625
0 0.85546875 0.1953125 0.0203125 0.028125
0 0.73515625 0.19296875 0.01875 0.01875
0 0.93203125 0.2 0.0203125 0.0328125
0 0.75390625 0.19609375 0.015625 0.0234375
0 0.32109375 0.18125 0.015625 0.028125
0 0.8328125 0.19921875 0.015625 0.028125
0 0.846875 0.19921875 0.0203125 0.028125
0 0.275 0.18203125 0.0140625 0.01875
0 0.5109375 0.18984375 0.009375 0.01875
0 0.76328125 0.19921875 0.009375 0.01875
0 0.41640625 0.1890625 0.015625 0.0234375
0 0.87109375 0.20703125 0.015625 0.028125
0 0.37890625 0.1921875 0.009375 0.01875
0 0.34921875 0.19140625 0.009375 0.0140625
0 0.35546875 0.19140625 0.0046875 0.01875
0 0.98203125 0.21328125 0.0203125 0.028125
0 0.33515625 0.19296875 0.009375 0.01875
0 0.36875 0.196875 0.009375 0.01875
0 0.89921875 0.21796875 0.015625 0.028125
0 0.9953125 0.2234375 0.009375 0.028125
0 0.7296875 0.2140625 0.015625 0.0234375
0 0.396875 0.20234375 0.009375 0.01875
0 0.62578125 0.21015625 0.009375 0.0140625
0 0.296875 0.2015625 0.0140625 0.01875
0 0.66328125 0.21640625 0.015625 0.028125
0 0.40390625 0.209375 0.0140625 0.01875
0 0.6859375 0.21953125 0.015625 0.028125
0 0.92578125 0.228125 0.0296875 0.0296875
0 0.5265625 0.21640625 0.0203125 0.028125
0 0.7828125 0.225 0.0140625 0.01875
0 0.821875 0.2265625 0.01875 0.01875
0 0.5984375 0.22109375 0.0203125 0.0234375
0 0.7546875 0.2265625 0.0203125 0.0234375
0 0.48671875 0.21875 0.015625 0.028125
0 0.5671875 0.221875 0.01875 0.01875
0 0.87265625 0.234375 0.015625 0.028125
0 0.3453125 0.21875 0.0203125 0.0234375
0 0.2875 0.21875 0.015625 0.028125
0 0.49765625 0.2265625 0.015625 0.028125
0 0.64140625 0.23125 0.0203125 0.028125
0 0.7203125 0.234375 0.015625 0.028125
0 0.81484375 0.2375 0.0140625 0.01875
0 0.28046875 0.21875 0.0203125 0.028125
0 0.33359375 0.2203125 0.0140625 0.01875
0 0.56015625 0.228125 0.01875 0.01875
0 0.3609375 0.22421875 0.009375 0.01875
0 0.3171875 0.2296875 0.015625 0.0234375
0 0.58125 0.23828125 0.0203125 0.0234375
0 0.99453125 0.253125 0.0109375 0.028125
0 0.73359375 0.24609375 0.0203125 0.0234375
0 0.45625 0.2390625 0.0140625 0.01875
0 0.92265625 0.25546875 0.025 0.0296875
0 0.9765625 0.25703125 0.0296875 0.0296875
0 0.81640625 0.25390625 0.0109375 0.0234375
0 0.0625 0.2296875 0.025 0.0375
0 0.65703125 0.25078125 0.0140625 0.01875
0 0.8671875 0.2578125 0.0203125 0.028125
0 0.63125 0.25234375 0.0140625 0.01875
0 0.7125 0.2546875 0.0203125 0.0234375
0 0.88125 0.2609375 0.0203125 0.0328125
0 0.328125 0.24375 0.015625 0.0234375
0 0.684375 0.25625 0.0109375 0.0234375
0 0.8328125 0.2640625 0.0203125 0.028125
0 0.121875 0.2390625 0.0203125 0.0375
0 0.25390625 0.25078125 0.025 0.0296875
0 0.734375 0.26953125 0.015625 0.0234375
0 0.67421875 0.2703125 0.015625 0.0234375
0 0.78125 0.2734375 0.0203125 0.028125
0 0.60234375 0.271875 0.0203125 0.0234375
0 0.63046875 0.2734375 0.0140625 0.01875
0 0.9453125 0.284375 0.025 0.0328125
0 0.9171875 0.28515625 0.025 0.0296875
0 0.41953125 0.2703125 0.01875 0.01875
0 0.015625 0.25625 0.015625 0.0375
0 0.96640625 0.2921875 0.0296875 0.0328125
0 0.45703125 0.2765625 0.0203125 0.028125
0 0.69296875 0.28671875 0.0203125 0.0234375
0 0.1953125 0.26953125 0.025 0.0328125
0 0.575 0.284375 0.0203125 0.0234375
0 0.396875 0.28046875 0.0203125 0.0234375
0 0.64375 0.29140625 0.015625 0.0234375
0 0.615625 0.29296875 0.0140625 0.01875
0 0.7265625 0.296875 0.0140625 0.01875
0 0.0359375 0.27265625 0.0296875 0.0375
0 0.66015625 0.29453125 0.025 0.0296875
0 0.384375 0.2875 0.0140625 0.009375
0 0.4140625 0.29296875 0.025 0.0296875
0 0.740625 0.30703125 0.0203125 0.0234375
0 0.89140625 0.3140625 0.0203125 0.0328125
0 0.96953125 0.31953125 0.0296875 0.0375
0 0.16640625 0.29375 0.015625 0.0234375
0 0.06953125 0.29296875 0.0203125 0.0234375
0 0.8328125 0.31953125 0.034375 0.046875
0 0.871875 0.325 0.0296875 0.0375