0 0.0515625 0.03203125 0.0140625 0.0140625
0 0.19453125 0.025 0.0203125 0.0203125
0 0.8390625 0.06796875 0.015625 0.0234375
0 0.7015625 0.8578125 0.015625 0.028125
0 0.903125 0.84765625 0.0203125 0.025
0 0.24140625 0.88203125 0.0203125 0.0203125
0 0.3578125 0.87578125 0.0296875 0.0375
0 0.85 0.85234375 0.0296875 0.0421875
0 0.08515625 0.89296875 0.025 0.0328125
0 0.4265625 0.8796875 0.025 0.0296875
0 0.71875 0.8640625 0.025 0.0328125
0 0.65859375 0.8671875 0.0296875 0.0421875
0 0.7375 0.86796875 0.0203125 0.0375
0 0.58203125 0.878125 0.0203125 0.0421875
0 0.771875 0.86796875 0.0203125 0.0375
0 0.2359375 0.8984375 0.0296875 0.025
0 0.9265625 0.86484375 0.021875 0.0515625
0 0.06953125 0.91015625 0.034375 0.0484375
0 0.7953125 0.871875 0.0203125 0.025
0 0.275 0.9015625 0.0265625 0.046875
0 0.19453125 0.90546875 0.034375 0.0390625
0 0.54375 0.88984375 0.034375 0.04375
0 0.6796875 0.08046875 0.025 0.0328125
0 0.4078125 0.89921875 0.0296875 0.0328125
0 0.115625 0.9140625 0.0296875 0.0375
0 0.30546875 0.9046875 0.025 0.0328125
0 0.82109375 0.8796875 0.025 0.0296875
0 0.16015625 0.91875 0.0203125 0.0203125
0 0.3734375 0.91640625 0.025 0.0203125
0 0.7921875 0.89453125 0.025 0.0296875
0 0.946875 0.88671875 0.025 0.025
0 0.24609375 0.92578125 0.0203125 0.0296875
0 0.4546875 0.9171875 0.0328125 0.0203125
0 0.17265625 0.93203125 0.01875 0.015625
0 0.70625 0.90390625 0.028125 0.0109375
0 0.89140625 0.89375 0.0234375 0.0109375
0 0.8453125 0.89921875 0.025 0.0203125
0 0.56796875 0.91328125 0.028125 0.015625
0 0.06171875 0.93984375 0.01875 0.015625
0 0.5265625 0.915625 0.0234375 0.0109375
0 0.66171875 0.0921875 0.0203125 0.0328125
0 0.14140625 0.11953125 0.0203125 0.0296875
0 0.07421875 0.12578125 0.025 0.025
0 0.94453125 0.08046875 0.0203125 0.0296875
0 0.55859375 0.10703125 0.015625 0.028125
0 0.49921875 0.01171875 0.0203125 0.0234375
0 0.5859375 0.10859375 0.015625 0.028125
0 0.23984375 0.12890625 0.025 0.0328125
0 0.33203125 0.1265625 0.0203125 0.0328125
0 0.6859375 0.1125 0.025 0.0375
0 0.28359375 0.1359375 0.0203125 0.0296875
0 0.79609375 0.00625 0.0296875 0.0125
0 0.73984375 0.11875 0.0203125 0.0328125
0 0.95 0.11484375 0.0296875 0.0296875
0 0.88671875 0.125 0.0203125 0.0296875
0 0.56484375 0.1421875 0.0203125 0.0203125
0 0.875 0.128125 0.0203125 0.025
0 0.7265625 0.13828125 0.0203125 0.0328125
0 0.8078125 0.1390625 0.015625 0.028125
0 0.79453125 0.14609375 0.015625 0.028125
0 0.84296875 0.14296875 0.015625 0.0234375
0 0.37421875 0.16796875 0.0203125 0.0296875
0 0.609375 0.1578125 0.0203125 0.0296875
0 0.35078125 0.17109375 0.0203125 0.0328125
0 0.6859375 0.15859375 0.025 0.0203125
0 0.91015625 0.146875 0.0203125 0.0328125
0 0.14296875 0.1984375 0.0203125 0.0328125
0 0.40234375 0.18515625 0.025 0.0375
0 0.41484375 0.02265625 0.025 0.0296875
0 0.74921875 0.16953125 0.0203125 0.0296875
0 0.04921875 0.2109375 0.025 0.0328125
0 0.12578125 0.209375 0.025 0.0328125
0 0.68515625 0.18203125 0.015625 0.028125
0 0.19296875 0.2078125 0.0203125 0.0296875
0 0.63984375 0.1984375 0.0203125 0.0328125
0 0.734375 0.19375 0.0203125 0.0328125
0 0.57734375 0.2015625 0.0203125 0.0375
0 0.271875 0.21796875 0.0203125 0.0296875
0 0.7875 0.19296875 0.015625 0.028125
0 0.8828125 0.190625 0.0203125 0.025
0 0.43203125 0.21640625 0.0203125 0.0328125
0 0.59140625 0.21015625 0.025 0.0328125
0 0.8453125 0.19921875 0.015625 0.028125
0 0.3140625 0.22734375 0.015625 0.0328125
0 0.01640625 0.24296875 0.025 0.0296875
0 0.95390625 0.1953125 0.0203125 0.0296875
0 0.37421875 0.22578125 0.025 0.0296875
0 0.09140625 0.04453125 0.0203125 0.0296875
0 0.1453125 0.2421875 0.0203125 0.0328125
0 0.08046875 0.2484375 0.015625 0.01875
0 0.9765625 0.215625 0.0203125 0.0375
0 0.49140625 0.240625 0.0296875 0.0328125
0 0.021875 0.26796875 0.0203125 0.0296875
0 0.73671875 0.23515625 0.015625 0.0234375
0 0.55625 0.24453125 0.0203125 0.0375
0 0.35234375 0.25703125 0.025 0.0296875
0 0.45 0.25234375 0.015625 0.01875
0 0.48203125 0.253125 0.015625 0.028125
0 0.51953125 0.25546875 0.0203125 0.0375
0 0.23984375 0.275 0.0203125 0.025
0 0.41328125 0.2703125 0.025 0.0375
0 0.00625 0.29375 0.0125 0.028125
0 0.32421875 0.27734375 0.0203125 0.0375
0 0.6609375 0.26015625 0.0203125 0.025
0 0.63125 0.2640625 0.025 0.0328125
0 0.03671875 0.2953125 0.025 0.0296875
0 0.603125 0.265625 0.0203125 0.0296875
0 0.82578125 0.25625 0.0203125 0.0296875
0 0.09765625 0.29453125 0.0203125 0.0296875
0 0.45390625 0.28046875 0.0203125 0.0296875
0 0.88203125 0.26171875 0.0203125 0.0296875
0 0.28046875 0.29765625 0.025 0.025
0 0.50078125 0.29375 0.0203125 0.0296875
0 0.590625 0.29375 0.0203125 0.0328125
0 0.8109375 0.284375 0.015625 0.0234375
0 0.34375 0.315625 0.0203125 0.0296875
0 0.13203125 0.3359375 0.0203125 0.025
0 0.78125 0.30234375 0.015625 0.0234375
0 0.196875 0.33515625 0.0203125 0.025
0 0.24609375 0.33984375 0.0203125 0.0296875
0 0.8796875 0.31328125 0.025 0.0296875
0 0.54453125 0.33125 0.025 0.0375
0 0.29453125 0.34609375 0.025 0.0328125
0 0.834375 0.32265625 0.0203125 0.0328125
0 0.48046875 0.34375 0.0203125 0.0328125
0 0.965625 0.32265625 0.025 0.025
0 0.6515625 0.34609375 0.0203125 0.0296875
0 0.6265625 0.35390625 0.015625 0.028125
0 0.44375 0.0390625 0.015625 0.0234375
0 0.05859375 0.3859375 0.0296875 0.0328125
0 0.9109375 0.34609375 0.025 0.0296875
0 0.21328125 0.3828125 0.0203125 0.025
0 0.0953125 0.39375 0.0203125 0.025
0 0.5078125 0.03828125 0.0203125 0.0296875
0 0.796875 0.378125 0.0203125 0.0375
0 0.85 0.37734375 0.015625 0.0234375
0 0.0953125 0.43046875 0.0203125 0.0296875
0 0.5671875 0.40546875 0.0296875 0.0328125
0 0.73984375 0.396875 0.01875 0.015625
0 0.87421875 0.38984375 0.025 0.0328125
0 0.0078125 0.43671875 0.015625 0.0421875
0 0.4234375 0.41796875 0.025 0.025
0 0.47890625 0.4171875 0.025 0.0296875
0 0.2484375 0.434375 0.025 0.0296875
0 0.503125 0.4234375 0.0203125 0.0328125
0 0.62890625 0.034375 0.025 0.0296875
0 0.6375 0.41875 0.025 0.025
0 0.9765625 0.40078125 0.025 0.025
0 0.11484375 0.44609375 0.0203125 0.0296875
0 0.734375 0.415625 0.025 0.025
0 0.8203125 0.4109375 0.025 0.0328125
0 0.1984375 0.44375 0.0296875 0.0375
0 0.671875 0.42109375 0.025 0.0296875
0 0.28125 0.4421875 0.015625 0.028125
0 0.903125 0.4140625 0.0203125 0.0203125
0 0.02890625 0.459375 0.0203125 0.025
0 0.4390625 0.44296875 0.0203125 0.025
0 0.31640625 0.4515625 0.025 0.0328125
0 0.72578125 0.43046875 0.0203125 0.0296875
0 0.71484375 0.4375 0.0296875 0.0203125
0 0.41875 0.453125 0.015625 0.0234375
0 0.60859375 0.44609375 0.025 0.0328125
0 0.8765625 0.434375 0.0296875 0.0375
0 0.75234375 0.44296875 0.0203125 0.025
0 0.11875 0.47890625 0.015625 0.0234375
0 0.4625 0.04765625 0.0203125 0.0375
0 0.7890625 0.44609375 0.0296875 0.0328125
0 0.3734375 0.4671875 0.025 0.0375
0 0.6546875 0.453125 0.0203125 0.025
0 0.903125 0.4421875 0.0203125 0.0328125
0 0.03984375 0.4875 0.0296875 0.0328125
0 0.73828125 0.453125 0.015625 0.0234375
0 0.95703125 0.021875 0.025 0.0375
0 0.41640625 0.05 0.0203125 0.0203125
0 0.93515625 0.446875 0.0296875 0.0375
0 0.1703125 0.48671875 0.0296875 0.0296875
0 0.30390625 0.4796875 0.025 0.025
0 0.51015625 0.46875 0.0203125 0.0296875
0 0.71640625 0.4578125 0.0296875 0.0421875
0 0.42421875 0.478125 0.025 0.0375
0 0.671875 0.46484375 0.0203125 0.025
0 0.9890625 0.453125 0.0109375 0.0328125
0 0.23515625 0.4953125 0.0296875 0.0375
0 0.06484375 0.50625 0.0296875 0.0421875
0 0.56875 0.4796875 0.025 0.0328125
0 0.38203125 0.05390625 0.0203125 0.0328125
0 0.75859375 0.47265625 0.0203125 0.0328125
0 0.01171875 0.51328125 0.0234375 0.0328125
0 0.61484375 0.48203125 0.0296875 0.0375
0 0.3515625 0.4984375 0.025 0.025
0 0.68671875 0.4828125 0.0328125 0.0296875
0 0.51875 0.496875 0.0203125 0.025
0 0.303125 0.5078125 0.025 0.0375
0 0.8328125 0.4828125 0.0296875 0.0421875
0 0.11875 0.0703125 0.0203125 0.0296875
0 0.1234375 0.521875 0.025 0.0296875
0 0.10703125 0.52734375 0.025 0.025
0 0.40390625 0.5140625 0.025 0.0375
0 0.1859375 0.528125 0.0203125 0.0296875
0 0.27890625 0.5234375 0.015625 0.028125
0 0.5328125 0.51015625 0.0203125 0.0296875
0 0.37109375 0.52109375 0.0203125 0.0296875
0 0.25546875 0.5265625 0.025 0.0328125
0 0.85625 0.49765625 0.025 0.0375
0 0.709375 0.50546875 0.0296875 0.0375
0 0.7671875 0.51171875 0.025 0.0375
0 0.04375 0.55 0.034375 0.0390625
0 0.3578125 0.53359375 0.015625 0.0328125
0 0.925 0.03046875 0.0203125 0.0296875
0 0.7328125 0.51796875 0.025 0.0328125
0 0.621875 0.52421875 0.025 0.0203125
0 0.425 0.534375 0.025 0.0296875
0 0.2890625 0.54296875 0.025 0.0296875
0 0.17109375 0.5515625 0.0296875 0.0328125
0 0.578125 0.0484375 0.0203125 0.0296875
0 0.4609375 0.54140625 0.0296875 0.0296875
0 0.0140625 0.56484375 0.025 0.0421875
0 0.1109375 0.56171875 0.025 0.0296875
0 0.3265625 0.553125 0.025 0.0328125
0 0.365625 0.55078125 0.015625 0.01875
0 0.1375 0.56484375 0.0203125 0.0328125
0 0.68046875 0.5390625 0.025 0.0296875
0 0.6109375 0.5453125 0.0140625 0.009375
0 0.97890625 0.528125 0.025 0.0375
0 0.821875 0.540625 0.025 0.0296875
0 0.6328125 0.553125 0.0296875 0.0421875
0 0.521875 0.56171875 0.0203125 0.0328125
0 0.55859375 0.56171875 0.0203125 0.0296875
0 0.2328125 0.58125 0.0203125 0.0375
0 0.45546875 0.571875 0.025 0.0296875
0 0.3671875 0.57890625 0.0203125 0.0296875
0 0.03515625 0.59609375 0.0296875 0.0296875
0 0.66328125 0.56328125 0.025 0.0328125
0 0.603125 0.56640625 0.0203125 0.0328125
0 0.89921875 0.55546875 0.0203125 0.0203125
0 0.4109375 0.58125 0.025 0.0328125
0 0.090625 0.5984375 0.025 0.0375
0 0.53828125 0.57734375 0.025 0.0375
0 0.409375 0.06171875 0.0109375 0.01875
0 0.28671875 0.5921875 0.025 0.0375
0 0.153125 0.6015625 0.025 0.0375
0 0.43984375 0.58671875 0.025 0.0296875
0 0.2015625 0.6015625 0.0203125 0.0375
0 0.51171875 0.5875 0.0296875 0.0296875
0 0.83046875 0.0421875 0.0203125 0.0296875
0 0.21796875 0.07421875 0.0296875 0.0328125
0 0.740625 0.578125 0.0296875 0.0328125
0 0.875 0.5734375 0.025 0.0328125
0 0.5953125 0.58828125 0.0203125 0.0203125
0 0.13515625 0.6140625 0.0203125 0.0421875
0 0.9703125 0.5703125 0.025 0.0296875
0 0.33671875 0.60546875 0.0203125 0.0328125
0 0.2578125 0.071875 0.015625 0.0328125
0 0.92109375 0.5796875 0.0296875 0.0328125
0 0.68125 0.59453125 0.025 0.0375
0 0.81328125 0.5921875 0.015625 0.01875
0 0.02265625 0.6359375 0.025 0.0328125
0 0.70234375 0.60078125 0.0296875 0.0375
0 0.30703125 0.62578125 0.025 0.0296875
0 0.59453125 0.61328125 0.025 0.0421875
0 0.4484375 0.6234375 0.025 0.0296875
0 0.23125 0.63671875 0.0296875 0.0375
0 0.5421875 0.059375 0.025 0.0296875
0 0.746875 0.61484375 0.0203125 0.0328125
0 0.09765625 0.65078125 0.025 0.0328125
0 0.97421875 0.6046875 0.0203125 0.0328125
0 0.9 0.60859375 0.025 0.0375
0 0.64140625 0.625 0.0203125 0.025
0 0.40546875 0.6375 0.025 0.0375
0 0.53046875 0.63046875 0.025 0.0375
0 0.87421875 0.61484375 0.0203125 0.0296875
0 0.7359375 0.62421875 0.0203125 0.0328125
0 0.51171875 0.6359375 0.025 0.0375
0 0.440625 0.64453125 0.025 0.0296875
0 0.78515625 0.62890625 0.025 0.0328125
0 0.14921875 0.6625 0.025 0.0421875
0 0.8125 0.6296875 0.015625 0.0375
0 0.34375 0.6546875 0.0203125 0.0328125
0 0.07109375 0.67109375 0.0296875 0.0203125
0 0.628125 0.6421875 0.0296875 0.0375
0 0.66328125 0.6421875 0.025 0.0375
0 0.60703125 0.64765625 0.0203125 0.0328125
0 0.49609375 0.65390625 0.0203125 0.0421875
0 0.040625 0.68125 0.0203125 0.0421875
0 0.0234375 0.684375 0.025 0.0328125
0 0.43203125 0.66796875 0.025 0.0328125
0 0.3140625 0.67421875 0.025 0.0296875
0 0.24296875 0.68046875 0.025 0.0375
0 0.3859375 0.67265625 0.0203125 0.0296875
0 0.86953125 0.65 0.0203125 0.0296875
0 0.1734375 0.6859375 0.0203125 0.0375
0 0.95546875 0.64765625 0.0203125 0.0375
0 0.41953125 0.07109375 0.0203125 0.025
0 0.45859375 0.68515625 0.025 0.0328125
0 0.70859375 0.0578125 0.025 0.0296875
0 0.11171875 0.70546875 0.025 0.0328125
0 0.06328125 0.70859375 0.025 0.0421875
0 0.27421875 0.69921875 0.0203125 0.0375
0 0.91015625 0.67109375 0.0203125 0.0375
0 0.03515625 0.03046875 0.0140625 0.0140625
0 0.75 0.6796875 0.0296875 0.0375
0 0.9734375 0.67734375 0.025 0.0296875
0 0.3328125 0.7109375 0.0203125 0.0328125
0 0.64296875 0.69921875 0.025 0.0421875
0 0.434375 0.7125 0.025 0.0328125
0 0.1875 0.72734375 0.0296875 0.0375
0 0.021875 0.09609375 0.0203125 0.025
0 0.88515625 0.69140625 0.025 0.0375
0 0.09765625 0.734375 0.0203125 0.0203125
0 0.1578125 0.73359375 0.0203125 0.0296875
0 0.2359375 0.7296875 0.025 0.0203125
0 0.39375 0.72578125 0.025 0.0375
0 0.0265625 0.74453125 0.0203125 0.0375
0 0.46328125 0.721875 0.025 0.025
0 0.66875 0.71328125 0.0203125 0.0296875
0 0.1421875 0.74296875 0.015625 0.028125
0 0.68515625 0.7171875 0.0203125 0.025
0 0.01953125 0.7546875 0.015625 0.0328125
0 0.5078125 0.73359375 0.0203125 0.0328125
0 0.05859375 0.75703125 0.0203125 0.0203125
0 0.80546875 0.7203125 0.0203125 0.0375
0 0.32265625 0.75 0.025 0.0328125
0 0.2515625 0.75625 0.025 0.0421875
0 0.45703125 0.7453125 0.0328125 0.015625
0 0.76484375 0.73203125 0.021875 0.046875
0 0.23125 0.759375 0.0203125 0.0421875
0 0.5609375 0.7421875 0.0203125 0.025
0 0.16875 0.765625 0.0203125 0.0203125
0 0.09453125 0.76953125 0.0203125 0.0328125
0 0.95703125 0.72421875 0.025 0.0421875
0 0.61484375 0.74453125 0.025 0.0328125
0 0.99375 0.72578125 0.0125 0.0203125
0 0.1390625 0.77890625 0.0203125 0.025
0 0.06953125 0.784375 0.0203125 0.0296875
0 0.88125 0.74453125 0.0296875 0.0203125
0 0.6625 0.75859375 0.025 0.0328125
0 0.90703125 0.74765625 0.025 0.0375
0 0.96796875 0.05390625 0.0109375 0.0375
0 0.1859375 0.78828125 0.025 0.0375
0 0.209375 0.7890625 0.0203125 0.0375
0 0.296875 0.78671875 0.0109375 0.0328125
0 0.9875 0.75 0.025 0.0375
0 0.2796875 0.0203125 0.015625 0.01875
0 0.5125 0.78046875 0.0203125 0.0328125
0 0.6078125 0.775 0.0203125 0.0328125
0 0.85859375 0.76328125 0.0296875 0.0375
0 0.840625 0.76484375 0.015625 0.028125
0 0.02734375 0.809375 0.025 0.0328125
0 0.56328125 0.78125 0.0203125 0.0375
0 0.1171875 0.80703125 0.0203125 0.0375
0 0.3140625 0.796875 0.025 0.0421875
0 0.16171875 0.8046875 0.0203125 0.0375
0 0.53828125 0.78515625 0.01875 0.015625
0 0.43828125 0.79296875 0.0203125 0.0328125
0 0.80625 0.77578125 0.034375 0.0390625
0 0.38359375 0.8 0.025 0.0421875
0 0.30703125 0.090625 0.025 0.0296875
0 0.053125 0.82265625 0.025 0.025
0 0.1390625 0.81796875 0.025 0.0375
0 0.41640625 0.803125 0.0296875 0.0421875
0 0.23203125 0.81796875 0.0296875 0.0421875
0 0.07890625 0.828125 0.025 0.0328125
0 0.278125 0.8171875 0.0265625 0.046875
0 0.93359375 0.0578125 0.025 0.025
0 0.953125 0.78203125 0.025 0.025
0 0.68671875 0.7984375 0.025 0.0296875
0 0.465625 0.81953125 0.0296875 0.0421875
0 0.615625 0.81171875 0.0203125 0.0328125
0 0.353125 0.825 0.025 0.0421875
0 0.10078125 0.840625 0.0203125 0.0375
0 0.9125 0.80078125 0.025 0.0328125
0 0.71328125 0.8109375 0.0203125 0.0375
0 0.97734375 0.8 0.025 0.0328125
0 0.88203125 0.80703125 0.0203125 0.0375
0 0.53125 0.825 0.0296875 0.0296875
0 0.059375 0.85234375 0.0296875 0.0296875
0 0.6421875 0.8265625 0.0109375 0.0421875
0 0.434375 0.83984375 0.025 0.0375
0 0.5828125 0.834375 0.015625 0.028125
0 0.49453125 0.8390625 0.0203125 0.0375
0 0.7671875 0.825 0.025 0.0375
0 0.95 0.8171875 0.0296875 0.0421875
0 0.65 0.8359375 0.0203125 0.025
0 0.29609375 0.85390625 0.025 0.0203125
0 0.196875 0.865625 0.025 0.0296875
0 0.81875 0.8328125 0.03125 0.046875
0 0.2828125 0.86328125 0.025 0.025
0 0.55078125 0.8515625 0.025 0.0328125
0 0.25703125 0.8671875 0.025 0.025
0 0.60234375 0.85625 0.0203125 0.0328125
0 0.87265625 0.84453125 0.0296875 0.0328125
0 0.990625 0.8375 0.01875 0.0375
0 0.16796875 0.88125 0.0296875 0.0296875
0 0.13046875 0.88515625 0.025 0.0296875