0 0.12734375 0.00625 0.0484375 0.0125
0 0.64453125 0.35 0.090625 0.1421875
0 0.51015625 0.33828125 0.0953125 0.14375
0 0.32578125 0.36171875 0.1 0.14375
0 0.14140625 0.346875 0.090625 0.1421875
0 0.04140625 0.34609375 0.06875 0.1578125
0 0.953125 0.55 0.09375 0.175
0 0.37265625 0.51015625 0.096875 0.1609375
0 0.775 0.5921875 0.090625 0.146875
0 0.2171875 0.55859375 0.090625 0.1421875
0 0.5734375 0.628125 0.1046875 0.153125
0 0.04375 0.6546875 0.0875 0.14375
0 0.83046875 0.8296875 0.10625 0.1671875
0 0.6671875 0.89140625 0.1015625 0.165625
0 0.453125 0.8984375 0.1078125 0.1765625
0 0.22734375 0.89765625 0.121875 0.146875
0 0.934375 0.15390625 0.0859375 0.1140625
0 0.9796875 0.16328125 0.040625 0.1078125
0 0.5421875 0.11796875 0.0578125 0.1015625
0 0.753125 0.1484375 0.08125 0.140625
0 0.82265625 0.1734375 0.065625 0.0984375
0 0.67890625 0.16796875 0.0578125 0.0984375
0 0.58671875 0.16953125 0.0796875 0.13125
0 0.42109375 0.15390625 0.08125 0.1140625
0 0.2734375 0.159375 0.05 0.0828125
0 0.39140625 0.1859375 0.0453125 0.078125
0 0.23515625 0.00703125 0.0609375 0.0140625
0 0.1578125 0.1734375 0.0640625 0.1109375
0 0.221875 0.2 0.0703125 0.1265625
0 0.0640625 0.19453125 0.075 0.13125
0 0.8875 0.328125 0.0859375 0.1515625