0 0.09453125 0.2953125 0.0265625 0.0265625
0 0.6828125 0.2375 0.0328125 0.0484375
0 0.00859375 0.3234375 0.0171875 0.04375
0 0.37890625 0.27734375 0.0328125 0.0484375
0 0.43984375 0.26953125 0.0234375 0.04375
0 0.0765625 0.31875 0.028125 0.0484375
0 0.10078125 0.3234375 0.0203125 0.046875
0 0.2609375 0.30546875 0.0328125 0.0484375
0 0.3375 0.2984375 0.028125 0.0390625
0 0.565625 0.27265625 0.0328125 0.0484375
0 0.746875 0.25 0.025 0.053125
0 0.13203125 0.328125 0.028125 0.0390625
0 0.58828125 0.271875 0.0296875 0.053125
0 0.1953125 0.32265625 0.028125 0.0484375
0 0.775 0.2515625 0.0375 0.0546875
0 0.8390625 0.24375 0.0328125 0.04375
0 0.471875 0.29296875 0.028125 0.04375
0 0.2796875 0.05390625 0.0171875 0.0296875
0 0.0109375 0.0875 0.021875 0.04375
0 0.16484375 0.33359375 0.0296875 0.053125
0 0.09296875 0.3421875 0.0296875 0.053125
0 0.65234375 0.278125 0.03125 0.0265625
0 0.453125 0.3078125 0.028125 0.04375
0 0.67578125 0.2796875 0.0328125 0.04375
0 0.3546875 0.321875 0.021875 0.0296875
0 0.384375 0.31796875 0.0328125 0.0484375
0 0.7046875 0.2859375 0.0328125 0.0484375
0 0.54765625 0.31484375 0.025 0.0484375
0 0.92734375 0.275 0.0234375 0.0390625
0 0.22421875 0.36640625 0.0328125 0.040625
0 0.46875 0.33828125 0.021875 0.034375
0 0.821875 0.2953125 0.0234375 0.04375
0 0.3078125 0.3609375 0.0328125 0.0484375
0 0.56328125 0.3296875 0.0234375 0.04375
0 0.4328125 0.35 0.028125 0.0484375
0 0.12265625 0.38828125 0.021875 0.034375
0 0.6625 0.321875 0.028125 0.0484375
0 0.29609375 0.05625 0.0234375 0.04375
0 0.3546875 0.3609375 0.028125 0.0484375
0 0.03984375 0.4 0.0328125 0.04375
0 0.7015625 0.32109375 0.028125 0.04375
0 0.2703125 0.3765625 0.021875 0.034375
0 0.88203125 0.3015625 0.0234375 0.0390625
0 0.24765625 0.38125 0.028125 0.0484375
0 0.81328125 0.31171875 0.034375 0.053125
0 0.37890625 0.365625 0.0328125 0.04375
0 0.153125 0.3953125 0.028125 0.0484375
0 0.9375 0.29921875 0.028125 0.04375
0 0.634375 0.340625 0.0375 0.0546875
0 0.5328125 0.353125 0.028125 0.04375
0 0.721875 0.3328125 0.025 0.0484375
0 0.7609375 0.0125 0.028125 0.025
0 0.7890625 0.0109375 0.028125 0.021875
0 0.46328125 0.37421875 0.0328125 0.0484375
0 0.053125 0.42890625 0.0265625 0.034375
0 0.225 0.41015625 0.028125 0.0484375
0 0.5171875 0.37421875 0.028125 0.04375
0 0.8359375 0.33515625 0.028125 0.0484375
0 0.90546875 0.3265625 0.028125 0.0484375
0 0.8578125 0.33515625 0.028125 0.0484375
0 0.08125 0.4328125 0.0375 0.0546875
0 0.3 0.41015625 0.034375 0.053125
0 0.39609375 0.3984375 0.0234375 0.0390625
0 0.36015625 0.4078125 0.0328125 0.04375
0 0.6671875 0.38203125 0.028125 0.0484375
0 0.59375 0.39296875 0.034375 0.0578125
0 0.11640625 0.453125 0.0421875 0.0546875
0 0.07109375 0.46171875 0.034375 0.053125
0 0.1765625 0.45078125 0.0359375 0.0625
0 0.4921875 0.4140625 0.028125 0.04375
0 0.22421875 0.071875 0.028125 0.0390625
0 0.7109375 0.01796875 0.028125 0.0359375
0 0.65859375 0.40546875 0.0296875 0.053125
0 0.52890625 0.43359375 0.025 0.0484375
0 0.51328125 0.4375 0.028125 0.0390625
0 0.8140625 0.0125 0.025 0.025
0 0.16015625 0.084375 0.0234375 0.0390625
0 0.459375 0.4515625 0.0328125 0.04375
0 0.69140625 0.42265625 0.034375 0.0578125
0 0.80859375 0.4109375 0.034375 0.053125
0 0.95625 0.3953125 0.028125 0.04375
0 0.44921875 0.4625 0.0375 0.0546875
0 0.865625 0.4203125 0.0328125 0.0484375
0 0.9375 0.415625 0.034375 0.053125
0 0.36796875 0.48984375 0.0296875 0.0578125
0 0.04453125 0.534375 0.0328125 0.04375
0 0.0890625 0.53125 0.0328125 0.040625
0 0.51640625 0.48125 0.034375 0.053125
0 0.83203125 0.45 0.025 0.0484375
0 0.4453125 0.0515625 0.0234375 0.0390625
0 0.1453125 0.534375 0.0375 0.0546875
0 0.021875 0.55625 0.0421875 0.0546875
0 0.984375 0.440625 0.0296875 0.053125
0 0.64296875 0.4875 0.034375 0.053125
0 0.165625 0.55078125 0.028125 0.0390625
0 0.846875 0.0140625 0.028125 0.028125
0 0.44921875 0.52265625 0.0328125 0.04375
0 0.22421875 0.553125 0.0328125 0.0484375
0 0.87734375 0.475 0.034375 0.053125
0 0.28671875 0.56328125 0.028125 0.04375
0 0.26171875 0.5734375 0.0234375 0.04375
0 0.3171875 0.56640625 0.034375 0.053125
0 0.59296875 0.5328125 0.0296875 0.053125
0 0.0875 0.59453125 0.0421875 0.0546875
0 0.6734375 0.5296875 0.0390625 0.059375
0 0.86484375 0.5109375 0.034375 0.053125
0 0.18046875 0.59765625 0.034375 0.053125
0 0.38046875 0.57265625 0.0296875 0.053125
0 0.50390625 0.5671875 0.034375 0.053125
0 0.775 0.5359375 0.034375 0.0578125
0 0.1203125 0.61875 0.028125 0.0390625
0 0.9078125 0.534375 0.0359375 0.0625
0 0.425 0.59609375 0.034375 0.0578125
0 0.55625 0.58203125 0.04375 0.059375
0 0.15078125 0.63671875 0.0359375 0.040625
0 0.20703125 0.63828125 0.0328125 0.0484375
0 0.68671875 0.5796875 0.034375 0.053125
0 0.88984375 0.55703125 0.0375 0.0546875
0 0.496875 0.61015625 0.0390625 0.06875
0 0.290625 0.6375 0.028125 0.0390625
0 0.73828125 0.0296875 0.028125 0.04375
0 0.11484375 0.6734375 0.0328125 0.04375
0 0.76875 0.59765625 0.0296875 0.053125
0 0.8203125 0.603125 0.0234375 0.0390625
0 0.396875 0.66484375 0.04375 0.06875
0 0.63359375 0.64140625 0.0328125 0.04375
0 0.04375 0.71640625 0.04375 0.059375
0 0.29765625 0.0890625 0.028125 0.04375
0 0.12578125 0.11015625 0.0296875 0.053125
0 0.62421875 0.0484375 0.034375 0.053125
0 0.33125 0.6859375 0.04375 0.06875
0 0.14140625 0.71640625 0.0390625 0.059375
0 0.66640625 0.6546875 0.034375 0.0578125
0 0.1703125 0.7203125 0.034375 0.0578125
0 0.2203125 0.10078125 0.0234375 0.04375
0 0.85390625 0.64765625 0.034375 0.0578125
0 0.9921875 0.634375 0.015625 0.06875
0 0.5015625 0.703125 0.034375 0.053125
0 0.059375 0.76640625 0.034375 0.053125
0 0.728125 0.040625 0.025 0.0484375
0 0.66015625 0.70390625 0.034375 0.0578125
0 0.175 0.775 0.0375 0.05
0 0.2546875 0.76796875 0.034375 0.053125
0 0.20703125 0.10703125 0.028125 0.04375
0 0.4140625 0.7484375 0.0296875 0.053125
0 0.4328125 0.7484375 0.0296875 0.0578125
0 0.803125 0.703125 0.04375 0.059375
0 0.53828125 0.75625 0.034375 0.053125
0 0.57734375 0.75390625 0.0390625 0.06875
0 0.3375 0.790625 0.0328125 0.0484375
0 0.7515625 0.74453125 0.0328125 0.0484375
0 0.93359375 0.72265625 0.04375 0.06875
0 0.06015625 0.1296875 0.0328125 0.0484375
0 0.3765625 0.80390625 0.028125 0.0390625
0 0.14140625 0.84921875 0.0375 0.0546875
0 0.1703125 0.11875 0.0265625 0.034375
0 0.27265625 0.10859375 0.028125 0.04375
0 0.45390625 0.0859375 0.0265625 0.034375
0 0.109375 0.871875 0.028125 0.04375
0 0.746875 0.79609375 0.028125 0.0484375
0 0.20390625 0.86328125 0.0375 0.0453125
0 0.38046875 0.85078125 0.028125 0.0484375
0 0.33359375 0.85859375 0.0359375 0.071875
0 0.715625 0.81640625 0.04375 0.059375
0 0.44765625 0.8515625 0.0421875 0.0546875
0 0.16328125 0.89296875 0.0296875 0.053125
0 0.640625 0.8484375 0.034375 0.053125
0 0.20625 0.9046875 0.0390625 0.06875
0 0.98984375 0.83671875 0.0203125 0.0453125
0 0.88515625 0.8609375 0.04375 0.059375
0 0.38359375 0.1015625 0.028125 0.04375
0 0.2546875 0.95 0.0453125 0.078125
0 0.19140625 0.96640625 0.0390625 0.0671875
0 0.9859375 0.87109375 0.028125 0.0546875
0 0.15390625 0.13203125 0.021875 0.0296875
0 0.565625 0.08359375 0.0375 0.0546875
0 0.60703125 0.93671875 0.0421875 0.0546875
0 0.3 0.97109375 0.04375 0.0578125
0 0.8359375 0.92109375 0.0421875 0.0546875
0 0.39140625 0.978125 0.0421875 0.04375
0 0.8234375 0.05390625 0.028125 0.0484375
0 0.2375 0.13046875 0.021875 0.034375
0 0.36015625 0.134375 0.028125 0.0484375
0 0.7328125 0.09375 0.028125 0.0484375
0 0.175 0.16484375 0.0265625 0.034375
0 0.0296875 0.2015625 0.028125 0.04375
0 0.8078125 0.10546875 0.0375 0.0453125
0 0.6796875 0.1234375 0.028125 0.04375
0 0.303125 0.175 0.028125 0.0484375
0 0.9171875 0.09921875 0.025 0.0484375
0 0.08515625 0.2015625 0.0234375 0.0390625
0 0.71640625 0.1328125 0.0328125 0.0484375
0 0.42265625 0.17109375 0.028125 0.04375
0 0.1078125 0.209375 0.028125 0.04375
0 0.13515625 0.20859375 0.028125 0.04375
0 0.190625 0.20625 0.0234375 0.0390625
0 0.0828125 0.06640625 0.0328125 0.040625
0 0.3578125 0.03046875 0.021875 0.034375
0 0.8640625 0.12421875 0.028125 0.04375
0 0.28828125 0.2015625 0.0328125 0.0484375
0 0.3671875 0.19453125 0.028125 0.0484375
0 0.4703125 0.184375 0.028125 0.0390625
0 0.1859375 0.2234375 0.0296875 0.0578125
0 0.6296875 0.16953125 0.028125 0.0484375
0 0.0328125 0.246875 0.0234375 0.04375
0 0.23984375 0.221875 0.028125 0.0390625
0 0.73125 0.16171875 0.0234375 0.04375
0 0.515625 0.190625 0.0234375 0.04375
0 0.25859375 0.22421875 0.028125 0.04375
0 0.49765625 0.19921875 0.021875 0.025
0 0.778125 0.16484375 0.025 0.0484375
0 0.103125 0.25 0.028125 0.04375
0 0.46875 0.2078125 0.0328125 0.04375
0 0.35234375 0.22421875 0.028125 0.0390625
0 0.02890625 0.27109375 0.0234375 0.04375
0 0.06328125 0.26953125 0.028125 0.0390625
0 0.62265625 0.0140625 0.0328125 0.028125
0 0.29453125 0.25234375 0.025 0.0578125
0 0.4328125 0.23515625 0.028125 0.0390625
0 0.50625 0.228125 0.028125 0.0484375
0 0.359375 0.2484375 0.0234375 0.0390625
0 0.75 0.20078125 0.028125 0.04375
0 0.02421875 0.2921875 0.0234375 0.04375
0 0.73203125 0.20546875 0.028125 0.04375
0 0.24609375 0.26953125 0.028125 0.04375
0 0.54921875 0.23515625 0.0234375 0.04375
0 0.528125 0.2375 0.025 0.0484375
0 0.5671875 0.2328125 0.0328125 0.040625
0 0.58359375 0.23046875 0.034375 0.0578125
0 0.70078125 0.21875 0.028125 0.0484375