0 0.25859375 0.16015625 0.0921875 0.1390625
0 0.415625 0.203125 0.0859375 0.128125
0 0.33515625 0.20546875 0.0734375 0.1046875
0 0.596875 0.2921875 0.08125 0.1328125
0 0.52265625 0.28515625 0.0875 0.146875
0 0.3671875 0.2828125 0.0734375 0.1046875
0 0.71328125 0.0578125 0.0484375 0.06875
0 0.82109375 0.07265625 0.059375 0.0703125
0 0.81953125 0.35546875 0.1234375 0.1796875
0 0.70234375 0.34140625 0.109375 0.171875
0 0.43828125 0.3234375 0.0859375 0.1328125
0 0.265625 0.3015625 0.0859375 0.128125
0 0.92421875 0.1015625 0.0953125 0.103125
0 0.3203125 0.46328125 0.0921875 0.1390625
0 0.48515625 0.48828125 0.1046875 0.1625
0 0.5890625 0.06796875 0.0625 0.0984375
0 0.8703125 0.1265625 0.0515625 0.0796875
0 0.525 0.0921875 0.0578125 0.0625
0 0.70234375 0.12578125 0.040625 0.0640625
0 0.81953125 0.1421875 0.06875 0.103125
0 0.634375 0.12578125 0.075 0.1234375
0 0.434375 0.1 0.0640625 0.103125
0 0.153125 0.0703125 0.065625 0.1171875
0 0.33359375 0.10703125 0.0625 0.0984375
0 0.71015625 0.16484375 0.0671875 0.1265625
0 0.90703125 0.19765625 0.1015625 0.140625
0 0.20703125 0.1109375 0.0546875 0.075
0 0.38984375 0.13671875 0.0515625 0.084375
0 0.50546875 0.16640625 0.0640625 0.103125
0 0.7421875 0.20703125 0.0640625 0.0765625