0 0.3546875 0.15 0.021875 0.0171875
0 0.31640625 0.16015625 0.0265625 0.01875
0 0.22890625 0.18125 0.0171875 0.021875
0 0.23515625 0.1796875 0.0171875 0.0171875
0 0.34453125 0.159375 0.0109375 0.0109375
0 0.32734375 0.165625 0.0171875 0.0171875
0 0.2453125 0.1921875 0.021875 0.021875
0 0.2078125 0.203125 0.0171875 0.021875
0 0.29375 0.18671875 0.0171875 0.021875
0 0.26796875 0.196875 0.021875 0.021875
0 0.3328125 0.18984375 0.01875 0.0265625
0 0.209375 0.2234375 0.0234375 0.03125
0 0.2578125 0.21796875 0.0234375 0.0265625
0 0.35703125 0.196875 0.028125 0.028125
0 0.4234375 0.196875 0.021875 0.021875
0 0.33828125 0.22890625 0.0234375 0.0265625
0 0.2984375 0.2421875 0.028125 0.0328125
0 0.5484375 0.19453125 0.034375 0.0421875
0 0.62421875 0.1828125 0.028125 0.028125
0 0.5 0.21171875 0.025 0.0359375
0 0.16171875 0.2875 0.0234375 0.0265625
0 0.478125 0.2203125 0.021875 0.021875
0 0.5828125 0.1984375 0.040625 0.0515625
0 0.01953125 0.31953125 0.0390625 0.0515625
0 0.4046875 0.240625 0.03125 0.040625
0 0.45078125 0.23359375 0.025 0.0359375
0 0.53671875 0.2171875 0.0234375 0.0265625
0 0.2921875 0.26953125 0.0296875 0.0359375
0 0.3859375 0.2515625 0.0296875 0.0359375
0 0.43046875 0.2421875 0.03125 0.040625
0 0.21875 0.28984375 0.0296875 0.0359375
0 0.6515625 0.19765625 0.03125 0.040625
0 0.33671875 0.2671875 0.028125 0.028125
0 0.528125 0.22890625 0.0359375 0.046875
0 0.265625 0.28671875 0.0328125 0.05
0 0.75234375 0.18359375 0.0484375 0.0671875
0 0.24296875 0.29453125 0.03125 0.0453125
0 0.5046875 0.24375 0.025 0.0359375
0 0.1859375 0.31328125 0.0515625 0.0625
0 0.62890625 0.22890625 0.0421875 0.0609375
0 0.090625 0.34375 0.0390625 0.0421875
0 0.4296875 0.27109375 0.03125 0.040625
0 0.4984375 0.26171875 0.040625 0.0640625
0 0.22265625 0.3296875 0.03125 0.040625
0 0.315625 0.3125 0.040625 0.0515625
0 0.5921875 0.25390625 0.0328125 0.05
0 0.128125 0.3546875 0.05 0.053125
0 0.0234375 0.37890625 0.046875 0.0578125
0 0.409375 0.29609375 0.046875 0.0578125
0 0.109375 0.375 0.03125 0.0453125
0 0.25390625 0.34375 0.0515625 0.0578125
0 0.5546875 0.2921875 0.0640625 0.078125
0 0.45703125 0.31953125 0.046875 0.0578125
0 0.92109375 0.23046875 0.0625 0.0734375
0 0.6875 0.2828125 0.046875 0.0625
0 0.8265625 0.25546875 0.0515625 0.0578125
0 0.73125 0.28515625 0.071875 0.0984375
0 0.3171875 0.3890625 0.075 0.084375
0 0.89375 0.271875 0.065625 0.0875
0 0.44375 0.36953125 0.075 0.1109375
0 0.8015625 0.303125 0.071875 0.0765625
0 0.6421875 0.34453125 0.0453125 0.075
0 0.703125 0.33359375 0.0515625 0.0625
0 0.03359375 0.48203125 0.0671875 0.0890625
0 0.578125 0.37734375 0.0828125 0.1078125
0 0.49453125 0.3953125 0.0640625 0.078125
0 0.1 0.48984375 0.0765625 0.0984375
0 0.16796875 0.47578125 0.0703125 0.0890625
0 0.4109375 0.4265625 0.0453125 0.053125
0 0.28203125 0.46796875 0.059375 0.078125
0 0.02890625 0.53359375 0.0375 0.0515625
0 0.8515625 0.40625 0.1046875 0.1484375
0 0.9609375 0.609375 0.078125 0.284375