0 0.56640625 0.32265625 0.0546875 0.0453125
0 0.31484375 0.346875 0.040625 0.04375
0 0.69609375 0.32265625 0.040625 0.0484375
0 0.1828125 0.3765625 0.0421875 0.0578125
0 0.26953125 0.36875 0.0359375 0.04375
0 0.6328125 0.3390625 0.03125 0.0390625
0 0.13828125 0.396875 0.0484375 0.0359375
0 0.22734375 0.3890625 0.046875 0.0734375
0 0.440625 0.37265625 0.0390625 0.03125
0 0.01015625 0.41015625 0.0203125 0.0578125
0 0.834375 0.33828125 0.046875 0.06875
0 0.65 0.35703125 0.040625 0.053125
0 0.48203125 0.3734375 0.0328125 0.0484375
0 0.75859375 0.34921875 0.0484375 0.078125
0 0.31171875 0.390625 0.075 0.075
0 0.9203125 0.3375 0.046875 0.0734375
0 0.14765625 0.4078125 0.0390625 0.0265625
0 0.40625 0.38515625 0.040625 0.053125
0 0.31015625 0.3984375 0.065625 0.0796875
0 0.36015625 0.39375 0.0515625 0.0734375
0 0.5953125 0.3734375 0.0453125 0.059375
0 0.50390625 0.38125 0.0515625 0.06875
0 0.79140625 0.35625 0.0453125 0.05
0 0.71796875 0.3671875 0.0421875 0.0671875
0 0.1296875 0.4328125 0.05 0.05
0 0.0078125 0.4453125 0.015625 0.065625
0 0.5515625 0.3984375 0.071875 0.09375
0 0.90703125 0.37109375 0.05625 0.0640625
0 0.865625 0.375 0.0359375 0.053125
0 0.16875 0.43828125 0.075 0.075
0 0.6890625 0.4015625 0.046875 0.0640625
0 0.64296875 0.40625 0.05625 0.0640625
0 0.1125 0.45703125 0.0375 0.0578125
0 0.0296875 0.46640625 0.0453125 0.0453125
0 0.45 0.4296875 0.0796875 0.075
0 0.9578125 0.39453125 0.078125 0.1078125
0 0.784375 0.41015625 0.0703125 0.065625
0 0.075 0.4765625 0.075 0.075
0 0.9109375 0.4203125 0.0609375 0.06875
0 0.8515625 0.42734375 0.06875 0.0515625
0 0.64453125 0.45078125 0.0765625 0.084375
0 0.29453125 0.4875 0.1453125 0.1359375
0 0.0828125 0.5109375 0.0640625 0.0609375
0 0.028125 0.5203125 0.0515625 0.0640625
0 0.70390625 0.465625 0.08125 0.09375
0 0.81875 0.47421875 0.1359375 0.0859375
0 0.203125 0.56015625 0.1875 0.1625
0 0.03671875 0.59140625 0.0671875 0.084375
0 0.6984375 0.5640625 0.1390625 0.1171875
0 0.4203125 0.60390625 0.103125 0.1234375
0 0.815625 0.57421875 0.1046875 0.1375
0 0.56328125 0.61484375 0.1046875 0.1375
0 0.03203125 0.6984375 0.0421875 0.11875
0 0.70234375 0.68671875 0.1515625 0.1546875
0 0.46796875 0.8 0.2203125 0.275
0 0.8421875 0.80234375 0.1984375 0.2875
0 0.065625 0.96328125 0.059375 0.0734375