0 0.4109375 0.3953125 0.009375 0.01875
0 0.4 0.39453125 0.009375 0.0140625
0 0.4296875 0.39609375 0.009375 0.0140625
0 0.471875 0.39765625 0.0046875 0.0140625
0 0.35546875 0.3953125 0.009375 0.01875
0 0.33203125 0.396875 0.009375 0.009375
0 0.45 0.4015625 0.009375 0.0140625
0 0.29921875 0.4 0.009375 0.0140625
0 0.48671875 0.40859375 0.009375 0.0140625
0 0.4359375 0.409375 0.009375 0.009375
0 0.4890625 0.415625 0.009375 0.01875
0 0.503125 0.41875 0.009375 0.01875
0 0.54921875 0.4203125 0.015625 0.0234375
0 0.4984375 0.41875 0.009375 0.0140625
0 0.45 0.41953125 0.009375 0.0140625
0 0.56953125 0.428125 0.009375 0.01875
0 0.5234375 0.43125 0.0140625 0.01875
0 0.41875 0.4296875 0.0140625 0.0140625
0 0.48828125 0.43203125 0.0140625 0.0140625
0 0.4328125 0.43046875 0.009375 0.0140625
0 0.65078125 0.44296875 0.009375 0.0140625
0 0.6109375 0.44375 0.009375 0.0140625
0 0.6203125 0.44375 0.0140625 0.01875
0 0.96015625 0.45625 0.015625 0.0234375
0 0.2984375 0.4328125 0.0140625 0.0140625
0 0.63203125 0.44453125 0.009375 0.0140625
0 0.58125 0.44296875 0.015625 0.0234375
0 0.9734375 0.4609375 0.0203125 0.0234375
0 0.65703125 0.45703125 0.015625 0.0234375
0 0.415625 0.4484375 0.009375 0.01875
0 0.8140625 0.4625 0.015625 0.0234375
0 0.328125 0.44765625 0.009375 0.0140625
0 0.3578125 0.44921875 0.0140625 0.01875
0 0.30234375 0.446875 0.0109375 0.0234375
0 0.25859375 0.45 0.0203125 0.0234375
0 0.3234375 0.45234375 0.0140625 0.0140625
0 0.3421875 0.453125 0.009375 0.0140625
0 0.37890625 0.4546875 0.0140625 0.0140625
0 0.5203125 0.459375 0.0140625 0.0140625
0 0.79765625 0.46875 0.015625 0.0234375
0 0.8390625 0.47265625 0.01875 0.01875
0 0.30703125 0.45390625 0.015625 0.0234375
0 0.878125 0.47421875 0.015625 0.0234375
0 0.42265625 0.45859375 0.0109375 0.0234375
0 0.68125 0.46953125 0.015625 0.0234375
0 0.38828125 0.46171875 0.009375 0.01875
0 0.246875 0.459375 0.0203125 0.0234375
0 0.46171875 0.46640625 0.0140625 0.0140625
0 0.50546875 0.46796875 0.0140625 0.01875
0 0.2859375 0.46015625 0.015625 0.0234375
0 0.55390625 0.46953125 0.015625 0.0234375
0 0.91484375 0.484375 0.0203125 0.0328125
0 0.72265625 0.47734375 0.0140625 0.01875
0 0.78125 0.48203125 0.0203125 0.0234375
0 0.396875 0.4703125 0.015625 0.0234375
0 0.43828125 0.471875 0.015625 0.0234375
0 0.4890625 0.47578125 0.0140625 0.0140625
0 0.8546875 0.4890625 0.015625 0.0234375
0 0.64453125 0.48359375 0.0140625 0.01875
0 0.40625 0.47578125 0.015625 0.0234375
0 0.325 0.47265625 0.015625 0.028125
0 0.56328125 0.48125 0.015625 0.0234375
0 0.8296875 0.49296875 0.0140625 0.01875
0 0.334375 0.47578125 0.015625 0.0234375
0 0.45234375 0.48203125 0.0203125 0.0234375
0 0.5265625 0.484375 0.015625 0.0234375
0 0.97421875 0.5 0.015625 0.0234375
0 0.378125 0.4796875 0.015625 0.0234375
0 0.46875 0.4828125 0.015625 0.0234375
0 0.5390625 0.48984375 0.015625 0.028125
0 0.503125 0.48828125 0.0203125 0.0234375
0 0.875 0.50390625 0.015625 0.0234375
0 0.6203125 0.496875 0.015625 0.0234375
0 0.721875 0.50078125 0.0203125 0.0234375
0 0.3515625 0.48984375 0.015625 0.028125
0 0.65078125 0.50546875 0.0140625 0.01875
0 0.58828125 0.503125 0.0203125 0.0234375
0 0.634375 0.50703125 0.015625 0.028125
0 0.40703125 0.5015625 0.01875 0.01875
0 0.3609375 0.50234375 0.0203125 0.028125
0 0.2640625 0.50078125 0.0203125 0.028125
0 0.6171875 0.515625 0.01875 0.01875
0 0.71875 0.51953125 0.01875 0.01875
0 0.66796875 0.52265625 0.0203125 0.028125
0 0.46015625 0.5171875 0.0234375 0.015625
0 0.478125 0.52265625 0.0140625 0.0140625
0 0.68828125 0.53671875 0.0203125 0.028125
0 0.3375 0.525 0.0203125 0.0328125
0 0.61484375 0.534375 0.0203125 0.028125
0 0.59296875 0.53515625 0.0203125 0.0328125
0 0.52734375 0.5328125 0.0203125 0.0328125
0 0.21484375 0.52421875 0.0296875 0.0328125
0 0.49375 0.53671875 0.015625 0.0375
0 0.39921875 0.53359375 0.0203125 0.0375
0 0.4640625 0.5375 0.0203125 0.0328125
0 0.5078125 0.54140625 0.0203125 0.0328125
0 0.47734375 0.55234375 0.025 0.0421875
0 0.81015625 0.56875 0.0296875 0.0328125
0 0.26640625 0.56875 0.025 0.0375
0 0.55078125 0.578125 0.0203125 0.0375
0 0.36484375 0.57890625 0.0203125 0.0328125
0 0.68203125 0.5921875 0.0296875 0.0421875
0 0.98671875 0.61015625 0.0203125 0.0328125
0 0.6609375 0.60234375 0.0296875 0.046875
0 0.7828125 0.609375 0.025 0.046875
0 0.8390625 0.625 0.025 0.0421875
0 0.97890625 0.6421875 0.034375 0.046875
0 0.06328125 0.61015625 0.0390625 0.0515625
0 0.57890625 0.63046875 0.025 0.0421875
0 0.36328125 0.6296875 0.025 0.0328125
0 0.60390625 0.63828125 0.0296875 0.0515625
0 0.2109375 0.6359375 0.0296875 0.0421875
0 0.11953125 0.64375 0.0203125 0.0375
0 0.3625 0.659375 0.025 0.0421875
0 0.225 0.6640625 0.015625 0.0234375
0 0.2578125 0.68125 0.025 0.0421875
0 0.75703125 0.70390625 0.04375 0.0609375
0 0.13203125 0.69375 0.034375 0.0515625
0 0.6109375 0.71015625 0.034375 0.05625
0 0.21171875 0.7078125 0.0203125 0.0609375
0 0.38359375 0.725 0.0578125 0.0671875
0 0.23984375 0.7296875 0.034375 0.065625
0 0.95625 0.7875 0.0640625 0.0984375
0 0.32421875 0.834375 0.0875 0.1234375
0 0.39765625 0.8375 0.0546875 0.1125
0 0.7609375 0.85390625 0.05 0.09375
0 0.915625 0.86171875 0.125 0.125
0 0.6890625 0.865625 0.0859375 0.090625