0 0.62890625 0.01796875 0.0140625 0.0078125
0 0.5828125 0.02578125 0.0171875 0.0171875
0 0.4046875 0.003125 0.01875 0.00625
0 0.928125 0.0953125 0.0140625 0.025
0 0.1890625 0.12109375 0.01875 0.025
0 0.0734375 0.0984375 0.0140625 0.0296875
0 0.640625 0.21640625 0.0171875 0.0203125
0 0.959375 0.2828125 0.01875 0.025
0 0.94140625 0.2796875 0.01875 0.025
0 0.60625 0.21875 0.0171875 0.0203125
0 0.14296875 0.12890625 0.01875 0.025
0 0.3359375 0.16875 0.01875 0.025
0 0.6921875 0.23828125 0.0125 0.0203125
0 0.778125 0.2546875 0.0140625 0.025
0 0.83203125 0.0765625 0.0125 0.015625
0 0.303125 0.16484375 0.01875 0.0296875
0 0.32109375 0.1734375 0.01875 0.025
0 0.1140625 0.1328125 0.01875 0.025
0 0.58828125 0.225 0.0171875 0.0171875
0 0.134375 0.13671875 0.0171875 0.0171875
0 0.0953125 0.12890625 0.0234375 0.03125
0 0.9046875 0.28671875 0.0125 0.0203125
0 0.51796875 0.2140625 0.0171875 0.0203125
0 0.67890625 0.2453125 0.0125 0.0203125
0 0.921875 0.29609375 0.01875 0.025
0 0.83203125 0.28125 0.0125 0.015625
0 0.66875 0.2515625 0.0125 0.015625
0 0.5953125 0.23984375 0.0125 0.0203125
0 0.653125 0.25625 0.0171875 0.0171875
0 0.81953125 0.28828125 0.0125 0.0203125
0 0.94453125 0.3125 0.01875 0.0296875
0 0.5625 0.240625 0.0125 0.015625
0 0.71640625 0.2703125 0.0171875 0.0171875
0 0.9703125 0.32265625 0.01875 0.025
0 0.4859375 0.23046875 0.0125 0.0203125
0 0.7359375 0.2796875 0.0125 0.0203125
0 0.4953125 0.2328125 0.0140625 0.025
0 0.96015625 0.32734375 0.0171875 0.0171875
0 0.54140625 0.25078125 0.01875 0.025
0 0.65390625 0.27734375 0.0171875 0.0203125
0 0.6265625 0.275 0.01875 0.025
0 0.246875 0.20078125 0.01875 0.025
0 0.71015625 0.290625 0.01875 0.025
0 0.2578125 0.20546875 0.0171875 0.0203125
0 0.32578125 0.22109375 0.0171875 0.0171875
0 0.6 0.2765625 0.0171875 0.0203125
0 0.1296875 0.18515625 0.01875 0.025
0 0.14609375 0.18828125 0.0171875 0.0203125
0 0.51953125 0.26328125 0.0140625 0.025
0 0.5265625 0.26484375 0.0140625 0.025
0 0.78984375 0.31875 0.01875 0.025
0 0.5875 0.27890625 0.0171875 0.0203125
0 0.353125 0.2359375 0.01875 0.025
0 0.4234375 0.2515625 0.0171875 0.0203125
0 0.9953125 0.365625 0.009375 0.025
0 0.915625 0.35234375 0.0234375 0.0265625
0 0.315625 0.23828125 0.01875 0.025
0 0.9859375 0.36875 0.0140625 0.025
0 0.76640625 0.328125 0.0171875 0.0203125
0 0.8984375 0.09921875 0.0125 0.0203125
0 0.21640625 0.22265625 0.01875 0.025
0 0.55234375 0.29296875 0.01875 0.025
0 0.7453125 0.3328125 0.0125 0.0203125
0 0.57578125 0.30234375 0.0171875 0.0203125
0 0.2015625 0.2296875 0.01875 0.025
0 0.73046875 0.334375 0.0171875 0.0203125
0 0.39296875 0.271875 0.01875 0.0296875
0 0.6796875 0.32734375 0.0171875 0.0203125
0 0.8203125 0.3546875 0.01875 0.025
0 0.26796875 0.24921875 0.01875 0.025
0 0.70859375 0.33515625 0.01875 0.025
0 0.25390625 0.2515625 0.01875 0.025
0 0.80390625 0.35859375 0.0171875 0.0203125
0 0.0734375 0.22109375 0.0125 0.0203125
0 0.7 0.34296875 0.01875 0.025
0 0.97890625 0.40234375 0.0125 0.015625
0 0.68359375 0.346875 0.01875 0.025
0 0.85390625 0.38046875 0.0171875 0.0171875
0 0.42109375 0.30078125 0.01875 0.025
0 0.98828125 0.41328125 0.0234375 0.0265625
0 0.49921875 0.3234375 0.01875 0.025
0 0.8546875 0.396875 0.01875 0.025
0 0.04609375 0.23984375 0.0140625 0.025
0 0.10390625 0.25625 0.0234375 0.0265625
0 0.40390625 0.3140625 0.01875 0.025
0 0.9046875 0.1046875 0.0171875 0.0203125
0 0.48359375 0.33203125 0.0171875 0.0203125
0 0.77421875 0.38828125 0.01875 0.025
0 0.82578125 0.3984375 0.01875 0.025
0 0.46015625 0.3296875 0.0171875 0.0203125
0 0.7484375 0.3859375 0.01875 0.025
0 0.08203125 0.26015625 0.0234375 0.0265625
0 0.38125 0.32109375 0.01875 0.025
0 0.91328125 0.42421875 0.0171875 0.0203125
0 0.37265625 0.31953125 0.01875 0.025
0 0.81015625 0.409375 0.0171875 0.0203125
0 0.8875 0.42421875 0.0171875 0.0203125
0 0.97109375 0.1171875 0.0171875 0.0171875
0 0.55859375 0.0390625 0.0171875 0.0203125
0 0.803125 0.4125 0.0140625 0.025
0 0.25390625 0.3078125 0.01875 0.025
0 0.26953125 0.315625 0.0125 0.0203125
0 0.0421875 0.271875 0.01875 0.0296875
0 0.4484375 0.353125 0.0125 0.0203125
0 0.059375 0.2796875 0.01875 0.025
0 0.525 0.37265625 0.0171875 0.0171875
0 0.4328125 0.35703125 0.01875 0.025
0 0.87578125 0.44609375 0.01875 0.025
0 0.87109375 0.06796875 0.0109375 0.0109375
0 0.778125 0.4265625 0.01875 0.025
0 0.86015625 0.4453125 0.0171875 0.0203125
0 0.4125 0.3578125 0.0171875 0.0203125
0 0.35234375 0.3484375 0.01875 0.025
0 0.12421875 0.30703125 0.01875 0.025
0 0.76328125 0.43125 0.0171875 0.0203125
0 0.82109375 0.446875 0.0171875 0.0171875
0 0.5125 0.38671875 0.01875 0.025
0 0.29609375 0.34765625 0.01875 0.025
0 0.33203125 0.35703125 0.01875 0.025
0 0.75234375 0.43828125 0.01875 0.025
0 0.11171875 0.3140625 0.01875 0.025
0 0.3703125 0.36640625 0.0171875 0.0203125
0 0.49765625 0.39140625 0.01875 0.025
0 0.5984375 0.41796875 0.01875 0.0296875
0 0.47109375 0.3953125 0.01875 0.025
0 0.81640625 0.4625 0.021875 0.021875
0 0.09140625 0.321875 0.01875 0.025
0 0.73359375 0.446875 0.0171875 0.0171875
0 0.190625 0.34375 0.0203125 0.0171875
0 0.97734375 0.496875 0.01875 0.025
0 0.7203125 0.4484375 0.0171875 0.0203125
0 0.06015625 0.321875 0.01875 0.025
0 0.5734375 0.42421875 0.0203125 0.034375
0 0.965625 0.5078125 0.0171875 0.0171875
0 0.04765625 0.3296875 0.0234375 0.0265625
0 0.53828125 0.425 0.01875 0.025
0 0.5515625 0.42734375 0.0171875 0.0203125
0 0.3671875 0.39375 0.0171875 0.0171875
0 0.1890625 0.36171875 0.0125 0.0203125
0 0.15078125 0.35390625 0.0125 0.0203125
0 0.81171875 0.48515625 0.0125 0.0203125
0 0.94609375 0.5109375 0.0203125 0.0171875
0 0.78359375 0.484375 0.0140625 0.025
0 0.5140625 0.4390625 0.01875 0.025
0 0.62109375 0.46015625 0.01875 0.025
0 0.353125 0.4078125 0.0171875 0.0203125
0 0.93828125 0.52421875 0.021875 0.021875
0 0.125 0.365625 0.01875 0.025
0 0.5015625 0.44140625 0.01875 0.025
0 0.921875 0.52578125 0.0171875 0.0203125
0 0.771875 0.4984375 0.0171875 0.0203125
0 0.67265625 0.48203125 0.0171875 0.0203125
0 0.25 0.40234375 0.01875 0.025
0 0.90703125 0.5296875 0.021875 0.021875
0 0.021875 0.36484375 0.0140625 0.0296875
0 0.9875 0.55234375 0.0171875 0.0203125
0 0.56640625 0.47578125 0.01875 0.0296875
0 0.28203125 0.42265625 0.0203125 0.034375
0 0.6515625 0.496875 0.0125 0.0203125
0 0.17421875 0.40390625 0.0171875 0.0171875
0 0.63984375 0.49609375 0.01875 0.025
0 0.08984375 0.3890625 0.0140625 0.025
0 0.9890625 0.56875 0.0125 0.015625
0 0.26171875 0.42734375 0.0140625 0.0296875
0 0.96796875 0.5671875 0.0171875 0.0203125
0 0.546875 0.4875 0.01875 0.025
0 0.7109375 0.521875 0.01875 0.0296875
0 0.4484375 0.4734375 0.0171875 0.0203125
0 0.62109375 0.509375 0.01875 0.0296875
0 0.4265625 0.4765625 0.01875 0.025
0 0.53203125 0.5015625 0.0171875 0.0203125
0 0.94609375 0.58203125 0.0203125 0.0171875
0 0.21171875 0.44375 0.01875 0.025
0 0.9609375 0.58984375 0.01875 0.025
0 0.68125 0.5375 0.01875 0.0296875
0 0.32265625 0.46796875 0.01875 0.025
0 0.61015625 0.52890625 0.01875 0.0296875
0 0.76171875 0.56015625 0.01875 0.0296875
0 0.58515625 0.52578125 0.0234375 0.03125
0 0.5015625 0.5171875 0.01875 0.025
0 0.93984375 0.60234375 0.01875 0.0296875
0 0.30078125 0.48046875 0.01875 0.025
0 0.12109375 0.4453125 0.0234375 0.0265625
0 0.19375 0.46171875 0.01875 0.025
0 0.66796875 0.55625 0.01875 0.0296875
0 0.5703125 0.5375 0.0140625 0.0296875
0 0.6828125 0.08046875 0.0125 0.015625
0 0.86640625 0.11640625 0.0125 0.0203125
0 0.73828125 0.57265625 0.021875 0.021875
0 0.9109375 0.60625 0.0171875 0.0171875
0 0.98046875 0.62421875 0.0140625 0.025
0 0.64765625 0.56171875 0.0171875 0.0203125
0 0.96796875 0.62578125 0.021875 0.021875
0 0.3703125 0.5125 0.01875 0.025
0 0.55703125 0.5484375 0.01875 0.025
0 0.89921875 0.61484375 0.0234375 0.0265625
0 0.27734375 0.49453125 0.01875 0.0296875
0 0.6296875 0.5625 0.01875 0.0296875
0 0.2390625 0.49375 0.0171875 0.0203125
0 0.53671875 0.5515625 0.0171875 0.0203125
0 0.71875 0.58671875 0.028125 0.0328125
0 0.25703125 0.5 0.01875 0.025
0 0.80703125 0.60859375 0.0171875 0.0203125
0 0.0515625 0.46484375 0.0171875 0.0203125
0 0.3578125 0.5265625 0.01875 0.0296875
0 0.0625 0.46875 0.0125 0.0203125
0 0.15546875 0.4875 0.01875 0.025
0 0.79453125 0.61171875 0.0171875 0.0203125
0 0.51875 0.5625 0.0171875 0.0171875
0 0.22890625 0.5109375 0.0171875 0.0203125
0 0.1359375 0.4953125 0.01875 0.025
0 0.33359375 0.53359375 0.0234375 0.03125
0 0.68984375 0.603125 0.0234375 0.0265625
0 0.61875 0.59140625 0.0171875 0.0203125
0 0.84765625 0.63828125 0.0171875 0.0171875
0 0.78125 0.63046875 0.01875 0.0296875
0 0.57734375 0.590625 0.01875 0.0296875
0 0.68125 0.6109375 0.0234375 0.03125
0 0.43359375 0.56484375 0.0203125 0.034375
0 0.303125 0.5421875 0.0234375 0.03125
0 0.1078125 0.50390625 0.01875 0.0296875
0 0.5453125 0.59375 0.01875 0.025
0 0.7625 0.640625 0.01875 0.025
0 0.6578125 0.6203125 0.01875 0.0296875
0 0.08984375 0.51015625 0.0234375 0.03125
0 0.7375 0.63828125 0.0125 0.0203125
0 0.834375 0.65703125 0.021875 0.021875
0 0.40234375 0.57578125 0.0171875 0.0203125
0 0.51171875 0.5984375 0.0171875 0.0203125
0 0.6421875 0.6265625 0.01875 0.025
0 0.175 0.53515625 0.01875 0.0296875
0 0.60234375 0.071875 0.0125 0.0203125
0 0.2578125 0.009375 0.01875 0.01875
0 0.159375 0.53984375 0.0171875 0.0203125
0 0.36640625 0.5796875 0.0234375 0.03125
0 0.8953125 0.6875 0.01875 0.0296875
0 0.728125 0.66015625 0.0234375 0.0265625
0 0.8125 0.678125 0.025 0.034375
0 0.34765625 0.590625 0.01875 0.025
0 0.7796875 0.67421875 0.0171875 0.0171875
0 0.9953125 0.15 0.009375 0.015625
0 0.253125 0.571875 0.01875 0.025
0 0.82734375 0.68359375 0.0171875 0.0203125
0 0.7078125 0.665625 0.0171875 0.0203125
0 0.3328125 0.5921875 0.01875 0.0296875
0 0.8703125 0.696875 0.0125 0.0203125
0 0.60078125 0.64921875 0.021875 0.021875
0 0.4390625 0.6203125 0.01875 0.0296875
0 0.15390625 0.5671875 0.01875 0.0296875
0 0.01875 0.5484375 0.01875 0.0296875
0 0.68515625 0.67734375 0.0234375 0.03125
0 0.77578125 0.6953125 0.01875 0.025
0 0.23671875 0.5953125 0.0234375 0.0265625
0 0.32890625 0.61328125 0.01875 0.025
0 0.4203125 0.63125 0.025 0.034375
0 0.2171875 0.59375 0.01875 0.0296875
0 0.28671875 0.61484375 0.0203125 0.0171875
0 0.4078125 0.04140625 0.0171875 0.0171875
0 0.9203125 0.74140625 0.0171875 0.0203125
0 0.83359375 0.725 0.021875 0.021875
0 0.190625 0.60234375 0.0234375 0.03125
0 0.7640625 0.71640625 0.01875 0.0296875
0 0.37734375 0.64296875 0.0140625 0.0296875
0 0.9046875 0.74609375 0.0171875 0.0203125
0 0.253125 0.6265625 0.0234375 0.03125
0 0.546875 0.6859375 0.01875 0.0296875
0 0.0625 0.59140625 0.01875 0.0296875
0 0.74609375 0.72421875 0.01875 0.0296875
0 0.76171875 0.1125 0.0171875 0.0203125
0 0.83203125 0.74375 0.0171875 0.0203125
0 0.36640625 0.653125 0.01875 0.0296875
0 0.2890625 0.640625 0.0171875 0.0203125
0 0.7953125 0.74140625 0.01875 0.0296875
0 0.44609375 0.68046875 0.01875 0.025
0 0.53046875 0.696875 0.0234375 0.03125
0 0.7796875 0.115625 0.0125 0.0203125
0 0.984375 0.15546875 0.0125 0.0203125
0 0.03359375 0.6078125 0.0203125 0.034375
0 0.42890625 0.684375 0.0234375 0.0265625
0 0.503125 0.70078125 0.0234375 0.0265625
0 0.73515625 0.74609375 0.01875 0.025
0 0.778125 0.7546875 0.01875 0.0296875
0 0.87109375 0.775 0.01875 0.025
0 0.94609375 0.78984375 0.0125 0.0203125
0 0.86171875 0.7734375 0.0125 0.015625
0 0.71875 0.74765625 0.01875 0.0296875
0 0.1125 0.6375 0.01875 0.0296875
0 0.40234375 0.6984375 0.0171875 0.0203125
0 0.91171875 0.14375 0.0125 0.015625
0 0.67421875 0.09765625 0.0125 0.015625
0 0.31796875 0.68203125 0.01875 0.025
0 0.3390625 0.6859375 0.0234375 0.03125
0 0.5984375 0.73671875 0.0234375 0.03125
0 0.915625 0.803125 0.0203125 0.034375
0 0.48984375 0.721875 0.01875 0.025
0 0.8421875 0.7921875 0.01875 0.025
0 0.584375 0.746875 0.01875 0.0296875
0 0.30234375 0.69453125 0.0234375 0.03125
0 0.08515625 0.6546875 0.025 0.034375
0 0.29296875 0.02578125 0.0140625 0.025
0 0.28046875 0.6953125 0.025 0.0390625
0 0.46015625 0.73046875 0.0171875 0.0171875
0 0.82578125 0.80390625 0.0234375 0.03125
0 0.909375 0.8203125 0.0171875 0.0203125
0 0.015625 0.6484375 0.01875 0.0296875
0 0.64765625 0.7734375 0.0171875 0.0203125
0 0.15546875 0.6828125 0.025 0.034375
0 0.89609375 0.82734375 0.01875 0.025
0 0.45625 0.7484375 0.01875 0.0296875
0 0.8765625 0.83046875 0.01875 0.0296875
0 0.13125 0.69765625 0.01875 0.0296875
0 0.525 0.7734375 0.01875 0.0296875
0 0.43046875 0.7578125 0.025 0.034375
0 0.63515625 0.79765625 0.01875 0.0296875
0 0.53515625 0.7828125 0.0125 0.0203125
0 0.85234375 0.846875 0.0234375 0.0265625
0 0.4171875 0.7671875 0.0234375 0.03125
0 0.60546875 0.80625 0.0125 0.0203125
0 0.5984375 0.80859375 0.0234375 0.03125
0 0.7390625 0.1171875 0.0140625 0.025
0 0.21328125 0.7390625 0.0203125 0.034375
0 0.68515625 0.8328125 0.0234375 0.03125
0 0.84140625 0.86796875 0.01875 0.025
0 0.11171875 0.72578125 0.0234375 0.0265625
0 0.56953125 0.8203125 0.0234375 0.0265625
0 0.66875 0.84375 0.0140625 0.0296875
0 0.284375 0.03125 0.0171875 0.0203125
0 0.72109375 0.11640625 0.0171875 0.0171875
0 0.06875 0.7296875 0.01875 0.0296875
0 0.65859375 0.846875 0.0140625 0.0296875
0 0.19921875 0.7625 0.01875 0.0296875
0 0.746875 0.86875 0.0234375 0.03125
0 0.165625 0.76328125 0.0234375 0.03125
0 0.72265625 0.87109375 0.01875 0.0296875
0 0.475 0.07109375 0.0171875 0.0203125
0 0.459375 0.06796875 0.0171875 0.0171875
0 0.56484375 0.8453125 0.0171875 0.0203125
0 0.1296875 0.765625 0.01875 0.025
0 0.44375 0.8265625 0.0203125 0.034375
0 0.5421875 0.85078125 0.01875 0.025
0 0.4234375 0.834375 0.0234375 0.0265625
0 0.04140625 0.76015625 0.01875 0.0296875
0 0.5296875 0.85703125 0.01875 0.0296875
0 0.721875 0.89921875 0.0171875 0.0203125
0 0.80078125 0.91875 0.025 0.034375
0 0.59921875 0.884375 0.0234375 0.03125
0 0.025 0.77265625 0.0234375 0.03125
0 0.12265625 0.7921875 0.0234375 0.03125
0 0.68359375 0.903125 0.0234375 0.0265625
0 0.0875 0.7921875 0.021875 0.021875
0 0.29609375 0.8328125 0.0234375 0.0265625
0 0.4953125 0.8765625 0.025 0.034375
0 0.57734375 0.8921875 0.01875 0.0296875
0 0.48125 0.87578125 0.0203125 0.034375
0 0.82734375 0.9484375 0.01875 0.0296875
0 0.66875 0.9171875 0.0203125 0.034375
0 0.37578125 0.05625 0.0140625 0.025
0 0.9578125 0.16953125 0.0125 0.015625
0 0.6515625 0.92109375 0.0234375 0.03125
0 0.73515625 0.9421875 0.025 0.034375
0 0.27109375 0.85625 0.0234375 0.0265625
0 0.34296875 0.8703125 0.0234375 0.0265625
0 0.0796875 0.81953125 0.01875 0.0296875
0 0.53046875 0.0890625 0.0171875 0.0171875
0 0.80546875 0.96796875 0.01875 0.025
0 0.05 0.82578125 0.0171875 0.0203125
0 0.5453125 0.921875 0.01875 0.025
0 0.18359375 0.853125 0.01875 0.0296875
0 0.03046875 0.828125 0.0234375 0.03125
0 0.528125 0.925 0.0234375 0.0265625
0 0.33671875 0.88984375 0.0234375 0.0265625
0 0.7296875 0.96640625 0.0234375 0.0265625
0 0.1453125 0.85546875 0.025 0.034375
0 0.7046875 0.9640625 0.0234375 0.03125
0 0.87421875 0.990625 0.0234375 0.01875
0 0.11328125 0.865625 0.0203125 0.034375
0 0.859375 0.07265625 0.01875 0.025
0 0.4359375 0.07421875 0.0171875 0.0203125
0 0.94765625 0.17421875 0.0140625 0.025
0 0.70703125 0.12734375 0.0140625 0.025
0 0.2203125 0.89375 0.0234375 0.03125
0 0.184375 0.88671875 0.025 0.034375
0 0.590625 0.96796875 0.025 0.034375
0 0.38515625 0.93046875 0.0296875 0.0359375
0 0.096875 0.87421875 0.0203125 0.034375
0 0.5703125 0.9734375 0.0203125 0.034375
0 0.2859375 0.92109375 0.025 0.0390625
0 0.359375 0.059375 0.01875 0.025
0 0.15703125 0.02265625 0.01875 0.025
0 0.17265625 0.02578125 0.0171875 0.0203125
0 0.3203125 0.9296875 0.0296875 0.0359375
0 0.0703125 0.890625 0.0234375 0.0265625
0 0.046875 0.890625 0.025 0.034375
0 0.2671875 0.9328125 0.028125 0.0328125
0 0.64296875 0.99609375 0.0234375 0.0078125
0 0.1234375 0.0234375 0.0140625 0.025
0 0.52734375 0.10390625 0.01875 0.025
0 0.834375 0.1640625 0.0125 0.015625
0 0.33125 0.06875 0.01875 0.025
0 0.42421875 0.08671875 0.0171875 0.0171875
0 0.84765625 0.0703125 0.0125 0.015625
0 0.909375 0.08203125 0.0171875 0.0171875
0 0.32109375 0.07109375 0.0171875 0.0171875
0 0.86640625 0.17734375 0.01875 0.025
0 0.39453125 0.08515625 0.01875 0.025
0 0.85078125 0.17421875 0.0125 0.0203125
0 0.1078125 0.03203125 0.01875 0.025
0 0.5703125 0.12421875 0.0171875 0.0203125
0 0.08828125 0.03359375 0.01875 0.025
0 0.47421875 0.1109375 0.0125 0.015625
0 0.8375 0.18359375 0.0125 0.0203125
0 0.99609375 0.21484375 0.0078125 0.0203125
0 0.79765625 0.18046875 0.0125 0.0203125
0 0.36796875 0.096875 0.01875 0.025
0 0.6109375 0.0265625 0.0171875 0.0171875
0 0.41953125 0.109375 0.0171875 0.0203125
0 0.4609375 0.11796875 0.0171875 0.0203125
0 0.91015625 0.20703125 0.0171875 0.0203125
0 0.54375 0.13828125 0.0171875 0.0171875
0 0.809375 0.1921875 0.0125 0.0203125
0 0.89375 0.20859375 0.0171875 0.0203125
0 0.725 0.178125 0.0171875 0.0203125
0 0.8796875 0.20859375 0.0125 0.0203125
0 0.35859375 0.109375 0.0140625 0.025
0 0.61796875 0.16015625 0.0171875 0.0203125
0 0.44453125 0.13125 0.0171875 0.0203125
0 0.53125 0.14765625 0.0171875 0.0171875
0 0.56953125 0.01875 0.0171875 0.0203125
0 0.78203125 0.2015625 0.0171875 0.0203125
0 0.5046875 0.15 0.021875 0.021875
0 0.515625 0.15234375 0.0125 0.015625
0 0.7 0.1890625 0.0125 0.0203125
0 0.46796875 0.14453125 0.0171875 0.0171875
0 0.15 0.0828125 0.0125 0.0203125
0 0.79453125 0.21015625 0.0140625 0.025
0 0.40859375 0.13515625 0.0171875 0.0203125
0 0.13515625 0.08203125 0.0171875 0.0203125
0 0.8015625 0.21171875 0.0078125 0.0140625
0 0.8625 0.2234375 0.0171875 0.0171875
0 0.92734375 0.240625 0.0125 0.0203125
0 0.9109375 0.23984375 0.0125 0.015625
0 0.9421875 0.09296875 0.0171875 0.0203125
0 0.421875 0.14765625 0.01875 0.025
0 0.90078125 0.2453125 0.01875 0.025
0 0.21640625 0.11484375 0.0171875 0.0203125
0 0.5 0.171875 0.0171875 0.0203125
0 0.39140625 0.15078125 0.0171875 0.0203125
0 0.66328125 0.20390625 0.0125 0.0203125
0 0.17109375 0.115625 0.0171875 0.0203125
0 0.6234375 0.20546875 0.01875 0.025
0 0.74140625 0.22890625 0.01875 0.025
0 0.77109375 0.234375 0.01875 0.025