0 0.71953125 0.15 0.0671875 0.0953125
0 0.1625 0.071875 0.078125 0.078125
0 0.3078125 0.10390625 0.0546875 0.0703125
0 0.43984375 0.1296875 0.059375 0.071875
0 0.35859375 0.00546875 0.0546875 0.0109375
0 0.5109375 0.1578125 0.0609375 0.0859375
0 0.76796875 0.20546875 0.0734375 0.1046875
0 0.6859375 0.03984375 0.040625 0.0375
0 0.565625 0.20078125 0.0765625 0.1015625
0 0.278125 0.1625 0.0671875 0.090625
0 0.6328125 0.03515625 0.046875 0.046875
0 0.86796875 0.278125 0.071875 0.0953125
0 0.33203125 0.2125 0.0671875 0.1
0 0.17578125 0.196875 0.071875 0.090625
0 0.26796875 0.2359375 0.0828125 0.1109375
0 0.8515625 0.32734375 0.0703125 0.0859375
0 0.64921875 0.30078125 0.065625 0.0859375
0 0.1234375 0.23671875 0.0578125 0.0578125
0 0.4046875 0.278125 0.0875 0.1109375
0 0.971875 0.40546875 0.0515625 0.0796875
0 0.48359375 0.03203125 0.0609375 0.0640625
0 0.4 0.33125 0.0734375 0.1046875
0 0.83671875 0.39765625 0.071875 0.1
0 0.565625 0.3640625 0.0859375 0.103125
0 0.9265625 0.43828125 0.06875 0.103125
0 0.740625 0.4171875 0.0921875 0.115625
0 0.57890625 0.48984375 0.0890625 0.115625
0 0.96484375 0.55078125 0.0703125 0.1140625
0 0.4203125 0.484375 0.084375 0.115625
0 0.33359375 0.47421875 0.0859375 0.0984375
0 0.69765625 0.56015625 0.0796875 0.11875
0 0.89453125 0.58984375 0.0890625 0.115625
0 0.184375 0.50234375 0.071875 0.1
0 0.059375 0.4890625 0.078125 0.109375
0 0.86171875 0.67265625 0.090625 0.1296875
0 0.52265625 0.65546875 0.0890625 0.1203125
0 0.1078125 0.64609375 0.1015625 0.140625
0 0.3140625 0.67734375 0.0734375 0.1046875
0 0.01171875 0.65078125 0.0234375 0.1296875
0 0.92890625 0.85703125 0.0640625 0.165625
0 0.6984375 0.8828125 0.0875 0.1109375
0 0.41875 0.85078125 0.1 0.1