0 0.00078125 0.27578125 0.0015625 0.0140625
0 0.02890625 0.28046875 0.009375 0.01875
0 0.03828125 0.2796875 0.0046875 0.009375
0 0.3625 0.278125 0.009375 0.0140625
0 0.04296875 0.29140625 0.009375 0.0140625
0 0.31171875 0.28828125 0.0046875 0.0140625
0 0.31640625 0.28828125 0.009375 0.0140625
0 0.33046875 0.2875 0.0046875 0.0140625
0 0.03203125 0.30078125 0.009375 0.0140625
0 0.40390625 0.2875 0.0046875 0.0046875
0 0.48515625 0.28671875 0.0046875 0.0140625
0 0.4140625 0.28984375 0.009375 0.0140625
0 0.4515625 0.290625 0.009375 0.0140625
0 0.0671875 0.30390625 0.009375 0.0140625
0 0.20625 0.29921875 0.0046875 0.0140625
0 0.21953125 0.2984375 0.009375 0.01875
0 0.18046875 0.30234375 0.009375 0.0140625
0 0.15703125 0.303125 0.0046875 0.009375
0 0.18984375 0.30234375 0.0046875 0.0140625
0 0.15 0.31015625 0.0046875 0.0140625
0 0.34453125 0.30390625 0.009375 0.0140625
0 0.2640625 0.30859375 0.009375 0.0140625
0 0.3890625 0.3046875 0.009375 0.0140625
0 0.3796875 0.30703125 0.009375 0.009375
0 0.03515625 0.3265625 0.0109375 0.0234375
0 0.15546875 0.33359375 0.009375 0.0140625
0 0.40546875 0.32734375 0.009375 0.0140625
0 0.0953125 0.33828125 0.0046875 0.0140625
0 0.08046875 0.34140625 0.009375 0.01875
0 0.0890625 0.340625 0.009375 0.01875
0 0.33203125 0.334375 0.009375 0.01875
0 0.35234375 0.33359375 0.015625 0.0234375
0 0.17734375 0.3421875 0.0046875 0.0140625
0 0.165625 0.34765625 0.009375 0.0140625
0 0.01328125 0.353125 0.009375 0.01875
0 0.06875 0.353125 0.015625 0.0234375
0 0.2609375 0.34921875 0.009375 0.01875
0 0.30703125 0.353125 0.009375 0.0140625
0 0.1875 0.3625 0.0046875 0.009375
0 0.2359375 0.3609375 0.0046875 0.0140625
0 0.29609375 0.35859375 0.009375 0.0140625
0 0.221875 0.3609375 0.0046875 0.01875
0 0.19921875 0.3640625 0.015625 0.0234375
0 0.28203125 0.36171875 0.009375 0.009375
0 0.21328125 0.36640625 0.009375 0.01875
0 0.09453125 0.375 0.009375 0.0140625
0 0.375 0.3671875 0.0046875 0.009375
0 0.40234375 0.36640625 0.0046875 0.0140625
0 0.52109375 0.3625 0.009375 0.01875
0 0.31015625 0.371875 0.009375 0.0140625
0 0.16875 0.37734375 0.0109375 0.0234375
0 0.18046875 0.3765625 0.009375 0.01875
0 0.32421875 0.371875 0.009375 0.01875
0 0.39140625 0.36953125 0.009375 0.0140625
0 0.1921875 0.38125 0.0046875 0.0140625
0 0.28203125 0.378125 0.009375 0.01875
0 0.36328125 0.375 0.009375 0.01875
0 0.43984375 0.37265625 0.0046875 0.0140625
0 0.45390625 0.37421875 0.009375 0.0140625
0 0.18359375 0.38359375 0.009375 0.0140625
0 0.81484375 0.36171875 0.009375 0.01875
0 0.4765625 0.37578125 0.009375 0.01875
0 0.16015625 0.38671875 0.015625 0.0234375
0 0.51171875 0.37421875 0.009375 0.0140625
0 0.296875 0.384375 0.009375 0.0140625
0 0.215625 0.3875 0.009375 0.01875
0 0.34296875 0.3828125 0.009375 0.01875
0 0.20703125 0.38984375 0.0046875 0.01875
0 0.2296875 0.3890625 0.015625 0.0234375
0 0.38984375 0.38359375 0.009375 0.01875
0 0.38046875 0.38359375 0.009375 0.01875
0 0.73125 0.371875 0.009375 0.0140625
0 0.065625 0.396875 0.009375 0.01875
0 0.42890625 0.384375 0.009375 0.01875
0 0.09296875 0.3984375 0.015625 0.0234375
0 0.4890625 0.384375 0.0046875 0.0140625
0 0.18359375 0.3953125 0.009375 0.0140625
0 0.55390625 0.3828125 0.009375 0.01875
0 0.6625 0.38125 0.009375 0.01875
0 0.75078125 0.378125 0.009375 0.01875
0 0.76015625 0.37734375 0.009375 0.0140625
0 0.3109375 0.39296875 0.009375 0.0140625
0 0.10703125 0.40234375 0.0109375 0.0234375
0 0.19765625 0.39921875 0.0109375 0.0234375
0 0.4359375 0.39140625 0.009375 0.01875
0 0.0609375 0.4046875 0.0109375 0.0234375
0 0.7046875 0.38203125 0.009375 0.01875
0 0.63515625 0.384375 0.009375 0.0140625
0 0.5328125 0.38984375 0.009375 0.0140625
0 0.575 0.39140625 0.009375 0.01875
0 0.7296875 0.3859375 0.0140625 0.0140625
0 0.16796875 0.40546875 0.0109375 0.0234375
0 0.51015625 0.39296875 0.009375 0.0140625
0 0.0734375 0.4109375 0.0109375 0.0234375
0 0.18671875 0.409375 0.015625 0.0234375
0 0.54921875 0.396875 0.0109375 0.0234375
0 0.646875 0.39296875 0.009375 0.01875
0 0.68828125 0.39140625 0.009375 0.01875
0 0.771875 0.3890625 0.009375 0.01875
0 0.0984375 0.4125 0.0109375 0.0234375
0 0.8015625 0.38984375 0.009375 0.01875
0 0.46015625 0.40234375 0.009375 0.01875
0 0.03828125 0.41953125 0.0109375 0.0234375
0 0.52890625 0.40234375 0.0046875 0.0140625
0 0.36484375 0.4078125 0.015625 0.0234375
0 0.49921875 0.403125 0.009375 0.0140625
0 0.353125 0.41015625 0.015625 0.0234375
0 0.05 0.42109375 0.0109375 0.0234375
0 0.58046875 0.40390625 0.015625 0.0234375
0 0.63359375 0.40234375 0.0109375 0.0234375
0 0.73046875 0.4015625 0.015625 0.0234375
0 0.79296875 0.39921875 0.009375 0.0140625
0 0.45546875 0.4109375 0.009375 0.01875
0 0.5203125 0.40859375 0.009375 0.0140625
0 0.56640625 0.40703125 0.0109375 0.0234375
0 0.6453125 0.40625 0.0140625 0.01875
0 0.8140625 0.40078125 0.0140625 0.01875
0 0.0875 0.42578125 0.0203125 0.0328125
0 0.2953125 0.41875 0.015625 0.0328125
0 0.31171875 0.4203125 0.015625 0.0234375
0 0.74453125 0.40546875 0.015625 0.0234375
0 0.69140625 0.409375 0.0109375 0.0234375
0 0.96484375 0.4 0.015625 0.0234375
0 0.80234375 0.4078125 0.015625 0.0234375
0 0.70546875 0.4140625 0.015625 0.0234375
0 0.75625 0.41171875 0.015625 0.0234375
0 0.41640625 0.42421875 0.015625 0.0234375
0 0.45390625 0.425 0.015625 0.0234375
0 0.7703125 0.41640625 0.015625 0.0234375
0 0.8140625 0.41484375 0.015625 0.0234375
0 0.36796875 0.43515625 0.0203125 0.028125
0 0.26171875 0.4484375 0.0203125 0.0328125
0 0.56953125 0.4375 0.015625 0.0328125
0 0.80546875 0.43125 0.015625 0.0234375
0 0.34296875 0.44765625 0.0203125 0.028125
0 0.22734375 0.45390625 0.0203125 0.0421875
0 0.4078125 0.44765625 0.015625 0.0234375
0 0.990625 0.4296875 0.0109375 0.0234375
0 0.5375 0.44765625 0.015625 0.028125
0 0.521875 0.453125 0.015625 0.0234375
0 0.66953125 0.45234375 0.015625 0.028125
0 0.6953125 0.4515625 0.0203125 0.028125
0 0.334375 0.46875 0.025 0.0328125
0 0.78984375 0.453125 0.015625 0.028125
0 0.809375 0.4609375 0.0203125 0.0328125
0 0.4671875 0.475 0.015625 0.0328125
0 0.559375 0.471875 0.015625 0.028125
0 0.17734375 0.4921875 0.0296875 0.0375
0 0.4109375 0.484375 0.0203125 0.0234375
0 0.6078125 0.47734375 0.015625 0.0328125
0 0.7328125 0.4734375 0.015625 0.028125
0 0.98984375 0.46875 0.0109375 0.0375
0 0.28671875 0.49609375 0.025 0.0421875
0 0.625 0.490625 0.0203125 0.0375
0 0.403125 0.503125 0.0203125 0.0328125
0 0.67109375 0.4984375 0.025 0.0421875
0 0.7875 0.50859375 0.0296875 0.0609375
0 0.1765625 0.5296875 0.0296875 0.0421875
0 0.025 0.5484375 0.034375 0.0609375
0 0.15234375 0.54921875 0.0203125 0.0328125
0 0.05234375 0.559375 0.025 0.0515625
0 0.5234375 0.5734375 0.0296875 0.0421875
0 0.49375 0.57890625 0.034375 0.05625
0 0.34140625 0.58671875 0.0328125 0.0421875
0 0.38046875 0.58515625 0.025 0.0328125
0 0.5890625 0.5984375 0.034375 0.05625
0 0.540625 0.6140625 0.0296875 0.0515625
0 0.70078125 0.60859375 0.0390625 0.065625
0 0.9515625 0.628125 0.0578125 0.090625
0 0.6546875 0.7375 0.059375 0.1078125
0 0.22890625 0.7734375 0.059375 0.0984375