0 0.15 0.309375 0.0140625 0.009375
0 0.290625 0.3171875 0.0140625 0.009375
0 0.221875 0.3140625 0.0140625 0.0140625
0 0.25859375 0.315625 0.0140625 0.009375
0 0.1265625 0.3109375 0.0140625 0.0140625
0 0.19609375 0.315625 0.0140625 0.0140625
0 0.13828125 0.3140625 0.0140625 0.0140625
0 0.18671875 0.31796875 0.0140625 0.009375
0 0.23984375 0.31953125 0.0140625 0.009375
0 0.28671875 0.3234375 0.01875 0.009375
0 0.17734375 0.31953125 0.0140625 0.009375
0 0.83203125 0.35234375 0.01875 0.0140625
0 0.80859375 0.3578125 0.0140625 0.0140625
0 0.8921875 0.36015625 0.0140625 0.0140625
0 0.759375 0.3625 0.0140625 0.009375
0 0.9140625 0.3703125 0.01875 0.01875
0 0.9421875 0.371875 0.009375 0.0140625
0 0.20703125 0.34609375 0.01875 0.0140625
0 0.86796875 0.36875 0.0140625 0.0140625
0 0.73359375 0.36640625 0.009375 0.009375
0 0.70859375 0.365625 0.0140625 0.009375
0 0.93046875 0.3734375 0.0140625 0.0140625
0 0.696875 0.365625 0.0140625 0.009375
0 0.76640625 0.3703125 0.009375 0.009375
0 0.9953125 0.38046875 0.009375 0.0140625
0 0.9703125 0.384375 0.0140625 0.0140625
0 0.990625 0.38515625 0.009375 0.009375
0 0.15546875 0.35625 0.0140625 0.009375
0 0.1828125 0.36171875 0.01875 0.009375
0 0.30546875 0.365625 0.0140625 0.009375
0 0.2546875 0.3640625 0.0140625 0.009375
0 0.17109375 0.3609375 0.0140625 0.0140625
0 0.32890625 0.36640625 0.0140625 0.009375
0 0.1390625 0.36015625 0.0140625 0.009375
0 0.196875 0.3640625 0.0140625 0.009375
0 0.978125 0.39140625 0.0140625 0.009375
0 0.16015625 0.36328125 0.0140625 0.0140625
0 0.23125 0.365625 0.0140625 0.009375
0 0.7421875 0.38359375 0.0140625 0.0140625
0 0.34921875 0.36953125 0.0140625 0.009375
0 0.7171875 0.3828125 0.01875 0.0140625
0 0.46328125 0.37578125 0.0140625 0.0140625
0 0.20390625 0.3671875 0.0140625 0.0140625
0 0.18046875 0.36640625 0.0140625 0.009375
0 0.28671875 0.371875 0.0140625 0.009375
0 0.215625 0.36953125 0.01875 0.0140625
0 0.30546875 0.37265625 0.01875 0.0140625
0 0.340625 0.37421875 0.0140625 0.0140625
0 0.25 0.37109375 0.0140625 0.009375
0 0.328125 0.37578125 0.0140625 0.009375
0 0.4484375 0.38046875 0.01875 0.0140625
0 0.79765625 0.3921875 0.01875 0.0140625
0 0.26328125 0.3734375 0.0140625 0.0140625
0 0.98515625 0.4015625 0.01875 0.009375
0 0.95546875 0.4 0.0140625 0.009375
0 0.71015625 0.39140625 0.0140625 0.0140625
0 0.8234375 0.3953125 0.009375 0.009375
0 0.3484375 0.37890625 0.0140625 0.0140625
0 0.23046875 0.375 0.01875 0.0140625
0 0.7234375 0.3921875 0.01875 0.0140625
0 0.37890625 0.3828125 0.0140625 0.0140625
0 0.81171875 0.39765625 0.0140625 0.0140625
0 0.70078125 0.39375 0.0140625 0.0140625
0 0.7859375 0.396875 0.01875 0.0140625
0 0.4296875 0.384375 0.0140625 0.0140625
0 0.76796875 0.39609375 0.0140625 0.0140625
0 0.32109375 0.3828125 0.01875 0.009375
0 0.971875 0.40546875 0.0140625 0.009375
0 0.28203125 0.38125 0.01875 0.009375
0 0.2078125 0.37890625 0.0140625 0.0140625
0 0.8625 0.40390625 0.0140625 0.0140625
0 0.83046875 0.403125 0.0140625 0.009375
0 0.3375 0.3859375 0.01875 0.0140625
0 0.87421875 0.4046875 0.0140625 0.0140625
0 0.24453125 0.38203125 0.0140625 0.009375
0 0.409375 0.38828125 0.0140625 0.009375
0 0.95703125 0.40703125 0.0140625 0.009375
0 0.40234375 0.390625 0.0140625 0.0140625
0 0.91015625 0.4078125 0.0140625 0.0140625
0 0.9921875 0.4109375 0.015625 0.009375
0 0.721875 0.4015625 0.0140625 0.0140625
0 0.940625 0.409375 0.009375 0.0046875
0 0.84375 0.4078125 0.0140625 0.009375
0 0.690625 0.40234375 0.01875 0.0140625
0 0.88984375 0.409375 0.0140625 0.01875
0 0.36484375 0.39140625 0.01875 0.0140625
0 0.5109375 0.3984375 0.0140625 0.0140625
0 0.93828125 0.4140625 0.009375 0.009375
0 0.95234375 0.4140625 0.0140625 0.0140625
0 0.82265625 0.409375 0.0140625 0.0140625
0 0.30703125 0.39375 0.01875 0.0140625
0 0.29296875 0.39375 0.0140625 0.009375
0 0.52890625 0.40390625 0.01875 0.0140625
0 0.9890625 0.42265625 0.01875 0.0140625
0 0.46875 0.40859375 0.01875 0.0140625
0 0.9265625 0.42421875 0.01875 0.009375
0 0.95 0.425 0.0140625 0.0140625
0 0.43125 0.40703125 0.0140625 0.0140625
0 0.05625 0.39609375 0.0140625 0.009375
0 0.9125 0.42578125 0.01875 0.0140625
0 0.9640625 0.428125 0.0140625 0.0140625
0 0.93828125 0.42734375 0.01875 0.0140625
0 0.48671875 0.41328125 0.0140625 0.0140625
0 0.01015625 0.396875 0.0140625 0.0140625
0 0.990625 0.43359375 0.0140625 0.009375
0 0.440625 0.41640625 0.01875 0.0140625
0 0.97890625 0.4375 0.0140625 0.0140625
0 0.190625 0.4125 0.01875 0.009375
0 0.1234375 0.41015625 0.01875 0.009375
0 0.7015625 0.43046875 0.0140625 0.0140625
0 0.0375 0.40703125 0.0140625 0.0140625
0 0.07734375 0.4109375 0.0140625 0.009375
0 0.065625 0.4109375 0.0140625 0.0140625
0 0.09609375 0.4140625 0.0140625 0.0140625
0 0.10390625 0.41640625 0.0234375 0.0109375
0 0.5484375 0.43203125 0.0140625 0.0140625
0 0.58125 0.43359375 0.01875 0.01875
0 0.303125 0.4234375 0.01875 0.0140625
0 0.06484375 0.4203125 0.01875 0.0140625
0 0.12734375 0.421875 0.0140625 0.0140625
0 0.07421875 0.4203125 0.0140625 0.009375
0 0.7265625 0.44296875 0.01875 0.01875
0 0.23125 0.428125 0.01875 0.0140625
0 0.159375 0.42578125 0.01875 0.0140625
0 0.05078125 0.42421875 0.0140625 0.0140625
0 0.6921875 0.446875 0.0140625 0.009375
0 0.03046875 0.4234375 0.0234375 0.0203125
0 0.41640625 0.43671875 0.0140625 0.0140625
0 0.51875 0.44296875 0.0140625 0.0140625
0 0.08359375 0.42734375 0.0140625 0.0140625
0 0.38671875 0.43828125 0.0140625 0.009375
0 0.27578125 0.43671875 0.0140625 0.0140625
0 0.54296875 0.44609375 0.01875 0.0140625
0 0.26875 0.4390625 0.009375 0.0140625
0 0.01171875 0.4296875 0.01875 0.009375
0 0.65859375 0.4546875 0.01875 0.0140625
0 0.559375 0.4515625 0.01875 0.0140625
0 0.5875 0.45234375 0.0140625 0.0140625
0 0.06484375 0.43359375 0.0140625 0.0140625
0 0.0921875 0.4375 0.0140625 0.0140625
0 0.621875 0.45546875 0.01875 0.009375
0 0.8140625 0.46484375 0.0140625 0.0140625
0 0.8484375 0.46640625 0.0140625 0.0140625
0 0.0203125 0.4375 0.01875 0.0140625
0 0.103125 0.43984375 0.009375 0.0046875
0 0.828125 0.465625 0.0140625 0.009375
0 0.3671875 0.44921875 0.01875 0.0140625
0 0.890625 0.46953125 0.0140625 0.0140625
0 0.05234375 0.440625 0.009375 0.0140625
0 0.10546875 0.44453125 0.0140625 0.009375
0 0.7703125 0.46796875 0.0234375 0.015625
0 0.8625 0.47109375 0.01875 0.009375
0 0.26796875 0.453125 0.0140625 0.009375
0 0.5984375 0.4640625 0.01875 0.0140625
0 0.3859375 0.45703125 0.0140625 0.0140625
0 0.640625 0.465625 0.01875 0.0140625
0 0.1890625 0.45 0.0140625 0.0140625
0 0.03203125 0.44453125 0.0140625 0.0140625
0 0.3046875 0.45390625 0.0140625 0.0140625
0 0.453125 0.459375 0.0140625 0.009375
0 0.7921875 0.4734375 0.01875 0.0140625
0 0.20078125 0.453125 0.0140625 0.0140625
0 0.290625 0.45625 0.0046875 0.0046875
0 0.5109375 0.46328125 0.0140625 0.0140625
0 0.8296875 0.475 0.0140625 0.009375
0 0.896875 0.47734375 0.0140625 0.0140625
0 0.85 0.47578125 0.01875 0.009375
0 0.68828125 0.471875 0.01875 0.0140625
0 0.2328125 0.45625 0.0140625 0.0140625
0 0.35078125 0.46015625 0.0140625 0.0140625
0 0.0875 0.4515625 0.0140625 0.009375
0 0.0984375 0.4515625 0.0140625 0.0140625
0 0.425 0.46328125 0.0140625 0.009375
0 0.0640625 0.45234375 0.0140625 0.009375
0 0.04765625 0.45234375 0.009375 0.0046875
0 0.28359375 0.46015625 0.0140625 0.0140625
0 0.26796875 0.46015625 0.01875 0.0140625
0 0.41484375 0.46484375 0.01875 0.0140625
0 0.54453125 0.47109375 0.0140625 0.0140625
0 0.45 0.46796875 0.01875 0.0140625
0 0.03828125 0.453125 0.0140625 0.0046875
0 0.8390625 0.48125 0.0140625 0.009375
0 0.90625 0.48359375 0.01875 0.009375
0 0.29921875 0.46484375 0.0140625 0.0140625
0 0.6578125 0.47734375 0.01875 0.0140625
0 0.07578125 0.45703125 0.01875 0.009375
0 0.94296875 0.4875 0.01875 0.0140625
0 0.38046875 0.4703125 0.0140625 0.0140625
0 0.0109375 0.45703125 0.01875 0.0140625
0 0.88046875 0.4875 0.0140625 0.009375
0 0.69765625 0.48125 0.0140625 0.0140625
0 0.5078125 0.47421875 0.01875 0.0140625
0 0.171875 0.4625 0.01875 0.0140625
0 0.5953125 0.4796875 0.0140625 0.009375
0 0.55390625 0.478125 0.01875 0.0140625
0 0.959375 0.49296875 0.0140625 0.009375
0 0.1234375 0.46328125 0.0140625 0.0140625
0 0.05390625 0.4609375 0.0140625 0.009375
0 0.20703125 0.46640625 0.01875 0.0140625
0 0.10234375 0.4625 0.0140625 0.0140625
0 0.0328125 0.46015625 0.01875 0.0140625
0 0.9890625 0.49609375 0.0140625 0.0140625
0 0.52421875 0.4796875 0.0140625 0.0140625
0 0.67890625 0.48515625 0.0140625 0.0140625
0 0.4984375 0.48125 0.0140625 0.0046875
0 0.4890625 0.48046875 0.0140625 0.0046875
0 0.53515625 0.4828125 0.0140625 0.0140625
0 0.23203125 0.471875 0.01875 0.0140625
0 0.14453125 0.47109375 0.01875 0.0140625
0 0.1953125 0.47265625 0.01875 0.0140625
0 0.584375 0.48671875 0.0140625 0.0140625
0 0.2484375 0.475 0.0140625 0.0140625
0 0.63515625 0.490625 0.01875 0.0140625
0 0.715625 0.49375 0.01875 0.009375
0 0.2765625 0.478125 0.01875 0.0140625
0 0.48125 0.48984375 0.01875 0.0140625
0 0.98828125 0.5078125 0.0140625 0.01875
0 0.54375 0.4921875 0.0140625 0.0140625
0 0.57421875 0.49296875 0.0140625 0.0140625
0 0.38671875 0.4890625 0.01875 0.01875
0 0.42109375 0.48984375 0.0140625 0.0140625
0 0.52109375 0.49375 0.01875 0.0140625
0 0.45625 0.49140625 0.0140625 0.0046875
0 0.73828125 0.5015625 0.01875 0.0140625
0 0.22734375 0.48359375 0.01875 0.0140625
0 0.37265625 0.48828125 0.01875 0.0140625
0 0.109375 0.48203125 0.0140625 0.0140625
0 0.784375 0.50546875 0.01875 0.0140625
0 0.5625 0.49765625 0.0140625 0.009375
0 0.61796875 0.49921875 0.01875 0.0140625
0 0.9515625 0.5109375 0.01875 0.0140625
0 0.64609375 0.503125 0.01875 0.0140625
0 0.0671875 0.4828125 0.01875 0.0140625
0 0.31015625 0.49140625 0.0140625 0.009375
0 0.0484375 0.48203125 0.0234375 0.015625
0 0.59296875 0.50078125 0.0140625 0.0140625
0 0.465625 0.4984375 0.01875 0.0140625
0 0.3265625 0.49375 0.0140625 0.0140625
0 0.12265625 0.48671875 0.0140625 0.0140625
0 0.71796875 0.5078125 0.0140625 0.0140625
0 0.4515625 0.50078125 0.01875 0.0140625
0 0.56953125 0.5046875 0.0140625 0.009375
0 0.09296875 0.48828125 0.0140625 0.0140625
0 0.27578125 0.49453125 0.01875 0.0140625
0 0.39375 0.50078125 0.0234375 0.0109375
0 0.2890625 0.49765625 0.0140625 0.0140625
0 0.31484375 0.4984375 0.0140625 0.0140625
0 0.215625 0.49453125 0.0140625 0.0140625
0 0.43046875 0.50234375 0.01875 0.01875
0 0.1015625 0.490625 0.0140625 0.0140625
0 0.98046875 0.5234375 0.01875 0.0140625
0 0.303125 0.5 0.0140625 0.0140625
0 0.6125 0.51328125 0.0234375 0.015625
0 0.18046875 0.4984375 0.01875 0.0140625
0 0.44453125 0.5078125 0.01875 0.0140625
0 0.3609375 0.50703125 0.0234375 0.015625
0 0.40078125 0.50859375 0.01875 0.0140625
0 0.83046875 0.5234375 0.01875 0.0140625
0 0.1390625 0.49921875 0.01875 0.0140625
0 0.053125 0.4984375 0.0140625 0.009375
0 0.91328125 0.528125 0.0140625 0.0140625
0 0.415625 0.5109375 0.01875 0.01875
0 0.23828125 0.5046875 0.01875 0.0140625
0 0.4671875 0.51328125 0.0140625 0.009375
0 0.21953125 0.50390625 0.0140625 0.0140625
0 0.4828125 0.51328125 0.0140625 0.0140625
0 0.79296875 0.5265625 0.01875 0.0140625
0 0.45546875 0.51484375 0.0140625 0.0140625
0 0.096875 0.50234375 0.01875 0.009375
0 0.75390625 0.525 0.01875 0.01875
0 0.98984375 0.53359375 0.009375 0.0140625
0 0.03125 0.50703125 0.01875 0.009375
0 0.15234375 0.5109375 0.01875 0.01875
0 0.1796875 0.5125 0.01875 0.01875
0 0.73515625 0.53203125 0.0140625 0.0140625
0 0.06171875 0.51015625 0.0140625 0.0140625
0 0.371875 0.52109375 0.01875 0.0140625
0 0.19609375 0.51484375 0.0140625 0.0140625
0 0.7796875 0.5359375 0.01875 0.0140625
0 0.16328125 0.5140625 0.0140625 0.0140625
0 0.79296875 0.53828125 0.01875 0.009375
0 0.21015625 0.51796875 0.0140625 0.0140625
0 0.32109375 0.52421875 0.01875 0.0140625
0 0.39921875 0.53359375 0.0140625 0.0140625
0 0.7921875 0.546875 0.01875 0.0140625
0 0.71171875 0.54375 0.01875 0.0140625
0 0.03359375 0.5203125 0.01875 0.009375
0 0.2515625 0.528125 0.01875 0.0140625
0 0.0640625 0.52421875 0.01875 0.0140625
0 0.734375 0.54765625 0.0140625 0.0140625
0 0.82265625 0.55 0.0140625 0.0140625
0 0.27890625 0.53359375 0.01875 0.0140625
0 0.040625 0.525 0.01875 0.0140625
0 0.7671875 0.55078125 0.01875 0.0140625
0 0.37578125 0.53671875 0.0140625 0.0140625
0 0.1671875 0.5296875 0.01875 0.0140625
0 0.18359375 0.53046875 0.01875 0.0140625
0 0.4015625 0.540625 0.01875 0.0140625
0 0.0125 0.5265625 0.01875 0.0140625
0 0.8734375 0.559375 0.0140625 0.009375
0 0.43828125 0.54375 0.0140625 0.0140625
0 0.13046875 0.53359375 0.0234375 0.0109375
0 0.3203125 0.5421875 0.01875 0.0140625
0 0.909375 0.56484375 0.01875 0.0140625
0 0.5421875 0.55234375 0.01875 0.009375
0 0.08671875 0.5390625 0.01875 0.0140625
0 0.84453125 0.56484375 0.01875 0.0140625
0 0.6734375 0.559375 0.01875 0.0140625
0 0.48671875 0.5546875 0.0140625 0.009375
0 0.5265625 0.55625 0.01875 0.0140625
0 0.19765625 0.54765625 0.01875 0.0140625
0 0.8703125 0.57109375 0.01875 0.0140625
0 0.128125 0.54453125 0.01875 0.0140625
0 0.4671875 0.559375 0.01875 0.0140625
0 0.54140625 0.56640625 0.0140625 0.0140625
0 0.55078125 0.56640625 0.0140625 0.0140625
0 0.5 0.56484375 0.0140625 0.0046875
0 0.95625 0.58515625 0.01875 0.0140625
0 0.56953125 0.571875 0.0140625 0.0046875
0 0.840625 0.58125 0.01875 0.0140625
0 0.91875 0.584375 0.01875 0.0140625
0 0.60390625 0.5734375 0.0140625 0.0140625
0 0.509375 0.571875 0.0140625 0.0140625
0 0.6640625 0.5796875 0.01875 0.0140625
0 0.64609375 0.5796875 0.01875 0.0140625
0 0.22421875 0.56953125 0.01875 0.0140625
0 0.56875 0.58125 0.0140625 0.0140625
0 0.5828125 0.58203125 0.01875 0.0140625
0 0.56171875 0.58125 0.0140625 0.0140625
0 0.603125 0.58515625 0.01875 0.0140625
0 0.46875 0.5828125 0.01875 0.0140625
0 0.62421875 0.590625 0.01875 0.0140625
0 0.23515625 0.5765625 0.01875 0.0140625
0 0.3765625 0.584375 0.0140625 0.0140625
0 0.65234375 0.59375 0.01875 0.0140625
0 0.81171875 0.6015625 0.01875 0.0140625
0 0.77265625 0.60234375 0.0140625 0.0140625
0 0.48515625 0.5921875 0.0140625 0.0140625
0 0.35546875 0.58828125 0.0140625 0.0140625
0 0.29765625 0.5859375 0.01875 0.01875
0 0.7421875 0.6015625 0.0234375 0.015625
0 0.425 0.5921875 0.0234375 0.015625
0 0.71640625 0.6046875 0.01875 0.0140625
0 0.1609375 0.58515625 0.01875 0.0140625
0 0.75078125 0.60546875 0.0140625 0.009375
0 0.84296875 0.60859375 0.0140625 0.0140625
0 0.88984375 0.6109375 0.01875 0.01875
0 0.25625 0.58828125 0.01875 0.0140625
0 0.44375 0.5953125 0.01875 0.0140625
0 0.93828125 0.6125 0.01875 0.0140625
0 0.39765625 0.5953125 0.01875 0.0140625
0 0.5453125 0.60078125 0.01875 0.0140625
0 0.59765625 0.60234375 0.0140625 0.0140625
0 0.3859375 0.5953125 0.009375 0.009375
0 0.578125 0.60234375 0.01875 0.0140625
0 0.859375 0.61171875 0.01875 0.0140625
0 0.49375 0.6015625 0.0140625 0.0140625
0 0.5125 0.6046875 0.0140625 0.0140625
0 0.825 0.61796875 0.01875 0.0140625
0 0.76484375 0.615625 0.01875 0.009375
0 0.7046875 0.61328125 0.01875 0.0140625
0 0.53046875 0.609375 0.01875 0.0140625
0 0.6671875 0.61484375 0.01875 0.0140625
0 0.8015625 0.61953125 0.0140625 0.009375
0 0.71171875 0.61640625 0.01875 0.0140625
0 0.653125 0.6140625 0.01875 0.0140625
0 0.84296875 0.62265625 0.0234375 0.015625
0 0.5609375 0.615625 0.01875 0.0140625
0 0.7578125 0.62265625 0.0140625 0.01875
0 0.4640625 0.61171875 0.01875 0.0140625
0 0.440625 0.6109375 0.0234375 0.015625
0 0.74140625 0.621875 0.01875 0.0140625
0 0.67890625 0.61953125 0.0234375 0.015625
0 0.49609375 0.615625 0.01875 0.0140625
0 0.51484375 0.61640625 0.0140625 0.009375
0 0.92578125 0.63046875 0.0140625 0.0140625
0 0.609375 0.61953125 0.0140625 0.009375
0 0.878125 0.62890625 0.0234375 0.015625
0 0.64921875 0.6234375 0.01875 0.009375
0 0.93984375 0.63359375 0.0140625 0.009375
0 0.76953125 0.62734375 0.0140625 0.009375
0 0.146875 0.6078125 0.01875 0.0140625
0 0.2765625 0.6125 0.01875 0.0140625
0 0.865625 0.6328125 0.0140625 0.009375
0 0.61875 0.62421875 0.01875 0.0140625
0 0.784375 0.6328125 0.0140625 0.0140625
0 0.91171875 0.6375 0.01875 0.0140625
0 0.63671875 0.63203125 0.0234375 0.015625
0 0.52734375 0.628125 0.0140625 0.009375
0 0.4421875 0.62578125 0.01875 0.0140625
0 0.7015625 0.634375 0.01875 0.0140625
0 0.77109375 0.63671875 0.01875 0.0140625
0 0.93515625 0.64296875 0.01875 0.009375
0 0.96484375 0.64375 0.0140625 0.0140625
0 0.51640625 0.63046875 0.0140625 0.009375
0 0.82421875 0.64140625 0.0140625 0.0140625
0 0.48359375 0.62890625 0.0140625 0.0140625
0 0.65234375 0.63515625 0.01875 0.0140625
0 0.73828125 0.640625 0.01875 0.01875
0 0.21484375 0.621875 0.0140625 0.0140625
0 0.1015625 0.6203125 0.0234375 0.015625
0 0.75703125 0.64375 0.0140625 0.0140625
0 0.79140625 0.64453125 0.0140625 0.0140625
0 0.125 0.62109375 0.01875 0.009375
0 0.178125 0.6234375 0.0140625 0.0140625
0 0.6921875 0.64140625 0.01875 0.0140625
0 0.20859375 0.6265625 0.0140625 0.0140625
0 0.7171875 0.64453125 0.0140625 0.0140625
0 0.77734375 0.6484375 0.01875 0.009375
0 0.803125 0.65 0.01875 0.0140625
0 0.63671875 0.64375 0.0234375 0.015625
0 0.93203125 0.65625 0.01875 0.01875
0 0.73046875 0.6515625 0.01875 0.0140625
0 0.01171875 0.6265625 0.01875 0.01875
0 0.02734375 0.62734375 0.01875 0.0140625
0 0.87421875 0.65703125 0.01875 0.009375
0 0.81875 0.65703125 0.01875 0.0140625
0 0.6609375 0.6515625 0.0140625 0.0140625
0 0.9828125 0.665625 0.0140625 0.01875
0 0.096875 0.63203125 0.0140625 0.0140625
0 0.7078125 0.65546875 0.0140625 0.0140625
0 0.18515625 0.6375 0.0140625 0.0140625
0 0.8625 0.6609375 0.0140625 0.0140625
0 0.7859375 0.65859375 0.01875 0.0140625
0 0.67734375 0.6546875 0.01875 0.0140625
0 0.8375 0.66015625 0.01875 0.0140625
0 0.72109375 0.65859375 0.0140625 0.0140625
0 0.15234375 0.6390625 0.0234375 0.0203125
0 0.06171875 0.63828125 0.0140625 0.0140625
0 0.8765625 0.66875 0.01875 0.0140625
0 0.11953125 0.6421875 0.01875 0.0140625
0 0.82109375 0.66640625 0.0140625 0.009375
0 0.890625 0.67109375 0.0140625 0.0140625
0 0.71640625 0.66484375 0.0140625 0.009375
0 0.37890625 0.65546875 0.0234375 0.015625
0 0.05 0.64609375 0.0234375 0.015625
0 0.965625 0.678125 0.0140625 0.0140625
0 0.2765625 0.65390625 0.0234375 0.0203125
0 0.77890625 0.671875 0.01875 0.01875
0 0.82734375 0.67578125 0.0140625 0.0140625
0 0.81328125 0.675 0.01875 0.0140625
0 0.859375 0.67890625 0.01875 0.0140625
0 0.71796875 0.67421875 0.0140625 0.0140625
0 0.9078125 0.68046875 0.01875 0.0140625
0 0.31171875 0.66015625 0.01875 0.0140625
0 0.984375 0.6859375 0.01875 0.0140625
0 0.32734375 0.66484375 0.01875 0.0140625
0 0.71328125 0.68359375 0.01875 0.009375
0 0.940625 0.69140625 0.0140625 0.0140625
0 0.83671875 0.6875 0.01875 0.0140625
0 0.234375 0.67109375 0.0234375 0.0203125
0 0.12109375 0.6671875 0.0234375 0.0203125
0 0.27578125 0.6796875 0.0234375 0.0203125
0 0.18125 0.6765625 0.0234375 0.015625
0 0.8078125 0.703125 0.01875 0.01875
0 0.93046875 0.70703125 0.0140625 0.0140625
0 0.3015625 0.68515625 0.0140625 0.009375
0 0.20390625 0.69609375 0.01875 0.01875
0 0.77265625 0.7203125 0.01875 0.009375
0 0.7234375 0.7234375 0.0234375 0.015625
0 0.74921875 0.72421875 0.01875 0.009375
0 0.80703125 0.72890625 0.01875 0.01875
0 0.83515625 0.7296875 0.0140625 0.009375
0 0.675 0.72421875 0.01875 0.0140625
0 0.78828125 0.73203125 0.01875 0.01875
0 0.85546875 0.734375 0.0140625 0.0140625
0 0.7703125 0.73125 0.01875 0.01875
0 0.8390625 0.7359375 0.01875 0.0140625
0 0.88125 0.7375 0.0140625 0.0140625
0 0.70546875 0.7359375 0.01875 0.01875
0 0.746875 0.7375 0.01875 0.01875
0 0.76015625 0.740625 0.0234375 0.015625
0 0.84296875 0.7484375 0.01875 0.0140625
0 0.7828125 0.7484375 0.01875 0.0140625
0 0.0203125 0.72421875 0.0234375 0.0203125
0 0.00546875 0.72578125 0.0109375 0.0140625
0 0.91015625 0.7625 0.01875 0.0140625
0 0.27578125 0.7421875 0.01875 0.009375
0 0.18125 0.74140625 0.01875 0.0140625
0 0.0375 0.7390625 0.01875 0.0140625
0 0.0609375 0.7421875 0.01875 0.0140625
0 0.3296875 0.75390625 0.01875 0.009375
0 0.7796875 0.76953125 0.0234375 0.0203125
0 0.24140625 0.753125 0.0234375 0.0203125
0 0.27265625 0.75390625 0.0234375 0.015625
0 0.109375 0.75078125 0.01875 0.01875
0 0.73359375 0.77265625 0.0234375 0.015625
0 0.928125 0.78125 0.01875 0.01875
0 0.06484375 0.7515625 0.0140625 0.0140625
0 0.3171875 0.76015625 0.01875 0.0140625
0 0.76640625 0.778125 0.01875 0.01875
0 0.96875 0.78984375 0.01875 0.01875
0 0.74921875 0.784375 0.01875 0.01875
0 0.809375 0.78671875 0.0234375 0.0203125
0 0.1203125 0.76484375 0.0234375 0.015625
0 0.02265625 0.7640625 0.01875 0.0140625
0 0.5734375 0.78515625 0.01875 0.009375
0 0.1296875 0.771875 0.01875 0.0140625
0 0.00703125 0.76953125 0.0140625 0.009375
0 0.071875 0.771875 0.0140625 0.0140625
0 0.16328125 0.77734375 0.01875 0.0140625
0 0.6125 0.79296875 0.01875 0.01875
0 0.5546875 0.79375 0.01875 0.01875
0 0.62890625 0.79609375 0.0140625 0.0140625
0 0.08671875 0.78203125 0.01875 0.01875
0 0.2078125 0.790625 0.0140625 0.0140625
0 0.03359375 0.78671875 0.01875 0.01875
0 0.23046875 0.79375 0.01875 0.01875
0 0.19609375 0.7953125 0.0234375 0.0203125
0 0.278125 0.80234375 0.0140625 0.0140625
0 0.1765625 0.79921875 0.01875 0.0140625
0 0.67578125 0.8328125 0.0234375 0.015625
0 0.6546875 0.84609375 0.01875 0.01875
0 0.04140625 0.8359375 0.0234375 0.0203125
0 0.0203125 0.83515625 0.01875 0.01875
0 0.63828125 0.8609375 0.01875 0.0140625
0 0.0109375 0.84140625 0.0140625 0.0140625
0 0.6984375 0.865625 0.01875 0.01875
0 0.13828125 0.85546875 0.01875 0.0140625
0 0.04296875 0.85234375 0.0234375 0.015625
0 0.10546875 0.859375 0.01875 0.0140625
0 0.003125 0.8578125 0.00625 0.01875
0 0.06328125 0.8625 0.0140625 0.0140625
0 0.921875 0.89453125 0.01875 0.0140625
0 0.6625 0.8859375 0.0375 0.025
0 0.028125 0.865625 0.01875 0.0140625
0 0.11875 0.87109375 0.0234375 0.015625
0 0.76484375 0.89609375 0.0234375 0.015625
0 0.15078125 0.875 0.01875 0.01875
0 0.91640625 0.90390625 0.01875 0.01875
0 0.7359375 0.89765625 0.0234375 0.0203125
0 0.3203125 0.88515625 0.0140625 0.01875
0 0.1328125 0.88125 0.01875 0.01875
0 0.7984375 0.9046875 0.0234375 0.0203125
0 0.95390625 0.91484375 0.0234375 0.0203125
0 0.18046875 0.8875 0.0234375 0.0203125
0 0.8375 0.91015625 0.0234375 0.0203125
0 0.9 0.91484375 0.0234375 0.015625
0 0.034375 0.88515625 0.01875 0.01875
0 0.6875 0.9125 0.01875 0.0140625
0 0.06484375 0.8921875 0.028125 0.0203125
0 0.0203125 0.89296875 0.01875 0.0140625
0 0.90625 0.9234375 0.01875 0.009375
0 0.69921875 0.91640625 0.01875 0.0140625
0 0.9734375 0.928125 0.0140625 0.01875
0 0.871875 0.9296875 0.0234375 0.0203125
0 0.34375 0.91328125 0.0234375 0.015625
0 0.1296875 0.90625 0.0234375 0.0203125
0 0.90390625 0.93515625 0.0234375 0.015625
0 0.1125 0.9078125 0.01875 0.01875
0 0.8046875 0.93203125 0.0234375 0.0203125
0 0.059375 0.90859375 0.0234375 0.015625
0 0.07109375 0.9109375 0.0234375 0.015625
0 0.14921875 0.9140625 0.0203125 0.0234375
0 0.25390625 0.91953125 0.0234375 0.0203125
0 0.88515625 0.946875 0.01875 0.01875
0 0.21640625 0.92578125 0.0328125 0.025
0 0.51484375 0.93828125 0.0296875 0.025
0 0.4015625 0.934375 0.0234375 0.015625
0 0.54921875 0.9421875 0.028125 0.0203125
0 0.07578125 0.92734375 0.025 0.025
0 0.67421875 0.9484375 0.0234375 0.0203125
0 0.0359375 0.9265625 0.025 0.025
0 0.4609375 0.94375 0.0234375 0.015625
0 0.72265625 0.9546875 0.01875 0.01875
0 0.88046875 0.9625 0.01875 0.0140625
0 0.5953125 0.95546875 0.01875 0.01875
0 0.7484375 0.96015625 0.01875 0.01875
0 0.971875 0.97265625 0.01875 0.01875
0 0.57421875 0.96171875 0.028125 0.0203125
0 0.8125 0.96953125 0.0234375 0.0203125
0 0.05390625 0.9453125 0.01875 0.01875
0 0.8953125 0.9796875 0.028125 0.0203125
0 0.48125 0.96796875 0.0234375 0.0203125
0 0.6296875 0.97421875 0.028125 0.0203125
0 0.78125 0.9890625 0.028125 0.0203125
0 0.82890625 0.99140625 0.0234375 0.0171875
0 0.4015625 0.9875 0.0234375 0.015625
0 0.28828125 0.98359375 0.0234375 0.0203125