0 0.42734375 0.31953125 0.00625 0.009375
0 0.5078125 0.33125 0.00625 0.009375
0 0.415625 0.3234375 0.00625 0.0140625
0 0.440625 0.328125 0.0109375 0.0140625
0 0.49609375 0.3328125 0.00625 0.009375
0 0.48359375 0.33359375 0.015625 0.0203125
0 0.4515625 0.3359375 0.0109375 0.0140625
0 0.51171875 0.34375 0.00625 0.009375
0 0.4921875 0.3453125 0.0109375 0.01875
0 0.475 0.365625 0.0109375 0.0140625
0 0.48515625 0.37109375 0.0109375 0.0140625
0 0.5296875 0.3796875 0.00625 0.01875
0 0.52265625 0.425 0.0109375 0.0140625
0 0.4828125 0.4265625 0.0109375 0.0140625
0 0.425 0.42109375 0.0109375 0.0109375
0 0.46484375 0.4296875 0.0109375 0.0140625
0 0.50390625 0.4328125 0.015625 0.0203125
0 0.44609375 0.43046875 0.0109375 0.0140625
0 0.39765625 0.428125 0.0109375 0.0140625
0 0.43125 0.43359375 0.0109375 0.0140625
0 0.41484375 0.43203125 0.0109375 0.0140625
0 0.50234375 0.44453125 0.0109375 0.0109375
0 0.4140625 0.44609375 0.0109375 0.0140625
0 0.39921875 0.45703125 0.0109375 0.0140625
0 0.428125 0.46796875 0.0109375 0.0140625
0 0.51796875 0.4828125 0.0109375 0.0109375
0 0.49921875 0.48359375 0.0109375 0.01875
0 0.43828125 0.48515625 0.0109375 0.01875
0 0.4515625 0.4984375 0.0109375 0.0140625
0 0.40546875 0.49375 0.0109375 0.0109375
0 0.44140625 0.50859375 0.0109375 0.0140625
0 0.4578125 0.51015625 0.0109375 0.0140625
0 0.5265625 0.5234375 0.0109375 0.0140625
0 0.42890625 0.5171875 0.0109375 0.01875
0 0.5140625 0.525 0.0109375 0.0140625
0 0.39453125 0.5390625 0.0109375 0.0140625
0 0.53671875 0.55390625 0.0109375 0.0140625
0 0.51875 0.55234375 0.015625 0.0203125
0 0.49296875 0.55234375 0.0109375 0.0140625
0 0.41171875 0.5453125 0.0109375 0.0140625
0 0.48828125 0.57578125 0.0109375 0.0140625
0 0.4328125 0.5734375 0.015625 0.015625
0 0.5359375 0.58671875 0.00625 0.01875
0 0.52109375 0.5859375 0.0109375 0.0140625
0 0.40234375 0.5796875 0.015625 0.0203125
0 0.4921875 0.58828125 0.0109375 0.0140625
0 0.49375 0.59921875 0.00625 0.0140625
0 0.56796875 0.60546875 0.0171875 0.0296875
0 0.42421875 0.59765625 0.0109375 0.0109375
0 0.334375 0.5921875 0.015625 0.0203125
0 0.47890625 0.60703125 0.0109375 0.0109375
0 0.534375 0.61171875 0.00625 0.009375
0 0.46484375 0.60625 0.0109375 0.0140625
0 0.471875 0.60625 0.0109375 0.0140625
0 0.64296875 0.621875 0.015625 0.015625
0 0.603125 0.61796875 0.015625 0.025
0 0.4859375 0.61015625 0.015625 0.0203125
0 0.3515625 0.60078125 0.0203125 0.025
0 0.4 0.6046875 0.015625 0.015625
0 0.5203125 0.615625 0.00625 0.009375
0 0.68125 0.63203125 0.0109375 0.01875
0 0.5109375 0.6171875 0.0109375 0.0109375
0 0.53828125 0.61953125 0.0109375 0.01875
0 0.5859375 0.62578125 0.015625 0.025
0 0.66015625 0.6328125 0.0109375 0.0234375
0 0.57734375 0.62734375 0.0109375 0.01875
0 0.546875 0.625 0.0109375 0.01875
0 0.4296875 0.61484375 0.0109375 0.0140625
0 0.415625 0.615625 0.015625 0.0203125
0 0.40390625 0.61484375 0.015625 0.015625
0 0.33671875 0.61328125 0.015625 0.0203125
0 0.65 0.640625 0.021875 0.0296875
0 0.625 0.6390625 0.0109375 0.01875
0 0.38984375 0.6203125 0.015625 0.025
0 0.4671875 0.6296875 0.015625 0.0203125
0 0.684375 0.6484375 0.021875 0.0296875
0 0.49765625 0.63203125 0.0203125 0.0203125
0 0.45390625 0.63515625 0.015625 0.0203125
0 0.603125 0.6484375 0.0171875 0.0296875
0 0.62890625 0.653125 0.0109375 0.0234375
0 0.7203125 0.6609375 0.015625 0.025
0 0.48515625 0.64296875 0.021875 0.0296875
0 0.33125 0.6296875 0.0203125 0.025
0 0.365625 0.6328125 0.0203125 0.025
0 0.37421875 0.6359375 0.015625 0.0203125
0 0.50859375 0.64765625 0.0203125 0.025
0 0.43671875 0.64375 0.015625 0.015625
0 0.56328125 0.65703125 0.021875 0.0296875
0 0.41015625 0.64609375 0.021875 0.0296875
0 0.54375 0.66171875 0.021875 0.0296875
0 0.62734375 0.67109375 0.015625 0.0203125
0 0.58984375 0.66796875 0.0203125 0.025
0 0.32890625 0.65234375 0.015625 0.015625
0 0.4390625 0.6640625 0.025 0.025
0 0.653125 0.6875 0.021875 0.0296875
0 0.64140625 0.68671875 0.0203125 0.0203125
0 0.72421875 0.69609375 0.03125 0.03125
0 0.67109375 0.69375 0.0265625 0.0296875
0 0.34765625 0.6703125 0.0203125 0.0203125
0 0.56640625 0.6984375 0.03125 0.04375
0 0.49453125 0.69453125 0.040625 0.053125
0 0.75 0.7265625 0.0375 0.0625
0 0.32109375 0.69140625 0.0359375 0.0484375
0 0.61796875 0.7171875 0.0265625 0.034375
0 0.825 0.73984375 0.0421875 0.0578125
0 0.5828125 0.72109375 0.0203125 0.025
0 0.65390625 0.7296875 0.0328125 0.0484375
0 0.434375 0.721875 0.046875 0.0640625
0 0.221875 0.70546875 0.0421875 0.0578125
0 0.28828125 0.71328125 0.0359375 0.04375
0 0.76484375 0.7625 0.0421875 0.0671875
0 0.684375 0.7578125 0.046875 0.06875
0 0.57109375 0.75703125 0.0421875 0.0625
0 0.48046875 0.74921875 0.046875 0.0640625
0 0.61640625 0.76328125 0.0359375 0.04375
0 0.38359375 0.74765625 0.0625 0.0875
0 0.87578125 0.8 0.05625 0.06875
0 0.05234375 0.73046875 0.0484375 0.078125
0 0.1390625 0.7453125 0.0578125 0.078125
0 0.015625 0.7484375 0.03125 0.096875
0 0.8125 0.834375 0.053125 0.0828125
0 0.94921875 0.8578125 0.0484375 0.078125
0 0.778125 0.8546875 0.0421875 0.0625
0 0.71796875 0.88125 0.0578125 0.0921875
0 0.65390625 0.8921875 0.0578125 0.0875
0 0.76640625 0.9546875 0.0640625 0.090625