0 0.05234375 0.04375 0.0296875 0.0421875
0 0.00703125 0.046875 0.0140625 0.0375
0 0.08203125 0.2328125 0.0296875 0.0421875
0 0.9359375 0.19609375 0.034375 0.0578125
0 0.04609375 0.2453125 0.0296875 0.0421875
0 0.19453125 0.2421875 0.0390625 0.04375
0 0.84921875 0.2171875 0.034375 0.0484375
0 0.1625 0.2578125 0.025 0.0421875
0 0.503125 0.02578125 0.034375 0.0515625
0 0.496875 0.25703125 0.03125 0.046875
0 0.50859375 0.25625 0.03125 0.0515625
0 0.38828125 0.2671875 0.034375 0.053125
0 0.3234375 0.27265625 0.025 0.0375
0 0.765625 0.2546875 0.034375 0.053125
0 0.9390625 0.25234375 0.040625 0.0671875
0 0.84453125 0.27109375 0.034375 0.0390625
0 0.46875 0.03125 0.025 0.0421875
0 0.61640625 0.28984375 0.03125 0.046875
0 0.03359375 0.325 0.034375 0.053125
0 0.11484375 0.32265625 0.0296875 0.0421875
0 0.25546875 0.34375 0.04375 0.053125
0 0.86640625 0.32109375 0.03125 0.0515625
0 0.63515625 0.3359375 0.0390625 0.053125
0 0.75546875 0.33359375 0.03125 0.0515625
0 0.5109375 0.35078125 0.0296875 0.0375
0 0.06953125 0.38125 0.025 0.0421875
0 0.34453125 0.37578125 0.0390625 0.0578125
0 0.90703125 0.3484375 0.034375 0.053125
0 0.0171875 0.4046875 0.034375 0.053125
0 0.30234375 0.39453125 0.03125 0.0515625
0 0.6703125 0.384375 0.04375 0.053125
0 0.871875 0.38359375 0.04375 0.0578125
0 0.4328125 0.40859375 0.034375 0.053125
0 0.7328125 0.39296875 0.034375 0.0484375
0 0.17109375 0.42421875 0.034375 0.0484375
0 0.97578125 0.38203125 0.034375 0.0578125
0 0.015625 0.46953125 0.03125 0.0484375
0 0.221875 0.4640625 0.034375 0.0484375
0 0.5765625 0.45 0.034375 0.053125
0 0.41640625 0.4609375 0.025 0.0421875
0 0.78203125 0.44375 0.034375 0.0484375
0 0.49296875 0.4609375 0.03125 0.0515625
0 0.53515625 0.46640625 0.034375 0.053125
0 0.33515625 0.4828125 0.034375 0.0484375
0 0.23359375 0.06171875 0.025 0.0328125
0 0.65390625 0.03984375 0.034375 0.0578125
0 0.1734375 0.5078125 0.03125 0.05625
0 0.24296875 0.51328125 0.034375 0.053125
0 0.25234375 0.06328125 0.034375 0.0484375
0 0.41640625 0.50703125 0.025 0.0375
0 0.66171875 0.49375 0.03125 0.0609375
0 0.965625 0.4875 0.034375 0.0484375
0 0.375 0.059375 0.025 0.0421875
0 0.05 0.54453125 0.0265625 0.046875
0 0.89453125 0.503125 0.04375 0.0578125
0 0.43515625 0.54921875 0.0265625 0.0515625
0 0.7640625 0.54140625 0.034375 0.053125
0 0.18125 0.07421875 0.034375 0.04375
0 0.3140625 0.5796875 0.034375 0.0578125
0 0.240625 0.6 0.034375 0.0578125
0 0.97265625 0.56953125 0.04375 0.0578125
0 0.40859375 0.59921875 0.034375 0.053125
0 0.8125 0.578125 0.034375 0.053125
0 0.121875 0.63359375 0.0390625 0.053125
0 0.63125 0.60859375 0.0296875 0.0421875
0 0.02578125 0.64296875 0.03125 0.0515625
0 0.53828125 0.61640625 0.0390625 0.0484375
0 0.053125 0.64609375 0.03125 0.05625
0 0.28828125 0.65703125 0.034375 0.04375
0 0.71015625 0.053125 0.034375 0.0484375
0 0.82265625 0.64765625 0.034375 0.0625
0 0.32890625 0.6828125 0.034375 0.053125
0 0.41875 0.68046875 0.034375 0.0625
0 0.6203125 0.67421875 0.040625 0.0671875
0 0.4953125 0.68359375 0.0390625 0.0484375
0 0.13984375 0.70625 0.034375 0.0578125
0 0.2 0.7078125 0.0453125 0.071875
0 0.88046875 0.684375 0.03125 0.065625
0 0.709375 0.69296875 0.034375 0.0625
0 0.76640625 0.05703125 0.04375 0.053125
0 0.88046875 0.0515625 0.0296875 0.0421875
0 0.98359375 0.6875 0.0328125 0.053125
0 0.23046875 0.7453125 0.0390625 0.0625
0 0.32890625 0.76875 0.034375 0.0578125
0 0.8171875 0.75703125 0.0390625 0.0484375
0 0.92578125 0.75390625 0.034375 0.0578125
0 0.43125 0.78203125 0.034375 0.0578125
0 0.6328125 0.78046875 0.0359375 0.0671875
0 0.86875 0.7796875 0.0390625 0.0578125
0 0.2984375 0.82109375 0.034375 0.053125
0 0.9765625 0.7859375 0.034375 0.0578125
0 0.70078125 0.8 0.0390625 0.0578125
0 0.81640625 0.79375 0.034375 0.0625
0 0.075 0.83515625 0.0390625 0.053125
0 0.1515625 0.84296875 0.034375 0.0578125
0 0.3640625 0.834375 0.034375 0.053125
0 0.2375 0.84296875 0.034375 0.053125
0 0.49140625 0.83203125 0.034375 0.053125
0 0.31875 0.01796875 0.025 0.0203125
0 0.2015625 0.02421875 0.0203125 0.0203125
0 0.09453125 0.10390625 0.034375 0.04375
0 0.5640625 0.8484375 0.034375 0.0625
0 0.44375 0.08828125 0.034375 0.0484375
0 0.69765625 0.86953125 0.04375 0.0625
0 0.3671875 0.88984375 0.0390625 0.053125
0 0.846875 0.88515625 0.034375 0.0484375
0 0.75234375 0.89296875 0.0359375 0.0671875
0 0.1703125 0.93203125 0.0390625 0.0484375
0 0.284375 0.93515625 0.0390625 0.053125
0 0.97109375 0.9015625 0.034375 0.0578125
0 0.1984375 0.94453125 0.034375 0.0578125
0 0.11796875 0.9625 0.034375 0.053125
0 0.475 0.94609375 0.0453125 0.0671875
0 0.56015625 0.946875 0.0453125 0.0765625
0 0.06328125 0.97265625 0.0484375 0.0546875
0 0.68125 0.959375 0.0296875 0.0375
0 0.825 0.953125 0.04375 0.0484375
0 0.4390625 0.97578125 0.04375 0.0484375
0 0.878125 0.959375 0.0390625 0.04375
0 0.93828125 0.95625 0.0296875 0.0375
0 0.39375 0.98828125 0.0375 0.0234375
0 0.0375 0.12734375 0.025 0.0421875
0 0.38515625 0.11171875 0.034375 0.0578125
0 0.2609375 0.1296875 0.034375 0.0484375
0 0.56171875 0.0109375 0.0296875 0.021875
0 0.65390625 0.11875 0.03125 0.0515625
0 0.9265625 0.1046875 0.034375 0.053125
0 0.8046875 0.12265625 0.0390625 0.04375
0 0.58984375 0.13359375 0.0390625 0.0578125
0 0.68984375 0.13125 0.03125 0.05625
0 0.6734375 0.13671875 0.034375 0.0484375
0 0.8703125 0.12890625 0.0390625 0.0578125
0 0.48828125 0.1484375 0.034375 0.053125
0 0.74765625 0.13984375 0.04375 0.0484375
0 0.15625 0.18359375 0.034375 0.04375
0 0.01796875 0.19609375 0.03125 0.046875
0 0.54296875 0.17109375 0.0390625 0.0578125
0 0.284375 0.1890625 0.0390625 0.0578125
0 0.9546875 0.15625 0.034375 0.053125
0 0.80234375 0.16640625 0.04375 0.0578125
0 0.92578125 0.00703125 0.0296875 0.0140625
0 0.109375 0.21015625 0.034375 0.0390625
0 0.6453125 0.18203125 0.034375 0.053125
0 0.43359375 0.19765625 0.03125 0.05625
0 0.3734375 0.2078125 0.034375 0.053125
0 0.73203125 0.19140625 0.0390625 0.0484375