0 0.403125 0.12421875 0.009375 0.0140625
0 0.53984375 0.121875 0.0140625 0.0140625
0 0.55625 0.12890625 0.0140625 0.009375
0 0.4359375 0.13515625 0.009375 0.009375
0 0.36171875 0.14140625 0.009375 0.009375
0 0.421875 0.14296875 0.009375 0.0140625
0 0.5078125 0.14140625 0.009375 0.0140625
0 0.38046875 0.14375 0.009375 0.0140625
0 0.46328125 0.146875 0.0046875 0.009375
0 0.3921875 0.14765625 0.009375 0.009375
0 0.403125 0.14765625 0.0140625 0.009375
0 0.42890625 0.15234375 0.0046875 0.009375
0 0.49375 0.153125 0.009375 0.009375
0 0.3640625 0.15546875 0.0046875 0.009375
0 0.340625 0.15546875 0.009375 0.009375
0 0.4546875 0.15390625 0.009375 0.009375
0 0.42421875 0.15859375 0.009375 0.009375
0 0.5515625 0.15625 0.009375 0.01875
0 0.39453125 0.1609375 0.009375 0.0140625
0 0.4453125 0.16015625 0.009375 0.0140625
0 0.5328125 0.15859375 0.0140625 0.01875
0 0.37109375 0.16171875 0.009375 0.0140625
0 0.503125 0.16171875 0.0046875 0.009375
0 0.31796875 0.16484375 0.009375 0.0140625
0 0.49140625 0.1640625 0.0140625 0.0140625
0 0.51484375 0.1640625 0.009375 0.0140625
0 0.3375 0.171875 0.0046875 0.0140625
0 0.453125 0.171875 0.009375 0.01875
0 0.5546875 0.17265625 0.009375 0.0140625
0 0.40859375 0.17734375 0.009375 0.009375
0 0.36953125 0.178125 0.009375 0.0140625
0 0.3484375 0.18046875 0.009375 0.0140625
0 0.425 0.18203125 0.009375 0.009375
0 0.50390625 0.1828125 0.0140625 0.0140625
0 0.34140625 0.18515625 0.009375 0.0140625
0 0.38125 0.18515625 0.009375 0.0140625
0 0.48046875 0.1828125 0.0140625 0.01875
0 0.40625 0.18671875 0.009375 0.0140625
0 0.559375 0.184375 0.0140625 0.0140625
0 0.515625 0.18515625 0.009375 0.01875
0 0.5265625 0.184375 0.009375 0.0140625
0 0.44609375 0.190625 0.009375 0.01875
0 0.49453125 0.18984375 0.009375 0.0140625
0 0.36484375 0.1921875 0.009375 0.01875
0 0.31875 0.19296875 0.009375 0.01875
0 0.328125 0.19296875 0.009375 0.01875
0 0.45078125 0.190625 0.009375 0.009375
0 0.4296875 0.19375 0.009375 0.0140625
0 0.30703125 0.1953125 0.009375 0.0140625
0 0.3859375 0.19609375 0.009375 0.0046875
0 0.425 0.19609375 0.009375 0.0140625
0 0.5359375 0.19609375 0.009375 0.01875
0 0.57578125 0.1953125 0.0140625 0.0140625
0 0.5890625 0.2 0.009375 0.0140625
0 0.39765625 0.203125 0.0140625 0.0140625
0 0.51796875 0.20390625 0.009375 0.0046875
0 0.525 0.203125 0.0140625 0.0140625
0 0.54765625 0.203125 0.009375 0.01875
0 0.3859375 0.2078125 0.0140625 0.009375
0 0.45078125 0.20703125 0.0140625 0.009375
0 0.478125 0.20625 0.009375 0.0140625
0 0.425 0.2078125 0.009375 0.0140625
0 0.409375 0.21015625 0.009375 0.0140625
0 0.46640625 0.209375 0.009375 0.01875
0 0.50234375 0.2109375 0.0140625 0.01875
0 0.56953125 0.209375 0.0140625 0.0140625
0 0.36328125 0.21328125 0.009375 0.0140625
0 0.35390625 0.215625 0.009375 0.0140625
0 0.3703125 0.215625 0.009375 0.0328125
0 0.6015625 0.21171875 0.009375 0.0140625
0 0.58125 0.21171875 0.0140625 0.01875
0 0.39375 0.2171875 0.009375 0.009375
0 0.38671875 0.21953125 0.009375 0.0140625
0 0.4046875 0.21953125 0.0140625 0.0140625
0 0.45625 0.21875 0.009375 0.01875
0 0.31953125 0.22109375 0.009375 0.01875
0 0.2734375 0.2234375 0.009375 0.01875
0 0.3125 0.22265625 0.0140625 0.01875
0 0.4328125 0.2203125 0.009375 0.01875
0 0.4765625 0.21953125 0.0140625 0.0140625
0 0.62734375 0.2171875 0.0140625 0.01875
0 0.65078125 0.2171875 0.0140625 0.0234375
0 0.41640625 0.22109375 0.009375 0.0046875
0 0.3421875 0.221875 0.009375 0.0140625
0 0.4375 0.2203125 0.009375 0.01875
0 0.33125 0.225 0.009375 0.0140625
0 0.51875 0.221875 0.009375 0.01875
0 0.44453125 0.22265625 0.0140625 0.01875
0 0.61328125 0.21953125 0.01875 0.01875
0 0.4953125 0.221875 0.0140625 0.0140625
0 0.29609375 0.228125 0.009375 0.01875
0 0.37734375 0.2265625 0.009375 0.009375
0 0.26171875 0.228125 0.009375 0.01875
0 0.35625 0.2265625 0.009375 0.0140625
0 0.42578125 0.23046875 0.009375 0.0140625
0 0.509375 0.22890625 0.0140625 0.01875
0 0.5765625 0.2296875 0.0140625 0.009375
0 0.54375 0.23046875 0.01875 0.0234375
0 0.3984375 0.23515625 0.0140625 0.0140625
0 0.321875 0.2390625 0.009375 0.0140625
0 0.2890625 0.2421875 0.009375 0.01875
0 0.34453125 0.240625 0.009375 0.0140625
0 0.5921875 0.23671875 0.01875 0.028125
0 0.31484375 0.24140625 0.009375 0.0140625
0 0.36796875 0.240625 0.0046875 0.01875
0 0.26171875 0.24453125 0.0046875 0.0140625
0 0.41875 0.2421875 0.0140625 0.01875
0 0.409375 0.2421875 0.009375 0.01875
0 0.2796875 0.246875 0.0140625 0.0234375
0 0.3796875 0.2453125 0.009375 0.0140625
0 0.4328125 0.24375 0.0140625 0.0234375
0 0.66640625 0.2421875 0.0140625 0.028125
0 0.26875 0.24921875 0.0046875 0.0140625
0 0.58125 0.24375 0.01875 0.028125
0 0.45390625 0.2484375 0.01875 0.028125
0 0.2453125 0.25234375 0.0140625 0.0234375
0 0.365625 0.25 0.009375 0.0140625
0 0.35625 0.25 0.01875 0.01875
0 0.471875 0.25078125 0.0140625 0.0375
0 0.30078125 0.253125 0.0140625 0.0234375
0 0.32890625 0.253125 0.009375 0.01875
0 0.51171875 0.25 0.0140625 0.0234375
0 0.61796875 0.25 0.01875 0.01875
0 0.39453125 0.25625 0.0140625 0.01875
0 0.6828125 0.2515625 0.0140625 0.01875
0 0.4984375 0.2546875 0.0140625 0.0234375
0 0.65078125 0.25234375 0.0140625 0.0234375
0 0.41015625 0.2609375 0.01875 0.0234375
0 0.60234375 0.26015625 0.0140625 0.01875
0 0.26484375 0.26796875 0.01875 0.0234375
0 0.43125 0.26484375 0.0140625 0.0234375
0 0.7046875 0.2625 0.01875 0.01875
0 0.64453125 0.2640625 0.01875 0.028125
0 0.56328125 0.26796875 0.01875 0.0328125
0 0.53984375 0.26796875 0.01875 0.0234375
0 0.72265625 0.26484375 0.01875 0.028125
0 0.58671875 0.2671875 0.01875 0.0234375
0 0.2484375 0.27578125 0.0140625 0.01875
0 0.2875 0.275 0.009375 0.01875
0 0.5265625 0.2703125 0.0140625 0.028125
0 0.68125 0.26796875 0.01875 0.028125
0 0.3640625 0.27578125 0.01875 0.0234375
0 0.4453125 0.27421875 0.0140625 0.0140625
0 0.3453125 0.278125 0.0234375 0.0234375
0 0.30390625 0.27890625 0.0140625 0.01875
0 0.4640625 0.27890625 0.01875 0.0234375
0 0.475 0.28125 0.009375 0.0234375
0 0.7875 0.27578125 0.01875 0.028125
0 0.41484375 0.2859375 0.01875 0.0328125
0 0.38046875 0.28671875 0.0140625 0.01875
0 0.209375 0.2890625 0.0234375 0.01875
0 0.3921875 0.2859375 0.01875 0.0328125
0 0.70703125 0.2828125 0.01875 0.0328125
0 0.45 0.28984375 0.0140625 0.0234375
0 0.2578125 0.2953125 0.0140625 0.01875
0 0.42890625 0.29296875 0.01875 0.01875
0 0.75078125 0.28671875 0.0140625 0.0328125
0 0.403125 0.29765625 0.01875 0.0328125
0 0.28828125 0.30234375 0.0234375 0.0234375
0 0.61640625 0.29609375 0.0234375 0.01875
0 0.815625 0.29296875 0.0203125 0.046875
0 0.653125 0.29609375 0.0234375 0.0234375
0 0.48984375 0.30078125 0.01875 0.0234375
0 0.46640625 0.30390625 0.01875 0.0234375
0 0.22109375 0.31015625 0.01875 0.0140625
0 0.20078125 0.3109375 0.0140625 0.0234375
0 0.309375 0.30859375 0.01875 0.0328125
0 0.44140625 0.30859375 0.01875 0.0234375
0 0.578125 0.30625 0.01875 0.0234375
0 0.65 0.30546875 0.01875 0.01875
0 0.175 0.315625 0.01875 0.0328125
0 0.62890625 0.3078125 0.01875 0.0234375
0 0.73046875 0.30625 0.0234375 0.0328125
0 0.3625 0.3125 0.009375 0.0421875
0 0.55703125 0.31171875 0.01875 0.028125
0 0.69375 0.31171875 0.028125 0.0421875
0 0.33984375 0.3203125 0.0234375 0.0421875
0 0.14765625 0.32578125 0.0234375 0.028125
0 0.2421875 0.32421875 0.028125 0.0234375
0 0.2609375 0.3234375 0.01875 0.0328125
0 0.74921875 0.31484375 0.0140625 0.0328125
0 0.59140625 0.3203125 0.01875 0.01875
0 0.36953125 0.32421875 0.0140625 0.0421875
0 0.38359375 0.32421875 0.0234375 0.0328125
0 0.5109375 0.32421875 0.028125 0.0375
0 0.32578125 0.32734375 0.01875 0.0234375
0 0.3 0.32734375 0.0234375 0.0234375
0 0.65859375 0.32578125 0.01875 0.0375
0 0.425 0.33046875 0.0296875 0.046875
0 0.44375 0.3296875 0.01875 0.01875
0 0.47109375 0.33203125 0.028125 0.0234375
0 0.61015625 0.3296875 0.028125 0.028125
0 0.13359375 0.33984375 0.01875 0.0234375
0 0.20546875 0.3390625 0.01875 0.0328125
0 0.55 0.3328125 0.028125 0.0421875
0 0.86953125 0.32734375 0.0296875 0.05625
0 0.63359375 0.3359375 0.0234375 0.0328125
0 0.27734375 0.34453125 0.028125 0.0234375
0 0.44921875 0.34375 0.01875 0.0234375
0 0.7859375 0.33828125 0.028125 0.0234375
0 0.32421875 0.34765625 0.028125 0.0234375
0 0.75859375 0.33984375 0.028125 0.0421875
0 0.2984375 0.35 0.01875 0.01875
0 0.3984375 0.35078125 0.028125 0.0375
0 0.153125 0.3578125 0.028125 0.0328125
0 0.5859375 0.35234375 0.0328125 0.0375
0 0.68046875 0.35078125 0.0234375 0.0375
0 0.56484375 0.3578125 0.0203125 0.0515625
0 0.70625 0.36171875 0.0375 0.0515625
0 0.2265625 0.3703125 0.0234375 0.0421875
0 0.47421875 0.36875 0.0375 0.0515625
0 0.384375 0.37265625 0.0375 0.046875
0 0.80546875 0.36484375 0.028125 0.0234375
0 0.0921875 0.37734375 0.0421875 0.0703125
0 0.17578125 0.378125 0.0328125 0.046875
0 0.5390625 0.371875 0.0296875 0.046875
0 0.20390625 0.378125 0.0234375 0.0328125
0 0.625 0.375 0.0328125 0.05625
0 0.284375 0.38359375 0.025 0.046875
0 0.34921875 0.38671875 0.028125 0.0140625
0 0.42578125 0.3859375 0.0328125 0.0515625
0 0.315625 0.38984375 0.025 0.0515625
0 0.03046875 0.39453125 0.0328125 0.065625
0 0.909375 0.38203125 0.0421875 0.05625
0 0.8734375 0.38515625 0.0234375 0.0375
0 0.15546875 0.39765625 0.0328125 0.0421875
0 0.84296875 0.38984375 0.0421875 0.0515625
0 0.7875 0.39609375 0.0328125 0.05625
0 0.815625 0.39765625 0.028125 0.0421875
0 0.0609375 0.4109375 0.04375 0.096875
0 0.359375 0.41640625 0.0375 0.046875
0 0.7 0.41328125 0.0375 0.0515625
0 0.96640625 0.415625 0.028125 0.028125
0 0.646875 0.42109375 0.046875 0.0515625
0 0.58671875 0.42890625 0.0421875 0.0609375
0 0.22578125 0.43515625 0.0421875 0.046875
0 0.55234375 0.434375 0.0375 0.0703125
0 0.7671875 0.43046875 0.0375 0.05625
0 0.87890625 0.43359375 0.046875 0.046875
0 0.31875 0.44296875 0.0375 0.05625
0 0.9875 0.440625 0.015625 0.046875
0 0.1796875 0.4546875 0.0375 0.0609375
0 0.15 0.4578125 0.0375 0.0609375
0 0.81875 0.4484375 0.046875 0.0375
0 0.0140625 0.46484375 0.028125 0.0703125
0 0.953125 0.46171875 0.071875 0.0984375
0 0.3484375 0.47421875 0.046875 0.0609375
0 0.64296875 0.47421875 0.0421875 0.046875
0 0.40234375 0.478125 0.0421875 0.065625
0 0.8484375 0.47265625 0.0234375 0.028125
0 0.29140625 0.4828125 0.046875 0.046875
0 0.4953125 0.47890625 0.0421875 0.065625
0 0.68984375 0.48046875 0.0515625 0.065625
0 0.76171875 0.48125 0.05625 0.0328125
0 0.44453125 0.4890625 0.0515625 0.075
0 0.125 0.5109375 0.0421875 0.075
0 0.81953125 0.50625 0.0421875 0.065625
0 0.8796875 0.50546875 0.0421875 0.0890625
0 0.0171875 0.52734375 0.0328125 0.084375
0 0.53671875 0.51796875 0.046875 0.075
0 0.271875 0.525 0.046875 0.046875
0 0.634375 0.52109375 0.0375 0.065625
0 0.77421875 0.52578125 0.05625 0.0703125
0 0.5953125 0.53046875 0.0515625 0.084375
0 0.14921875 0.54296875 0.0328125 0.0515625
0 0.0703125 0.5515625 0.05625 0.075
0 0.46171875 0.5515625 0.0609375 0.065625
0 0.6890625 0.56875 0.0515625 0.075
0 0.75625 0.5765625 0.075 0.05625
0 0.28828125 0.5875 0.0515625 0.0609375
0 0.2171875 0.59296875 0.05625 0.075
0 0.36953125 0.60625 0.0703125 0.0890625
0 0.90234375 0.59921875 0.053125 0.1125
0 0.49453125 0.6109375 0.0515625 0.065625
0 0.5484375 0.6171875 0.0609375 0.0890625
0 0.64609375 0.6203125 0.0671875 0.0984375
0 0.98828125 0.6234375 0.0203125 0.115625
0 0.87265625 0.63046875 0.0796875 0.0890625
0 0.09921875 0.6578125 0.0609375 0.084375
0 0.7390625 0.65546875 0.0765625 0.103125
0 0.14921875 0.67265625 0.05625 0.0796875
0 0.496875 0.70625 0.08125 0.1171875
0 0.415625 0.72109375 0.08125 0.121875
0 0.19140625 0.734375 0.071875 0.1359375
0 0.6796875 0.7375 0.0671875 0.1453125
0 0.9015625 0.79609375 0.08125 0.1171875
0 0.9578125 0.86015625 0.0796875 0.065625
0 0.7984375 0.88125 0.0609375 0.0375