0 0.12421875 0.14609375 0.0390625 0.053125
0 0.96796875 0.1953125 0.04375 0.0625
0 0.40390625 0.17265625 0.0484375 0.0578125
0 0.73203125 0.19921875 0.040625 0.0671875
0 0.62265625 0.19609375 0.0453125 0.071875
0 0.6984375 0.20703125 0.03125 0.0703125
0 0.3484375 0.015625 0.025 0.03125
0 0.37421875 0.01484375 0.0203125 0.0296875
0 0.62421875 0.0265625 0.015625 0.0328125
0 0.76953125 0.21796875 0.0359375 0.0671875
0 0.80546875 0.23359375 0.0453125 0.0671875
0 0.3734375 0.21484375 0.04375 0.04375
0 0.209375 0.20859375 0.05 0.0859375
0 0.25078125 0.215625 0.0390625 0.0578125
0 0.86953125 0.25 0.040625 0.0765625
0 0.3796875 0.23125 0.0359375 0.0671875
0 0.2875 0.2265625 0.0484375 0.0578125
0 0.4234375 0.23359375 0.0484375 0.0578125
0 0.1 0.221875 0.0390625 0.0484375
0 0.47109375 0.25546875 0.040625 0.0765625
0 0.5359375 0.265625 0.0390625 0.053125
0 0.05625 0.2453125 0.05 0.0765625
0 0.6046875 0.2859375 0.0390625 0.0625
0 0.65703125 0.28984375 0.0453125 0.071875
0 0.959375 0.31015625 0.0390625 0.0484375
0 0.496875 0.2953125 0.040625 0.0671875
0 0.38984375 0.3015625 0.05625 0.109375
0 0.140625 0.2890625 0.0453125 0.08125
0 0.85859375 0.33359375 0.040625 0.071875
0 0.18828125 0.30078125 0.040625 0.0765625
0 0.3078125 0.3234375 0.0546875 0.08125
0 0.98046875 0.365625 0.0390625 0.090625
0 0.565625 0.35 0.0453125 0.071875
0 0.8875 0.3671875 0.0453125 0.090625
0 0.809375 0.39140625 0.0625 0.0578125
0 0.94296875 0.40078125 0.0546875 0.090625
0 0.39453125 0.0328125 0.0203125 0.0296875
0 0.24609375 0.3875 0.0453125 0.08125
0 0.74140625 0.053125 0.03125 0.05625
0 0.41171875 0.41171875 0.0640625 0.0765625
0 0.8171875 0.45625 0.0640625 0.0671875
0 0.1625 0.4359375 0.046875 0.0984375
0 0.13125 0.46171875 0.046875 0.1171875
0 0.08203125 0.46875 0.0609375 0.11875
0 0.4265625 0.04609375 0.0203125 0.0375
0 0.440625 0.53125 0.040625 0.0859375
0 0.85859375 0.5578125 0.05625 0.109375
0 0.653125 0.0625 0.034375 0.0484375
0 0.37890625 0.55859375 0.0546875 0.090625
0 0.62421875 0.0640625 0.0203125 0.0421875
0 0.5078125 0.58203125 0.0453125 0.090625
0 0.5875 0.0640625 0.025 0.0375
0 0.4953125 0.059375 0.0203125 0.025
0 0.51328125 0.06015625 0.015625 0.0234375
0 0.44609375 0.059375 0.0203125 0.0296875
0 0.02734375 0.5859375 0.0546875 0.1875
0 0.1703125 0.603125 0.0546875 0.090625
0 0.61796875 0.6359375 0.05 0.0765625
0 0.5671875 0.63828125 0.06875 0.06875
0 0.415625 0.646875 0.06875 0.078125
0 0.3421875 0.05859375 0.0328125 0.025
0 0.153125 0.0484375 0.0296875 0.0421875
0 0.72578125 0.69921875 0.0484375 0.13125
0 0.95625 0.725 0.075 0.1796875
0 0.78515625 0.71875 0.0515625 0.121875
0 0.16953125 0.70703125 0.06875 0.0875
0 0.68125 0.0828125 0.034375 0.0484375
0 0.46484375 0.071875 0.025 0.0421875
0 0.08671875 0.72421875 0.06875 0.06875
0 0.84921875 0.7828125 0.0765625 0.1375
0 0.51796875 0.76796875 0.0703125 0.109375
0 0.42265625 0.78515625 0.0671875 0.1375
0 0.38046875 0.07421875 0.015625 0.0328125
0 0.259375 0.80703125 0.0796875 0.1234375
0 0.25546875 0.0703125 0.0203125 0.0296875
0 0.01171875 0.8078125 0.0234375 0.13125
0 0.11484375 0.81875 0.071875 0.146875
0 0.21875 0.0703125 0.034375 0.0484375
0 0.55390625 0.08828125 0.03125 0.046875
0 0.51953125 0.0890625 0.0203125 0.0328125
0 0.53671875 0.8984375 0.0578125 0.1375
0 0.79765625 0.92578125 0.0703125 0.1234375
0 0.6578125 0.92109375 0.096875 0.1578125
0 0.8921875 0.9625 0.115625 0.075
0 0.49296875 0.0984375 0.0203125 0.0375
0 0.41015625 0.09375 0.0265625 0.046875
0 0.34765625 0.09296875 0.025 0.0375
0 0.42421875 0.1015625 0.03125 0.05625
0 0.1296875 0.090625 0.034375 0.034375
0 0.2515625 0.1 0.034375 0.04375
0 0.29375 0.10859375 0.021875 0.046875
0 0.6078125 0.128125 0.03125 0.046875
0 0.17734375 0.10546875 0.034375 0.0484375
0 0.2140625 0.1140625 0.0296875 0.0421875
0 0.05 0.1125 0.034375 0.0390625
0 0.68515625 0.1484375 0.0453125 0.071875
0 0.75234375 0.15390625 0.0390625 0.04375
0 0.5046875 0.14375 0.034375 0.034375
0 0.58515625 0.0203125 0.0296875 0.0328125
0 0.44453125 0.1453125 0.0390625 0.0390625
0 0.321875 0.140625 0.05 0.0671875
0 0.071875 0.13046875 0.03125 0.046875
0 0.5203125 0.16015625 0.04375 0.053125