0 0.2921875 0.140625 0.0484375 0.059375
0 0.6921875 0.18984375 0.059375 0.075
0 0.8265625 0.21328125 0.0453125 0.0734375
0 0.59921875 0.18515625 0.0484375 0.059375
0 0.93203125 0.23359375 0.0421875 0.0453125
0 0.18828125 0.1515625 0.0421875 0.0546875
0 0.08203125 0.14296875 0.046875 0.0546875
0 0.875 0.240625 0.0484375 0.06875
0 0.77265625 0.23515625 0.04375 0.059375
0 0.9890625 0.26484375 0.021875 0.0546875
0 0.3703125 0.19296875 0.0578125 0.0609375
0 0.43359375 0.20546875 0.0484375 0.0640625
0 0.74453125 0.04765625 0.040625 0.0359375
0 0.77890625 0.0515625 0.0421875 0.0453125
0 0.56796875 0.22578125 0.046875 0.0546875
0 0.70078125 0.2515625 0.059375 0.075
0 0.19375 0.1984375 0.0375 0.0546875
0 0.965625 0.29609375 0.0484375 0.0640625
0 0.08984375 0.190625 0.0453125 0.0421875
0 0.93125 0.29609375 0.05 0.0734375
0 0.98828125 0.3078125 0.0234375 0.040625
0 0.284375 0.22421875 0.065625 0.09375
0 0.359375 0.01875 0.053125 0.0375
0 0.54765625 0.284375 0.046875 0.0546875
0 0.190625 0.24453125 0.05 0.078125
0 0.96640625 0.36640625 0.05 0.078125
0 0.32265625 0.2890625 0.0546875 0.075
0 0.81015625 0.06640625 0.0265625 0.03125
0 0.9453125 0.08359375 0.0484375 0.0640625
0 0.73984375 0.34765625 0.0484375 0.06875
0 0.0828125 0.2671875 0.0515625 0.05625
0 0.90703125 0.375 0.053125 0.0703125
0 0.80546875 0.36484375 0.06875 0.0859375
0 0.87109375 0.0765625 0.05 0.0734375
0 0.0375 0.2984375 0.040625 0.078125
0 0.22734375 0.33125 0.05 0.0828125
0 0.45703125 0.359375 0.0640625 0.075
0 0.87265625 0.41015625 0.0546875 0.0796875
0 0.6140625 0.3859375 0.053125 0.0609375
0 0.67890625 0.4078125 0.059375 0.075
0 0.53984375 0.4046875 0.0578125 0.0703125
0 0.92734375 0.45234375 0.046875 0.0546875
0 0.29765625 0.37734375 0.0546875 0.0796875
0 0.3921875 0.409375 0.053125 0.0703125
0 0.74609375 0.471875 0.059375 0.0796875
0 0.62421875 0.0578125 0.0421875 0.0546875
0 0.92734375 0.51328125 0.0625 0.071875
0 0.62734375 0.4875 0.065625 0.09375
0 0.30703125 0.45703125 0.0546875 0.075
0 0.88515625 0.55703125 0.04375 0.06875
0 0.840625 0.55390625 0.0484375 0.06875
0 0.2234375 0.52890625 0.0578125 0.0703125
0 0.10546875 0.0140625 0.0421875 0.028125
0 0.57265625 0.06328125 0.0453125 0.0734375
0 0.33359375 0.03671875 0.053125 0.0609375
0 0.378125 0.62265625 0.059375 0.084375
0 0.2234375 0.60625 0.0640625 0.0796875
0 0.1296875 0.0203125 0.0375 0.040625
0 0.64921875 0.68828125 0.0546875 0.084375
0 0.79609375 0.10234375 0.0421875 0.0453125
0 0.0796875 0.63515625 0.075 0.0953125
0 0.325 0.72578125 0.0640625 0.0796875
0 0.7015625 0.0984375 0.0421875 0.0546875
0 0.67109375 0.09453125 0.04375 0.059375
0 0.43046875 0.7625 0.0609375 0.0890625
0 0.7453125 0.80078125 0.065625 0.0890625
0 0.59296875 0.78671875 0.0703125 0.090625
0 0.07578125 0.0265625 0.0390625 0.053125
0 0.8625 0.83828125 0.065625 0.0984375
0 0.21328125 0.04296875 0.0328125 0.04375
0 0.475 0.075 0.0484375 0.059375
0 0.621875 0.0203125 0.0296875 0.021875
0 0.18359375 0.796875 0.0796875 0.096875
0 0.71875 0.8859375 0.075 0.0953125
0 0.4265625 0.0734375 0.0578125 0.065625
0 0.4078125 0.88984375 0.0796875 0.1
0 0.875 0.95 0.08125 0.1
0 0.35859375 0.07265625 0.0484375 0.059375
0 0.5828125 0.95234375 0.090625 0.0953125
0 0.25078125 0.93359375 0.0921875 0.084375
0 0.646875 0.02578125 0.0390625 0.028125
0 0.1671875 0.0578125 0.034375 0.053125
0 0.446875 0.09921875 0.0421875 0.0453125
0 0.3796875 0.09296875 0.046875 0.0515625
0 0.2625 0.07890625 0.053125 0.0609375
0 0.53515625 0.11484375 0.059375 0.075
0 0.3046875 0.0984375 0.0625 0.0671875
0 0.628125 0.14296875 0.059375 0.075
0 0.43046875 0.13984375 0.046875 0.0515625
0 0.2203125 0.1203125 0.04375 0.059375
0 0.35078125 0.13828125 0.046875 0.0546875