0 0.540625 0.32890625 0.00625 0.00625
0 0.5328125 0.3296875 0.00625 0.00625
0 0.53515625 0.33046875 0.00625 0.00625
0 0.534375 0.33671875 0.00625 0.00625
0 0.55078125 0.35 0.00625 0.00625
0 0.49296875 0.3453125 0.00625 0.00625
0 0.58359375 0.3625 0.00625 0.00625
0 0.48359375 0.34296875 0.00625 0.00625
0 0.53125 0.35234375 0.00625 0.00625
0 0.621875 0.3703125 0.00625 0.00625
0 0.53515625 0.35546875 0.00625 0.00625
0 0.5875 0.365625 0.00625 0.00625
0 0.503125 0.34921875 0.00625 0.00625
0 0.56640625 0.36171875 0.00625 0.00625
0 0.52578125 0.35390625 0.00625 0.00625
0 0.5046875 0.35234375 0.00625 0.00625
0 0.6171875 0.37421875 0.00625 0.00625
0 0.5390625 0.35859375 0.00625 0.00625
0 0.44140625 0.33984375 0.00625 0.00625
0 0.45234375 0.3421875 0.00625 0.00625
0 0.475 0.3484375 0.00625 0.00625
0 0.5546875 0.3640625 0.00625 0.00625
0 0.584375 0.3703125 0.00625 0.00625
0 0.52265625 0.3578125 0.00625 0.00625
0 0.5953125 0.371875 0.00625 0.00625
0 0.55703125 0.3671875 0.00625 0.00625
0 0.6 0.375 0.00625 0.00625
0 0.47734375 0.3515625 0.00625 0.00625
0 0.590625 0.3734375 0.00625 0.00625
0 0.490625 0.35390625 0.00625 0.00625
0 0.61328125 0.378125 0.00625 0.00625
0 0.4015625 0.3390625 0.00625 0.00625
0 0.56015625 0.3703125 0.00625 0.00625
0 0.5125 0.3609375 0.00625 0.00625
0 0.56953125 0.371875 0.00625 0.00625
0 0.5765625 0.3734375 0.00625 0.00625
0 0.60859375 0.3796875 0.00625 0.00625
0 0.415625 0.3421875 0.00625 0.00625
0 0.4515625 0.34921875 0.00625 0.009375
0 0.58046875 0.3765625 0.00625 0.00625
0 0.45546875 0.35234375 0.0125 0.015625
0 0.4625 0.353125 0.00625 0.00625
0 0.53984375 0.36875 0.0125 0.015625
0 0.53046875 0.36640625 0.00625 0.00625
0 0.53515625 0.36796875 0.00625 0.009375
0 0.60546875 0.38125 0.00625 0.00625
0 0.61484375 0.3828125 0.00625 0.00625
0 0.4921875 0.359375 0.00625 0.00625
0 0.503125 0.3609375 0.00625 0.00625
0 0.62109375 0.38671875 0.00625 0.00625
0 0.6296875 0.38828125 0.00625 0.009375
0 0.52578125 0.36796875 0.00625 0.00625
0 0.55078125 0.37265625 0.00625 0.00625
0 0.5734375 0.37734375 0.00625 0.00625
0 0.584375 0.3796875 0.00625 0.00625
0 0.52109375 0.3671875 0.00625 0.00625
0 0.56875 0.3765625 0.00625 0.00625
0 0.6390625 0.38984375 0.00625 0.009375
0 0.553125 0.3734375 0.00625 0.00625
0 0.7140625 0.4046875 0.0109375 0.0109375
0 0.475 0.3609375 0.00625 0.00625
0 0.55625 0.3765625 0.00625 0.00625
0 0.57734375 0.38046875 0.00625 0.00625
0 0.59140625 0.38359375 0.00625 0.00625
0 0.39765625 0.3453125 0.00625 0.00625
0 0.47265625 0.36015625 0.00625 0.00625
0 0.5890625 0.3828125 0.00625 0.00625
0 0.6640625 0.39765625 0.00625 0.00625
0 0.390625 0.346875 0.00625 0.00625
0 0.4046875 0.34921875 0.00625 0.00625
0 0.5953125 0.38671875 0.00625 0.00625
0 0.48671875 0.365625 0.00625 0.00625
0 0.52265625 0.371875 0.00625 0.00625
0 0.70390625 0.4078125 0.0125 0.015625
0 0.42421875 0.35546875 0.0125 0.015625
0 0.49296875 0.36875 0.00625 0.009375
0 0.52890625 0.37578125 0.00625 0.00625
0 0.571875 0.384375 0.00625 0.00625
0 0.615625 0.39296875 0.00625 0.00625
0 0.25390625 0.32265625 0.0109375 0.0109375
0 0.5171875 0.3734375 0.00625 0.00625
0 0.5625 0.3828125 0.00625 0.009375
0 0.5359375 0.37734375 0.00625 0.00625
0 0.65625 0.40078125 0.0109375 0.0109375
0 0.69453125 0.4078125 0.0109375 0.0109375
0 0.3609375 0.34296875 0.0125 0.015625
0 0.371875 0.3453125 0.00625 0.00625
0 0.61953125 0.39375 0.00625 0.00625
0 0.35625 0.34453125 0.00625 0.009375
0 0.5921875 0.390625 0.00625 0.00625
0 0.2375 0.321875 0.0078125 0.0140625
0 0.30390625 0.334375 0.0109375 0.0109375
0 0.5671875 0.3859375 0.00625 0.009375
0 0.5875 0.38984375 0.00625 0.009375
0 0.61015625 0.39453125 0.00625 0.00625
0 0.66484375 0.4046875 0.00625 0.009375
0 0.28046875 0.3296875 0.00625 0.009375
0 0.34921875 0.34296875 0.00625 0.009375
0 0.378125 0.34921875 0.00625 0.00625
0 0.46484375 0.365625 0.00625 0.009375
0 0.68515625 0.40859375 0.00625 0.009375
0 0.32578125 0.3390625 0.00625 0.00625
0 0.39921875 0.353125 0.00625 0.00625
0 0.31640625 0.3390625 0.0109375 0.0109375
0 0.4734375 0.36953125 0.00625 0.009375
0 0.66015625 0.40625 0.00625 0.009375
0 0.67109375 0.40859375 0.0125 0.015625
0 0.41484375 0.35859375 0.00625 0.009375
0 0.59609375 0.39375 0.00625 0.00625
0 0.21875 0.3203125 0.00625 0.009375
0 0.53046875 0.38125 0.00625 0.009375
0 0.5734375 0.3890625 0.00625 0.009375
0 0.6296875 0.4 0.0125 0.015625
0 0.64375 0.403125 0.0109375 0.0109375
0 0.209375 0.31875 0.0125 0.015625
0 0.3390625 0.34375 0.00625 0.009375
0 0.35078125 0.34609375 0.0109375 0.0109375
0 0.24609375 0.328125 0.00625 0.009375
0 0.553125 0.3875 0.00625 0.009375
0 0.625 0.4015625 0.0109375 0.0109375
0 0.64765625 0.40625 0.0109375 0.0109375
0 0.72578125 0.42109375 0.0125 0.015625
0 0.159375 0.3109375 0.0078125 0.0140625
0 0.184375 0.31640625 0.0078125 0.0140625
0 0.57734375 0.3921875 0.00625 0.00625
0 0.43828125 0.365625 0.0109375 0.0109375
0 0.47734375 0.3734375 0.00625 0.009375
0 0.5609375 0.3890625 0.0109375 0.0109375
0 0.65703125 0.4078125 0.00625 0.009375
0 0.29375 0.3375 0.0109375 0.0109375
0 0.52265625 0.38203125 0.00625 0.009375
0 0.61171875 0.39921875 0.00625 0.009375
0 0.61796875 0.4 0.00625 0.009375
0 0.20234375 0.31953125 0.0125 0.015625
0 0.33203125 0.34453125 0.00625 0.009375
0 0.43046875 0.3640625 0.00625 0.009375
0 0.4453125 0.3671875 0.00625 0.009375
0 0.51171875 0.3796875 0.0109375 0.0109375
0 0.11640625 0.30546875 0.0109375 0.0109375
0 0.22265625 0.32578125 0.00625 0.00625
0 0.58125 0.3953125 0.00625 0.00625
0 0.23203125 0.32734375 0.00625 0.009375
0 0.48671875 0.37734375 0.00625 0.00625
0 0.60234375 0.4 0.00625 0.009375
0 0.32890625 0.346875 0.00625 0.009375
0 0.3859375 0.3578125 0.00625 0.00625
0 0.515625 0.3828125 0.00625 0.009375
0 0.05703125 0.29375 0.0125 0.015625
0 0.146875 0.31328125 0.0125 0.015625
0 0.4921875 0.38046875 0.00625 0.00625
0 0.365625 0.35625 0.0125 0.015625
0 0.68046875 0.4171875 0.0125 0.015625
0 0.16796875 0.31796875 0.0171875 0.0171875
0 0.46953125 0.3765625 0.00625 0.009375
0 0.51953125 0.3859375 0.0109375 0.0109375
0 0.29765625 0.34296875 0.0078125 0.0140625
0 0.35625 0.3546875 0.00625 0.009375
0 0.10859375 0.30859375 0.0109375 0.0109375
0 0.30625 0.346875 0.00625 0.009375
0 0.078125 0.30234375 0.0109375 0.0109375
0 0.66015625 0.415625 0.00625 0.009375
0 0.253125 0.33671875 0.00625 0.009375
0 0.3234375 0.35 0.0125 0.015625
0 0.503125 0.38515625 0.00625 0.009375
0 0.1234375 0.31171875 0.0125 0.0203125
0 0.7125 0.42578125 0.0109375 0.0109375
0 0.13671875 0.31640625 0.0171875 0.0171875
0 0.19609375 0.328125 0.0125 0.015625
0 0.4984375 0.38671875 0.00625 0.009375
0 0.73046875 0.43203125 0.0125 0.015625
0 0.33515625 0.3546875 0.0109375 0.0109375
0 0.3390625 0.35546875 0.0125 0.015625
0 0.35078125 0.3578125 0.00625 0.009375
0 0.36015625 0.36015625 0.0109375 0.0109375
0 0.39140625 0.365625 0.0078125 0.0140625
0 0.3984375 0.3671875 0.00625 0.009375
0 0.42578125 0.37265625 0.0109375 0.0109375
0 0.703125 0.4265625 0.0171875 0.0203125
0 0.34609375 0.35703125 0.0125 0.015625
0 0.478125 0.3828125 0.0078125 0.0140625
0 0.6078125 0.4078125 0.00625 0.009375
0 0.0890625 0.30703125 0.0125 0.015625
0 0.653125 0.41640625 0.0109375 0.0109375
0 0.37109375 0.36171875 0.0125 0.015625
0 0.06875 0.303125 0.0125 0.015625
0 0.21171875 0.33359375 0.0125 0.015625
0 0.21875 0.334375 0.0078125 0.0140625
0 0.26171875 0.34296875 0.0125 0.015625
0 0.51171875 0.39140625 0.0109375 0.0109375
0 0.603125 0.409375 0.00625 0.009375
0 0.38203125 0.36640625 0.0109375 0.0109375
0 0.17578125 0.3265625 0.0171875 0.0171875
0 0.59375 0.4078125 0.0125 0.0203125
0 0.61171875 0.4109375 0.0125 0.015625
0 0.228125 0.33671875 0.015625 0.0125
0 0.40234375 0.3703125 0.0125 0.015625
0 0.275 0.34765625 0.01875 0.025
0 0.290625 0.35078125 0.0125 0.015625
0 0.69296875 0.42890625 0.0234375 0.0265625
0 0.43125 0.378125 0.0125 0.015625
0 0.54296875 0.4 0.0171875 0.0171875
0 0.55859375 0.403125 0.0125 0.0203125
0 0.03671875 0.3015625 0.0171875 0.0203125
0 0.45 0.38203125 0.0125 0.0203125
0 0.5703125 0.40546875 0.0125 0.015625
0 0.63359375 0.41796875 0.0171875 0.0171875
0 0.4375 0.38203125 0.0125 0.0203125
0 0.3171875 0.35859375 0.01875 0.025
0 0.5265625 0.39921875 0.0078125 0.0140625
0 0.50390625 0.39453125 0.0125 0.015625
0 0.70859375 0.434375 0.0125 0.0203125
0 0.8125 0.45703125 0.0125 0.0203125
0 0.82578125 0.46015625 0.0171875 0.0203125
0 0.73515625 0.4421875 0.0171875 0.0171875
0 0.4859375 0.39375 0.0171875 0.0203125
0 0.4625 0.3890625 0.0234375 0.0265625
0 0.5828125 0.4125 0.0125 0.015625
0 0.61640625 0.41953125 0.0125 0.015625
0 0.34609375 0.36875 0.0125 0.015625
0 0.73046875 0.44375 0.0171875 0.0203125
0 0.0984375 0.32109375 0.0171875 0.0203125
0 0.14609375 0.33046875 0.0171875 0.0203125
0 0.28046875 0.35625 0.0171875 0.0171875
0 0.53046875 0.4046875 0.0125 0.015625
0 0.66015625 0.4296875 0.0171875 0.0203125
0 0.15703125 0.334375 0.01875 0.025
0 0.51171875 0.40390625 0.0125 0.015625
0 0.51875 0.4046875 0.0125 0.015625
0 0.21171875 0.3453125 0.0171875 0.0171875
0 0.675 0.43515625 0.01875 0.025
0 0.5 0.4015625 0.0171875 0.0171875
0 0.33671875 0.36953125 0.0171875 0.0203125
0 0.24296875 0.3515625 0.025 0.0390625
0 0.2640625 0.35546875 0.0171875 0.0203125
0 0.0796875 0.31953125 0.0171875 0.0203125
0 0.05234375 0.31640625 0.01875 0.025
0 0.30234375 0.365625 0.01875 0.025
0 0.29296875 0.36328125 0.0125 0.015625
0 0.93828125 0.4890625 0.0296875 0.0359375
0 0.715625 0.4453125 0.0171875 0.0203125
0 0.10234375 0.3265625 0.0125 0.015625
0 0.97265625 0.4953125 0.0234375 0.03125
0 0.59765625 0.42265625 0.0125 0.0203125
0 0.62890625 0.43046875 0.0171875 0.0203125
0 0.4203125 0.38984375 0.01875 0.025
0 0.0859375 0.325 0.0171875 0.0203125
0 0.1265625 0.3328125 0.0359375 0.0296875
0 0.78828125 0.46328125 0.03125 0.0453125
0 0.95390625 0.49609375 0.03125 0.0453125
0 0.60625 0.428125 0.0125 0.0203125
0 0.61015625 0.42890625 0.0125 0.015625
0 0.353125 0.38125 0.0234375 0.0265625
0 0.578125 0.425 0.0171875 0.0171875
0 0.228125 0.35703125 0.0234375 0.0265625
0 0.83984375 0.47578125 0.0296875 0.0359375
0 0.6484375 0.4390625 0.034375 0.0421875
0 0.5546875 0.4234375 0.0109375 0.0109375
0 0.37734375 0.38828125 0.028125 0.028125
0 0.40078125 0.39296875 0.0078125 0.0140625
0 0.5390625 0.42265625 0.0234375 0.0265625
0 0.0359375 0.32734375 0.0296875 0.0359375
0 0.06328125 0.3296875 0.0234375 0.03125
0 0.3390625 0.38359375 0.0171875 0.0203125
0 0.51796875 0.4203125 0.0125 0.0203125
0 0.45625 0.40859375 0.0234375 0.0265625
0 0.321875 0.3828125 0.0296875 0.0359375
0 0.215625 0.36171875 0.028125 0.028125
0 0.4921875 0.41796875 0.0140625 0.025
0 0.6921875 0.45703125 0.025 0.034375
0 0.7125 0.46328125 0.0234375 0.0265625
0 0.2828125 0.38203125 0.0234375 0.03125
0 0.5640625 0.43671875 0.0171875 0.0203125
0 0.50234375 0.42734375 0.025 0.0390625
0 0.59765625 0.4484375 0.0234375 0.0265625
0 0.371875 0.40625 0.01875 0.025
0 0.40625 0.41328125 0.01875 0.025
0 0.58125 0.44765625 0.01875 0.025
0 0.30078125 0.39296875 0.0234375 0.03125
0 0.76015625 0.48203125 0.0546875 0.0765625
0 0.34375 0.40625 0.0296875 0.0359375
0 0.41875 0.4203125 0.0125 0.0203125
0 0.0734375 0.353125 0.0359375 0.05
0 0.66640625 0.46875 0.028125 0.028125
0 0.43828125 0.4265625 0.0359375 0.0453125
0 0.46640625 0.43203125 0.021875 0.021875
0 0.89296875 0.5171875 0.053125 0.071875
0 0.8359375 0.50625 0.034375 0.0421875
0 0.15703125 0.37421875 0.0375 0.0546875
0 0.17890625 0.37890625 0.040625 0.05625
0 0.63984375 0.47109375 0.028125 0.028125
0 0.9765625 0.53828125 0.046875 0.0765625
0 0.309375 0.4109375 0.0234375 0.0265625
0 0.03515625 0.3578125 0.040625 0.0515625
0 0.6890625 0.48515625 0.0296875 0.0359375
0 0.7234375 0.49140625 0.046875 0.065625
0 0.6109375 0.47265625 0.0328125 0.0546875
0 0.5390625 0.4609375 0.0328125 0.0546875
0 0.92890625 0.53671875 0.0390625 0.046875
0 0.27734375 0.409375 0.0296875 0.0359375
0 0.08828125 0.375 0.04375 0.0703125
0 0.396875 0.43515625 0.025 0.034375
0 0.1125 0.3828125 0.065625 0.0875
0 0.85 0.528125 0.03125 0.05
0 0.20234375 0.40703125 0.0375 0.059375
0 0.78515625 0.52265625 0.05625 0.0625
0 0.2375 0.41796875 0.053125 0.071875
0 0.3234375 0.4390625 0.0453125 0.0515625
0 0.66796875 0.50859375 0.0359375 0.05
0 0.8765625 0.5515625 0.0515625 0.0625
0 0.55078125 0.49296875 0.0484375 0.0703125
0 0.3515625 0.459375 0.03125 0.0453125
0 0.38203125 0.46484375 0.03125 0.0453125
0 0.46640625 0.49375 0.046875 0.065625
0 0.40859375 0.49453125 0.0515625 0.0671875
0 0.26875 0.4671875 0.03125 0.0453125
0 0.63046875 0.54453125 0.0453125 0.05625
0 0.04140625 0.43203125 0.0609375 0.090625
0 0.51015625 0.5234375 0.040625 0.05625
0 0.9546875 0.61484375 0.06875 0.0875
0 0.75546875 0.59453125 0.059375 0.059375
0 0.215625 0.50625 0.0796875 0.115625
0 0.8578125 0.6359375 0.071875 0.096875
0 0.39296875 0.6015625 0.0671875 0.1171875
0 0.79609375 0.6875 0.1125 0.1703125
0 0.2765625 0.59140625 0.075 0.115625
0 0.5375 0.6609375 0.084375 0.1171875
0 0.7203125 0.72421875 0.1171875 0.1546875
0 0.41953125 0.71015625 0.140625 0.25
0 0.16640625 0.7015625 0.1296875 0.2
0 0.09609375 0.71953125 0.1921875 0.2453125