0 0.02578125 0.5796875 0.0234375 0.03125
0 0.1453125 0.56796875 0.0171875 0.0203125
0 0.12890625 0.5703125 0.0171875 0.0203125
0 0.18671875 0.5640625 0.0203125 0.0171875
0 0.115625 0.575 0.021875 0.0265625
0 0.05859375 0.58671875 0.0171875 0.0203125
0 0.29921875 0.5484375 0.0171875 0.0203125
0 0.228125 0.56171875 0.021875 0.021875
0 0.16640625 0.571875 0.0171875 0.0203125
0 0.5625 0.51171875 0.0171875 0.0203125
0 0.20234375 0.57109375 0.015625 0.015625
0 0.13828125 0.58125 0.021875 0.021875
0 0.46484375 0.52890625 0.0171875 0.0203125
0 0.525 0.52421875 0.0171875 0.0203125
0 0.6 0.5125 0.0171875 0.0203125
0 0.41484375 0.5421875 0.0171875 0.0203125
0 0.26015625 0.56640625 0.0171875 0.0203125
0 0.3625 0.55 0.0171875 0.0203125
0 0.54140625 0.52421875 0.015625 0.015625
0 0.5 0.53046875 0.0171875 0.0203125
0 0.5875 0.5171875 0.021875 0.021875
0 0.609375 0.51328125 0.015625 0.015625
0 0.48671875 0.534375 0.021875 0.021875
0 0.221875 0.5765625 0.0234375 0.03125
0 0.3453125 0.55703125 0.0234375 0.03125
0 0.43203125 0.5453125 0.0171875 0.0203125
0 0.08515625 0.603125 0.0171875 0.0203125
0 0.25 0.57890625 0.021875 0.021875
0 0.378125 0.55859375 0.0171875 0.0203125
0 0.42578125 0.5515625 0.021875 0.021875
0 0.29375 0.575 0.021875 0.021875
0 0.39921875 0.5578125 0.015625 0.015625
0 0.06171875 0.6796875 0.028125 0.0359375
0 0.90859375 0.54765625 0.0234375 0.034375
0 0.684375 0.58515625 0.01875 0.0296875
0 0.6484375 0.59140625 0.0265625 0.0265625
0 0.840625 0.56328125 0.0171875 0.025
0 0.671875 0.58984375 0.021875 0.021875
0 0.5390625 0.61328125 0.0234375 0.034375
0 0.22578125 0.6625 0.021875 0.0265625
0 0.28125 0.65625 0.0265625 0.0265625
0 0.70625 0.5890625 0.0171875 0.0203125
0 0.8 0.57421875 0.0234375 0.03125
0 0.9671875 0.54765625 0.0171875 0.025
0 0.2578125 0.66015625 0.028125 0.03125
0 0.77734375 0.58046875 0.028125 0.0359375
0 0.58359375 0.6109375 0.015625 0.015625
0 0.621875 0.6046875 0.015625 0.015625
0 0.46953125 0.63125 0.021875 0.0265625
0 0.990625 0.54921875 0.0171875 0.025
0 0.29140625 0.659375 0.0234375 0.03125
0 0.5578125 0.6171875 0.021875 0.0265625
0 0.13046875 0.68515625 0.028125 0.03125
0 0.421875 0.6390625 0.028125 0.03125
0 0.0921875 0.69375 0.0265625 0.0265625
0 0.2046875 0.67578125 0.021875 0.0265625
0 0.18828125 0.678125 0.0328125 0.0359375
0 0.40625 0.64609375 0.021875 0.0265625
0 0.81953125 0.58046875 0.0328125 0.0359375
0 0.99765625 0.55078125 0.0046875 0.0203125
0 0.43984375 0.640625 0.0171875 0.0203125
0 0.5109375 0.6296875 0.021875 0.0265625
0 0.49765625 0.634375 0.021875 0.021875
0 0.33125 0.6625 0.021875 0.0265625
0 0.80625 0.5875 0.021875 0.0265625
0 0.6140625 0.61796875 0.0171875 0.0203125
0 0.1765625 0.68984375 0.0328125 0.0359375
0 0.72265625 0.603125 0.0265625 0.0265625
0 0.87109375 0.5796875 0.0515625 0.0703125
0 0.74765625 0.6015625 0.0171875 0.025
0 0.58125 0.63046875 0.028125 0.03125
0 0.628125 0.6296875 0.0234375 0.03125
0 0.68359375 0.6234375 0.028125 0.03125
0 0.36953125 0.71015625 0.028125 0.03125