0 0.98125 0.059375 0.0375 0.0625
0 0.88671875 0.05625 0.0390625 0.0578125
0 0.20859375 0.3640625 0.0359375 0.0765625
0 0.12890625 0.36484375 0.034375 0.053125
0 0.32578125 0.37734375 0.040625 0.0765625
0 0.409375 0.384375 0.034375 0.0625
0 0.45234375 0.3890625 0.0484375 0.0625
0 0.66953125 0.40234375 0.0390625 0.0578125
0 0.5796875 0.4 0.0390625 0.053125
0 0.04921875 0.37734375 0.040625 0.0671875
0 0.5 0.0453125 0.0359375 0.0671875
0 0.82421875 0.0625 0.034375 0.0625
0 0.05078125 0.4484375 0.0390625 0.0625
0 0.61953125 0.478125 0.0453125 0.0671875
0 0.84375 0.48984375 0.040625 0.0671875
0 0.496875 0.4765625 0.04375 0.0625
0 0.10546875 0.45625 0.0359375 0.0671875
0 0.434375 0.47578125 0.040625 0.071875
0 0.246875 0.46796875 0.0359375 0.0765625
0 0.184375 0.46484375 0.05 0.0671875
0 0.32265625 0.47421875 0.040625 0.0671875
0 0.68984375 0.50078125 0.0390625 0.0625
0 0.3828125 0.48671875 0.0359375 0.071875
0 0.77109375 0.50703125 0.04375 0.0625
0 0.909375 0.5140625 0.040625 0.0765625
0 0.98046875 0.5203125 0.0359375 0.08125
0 0.55546875 0.4984375 0.040625 0.0671875
0 0.06953125 0.528125 0.0390625 0.0625
0 0.2296875 0.5671875 0.0359375 0.0765625
0 0.3609375 0.58125 0.0359375 0.0671875
0 0.703125 0.60546875 0.0359375 0.0671875
0 0.90546875 0.62265625 0.034375 0.0625
0 0.4828125 0.603125 0.0359375 0.0671875
0 0.85703125 0.62734375 0.040625 0.071875
0 0.29765625 0.6515625 0.0359375 0.0671875
0 0.03046875 0.646875 0.04375 0.0625
0 0.09765625 0.65 0.0453125 0.071875
0 0.8328125 0.703125 0.0390625 0.0625
0 0.4515625 0.6828125 0.034375 0.0625
0 0.5453125 0.6921875 0.03125 0.0609375
0 0.75625 0.70390625 0.0453125 0.0671875
0 0.9109375 0.71171875 0.040625 0.0671875
0 0.37421875 0.6859375 0.040625 0.071875
0 0.621875 0.703125 0.040625 0.0671875
0 0.9703125 0.721875 0.040625 0.0765625
0 0.2375 0.6859375 0.040625 0.071875
0 0.69765625 0.71484375 0.034375 0.0625
0 0.58671875 0.0828125 0.034375 0.0484375
0 0.34453125 0.7703125 0.034375 0.0625
0 0.275 0.76640625 0.040625 0.0765625
0 0.603125 0.78984375 0.0453125 0.0671875
0 0.12890625 0.775 0.034375 0.0578125
0 0.75234375 0.82109375 0.040625 0.071875
0 0.69453125 0.82109375 0.03125 0.0609375
0 0.18125 0.79375 0.0359375 0.0765625
0 0.9546875 0.8390625 0.0359375 0.0671875
0 0.81171875 0.83359375 0.040625 0.0765625
0 0.88828125 0.8453125 0.040625 0.0765625
0 0.496875 0.8265625 0.040625 0.08125
0 0.02421875 0.809375 0.040625 0.0671875
0 0.4453125 0.8890625 0.040625 0.0671875
0 0.3703125 0.903125 0.03125 0.0609375
0 0.26015625 0.0796875 0.0359375 0.071875
0 0.684375 0.921875 0.040625 0.0765625
0 0.16328125 0.90390625 0.040625 0.0765625
0 0.246875 0.9109375 0.03125 0.075
0 0.51640625 0.9296875 0.0390625 0.0625
0 0.29765625 0.9578125 0.0390625 0.053125
0 0.82109375 0.99609375 0.0421875 0.0078125
0 0.43515625 0.1 0.0390625 0.0625
0 0.3265625 0.096875 0.03125 0.05625
0 0.090625 0.09140625 0.03125 0.065625
0 0.153125 0.09453125 0.03125 0.065625
0 0.5515625 0.125 0.03125 0.046875
0 0.61015625 0.128125 0.0359375 0.0671875
0 0.8265625 0.14609375 0.034375 0.0578125
0 0.90078125 0.15 0.0359375 0.0671875
0 0.75703125 0.14765625 0.0390625 0.0578125
0 0.421875 0.1828125 0.03125 0.0609375
0 0.2921875 0.18359375 0.03125 0.0609375
0 0.1625 0.17890625 0.03125 0.0703125
0 0.22421875 0.01640625 0.0390625 0.0328125
0 0.36015625 0.19609375 0.03125 0.046875
0 0.9453125 0.2265625 0.0359375 0.071875
0 0.50390625 0.20625 0.034375 0.0578125
0 0.62109375 0.21484375 0.040625 0.0671875
0 0.23359375 0.196875 0.04375 0.0578125
0 0.56796875 0.2140625 0.0390625 0.0578125
0 0.70234375 0.2234375 0.0390625 0.0625
0 0.87109375 0.23203125 0.0390625 0.0625
0 0.0984375 0.20078125 0.0359375 0.0765625
0 0.77578125 0.23828125 0.034375 0.0625
0 0.2984375 0.0203125 0.03125 0.040625
0 0.23359375 0.26640625 0.034375 0.053125
0 0.31953125 0.275 0.0390625 0.0625
0 0.0765625 0.26640625 0.0359375 0.0765625
0 0.71171875 0.3046875 0.0390625 0.0625
0 0.15234375 0.2796875 0.0359375 0.0765625
0 0.60703125 0.30859375 0.0390625 0.0625
0 0.521875 0.3109375 0.05 0.0765625
0 0.76875 0.3265625 0.0390625 0.0625
0 0.90234375 0.34296875 0.0453125 0.071875