0 0.76796875 0.09921875 0.0328125 0.0375
0 0.63515625 0.10625 0.0421875 0.0328125
0 0.53984375 0.109375 0.0390625 0.046875
0 0.4703125 0.1140625 0.0421875 0.0375
0 0.71796875 0.11015625 0.0421875 0.0421875
0 0.14609375 0.1328125 0.0375 0.0296875
0 0.8296875 0.1109375 0.0328125 0.025
0 0.89375 0.10859375 0.0328125 0.0375
0 0.0078125 0.14140625 0.015625 0.0609375
0 0.03828125 0.14296875 0.04375 0.046875
0 0.38359375 0.140625 0.0296875 0.0328125
0 0.21171875 0.14921875 0.0296875 0.0328125
0 0.515625 0.13828125 0.053125 0.0484375
0 0.5734375 0.140625 0.0390625 0.065625
0 0.4203125 0.1484375 0.034375 0.046875
0 0.3921875 0.01953125 0.0296875 0.0328125
0 0.8046875 0.1375 0.0375 0.0421875
0 0.72109375 0.14296875 0.0296875 0.0375
0 0.08125 0.1671875 0.0328125 0.0328125
0 0.6265625 0.1484375 0.0625 0.0484375
0 0.69140625 0.1484375 0.0375 0.0421875
0 0.775 0.14921875 0.0375 0.0328125
0 0.8703125 0.15078125 0.0484375 0.0484375
0 0.11796875 0.17734375 0.025 0.046875
0 0.8109375 0.0109375 0.0375 0.021875
0 0.36328125 0.17578125 0.0390625 0.046875
0 0.83515625 0.16171875 0.04375 0.0609375
0 0.9625 0.16171875 0.04375 0.0796875
0 0.92109375 0.16796875 0.0390625 0.05625
0 0.03046875 0.19921875 0.053125 0.071875
0 0.3359375 0.18828125 0.053125 0.071875
0 0.5328125 0.18359375 0.04375 0.05625
0 0.19296875 0.1953125 0.0453125 0.09375
0 0.55625 0.18515625 0.04375 0.075
0 0.47421875 0.01953125 0.0296875 0.0375
0 0.95234375 0.01015625 0.0328125 0.0203125
0 0.49140625 0.1921875 0.0421875 0.0421875
0 0.61171875 0.19296875 0.0421875 0.0421875
0 0.24921875 0.2078125 0.0484375 0.053125
0 0.75390625 0.196875 0.04375 0.065625
0 0.0734375 0.2234375 0.0390625 0.05625
0 0.15390625 0.22265625 0.053125 0.08125
0 0.40390625 0.2140625 0.04375 0.065625
0 0.7953125 0.2078125 0.0484375 0.0625
0 0.44453125 0.02265625 0.0328125 0.0421875
0 0.57421875 0.0203125 0.0296875 0.040625
0 0.48359375 0.225 0.0390625 0.046875
0 0.721875 0.21875 0.0625 0.08125
0 0.1046875 0.24921875 0.0484375 0.053125
0 0.65 0.0203125 0.0296875 0.0296875
0 0.659375 0.23515625 0.0625 0.0859375
0 0.38984375 0.25390625 0.053125 0.0625
0 0.53671875 0.02421875 0.0296875 0.0328125
0 0.8734375 0.24140625 0.0546875 0.0984375
0 0.09921875 0.03984375 0.025 0.0515625
0 0.1921875 0.03828125 0.04375 0.0515625
0 0.5375 0.26015625 0.0578125 0.090625
0 0.21875 0.27109375 0.0671875 0.053125
0 0.28359375 0.271875 0.0625 0.0671875
0 0.0265625 0.2796875 0.053125 0.04375
0 0.3578125 0.2734375 0.0578125 0.0578125
0 0.8328125 0.259375 0.0625 0.08125
0 0.615625 0.0234375 0.0328125 0.0328125
0 0.90859375 0.27265625 0.0546875 0.0984375
0 0.64296875 0.28359375 0.059375 0.0953125
0 0.9046875 0.01640625 0.0296875 0.0296875
0 0.37265625 0.034375 0.0296875 0.0296875
0 0.45859375 0.30703125 0.071875 0.0625
0 0.79140625 0.3046875 0.0671875 0.071875
0 0.22109375 0.33828125 0.0625 0.0765625
0 0.0453125 0.346875 0.053125 0.071875
0 0.9625 0.328125 0.059375 0.1171875
0 0.29296875 0.35390625 0.0640625 0.103125
0 0.534375 0.36171875 0.0671875 0.0765625
0 0.375 0.371875 0.0734375 0.1140625
0 0.91640625 0.35546875 0.053125 0.0765625
0 0.60859375 0.37109375 0.0640625 0.0984375
0 0.0234375 0.053125 0.0375 0.0328125
0 0.18359375 0.3953125 0.078125 0.128125
0 0.83671875 0.38203125 0.078125 0.109375
0 0.0296875 0.41171875 0.059375 0.1171875
0 0.35 0.04375 0.025 0.05625
0 0.553125 0.03671875 0.0296875 0.0375
0 0.46875 0.4015625 0.0875 0.1140625
0 0.68671875 0.39921875 0.06875 0.0984375
0 0.15 0.41953125 0.06875 0.103125
0 0.75625 0.40703125 0.078125 0.1140625
0 0.1765625 0.0546875 0.0375 0.0421875
0 0.5484375 0.44296875 0.078125 0.1328125
0 0.065625 0.0609375 0.034375 0.0609375
0 0.25546875 0.46484375 0.0671875 0.0859375
0 0.309375 0.4703125 0.0390625 0.0515625
0 0.8875 0.45625 0.0671875 0.0765625
0 0.50078125 0.04609375 0.0421875 0.0375
0 0.76875 0.0390625 0.0328125 0.0421875
0 0.32265625 0.05703125 0.04375 0.0609375
0 0.15546875 0.5140625 0.06875 0.0984375
0 0.66171875 0.496875 0.0875 0.128125
0 0.98515625 0.4984375 0.0296875 0.075
0 0.73203125 0.52421875 0.078125 0.128125
0 0.003125 0.0703125 0.00625 0.0375
0 0.70390625 0.04609375 0.0375 0.0375
0 0.2171875 0.5515625 0.0578125 0.053125
0 0.81328125 0.04453125 0.0421875 0.0328125
0 0.859375 0.04296875 0.04375 0.046875
0 0.88359375 0.546875 0.06875 0.13125
0 0.3390625 0.58671875 0.1015625 0.146875
0 0.140625 0.07265625 0.04375 0.0703125
0 0.9359375 0.57109375 0.059375 0.103125
0 0.28828125 0.0671875 0.0296875 0.05625
0 0.07578125 0.62109375 0.1203125 0.125
0 0.61875 0.0578125 0.0328125 0.0328125
0 0.16015625 0.63203125 0.0640625 0.1078125
0 0.4421875 0.6390625 0.115625 0.146875
0 0.7390625 0.05625 0.04375 0.0609375
0 0.23203125 0.6625 0.125 0.1203125
0 0.39921875 0.0703125 0.04375 0.0609375
0 0.434375 0.06953125 0.034375 0.046875
0 0.89609375 0.05546875 0.034375 0.065625
0 0.96796875 0.05546875 0.025 0.0515625
0 0.02421875 0.08828125 0.04375 0.046875
0 0.5734375 0.06875 0.0375 0.0328125
0 0.51328125 0.0734375 0.0421875 0.0328125
0 0.05 0.8203125 0.0828125 0.15625
0 0.1484375 0.834375 0.0828125 0.128125
0 0.6703125 0.07734375 0.04375 0.0796875
0 0.81171875 0.075 0.0375 0.0421875
0 0.61953125 0.08125 0.0328125 0.025
0 0.18984375 0.10546875 0.0421875 0.0421875
0 0.94921875 0.0859375 0.0421875 0.0375
0 0.85625 0.09140625 0.0390625 0.0703125