0 0.4328125 0.178125 0.1046875 0.15625
0 0.7171875 0.28984375 0.121875 0.1546875
0 0.52890625 0.27734375 0.10625 0.14375
0 0.36328125 0.25859375 0.0984375 0.1671875
0 0.8140625 0.3609375 0.1125 0.1484375
0 0.5734375 0.37734375 0.090625 0.1265625
0 0.38359375 0.359375 0.096875 0.1421875
0 0.48125 0.415625 0.115625 0.1625
0 0.259375 0.38984375 0.1328125 0.1703125
0 0.80859375 0.5359375 0.1015625 0.1640625
0 0.1390625 0.41796875 0.13125 0.1828125
0 0.6171875 0.52734375 0.1515625 0.1734375
0 0.31484375 0.54453125 0.1125 0.1484375
0 0.40859375 0.68984375 0.121875 0.171875
0 0.634375 0.1609375 0.103125 0.146875
0 0.78046875 0.1890625 0.0984375 0.11875