0 0.575 0.13203125 0.0203125 0.0328125
0 0.38359375 0.125 0.025 0.0328125
0 0.3203125 0.13046875 0.025 0.0421875
0 0.64453125 0.14375 0.025 0.0328125
0 0.68359375 0.14765625 0.025 0.0375
0 0.45703125 0.1515625 0.025 0.0328125
0 0.63203125 0.17578125 0.025 0.0375
0 0.30234375 0.178125 0.025 0.0421875
0 0.40234375 0.18359375 0.025 0.0328125
0 0.54765625 0.19375 0.025 0.0421875
0 0.46171875 0.209375 0.0296875 0.0421875
0 0.5890625 0.21640625 0.025 0.0421875
0 0.353125 0.2140625 0.025 0.0421875
0 0.42109375 0.23515625 0.0296875 0.0421875
0 0.5390625 0.246875 0.0296875 0.0421875
0 0.6703125 0.253125 0.025 0.0421875
0 0.36015625 0.25234375 0.025 0.0375
0 0.2953125 0.259375 0.025 0.0375
0 0.14296875 0.25859375 0.04375 0.046875
0 0.44765625 0.27109375 0.0296875 0.0375
0 0.40625 0.27734375 0.025 0.0515625
0 0.65625 0.2875 0.025 0.0328125
0 0.6046875 0.28515625 0.0203125 0.0375
0 0.58828125 0.2921875 0.0296875 0.0375
0 0.4234375 0.2859375 0.025 0.046875
0 0.6875 0.29765625 0.0296875 0.0375
0 0.62265625 0.2953125 0.025 0.0328125
0 0.26640625 0.28515625 0.025 0.0375
0 0.51875 0.296875 0.0203125 0.028125
0 0.48125 0.29765625 0.0296875 0.025
0 0.30546875 0.29140625 0.025 0.0375
0 0.28046875 0.2953125 0.025 0.0421875
0 0.50703125 0.303125 0.025 0.0375
0 0.5671875 0.3078125 0.025 0.0375
0 0.45859375 0.30625 0.0203125 0.0375
0 0.640625 0.31953125 0.0296875 0.046875
0 0.5203125 0.31796875 0.025 0.0421875
0 0.66796875 0.32265625 0.0203125 0.0375
0 0.0828125 0.30234375 0.0296875 0.0421875
0 0.3375 0.31171875 0.025 0.0421875
0 0.7953125 0.32734375 0.0203125 0.028125
0 0.2328125 0.3125 0.0203125 0.0328125
0 0.3578125 0.3171875 0.025 0.0421875
0 0.13125 0.3109375 0.0203125 0.028125
0 0.69609375 0.33359375 0.0296875 0.0328125
0 0.478125 0.328125 0.0296875 0.0421875
0 0.034375 0.31484375 0.034375 0.046875
0 0.4265625 0.33125 0.0296875 0.0375
0 0.7671875 0.3453125 0.025 0.0328125
0 0.1609375 0.3265625 0.025 0.0328125
0 0.190625 0.32734375 0.0296875 0.046875
0 0.5421875 0.33984375 0.025 0.0421875
0 0.6140625 0.3421875 0.034375 0.046875
0 0.66953125 0.3484375 0.0296875 0.025
0 0.82734375 0.35546875 0.025 0.0421875
0 0.28984375 0.3390625 0.0203125 0.0234375
0 0.4546875 0.3453125 0.034375 0.046875
0 0.11171875 0.34296875 0.025 0.0328125
0 0.24609375 0.34765625 0.0296875 0.046875
0 0.4078125 0.353125 0.025 0.0375
0 0.37734375 0.35390625 0.0328125 0.0421875
0 0.74765625 0.3671875 0.0203125 0.0328125
0 0.64140625 0.36328125 0.0296875 0.0375
0 0.80078125 0.37109375 0.0296875 0.0515625
0 0.08828125 0.34921875 0.0328125 0.0421875
0 0.13203125 0.35234375 0.0296875 0.0515625
0 0.3265625 0.359375 0.025 0.0421875
0 0.05078125 0.35 0.0390625 0.0609375
0 0.30546875 0.35859375 0.015625 0.0234375
0 0.48828125 0.36484375 0.034375 0.046875
0 0.6921875 0.37421875 0.0296875 0.046875
0 0.34765625 0.3625 0.025 0.0421875
0 0.43984375 0.36796875 0.0328125 0.0328125
0 0.5234375 0.37109375 0.0296875 0.046875
0 0.77734375 0.38203125 0.0296875 0.046875
0 0.6578125 0.378125 0.0296875 0.046875
0 0.47265625 0.37421875 0.025 0.0375
0 0.16171875 0.365625 0.025 0.0375
0 0.10625 0.365625 0.0296875 0.0328125
0 0.19453125 0.36875 0.025 0.0328125
0 0.58046875 0.38515625 0.025 0.0421875
0 0.2953125 0.38203125 0.034375 0.05625
0 0.478125 0.38828125 0.0203125 0.0328125
0 0.0640625 0.37578125 0.0296875 0.0375
0 0.828125 0.403125 0.025 0.0421875
0 0.56171875 0.39375 0.0203125 0.0328125
0 0.73984375 0.4 0.0390625 0.0515625
0 0.4390625 0.39140625 0.025 0.0328125
0 0.63828125 0.3984375 0.0296875 0.0421875
0 0.41796875 0.39296875 0.0296875 0.046875
0 0.27734375 0.38828125 0.034375 0.046875
0 0.390625 0.396875 0.0328125 0.0375
0 0.7140625 0.41015625 0.025 0.0375
0 0.503125 0.40546875 0.0296875 0.0421875
0 0.334375 0.4015625 0.0296875 0.0375
0 0.20234375 0.396875 0.0296875 0.0328125
0 0.54921875 0.40859375 0.0390625 0.05625
0 0.1859375 0.40078125 0.0203125 0.0328125
0 0.11171875 0.40078125 0.0296875 0.0375
0 0.25546875 0.4078125 0.034375 0.046875
0 0.67578125 0.425 0.034375 0.0515625
0 0.35625 0.42109375 0.025 0.0328125
0 0.446875 0.4265625 0.034375 0.0515625
0 0.47890625 0.42734375 0.034375 0.046875
0 0.865625 0.44296875 0.0390625 0.05625
0 0.56953125 0.43515625 0.025 0.0515625
0 0.79375 0.44296875 0.0296875 0.0515625
0 0.5953125 0.440625 0.0390625 0.0609375
0 0.0671875 0.42265625 0.0390625 0.05625
0 0.21796875 0.4296875 0.0203125 0.0375
0 0.1390625 0.43203125 0.034375 0.0515625
0 0.3265625 0.43828125 0.025 0.0421875
0 0.83984375 0.45625 0.0390625 0.065625
0 0.18515625 0.43359375 0.0328125 0.0421875
0 0.0953125 0.4328125 0.034375 0.046875
0 0.50625 0.44921875 0.0296875 0.046875
0 0.153125 0.43671875 0.0296875 0.0421875
0 0.39296875 0.44765625 0.0296875 0.046875
0 0.3 0.44921875 0.0296875 0.046875
0 0.26796875 0.4484375 0.025 0.046875
0 0.73984375 0.4671875 0.0390625 0.0609375
0 0.3671875 0.45625 0.0296875 0.046875
0 0.4203125 0.46015625 0.0390625 0.0515625
0 0.4796875 0.4671875 0.034375 0.05625
0 0.69765625 0.48359375 0.0390625 0.0609375
0 0.0171875 0.4640625 0.034375 0.065625
0 0.1765625 0.47734375 0.0328125 0.0421875
0 0.52109375 0.49140625 0.0484375 0.0765625
0 0.24375 0.484375 0.034375 0.065625
0 0.3125 0.48671875 0.034375 0.0609375
0 0.09375 0.48125 0.034375 0.046875
0 0.9328125 0.51015625 0.0296875 0.0375
0 0.56484375 0.5 0.034375 0.05625
0 0.20859375 0.48984375 0.0296875 0.0515625
0 0.41640625 0.49921875 0.04375 0.046875
0 0.83125 0.5140625 0.0390625 0.065625
0 0.36796875 0.5 0.0296875 0.046875
0 0.33359375 0.5015625 0.0375 0.0328125
0 0.1484375 0.496875 0.0203125 0.0375
0 0.8625 0.521875 0.034375 0.046875
0 0.62890625 0.51640625 0.04375 0.0609375
0 0.728125 0.521875 0.034375 0.0515625
0 0.55234375 0.5203125 0.0296875 0.0515625
0 0.64921875 0.5375 0.04375 0.046875
0 0.1796875 0.5234375 0.04375 0.065625
0 0.85234375 0.5515625 0.053125 0.0671875
0 0.92890625 0.5609375 0.0328125 0.0421875
0 0.41015625 0.54765625 0.04375 0.065625
0 0.34921875 0.55703125 0.0484375 0.0671875
0 0.68046875 0.57109375 0.0390625 0.0609375
0 0.0921875 0.553125 0.034375 0.0703125
0 0.5234375 0.56796875 0.0390625 0.0515625
0 0.0484375 0.5609375 0.034375 0.05625
0 0.7609375 0.59296875 0.053125 0.0765625
0 0.1359375 0.57578125 0.04375 0.05625
0 0.23984375 0.57890625 0.0390625 0.0609375
0 0.6453125 0.6 0.04375 0.075
0 0.9640625 0.6203125 0.053125 0.0765625
0 0.49609375 0.60859375 0.0484375 0.0765625
0 0.596875 0.63515625 0.04375 0.0609375
0 0.1828125 0.6234375 0.04375 0.065625
0 0.05078125 0.62109375 0.0390625 0.05625
0 0.72890625 0.646875 0.0484375 0.071875
0 0.8671875 0.65234375 0.0484375 0.0671875
0 0.01875 0.6265625 0.0375 0.075
0 0.8234375 0.66484375 0.0578125 0.0765625
0 0.3484375 0.6609375 0.053125 0.0765625
0 0.11953125 0.65546875 0.04375 0.0703125
0 0.27734375 0.6890625 0.04375 0.065625
0 0.534375 0.6984375 0.0578125 0.0671875
0 0.93203125 0.7390625 0.0578125 0.0765625
0 0.05546875 0.753125 0.0578125 0.0671875
0 0.25703125 0.76015625 0.0671875 0.090625
0 0.51640625 0.771875 0.04375 0.0609375
0 0.65390625 0.7875 0.0578125 0.0671875
0 0.559375 0.79375 0.0578125 0.0765625
0 0.93359375 0.81640625 0.0578125 0.08125
0 0.05390625 0.796875 0.0671875 0.071875
0 0.41015625 0.81640625 0.0765625 0.0859375
0 0.69453125 0.83125 0.0578125 0.0765625
0 0.96953125 0.8453125 0.0390625 0.084375
0 0.190625 0.87109375 0.071875 0.090625
0 0.075 0.871875 0.0578125 0.071875
0 0.69921875 0.91015625 0.053125 0.0859375
0 0.88828125 0.9328125 0.0734375 0.1
0 0.584375 0.93125 0.071875 0.090625
0 0.7359375 0.965625 0.08125 0.06875
0 0.0875 0.95546875 0.08125 0.0578125
0 0.3125 0.965625 0.071875 0.053125