0 0.72109375 0.11640625 0.0703125 0.090625
0 0.61328125 0.134375 0.075 0.1
0 0.69609375 0.1421875 0.0546875 0.084375
0 0.44921875 0.1796875 0.0765625 0.1140625
0 0.2484375 0.2234375 0.075 0.090625
0 0.3109375 0.234375 0.0890625 0.1015625
0 0.86328125 0.17265625 0.0609375 0.0890625
0 0.5234375 0.21484375 0.0703125 0.0953125
0 0.19296875 0.28125 0.0859375 0.1046875
0 0.9359375 0.19921875 0.0703125 0.090625
0 0.66796875 0.234375 0.0875 0.11875
0 0.0453125 0.1265625 0.090625 0.153125
0 0.10234375 0.1453125 0.078125 0.0875