0 0.140625 0.08046875 0.05625 0.0625
0 0.63984375 0.1828125 0.040625 0.0515625
0 0.25390625 0.12890625 0.0625 0.078125
0 0.8359375 0.2421875 0.0453125 0.05625
0 0.35 0.15234375 0.05 0.0578125
0 0.73984375 0.23515625 0.046875 0.0609375
0 0.38828125 0.1671875 0.0515625 0.0671875
0 0.1078125 0.12421875 0.05625 0.0671875
0 0.8578125 0.27265625 0.0515625 0.0625
0 0.596875 0.22890625 0.046875 0.065625
0 0.56640625 0.24609375 0.046875 0.0609375
0 0.48828125 0.24296875 0.05625 0.0671875
0 0.29296875 0.20703125 0.0640625 0.0828125
0 0.44921875 0.240625 0.053125 0.071875
0 0.7125 0.29140625 0.04375 0.046875
0 0.7578125 0.3171875 0.0515625 0.0625
0 0.66015625 0.3078125 0.0484375 0.0703125
0 0.39921875 0.26328125 0.0640625 0.0828125
0 0.8515625 0.353125 0.0578125 0.071875
0 0.31953125 0.2546875 0.0640625 0.0828125
0 0.721875 0.33984375 0.05625 0.0671875
0 0.68125 0.334375 0.053125 0.071875
0 0.5234375 0.30390625 0.046875 0.065625
0 0.6171875 0.321875 0.0515625 0.0625
0 0.225 0.2625 0.05 0.075
0 0.11640625 0.24140625 0.04375 0.0703125
0 0.075 0.2359375 0.0578125 0.0765625
0 0.89140625 0.40390625 0.0609375 0.0640625
0 0.2609375 0.284375 0.053125 0.071875
0 0.43828125 0.3234375 0.0625 0.0734375
0 0.1984375 0.27890625 0.059375 0.08125
0 0.38203125 0.31484375 0.0609375 0.0640625
0 0.1515625 0.27890625 0.0484375 0.0703125
0 0.96328125 0.4484375 0.0625 0.0734375
0 0.53359375 0.37421875 0.046875 0.065625
0 0.61484375 0.3953125 0.0484375 0.0703125
0 0.80546875 0.44140625 0.0625 0.0734375
0 0.4953125 0.38828125 0.05 0.0578125
0 0.70078125 0.4609375 0.0671875 0.075
0 0.81015625 0.48203125 0.065625 0.0875
0 0.578125 0.43984375 0.0640625 0.0828125
0 0.46171875 0.44296875 0.065625 0.0875
0 0.86328125 0.5234375 0.053125 0.071875
0 0.3625 0.440625 0.0640625 0.0828125
0 0.62734375 0.5125 0.0609375 0.0640625
0 0.27734375 0.446875 0.0546875 0.0765625
0 0.95 0.5875 0.05625 0.0625
0 0.89609375 0.621875 0.0625 0.0734375
0 0.62421875 0.5875 0.0625 0.0734375
0 0.7671875 0.615625 0.053125 0.05
0 0.95 0.65859375 0.059375 0.08125
0 0.38203125 0.57578125 0.0578125 0.0765625
0 0.803125 0.6625 0.05625 0.0859375
0 0.709375 0.64921875 0.065625 0.0875
0 0.7734375 0.67109375 0.065625 0.0875
0 0.43671875 0.621875 0.078125 0.0890625
0 0.87421875 0.709375 0.0515625 0.0625
0 0.32109375 0.61640625 0.0609375 0.090625
0 0.5921875 0.70390625 0.065625 0.0875
0 0.53515625 0.6953125 0.0546875 0.08125
0 0.44453125 0.7109375 0.0625 0.0734375
0 0.89453125 0.8125 0.0734375 0.0890625
0 0.78359375 0.80234375 0.08125 0.0984375
0 0.65546875 0.78046875 0.0734375 0.0890625
0 0.54296875 0.8359375 0.0765625 0.0984375
0 0.3875 0.8109375 0.0890625 0.096875
0 0.30703125 0.81328125 0.0671875 0.096875
0 0.6015625 0.89921875 0.075 0.09375
0 0.2171875 0.859375 0.0875 0.1125
0 0.45859375 0.93046875 0.090625 0.1046875
0 0.16015625 0.03125 0.0703125 0.0625
0 0.22109375 0.078125 0.0515625 0.0671875