0 0.640625 0.0828125 0.034375 0.0265625
0 0.52890625 0.72265625 0.0671875 0.0421875
0 0.04921875 0.6859375 0.0703125 0.025
0 0.3984375 0.0640625 0.0390625 0.03125
0 0.84609375 0.7625 0.0625 0.0421875
0 0.29765625 0.7140625 0.0640625 0.046875
0 0.93359375 0.77421875 0.09375 0.06875
0 0.0046875 0.7046875 0.009375 0.034375
0 0.871875 0.10546875 0.04375 0.03125
0 0.1203125 0.72265625 0.0734375 0.0515625
0 0.91015625 0.1109375 0.04375 0.03125
0 0.05078125 0.7234375 0.0734375 0.046875
0 0.43359375 0.06875 0.0390625 0.0265625
0 0.81796875 0.80234375 0.0640625 0.0515625
0 0.70859375 0.79296875 0.0734375 0.0515625
0 0.1828125 0.75390625 0.06875 0.046875
0 0.675 0.09296875 0.0390625 0.0265625
0 0.01953125 0.746875 0.0390625 0.05625
0 0.09609375 0.759375 0.0484375 0.0359375
0 0.4578125 0.078125 0.034375 0.03125
0 0.14609375 0.79921875 0.0734375 0.046875
0 0.478125 0.0828125 0.04375 0.03125
0 0.0640625 0.81015625 0.06875 0.046875
0 0.75859375 0.88515625 0.06875 0.05625
0 0.49375 0.86875 0.090625 0.04375
0 0.62265625 0.896875 0.078125 0.053125
0 0.68359375 0.90390625 0.059375 0.05
0 0.51328125 0.90546875 0.0921875 0.0578125
0 0.90703125 0.94453125 0.10625 0.0640625
0 0.3609375 0.90078125 0.0828125 0.0484375
0 0.43359375 0.91015625 0.0828125 0.0484375
0 0.51640625 0.09453125 0.0390625 0.03125
0 0.7125 0.11171875 0.034375 0.03125
0 0.940625 0.1359375 0.034375 0.034375
0 0.7796875 0.034375 0.034375 0.0265625
0 0.06875 0.0625 0.0375 0.021875
0 0.965625 0.140625 0.04375 0.03125
0 0.7421875 0.12109375 0.0265625 0.0296875
0 0.04609375 0.06015625 0.0203125 0.025
0 0.5625 0.1078125 0.034375 0.03125
0 0.97578125 0.0515625 0.04375 0.0265625
0 0.58203125 0.1140625 0.034375 0.0265625
0 0.7546875 0.13203125 0.0390625 0.0390625
0 0.14140625 0.078125 0.04375 0.03125
0 0.81640625 0.1421875 0.0390625 0.0265625
0 0.60234375 0.128125 0.0296875 0.021875
0 0.08046875 0.084375 0.04375 0.0265625
0 0.6359375 0.13515625 0.0375 0.021875
0 0.703125 0.14375 0.0375 0.021875
0 0.28125 0.109375 0.0421875 0.021875
0 0.23046875 0.10703125 0.034375 0.03125
0 0.89375 0.1671875 0.0375 0.021875
0 0.26796875 0.11953125 0.034375 0.03125
0 0.6625 0.15390625 0.0390625 0.0265625
0 0.29609375 0.1265625 0.0265625 0.0296875
0 0.69921875 0.1625 0.034375 0.0265625
0 0.959375 0.18515625 0.034375 0.03125
0 0.91328125 0.1859375 0.04375 0.0265625
0 0.47265625 0.0125 0.0328125 0.0171875
0 0.74453125 0.17734375 0.0390625 0.03125
0 0.3125 0.14140625 0.034375 0.03125
0 0.8453125 0.19296875 0.046875 0.0234375
0 0.77578125 0.18671875 0.0390625 0.034375
0 0.97421875 0.20390625 0.04375 0.0359375
0 0.84375 0.04453125 0.034375 0.0265625
0 0.42265625 0.16328125 0.0390625 0.03125
0 0.81875 0.04453125 0.034375 0.03125
0 0.7984375 0.20078125 0.0390625 0.03125
0 0.0484375 0.1421875 0.0390625 0.03125
0 0.85 0.2171875 0.0484375 0.0328125
0 0.871875 0.23046875 0.0390625 0.03125
0 0.0921875 0.16484375 0.0390625 0.034375
0 0.484375 0.2015625 0.0390625 0.03125
0 0.4015625 0.19375 0.0375 0.021875
0 0.06640625 0.1671875 0.0390625 0.03125
0 0.46015625 0.20859375 0.034375 0.0265625
0 0.1171875 0.17890625 0.04375 0.03125
0 0.96328125 0.2546875 0.05625 0.0234375
0 0.3859375 0.20703125 0.025 0.0203125
0 0.90546875 0.25234375 0.04375 0.03125
0 0.95625 0.27734375 0.04375 0.0359375
0 0.575 0.253125 0.04375 0.0265625
0 0.246875 0.2265625 0.046875 0.0234375
0 0.39296875 0.23984375 0.046875 0.01875
0 0.53125 0.2515625 0.034375 0.03125
0 0.60859375 0.03359375 0.0203125 0.0203125
0 0.66015625 0.26796875 0.0484375 0.0328125
0 0.05078125 0.2171875 0.0390625 0.0265625
0 0.23671875 0.2421875 0.04375 0.0265625
0 0.07734375 0.23359375 0.0296875 0.0265625
0 0.38828125 0.26015625 0.0296875 0.0265625
0 0.41875 0.26796875 0.0390625 0.0265625
0 0.12734375 0.2421875 0.0421875 0.0171875
0 0.6203125 0.2875 0.0484375 0.0359375
0 0.45859375 0.28203125 0.0390625 0.0265625
0 0.13984375 0.25703125 0.0328125 0.021875
0 0.17265625 0.26171875 0.0421875 0.0078125
0 0.86640625 0.0609375 0.0390625 0.03125
0 0.73671875 0.315625 0.0390625 0.0265625
0 0.91953125 0.334375 0.04375 0.0359375
0 0.1046875 0.265625 0.053125 0.0328125
0 0.4984375 0.30703125 0.0484375 0.028125
0 0.1734375 0.28046875 0.0484375 0.0359375
0 0.753125 0.3359375 0.034375 0.0265625
0 0.43046875 0.02421875 0.0296875 0.0265625
0 0.621875 0.040625 0.04375 0.0265625
0 0.23203125 0.29765625 0.0328125 0.0171875
0 0.37890625 0.315625 0.046875 0.0234375
0 0.2015625 0.3 0.03125 0.03125
0 0.49765625 0.33515625 0.0390625 0.0265625
0 0.7125 0.35625 0.0484375 0.0359375
0 0.23046875 0.31640625 0.04375 0.0265625
0 0.671875 0.04765625 0.0421875 0.021875
0 0.18828125 0.31640625 0.0421875 0.021875
0 0.3796875 0.3359375 0.0265625 0.034375
0 0.459375 0.02890625 0.03125 0.03125
0 0.41171875 0.34765625 0.04375 0.0265625
0 0.27734375 0.33828125 0.046875 0.0234375
0 0.66875 0.375 0.04375 0.0359375
0 0.7171875 0.38671875 0.04375 0.0359375
0 0.190625 0.340625 0.04375 0.0265625
0 0.5640625 0.37578125 0.053125 0.0328125
0 0.76171875 0.40234375 0.0390625 0.0390625
0 0.29140625 0.3609375 0.04375 0.03125
0 0.9234375 0.07421875 0.04375 0.03125
0 0.7296875 0.42265625 0.0390625 0.034375
0 0.45078125 0.40234375 0.053125 0.028125
0 0.77578125 0.43046875 0.0578125 0.028125
0 0.31640625 0.39296875 0.053125 0.028125
0 0.27890625 0.0203125 0.034375 0.03125
0 0.29609375 0.4125 0.053125 0.028125
0 0.615625 0.45234375 0.04375 0.03125
0 0.775 0.46640625 0.0484375 0.040625
0 0.9859375 0.084375 0.028125 0.03125
0 0.7421875 0.46796875 0.0484375 0.0359375
0 0.24609375 0.4265625 0.0375 0.021875
0 0.690625 0.47265625 0.0484375 0.0359375
0 0.5703125 0.46484375 0.053125 0.0328125
0 0.28828125 0.4421875 0.0484375 0.028125
0 0.96875 0.08515625 0.0265625 0.0296875
0 0.2390625 0.44921875 0.04375 0.0265625
0 0.2859375 0.4765625 0.04375 0.03125
0 0.50859375 0.05 0.0296875 0.0265625
0 0.590625 0.5078125 0.0578125 0.0328125
0 0.8015625 0.52890625 0.053125 0.040625
0 0.6359375 0.01484375 0.028125 0.0125
0 0.68359375 0.02109375 0.0328125 0.0171875
0 0.43515625 0.49921875 0.053125 0.028125
0 0.315625 0.0328125 0.0296875 0.0265625
0 0.01015625 0.47109375 0.0203125 0.0296875
0 0.246875 0.496875 0.04375 0.03125
0 0.28984375 0.50546875 0.0515625 0.0234375
0 0.63125 0.53984375 0.0578125 0.028125
0 0.41875 0.525 0.0578125 0.0328125
0 0.5734375 0.54296875 0.04375 0.040625
0 0.2859375 0.525 0.0484375 0.0328125
0 0.2484375 0.53125 0.053125 0.0328125
0 0.5046875 0.55390625 0.0484375 0.040625
0 0.34765625 0.040625 0.034375 0.0265625
0 0.640625 0.57265625 0.0671875 0.034375
0 0.59140625 0.06171875 0.04375 0.03125
0 0.184375 0.546875 0.0390625 0.034375
0 0.22734375 0.55546875 0.0515625 0.0234375
0 0.3921875 0.56953125 0.0578125 0.0421875
0 0.48359375 0.0546875 0.025 0.0203125
0 0.05703125 0.5453125 0.0390625 0.03125
0 0.21484375 0.57265625 0.05625 0.0234375
0 0.08359375 0.5609375 0.0484375 0.0359375
0 0.6109375 0.61171875 0.0578125 0.0375
0 0.221875 0.59375 0.0484375 0.0359375
0 0.84453125 0.090625 0.0390625 0.03125
0 0.975 0.6765625 0.0171875 0.0296875
0 0.18828125 0.6078125 0.0546875 0.0453125
0 0.59375 0.64765625 0.0484375 0.040625
0 0.3171875 0.6234375 0.0484375 0.040625
0 0.03515625 0.6015625 0.0484375 0.0328125
0 0.65546875 0.6625 0.0671875 0.0421875
0 0.009375 0.60546875 0.01875 0.0390625
0 0.1453125 0.62265625 0.0578125 0.0421875
0 0.9625 0.7125 0.0453125 0.0453125
0 0.24296875 0.65390625 0.0578125 0.0421875
0 0.6140625 0.68671875 0.0671875 0.0421875
0 0.09921875 0.64375 0.0578125 0.0421875
0 0.9078125 0.7265625 0.0578125 0.0421875
0 0.36953125 0.05625 0.034375 0.03125
0 0.05859375 0.66171875 0.071875 0.034375