0 0.61484375 0.0875 0.0328125 0.0359375
0 0.3 0.13984375 0.0234375 0.034375
0 0.1328125 0.16640625 0.0234375 0.03125
0 0.18828125 0.16015625 0.015625 0.015625
0 0.7765625 0.0671875 0.0171875 0.025
0 0.21640625 0.15546875 0.021875 0.0265625
0 0.75546875 0.07265625 0.021875 0.021875
0 0.0171875 0.18984375 0.028125 0.0359375
0 0.20546875 0.1625 0.021875 0.0265625
0 0.25546875 0.15625 0.01875 0.034375
0 0.0515625 0.07890625 0.0171875 0.0203125
0 0.0875 0.1859375 0.0171875 0.0203125
0 0.34375 0.14765625 0.028125 0.03125
0 0.79609375 0.07578125 0.021875 0.0265625
0 0.284375 0.15703125 0.0234375 0.03125
0 0.4671875 0.128125 0.021875 0.0265625
0 0.18359375 0.175 0.021875 0.021875
0 0.54453125 0.11796875 0.0328125 0.0359375
0 0.82890625 0.07265625 0.0234375 0.03125
0 0.3828125 0.14609375 0.028125 0.03125
0 0.02578125 0.0828125 0.021875 0.0265625
0 0.296875 0.1640625 0.028125 0.0359375
0 0.08515625 0.2046875 0.0234375 0.03125
0 0.06484375 0.2109375 0.0234375 0.03125
0 0.11953125 0.2015625 0.0234375 0.03125
0 0.19609375 0.19453125 0.0265625 0.0265625
0 0.64453125 0.12578125 0.0328125 0.0359375
0 0.7953125 0.1046875 0.0265625 0.0265625
0 0.35625 0.17421875 0.028125 0.03125
0 0.446875 0.165625 0.0234375 0.034375
0 0.1546875 0.21484375 0.0328125 0.0359375
0 0.6609375 0.13671875 0.0234375 0.03125
0 0.53046875 0.009375 0.0265625 0.01875
0 0.759375 0.1234375 0.0375 0.040625
0 0.80703125 0.11796875 0.028125 0.0359375
0 0.19453125 0.215625 0.0265625 0.021875
0 0.73671875 0.13203125 0.0328125 0.0359375
0 0.62265625 0.15 0.028125 0.03125
0 0.790625 0.13046875 0.0234375 0.03125
0 0.715625 0.1421875 0.028125 0.0359375
0 0.24921875 0.21875 0.028125 0.0359375
0 0.20625 0.23046875 0.028125 0.03125
0 0.5171875 0.18046875 0.0234375 0.034375
0 0.1640625 0.06796875 0.028125 0.03125
0 0.4671875 0.20078125 0.028125 0.040625
0 0.53515625 0.18984375 0.021875 0.0265625
0 0.36171875 0.21953125 0.0234375 0.03125
0 0.0859375 0.265625 0.028125 0.0359375
0 0.13359375 0.25859375 0.021875 0.021875
0 0.54921875 0.1921875 0.0296875 0.0453125
0 0.378125 0.21953125 0.0234375 0.034375
0 0.26953125 0.24140625 0.028125 0.03125
0 0.1046875 0.07734375 0.0171875 0.025
0 0.79296875 0.15859375 0.025 0.0390625
0 0.4453125 0.215625 0.028125 0.040625
0 0.60859375 0.18984375 0.0328125 0.0328125
0 0.00703125 0.2859375 0.0140625 0.021875
0 0.221875 0.2515625 0.028125 0.03125
0 0.32734375 0.23671875 0.028125 0.040625
0 0.04921875 0.2859375 0.0328125 0.0328125
0 0.121875 0.27421875 0.0234375 0.03125
0 0.1609375 0.26796875 0.0328125 0.0359375
0 0.0921875 0.27890625 0.01875 0.0296875
0 0.68203125 0.1859375 0.03125 0.0234375
0 0.1046875 0.28125 0.0234375 0.034375
0 0.3015625 0.25 0.028125 0.0359375
0 0.4 0.2390625 0.028125 0.040625
0 0.196875 0.2734375 0.0296875 0.0453125
0 0.7328125 0.19375 0.0328125 0.0359375
0 0.1546875 0.28984375 0.0328125 0.040625
0 0.61015625 0.2171875 0.0328125 0.0359375
0 0.66953125 0.2078125 0.028125 0.0359375
0 0.00625 0.3140625 0.0125 0.040625
0 0.0546875 0.30546875 0.0359375 0.0359375
0 0.128125 0.2984375 0.028125 0.03125
0 0.503125 0.24140625 0.0234375 0.03125
0 0.27734375 0.2796875 0.0234375 0.034375
0 0.38515625 0.26484375 0.0328125 0.0359375
0 0.2421875 0.28984375 0.034375 0.0453125
0 0.44375 0.26328125 0.028125 0.0359375
0 0.01015625 0.3453125 0.0203125 0.03125
0 0.2734375 0.3109375 0.028125 0.0359375
0 0.4109375 0.2921875 0.028125 0.0359375
0 0.46015625 0.02890625 0.021875 0.0265625
0 0.4859375 0.02421875 0.0171875 0.0203125
0 0.2609375 0.32421875 0.028125 0.0359375
0 0.1296875 0.08359375 0.021875 0.0265625
0 0.30546875 0.321875 0.028125 0.03125
0 0.2265625 0.34140625 0.021875 0.0265625
0 0.18671875 0.07421875 0.0171875 0.0203125
0 0.12265625 0.3625 0.025 0.0390625
0 0.33984375 0.3328125 0.0265625 0.0265625
0 0.08203125 0.37890625 0.028125 0.040625
0 0.3 0.346875 0.034375 0.0453125
0 0.76484375 0.278125 0.0328125 0.040625
0 0.86796875 0.26171875 0.0328125 0.0359375
0 0.440625 0.32890625 0.0328125 0.040625
0 0.20703125 0.36640625 0.028125 0.0359375
0 0.22578125 0.36796875 0.0328125 0.040625
0 0.821875 0.28515625 0.0328125 0.0359375
0 0.38984375 0.35625 0.034375 0.0453125
0 0.3609375 0.36328125 0.0328125 0.040625
0 0.54453125 0.3359375 0.0328125 0.0359375
0 0.79921875 0.3 0.0234375 0.03125
0 0.58828125 0.33359375 0.028125 0.0359375
0 0.8796875 0.29453125 0.0328125 0.0359375
0 0.92109375 0.2875 0.028125 0.03125
0 0.61484375 0.33828125 0.028125 0.040625
0 0.5328125 0.35390625 0.0171875 0.025
0 0.1703125 0.41875 0.0296875 0.0453125
0 0.834375 0.31796875 0.0328125 0.0328125
0 0.2125 0.0765625 0.028125 0.03125
0 0.2515625 0.0703125 0.021875 0.0265625
0 0.4890625 0.0328125 0.0234375 0.03125
0 0.78515625 0.33046875 0.03125 0.028125
0 0.44921875 0.38359375 0.028125 0.0359375
0 0.48984375 0.37734375 0.034375 0.0453125
0 0.64296875 0.35546875 0.028125 0.040625
0 0.24375 0.41875 0.0375 0.040625
0 0.3171875 0.40703125 0.028125 0.03125
0 0.559375 0.37109375 0.0234375 0.03125
0 0.35703125 0.05625 0.028125 0.03125
0 0.2359375 0.075 0.028125 0.03125
0 0.39375 0.05 0.0234375 0.03125
0 0.9421875 0.31796875 0.0265625 0.0265625
0 0.7234375 0.35703125 0.0328125 0.0359375
0 0.80234375 0.34921875 0.0328125 0.0359375
0 0.42265625 0.409375 0.021875 0.0265625
0 0.1625 0.45546875 0.0296875 0.0453125
0 0.6296875 0.38359375 0.0234375 0.03125
0 0.05546875 0.10625 0.0234375 0.03125
0 0.19765625 0.45625 0.0328125 0.040625
0 0.55 0.40234375 0.0328125 0.0359375
0 0.6921875 0.38046875 0.0421875 0.0421875
0 0.96171875 0.33984375 0.0328125 0.0328125
0 0.10703125 0.47734375 0.028125 0.03125
0 0.85546875 0.3640625 0.021875 0.0265625
0 0.1234375 0.4890625 0.034375 0.0453125
0 0.446875 0.4453125 0.0328125 0.040625
0 0.89921875 0.3734375 0.0328125 0.0328125
0 0.01484375 0.11484375 0.0234375 0.03125
0 0.6734375 0.41171875 0.0234375 0.03125
0 0.57578125 0.42734375 0.0265625 0.0265625
0 0.3421875 0.46640625 0.0375 0.0453125
0 0.465625 0.446875 0.0328125 0.040625
0 0.66015625 0.43046875 0.0265625 0.0265625
0 0.57265625 0.45625 0.0359375 0.0359375
0 0.74453125 0.42890625 0.028125 0.0359375
0 0.4078125 0.48359375 0.0421875 0.046875
0 0.7421875 0.00625 0.021875 0.0125
0 0.90703125 0.40703125 0.028125 0.0359375
0 0.08671875 0.53671875 0.0296875 0.0453125
0 0.62578125 0.4515625 0.0234375 0.03125
0 0.72890625 0.4375 0.0234375 0.034375
0 0.11171875 0.5375 0.028125 0.040625
0 0.87421875 0.41953125 0.0328125 0.0359375
0 0.93046875 0.42265625 0.028125 0.03125
0 0.603125 0.47421875 0.0390625 0.05
0 0.440625 0.05234375 0.0234375 0.034375
0 0.2859375 0.5265625 0.0421875 0.046875
0 0.6703125 0.465625 0.0328125 0.0359375
0 0.13359375 0.553125 0.028125 0.040625
0 0.18359375 0.5453125 0.0359375 0.0546875
0 0.234375 0.53984375 0.0328125 0.040625
0 0.7109375 0.0125 0.021875 0.025
0 0.44375 0.53046875 0.028125 0.03125
0 0.56484375 0.5109375 0.0328125 0.040625
0 0.38046875 0.54296875 0.034375 0.0453125
0 0.51796875 0.52578125 0.0328125 0.040625
0 0.3625 0.55234375 0.034375 0.05
0 0.94140625 0.4609375 0.0375 0.0453125
0 0.290625 0.08046875 0.0234375 0.034375
0 0.25859375 0.5734375 0.034375 0.0453125
0 0.63828125 0.51328125 0.0375 0.040625
0 0.440625 0.55390625 0.0328125 0.040625
0 0.76171875 0.5078125 0.034375 0.0453125
0 0.1921875 0.59765625 0.0328125 0.040625
0 0.909375 0.484375 0.0375 0.0453125
0 0.0453125 0.6328125 0.0390625 0.05
0 0.35546875 0.590625 0.0375 0.0453125
0 0.821875 0.521875 0.04375 0.0515625
0 0.63515625 0.55390625 0.0328125 0.040625
0 0.73515625 0.01484375 0.0234375 0.0296875
0 0.134375 0.64765625 0.034375 0.0453125
0 0.8015625 0.54140625 0.0234375 0.03125
0 0.45 0.59765625 0.0328125 0.0328125
0 0.33125 0.61875 0.0296875 0.0453125
0 0.27890625 0.62890625 0.0375 0.040625
0 0.20859375 0.640625 0.025 0.04375
0 0.66953125 0.56875 0.0328125 0.040625
0 0.31015625 0.084375 0.0234375 0.03125
0 0.63984375 0.5828125 0.028125 0.0359375
0 0.43359375 0.615625 0.034375 0.0453125
0 0.625 0.596875 0.0328125 0.040625
0 0.8109375 0.5703125 0.028125 0.0359375
0 0.84375 0.5671875 0.0390625 0.05
0 0.23359375 0.66640625 0.0421875 0.0421875
0 0.0828125 0.690625 0.0421875 0.046875
0 0.99140625 0.5546875 0.0171875 0.053125
0 0.36640625 0.659375 0.04375 0.0515625
0 0.76953125 0.60546875 0.0375 0.040625
0 0.26171875 0.6859375 0.021875 0.021875
0 0.64921875 0.6265625 0.0421875 0.046875
0 0.3375 0.70390625 0.04375 0.0515625
0 0.77734375 0.63671875 0.0390625 0.05
0 0.6703125 0.65546875 0.04375 0.0515625
0 0.70859375 0.65 0.05 0.0609375
0 0.25625 0.72578125 0.034375 0.05
0 0.42578125 0.70859375 0.0296875 0.0484375
0 0.959375 0.6359375 0.04375 0.05625
0 0.42578125 0.078125 0.0171875 0.025
0 0.45078125 0.72578125 0.04375 0.0515625
0 0.34453125 0.77578125 0.0390625 0.0546875
0 0.26796875 0.8109375 0.0390625 0.0546875
0 0.02734375 0.1484375 0.021875 0.0265625
0 0.503125 0.0734375 0.028125 0.03125
0 0.6953125 0.04296875 0.0234375 0.03125
0 0.7328125 0.7703125 0.05 0.065625
0 0.071875 0.875 0.04375 0.0515625
0 0.665625 0.78984375 0.04375 0.05625
0 0.1609375 0.875 0.04375 0.0515625
0 0.98125 0.7515625 0.0375 0.05625
0 0.83671875 0.7796875 0.04375 0.05625
0 0.78046875 0.03671875 0.015625 0.015625
0 0.3046875 0.11171875 0.0265625 0.0265625
0 0.14765625 0.90703125 0.0359375 0.059375
0 0.7140625 0.046875 0.021875 0.021875
0 0.65390625 0.83828125 0.0453125 0.0609375
0 0.2265625 0.92265625 0.05 0.0609375
0 0.8796875 0.82421875 0.0390625 0.05
0 0.7015625 0.8546875 0.0390625 0.0546875
0 0.3875 0.91171875 0.046875 0.0421875
0 0.25234375 0.12265625 0.028125 0.03125
0 0.52578125 0.896875 0.0328125 0.0328125
0 0.49375 0.9046875 0.0484375 0.0296875
0 0.390625 0.10546875 0.0234375 0.03125
0 0.7703125 0.0453125 0.0171875 0.0203125
0 0.0625 0.075 0.021875 0.0265625
0 0.2234375 0.13359375 0.021875 0.0265625
0 0.7453125 0.053125 0.0328125 0.0328125
0 0.01875 0.1703125 0.0171875 0.025
0 0.46484375 0.1 0.0234375 0.03125
0 0.78515625 0.0515625 0.0171875 0.025
0 0.23359375 0.1390625 0.021875 0.0265625