0 0.9640625 0.21640625 0.071875 0.2109375
0 0.6921875 0.16953125 0.11875 0.2203125
0 0.8578125 0.22890625 0.11875 0.2203125
0 0.1453125 0.1765625 0.1328125 0.23125
0 0.340625 0.21796875 0.1140625 0.1921875
0 0.528125 0.3 0.1140625 0.2453125
0 0.75859375 0.446875 0.0984375 0.1859375
0 0.3609375 0.0328125 0.084375 0.065625
0 0.9375 0.58203125 0.125 0.2171875
0 0.60390625 0.53515625 0.0984375 0.2078125
0 0.353125 0.5046875 0.125 0.234375
0 0.2375 0.03671875 0.103125 0.0734375
0 0.49296875 0.63515625 0.11875 0.2203125
0 0.14921875 0.60703125 0.1125 0.209375
0 0.75078125 0.71328125 0.1296875 0.2125
0 0.51484375 0.0703125 0.1015625 0.140625
0 0.10859375 0.0359375 0.0796875 0.071875
0 0.25390625 0.78828125 0.121875 0.2109375
0 0.78203125 0.92265625 0.1109375 0.1546875
0 0.903125 0.92421875 0.071875 0.1515625
0 0.56875 0.9296875 0.103125 0.140625
0 0.41171875 0.91953125 0.1375 0.153125
0 0.05546875 0.90078125 0.078125 0.0671875