0 0.23515625 0.01875 0.025 0.0171875
0 0.4765625 0.0609375 0.025 0.0171875
0 0.4984375 0.0671875 0.015625 0.015625
0 0.79453125 0.11953125 0.0265625 0.021875
0 0.1890625 0.6875 0.040625 0.0296875
0 0.3265625 0.7109375 0.034375 0.0234375
0 0.5875 0.0828125 0.03125 0.028125
0 0.71328125 0.78203125 0.0390625 0.025
0 0.53359375 0.75234375 0.040625 0.0296875
0 0.27734375 0.7125 0.03125 0.0234375
0 0.48828125 0.74921875 0.034375 0.0234375
0 0.21953125 0.7046875 0.0359375 0.0328125
0 0.46015625 0.7515625 0.04375 0.025
0 0.2796875 0.03125 0.0203125 0.0171875
0 0.51640625 0.07265625 0.025 0.0171875
0 0.45078125 0.0609375 0.0234375 0.009375
0 0.33046875 0.740625 0.034375 0.0234375
0 0.39140625 0.75390625 0.05 0.0359375
0 0.1609375 0.71796875 0.0359375 0.028125
0 0.24453125 0.73515625 0.040625 0.034375
0 0.684375 0.8125 0.034375 0.0234375
0 0.14921875 0.0109375 0.025 0.0171875
0 0.32890625 0.765625 0.040625 0.034375
0 0.29921875 0.03671875 0.0203125 0.0171875
0 0.64765625 0.82421875 0.0546875 0.03125
0 0.71015625 0.83984375 0.05 0.03125
0 0.703125 0.11015625 0.025 0.0171875
0 0.6203125 0.84296875 0.040625 0.0296875
0 0.14140625 0.7609375 0.0453125 0.0296875
0 0.5453125 0.0828125 0.0203125 0.0171875
0 0.58984375 0.8453125 0.0515625 0.0390625
0 0.38125 0.81328125 0.04375 0.025
0 0.41875 0.8265625 0.0265625 0.0265625
0 0.68359375 0.109375 0.0296875 0.01875
0 0.12265625 0.01328125 0.0203125 0.0171875
0 0.209375 0.803125 0.0359375 0.0328125
0 0.65546875 0.884375 0.040625 0.034375
0 0.4234375 0.06640625 0.0265625 0.0265625
0 0.6125 0.09921875 0.0203125 0.0171875
0 0.08203125 0.79296875 0.034375 0.0234375
0 0.3828125 0.84609375 0.03125 0.0234375
0 0.04921875 0.78671875 0.034375 0.0234375
0 0.3828125 0.05859375 0.025 0.0171875
0 0.359375 0.84375 0.05 0.03125
0 0.2296875 0.034375 0.0203125 0.0171875
0 0.45546875 0.07421875 0.0265625 0.021875
0 0.65 0.9046875 0.0390625 0.025
0 0.50390625 0.87890625 0.0390625 0.025
0 0.1609375 0.8234375 0.0359375 0.0328125
0 0.49140625 0.08046875 0.015625 0.015625
0 0.1 0.01171875 0.0265625 0.021875
0 0.34296875 0.85546875 0.040625 0.0296875
0 0.04609375 0.8078125 0.0359375 0.028125
0 0.9453125 0.16015625 0.03125 0.0234375
0 0.190625 0.02734375 0.0203125 0.0125
0 0.2859375 0.859375 0.0359375 0.028125
0 0.58828125 0.915625 0.040625 0.034375
0 0.5046875 0.903125 0.0453125 0.034375
0 0.33671875 0.8828125 0.04375 0.025
0 0.53671875 0.91796875 0.034375 0.0234375
0 0.42421875 0.90234375 0.0453125 0.034375
0 0.10859375 0.85390625 0.0453125 0.034375
0 0.021875 0.840625 0.0421875 0.0375
0 0.3546875 0.909375 0.0390625 0.025
0 0.56171875 0.09765625 0.025 0.0171875
0 0.9171875 0.16015625 0.025 0.0171875
0 0.240625 0.8890625 0.0390625 0.0203125
0 0.3078125 0.0546875 0.0203125 0.0171875
0 0.34296875 0.06015625 0.025 0.0171875
0 0.79375 0.13984375 0.0203125 0.0171875
0 0.24375 0.0453125 0.0203125 0.0171875
0 0.71875 0.12890625 0.03125 0.0234375
0 0.778125 0.13984375 0.021875 0.021875
0 0.8234375 0.14765625 0.021875 0.021875
0 0.08671875 0.0203125 0.021875 0.0265625
0 0.5125 0.0953125 0.025 0.0171875
0 0.1859375 0.03984375 0.015625 0.015625
0 0.59453125 0.11171875 0.0203125 0.0171875
0 0.14765625 0.03359375 0.015625 0.015625
0 0.6828125 0.1296875 0.025 0.0171875
0 0.74453125 0.140625 0.03125 0.0234375
0 0.93828125 0.175 0.03125 0.028125
0 0.20390625 0.04765625 0.0203125 0.0171875
0 0.2328125 0.053125 0.025 0.0171875
0 0.63203125 0.1234375 0.0203125 0.0171875
0 0.17578125 0.0453125 0.0265625 0.021875
0 0.54921875 0.1109375 0.0265625 0.021875
0 0.12734375 0.0390625 0.025 0.0171875
0 0.79453125 0.16171875 0.0171875 0.0203125
0 0.81015625 0.16640625 0.021875 0.021875
0 0.68671875 0.14765625 0.025 0.0171875
0 0.709375 0.15390625 0.0296875 0.01875
0 0.62890625 0.1421875 0.03125 0.0234375
0 0.93203125 0.19765625 0.021875 0.021875
0 0.9859375 0.209375 0.0265625 0.021875
0 0.7515625 0.16796875 0.0296875 0.01875
0 0.9609375 0.20546875 0.0265625 0.021875
0 0.634375 0.03046875 0.021875 0.021875
0 0.8078125 0.1921875 0.0203125 0.0171875
0 0.2515625 0.096875 0.021875 0.021875
0 0.23046875 0.09296875 0.0265625 0.021875
0 0.9640625 0.225 0.0265625 0.021875
0 0.984375 0.23046875 0.0265625 0.021875
0 0.11796875 0.08046875 0.0265625 0.021875
0 0.828125 0.21171875 0.0296875 0.01875
0 0.80234375 0.21015625 0.0203125 0.0171875
0 0.8890625 0.22734375 0.03125 0.0234375
0 0.16796875 0.1 0.034375 0.0234375
0 0.4078125 0.1421875 0.03125 0.0234375
0 0.26484375 0.12890625 0.03125 0.028125
0 0.79296875 0.22265625 0.03125 0.0234375
0 0.14140625 0.1078125 0.034375 0.0234375
0 0.85703125 0.23359375 0.03125 0.0234375
0 0.82734375 0.23125 0.0265625 0.021875
0 0.9546875 0.25546875 0.03125 0.028125
0 0.80546875 0.23671875 0.0265625 0.021875
0 0.99375 0.27421875 0.0125 0.0234375
0 0.71484375 0.225 0.0203125 0.0171875
0 0.865625 0.25390625 0.0203125 0.0125
0 0.92890625 0.26796875 0.0265625 0.021875
0 0.753125 0.23671875 0.025 0.0171875
0 0.96015625 0.2734375 0.025 0.0171875
0 0.79609375 0.24921875 0.021875 0.021875
0 0.7046875 0.23515625 0.021875 0.021875
0 0.85703125 0.2625 0.0265625 0.021875
0 0.73359375 0.24296875 0.034375 0.0234375
0 0.9515625 0.28125 0.0296875 0.0140625
0 0.66484375 0.2328125 0.021875 0.021875
0 0.44296875 0.19609375 0.025 0.0171875
0 0.1125 0.13828125 0.034375 0.0234375
0 0.65703125 0.23671875 0.0296875 0.01875
0 0.84453125 0.27578125 0.03125 0.0234375
0 0.34296875 0.1875 0.025 0.0171875
0 0.28359375 0.1796875 0.03125 0.0234375
0 0.678125 0.2515625 0.0296875 0.01875
0 0.4546875 0.21171875 0.0296875 0.01875
0 0.16875 0.1640625 0.034375 0.0234375
0 0.65234375 0.24921875 0.0265625 0.021875
0 0.0859375 0.1515625 0.025 0.0140625
0 0.26015625 0.1828125 0.0296875 0.01875
0 0.30546875 0.19296875 0.0203125 0.0171875
0 0.225 0.18125 0.034375 0.0234375
0 0.73984375 0.271875 0.021875 0.021875
0 0.6734375 0.2625 0.03125 0.0234375
0 0.76015625 0.28046875 0.021875 0.021875
0 0.3375 0.2078125 0.0390625 0.025
0 0.2421875 0.19140625 0.03125 0.0234375
0 0.08359375 0.16796875 0.0296875 0.01875
0 0.63359375 0.26484375 0.0296875 0.01875
0 0.275 0.2015625 0.0390625 0.025
0 0.721875 0.2828125 0.0296875 0.01875
0 0.8921875 0.315625 0.03125 0.028125
0 0.0625 0.17109375 0.0265625 0.0265625
0 0.61015625 0.275 0.0265625 0.021875
0 0.6875 0.29375 0.025 0.0171875
0 0.84765625 0.32890625 0.0296875 0.01875
0 0.15859375 0.20703125 0.034375 0.0234375
0 0.92578125 0.35390625 0.0359375 0.028125
0 0.85234375 0.34296875 0.025 0.0171875
0 0.6875 0.31640625 0.03125 0.0234375
0 0.3453125 0.25859375 0.025 0.0171875
0 0.7546875 0.3328125 0.0390625 0.025
0 0.59296875 0.3046875 0.0296875 0.01875
0 0.63828125 0.31484375 0.03125 0.0234375
0 0.70625 0.32734375 0.0265625 0.0265625
0 0.8453125 0.35390625 0.0203125 0.0171875
0 0.94765625 0.37421875 0.03125 0.0234375
0 0.1234375 0.23828125 0.034375 0.01875
0 0.98515625 0.39296875 0.0296875 0.0234375
0 0.84296875 0.36796875 0.025 0.0171875
0 0.94921875 0.39140625 0.034375 0.0234375
0 0.875 0.3828125 0.03125 0.0234375
0 0.55703125 0.3265625 0.021875 0.021875
0 0.234375 0.27265625 0.021875 0.021875
0 0.7765625 0.3703125 0.03125 0.0234375
0 0.06328125 0.246875 0.034375 0.0234375
0 0.85390625 0.38828125 0.03125 0.0234375
0 0.5671875 0.34296875 0.03125 0.0234375
0 0.81796875 0.3890625 0.03125 0.0234375
0 0.190625 0.27890625 0.0265625 0.021875
0 0.10234375 0.26328125 0.025 0.0171875
0 0.21796875 0.2859375 0.0265625 0.021875
0 0.90390625 0.409375 0.025 0.0171875
0 0.32890625 0.3078125 0.034375 0.01875
0 0.078125 0.26640625 0.034375 0.0234375
0 0.66875 0.3703125 0.034375 0.0234375
0 0.3234375 0.0015625 0.025 0.003125
0 0.80234375 0.4 0.03125 0.0234375
0 0.85859375 0.4125 0.03125 0.0234375
0 0.9015625 0.425 0.03125 0.0234375
0 0.56328125 0.3671875 0.034375 0.0234375
0 0.6453125 0.384375 0.03125 0.028125
0 0.68515625 0.39375 0.034375 0.0234375
0 0.57421875 0.3859375 0.03125 0.0234375
0 0.5 0.378125 0.0265625 0.021875
0 0.32890625 0.35 0.0359375 0.028125
0 0.953125 0.4625 0.0296875 0.0140625
0 0.8046875 0.4484375 0.034375 0.0234375
0 0.16015625 0.334375 0.040625 0.0296875
0 0.86640625 0.459375 0.0390625 0.025
0 0.36171875 0.009375 0.0265625 0.01875
0 0.3453125 0.0078125 0.021875 0.015625
0 0.5296875 0.4 0.03125 0.028125
0 0.94140625 0.475 0.034375 0.0234375
0 0.74765625 0.44296875 0.0265625 0.021875
0 0.2 0.3484375 0.0359375 0.028125
0 0.69921875 0.43671875 0.0359375 0.028125
0 0.246875 0.359375 0.015625 0.015625
0 0.49765625 0.40546875 0.0265625 0.021875
0 0.85859375 0.47578125 0.0296875 0.01875
0 0.6296875 0.05703125 0.025 0.0140625
0 0.096875 0.3484375 0.0265625 0.021875
0 0.2390625 0.3765625 0.021875 0.021875
0 0.8640625 0.48671875 0.03125 0.0234375
0 0.7203125 0.465625 0.034375 0.0234375
0 0.940625 0.50703125 0.03125 0.0234375
0 0.1265625 0.36328125 0.03125 0.0234375
0 0.48125 0.43046875 0.0359375 0.028125
0 0.18671875 0.38125 0.0265625 0.0265625
0 0.421875 0.42265625 0.034375 0.01875
0 0.071875 0.365625 0.0359375 0.028125
0 0.9046875 0.51484375 0.03125 0.0234375
0 0.428125 0.02421875 0.025 0.0171875
0 0.5390625 0.45546875 0.0359375 0.0328125
0 0.23984375 0.40234375 0.0265625 0.021875
0 0.46796875 0.4453125 0.0265625 0.021875
0 0.61796875 0.471875 0.040625 0.0296875
0 0.39453125 0.0203125 0.0203125 0.0171875
0 0.6484375 0.484375 0.03125 0.0234375
0 0.04765625 0.3828125 0.03125 0.028125
0 0.5171875 0.0421875 0.0203125 0.0125
0 0.225 0.4203125 0.021875 0.0265625
0 0.53828125 0.48046875 0.0390625 0.025
0 0.8203125 0.5375 0.034375 0.0234375
0 0.93125 0.559375 0.0359375 0.028125
0 0.8671875 0.55078125 0.0359375 0.028125
0 0.4109375 0.4703125 0.0296875 0.01875
0 0.68203125 0.5203125 0.03125 0.0234375
0 0.75 0.53671875 0.03125 0.0234375
0 0.4578125 0.48515625 0.034375 0.0234375
0 0.69609375 0.534375 0.0265625 0.021875
0 0.99453125 0.0875 0.0109375 0.01875
0 0.4078125 0.48828125 0.03125 0.028125
0 0.47578125 0.503125 0.034375 0.0234375
0 0.90625 0.58125 0.0390625 0.025
0 0.75625 0.5546875 0.0453125 0.0296875
0 0.246875 0.0046875 0.021875 0.009375
0 0.76484375 0.09296875 0.03125 0.028125
0 0.88125 0.59140625 0.034375 0.0234375
0 0.1875 0.47109375 0.034375 0.0234375
0 0.32421875 0.015625 0.025 0.0171875
0 0.09453125 0.45703125 0.03125 0.0234375
0 0.840625 0.59140625 0.0484375 0.0265625
0 0.7453125 0.57578125 0.05 0.0359375
0 0.49140625 0.53359375 0.034375 0.0234375
0 0.4703125 0.04140625 0.0203125 0.0171875
0 0.2765625 0.01015625 0.021875 0.0203125
0 0.4234375 0.5359375 0.040625 0.034375
0 0.37734375 0.5296875 0.0328125 0.0328125
0 0.5734375 0.56484375 0.0390625 0.025
0 0.69375 0.590625 0.034375 0.0234375
0 0.565625 0.06015625 0.0265625 0.021875
0 0.72578125 0.08828125 0.0203125 0.0125
0 0.7734375 0.61171875 0.03125 0.028125
0 0.621875 0.07265625 0.0203125 0.0171875
0 0.79140625 0.10234375 0.0265625 0.021875
0 0.39609375 0.55234375 0.03125 0.0234375
0 0.74765625 0.61640625 0.034375 0.0234375
0 0.37578125 0.553125 0.0359375 0.028125
0 0.45703125 0.56796875 0.034375 0.0234375
0 0.071875 0.5046875 0.03125 0.0234375
0 0.66953125 0.6171875 0.034375 0.0234375
0 0.003125 0.5015625 0.00625 0.015625
0 0.6140625 0.6125 0.040625 0.034375
0 0.81015625 0.64921875 0.034375 0.0234375
0 0.39609375 0.03515625 0.0203125 0.0171875
0 0.43984375 0.58984375 0.0390625 0.0203125
0 0.01015625 0.51484375 0.0203125 0.0328125
0 0.30625 0.5734375 0.025 0.0171875
0 0.51015625 0.05546875 0.025 0.0171875
0 0.05 0.53359375 0.040625 0.0296875
0 0.409375 0.6015625 0.03125 0.0234375
0 0.66171875 0.6484375 0.040625 0.0296875
0 0.30625 0.58828125 0.0359375 0.028125
0 0.55078125 0.06484375 0.025 0.0171875
0 0.7015625 0.09140625 0.025 0.0171875
0 0.7875 0.684375 0.0359375 0.028125
0 0.353125 0.615625 0.034375 0.0234375
0 0.27265625 0.60078125 0.03125 0.0234375
0 0.815625 0.70859375 0.040625 0.0296875
0 0.68984375 0.6890625 0.0453125 0.0296875
0 0.25234375 0.6140625 0.03125 0.0234375
0 0.41640625 0.04375 0.021875 0.021875
0 0.196875 0.0078125 0.021875 0.015625
0 0.7484375 0.70546875 0.034375 0.0234375
0 0.65078125 0.08671875 0.025 0.0171875
0 0.65 0.690625 0.034375 0.0234375
0 0.72578125 0.1 0.025 0.0171875
0 0.2453125 0.6265625 0.0359375 0.028125
0 0.45859375 0.053125 0.0203125 0.0125
0 0.6265625 0.70078125 0.0453125 0.0296875
0 0.79453125 0.73515625 0.040625 0.0296875
0 0.3765625 0.04140625 0.0265625 0.021875
0 0.3609375 0.66328125 0.03125 0.0234375
0 0.5203125 0.69140625 0.03125 0.028125
0 0.3015625 0.65546875 0.034375 0.0234375
0 0.75 0.734375 0.03125 0.028125
0 0.32890625 0.0328125 0.0265625 0.021875
0 0.77109375 0.75 0.0421875 0.0375
0 0.82265625 0.121875 0.015625 0.015625
0 0.359375 0.684375 0.03125 0.0234375
0 0.00546875 0.62421875 0.0109375 0.0328125
0 0.0203125 0.63203125 0.03125 0.0234375