0 0.9234375 0.2140625 0.0140625 0.01875
0 0.89375 0.221875 0.009375 0.009375
0 0.87265625 0.225 0.0046875 0.009375
0 0.8609375 0.22578125 0.009375 0.0140625
0 0.88203125 0.225 0.009375 0.009375
0 0.95859375 0.22421875 0.0140625 0.01875
0 0.928125 0.22578125 0.009375 0.009375
0 0.9765625 0.22578125 0.01875 0.0140625
0 0.909375 0.23046875 0.0140625 0.01875
0 0.67421875 0.24140625 0.0046875 0.0046875
0 0.896875 0.2359375 0.0140625 0.01875
0 0.6328125 0.25 0.0046875 0.0046875
0 0.56796875 0.25234375 0.0046875 0.0046875
0 0.61640625 0.253125 0.0046875 0.0046875
0 0.62578125 0.25234375 0.0046875 0.0046875
0 0.834375 0.25 0.009375 0.0140625
0 0.73671875 0.253125 0.009375 0.0140625
0 0.46328125 0.2625 0.0046875 0.009375
0 0.58828125 0.25859375 0.009375 0.009375
0 0.459375 0.265625 0.0046875 0.0046875
0 0.55859375 0.26171875 0.0046875 0.0046875
0 0.53515625 0.2625 0.0046875 0.0046875
0 0.97265625 0.24765625 0.028125 0.0203125
0 0.528125 0.26328125 0.0046875 0.0046875
0 0.6765625 0.2578125 0.009375 0.009375
0 0.57109375 0.2640625 0.009375 0.009375
0 0.9078125 0.25234375 0.0203125 0.0234375
0 0.584375 0.26328125 0.009375 0.009375
0 0.54296875 0.2671875 0.0046875 0.0046875
0 0.55 0.2671875 0.0046875 0.0046875
0 0.5984375 0.26484375 0.009375 0.009375
0 0.51328125 0.26796875 0.0046875 0.0046875
0 0.56640625 0.26875 0.0046875 0.0046875
0 0.7859375 0.2609375 0.015625 0.0234375
0 0.46875 0.271875 0.0046875 0.0046875
0 0.559375 0.26875 0.0046875 0.0046875
0 0.60546875 0.2671875 0.0046875 0.0046875
0 0.5359375 0.26953125 0.0046875 0.0046875
0 0.65859375 0.265625 0.009375 0.0140625
0 0.6453125 0.265625 0.009375 0.0140625
0 0.77265625 0.26171875 0.015625 0.0234375
0 0.48515625 0.2734375 0.0046875 0.0046875
0 0.63828125 0.26875 0.0140625 0.01875
0 0.80703125 0.2625 0.0203125 0.0234375
0 0.5015625 0.2734375 0.0046875 0.009375
0 0.5546875 0.27109375 0.0046875 0.009375
0 0.34375 0.27890625 0.0046875 0.0046875
0 0.41796875 0.27578125 0.0046875 0.0046875
0 0.47578125 0.27421875 0.0046875 0.0046875
0 0.7078125 0.26640625 0.0140625 0.01875
0 0.45078125 0.27734375 0.009375 0.0046875
0 0.48984375 0.27578125 0.009375 0.0140625
0 0.50859375 0.275 0.009375 0.0046875
0 0.67265625 0.26953125 0.0140625 0.0140625
0 0.46015625 0.27734375 0.0046875 0.009375
0 0.52890625 0.275 0.009375 0.0140625
0 0.71875 0.26796875 0.009375 0.01875
0 0.61484375 0.271875 0.009375 0.009375
0 0.41328125 0.27890625 0.0046875 0.0046875
0 0.7515625 0.2671875 0.0203125 0.0375
0 0.3625 0.2828125 0.0046875 0.009375
0 0.5890625 0.275 0.009375 0.0140625
0 0.33046875 0.28359375 0.0046875 0.0046875
0 0.63125 0.2734375 0.0140625 0.01875
0 0.3234375 0.284375 0.0046875 0.0046875
0 0.603125 0.27421875 0.009375 0.0046875
0 0.434375 0.2828125 0.009375 0.009375
0 0.44140625 0.28203125 0.009375 0.0046875
0 0.39921875 0.28359375 0.0046875 0.0046875
0 0.2953125 0.2875 0.009375 0.0046875
0 0.5640625 0.2796875 0.009375 0.0140625
0 0.57578125 0.27890625 0.009375 0.0046875
0 0.390625 0.2859375 0.009375 0.0046875
0 0.5203125 0.28125 0.009375 0.01875
0 0.5453125 0.2828125 0.0140625 0.01875
0 0.30546875 0.29140625 0.0046875 0.0046875
0 0.45078125 0.2859375 0.009375 0.009375
0 0.84140625 0.275 0.025 0.0421875
0 0.6171875 0.2828125 0.009375 0.009375
0 0.68671875 0.2796875 0.0140625 0.0140625
0 0.46875 0.2875 0.009375 0.0140625
0 0.496875 0.28671875 0.009375 0.009375
0 0.46171875 0.28828125 0.0046875 0.009375
0 0.90625 0.27265625 0.0328125 0.0328125
0 0.3796875 0.290625 0.0046875 0.009375
0 0.4328125 0.29140625 0.009375 0.009375
0 0.53671875 0.2875 0.009375 0.009375
0 0.39609375 0.2921875 0.009375 0.009375
0 0.73046875 0.28125 0.009375 0.0140625
0 0.48359375 0.28984375 0.0140625 0.01875
0 0.44453125 0.29296875 0.0140625 0.01875
0 0.22421875 0.30078125 0.009375 0.009375
0 0.70390625 0.284375 0.0203125 0.0234375
0 0.76796875 0.28203125 0.0140625 0.01875
0 0.24296875 0.3 0.009375 0.009375
0 0.659375 0.2859375 0.028125 0.0203125
0 0.365625 0.29609375 0.009375 0.009375
0 0.42109375 0.29375 0.015625 0.0234375
0 0.20625 0.3015625 0.009375 0.0046875
0 0.5140625 0.290625 0.015625 0.0234375
0 0.678125 0.28515625 0.009375 0.009375
0 0.97578125 0.27734375 0.025 0.0421875
0 0.2796875 0.3015625 0.009375 0.009375
0 0.37265625 0.2984375 0.0140625 0.009375
0 0.3609375 0.2984375 0.0046875 0.0046875
0 0.5859375 0.290625 0.009375 0.009375
0 0.303125 0.303125 0.0046875 0.009375
0 0.409375 0.29921875 0.009375 0.01875
0 0.82421875 0.28671875 0.015625 0.0234375
0 0.3421875 0.30390625 0.015625 0.0234375
0 0.39375 0.30234375 0.009375 0.009375
0 0.95390625 0.2828125 0.0375 0.0375
0 0.3515625 0.303125 0.0046875 0.009375
0 0.4609375 0.30234375 0.009375 0.0140625
0 0.37734375 0.3046875 0.0140625 0.01875
0 0.2015625 0.3109375 0.009375 0.0140625
0 0.865625 0.28828125 0.0296875 0.046875
0 0.3265625 0.30703125 0.009375 0.01875
0 0.2125 0.31328125 0.0140625 0.01875
0 0.3890625 0.30703125 0.009375 0.01875
0 0.60390625 0.29921875 0.0328125 0.0296875
0 0.29375 0.3125 0.009375 0.01875
0 0.3125 0.31171875 0.0140625 0.01875
0 0.26953125 0.315625 0.0140625 0.0140625
0 0.5390625 0.30625 0.0140625 0.01875
0 0.56015625 0.30546875 0.0203125 0.0234375
0 0.80546875 0.29921875 0.0296875 0.0375
0 0.68046875 0.30390625 0.025 0.025
0 0.28046875 0.3203125 0.0140625 0.01875
0 0.37578125 0.31640625 0.0140625 0.0046875
0 0.57265625 0.3125 0.0203125 0.0375
0 0.20703125 0.325 0.0140625 0.0140625
0 0.521875 0.31640625 0.0203125 0.0234375
0 0.2203125 0.33125 0.0140625 0.01875
0 0.43828125 0.32421875 0.0203125 0.0328125
0 0.4984375 0.321875 0.025 0.0375
0 0.78515625 0.31171875 0.0328125 0.0421875
0 0.3453125 0.32734375 0.015625 0.0234375
0 0.48203125 0.325 0.01875 0.01875
0 0.45 0.328125 0.015625 0.028125
0 0.65078125 0.32109375 0.034375 0.046875
0 0.246875 0.3375 0.0046875 0.009375
0 0.73671875 0.3203125 0.034375 0.05625
0 0.0828125 0.3484375 0.0203125 0.0234375
0 0.4640625 0.334375 0.0203125 0.0234375
0 0.390625 0.3375 0.025 0.0328125
0 0.371875 0.340625 0.025 0.0328125
0 0.95234375 0.32265625 0.0390625 0.05625
0 0.10078125 0.3546875 0.025 0.025
0 0.27265625 0.3484375 0.025 0.0296875
0 0.2078125 0.353125 0.0140625 0.01875
0 0.1875 0.3625 0.034375 0.0515625
0 0.24765625 0.36015625 0.025 0.025
0 0.48984375 0.3515625 0.0296875 0.0328125
0 0.14609375 0.36640625 0.046875 0.0390625
0 0.7015625 0.3515625 0.04375 0.065625
0 0.00703125 0.378125 0.0140625 0.01875
0 0.22421875 0.3703125 0.0296875 0.0375
0 0.62265625 0.37265625 0.0671875 0.08125
0 0.03984375 0.3953125 0.0296875 0.046875
0 0.325 0.3859375 0.025 0.0375
0 0.4125 0.38515625 0.034375 0.046875
0 0.29921875 0.3984375 0.025 0.0375
0 0.0125 0.40859375 0.025 0.0515625
0 0.1171875 0.409375 0.0625 0.071875
0 0.75078125 0.39453125 0.04375 0.0609375
0 0.175 0.425 0.0671875 0.0578125
0 0.46875 0.41484375 0.04375 0.0796875
0 0.1 0.4609375 0.0578125 0.0671875
0 0.3546875 0.46328125 0.0484375 0.0765625
0 0.98203125 0.44609375 0.0359375 0.121875
0 0.8125 0.49140625 0.0734375 0.1234375
0 0.1796875 0.54140625 0.096875 0.1375
0 0.02890625 0.60703125 0.05625 0.1453125
0 0.0671875 0.85390625 0.115625 0.1328125