0 0.43046875 0.3078125 0.009375 0.009375
0 0.54765625 0.33046875 0.009375 0.01875
0 0.78984375 0.34375 0.009375 0.0140625
0 0.5375 0.33515625 0.0046875 0.0140625
0 0.68828125 0.34453125 0.009375 0.0140625
0 0.60234375 0.34609375 0.009375 0.009375
0 0.63984375 0.34765625 0.009375 0.0140625
0 0.69296875 0.34921875 0.0140625 0.01875
0 0.68125 0.34921875 0.009375 0.0140625
0 0.815625 0.35390625 0.0046875 0.0140625
0 0.5984375 0.34609375 0.0046875 0.0046875
0 0.62578125 0.3484375 0.009375 0.0046875
0 0.63515625 0.3515625 0.009375 0.009375
0 0.75078125 0.3578125 0.009375 0.0140625
0 0.74375 0.3578125 0.009375 0.0140625
0 0.72890625 0.36640625 0.0203125 0.028125
0 0.60390625 0.3625 0.009375 0.0140625
0 0.58828125 0.36640625 0.0203125 0.0328125
0 0.9375 0.38046875 0.0203125 0.0234375
0 0.43515625 0.36328125 0.0390625 0.0515625
0 0.8796875 0.38359375 0.0296875 0.046875
0 0.92734375 0.3875 0.0203125 0.0234375
0 0.4953125 0.37265625 0.0140625 0.01875
0 0.60859375 0.3765625 0.009375 0.0140625
0 0.571875 0.37734375 0.0203125 0.0234375
0 0.64296875 0.3796875 0.009375 0.0140625
0 0.5484375 0.3765625 0.009375 0.0140625
0 0.36796875 0.37265625 0.0140625 0.009375
0 0.65703125 0.3828125 0.009375 0.0140625
0 0.63359375 0.384375 0.009375 0.0140625
0 0.53203125 0.38046875 0.009375 0.0140625
0 0.3859375 0.37578125 0.0046875 0.009375
0 0.51796875 0.38046875 0.0140625 0.01875
0 0.60078125 0.3828125 0.0140625 0.0140625
0 0.55234375 0.38359375 0.0140625 0.01875
0 0.3 0.375 0.009375 0.0140625
0 0.6265625 0.3890625 0.0140625 0.01875
0 0.6890625 0.390625 0.0203125 0.0234375
0 0.40234375 0.38125 0.0140625 0.01875
0 0.4828125 0.38359375 0.009375 0.0140625
0 0.5453125 0.3859375 0.0140625 0.0140625
0 0.31875 0.38046875 0.009375 0.0140625
0 0.35546875 0.38359375 0.0046875 0.009375
0 0.3234375 0.38515625 0.0046875 0.0140625
0 0.35078125 0.3859375 0.0046875 0.009375
0 0.525 0.3921875 0.0203125 0.0234375
0 0.65 0.39921875 0.0203125 0.0234375
0 0.3671875 0.3890625 0.0140625 0.0140625
0 0.36015625 0.39140625 0.0140625 0.01875
0 0.2703125 0.38828125 0.025 0.0328125
0 0.3375 0.390625 0.0140625 0.01875
0 0.63125 0.40078125 0.015625 0.0234375
0 0.2421875 0.38671875 0.0203125 0.028125
0 0.30234375 0.3890625 0.009375 0.0140625
0 0.31171875 0.39140625 0.009375 0.0140625
0 0.48515625 0.39765625 0.0140625 0.0140625
0 0.38125 0.39453125 0.0203125 0.0234375
0 0.96875 0.4171875 0.0296875 0.046875
0 0.346875 0.3953125 0.0140625 0.01875
0 0.315625 0.40078125 0.0140625 0.0140625
0 0.29921875 0.4046875 0.0140625 0.01875
0 0.11640625 0.41484375 0.04375 0.05625
0 0.32421875 0.43359375 0.015625 0.0234375
0 0.2953125 0.51875 0.025 0.0421875
0 0.10625 0.628125 0.034375 0.0515625