0 0.6609375 0.14375 0.046875 0.0578125
0 0.565625 0.1234375 0.0421875 0.0609375
0 0.859375 0.19765625 0.0578125 0.0734375
0 0.58671875 0.146875 0.040625 0.0515625
0 0.859375 0.0796875 0.0328125 0.0328125
0 0.48046875 0.13671875 0.05 0.053125
0 0.1453125 0.06484375 0.0359375 0.046875
0 0.95390625 0.26015625 0.0546875 0.071875
0 0.10390625 0.08203125 0.0515625 0.084375
0 0.70625 0.0515625 0.034375 0.0421875
0 0.1609375 0.10390625 0.0515625 0.0625
0 0.2328125 0.11875 0.0421875 0.0609375
0 0.9765625 0.2828125 0.046875 0.071875
0 0.64375 0.21328125 0.046875 0.0578125
0 0.75625 0.2421875 0.046875 0.0625
0 0.6328125 0.040625 0.05 0.053125
0 0.20234375 0.14140625 0.0453125 0.053125
0 0.465625 0.20859375 0.0328125 0.05
0 0.5828125 0.2359375 0.046875 0.0578125
0 0.9703125 0.1125 0.0453125 0.053125
0 0.38046875 0.2046875 0.0421875 0.05625
0 0.409375 0.2109375 0.04375 0.065625
0 0.6875 0.27734375 0.046875 0.0578125
0 0.83203125 0.3171875 0.040625 0.0515625
0 0.4109375 0.00703125 0.0375 0.0140625
0 0.93046875 0.3453125 0.0609375 0.0609375
0 0.98828125 0.36640625 0.0234375 0.0828125
0 0.58125 0.28359375 0.046875 0.0578125
0 0.70859375 0.3171875 0.046875 0.0578125
0 0.21015625 0.2140625 0.053125 0.0671875
0 0.5265625 0.28515625 0.046875 0.0578125
0 0.14296875 0.22734375 0.046875 0.0578125
0 0.33671875 0.27578125 0.0515625 0.0625
0 0.64609375 0.346875 0.0546875 0.0765625
0 0.88203125 0.40390625 0.040625 0.06875
0 0.9140625 0.41328125 0.078125 0.08125
0 0.059375 0.26875 0.05 0.0703125
0 0.11796875 0.28125 0.0578125 0.0734375
0 0.71328125 0.4078125 0.0484375 0.0671875
0 0.7796875 0.0859375 0.0390625 0.0421875
0 0.31015625 0.3390625 0.0625 0.0734375
0 0.46484375 0.3765625 0.053125 0.0671875
0 0.62734375 0.44609375 0.05 0.075
0 0.22421875 0.36328125 0.05 0.053125
0 0.66953125 0.4671875 0.0515625 0.0796875
0 0.378125 0.40546875 0.05 0.0703125
0 0.87734375 0.51640625 0.0546875 0.071875
0 0.81328125 0.50546875 0.053125 0.0671875
0 0.5015625 0.4484375 0.0453125 0.0703125
0 0.340625 0.4140625 0.05625 0.0640625
0 0.03046875 0.35078125 0.0359375 0.090625
0 0.1953125 0.39765625 0.0546875 0.071875
0 0.5515625 0.4890625 0.0484375 0.0671875
0 0.4015625 0.4859375 0.05625 0.0640625
0 0.59921875 0.5453125 0.0515625 0.0578125
0 0.57421875 0.059375 0.0375 0.0515625
0 0.08203125 0.46328125 0.0578125 0.0734375
0 0.95234375 0.6625 0.05625 0.0859375
0 0.40625 0.028125 0.046875 0.05625
0 0.59296875 0.59765625 0.078125 0.0859375
0 0.25859375 0.53671875 0.05 0.0703125
0 0.79375 0.65546875 0.0671875 0.075
0 0.4640625 0.5890625 0.05625 0.059375
0 0.28203125 0.57890625 0.071875 0.0765625
0 0.01484375 0.53828125 0.0296875 0.0703125
0 0.103125 0.57578125 0.046875 0.0625
0 0.76484375 0.721875 0.0765625 0.0765625
0 0.45859375 0.6609375 0.075 0.0890625
0 0.9109375 0.77421875 0.065625 0.0828125
0 0.22109375 0.6421875 0.0625 0.0734375
0 0.6625 0.73828125 0.08125 0.0953125
0 0.3109375 0.025 0.046875 0.05
0 0.70859375 0.109375 0.046875 0.0625
0 0.04296875 0.63671875 0.05 0.0703125
0 0.496875 0.74765625 0.0578125 0.0734375
0 0.89765625 0.859375 0.06875 0.1015625
0 0.68203125 0.8578125 0.075 0.0890625
0 0.41640625 0.8015625 0.0703125 0.084375
0 0.26015625 0.0234375 0.03125 0.040625
0 0.75390625 0.128125 0.0421875 0.05625
0 0.178125 0.7796875 0.065625 0.0828125
0 0.8296875 0.9296875 0.0703125 0.109375
0 0.91015625 0.1640625 0.046875 0.0625
0 0.50234375 0.07734375 0.0328125 0.05
0 0.51875 0.878125 0.0671875 0.075
0 0.78046875 0.93828125 0.0640625 0.078125
0 0.059375 0.7921875 0.090625 0.0796875
0 0.58359375 0.90625 0.0703125 0.0671875
0 0.378125 0.86484375 0.0640625 0.05625
0 0.2796875 0.034375 0.0421875 0.05625
0 0.19296875 0.02265625 0.0453125 0.0453125