0 0.2984375 0.44453125 0.00625 0.009375
0 0.225 0.43671875 0.00625 0.009375
0 0.28671875 0.4453125 0.00625 0.009375
0 0.27109375 0.44375 0.00625 0.009375
0 0.3078125 0.44765625 0.0109375 0.0109375
0 0.24765625 0.44140625 0.009375 0.00625
0 0.15390625 0.43125 0.0046875 0.0046875
0 0.4109375 0.46015625 0.00625 0.009375
0 0.3921875 0.46484375 0.00625 0.009375
0 0.4703125 0.47578125 0.0046875 0.0046875
0 0.509375 0.4796875 0.00625 0.009375
0 0.23515625 0.45078125 0.0109375 0.0109375
0 0.490625 0.478125 0.00625 0.009375
0 0.3109375 0.45859375 0.0109375 0.0109375
0 0.21015625 0.45078125 0.00625 0.009375
0 0.471875 0.478125 0.0046875 0.0046875
0 0.203125 0.45 0.00625 0.009375
0 0.19609375 0.44921875 0.00625 0.009375
0 0.0984375 0.4390625 0.0109375 0.0109375
0 0.10546875 0.43984375 0.0109375 0.0109375
0 0.175 0.446875 0.0046875 0.0046875
0 0.540625 0.48515625 0.0046875 0.0046875
0 0.359375 0.46640625 0.0046875 0.0046875
0 0.14765625 0.44375 0.00625 0.009375
0 0.16796875 0.44609375 0.0046875 0.0046875
0 0.3203125 0.4625 0.00625 0.009375
0 0.140625 0.44375 0.00625 0.009375
0 0.16328125 0.44609375 0.00625 0.009375
0 0.53359375 0.48671875 0.00625 0.009375
0 0.3703125 0.46953125 0.00625 0.009375
0 0.55234375 0.4890625 0.00625 0.009375
0 0.52734375 0.48671875 0.0109375 0.0109375
0 0.6625 0.50078125 0.0109375 0.0109375
0 0.4625 0.4796875 0.00625 0.009375
0 0.46484375 0.4796875 0.00625 0.009375
0 0.6671875 0.50078125 0.00625 0.009375
0 0.34296875 0.46953125 0.0046875 0.0046875
0 0.7015625 0.50703125 0.0109375 0.0109375
0 0.60703125 0.496875 0.00625 0.009375
0 0.68359375 0.50546875 0.00625 0.009375
0 0.6953125 0.50625 0.00625 0.009375
0 0.4828125 0.484375 0.0046875 0.0046875
0 0.2890625 0.46875 0.00625 0.009375
0 0.2796875 0.47421875 0.00625 0.009375
0 0.703125 0.51875 0.0109375 0.0109375
0 0.29765625 0.4765625 0.00625 0.0140625
0 0.32734375 0.48203125 0.0109375 0.015625
0 0.3109375 0.48046875 0.00625 0.009375
0 0.38515625 0.48828125 0.0109375 0.0109375
0 0.19609375 0.46796875 0.0109375 0.0109375
0 0.16796875 0.46484375 0.00625 0.009375
0 0.22109375 0.4703125 0.00625 0.009375
0 0.18203125 0.46640625 0.0109375 0.0109375
0 0.1890625 0.4671875 0.00625 0.009375
0 0.30390625 0.4796875 0.00625 0.009375
0 0.09921875 0.4578125 0.00625 0.009375
0 0.1546875 0.4640625 0.00625 0.009375
0 0.58515625 0.5109375 0.00625 0.009375
0 0.603125 0.51328125 0.00625 0.009375
0 0.378125 0.48984375 0.0109375 0.0109375
0 0.6078125 0.5140625 0.00625 0.0140625
0 0.40703125 0.4953125 0.00625 0.009375
0 0.44375 0.5078125 0.00625 0.009375
0 0.48125 0.521875 0.00625 0.009375
0 0.50625 0.52890625 0.00625 0.009375
0 0.546875 0.53984375 0.0109375 0.0109375
0 0.4390625 0.528125 0.0109375 0.0109375
0 0.4890625 0.53828125 0.00625 0.009375
0 0.528125 0.5421875 0.00625 0.009375
0 0.5046875 0.5421875 0.0109375 0.015625
0 0.5234375 0.54609375 0.0109375 0.015625
0 0.4765625 0.54140625 0.00625 0.009375
0 0.44921875 0.5390625 0.0109375 0.0109375
0 0.5390625 0.5484375 0.00625 0.009375
0 0.4234375 0.53828125 0.0109375 0.0109375
0 0.5515625 0.5609375 0.0109375 0.0109375
0 0.425 0.54765625 0.0046875 0.0046875
0 0.3921875 0.55625 0.0109375 0.015625
0 0.66953125 0.5875 0.0109375 0.0109375
0 0.63046875 0.58828125 0.00625 0.009375
0 0.61171875 0.5890625 0.0109375 0.0109375
0 0.66953125 0.59453125 0.0109375 0.015625
0 0.62734375 0.5953125 0.0109375 0.0109375
0 0.33515625 0.56640625 0.00625 0.0140625
0 0.725 0.6171875 0.00625 0.009375
0 0.73671875 0.61796875 0.00625 0.009375
0 0.23671875 0.571875 0.00625 0.009375
0 0.73125 0.62421875 0.00625 0.009375
0 0.7859375 0.634375 0.0109375 0.0109375
0 0.246875 0.5828125 0.00625 0.009375
0 0.20078125 0.578125 0.00625 0.009375
0 0.25390625 0.58359375 0.00625 0.009375
0 0.19140625 0.57890625 0.00625 0.009375
0 0.184375 0.578125 0.00625 0.009375
0 0.76484375 0.6390625 0.00625 0.009375
0 0.146875 0.5765625 0.00625 0.009375
0 0.23671875 0.590625 0.00625 0.009375
0 0.82578125 0.6578125 0.0109375 0.015625
0 0.284375 0.60078125 0.0109375 0.015625
0 0.809375 0.66015625 0.0109375 0.0109375
0 0.7765625 0.65703125 0.0109375 0.0109375
0 0.765625 0.65859375 0.0109375 0.0109375
0 0.72109375 0.65625 0.0109375 0.0109375
0 0.69765625 0.6609375 0.0109375 0.0109375
0 0.70625 0.66171875 0.0109375 0.0109375
0 0.72890625 0.66640625 0.00625 0.009375
0 0.71484375 0.66484375 0.00625 0.009375
0 0.73359375 0.66875 0.00625 0.009375
0 0.31015625 0.62421875 0.0109375 0.0109375
0 0.740625 0.66953125 0.00625 0.009375
0 0.8296875 0.67890625 0.0109375 0.015625
0 0.853125 0.68203125 0.0109375 0.015625
0 0.23359375 0.61875 0.0109375 0.015625
0 0.8 0.678125 0.0109375 0.015625
0 0.1640625 0.6140625 0.00625 0.009375
0 0.21484375 0.61953125 0.0109375 0.015625
0 0.3625 0.6375 0.0109375 0.015625
0 0.69375 0.6765625 0.0109375 0.0109375
0 0.709375 0.678125 0.0109375 0.0109375
0 0.2375 0.62890625 0.00625 0.0140625
0 0.203125 0.6265625 0.00625 0.009375
0 0.7296875 0.68203125 0.0109375 0.0109375
0 0.80859375 0.690625 0.0109375 0.0109375
0 0.18203125 0.6265625 0.00625 0.0140625
0 0.2109375 0.63671875 0.00625 0.0140625
0 0.70078125 0.68828125 0.0109375 0.015625
0 0.76171875 0.69453125 0.00625 0.009375
0 0.23828125 0.6421875 0.00625 0.0140625
0 0.1140625 0.62890625 0.00625 0.009375
0 0.80703125 0.70234375 0.0109375 0.0109375
0 0.30234375 0.6515625 0.00625 0.009375
0 0.8296875 0.70703125 0.0109375 0.0109375
0 0.09296875 0.63125 0.0109375 0.0109375
0 0.73046875 0.6984375 0.0109375 0.015625
0 0.10859375 0.63359375 0.0109375 0.0109375
0 0.88046875 0.71640625 0.0109375 0.0109375
0 0.584375 0.68828125 0.0109375 0.0109375
0 0.4671875 0.678125 0.0109375 0.0109375
0 0.3109375 0.6640625 0.0109375 0.015625
0 0.24375 0.65703125 0.0109375 0.0109375
0 0.784375 0.7140625 0.0109375 0.0109375
0 0.1359375 0.6453125 0.00625 0.009375
0 0.96875 0.7328125 0.0109375 0.0203125
0 0.759375 0.71328125 0.0109375 0.0109375
0 0.65546875 0.70234375 0.0109375 0.015625
0 0.07578125 0.64140625 0.0109375 0.0109375
0 0.765625 0.71640625 0.0109375 0.0109375
0 0.15546875 0.65234375 0.00625 0.009375
0 0.17421875 0.6546875 0.0109375 0.015625
0 0.3421875 0.67421875 0.0109375 0.0109375
0 0.8921875 0.73203125 0.0109375 0.0109375
0 0.284375 0.6703125 0.0109375 0.015625
0 0.66640625 0.7109375 0.0109375 0.015625
0 0.05625 0.64921875 0.0109375 0.0109375
0 0.0421875 0.64765625 0.0109375 0.015625
0 0.07890625 0.6515625 0.0109375 0.015625
0 0.37109375 0.684375 0.0109375 0.015625
0 0.203125 0.66640625 0.00625 0.0140625
0 0.7625 0.72578125 0.0109375 0.0109375
0 0.4265625 0.6921875 0.0109375 0.0109375
0 0.421875 0.6921875 0.0109375 0.0109375
0 0.34765625 0.68671875 0.00625 0.0140625
0 0.4375 0.6984375 0.0109375 0.015625
0 0.08046875 0.6609375 0.0109375 0.015625
0 0.384375 0.69296875 0.00625 0.009375
0 0.715625 0.7296875 0.0109375 0.015625
0 0.5359375 0.7109375 0.0109375 0.015625
0 0.375 0.696875 0.0109375 0.015625
0 0.521875 0.71171875 0.00625 0.0140625
0 0.96875 0.75859375 0.00625 0.01875
0 0.06875 0.66640625 0.0109375 0.0109375
0 0.6203125 0.7296875 0.0109375 0.015625
0 0.384375 0.70859375 0.00625 0.0140625
0 0.01171875 0.66953125 0.0109375 0.0109375
0 0.92109375 0.7671875 0.015625 0.0203125
0 0.26953125 0.69921875 0.0109375 0.015625
0 0.75703125 0.75234375 0.0109375 0.0203125
0 0.33828125 0.7109375 0.0109375 0.015625
0 0.7015625 0.74921875 0.0109375 0.015625
0 0.3171875 0.7109375 0.0109375 0.015625
0 0.0015625 0.6765625 0.003125 0.015625
0 0.375 0.7171875 0.0109375 0.015625
0 0.0953125 0.6921875 0.0109375 0.015625
0 0.06640625 0.6890625 0.0109375 0.015625
0 0.1328125 0.69609375 0.0109375 0.015625
0 0.459375 0.73046875 0.015625 0.015625
0 0.6921875 0.75546875 0.0109375 0.015625
0 0.9421875 0.78359375 0.015625 0.0203125
0 0.50078125 0.73984375 0.015625 0.015625
0 0.26328125 0.71484375 0.0109375 0.015625
0 0.7421875 0.76953125 0.0109375 0.015625
0 0.61015625 0.75859375 0.0109375 0.015625
0 0.28984375 0.725 0.0109375 0.015625
0 0.725 0.77265625 0.0109375 0.015625
0 0.55 0.7546875 0.0109375 0.015625
0 0.66484375 0.77109375 0.0109375 0.015625
0 0.559375 0.76015625 0.015625 0.015625
0 0.7921875 0.7984375 0.015625 0.0203125
0 0.61171875 0.7890625 0.0109375 0.015625
0 0.1578125 0.74375 0.0109375 0.0203125
0 0.25 0.75703125 0.015625 0.0203125
0 0.2375 0.76328125 0.0109375 0.0203125
0 0.8703125 0.83203125 0.015625 0.0203125
0 0.03359375 0.75078125 0.0109375 0.0203125
0 0.6765625 0.81875 0.015625 0.0203125
0 0.71015625 0.821875 0.0109375 0.0203125
0 0.92265625 0.846875 0.015625 0.0203125
0 0.75078125 0.83359375 0.015625 0.015625
0 0.2953125 0.790625 0.015625 0.0203125
0 0.37109375 0.80078125 0.0125 0.025
0 0.33046875 0.80546875 0.0109375 0.015625
0 0.31875 0.80703125 0.015625 0.0203125
0 0.06484375 0.78046875 0.0171875 0.025
0 0.3671875 0.8140625 0.0109375 0.015625
0 0.08515625 0.78984375 0.015625 0.0203125
0 0.03125 0.796875 0.0109375 0.0203125
0 0.2890625 0.82890625 0.015625 0.0203125
0 0.73046875 0.87734375 0.015625 0.0203125
0 0.50234375 0.85390625 0.015625 0.0203125
0 0.0046875 0.80859375 0.009375 0.0203125
0 0.3921875 0.85859375 0.0109375 0.0203125
0 0.346875 0.875 0.015625 0.0203125
0 0.83203125 0.928125 0.015625 0.0203125
0 0.27734375 0.8703125 0.015625 0.0203125
0 0.19609375 0.8640625 0.021875 0.025
0 0.4546875 0.91171875 0.015625 0.0203125
0 0.08671875 0.88671875 0.0203125 0.0203125
0 0.22734375 0.90625 0.0171875 0.025
0 0.45234375 0.9328125 0.015625 0.0203125
0 0.346875 0.92109375 0.015625 0.0203125
0 0.3296875 0.921875 0.0171875 0.025
0 0.13125 0.90859375 0.015625 0.0203125
0 0.01875 0.91796875 0.0171875 0.025
0 0.20703125 0.93984375 0.015625 0.0203125
0 0.259375 0.94921875 0.021875 0.025