0 0.4765625 0.1046875 0.025 0.0375
0 0.7109375 0.1109375 0.03125 0.046875
0 0.38046875 0.15390625 0.0390625 0.0484375
0 0.66640625 0.14140625 0.04375 0.0484375
0 0.325 0.16171875 0.0390625 0.04375
0 0.5859375 0.1484375 0.0484375 0.0625
0 0.215625 0.16953125 0.04375 0.04375
0 0.06640625 0.17890625 0.04375 0.053125
0 0.5125 0.1609375 0.0390625 0.04375
0 0.81328125 0.146875 0.04375 0.0625
0 0.00390625 0.1921875 0.0078125 0.05625
0 0.2796875 0.1984375 0.0390625 0.053125
0 0.87265625 0.171875 0.0390625 0.053125
0 0.02265625 0.21875 0.0453125 0.071875
0 0.8421875 0.17890625 0.040625 0.0671875
0 0.3640625 0.20625 0.0453125 0.0671875
0 0.45390625 0.20390625 0.059375 0.0671875
0 0.328125 0.21484375 0.0390625 0.0484375
0 0.09375 0.22734375 0.04375 0.0625
0 0.753125 0.19921875 0.034375 0.04375
0 0.4109375 0.2171875 0.0546875 0.090625
0 0.2328125 0.22890625 0.05 0.071875
0 0.053125 0.23828125 0.04375 0.0578125
0 0.6796875 0.2140625 0.059375 0.0671875
0 0.16875 0.24609375 0.0453125 0.071875
0 0.2046875 0.25078125 0.0390625 0.053125
0 0.13984375 0.2546875 0.05 0.071875
0 0.753125 0.2390625 0.0390625 0.053125
0 0.2859375 0.26328125 0.0484375 0.053125
0 0.62109375 0.24765625 0.053125 0.0578125
0 0.56640625 0.2578125 0.0546875 0.0671875
0 0.4921875 0.2640625 0.0390625 0.0578125
0 0.95078125 0.2421875 0.059375 0.0859375
0 0.53671875 0.26875 0.053125 0.053125
0 0.33984375 0.27890625 0.053125 0.0390625
0 0.88359375 0.25546875 0.0640625 0.0859375
0 0.2140625 0.31796875 0.05 0.0859375
0 0.3890625 0.31796875 0.059375 0.090625
0 0.73515625 0.30234375 0.0546875 0.0765625
0 0.68046875 0.31484375 0.0546875 0.0671875
0 0.24609375 0.34453125 0.0609375 0.1046875
0 0.18203125 0.35234375 0.0546875 0.090625
0 0.34296875 0.34375 0.0546875 0.090625
0 0.0234375 0.3734375 0.046875 0.1
0 0.6609375 0.02734375 0.0203125 0.0296875
0 0.296875 0.3921875 0.0796875 0.1
0 0.434375 0.3921875 0.0984375 0.1015625
0 0.63984375 0.38125 0.0703125 0.1046875
0 0.95625 0.36875 0.0828125 0.1515625
0 0.5828125 0.3984375 0.090625 0.14375
0 0.51875 0.4046875 0.0546875 0.08125
0 0.775 0.39453125 0.0890625 0.115625
0 0.6875 0.4015625 0.0703125 0.109375
0 0.12265625 0.4640625 0.1 0.134375
0 0.615625 0.04140625 0.0296875 0.0328125
0 0.04296875 0.5546875 0.0859375 0.20625
0 0.303125 0.5515625 0.084375 0.115625
0 0.22265625 0.59609375 0.109375 0.1625
0 0.48359375 0.6375 0.1609375 0.24375
0 0.44296875 0.0671875 0.034375 0.04375
0 0.9328125 0.72421875 0.134375 0.2890625
0 0.6375 0.0828125 0.0203125 0.0296875
0 0.5203125 0.09296875 0.034375 0.034375
0 0.15 0.1125 0.034375 0.034375
0 0.375 0.1078125 0.0296875 0.0328125