0 0.27109375 0.13203125 0.03125 0.03125
0 0.01640625 0.1703125 0.0328125 0.05
0 0.04296875 0.1734375 0.034375 0.0453125
0 0.07265625 0.16953125 0.028125 0.034375
0 0.57578125 0.10625 0.0453125 0.0640625
0 0.2234375 0.1578125 0.0484375 0.05625
0 0.2765625 0.15546875 0.0234375 0.034375
0 0.340625 0.1484375 0.0484375 0.0609375
0 0.43203125 0.1359375 0.0359375 0.0359375
0 0.48984375 0.1296875 0.0234375 0.034375
0 0.740625 0.09921875 0.028125 0.034375
0 0.06640625 0.19375 0.0375 0.0453125
0 0.38984375 0.1484375 0.0609375 0.0859375
0 0.534375 0.128125 0.0453125 0.0375
0 0.1125 0.1875 0.040625 0.06875
0 0.60859375 0.125 0.034375 0.0453125
0 0.15703125 0.18828125 0.0484375 0.0609375
0 0.640625 0.1203125 0.028125 0.0390625
0 0.19140625 0.1859375 0.0296875 0.04375
0 0.515625 0.1453125 0.021875 0.0296875
0 0.31171875 0.1765625 0.0453125 0.0640625
0 0.7546875 0.11796875 0.034375 0.0453125
0 0.78515625 0.11328125 0.0265625 0.021875
0 0.03046875 0.21953125 0.04375 0.0546875
0 0.8859375 0.1015625 0.028125 0.034375
0 0.84921875 0.10703125 0.040625 0.0328125
0 0.2671875 0.19140625 0.05 0.065625
0 0.796875 0.11875 0.0265625 0.021875
0 0.4234375 0.17421875 0.028125 0.034375
0 0.81953125 0.12734375 0.0328125 0.040625
0 0.9046875 0.11796875 0.0328125 0.0359375
0 0.85859375 0.12890625 0.0375 0.040625
0 0.88515625 0.13046875 0.0296875 0.04375
0 0.93984375 0.12265625 0.03125 0.0578125
0 0.7875 0.14609375 0.0171875 0.0296875
0 0.80390625 0.15390625 0.0296875 0.04375
0 0.51328125 0.196875 0.0609375 0.0859375
0 0.0671875 0.26640625 0.0484375 0.05625
0 0.92421875 0.153125 0.0390625 0.0546875
0 0.12109375 0.2703125 0.065625 0.08125
0 0.70234375 0.1953125 0.1 0.1359375
0 0.2578125 0.26015625 0.0734375 0.109375
0 0.02109375 0.30078125 0.0421875 0.0546875
0 0.6703125 0.265625 0.0453125 0.0640625
0 0.87578125 0.2578125 0.13125 0.1625
0 0.1203125 0.37578125 0.0625 0.0984375
0 0.375 0.3421875 0.059375 0.071875
0 0.32421875 0.39609375 0.05625 0.084375
0 0.66328125 0.35078125 0.053125 0.05625
0 0.6296875 0.3578125 0.0484375 0.05625
0 0.55703125 0.375 0.046875 0.078125
0 0.04296875 0.4484375 0.0859375 0.071875
0 0.52421875 0.39140625 0.071875 0.090625
0 0.42265625 0.415625 0.0625 0.090625
0 0.66171875 0.40703125 0.071875 0.0953125
0 0.3046875 0.4734375 0.0671875 0.0953125
0 0.6125 0.4375 0.078125 0.1046875
0 0.55078125 0.49765625 0.0921875 0.10625
0 0.27421875 0.5390625 0.08125 0.0609375
0 0.41640625 0.53984375 0.08125 0.1015625
0 0.0609375 0.61484375 0.121875 0.2109375
0 0.36484375 0.63828125 0.078125 0.1375
0 0.27109375 0.66796875 0.1265625 0.1703125
0 0.56171875 0.64375 0.096875 0.14375
0 0.7515625 0.64453125 0.0984375 0.153125
0 0.090625 0.12734375 0.021875 0.0265625
0 0.09609375 0.83515625 0.1171875 0.1015625
0 0.496875 0.78984375 0.1234375 0.1109375
0 0.04921875 0.140625 0.0265625 0.03125
0 0.34453125 0.84453125 0.2765625 0.2046875
0 0.92421875 0.775 0.140625 0.16875
0 0.20625 0.12109375 0.025 0.0171875
0 0.57890625 0.84375 0.1703125 0.121875
0 0.1796875 0.9 0.1109375 0.1234375
0 0.13125 0.1359375 0.0421875 0.0421875
0 0.0890625 0.15078125 0.0375 0.040625
0 0.40390625 0.1109375 0.028125 0.0390625
0 0.45390625 0.10625 0.0546875 0.0703125