0 0.89609375 0.1171875 0.0203125 0.015625
0 0.99453125 0.13203125 0.0109375 0.0171875
0 0.06328125 0.6734375 0.1265625 0.109375
0 0.72890625 0.09921875 0.015625 0.0109375
0 0.96015625 0.12734375 0.0203125 0.015625
0 0.70390625 0.09609375 0.015625 0.0109375
0 0.7375 0.10234375 0.0203125 0.0109375
0 0.92109375 0.125 0.0203125 0.015625
0 0.8203125 0.1125 0.015625 0.0109375
0 0.72578125 0.10546875 0.025 0.0125
0 0.69609375 0.10234375 0.015625 0.0109375
0 0.778125 0.1125 0.0203125 0.0109375
0 0.840625 0.11953125 0.0203125 0.015625
0 0.75546875 0.11171875 0.0109375 0.0109375
0 0.7046875 0.1078125 0.015625 0.0109375
0 0.87421875 0.12890625 0.0203125 0.015625
0 0.73828125 0.11484375 0.015625 0.0109375
0 0.259375 0.84609375 0.2953125 0.153125
0 0.66484375 0.1078125 0.0109375 0.0109375
0 0.68125 0.11015625 0.015625 0.0109375
0 0.85546875 0.13125 0.025 0.0171875
0 0.92890625 0.13984375 0.0203125 0.0203125
0 0.75 0.1203125 0.0203125 0.0109375
0 0.69921875 0.1140625 0.0203125 0.0109375
0 0.98515625 0.14921875 0.0296875 0.0265625
0 0.809375 0.1296875 0.0296875 0.021875
0 0.67109375 0.1125 0.0140625 0.00625
0 0.93984375 0.1453125 0.015625 0.015625
0 0.953125 0.14921875 0.0203125 0.015625
0 0.90234375 0.14296875 0.0296875 0.0171875
0 0.68046875 0.115625 0.0109375 0.0109375
0 0.78984375 0.13203125 0.0203125 0.015625
0 0.64140625 0.11328125 0.0203125 0.0109375
0 0.76015625 0.13046875 0.0203125 0.015625
0 0.66796875 0.121875 0.015625 0.0109375
0 0.61015625 0.11484375 0.0203125 0.015625
0 0.86953125 0.15078125 0.0296875 0.021875
0 0.83671875 0.146875 0.03125 0.0265625
0 0.5859375 0.11875 0.0203125 0.015625
0 0.62578125 0.1234375 0.015625 0.0109375
0 0.6484375 0.1265625 0.0203125 0.015625
0 0.6875 0.13125 0.0203125 0.0109375
0 0.53046875 0.1140625 0.0140625 0.00625
0 0.5609375 0.1203125 0.0203125 0.0109375
0 0.8109375 0.15078125 0.0296875 0.021875
0 0.9 0.1640625 0.034375 0.021875
0 0.60859375 0.128125 0.0203125 0.0109375
0 0.7484375 0.14765625 0.021875 0.025
0 0.578125 0.12734375 0.0203125 0.0109375
0 0.62421875 0.1328125 0.0203125 0.015625
0 0.7296875 0.14765625 0.0296875 0.021875
0 0.559375 0.1296875 0.01875 0.00625
0 0.759375 0.15390625 0.0203125 0.0203125
0 0.471875 0.11875 0.0203125 0.0109375
0 0.50703125 0.12265625 0.0203125 0.0203125
0 0.49765625 0.12421875 0.0109375 0.0109375
0 0.64609375 0.1421875 0.025 0.0125
0 0.521875 0.1296875 0.0203125 0.0203125
0 0.540625 0.13203125 0.025 0.021875
0 0.69453125 0.153125 0.0390625 0.028125
0 0.9125 0.1796875 0.0390625 0.028125
0 0.66171875 0.14921875 0.0296875 0.021875
0 0.4828125 0.12734375 0.0203125 0.0109375
0 0.5609375 0.1390625 0.0203125 0.015625
0 0.58125 0.14140625 0.015625 0.015625
0 0.77890625 0.165625 0.0203125 0.0203125
0 0.8046875 0.16875 0.0296875 0.021875
0 0.84296875 0.1734375 0.0390625 0.0234375
0 0.4296875 0.125 0.0140625 0.00625
0 0.4546875 0.128125 0.0109375 0.0109375
0 0.6296875 0.15 0.0296875 0.021875
0 0.465625 0.13203125 0.0140625 0.00625
0 0.43125 0.128125 0.0140625 0.00625
0 0.40546875 0.12734375 0.015625 0.0109375
0 0.490625 0.1375 0.015625 0.0109375
0 0.60546875 0.1515625 0.0203125 0.0109375
0 0.9640625 0.1953125 0.0640625 0.0484375
0 0.38046875 0.1265625 0.0203125 0.015625
0 0.3984375 0.12890625 0.015625 0.0109375
0 0.5890625 0.15234375 0.0203125 0.015625
0 0.37109375 0.125 0.0140625 0.00625
0 0.559375 0.15078125 0.0296875 0.0125
0 0.42578125 0.134375 0.009375 0.00625
0 0.34765625 0.12734375 0.0140625 0.00625
0 0.4375 0.13828125 0.0203125 0.0109375
0 0.48046875 0.14375 0.025 0.021875
0 0.4640625 0.14375 0.025 0.0171875
0 0.35859375 0.13046875 0.015625 0.0109375
0 0.31015625 0.12734375 0.009375 0.00625
0 0.3421875 0.13125 0.009375 0.00625
0 0.6640625 0.1703125 0.034375 0.0265625
0 0.60859375 0.16640625 0.0296875 0.021875
0 0.41328125 0.1421875 0.0203125 0.015625
0 0.3625 0.1375 0.015625 0.0109375
0 0.43203125 0.14609375 0.0203125 0.015625
0 0.55546875 0.1609375 0.025 0.021875
0 0.40625 0.14296875 0.01875 0.00625
0 0.53046875 0.1578125 0.034375 0.021875
0 0.8109375 0.1953125 0.040625 0.0328125
0 0.325 0.13515625 0.015625 0.0109375
0 0.40078125 0.14453125 0.0203125 0.015625
0 0.64453125 0.17421875 0.03125 0.0265625
0 0.846875 0.19921875 0.04375 0.0328125
0 0.3140625 0.134375 0.0109375 0.0109375
0 0.3390625 0.13671875 0.0140625 0.00625
0 0.290625 0.13359375 0.00625 0.009375
0 0.92734375 0.21171875 0.034375 0.021875
0 0.26953125 0.13359375 0.0140625 0.00625
0 0.28359375 0.13515625 0.015625 0.0109375
0 0.3890625 0.14765625 0.0203125 0.015625
0 0.49296875 0.1609375 0.0296875 0.021875
0 0.7703125 0.19453125 0.0390625 0.028125
0 0.3453125 0.14453125 0.015625 0.0109375
0 0.38046875 0.14921875 0.0203125 0.015625
0 0.446875 0.15703125 0.0296875 0.021875
0 0.57421875 0.17578125 0.03125 0.0265625
0 0.2375 0.134375 0.025 0.0125
0 0.40234375 0.15625 0.015625 0.015625
0 0.46640625 0.16484375 0.0296875 0.021875
0 0.2640625 0.1421875 0.015625 0.0109375
0 0.25546875 0.140625 0.015625 0.0109375
0 0.3609375 0.15390625 0.025 0.021875
0 0.31484375 0.15078125 0.025 0.021875
0 0.3375 0.153125 0.025 0.021875
0 0.20859375 0.1375 0.0203125 0.0109375
0 0.72734375 0.20390625 0.0484375 0.0328125
0 0.28671875 0.14921875 0.0203125 0.0109375
0 0.60859375 0.1890625 0.04375 0.0328125
0 0.221875 0.14375 0.0203125 0.0109375
0 0.3484375 0.159375 0.015625 0.015625
0 0.69296875 0.2015625 0.0328125 0.0171875
0 0.271875 0.15 0.025 0.0171875
0 0.178125 0.140625 0.0140625 0.00625
0 0.42421875 0.17109375 0.034375 0.021875
0 0.55703125 0.1875 0.0203125 0.015625
0 0.184375 0.14609375 0.0203125 0.0109375
0 0.4828125 0.18515625 0.0390625 0.0234375
0 0.209375 0.1515625 0.009375 0.00625
0 0.9125 0.23828125 0.059375 0.04375
0 0.32578125 0.16640625 0.025 0.0171875
0 0.165625 0.1484375 0.0203125 0.015625
0 0.22734375 0.15625 0.025 0.0171875
0 0.34453125 0.1734375 0.0203125 0.0109375
0 0.25703125 0.16484375 0.0296875 0.021875
0 0.14609375 0.15078125 0.025 0.0171875
0 0.2015625 0.1578125 0.0296875 0.0171875
0 0.28671875 0.16875 0.0296875 0.021875
0 0.56015625 0.20234375 0.04375 0.0234375
0 0.1140625 0.146875 0.015625 0.0109375
0 0.4609375 0.18984375 0.034375 0.021875
0 0.68828125 0.2203125 0.0484375 0.0328125
0 0.3671875 0.18046875 0.0359375 0.03125
0 0.74296875 0.23125 0.04375 0.0328125
0 0.096875 0.1546875 0.015625 0.0109375
0 0.0875 0.153125 0.015625 0.015625
0 0.78828125 0.23984375 0.059375 0.04375
0 0.13984375 0.1625 0.0140625 0.00625
0 0.321875 0.184375 0.0296875 0.021875
0 0.12421875 0.1625 0.015625 0.015625
0 0.05546875 0.15390625 0.01875 0.00625
0 0.15078125 0.16796875 0.025 0.0125
0 0.07265625 0.15859375 0.0203125 0.0109375
0 0.346875 0.1921875 0.034375 0.0265625
0 0.28671875 0.1875 0.034375 0.021875
0 0.1875 0.17890625 0.0390625 0.028125
0 0.4953125 0.2171875 0.0546875 0.0421875
0 0.05625 0.16328125 0.0203125 0.015625
0 0.55703125 0.2265625 0.04375 0.0328125
0 0.63671875 0.23671875 0.04375 0.0328125
0 0.246875 0.19140625 0.0359375 0.03125
0 0.3953125 0.209375 0.04375 0.0328125
0 0.08515625 0.17109375 0.025 0.021875
0 0.2234375 0.18828125 0.034375 0.0265625
0 0.68828125 0.2453125 0.06875 0.04375
0 0.46171875 0.221875 0.0546875 0.046875
0 0.165625 0.1859375 0.034375 0.021875
0 0.4296875 0.21796875 0.04375 0.0328125
0 0.11015625 0.17890625 0.034375 0.021875
0 0.0484375 0.17109375 0.025 0.0171875
0 0.1328125 0.184375 0.015625 0.0109375
0 0.9546875 0.2921875 0.0796875 0.059375
0 0.8328125 0.2796875 0.059375 0.0390625
0 0.3109375 0.21796875 0.0359375 0.0359375
0 0.27890625 0.2140625 0.040625 0.0328125
0 0.0828125 0.18984375 0.015625 0.015625
0 0.09921875 0.19453125 0.025 0.0171875
0 0.11484375 0.1984375 0.0265625 0.0265625
0 0.1375 0.20390625 0.0328125 0.0171875
0 0.23359375 0.21796875 0.0484375 0.0328125
0 0.55078125 0.26171875 0.0640625 0.0390625
0 0.0453125 0.19921875 0.0234375 0.0390625
0 0.64453125 0.27265625 0.040625 0.040625
0 0.096875 0.21015625 0.0296875 0.0171875
0 0.14296875 0.21640625 0.03125 0.0265625
0 0.3515625 0.24609375 0.0515625 0.0515625
0 0.39296875 0.2515625 0.0484375 0.0328125
0 0.27109375 0.25234375 0.040625 0.0359375
0 0.2140625 0.24765625 0.05 0.0375
0 0.1328125 0.23984375 0.04375 0.028125
0 0.875 0.33359375 0.084375 0.059375
0 0.04296875 0.23359375 0.03125 0.03125
0 0.08125 0.240625 0.0546875 0.0421875
0 0.6765625 0.31640625 0.0546875 0.046875
0 0.50859375 0.29765625 0.0359375 0.040625
0 0.87890625 0.0734375 0.009375 0.00625
0 0.54296875 0.30703125 0.0703125 0.053125
0 0.4140625 0.29140625 0.0453125 0.0421875
0 0.796875 0.3453125 0.0609375 0.053125
0 0.44921875 0.3046875 0.0546875 0.0421875
0 0.9453125 0.08359375 0.0109375 0.0109375
0 0.64609375 0.3359375 0.059375 0.0484375
0 0.96328125 0.08515625 0.015625 0.0109375
0 0.19296875 0.28515625 0.040625 0.0359375
0 0.73359375 0.365625 0.0796875 0.059375
0 0.38671875 0.3234375 0.059375 0.04375
0 0.259375 0.3125 0.0546875 0.0421875
0 0.04609375 0.2875 0.046875 0.046875
0 0.08203125 0.29453125 0.04375 0.0328125
0 0.409375 0.34375 0.06875 0.0484375
0 0.92890625 0.0859375 0.0109375 0.0109375
0 0.8609375 0.40390625 0.084375 0.0640625
0 0.32109375 0.34296875 0.065625 0.053125
0 0.03828125 0.33125 0.0453125 0.0421875
0 0.51171875 0.4015625 0.084375 0.0640625
0 0.190625 0.37578125 0.0890625 0.065625
0 0.696875 0.4375 0.090625 0.075
0 0.10390625 0.36484375 0.084375 0.059375
0 0.89765625 0.08671875 0.015625 0.0109375
0 0.39296875 0.4046875 0.0890625 0.0609375
0 0.871875 0.46875 0.0875 0.0515625
0 0.0375 0.37578125 0.0578125 0.065625
0 0.87734375 0.08671875 0.0109375 0.0109375
0 0.94609375 0.09765625 0.0109375 0.0109375
0 0.32421875 0.44765625 0.0796875 0.0640625
0 0.86953125 0.090625 0.009375 0.00625
0 0.85625 0.0890625 0.0109375 0.0109375
0 0.9359375 0.54140625 0.1203125 0.0921875
0 0.4734375 0.48515625 0.0953125 0.075
0 0.05703125 0.44296875 0.08125 0.06875
0 0.9078125 0.1 0.015625 0.0109375
0 0.93125 0.10234375 0.015625 0.0109375
0 0.175 0.50390625 0.1234375 0.078125
0 0.33046875 0.5375 0.109375 0.0859375
0 0.94765625 0.10703125 0.015625 0.0109375
0 0.87578125 0.10078125 0.0140625 0.00625
0 0.76640625 0.6125 0.14375 0.1046875
0 0.81796875 0.09375 0.0109375 0.0109375
0 0.89609375 0.103125 0.015625 0.0109375
0 0.80390625 0.096875 0.0203125 0.0109375
0 0.83984375 0.10078125 0.0203125 0.0109375
0 0.5203125 0.65234375 0.1390625 0.103125
0 0.7796875 0.10078125 0.0203125 0.0109375
0 0.871875 0.11171875 0.015625 0.0109375
0 0.75 0.096875 0.015625 0.0109375
0 0.68984375 0.0921875 0.009375 0.00625