0 0.34453125 0.45078125 0.00625 0.00625
0 0.5578125 0.49453125 0.00625 0.00625
0 0.54375 0.49140625 0.00625 0.00625
0 0.52265625 0.4921875 0.00625 0.00625
0 0.6 0.5078125 0.00625 0.00625
0 0.48828125 0.4859375 0.00625 0.00625
0 0.0515625 0.403125 0.00625 0.00625
0 0.565625 0.503125 0.00625 0.00625
0 0.60390625 0.5109375 0.00625 0.00625
0 0.6546875 0.5203125 0.00625 0.009375
0 0.08359375 0.409375 0.00625 0.00625
0 0.0359375 0.4 0.00625 0.00625
0 0.596875 0.509375 0.00625 0.009375
0 0.53125 0.49921875 0.00625 0.00625
0 0.5515625 0.503125 0.00625 0.00625
0 0.40390625 0.47421875 0.00625 0.00625
0 0.5171875 0.49609375 0.00625 0.00625
0 0.08984375 0.415625 0.00625 0.00625
0 0.09921875 0.4171875 0.00625 0.00625
0 0.0671875 0.4109375 0.00625 0.00625
0 0.378125 0.471875 0.00625 0.00625
0 0.303125 0.45703125 0.00625 0.00625
0 0.328125 0.4640625 0.00625 0.00625
0 0.3640625 0.47109375 0.00625 0.00625
0 0.46171875 0.490625 0.00625 0.00625
0 0.5390625 0.50546875 0.00625 0.00625
0 0.55 0.50703125 0.00625 0.00625
0 0.6796875 0.5328125 0.00625 0.009375
0 0.39140625 0.4765625 0.00625 0.00625
0 0.0546875 0.4109375 0.0109375 0.0109375
0 0.5828125 0.51328125 0.00625 0.00625
0 0.52109375 0.50390625 0.00625 0.00625
0 0.259375 0.453125 0.00625 0.00625
0 0.61796875 0.52265625 0.00625 0.00625
0 0.6 0.51953125 0.00625 0.00625
0 0.4046875 0.48125 0.00625 0.00625
0 0.57265625 0.5140625 0.00625 0.00625
0 0.70703125 0.540625 0.00625 0.009375
0 0.1703125 0.4359375 0.00625 0.00625
0 0.240625 0.45 0.00625 0.00625
0 0.5296875 0.50546875 0.00625 0.00625
0 0.31328125 0.46640625 0.00625 0.00625
0 0.53359375 0.50859375 0.00625 0.00625
0 0.5421875 0.5109375 0.00625 0.00625
0 0.66484375 0.534375 0.00625 0.00625
0 0.68125 0.5375 0.00625 0.00625
0 0.21796875 0.44765625 0.00625 0.00625
0 0.20859375 0.44609375 0.00625 0.00625
0 0.22890625 0.45 0.00625 0.00625
0 0.19765625 0.44375 0.00625 0.00625
0 0.621875 0.52578125 0.00625 0.00625
0 0.640625 0.5296875 0.00625 0.00625
0 0.6453125 0.53046875 0.00625 0.00625
0 0.13359375 0.43359375 0.00625 0.00625
0 0.17890625 0.4421875 0.00625 0.00625
0 0.24921875 0.45625 0.00625 0.00625
0 0.353125 0.4765625 0.00625 0.00625
0 0.03359375 0.4140625 0.00625 0.009375
0 0.63359375 0.53046875 0.00625 0.009375
0 0.13984375 0.43515625 0.00625 0.00625
0 0.15625 0.43828125 0.00625 0.00625
0 0.23515625 0.453125 0.00625 0.00625
0 0.38828125 0.4828125 0.00625 0.00625
0 0.6921875 0.5421875 0.00625 0.009375
0 0.096875 0.4265625 0.00625 0.00625
0 0.12890625 0.4328125 0.00625 0.00625
0 0.146875 0.4359375 0.00625 0.00625
0 0.1625 0.4390625 0.00625 0.00625
0 0.28125 0.4625 0.00625 0.00625
0 0.1828125 0.44296875 0.00625 0.00625
0 0.2515625 0.45625 0.00625 0.00625
0 0.5671875 0.51796875 0.00625 0.00625
0 0.61015625 0.5265625 0.00625 0.00625
0 0.66953125 0.5375 0.00625 0.00625
0 0.0765625 0.42265625 0.00625 0.00625
0 0.01953125 0.4140625 0.00625 0.00625
0 0.29609375 0.4671875 0.00625 0.00625
0 0.33984375 0.47578125 0.00625 0.00625
0 0.37578125 0.4828125 0.00625 0.00625
0 0.2234375 0.453125 0.00625 0.00625
0 0.12109375 0.43359375 0.00625 0.00625
0 0.0875 0.42734375 0.00625 0.00625
0 0.5484375 0.51640625 0.00625 0.00625
0 0.59375 0.525 0.00625 0.00625
0 0.83515625 0.575 0.00625 0.00625
0 0.2078125 0.45234375 0.00625 0.00625
0 0.31171875 0.47265625 0.00625 0.00625
0 0.6234375 0.53359375 0.00625 0.00625
0 0.828125 0.5734375 0.009375 0.00625
0 0.17734375 0.446875 0.00625 0.00625
0 0.3046875 0.471875 0.00625 0.00625
0 0.1109375 0.43671875 0.00625 0.009375
0 0.2453125 0.4625 0.00625 0.00625
0 0.65 0.54140625 0.00625 0.00625
0 0.315625 0.4765625 0.00625 0.00625
0 0.0640625 0.42734375 0.009375 0.00625
0 0.60234375 0.53203125 0.00625 0.00625
0 0.2734375 0.46796875 0.00625 0.00625
0 0.2796875 0.46953125 0.00625 0.00625
0 0.325 0.478125 0.00625 0.00625
0 0.575 0.5265625 0.00625 0.00625
0 0.63203125 0.5375 0.00625 0.00625
0 0.190625 0.4515625 0.009375 0.00625
0 0.19765625 0.453125 0.00625 0.00625
0 0.25 0.46328125 0.00625 0.00625
0 0.684375 0.54765625 0.0109375 0.0109375
0 0.28828125 0.4734375 0.00625 0.00625
0 0.58828125 0.53125 0.00625 0.00625
0 0.7 0.553125 0.0078125 0.0140625
0 0.71484375 0.55625 0.00625 0.009375
0 0.9546875 0.60234375 0.0109375 0.0109375
0 0.4265625 0.5 0.0109375 0.0109375
0 0.78359375 0.56953125 0.00625 0.00625
0 0.8609375 0.584375 0.0125 0.015625
0 0.13359375 0.44296875 0.00625 0.00625
0 0.05390625 0.42734375 0.00625 0.00625
0 0.70859375 0.5546875 0.00625 0.009375
0 0.21328125 0.4609375 0.00625 0.00625
0 0.421875 0.5015625 0.00625 0.00625
0 0.1125 0.44140625 0.00625 0.009375
0 0.13828125 0.44609375 0.00625 0.00625
0 0.1671875 0.45234375 0.00625 0.00625
0 0.0109375 0.421875 0.00625 0.009375
0 0.60078125 0.53671875 0.00625 0.009375
0 0.1171875 0.4421875 0.00625 0.00625
0 0.11953125 0.44296875 0.00625 0.00625
0 0.12890625 0.44453125 0.00625 0.009375
0 0.1421875 0.446875 0.00625 0.00625
0 0.20390625 0.459375 0.00625 0.00625
0 0.28125 0.47421875 0.00625 0.00625
0 0.56015625 0.528125 0.00625 0.00625
0 0.671875 0.55 0.00625 0.009375
0 0.6921875 0.55390625 0.00625 0.00625
0 0.96953125 0.6078125 0.0109375 0.0109375
0 0.3015625 0.478125 0.00625 0.00625
0 0.31953125 0.48203125 0.00625 0.00625
0 0.58125 0.5328125 0.00625 0.00625
0 0.16015625 0.45078125 0.00625 0.009375
0 0.2109375 0.46015625 0.00625 0.00625
0 0.22421875 0.46328125 0.00625 0.00625
0 0.721875 0.56015625 0.00625 0.009375
0 0.18984375 0.45859375 0.00625 0.00625
0 0.6125 0.540625 0.00625 0.00625
0 0.07421875 0.4359375 0.00625 0.00625
0 0.7578125 0.56953125 0.0125 0.015625
0 0.76484375 0.5703125 0.00625 0.00625
0 0.94453125 0.60546875 0.009375 0.00625
0 0.146875 0.45078125 0.00625 0.00625
0 0.1734375 0.45546875 0.00625 0.009375
0 0.18046875 0.45703125 0.00625 0.00625
0 0.0171875 0.425 0.00625 0.009375
0 0.2765625 0.47578125 0.00625 0.00625
0 0.103125 0.4421875 0.00625 0.00625
0 0.26484375 0.4734375 0.00625 0.00625
0 0.65234375 0.55078125 0.00625 0.00625
0 0.21875 0.4671875 0.00625 0.00625
0 0.82578125 0.58515625 0.009375 0.00625
0 0.0875 0.44140625 0.00625 0.00625
0 0.31640625 0.4859375 0.00625 0.00625
0 0.7796875 0.57578125 0.00625 0.00625
0 0.09375 0.44296875 0.00625 0.00625
0 0.23671875 0.4703125 0.00625 0.00625
0 0.72734375 0.565625 0.00625 0.009375
0 0.2453125 0.47421875 0.00625 0.00625
0 0.58828125 0.54140625 0.00625 0.009375
0 0.63203125 0.54921875 0.0109375 0.0109375
0 0.6484375 0.55234375 0.00625 0.009375
0 0.25 0.475 0.00625 0.00625
0 0.7453125 0.571875 0.00625 0.009375
0 0.59296875 0.5421875 0.00625 0.00625
0 0.63671875 0.55078125 0.00625 0.009375
0 0.02734375 0.434375 0.0109375 0.0109375
0 0.9359375 0.6109375 0.00625 0.009375
0 0.115625 0.4515625 0.00625 0.00625
0 0.6203125 0.54921875 0.00625 0.00625
0 0.6515625 0.55546875 0.00625 0.00625
0 0.665625 0.55859375 0.00625 0.009375
0 0.8109375 0.5890625 0.00625 0.00625
0 0.6578125 0.559375 0.00625 0.00625
0 0.81484375 0.58984375 0.0078125 0.0140625
0 0.903125 0.60703125 0.0109375 0.0109375
0 0.60390625 0.5484375 0.00625 0.009375
0 0.6765625 0.56328125 0.00625 0.009375
0 0.00625 0.4328125 0.0078125 0.0140625
0 0.28515625 0.4890625 0.00625 0.00625
0 0.6625 0.5625 0.00625 0.00625
0 0.68046875 0.56640625 0.00625 0.009375
0 0.7234375 0.57421875 0.00625 0.00625
0 0.67109375 0.565625 0.00625 0.00625
0 0.7671875 0.584375 0.0109375 0.0109375
0 0.69609375 0.57109375 0.00625 0.009375
0 0.6421875 0.56015625 0.00625 0.00625
0 0.7984375 0.590625 0.0109375 0.0109375
0 0.84375 0.59921875 0.0109375 0.0109375
0 0.60703125 0.55546875 0.00625 0.00625
0 0.87109375 0.60703125 0.0109375 0.0109375
0 0.65234375 0.56484375 0.00625 0.00625
0 0.85234375 0.603125 0.00625 0.009375
0 0.1640625 0.46953125 0.00625 0.009375
0 0.7109375 0.578125 0.00625 0.00625
0 0.15 0.46953125 0.00625 0.009375
0 0.74765625 0.58515625 0.00625 0.009375
0 0.60625 0.56015625 0.00625 0.009375
0 0.7765625 0.59375 0.00625 0.009375
0 0.6359375 0.56640625 0.00625 0.00625
0 0.6265625 0.56640625 0.00625 0.00625
0 0.61953125 0.565625 0.00625 0.00625
0 0.63125 0.56796875 0.00625 0.00625
0 0.271875 0.49765625 0.00625 0.00625
0 0.5125 0.54453125 0.00625 0.00625
0 0.7796875 0.59921875 0.00625 0.00625
0 0.67578125 0.57890625 0.009375 0.00625
0 0.90703125 0.6234375 0.015625 0.0125
0 0.6421875 0.571875 0.00625 0.00625
0 0.70703125 0.58515625 0.00625 0.00625
0 0.64765625 0.57578125 0.00625 0.00625
0 0.72734375 0.59140625 0.0109375 0.0109375
0 0.8296875 0.6109375 0.0109375 0.0109375
0 0.66640625 0.57890625 0.0109375 0.0109375
0 0.25234375 0.49921875 0.00625 0.009375
0 0.17265625 0.4859375 0.00625 0.009375
0 0.95 0.63671875 0.0125 0.015625
0 0.71796875 0.59140625 0.00625 0.009375
0 0.8859375 0.6265625 0.0125 0.015625
0 0.9578125 0.640625 0.0109375 0.0109375
0 0.65390625 0.58125 0.0109375 0.0109375
0 0.69296875 0.5890625 0.00625 0.009375
0 0.815625 0.61328125 0.0125 0.015625
0 0.921875 0.6359375 0.0078125 0.0140625
0 0.93515625 0.6390625 0.0125 0.015625
0 0.63984375 0.58125 0.00625 0.00625
0 0.703125 0.59609375 0.0125 0.015625
0 0.78671875 0.6125 0.0125 0.015625
0 0.92734375 0.6421875 0.0125 0.015625
0 0.80234375 0.6203125 0.0109375 0.0109375
0 0.90390625 0.63984375 0.0171875 0.0171875
0 0.72890625 0.6078125 0.0125 0.015625
0 0.1953125 0.5046875 0.0171875 0.0171875
0 0.95078125 0.65390625 0.0109375 0.0109375
0 0.77109375 0.61875 0.0125 0.015625
0 0.83984375 0.63203125 0.0109375 0.0109375
0 0.75625 0.615625 0.0171875 0.0171875
0 0.821875 0.63125 0.0109375 0.0109375
0 0.8578125 0.63828125 0.0109375 0.0109375
0 0.7203125 0.6140625 0.0125 0.015625
0 0.925 0.65546875 0.0125 0.015625
0 0.875 0.64609375 0.0125 0.015625
0 0.89921875 0.653125 0.0125 0.015625
0 0.28515625 0.5359375 0.0109375 0.0109375
0 0.2578125 0.53359375 0.00625 0.00625
0 0.96875 0.671875 0.0078125 0.01875
0 0.24296875 0.53515625 0.0109375 0.0109375
0 0.29375 0.5546875 0.0109375 0.0109375
0 0.64609375 0.63203125 0.0125 0.015625
0 0.33515625 0.57109375 0.0125 0.015625
0 0.3125 0.5671875 0.0109375 0.0109375
0 0.003125 0.5109375 0.00625 0.0125
0 0.3703125 0.58515625 0.0109375 0.0109375
0 0.61796875 0.6359375 0.0125 0.015625
0 0.00859375 0.51953125 0.015625 0.0125
0 0.446875 0.60546875 0.00625 0.009375
0 0.04609375 0.53203125 0.0171875 0.0203125
0 0.475 0.615625 0.0109375 0.0109375
0 0.0640625 0.5375 0.0125 0.0203125
0 0.1078125 0.55078125 0.0171875 0.0171875
0 0.0953125 0.553125 0.0125 0.015625
0 0.0296875 0.540625 0.0171875 0.0171875
0 0.00390625 0.53671875 0.0078125 0.0171875
0 0.725 0.678125 0.0125 0.015625
0 0.5453125 0.64296875 0.0125 0.015625
0 0.8125 0.69765625 0.0171875 0.0171875
0 0.1375 0.56875 0.0171875 0.0203125
0 0.17109375 0.578125 0.0171875 0.0171875
0 0.06953125 0.5578125 0.0171875 0.0203125
0 0.265625 0.5984375 0.021875 0.021875
0 0.09765625 0.565625 0.0171875 0.0171875
0 0.01015625 0.55 0.0203125 0.021875
0 0.20078125 0.59296875 0.0203125 0.0171875
0 0.1125 0.578125 0.0171875 0.0203125
0 0.2140625 0.5984375 0.0125 0.0203125
0 0.03046875 0.5625 0.0125 0.0203125
0 0.08203125 0.575 0.0171875 0.0203125
0 0.17109375 0.5921875 0.015625 0.0125
0 0.78359375 0.71484375 0.0171875 0.0171875
0 0.00234375 0.5640625 0.0046875 0.021875
0 0.065625 0.578125 0.01875 0.025
0 0.2234375 0.6109375 0.0171875 0.0203125
0 0.15078125 0.596875 0.0171875 0.0203125
0 0.2921875 0.62421875 0.0171875 0.0171875
0 0.20234375 0.609375 0.01875 0.0296875
0 0.10703125 0.59296875 0.0125 0.0203125
0 0.36171875 0.64296875 0.0125 0.0203125
0 0.0953125 0.590625 0.01875 0.025
0 0.165625 0.60703125 0.021875 0.021875
0 0.3375 0.64296875 0.0171875 0.0171875
0 0.4015625 0.65546875 0.01875 0.025
0 0.36953125 0.6515625 0.021875 0.021875
0 0.18984375 0.61875 0.0234375 0.03125
0 0.434375 0.67109375 0.0171875 0.0171875
0 0.31953125 0.65078125 0.0171875 0.0171875
0 0.3421875 0.65546875 0.0203125 0.0171875
0 0.29453125 0.6484375 0.021875 0.021875
0 0.059375 0.6078125 0.021875 0.021875
0 0.6140625 0.715625 0.0296875 0.0359375
0 0.47265625 0.68828125 0.021875 0.021875
0 0.37421875 0.67109375 0.0234375 0.0265625
0 0.096875 0.621875 0.021875 0.021875
0 0.4078125 0.6828125 0.0203125 0.0171875
0 0.43515625 0.68828125 0.0171875 0.0203125
0 0.02109375 0.61015625 0.021875 0.021875
0 0.48984375 0.70078125 0.0234375 0.0265625
0 0.1109375 0.634375 0.025 0.034375
0 0.31640625 0.6765625 0.0234375 0.03125
0 0.1484375 0.646875 0.0234375 0.03125
0 0.40703125 0.69921875 0.0203125 0.0171875
0 0.5046875 0.71796875 0.0171875 0.0203125
0 0.3265625 0.68828125 0.01875 0.0296875
0 0.5359375 0.72890625 0.0171875 0.0203125
0 0.1828125 0.66171875 0.028125 0.0328125
0 0.64921875 0.75234375 0.01875 0.0296875
0 0.06171875 0.640625 0.0234375 0.03125
0 0.4453125 0.7203125 0.01875 0.0296875
0 0.3953125 0.71015625 0.0234375 0.0265625
0 0.68125 0.76875 0.021875 0.021875
0 0.5671875 0.74609375 0.0203125 0.0171875
0 0.2765625 0.6921875 0.0296875 0.040625
0 0.80078125 0.79375 0.028125 0.028125
0 0.2546875 0.6953125 0.028125 0.0328125
0 0.66640625 0.775 0.021875 0.021875
0 0.22734375 0.68984375 0.0234375 0.0265625
0 0.13125 0.6734375 0.025 0.034375
0 0.3625 0.71875 0.0234375 0.03125
0 0.50390625 0.74609375 0.0171875 0.0203125
0 0.52421875 0.75234375 0.0296875 0.040625
0 0.74375 0.79765625 0.0328125 0.028125
0 0.4671875 0.74375 0.0234375 0.03125
0 0.565625 0.76953125 0.025 0.034375
0 0.9328125 0.84609375 0.015625 0.0328125
0 0.428125 0.74765625 0.021875 0.021875
0 0.70546875 0.8015625 0.0359375 0.0453125
0 0.7953125 0.82421875 0.0296875 0.0359375
0 0.86796875 0.83828125 0.025 0.01875
0 0.215625 0.71640625 0.028125 0.0328125
0 0.3421875 0.740625 0.0296875 0.0359375
0 0.73515625 0.8171875 0.0328125 0.0328125
0 0.3078125 0.73671875 0.025 0.034375
0 0.5453125 0.78515625 0.0296875 0.0359375
0 0.25703125 0.73125 0.0296875 0.0359375
0 0.4921875 0.78203125 0.03125 0.05
0 0.18203125 0.72578125 0.0296875 0.040625
0 0.00546875 0.68828125 0.0109375 0.0359375
0 0.41796875 0.7734375 0.025 0.034375
0 0.87578125 0.8703125 0.0328125 0.0328125
0 0.76484375 0.85078125 0.0359375 0.0453125
0 0.5234375 0.80390625 0.0234375 0.03125
0 0.67265625 0.8375 0.0359375 0.0453125
0 0.37109375 0.7859375 0.034375 0.0375
0 0.1578125 0.746875 0.034375 0.0375
0 0.78515625 0.87421875 0.0296875 0.040625
0 0.82421875 0.88125 0.0296875 0.040625
0 0.44375 0.81484375 0.025 0.0390625
0 0.8515625 0.89609375 0.0390625 0.046875
0 0.2640625 0.78203125 0.0390625 0.046875
0 0.1 0.75234375 0.0453125 0.0515625
0 0.01953125 0.74140625 0.0390625 0.0421875
0 0.1875 0.78359375 0.0390625 0.046875
0 0.73046875 0.88984375 0.03125 0.0234375
0 0.55 0.875 0.04375 0.04375
0 0.80390625 0.9265625 0.0359375 0.0453125
0 0.73203125 0.9203125 0.0390625 0.046875
0 0.91328125 0.9578125 0.009375 0.028125
0 0.465625 0.8703125 0.0390625 0.0421875
0 0.89140625 0.9578125 0.034375 0.0375