0 0.44921875 0.22734375 0.00625 0.0140625
0 0.3484375 0.2203125 0.0046875 0.009375
0 0.2875 0.2203125 0.00625 0.0140625
0 0.31484375 0.22265625 0.00625 0.0140625
0 0.37734375 0.2265625 0.009375 0.009375
0 0.365625 0.22578125 0.0109375 0.0140625
0 0.51875 0.23671875 0.009375 0.009375
0 0.278125 0.21953125 0.0046875 0.0046875
0 0.35703125 0.225 0.0109375 0.0140625
0 0.33828125 0.2265625 0.0046875 0.009375
0 0.53203125 0.23984375 0.009375 0.009375
0 0.4328125 0.2328125 0.009375 0.009375
0 0.25234375 0.2203125 0.009375 0.009375
0 0.57109375 0.24296875 0.0046875 0.009375
0 0.26171875 0.2234375 0.009375 0.009375
0 0.24296875 0.221875 0.009375 0.0046875
0 0.30078125 0.22578125 0.00625 0.0140625
0 0.4625 0.2375 0.015625 0.0203125
0 0.596875 0.246875 0.0109375 0.0140625
0 0.44140625 0.23828125 0.0109375 0.0140625
0 0.515625 0.24375 0.0109375 0.0140625
0 0.4875 0.24375 0.015625 0.015625
0 0.5640625 0.24921875 0.0046875 0.0046875
0 0.32578125 0.2328125 0.0046875 0.009375
0 0.55625 0.25078125 0.009375 0.009375
0 0.34453125 0.2359375 0.0109375 0.0140625
0 0.40625 0.2453125 0.015625 0.025
0 0.2515625 0.234375 0.0046875 0.009375
0 0.21015625 0.23125 0.0109375 0.0140625
0 0.30234375 0.23828125 0.0109375 0.0140625
0 0.3609375 0.2421875 0.0046875 0.009375
0 0.61015625 0.26171875 0.0109375 0.0140625
0 0.28828125 0.24140625 0.0109375 0.01875
0 0.35078125 0.24609375 0.0109375 0.0140625
0 0.41796875 0.25078125 0.0109375 0.0140625
0 0.57265625 0.26171875 0.00625 0.0140625
0 0.18671875 0.23671875 0.015625 0.0203125
0 0.4546875 0.25546875 0.0109375 0.01875
0 0.696875 0.27265625 0.0109375 0.0140625
0 0.38046875 0.25078125 0.009375 0.009375
0 0.3203125 0.2484375 0.00625 0.0140625
0 0.625 0.26953125 0.009375 0.009375
0 0.23515625 0.2453125 0.0109375 0.0140625
0 0.3734375 0.2546875 0.00625 0.0140625
0 0.39140625 0.25859375 0.015625 0.025
0 0.64765625 0.2765625 0.0140625 0.0109375
0 0.71015625 0.28046875 0.015625 0.015625
0 0.675 0.28046875 0.0109375 0.01875
0 0.25 0.25078125 0.00625 0.0140625
0 0.59921875 0.275 0.015625 0.0203125
0 0.58515625 0.27421875 0.0109375 0.0234375
0 0.3359375 0.259375 0.0046875 0.0046875
0 0.27578125 0.25703125 0.00625 0.0140625
0 0.50625 0.2734375 0.015625 0.0203125
0 0.6546875 0.28359375 0.0109375 0.0140625
0 0.3546875 0.26484375 0.0109375 0.01875
0 0.23203125 0.25859375 0.0109375 0.01875
0 0.3625 0.26796875 0.0109375 0.0140625
0 0.44140625 0.2734375 0.015625 0.0203125
0 0.1484375 0.25546875 0.015625 0.0203125
0 0.7234375 0.2953125 0.0328125 0.025
0 0.1390625 0.2546875 0.015625 0.025
0 0.29140625 0.2671875 0.015625 0.015625
0 0.42265625 0.27578125 0.015625 0.0203125
0 0.771875 0.30078125 0.0203125 0.0296875
0 0.9859375 0.31796875 0.025 0.0328125
0 0.19609375 0.2625 0.0109375 0.01875
0 0.434375 0.27890625 0.00625 0.0140625
0 0.56328125 0.28828125 0.0203125 0.025
0 0.32109375 0.2734375 0.0203125 0.0328125
0 0.54296875 0.2890625 0.015625 0.025
0 0.6328125 0.2953125 0.015625 0.025
0 0.25390625 0.26875 0.0109375 0.0140625
0 0.75 0.30625 0.03125 0.0390625
0 0.5125 0.29140625 0.025 0.0296875
0 0.590625 0.296875 0.0203125 0.0203125
0 0.17890625 0.27109375 0.015625 0.025
0 0.0390625 0.2609375 0.015625 0.025
0 0.6625 0.3046875 0.0109375 0.01875
0 0.290625 0.27890625 0.015625 0.0203125
0 0.11484375 0.26640625 0.015625 0.025
0 0.5484375 0.29921875 0.015625 0.0203125
0 0.21640625 0.278125 0.015625 0.0203125
0 0.26015625 0.28359375 0.015625 0.0203125
0 0.065625 0.2703125 0.015625 0.025
0 0.5859375 0.30625 0.0203125 0.025
0 0.92890625 0.3328125 0.03125 0.04375
0 0.61484375 0.3109375 0.0203125 0.0328125
0 0.77734375 0.321875 0.015625 0.025
0 0.471875 0.303125 0.03125 0.0484375
0 0.43515625 0.30078125 0.0203125 0.0296875
0 0.35234375 0.296875 0.0203125 0.0296875
0 0.134375 0.28203125 0.015625 0.025
0 0.0328125 0.27734375 0.015625 0.0203125
0 0.6953125 0.3234375 0.03125 0.0484375
0 0.671875 0.32421875 0.015625 0.0203125
0 0.2953125 0.29765625 0.015625 0.0296875
0 0.02109375 0.27890625 0.0171875 0.0375
0 0.3625 0.3046875 0.0203125 0.0328125
0 0.19609375 0.2953125 0.025 0.0296875
0 0.390625 0.309375 0.015625 0.025
0 0.96328125 0.3515625 0.0359375 0.0484375
0 0.82421875 0.34140625 0.025 0.0296875
0 0.096875 0.29296875 0.040625 0.0484375
0 0.4453125 0.3203125 0.021875 0.0375
0 0.64140625 0.33359375 0.015625 0.0296875
0 0.31796875 0.31328125 0.03125 0.04375
0 0.2671875 0.31015625 0.015625 0.025
0 0.79765625 0.3515625 0.03125 0.0390625
0 0.7609375 0.3515625 0.0359375 0.0484375
0 0.21875 0.31328125 0.03125 0.04375
0 0.23671875 0.3171875 0.0359375 0.0484375
0 0.55546875 0.3390625 0.03125 0.04375
0 0.53515625 0.33828125 0.025 0.0296875
0 0.60546875 0.34765625 0.03125 0.0390625
0 0.3859375 0.334375 0.0203125 0.0296875
0 0.4140625 0.33828125 0.0453125 0.0671875
0 0.6609375 0.35546875 0.03125 0.0484375
0 0.7203125 0.37578125 0.0578125 0.096875
0 0.4796875 0.359375 0.040625 0.0484375
0 0.15703125 0.33671875 0.040625 0.0625
0 0.296875 0.3484375 0.040625 0.0578125
0 0.0515625 0.34296875 0.0609375 0.0921875
0 0.48828125 0.42734375 0.046875 0.071875
0 0.80078125 0.47265625 0.040625 0.0625
0 0.58984375 0.55234375 0.05625 0.0921875