0 0.82734375 0.56640625 0.0234375 0.03125
0 0.06796875 0.44609375 0.025 0.0390625
0 0.68046875 0.5453125 0.021875 0.021875
0 0.0828125 0.45546875 0.01875 0.0296875
0 0.2234375 0.48203125 0.0296875 0.0453125
0 0.37421875 0.50859375 0.0234375 0.03125
0 0.2625 0.490625 0.028125 0.0359375
0 0.74921875 0.56796875 0.0203125 0.0390625
0 0.321875 0.50234375 0.025 0.0390625
0 0.884375 0.59140625 0.0296875 0.0453125
0 0.59765625 0.54765625 0.0296875 0.0453125
0 0.7578125 0.5734375 0.0296875 0.0453125
0 0.09609375 0.47109375 0.028125 0.0359375
0 0.57890625 0.55 0.025 0.0390625
0 0.66953125 0.56875 0.025 0.0390625
0 0.965625 0.65390625 0.028125 0.03125
0 0.1203125 0.52890625 0.0359375 0.0546875
0 0.28359375 0.5640625 0.0296875 0.0484375
0 0.9640625 0.67421875 0.0234375 0.034375
0 0.3734375 0.58984375 0.040625 0.0640625
0 0.42109375 0.6 0.05 0.065625
0 0.7453125 0.65390625 0.0484375 0.0796875
0 0.16640625 0.5640625 0.0359375 0.0546875
0 0.82421875 0.67109375 0.0484375 0.0796875
0 0.45390625 0.62421875 0.0453125 0.0609375
0 0.209375 0.58515625 0.0234375 0.034375
0 0.5375 0.66328125 0.0375 0.0640625
0 0.95 0.7375 0.0421875 0.0921875
0 0.9984375 0.4015625 0.003125 0.009375
0 0.9828125 0.3984375 0.00625 0.009375
0 0.9140625 0.38984375 0.00625 0.009375
0 0.8953125 0.38671875 0.00625 0.009375
0 0.9375 0.3984375 0.00625 0.0140625
0 0.9703125 0.40390625 0.00625 0.0140625
0 0.9515625 0.40078125 0.00625 0.009375
0 0.86015625 0.3859375 0.0046875 0.0046875
0 0.9015625 0.39296875 0.0046875 0.0046875
0 0.9265625 0.396875 0.00625 0.009375
0 0.9171875 0.39765625 0.00625 0.009375
0 0.98359375 0.4078125 0.0046875 0.0046875
0 0.84609375 0.38671875 0.00625 0.009375
0 0.82109375 0.38203125 0.0046875 0.0046875
0 0.83203125 0.384375 0.00625 0.009375
0 0.834375 0.38671875 0.0046875 0.0046875
0 0.84140625 0.38828125 0.0046875 0.0046875
0 0.815625 0.38359375 0.0109375 0.015625
0 0.7890625 0.3796875 0.0046875 0.0046875
0 0.77265625 0.37734375 0.00625 0.009375
0 0.82734375 0.3859375 0.00625 0.009375
0 0.80625 0.3828125 0.00625 0.009375
0 0.76796875 0.3765625 0.00625 0.009375
0 0.7203125 0.36875 0.0046875 0.0046875
0 0.95703125 0.40859375 0.0125 0.0203125
0 0.79765625 0.38359375 0.00625 0.009375
0 0.7609375 0.37734375 0.0046875 0.0046875
0 0.77890625 0.38046875 0.00625 0.009375
0 0.59140625 0.35078125 0.00625 0.009375
0 0.90703125 0.40078125 0.00625 0.009375
0 0.71484375 0.37265625 0.0046875 0.0046875
0 0.88359375 0.39921875 0.00625 0.009375
0 0.79296875 0.38515625 0.00625 0.0140625
0 0.75078125 0.378125 0.00625 0.009375
0 0.9875 0.415625 0.00625 0.0140625
0 0.75546875 0.37890625 0.00625 0.009375
0 0.7765625 0.3828125 0.00625 0.009375
0 0.990625 0.41875 0.00625 0.0140625
0 0.709375 0.37421875 0.0109375 0.0109375
0 0.5953125 0.35625 0.0046875 0.0046875
0 0.73046875 0.37734375 0.0046875 0.0046875
0 0.63125 0.36328125 0.0109375 0.015625
0 0.68203125 0.37109375 0.0109375 0.015625
0 0.7 0.37421875 0.00625 0.009375
0 0.9953125 0.42109375 0.00625 0.0140625
0 0.58125 0.35546875 0.00625 0.009375
0 0.56953125 0.35390625 0.0046875 0.0046875
0 0.69765625 0.37421875 0.00625 0.0140625
0 0.73515625 0.3796875 0.00625 0.009375
0 0.86953125 0.40078125 0.01875 0.0296875
0 0.9421875 0.4125 0.0125 0.025
0 0.57890625 0.35546875 0.0046875 0.0046875
0 0.73984375 0.38046875 0.00625 0.009375
0 0.853125 0.40078125 0.00625 0.0140625
0 0.8625 0.40234375 0.00625 0.0140625
0 0.72734375 0.38125 0.00625 0.009375
0 0.91484375 0.4109375 0.0125 0.0203125
0 0.99921875 0.4234375 0.0015625 0.009375
0 0.60625 0.36171875 0.00625 0.0140625
0 0.15625 0.290625 0.00625 0.0140625
0 0.571875 0.35625 0.00625 0.009375
0 0.55390625 0.35390625 0.00625 0.009375
0 0.65 0.36875 0.00625 0.0140625
0 0.68828125 0.375 0.00625 0.009375
0 0.5578125 0.35625 0.00625 0.009375
0 0.61953125 0.36640625 0.0046875 0.0046875
0 0.66328125 0.3734375 0.0109375 0.0109375
0 0.52109375 0.35078125 0.00625 0.009375
0 0.59453125 0.3625 0.00625 0.009375
0 0.65390625 0.371875 0.00625 0.009375
0 0.76328125 0.3890625 0.00625 0.0140625
0 0.63984375 0.36953125 0.00625 0.0140625
0 0.88203125 0.4078125 0.0109375 0.015625
0 0.5875 0.3609375 0.00625 0.009375
0 0.6015625 0.36328125 0.00625 0.009375
0 0.61328125 0.365625 0.00625 0.009375
0 0.97890625 0.4234375 0.0171875 0.025
0 0.51171875 0.34921875 0.00625 0.009375
0 0.32890625 0.3203125 0.00625 0.009375
0 0.43671875 0.3375 0.00625 0.009375
0 0.459375 0.340625 0.00625 0.009375
0 0.734375 0.384375 0.00625 0.009375
0 0.4 0.33125 0.00625 0.009375
0 0.3640625 0.32578125 0.0046875 0.0046875
0 0.7796875 0.39140625 0.00625 0.0140625
0 0.8890625 0.4109375 0.00625 0.009375
0 0.16015625 0.29609375 0.00625 0.009375
0 0.184375 0.3 0.00625 0.009375
0 0.40234375 0.334375 0.00625 0.009375
0 0.440625 0.340625 0.00625 0.009375
0 0.4734375 0.3453125 0.00625 0.009375
0 0.50703125 0.35078125 0.00625 0.009375
0 0.16640625 0.296875 0.00625 0.009375
0 0.1828125 0.29921875 0.00625 0.009375
0 0.49296875 0.3484375 0.00625 0.009375
0 0.6078125 0.3671875 0.00625 0.009375
0 0.71328125 0.38359375 0.00625 0.0140625
0 0.39296875 0.3328125 0.00625 0.009375
0 0.5 0.35 0.00625 0.009375
0 0.9296875 0.41796875 0.0109375 0.015625
0 0.58984375 0.3640625 0.00625 0.009375
0 0.70390625 0.38203125 0.00625 0.009375
0 0.33359375 0.3234375 0.00625 0.009375
0 0.3515625 0.3265625 0.00625 0.009375
0 0.54609375 0.35703125 0.00625 0.009375
0 0.72421875 0.3875 0.00625 0.009375
0 0.1890625 0.303125 0.00625 0.009375
0 0.08359375 0.2859375 0.0109375 0.015625
0 0.3421875 0.32734375 0.00625 0.009375
0 0.4515625 0.34453125 0.00625 0.009375
0 0.08125 0.2859375 0.00625 0.009375
0 0.19375 0.30390625 0.00625 0.009375
0 0.3078125 0.321875 0.00625 0.009375
0 0.06796875 0.28359375 0.0125 0.0203125
0 0.75625 0.39296875 0.00625 0.0140625
0 0.57734375 0.3640625 0.00625 0.009375
0 0.19765625 0.30390625 0.00625 0.009375
0 0.2140625 0.30703125 0.00625 0.009375
0 0.6234375 0.371875 0.00625 0.009375
0 0.76953125 0.39453125 0.00625 0.009375
0 0.0953125 0.28828125 0.00625 0.009375
0 0.840625 0.40625 0.0171875 0.025
0 0.31875 0.32578125 0.00625 0.009375
0 0.8265625 0.40625 0.009375 0.00625
0 0.8953125 0.4171875 0.0125 0.0203125
0 0.20234375 0.30703125 0.0046875 0.0046875
0 0.1015625 0.29140625 0.0046875 0.0046875
0 0.20703125 0.3078125 0.0046875 0.0046875
0 0.38984375 0.33671875 0.0046875 0.0046875
0 0.07421875 0.28671875 0.00625 0.0140625
0 0.54296875 0.3609375 0.0046875 0.0046875
0 0.03984375 0.28125 0.0109375 0.015625
0 0.4703125 0.35 0.0046875 0.0046875
0 0.95625 0.42890625 0.0109375 0.015625
0 0.225 0.31328125 0.00625 0.009375
0 0.2546875 0.31796875 0.00625 0.0140625
0 0.80078125 0.4046875 0.0171875 0.025
0 0.965625 0.43046875 0.0109375 0.015625
0 0.2203125 0.3125 0.00625 0.009375
0 0.4421875 0.34765625 0.00625 0.009375
0 0.67734375 0.38515625 0.0109375 0.015625
0 0.21796875 0.3125 0.00625 0.009375
0 0.5359375 0.36484375 0.00625 0.009375
0 0.1078125 0.296875 0.00625 0.009375
0 0.76171875 0.40078125 0.00625 0.009375
0 0.10390625 0.29609375 0.00625 0.009375
0 0.5671875 0.36953125 0.00625 0.0140625
0 0.1234375 0.29921875 0.00625 0.009375
0 0.809375 0.40859375 0.01875 0.0296875
0 0.640625 0.38125 0.0109375 0.015625
0 0.7734375 0.40234375 0.00625 0.009375
0 0.25859375 0.32109375 0.00625 0.009375
0 0.88984375 0.4234375 0.00625 0.0140625
0 0.3359375 0.3359375 0.00625 0.009375
0 0.734375 0.3984375 0.0109375 0.015625
0 0.42578125 0.35 0.00625 0.0140625
0 0.26953125 0.325 0.00625 0.009375
0 0.553125 0.3703125 0.0046875 0.0046875
0 0.15546875 0.30703125 0.00625 0.009375
0 0.246875 0.32109375 0.00625 0.009375
0 0.315625 0.33203125 0.00625 0.009375
0 0.6609375 0.38671875 0.0109375 0.015625
0 0.86015625 0.41875 0.0125 0.0203125
0 0.19921875 0.3140625 0.00625 0.009375
0 0.6953125 0.3921875 0.0109375 0.015625
0 0.98984375 0.4390625 0.0109375 0.015625
0 0.0484375 0.28984375 0.00625 0.009375
0 0.52578125 0.365625 0.0171875 0.0203125
0 0.559375 0.3734375 0.00625 0.0140625
0 0.79140625 0.41015625 0.0171875 0.025
0 0.6015625 0.3796875 0.00625 0.0140625
0 0.73984375 0.40234375 0.0125 0.0203125
0 0.99609375 0.4421875 0.00625 0.009375
0 0.19375 0.315625 0.00625 0.009375
0 0.34296875 0.3390625 0.00625 0.009375
0 0.321875 0.3359375 0.00625 0.009375
0 0.4796875 0.36328125 0.0109375 0.0109375
0 0.653125 0.390625 0.0125 0.0203125
0 0.51640625 0.36875 0.0109375 0.015625
0 0.2328125 0.32421875 0.0046875 0.0046875
0 0.24375 0.32578125 0.0046875 0.0046875
0 0.29921875 0.334375 0.00625 0.0140625
0 0.45 0.35859375 0.00625 0.0140625
0 0.6671875 0.39296875 0.0109375 0.015625
0 0.3609375 0.34453125 0.0046875 0.0046875
0 0.43828125 0.35625 0.0046875 0.0046875
0 0.76953125 0.409375 0.0109375 0.015625
0 0.7609375 0.4078125 0.00625 0.009375
0 0.7265625 0.4046875 0.0171875 0.025
0 0.2046875 0.321875 0.00625 0.0140625
0 0.29453125 0.3359375 0.00625 0.0140625
0 0.69140625 0.39921875 0.00625 0.0140625
0 0.21875 0.32421875 0.00625 0.009375
0 0.45625 0.36171875 0.00625 0.009375
0 0.58671875 0.38203125 0.00625 0.009375
0 0.61015625 0.3859375 0.0109375 0.015625
0 0.615625 0.38671875 0.0109375 0.015625
0 0.7078125 0.4015625 0.0234375 0.03125
0 0.96171875 0.4421875 0.0125 0.0203125
0 0.1796875 0.31796875 0.00625 0.0140625
0 0.4609375 0.3625 0.0109375 0.015625
0 0.50859375 0.3703125 0.0109375 0.015625
0 0.496875 0.36796875 0.0109375 0.015625
0 0.40546875 0.35625 0.00625 0.009375
0 0.41015625 0.35703125 0.00625 0.009375
0 0.5515625 0.37890625 0.00625 0.0140625
0 0.684375 0.4 0.00625 0.0140625
0 0.4921875 0.36953125 0.0171875 0.025
0 0.3734375 0.35078125 0.00625 0.009375
0 0.13359375 0.31328125 0.00625 0.009375
0 0.471875 0.36640625 0.0109375 0.015625
0 0.62265625 0.390625 0.00625 0.009375
0 0.16796875 0.31875 0.00625 0.009375
0 0.3046875 0.33984375 0.00625 0.009375
0 0.4171875 0.3578125 0.00625 0.009375
0 0.62734375 0.39140625 0.00625 0.0140625
0 0.225 0.32734375 0.00625 0.0140625
0 0.54765625 0.37890625 0.0125 0.0203125
0 0.2515625 0.334375 0.00625 0.009375
0 0.42421875 0.36171875 0.00625 0.0140625
0 0.53359375 0.37890625 0.0125 0.025
0 0.54296875 0.38046875 0.0078125 0.01875
0 0.58125 0.3859375 0.0109375 0.015625
0 0.2796875 0.33828125 0.00625 0.009375
0 0.39375 0.35625 0.00625 0.009375
0 0.50078125 0.3734375 0.0109375 0.015625
0 0.3203125 0.3453125 0.00625 0.009375
0 0.18984375 0.32421875 0.0046875 0.0046875
0 0.2390625 0.33203125 0.00625 0.009375
0 0.41171875 0.36171875 0.00625 0.009375
0 0.31328125 0.34609375 0.00625 0.009375
0 0.3890625 0.3578125 0.00625 0.0140625
0 0.81875 0.4265625 0.01875 0.0296875
0 0.34765625 0.3515625 0.0109375 0.015625
0 0.37734375 0.35625 0.00625 0.009375
0 0.171875 0.32421875 0.0125 0.025
0 0.4390625 0.36640625 0.00625 0.0140625
0 0.8484375 0.43125 0.0171875 0.025
0 0.24453125 0.33515625 0.00625 0.009375
0 0.25625 0.3375 0.00625 0.009375
0 0.4296875 0.3671875 0.0109375 0.015625
0 0.4453125 0.36953125 0.00625 0.0140625
0 0.56171875 0.38828125 0.0078125 0.01875
0 0.2125 0.3328125 0.00625 0.0140625
0 0.27421875 0.3421875 0.00625 0.009375
0 0.03671875 0.3046875 0.0109375 0.0109375
0 0.1984375 0.33046875 0.00625 0.009375
0 0.46640625 0.37265625 0.0171875 0.0203125
0 0.596875 0.39375 0.0125 0.0203125
0 0.20546875 0.33125 0.00625 0.009375
0 0.3 0.34609375 0.00625 0.009375
0 0.74921875 0.41796875 0.0171875 0.025
0 0.1484375 0.32265625 0.00625 0.009375
0 0.125 0.32109375 0.0109375 0.015625
0 0.38359375 0.36171875 0.00625 0.009375
0 0.28515625 0.346875 0.0046875 0.0046875
0 0.99609375 0.45859375 0.0078125 0.0109375
0 0.23046875 0.33828125 0.00625 0.0140625
0 0.13828125 0.32578125 0.0125 0.0203125
0 0.25 0.34375 0.00625 0.009375
0 0.3328125 0.35625 0.0109375 0.015625
0 0.09296875 0.31875 0.0109375 0.0109375
0 0.28984375 0.35 0.00625 0.0140625
0 0.11640625 0.321875 0.0109375 0.015625
0 0.15703125 0.32890625 0.00625 0.0140625
0 0.32578125 0.35546875 0.0078125 0.01875
0 0.39453125 0.36640625 0.0109375 0.0109375
0 0.4015625 0.3671875 0.0078125 0.01875
0 0.4171875 0.371875 0.0171875 0.0203125
0 0.57265625 0.396875 0.0171875 0.0203125
0 0.04921875 0.3140625 0.00625 0.009375
0 0.10390625 0.32265625 0.0109375 0.0109375
0 0.071875 0.3171875 0.0109375 0.0109375
0 0.22265625 0.34140625 0.00625 0.0140625
0 0.2390625 0.34375 0.00625 0.0140625
0 0.76171875 0.42890625 0.01875 0.0296875
0 0.18125 0.3375 0.00625 0.009375
0 0.1875 0.33828125 0.0078125 0.01875
0 0.0421875 0.31484375 0.0109375 0.015625
0 0.4125 0.3734375 0.00625 0.0140625
0 0.21328125 0.3421875 0.00625 0.0140625
0 0.35546875 0.36484375 0.0125 0.025
0 0.0578125 0.31796875 0.0109375 0.0109375
0 0.19453125 0.3390625 0.00625 0.0140625
0 0.42734375 0.37890625 0.0109375 0.015625
0 0.4828125 0.3875 0.0171875 0.0203125
0 0.48671875 0.38828125 0.0125 0.025
0 0.45078125 0.38203125 0.0171875 0.0203125
0 0.146875 0.334375 0.00625 0.0140625
0 0.0390625 0.3171875 0.00625 0.009375
0 0.40546875 0.375 0.0109375 0.015625
0 0.33828125 0.3671875 0.0125 0.0203125
0 0.36328125 0.37109375 0.00625 0.0140625
0 0.37265625 0.371875 0.0171875 0.025
0 0.25546875 0.35625 0.0109375 0.015625
0 0.54609375 0.40234375 0.0171875 0.025
0 0.5 0.39453125 0.0171875 0.0203125
0 0.0296875 0.3203125 0.0109375 0.0109375
0 0.08359375 0.33125 0.0125 0.0203125
0 0.42890625 0.3859375 0.0171875 0.0203125
0 0.0609375 0.32734375 0.0109375 0.015625
0 0.11796875 0.33671875 0.0125 0.0203125
0 0.15234375 0.3421875 0.0171875 0.025
0 0.13125 0.3390625 0.0171875 0.0203125
0 0.2734375 0.3609375 0.0125 0.0203125
0 0.10390625 0.3390625 0.0125 0.0203125
0 0.07578125 0.33515625 0.0125 0.0203125
0 0.31171875 0.371875 0.0171875 0.0203125
0 0.30390625 0.3734375 0.0125 0.025
0 0.2953125 0.37578125 0.01875 0.0296875
0 0.9875 0.48515625 0.0125 0.0203125
0 0.99609375 0.4921875 0.0078125 0.015625
0 0.38984375 0.3953125 0.021875 0.0265625
0 0.05078125 0.34453125 0.0109375 0.015625
0 0.64921875 0.46015625 0.0109375 0.0109375
0 0.89765625 0.5046875 0.0171875 0.025
0 0.60703125 0.4609375 0.0125 0.0203125
0 0.615625 0.4625 0.0109375 0.015625
0 0.65 0.47265625 0.0109375 0.0109375
0 0.87578125 0.5078125 0.0171875 0.025
0 0.58828125 0.4625 0.0125 0.0203125
0 0.21015625 0.40546875 0.0171875 0.0203125
0 0.24921875 0.4109375 0.0109375 0.015625
0 0.671875 0.48046875 0.0109375 0.0109375
0 0.63515625 0.475 0.0125 0.025
0 0.88671875 0.5171875 0.0171875 0.025
0 0.578125 0.46796875 0.0171875 0.025
0 0.6421875 0.478125 0.0125 0.0203125
0 0.65078125 0.484375 0.0171875 0.0203125
0 0.7125 0.49375 0.0171875 0.025
0 0.309375 0.43046875 0.0109375 0.015625
0 0.1921875 0.4140625 0.0109375 0.015625
0 0.0234375 0.3875 0.0109375 0.015625
0 0.31796875 0.434375 0.0109375 0.0109375
0 0.6671875 0.49140625 0.0171875 0.0203125
0 0.9875 0.5421875 0.01875 0.034375
0 0.24453125 0.42734375 0.0125 0.0203125
0 0.21484375 0.42265625 0.0109375 0.015625
0 0.03671875 0.39609375 0.0171875 0.0203125
0 0.646875 0.4921875 0.0125 0.025
0 0.62109375 0.48828125 0.0171875 0.025
0 0.0265625 0.396875 0.0171875 0.0203125
0 0.2578125 0.4328125 0.0125 0.0203125
0 0.18203125 0.42109375 0.0078125 0.0234375
0 0.2359375 0.43203125 0.0125 0.0203125
0 0.4921875 0.47265625 0.0171875 0.025
0 0.18828125 0.4265625 0.0171875 0.0203125
0 0.54453125 0.48359375 0.021875 0.0265625
0 0.9546875 0.5484375 0.028125 0.0359375
0 0.1515625 0.4234375 0.0171875 0.025
0 0.38203125 0.46015625 0.0109375 0.0109375
0 0.221875 0.43671875 0.0125 0.0203125
0 0.30625 0.45 0.0125 0.025
0 0.20390625 0.434375 0.0171875 0.025
0 0.7796875 0.52734375 0.0203125 0.0125
0 0.228125 0.440625 0.0078125 0.01875
0 0.2484375 0.44375 0.0125 0.025
0 0.825 0.53515625 0.021875 0.0265625
0 0.40625 0.47109375 0.0234375 0.034375
0 0.3140625 0.45859375 0.0171875 0.025
0 0.5015625 0.490625 0.0234375 0.03125
0 0.5328125 0.49609375 0.0078125 0.0234375
0 0.46953125 0.4859375 0.0171875 0.025
0 0.44921875 0.4828125 0.0171875 0.025
0 0.45625 0.48359375 0.0171875 0.0203125
0 0.8078125 0.5390625 0.0234375 0.034375
0 0.2515625 0.45390625 0.0125 0.025
0 0.75703125 0.53359375 0.0234375 0.03125
0 0.4203125 0.4828125 0.0171875 0.025
0 0.61015625 0.5125 0.0234375 0.03125
0 0.4625 0.4890625 0.01875 0.0296875
0 0.2375 0.45625 0.0171875 0.025
0 0.48359375 0.49765625 0.0234375 0.03125
0 0.41015625 0.48828125 0.0171875 0.0203125
0 0.915625 0.56796875 0.025 0.04375
0 0.54296875 0.509375 0.025 0.0390625
0 0.1953125 0.45390625 0.0234375 0.03125
0 0.38046875 0.48359375 0.028125 0.03125
0 0.77578125 0.55078125 0.025 0.0390625