0 0.9328125 0.77578125 0.134375 0.2640625
0 0.915625 0.19609375 0.0234375 0.0265625
0 0.76484375 0.2328125 0.0171875 0.021875
0 0.89453125 0.20546875 0.0234375 0.0265625
0 0.665625 0.26328125 0.0171875 0.021875
0 0.83359375 0.23046875 0.021875 0.021875
0 0.8765625 0.2234375 0.0125 0.015625
0 0.5234375 0.2984375 0.00625 0.009375
0 0.64140625 0.27578125 0.0171875 0.021875
0 0.6796875 0.26796875 0.0125 0.015625
0 0.8609375 0.22890625 0.0171875 0.0171875
0 0.60546875 0.28359375 0.0171875 0.0171875
0 0.5171875 0.3046875 0.0109375 0.0109375
0 0.3328125 0.3484375 0.015625 0.0125
0 0.56171875 0.3 0.0171875 0.021875
0 0.58203125 0.2953125 0.01875 0.0265625
0 0.37578125 0.3421875 0.0171875 0.021875
0 0.4265625 0.33125 0.0171875 0.0171875
0 0.4609375 0.3265625 0.028125 0.0328125
0 0.67421875 0.28359375 0.0171875 0.0171875
0 0.34140625 0.35390625 0.0171875 0.0171875
0 0.35703125 0.35078125 0.0171875 0.021875
0 0.146875 0.39765625 0.0109375 0.0109375
0 0.13984375 0.39921875 0.0125 0.015625
0 0.12890625 0.40390625 0.00625 0.009375
0 0.5140625 0.321875 0.0125 0.0203125
0 0.6859375 0.28515625 0.0171875 0.0171875
0 0.28125 0.371875 0.0171875 0.0171875
0 0.53671875 0.3171875 0.0171875 0.0171875
0 0.290625 0.371875 0.0171875 0.0171875
0 0.76796875 0.2703125 0.0171875 0.0171875
0 0.81171875 0.26328125 0.021875 0.021875
0 0.65078125 0.29765625 0.0171875 0.021875
0 0.16015625 0.4046875 0.0125 0.015625
0 0.8625 0.25546875 0.040625 0.046875
0 0.60625 0.309375 0.0328125 0.028125
0 0.8875 0.25234375 0.0296875 0.0359375
0 0.246875 0.38828125 0.0171875 0.021875
0 0.43671875 0.3484375 0.0125 0.015625
0 0.57734375 0.31796875 0.0234375 0.03125
0 0.2 0.403125 0.0171875 0.0171875
0 0.446875 0.35078125 0.0171875 0.0171875
0 0.0796875 0.42890625 0.0125 0.015625
0 0.38828125 0.36484375 0.0171875 0.021875
0 0.7625 0.2875 0.01875 0.0265625
0 0.071875 0.434375 0.0109375 0.0109375
0 0.71484375 0.29765625 0.0234375 0.0265625
0 0.30546875 0.38515625 0.0109375 0.0109375
0 0.01953125 0.4453125 0.0109375 0.0109375
0 0.746875 0.29375 0.0359375 0.046875
0 0.65 0.3140625 0.01875 0.0265625
0 0.096875 0.43125 0.0109375 0.0109375
0 0.271875 0.39453125 0.0171875 0.021875
0 0.8421875 0.2734375 0.0421875 0.05625
0 0.1671875 0.41640625 0.0125 0.015625
0 0.125 0.428125 0.0109375 0.0109375
0 0.34453125 0.38125 0.0171875 0.021875
0 0.78203125 0.28828125 0.0296875 0.0359375
0 0.23828125 0.40390625 0.01875 0.0265625
0 0.68671875 0.3109375 0.021875 0.021875
0 0.1328125 0.42890625 0.0125 0.015625
0 0.51015625 0.3484375 0.034375 0.0421875
0 0.45390625 0.3625 0.01875 0.0265625
0 0.41796875 0.3703125 0.028125 0.028125
0 0.6234375 0.3265625 0.01875 0.0265625
0 0.2890625 0.39765625 0.028125 0.0328125
0 0.359375 0.3828125 0.0171875 0.021875
0 0.2171875 0.415625 0.0171875 0.0171875
0 0.05703125 0.45234375 0.021875 0.021875
0 0.16328125 0.4296875 0.0171875 0.0171875
0 0.32578125 0.39453125 0.028125 0.028125
0 0.146875 0.4328125 0.0171875 0.021875
0 0.11875 0.44140625 0.0171875 0.021875
0 0.5609375 0.35 0.0359375 0.046875
0 0.4359375 0.3765625 0.0234375 0.03125
0 0.178125 0.43125 0.0171875 0.0171875
0 0.0359375 0.46640625 0.021875 0.021875
0 0.12890625 0.44609375 0.0171875 0.0171875
0 0.196875 0.43203125 0.0234375 0.0265625
0 0.08359375 0.45625 0.01875 0.0265625
0 0.10703125 0.453125 0.0171875 0.021875
0 0.25390625 0.421875 0.0234375 0.0265625
0 0.0046875 0.478125 0.009375 0.021875
0 0.02109375 0.4765625 0.0171875 0.021875
0 0.66015625 0.340625 0.0171875 0.0171875
0 0.6109375 0.353125 0.0375 0.05625
0 0.378125 0.40546875 0.0234375 0.03125
0 0.1453125 0.45703125 0.025 0.0359375
0 0.175 0.453125 0.01875 0.0265625
0 0.046875 0.4828125 0.01875 0.0265625
0 0.1015625 0.4734375 0.0234375 0.03125
0 0.11953125 0.46953125 0.01875 0.0265625
0 0.2234375 0.44765625 0.028125 0.028125
0 0.5546875 0.37734375 0.053125 0.0671875
0 0.2125 0.45234375 0.0171875 0.021875
0 0.74140625 0.3421875 0.0515625 0.0578125
0 0.453125 0.40390625 0.034375 0.0375
0 0.64765625 0.3625 0.040625 0.0515625
0 0.35859375 0.42421875 0.03125 0.0453125
0 0.1640625 0.46796875 0.0234375 0.0265625
0 0.43046875 0.415625 0.0515625 0.0625
0 0.14140625 0.4796875 0.034375 0.0421875
0 0.03671875 0.5015625 0.0234375 0.0265625
0 0.01328125 0.50859375 0.0265625 0.0421875
0 0.08671875 0.4953125 0.0296875 0.0359375
0 0.3140625 0.44921875 0.0296875 0.0359375
0 0.3453125 0.4421875 0.05 0.0703125
0 0.20390625 0.475 0.0234375 0.0265625
0 0.24765625 0.4703125 0.040625 0.046875
0 0.471875 0.425 0.034375 0.0421875
0 0.93046875 0.3328125 0.0859375 0.1171875
0 0.11328125 0.50625 0.028125 0.028125
0 0.52265625 0.41953125 0.05625 0.08125
0 0.70859375 0.3796875 0.0515625 0.0625
0 0.80234375 0.36484375 0.065625 0.0828125
0 0.178125 0.5 0.0421875 0.05625
0 0.10390625 0.5203125 0.021875 0.021875
0 0.09296875 0.52265625 0.03125 0.040625
0 0.06875 0.53046875 0.046875 0.0625
0 0.40078125 0.459375 0.065625 0.0828125
0 0.21640625 0.515625 0.040625 0.0515625
0 0.165625 0.53125 0.040625 0.0515625
0 0.13984375 0.54140625 0.0421875 0.0609375
0 0.65390625 0.4359375 0.06875 0.0796875
0 0.515625 0.484375 0.065625 0.0828125
0 0.25390625 0.5546875 0.046875 0.0578125
0 0.30703125 0.5734375 0.08125 0.0953125
0 0.696875 0.534375 0.0796875 0.1078125
0 0.059375 0.67578125 0.0890625 0.140625
0 0.54453125 0.596875 0.0953125 0.1234375
0 0.3203125 0.7015625 0.096875 0.128125
0 0.2078125 0.8828125 0.20625 0.234375