0 0.53984375 0.01328125 0.0203125 0.0265625
0 0.58359375 0.1265625 0.0390625 0.05625
0 0.76953125 0.13203125 0.0390625 0.05625
0 0.7328125 0.13515625 0.0390625 0.0609375
0 0.85546875 0.146875 0.04375 0.0515625
0 0.2078125 0.0265625 0.0328125 0.0328125
0 0.8671875 0.01171875 0.0375 0.0234375
0 0.21796875 0.1921875 0.0296875 0.05625
0 0.93125 0.16953125 0.034375 0.0515625
0 0.3609375 0.0234375 0.0421875 0.0375
0 0.68125 0.18828125 0.0390625 0.0515625
0 0.734375 0.1859375 0.04375 0.0515625
0 0.55 0.21171875 0.0390625 0.0609375
0 0.9421875 0.21796875 0.0390625 0.05625
0 0.92890625 0.01640625 0.0296875 0.0328125
0 0.7421875 0.0203125 0.04375 0.040625
0 0.22734375 0.25703125 0.0390625 0.05625
0 0.60390625 0.0234375 0.0390625 0.046875
0 0.68203125 0.021875 0.0390625 0.04375
0 0.13515625 0.2671875 0.0484375 0.053125
0 0.02421875 0.278125 0.0390625 0.0515625
0 0.5109375 0.2703125 0.0296875 0.0421875
0 0.38359375 0.275 0.0390625 0.05625
0 0.434375 0.2734375 0.0484375 0.0671875
0 0.29765625 0.2828125 0.0296875 0.05625
0 0.80703125 0.2671875 0.0390625 0.05625
0 0.8671875 0.26875 0.0390625 0.046875
0 0.7421875 0.278125 0.04375 0.05625
0 0.28203125 0.0375 0.0328125 0.0421875
0 0.54453125 0.3203125 0.0390625 0.075
0 0.42578125 0.034375 0.034375 0.0609375
0 0.63046875 0.3265625 0.0390625 0.0515625
0 0.5828125 0.3375 0.0390625 0.065625
0 0.81171875 0.33203125 0.034375 0.065625
0 0.746875 0.3359375 0.0390625 0.0515625
0 0.36484375 0.35625 0.034375 0.05625
0 0.1734375 0.36484375 0.04375 0.0609375
0 0.43828125 0.3796875 0.0296875 0.0515625
0 0.8390625 0.375 0.0390625 0.05625
0 0.20390625 0.0515625 0.0390625 0.05625
0 0.19609375 0.41640625 0.04375 0.0703125
0 0.5734375 0.40703125 0.034375 0.0609375
0 0.596875 0.425 0.04375 0.0703125
0 0.259375 0.44140625 0.04375 0.0515625
0 0.634375 0.43046875 0.0390625 0.05625
0 0.77578125 0.428125 0.04375 0.0609375
0 0.05078125 0.49921875 0.053125 0.071875
0 0.58125 0.4875 0.04375 0.05625
0 0.74921875 0.484375 0.04375 0.0703125
0 0.27109375 0.50546875 0.034375 0.065625
0 0.38671875 0.50390625 0.0390625 0.0609375
0 0.6625 0.50859375 0.0390625 0.065625
0 0.2828125 0.0578125 0.034375 0.0515625
0 0.484375 0.53125 0.04375 0.065625
0 0.1703125 0.5421875 0.04375 0.0609375
0 0.5421875 0.05390625 0.0296875 0.05625
0 0.52734375 0.60078125 0.0390625 0.0515625
0 0.328125 0.6171875 0.04375 0.065625
0 0.415625 0.61875 0.053125 0.0765625
0 0.7515625 0.6140625 0.034375 0.05625
0 0.6265625 0.6203125 0.0390625 0.0609375
0 0.8421875 0.615625 0.034375 0.065625
0 0.215625 0.64453125 0.04375 0.065625
0 0.1296875 0.64765625 0.04375 0.0609375
0 0.89453125 0.64140625 0.04375 0.065625
0 0.5375 0.6578125 0.04375 0.05625
0 0.65859375 0.65390625 0.053125 0.0671875
0 0.265625 0.69375 0.034375 0.05625
0 0.17109375 0.70859375 0.04375 0.05625
0 0.40078125 0.71015625 0.0390625 0.065625
0 0.73515625 0.065625 0.034375 0.065625
0 0.41796875 0.0765625 0.0296875 0.065625
0 0.3578125 0.08125 0.0390625 0.046875
0 0.48046875 0.07734375 0.0390625 0.05625
0 0.04140625 0.7828125 0.0390625 0.0609375
0 0.77578125 0.775 0.0390625 0.065625
0 0.6703125 0.075 0.0390625 0.065625
0 0.61953125 0.07890625 0.0390625 0.0515625
0 0.95703125 0.071875 0.034375 0.046875
0 0.8140625 0.00625 0.025 0.0125
0 0.80546875 0.090625 0.034375 0.0515625
0 0.44296875 0.11015625 0.0390625 0.05625
0 0.6375 0.10859375 0.034375 0.0515625
0 0.90078125 0.10390625 0.034375 0.0515625
0 0.9703125 0.1015625 0.034375 0.05625
0 0.2875 0.13203125 0.0296875 0.0515625