0 0.86875 0.29296875 0.0421875 0.0296875
0 0.92734375 0.3390625 0.046875 0.04375
0 0.82265625 0.33984375 0.0421875 0.025
0 0.98515625 0.34765625 0.0296875 0.0296875
0 0.88046875 0.34921875 0.0515625 0.034375
0 0.74375 0.346875 0.025 0.0296875
0 0.66953125 0.34609375 0.0328125 0.025
0 0.76953125 0.35390625 0.0375 0.0375
0 0.56328125 0.34921875 0.0421875 0.0328125
0 0.61171875 0.35078125 0.025 0.0328125
0 0.12578125 0.34296875 0.0515625 0.025
0 0.6734375 0.3671875 0.0296875 0.0328125
0 0.6296875 0.365625 0.0375 0.0421875
0 0.715625 0.36875 0.0375 0.0328125
0 0.0328125 0.34921875 0.046875 0.04375
0 0.48828125 0.36484375 0.025 0.0328125
0 0.365625 0.36328125 0.0328125 0.025
0 0.16015625 0.35625 0.0375 0.025
0 0.99453125 0.38515625 0.0109375 0.0328125
0 0.32890625 0.36640625 0.0375 0.0328125
0 0.26875 0.36484375 0.0375 0.0296875
0 0.196875 0.36171875 0.0421875 0.0296875
0 0.50625 0.37734375 0.0296875 0.0328125
0 0.28828125 0.37421875 0.0296875 0.025
0 0.1546875 0.371875 0.028125 0.0203125
0 0.56171875 0.3890625 0.0375 0.0328125
0 0.246875 0.38046875 0.0421875 0.0375
0 0.1125 0.37578125 0.0421875 0.0328125
0 0.1453125 0.390625 0.0328125 0.025
0 0.190625 0.39609375 0.046875 0.0296875
0 0.31875 0.46328125 0.0515625 0.0296875
0 0.71328125 0.4984375 0.046875 0.0390625
0 0.77734375 0.52578125 0.0421875 0.0328125
0 0.0140625 0.50078125 0.028125 0.0421875
0 0.12421875 0.5125 0.046875 0.034375
0 0.2078125 0.5203125 0.046875 0.034375
0 0.03359375 0.5140625 0.0421875 0.025
0 0.28359375 0.6515625 0.178125 0.084375