0 0.73828125 0.5953125 0.021875 0.021875
0 0.303125 0.68671875 0.0171875 0.0203125
0 0.5640625 0.63671875 0.0234375 0.03125
0 0.6640625 0.6171875 0.0234375 0.0265625
0 0.259375 0.6953125 0.0171875 0.0203125
0 0.48515625 0.6515625 0.0171875 0.0203125
0 0.49765625 0.64921875 0.01875 0.025
0 0.5796875 0.63359375 0.01875 0.0296875
0 0.75078125 0.60234375 0.0171875 0.0171875
0 0.3265625 0.6875 0.028125 0.0328125
0 0.47265625 0.66171875 0.0171875 0.0203125
0 0.275 0.70234375 0.0234375 0.03125
0 0.340625 0.6890625 0.0234375 0.03125
0 0.253125 0.7078125 0.021875 0.021875
0 0.76171875 0.61171875 0.0125 0.015625
0 0.4625 0.671875 0.0171875 0.0203125
0 0.55390625 0.65390625 0.0234375 0.03125
0 0.746875 0.61953125 0.0171875 0.0203125
0 0.29296875 0.70703125 0.0140625 0.025
0 0.51953125 0.66328125 0.0171875 0.0203125
0 0.3046875 0.70546875 0.0078125 0.0140625
0 0.5109375 0.6671875 0.0125 0.015625
0 0.23671875 0.72109375 0.0171875 0.0203125
0 0.28203125 0.71171875 0.0125 0.0203125
0 0.43671875 0.68203125 0.028125 0.0328125
0 0.6140625 0.64765625 0.0171875 0.0203125
0 0.67109375 0.63828125 0.01875 0.025
0 0.3203125 0.70703125 0.0234375 0.03125
0 0.36953125 0.7 0.021875 0.021875
0 0.53515625 0.66953125 0.0171875 0.0203125
0 0.71328125 0.6375 0.01875 0.025
0 0.70390625 0.64140625 0.0140625 0.0296875
0 0.4109375 0.6984375 0.01875 0.025
0 0.63828125 0.6546875 0.028125 0.0328125
0 0.275 0.72734375 0.01875 0.0296875
0 0.70078125 0.646875 0.0140625 0.025
0 0.6125 0.6640625 0.0234375 0.03125
0 0.69140625 0.64921875 0.01875 0.025
0 0.246875 0.7375 0.025 0.034375
0 0.7296875 0.6484375 0.01875 0.0296875
0 0.0578125 0.784375 0.0296875 0.040625
0 0.31484375 0.734375 0.0234375 0.0265625
0 0.71953125 0.66015625 0.01875 0.025
0 0.50625 0.7109375 0.0234375 0.03125
0 0.7859375 0.659375 0.0234375 0.03125
0 0.67890625 0.68046875 0.0234375 0.03125
0 0.40390625 0.7359375 0.0234375 0.03125
0 0.715625 0.67734375 0.0234375 0.0265625
0 0.74140625 0.67265625 0.0234375 0.03125
0 0.66015625 0.6921875 0.0234375 0.03125
0 0.31328125 0.7625 0.028125 0.0328125
0 0.4359375 0.740625 0.028125 0.0328125
0 0.36875 0.75625 0.0234375 0.03125
0 0.8078125 0.6734375 0.0234375 0.03125
0 0.9125 0.65546875 0.025 0.0390625
0 0.12890625 0.81015625 0.0296875 0.0359375
0 0.3296875 0.7734375 0.025 0.034375
0 0.93671875 0.6578125 0.0296875 0.0359375
0 0.9890625 0.64609375 0.021875 0.0359375
0 0.5734375 0.73046875 0.0234375 0.03125
0 0.38046875 0.76875 0.0234375 0.03125
0 0.9734375 0.653125 0.0234375 0.03125
0 0.8671875 0.6765625 0.0234375 0.0265625
0 0.6375 0.72109375 0.0234375 0.0265625
0 0.95546875 0.659375 0.0234375 0.0265625
0 0.20390625 0.8078125 0.034375 0.0375
0 0.54296875 0.74609375 0.0296875 0.0359375
0 0.8984375 0.68203125 0.0296875 0.040625
0 0.34453125 0.7921875 0.0234375 0.03125
0 0.69140625 0.73203125 0.0234375 0.03125
0 0.24140625 0.821875 0.025 0.034375
0 0.18515625 0.83515625 0.0296875 0.0359375
0 0.25625 0.82109375 0.0296875 0.040625
0 0.74765625 0.728125 0.0234375 0.0265625
0 0.115625 0.85078125 0.0296875 0.040625
0 0.29765625 0.8203125 0.0234375 0.03125
0 0.4 0.80703125 0.0296875 0.0359375
0 0.453125 0.80390625 0.0234375 0.0265625
0 0.35234375 0.8234375 0.028125 0.0328125
0 0.32890625 0.8328125 0.0171875 0.0203125
0 0.19765625 0.8625 0.025 0.034375
0 0.5734375 0.78984375 0.0171875 0.0203125
0 0.240625 0.8546875 0.0234375 0.0265625
0 0.5421875 0.803125 0.0296875 0.0359375
0 0.75390625 0.76171875 0.025 0.034375
0 0.3859375 0.83359375 0.025 0.034375
0 0.29921875 0.85234375 0.0296875 0.040625
0 0.45234375 0.82265625 0.0234375 0.03125
0 0.49375 0.81953125 0.0234375 0.03125
0 0.5296875 0.8125 0.025 0.034375
0 0.86015625 0.753125 0.0296875 0.040625
0 0.57578125 0.815625 0.034375 0.0421875
0 0.93203125 0.74609375 0.025 0.034375
0 0.64375 0.80234375 0.025 0.034375
0 0.76484375 0.78125 0.025 0.034375
0 0.9640625 0.7421875 0.0296875 0.0359375
0 0.6765625 0.80078125 0.0296875 0.040625
0 0.33828125 0.86875 0.025 0.0390625
0 0.79765625 0.78203125 0.0296875 0.040625
0 0.2953125 0.890625 0.0234375 0.03125
0 0.16796875 0.915625 0.0296875 0.040625
0 0.94609375 0.76640625 0.025 0.0390625
0 0.72734375 0.809375 0.0234375 0.03125
0 0.3734375 0.8828125 0.0234375 0.03125
0 0.87890625 0.78671875 0.0296875 0.0359375
0 0.61484375 0.83828125 0.025 0.0390625
0 0.66171875 0.8359375 0.0296875 0.040625
0 0.4234375 0.8828125 0.028125 0.0328125
0 0.92578125 0.79921875 0.0375 0.0546875
0 0.6140625 0.88359375 0.025 0.034375
0 0.259375 0.94609375 0.1375 0.1078125