0 0.246875 0.16875 0.0875 0.1375
0 0.40546875 0.20625 0.08125 0.1265625
0 0.325 0.21171875 0.0703125 0.103125
0 0.58984375 0.2890625 0.078125 0.13125
0 0.515625 0.28515625 0.084375 0.1453125
0 0.359375 0.2875 0.0703125 0.103125
0 0.6984375 0.05 0.046875 0.0671875
0 0.80625 0.06171875 0.0578125 0.06875
0 0.8140625 0.34453125 0.11875 0.1765625
0 0.696875 0.334375 0.1046875 0.1703125
0 0.43203125 0.32578125 0.0828125 0.13125
0 0.259375 0.309375 0.08125 0.1265625
0 0.91015625 0.08671875 0.0921875 0.1
0 0.31953125 0.46953125 0.0875 0.1375
0 0.484375 0.4890625 0.0984375 0.1609375
0 0.57421875 0.065625 0.0609375 0.0984375
0 0.85703125 0.1140625 0.0484375 0.078125
0 0.5109375 0.0921875 0.05625 0.0609375
0 0.6890625 0.11953125 0.0375 0.0625
0 0.80625 0.13125 0.065625 0.1015625
0 0.62109375 0.121875 0.071875 0.121875
0 0.42109375 0.103125 0.0609375 0.1015625
0 0.13828125 0.0828125 0.0625 0.115625
0 0.31953125 0.11328125 0.0609375 0.0984375
0 0.6984375 0.1578125 0.0625 0.125
0 0.89609375 0.18359375 0.096875 0.1375
0 0.19375 0.12109375 0.053125 0.0734375
0 0.37734375 0.140625 0.05 0.0828125
0 0.49375 0.16640625 0.0609375 0.1015625
0 0.73203125 0.1984375 0.0625 0.075