0 0.06328125 0.31640625 0.0171875 0.0203125
0 0.23671875 0.303125 0.0125 0.0203125
0 0.07578125 0.328125 0.0171875 0.0203125
0 0.10625 0.32421875 0.0171875 0.025
0 0.72109375 0.24453125 0.0171875 0.025
0 0.68046875 0.253125 0.021875 0.0265625
0 0.2265625 0.31796875 0.021875 0.0265625
0 0.59375 0.26875 0.0171875 0.025
0 0.65625 0.2625 0.0171875 0.025
0 0.01171875 0.35546875 0.0171875 0.025
0 0.63515625 0.26796875 0.0125 0.025
0 0.0953125 0.34609375 0.021875 0.0296875
0 0.23984375 0.32578125 0.0125 0.0203125
0 0.06796875 0.35234375 0.021875 0.0265625
0 0.17578125 0.33984375 0.0234375 0.034375
0 0.62109375 0.27734375 0.0125 0.0203125
0 0.8109375 0.25 0.021875 0.021875
0 0.20859375 0.33984375 0.021875 0.0265625
0 0.25 0.33359375 0.0171875 0.0203125
0 0.5484375 0.2921875 0.021875 0.0265625
0 0.671875 0.275 0.0171875 0.0203125
0 0.27734375 0.3328125 0.021875 0.0265625
0 0.4140625 0.31796875 0.0171875 0.0203125
0 0.734375 0.27265625 0.0171875 0.0203125
0 0.3265625 0.3328125 0.021875 0.0265625
0 0.50390625 0.31015625 0.021875 0.0265625
0 0.61875 0.29609375 0.0171875 0.025
0 0.9421875 0.25546875 0.021875 0.0265625
0 0.6375 0.2984375 0.0171875 0.0203125
0 0.17265625 0.36640625 0.0328125 0.0359375
0 0.8015625 0.2828125 0.0234375 0.034375
0 0.8859375 0.2703125 0.0171875 0.025
0 0.8546875 0.2796875 0.0171875 0.025
0 0.76796875 0.296875 0.021875 0.0296875
0 0.10625 0.3921875 0.0390625 0.0546875
0 0.83359375 0.2984375 0.01875 0.034375
0 0.60703125 0.33046875 0.0265625 0.03125
0 0.553125 0.34296875 0.021875 0.0296875
0 0.63984375 0.3328125 0.021875 0.0296875
0 0.46875 0.38046875 0.0375 0.05
0 0.32421875 0.41015625 0.0265625 0.03125
0 0.2046875 0.42734375 0.034375 0.0453125
0 0.734375 0.3546875 0.028125 0.0390625
0 0.37734375 0.41015625 0.0265625 0.03125
0 0.62578125 0.37734375 0.03125 0.03125
0 0.540625 0.39140625 0.0328125 0.040625
0 0.8453125 0.34921875 0.028125 0.034375
0 0.403125 0.41328125 0.0265625 0.03125
0 0.1265625 0.45234375 0.0453125 0.0640625
0 0.82578125 0.35625 0.028125 0.034375
0 0.903125 0.3453125 0.028125 0.0390625
0 0.25625 0.44296875 0.028125 0.034375
0 0.2875 0.43828125 0.028125 0.0390625
0 0.95078125 0.34765625 0.028125 0.034375
0 0.47578125 0.4140625 0.0375 0.05
0 0.5015625 0.4109375 0.034375 0.05
0 0.1734375 0.45703125 0.034375 0.0453125
0 0.88984375 0.35859375 0.025 0.04375
0 0.2 0.46015625 0.0234375 0.034375
0 0.33515625 0.44375 0.021875 0.0296875
0 0.365625 0.4390625 0.034375 0.05
0 0.39609375 0.4375 0.028125 0.0390625
0 0.57265625 0.41484375 0.0328125 0.040625
0 0.865625 0.37578125 0.0328125 0.040625
0 0.61171875 0.4140625 0.021875 0.0265625
0 0.7171875 0.4015625 0.0265625 0.03125
0 0.77890625 0.39296875 0.028125 0.0390625
0 0.6375 0.4125 0.021875 0.0296875
0 0.97265625 0.37265625 0.01875 0.0390625
0 0.44921875 0.45546875 0.034375 0.0546875
0 0.6578125 0.42890625 0.034375 0.05
0 0.234375 0.48828125 0.0234375 0.0390625
0 0.82421875 0.41015625 0.0328125 0.040625
0 0.51796875 0.4578125 0.0453125 0.0734375
0 0.34765625 0.48203125 0.0375 0.05
0 0.86796875 0.40859375 0.0234375 0.0390625
0 0.61640625 0.44921875 0.0328125 0.0359375
0 0.72890625 0.43515625 0.0234375 0.0390625
0 0.75078125 0.4390625 0.03125 0.03125
0 0.403125 0.48984375 0.0421875 0.05
0 0.4640625 0.48828125 0.04375 0.059375
0 0.94765625 0.425 0.0453125 0.06875
0 0.98203125 0.4203125 0.0328125 0.0671875
0 0.62734375 0.47265625 0.028125 0.034375
0 0.66640625 0.46953125 0.0390625 0.0546875
0 0.5890625 0.48515625 0.0234375 0.034375
0 0.778125 0.4609375 0.0328125 0.040625
0 0.171875 0.5625 0.046875 0.078125
0 0.36953125 0.5375 0.0390625 0.059375
0 0.503125 0.5234375 0.0453125 0.06875
0 0.82421875 0.478125 0.0390625 0.0546875
0 0.41796875 0.53515625 0.034375 0.0453125
0 0.28671875 0.55859375 0.0390625 0.0546875
0 0.6078125 0.51953125 0.04375 0.059375
0 0.39765625 0.5515625 0.034375 0.0453125
0 0.08359375 0.59765625 0.0421875 0.05
0 0.22421875 0.5828125 0.0453125 0.06875
0 0.85625 0.49375 0.03125 0.0625
0 0.13046875 0.60078125 0.040625 0.0734375
0 0.68046875 0.5234375 0.05 0.0703125
0 0.72734375 0.52421875 0.0453125 0.06875
0 0.56328125 0.54921875 0.05 0.0703125
0 0.4265625 0.57578125 0.0390625 0.0546875
0 0.875 0.52265625 0.0375 0.05
0 0.33359375 0.5984375 0.0515625 0.084375
0 0.98203125 0.50625 0.0359375 0.06875
0 0.77421875 0.553125 0.0609375 0.0859375
0 0.0421875 0.6671875 0.0578125 0.0890625
0 0.9765625 0.5375 0.046875 0.05625
0 0.659375 0.58515625 0.05 0.0703125
0 0.8984375 0.55625 0.040625 0.06875
0 0.44375 0.634375 0.040625 0.0734375
0 0.49140625 0.6390625 0.0515625 0.0796875
0 0.2671875 0.6734375 0.0734375 0.1046875
0 0.16484375 0.68984375 0.0828125 0.10625
0 0.921875 0.590625 0.05 0.1015625
0 0.6546875 0.63671875 0.065625 0.05
0 0.81015625 0.61484375 0.0671875 0.1
0 0.10078125 0.75234375 0.0734375 0.1046875
0 0.9453125 0.6578125 0.05625 0.1109375
0 0.46875 0.728125 0.0734375 0.1046875
0 0.97265625 0.6640625 0.0546875 0.15
0 0.665625 0.7125 0.0734375 0.109375
0 0.796875 0.7296875 0.0796875 0.11875
0 0.4109375 0.8 0.0671875 0.0953125
0 0.884375 0.759375 0.090625 0.1609375
0 0.52578125 0.81640625 0.0796875 0.1140625
0 0.62734375 0.82109375 0.1078125 0.1546875
0 0.28828125 0.8734375 0.0796875 0.1140625
0 0.3671875 0.8875 0.1125 0.1546875
0 0.175 0.9609375 0.134375 0.078125
0 0.4640625 0.965625 0.1375 0.06875
0 0.8140625 0.9234375 0.1515625 0.084375
0 0.35625 0.22578125 0.0171875 0.025
0 0.01015625 0.2765625 0.0171875 0.0203125
0 0.02421875 0.275 0.0125 0.0203125
0 0.26953125 0.24296875 0.0171875 0.0296875
0 0.23828125 0.24765625 0.021875 0.0265625
0 0.25625 0.246875 0.0171875 0.025
0 0.1765625 0.2609375 0.021875 0.0296875
0 0.37109375 0.23515625 0.0171875 0.025
0 0.20625 0.2578125 0.0171875 0.0296875
0 0.396875 0.23125 0.021875 0.0296875
0 0.0828125 0.27578125 0.0171875 0.0296875
0 0.11953125 0.2703125 0.021875 0.021875
0 0.6359375 0.20234375 0.0171875 0.025
0 0.90625 0.1640625 0.0171875 0.0296875
0 0.528125 0.21953125 0.0171875 0.0203125
0 0.7484375 0.19140625 0.0171875 0.0203125
0 0.7859375 0.1859375 0.0171875 0.0296875
0 0.65703125 0.20390625 0.0171875 0.0203125
0 0.7359375 0.1953125 0.0171875 0.025
0 0.80625 0.1859375 0.021875 0.0296875
0 0.6828125 0.20546875 0.021875 0.021875
0 0.696875 0.203125 0.015625 0.015625
0 0.60625 0.22109375 0.021875 0.0265625
0 0.865625 0.18671875 0.0171875 0.0203125
0 0.5046875 0.2375 0.021875 0.0265625
0 0.84296875 0.19453125 0.021875 0.0265625