0 0.23828125 0.23046875 0.05 0.075
0 0.28828125 0.23984375 0.0453125 0.0640625
0 0.371875 0.25390625 0.05 0.0703125
0 0.46875 0.28046875 0.0515625 0.084375
0 0.7375 0.25859375 0.05625 0.084375
0 0.221875 0.3328125 0.0546875 0.0703125
0 0.3421875 0.328125 0.05 0.0703125
0 0.390625 0.3234375 0.0578125 0.0890625
0 0.89375 0.2765625 0.05625 0.0796875
0 0.578125 0.3234375 0.0578125 0.09375
0 0.83671875 0.30546875 0.0515625 0.084375
0 0.70390625 0.3234375 0.0515625 0.0796875
0 0.21484375 0.41640625 0.05 0.075
0 0.53125 0.39296875 0.05625 0.084375
0 0.3578125 0.4359375 0.0578125 0.0890625
0 0.67421875 0.42421875 0.05 0.0703125
0 0.9671875 0.38515625 0.046875 0.0828125
0 0.78203125 0.428125 0.0453125 0.0734375
0 0.875 0.42578125 0.0515625 0.084375
0 0.50078125 0.5046875 0.05625 0.084375
0 0.57890625 0.51015625 0.0625 0.090625
0 0.35390625 0.5421875 0.0609375 0.0859375
0 0.68359375 0.4953125 0.0578125 0.0890625
0 0.08671875 0.60234375 0.05625 0.0796875
0 0.7828125 0.51171875 0.0515625 0.0796875
0 0.98203125 0.49375 0.0359375 0.096875
0 0.90078125 0.50703125 0.0578125 0.09375
0 0.22109375 0.60703125 0.0625 0.090625