0 0.7734375 0.2296875 0.046875 0.0734375
0 0.05 0.2953125 0.0421875 0.0625
0 0.646875 0.2453125 0.046875 0.06875
0 0.2609375 0.284375 0.0375 0.0625
0 0.50625 0.271875 0.0421875 0.0625
0 0.21875 0.31484375 0.0359375 0.053125
0 0.15078125 0.3328125 0.0421875 0.071875
0 0.634375 0.0234375 0.0375 0.046875
0 0.44296875 0.3234375 0.05 0.059375
0 0.096875 0.35859375 0.046875 0.06875
0 0.31484375 0.34921875 0.046875 0.0734375
0 0.68203125 0.346875 0.046875 0.0734375
0 0.95859375 0.3296875 0.0578125 0.1421875
0 0.50546875 0.371875 0.04375 0.0765625
0 0.21484375 0.40859375 0.04375 0.0765625
0 0.59609375 0.0296875 0.0421875 0.059375
0 0.60390625 0.38671875 0.059375 0.1015625
0 0.76796875 0.371875 0.0640625 0.10625
0 0.70859375 0.38203125 0.0359375 0.053125
0 0.196875 0.06640625 0.0328125 0.0484375
0 0.43359375 0.42890625 0.0640625 0.1015625
0 0.88359375 0.01953125 0.0421875 0.0390625
0 0.640625 0.42734375 0.0578125 0.0921875
0 0.88515625 0.4109375 0.053125 0.0828125
0 0.278125 0.46875 0.06875 0.0984375
0 0.7375 0.453125 0.0734375 0.0984375
0 0.4 0.49921875 0.046875 0.0640625
0 0.065625 0.53125 0.059375 0.1015625
0 0.23984375 0.553125 0.078125 0.0984375
0 0.61484375 0.5359375 0.075 0.125
0 0.853125 0.52734375 0.075 0.125
0 0.92578125 0.53515625 0.0734375 0.1015625
0 0.37890625 0.6265625 0.08125 0.140625
0 0.0515625 0.1 0.021875 0.0328125
0 0.26484375 0.6828125 0.096875 0.11875
0 0.05078125 0.70859375 0.0765625 0.1390625
0 0.16484375 0.09453125 0.0375 0.0625
0 0.7203125 0.6828125 0.08125 0.1453125
0 0.81328125 0.0453125 0.0453125 0.0453125
0 0.29296875 0.75703125 0.084375 0.13125
0 0.23359375 0.82734375 0.0765625 0.084375
0 0.0875 0.11796875 0.0265625 0.04375
0 0.70625 0.06875 0.046875 0.0640625
0 0.2890625 0.1078125 0.0359375 0.0484375
0 0.2109375 0.1140625 0.0265625 0.0390625
0 0.11171875 0.96484375 0.1234375 0.0703125
0 0.41953125 0.109375 0.0265625 0.04375
0 0.509375 0.1015625 0.0328125 0.0484375
0 0.45234375 0.11796875 0.0375 0.0625
0 0.83046875 0.08515625 0.0359375 0.0484375
0 0.7921875 0.08828125 0.0421875 0.0625
0 0.11484375 0.16171875 0.0359375 0.053125
0 0.02734375 0.16953125 0.0421875 0.0578125
0 0.17265625 0.159375 0.021875 0.0328125
0 0.39296875 0.1515625 0.0421875 0.0671875
0 0.0671875 0.18046875 0.0421875 0.0578125
0 0.284375 0.16328125 0.0421875 0.0625
0 0.159375 0.1921875 0.0359375 0.0484375
0 0.19375 0.18984375 0.0375 0.0578125
0 0.7234375 0.00859375 0.034375 0.0171875
0 0.8109375 0.17109375 0.0328125 0.0484375
0 0.921875 0.165625 0.0375 0.0578125
0 0.8625 0.17578125 0.03125 0.04375
0 0.46796875 0.21015625 0.03125 0.034375
0 0.00546875 0.25625 0.0109375 0.053125
0 0.54765625 0.0203125 0.0359375 0.040625
0 0.6046875 0.21171875 0.0453125 0.059375
0 0.51796875 0.2265625 0.034375 0.034375
0 0.8125 0.21953125 0.0421875 0.0578125
0 0.6859375 0.23046875 0.0421875 0.0625