0 0.571875 0.25078125 0.0484375 0.0640625
0 0.0984375 0.309375 0.0375 0.0546875
0 0.72265625 0.23984375 0.059375 0.0796875
0 0.4265625 0.278125 0.0484375 0.0640625
0 0.89765625 0.225 0.0484375 0.0640625
0 0.3375 0.046875 0.053125 0.065625
0 0.39375 0.2984375 0.05 0.078125
0 0.07265625 0.3609375 0.0546875 0.0796875
0 0.11171875 0.075 0.04375 0.0640625
0 0.0734375 0.08125 0.0484375 0.059375
0 0.03046875 0.378125 0.05625 0.0515625
0 0.55859375 0.31328125 0.053125 0.0703125
0 0.8765625 0.2765625 0.0484375 0.0640625
0 0.0078125 0.39375 0.015625 0.0625
0 0.2015625 0.0671875 0.0390625 0.071875
0 0.671875 0.32265625 0.053125 0.0609375
0 0.51484375 0.02890625 0.0359375 0.03125
0 0.89296875 0.00625 0.0390625 0.0125
0 0.171875 0.07109375 0.0484375 0.06875
0 0.52734375 0.36328125 0.0484375 0.06875
0 0.165625 0.41484375 0.0546875 0.0796875
0 0.03515625 0.440625 0.059375 0.084375
0 0.5625 0.02890625 0.04375 0.0578125
0 0.3328125 0.415625 0.059375 0.0796875
0 0.68828125 0.38125 0.0578125 0.065625
0 0.6828125 0.02265625 0.04375 0.0453125
0 0.50625 0.4171875 0.0609375 0.09375
0 0.32734375 0.45859375 0.0453125 0.078125
0 0.29765625 0.4875 0.065625 0.0890625
0 0.875 0.41953125 0.059375 0.0796875
0 0.68984375 0.45078125 0.0640625 0.075
0 0.4796875 0.48828125 0.05625 0.0890625
0 0.93359375 0.00859375 0.0109375 0.0171875
0 0.26171875 0.55546875 0.059375 0.0796875
0 0.64609375 0.51015625 0.059375 0.0796875
0 0.07421875 0.60078125 0.0703125 0.0953125
0 0.83359375 0.51953125 0.059375 0.0796875
0 0.46328125 0.5984375 0.059375 0.0796875
0 0.225 0.63359375 0.065625 0.0890625
0 0.6265625 0.584375 0.0484375 0.06875
0 0.02109375 0.115625 0.0390625 0.059375
0 0.81328125 0.58515625 0.0484375 0.0640625
0 0.58671875 0.63671875 0.0640625 0.084375
0 0.85390625 0.62421875 0.0578125 0.0703125
0 0.415625 0.6828125 0.0609375 0.0890625
0 0.16796875 0.71796875 0.0703125 0.1
0 0.81796875 0.678125 0.06875 0.0859375
0 0.80390625 0.03359375 0.0453125 0.0671875
0 0.98671875 0.68046875 0.0265625 0.1015625
0 0.521875 0.0703125 0.046875 0.0546875
0 0.12265625 0.803125 0.0703125 0.090625
0 0.3734375 0.77421875 0.06875 0.08125
0 0.75859375 0.76640625 0.075 0.1
0 0.35625 0.8671875 0.075 0.090625
0 0.28515625 0.878125 0.078125 0.11875
0 0.640625 0.06796875 0.0421875 0.05
0 0.6703125 0.06640625 0.0375 0.05
0 0.97734375 0.86171875 0.0453125 0.0953125
0 0.73359375 0.90234375 0.08125 0.1046875
0 0.29765625 0.959375 0.0984375 0.08125
0 0.96875 0.915625 0.0625 0.065625
0 0.140625 0.159375 0.04375 0.06875
0 0.6265625 0.10703125 0.0578125 0.0703125
0 0.5140625 0.1203125 0.04375 0.059375
0 0.4921875 0.13515625 0.0484375 0.0640625
0 0.81171875 0.09609375 0.03125 0.0359375
0 0.01015625 0.2 0.0203125 0.059375
0 0.0796875 0.19296875 0.0484375 0.06875
0 0.24453125 0.18828125 0.0390625 0.06875
0 0.47265625 0.16484375 0.053125 0.0609375
0 0.59921875 0.14921875 0.040625 0.040625
0 0.790625 0.128125 0.05 0.0734375
0 0.35 0.18671875 0.059375 0.075
0 0.20703125 0.20703125 0.04375 0.0640625
0 0.1125 0.23046875 0.0453125 0.0734375
0 0.16796875 0.22578125 0.05 0.0828125
0 0.59453125 0.18515625 0.053125 0.0609375
0 0.90703125 0.14921875 0.0328125 0.040625
0 0.234375 0.05 0.0375 0.0453125
0 0.0234375 0.2609375 0.046875 0.065625
0 0.45625 0.22265625 0.04375 0.06875
0 0.76015625 0.1875 0.053125 0.0703125
0 0.903125 0.175 0.0484375 0.059375
0 0.00546875 0.28671875 0.0109375 0.0734375
0 0.79453125 0.19765625 0.0484375 0.06875