0 0.22734375 0.209375 0.034375 0.0546875
0 0.815625 0.315625 0.034375 0.05
0 0.33125 0.25 0.0296875 0.04375
0 0.8859375 0.33046875 0.0375 0.0453125
0 0.2921875 0.24921875 0.0375 0.05
0 0.06484375 0.22109375 0.0375 0.05
0 0.384375 0.01328125 0.028125 0.0265625
0 0.128125 0.23203125 0.034375 0.05
0 0.721875 0.31796875 0.0328125 0.040625
0 0.53046875 0.30078125 0.034375 0.0453125
0 0.446875 0.29375 0.034375 0.05
0 0.14453125 0.2515625 0.0390625 0.0546875
0 0.69453125 0.32890625 0.034375 0.05
0 0.5953125 0.32421875 0.034375 0.0453125
0 0.803125 0.36015625 0.0375 0.05
0 0.8703125 0.3890625 0.028125 0.0390625
0 0.4625 0.3359375 0.034375 0.05
0 0.55234375 0.3484375 0.034375 0.05
0 0.29609375 0.3234375 0.034375 0.05
0 0.1390625 0.30390625 0.0375 0.0453125
0 0.72890625 0.3890625 0.0328125 0.040625
0 0.39375 0.35859375 0.034375 0.05
0 0.86328125 0.42734375 0.034375 0.0453125
0 0.0859375 0.3203125 0.04375 0.0546875
0 0.7796875 0.42265625 0.034375 0.0453125
0 0.64296875 0.41484375 0.0390625 0.0546875
0 0.5546875 0.4078125 0.034375 0.05
0 0.92421875 0.459375 0.0375 0.0453125
0 0.34453125 0.378125 0.0375 0.05
0 0.03203125 0.3390625 0.034375 0.05
0 0.18828125 0.371875 0.0421875 0.05
0 0.5359375 0.04453125 0.028125 0.0390625
0 0.4453125 0.4390625 0.0421875 0.05
0 0.2296875 0.40859375 0.0375 0.0453125
0 0.3421875 0.4265625 0.0421875 0.05
0 0.609375 0.46875 0.034375 0.0453125
0 0.065625 0.39453125 0.0375 0.0453125
0 0.7421875 0.48984375 0.034375 0.0453125
0 0.1390625 0.40546875 0.0375 0.05
0 0.54921875 0.48125 0.034375 0.05
0 0.675 0.4984375 0.0375 0.05
0 0.921875 0.54296875 0.0375 0.0453125
0 0.171875 0.43984375 0.0328125 0.040625
0 0.24609375 0.45703125 0.0375 0.05
0 0.43984375 0.49609375 0.0375 0.0453125
0 0.34453125 0.48984375 0.034375 0.0546875
0 0.73515625 0.5546875 0.0375 0.05
0 0.24375 0.01875 0.0375 0.0375
0 0.7453125 0.08359375 0.034375 0.0453125
0 0.2578125 0.496875 0.0265625 0.03125
0 0.1328125 0.4875 0.0390625 0.0546875
0 0.98046875 0.60703125 0.025 0.053125
0 0.19140625 0.4984375 0.0375 0.05
0 0.640625 0.56875 0.0375 0.05
0 0.39609375 0.54140625 0.0375 0.0453125
0 0.58203125 0.5671875 0.0375 0.05
0 0.26953125 0.53046875 0.0375 0.0453125
0 0.475 0.559375 0.034375 0.0453125
0 0.7859375 0.6078125 0.0375 0.0453125
0 0.884375 0.6265625 0.0375 0.0453125
0 0.025 0.5078125 0.0390625 0.0546875
0 0.13515625 0.5375 0.0375 0.05
0 0.9625 0.66484375 0.034375 0.0546875
0 0.7109375 0.6296875 0.0375 0.0453125
0 0.38515625 0.58671875 0.034375 0.0453125
0 0.16171875 0.0140625 0.0328125 0.028125
0 0.4921875 0.6203125 0.034375 0.05
0 0.30703125 0.59453125 0.0359375 0.0359375
0 0.0515625 0.56328125 0.034375 0.05
0 0.5484375 0.63984375 0.034375 0.0453125
0 0.77890625 0.675 0.0328125 0.040625
0 0.21015625 0.6 0.04375 0.059375
0 0.83515625 0.68984375 0.034375 0.05
0 0.6828125 0.6828125 0.0375 0.0453125
0 0.74375 0.6953125 0.0296875 0.04375
0 0.40625 0.65 0.034375 0.0453125
0 0.2796875 0.634375 0.0375 0.040625
0 0.6953125 0.090625 0.034375 0.0453125
0 0.60703125 0.68515625 0.0421875 0.05
0 0.878125 0.7328125 0.0453125 0.0640625
0 0.93125 0.74296875 0.0390625 0.0546875
0 0.32578125 0.6578125 0.0375 0.0453125
0 0.803125 0.7390625 0.0375 0.0453125
0 0.43359375 0.70859375 0.034375 0.05
0 0.55703125 0.728125 0.034375 0.0453125
0 0.02421875 0.65703125 0.0421875 0.0421875
0 0.7421875 0.76015625 0.034375 0.0453125
0 0.46328125 0.72578125 0.0390625 0.0546875
0 0.65859375 0.753125 0.0375 0.05
0 0.50625 0.73671875 0.0296875 0.04375
0 0.2515625 0.703125 0.046875 0.0515625
0 0.52578125 0.7515625 0.0421875 0.05
0 0.603125 0.7671875 0.0375 0.040625
0 0.33828125 0.73671875 0.034375 0.0546875
0 0.93984375 0.83046875 0.034375 0.0546875
0 0.77890625 0.8109375 0.04375 0.059375
0 0.82578125 0.8265625 0.0390625 0.059375
0 0.58828125 0.80234375 0.0421875 0.046875
0 0.89375 0.85703125 0.04375 0.0546875
0 0.303125 0.7734375 0.046875 0.046875
0 0.709375 0.83828125 0.0375 0.05
0 0.37578125 0.7984375 0.04375 0.0546875
0 0.65625 0.09921875 0.034375 0.0546875
0 0.609375 0.840625 0.0375 0.05
0 0.25546875 0.79296875 0.0421875 0.046875
0 0.6734375 0.8609375 0.04375 0.0546875
0 0.14765625 0.79453125 0.0390625 0.0546875
0 0.8140625 0.890625 0.040625 0.0640625
0 0.03046875 0.784375 0.0375 0.040625
0 0.87109375 0.91640625 0.0390625 0.0546875
0 0.32890625 0.0578125 0.0234375 0.034375
0 0.4484375 0.8640625 0.0390625 0.059375
0 0.30078125 0.85078125 0.046875 0.0515625
0 0.7390625 0.92421875 0.04375 0.0546875
0 0.4265625 0.0765625 0.0296875 0.0484375
0 0.93046875 0.96015625 0.0265625 0.0625
0 0.065625 0.84609375 0.0375 0.05
0 0.1703125 0.86484375 0.0375 0.05
0 0.34609375 0.896875 0.0421875 0.05
0 0.5015625 0.9234375 0.034375 0.0453125
0 0.7125 0.9546875 0.0390625 0.0546875
0 0.7609375 0.97109375 0.0390625 0.0546875
0 0.83203125 0.98359375 0.0484375 0.0328125
0 0.59296875 0.9640625 0.0390625 0.059375
0 0.4109375 0.9484375 0.0390625 0.0546875
0 0.81796875 0.1375 0.034375 0.05
0 0.63515625 0.984375 0.0515625 0.03125
0 0.38046875 0.9671875 0.0375 0.0453125
0 0.1890625 0.0515625 0.028125 0.0390625
0 0.603125 0.1171875 0.028125 0.0390625
0 0.4625 0.096875 0.028125 0.0390625
0 0.28828125 0.075 0.0328125 0.040625
0 0.36015625 0.096875 0.034375 0.0453125
0 0.8796875 0.17734375 0.034375 0.05
0 0.23046875 0.08828125 0.0375 0.0453125
0 0.9296875 0.1890625 0.028125 0.0390625
0 0.50625 0.14375 0.0328125 0.0359375
0 0.73359375 0.1828125 0.0375 0.0453125
0 0.5765625 0.171875 0.034375 0.05
0 0.7296875 0.04375 0.0328125 0.0359375
0 0.45703125 0.15703125 0.0296875 0.04375
0 0.8484375 0.2171875 0.0375 0.0453125
0 0.3515625 0.15859375 0.028125 0.0390625
0 0.6625 0.20703125 0.0328125 0.0359375
0 0.26796875 0.1515625 0.0375 0.0453125
0 0.08671875 0.13125 0.0359375 0.0359375
0 0.99375 0.2625 0.0125 0.040625
0 0.93203125 0.25703125 0.034375 0.05
0 0.5828125 0.028125 0.028125 0.034375
0 0.415625 0.184375 0.0328125 0.0359375
0 0.690625 0.228125 0.034375 0.0453125
0 0.1859375 0.15703125 0.0328125 0.0359375
0 0.39921875 0.20234375 0.0375 0.05
0 0.55859375 0.234375 0.034375 0.0453125
0 0.0875 0.17265625 0.0375 0.0453125
0 0.98359375 0.3015625 0.0234375 0.0390625
0 0.60859375 0.2578125 0.034375 0.0453125
0 0.28046875 0.2140625 0.034375 0.0453125