0 0.33046875 0.01015625 0.0234375 0.0203125
0 0.18515625 0.103125 0.0296875 0.046875
0 0.86796875 0.1171875 0.01875 0.0328125
0 0.06484375 0.1078125 0.0234375 0.0328125
0 0.89296875 0.125 0.0234375 0.0328125
0 0.23984375 0.009375 0.0234375 0.01875
0 0.3828125 0.01015625 0.01875 0.0203125
0 0.4578125 0.121875 0.028125 0.0328125
0 0.69609375 0.13515625 0.0234375 0.0328125
0 0.11953125 0.1296875 0.01875 0.0328125
0 0.76328125 0.14375 0.028125 0.0421875
0 0.57578125 0.140625 0.0140625 0.0328125
0 0.62890625 0.153125 0.01875 0.0328125
0 0.98515625 0.1640625 0.01875 0.0375
0 0.9390625 0.16484375 0.0234375 0.0328125
0 0.54765625 0.0171875 0.028125 0.0328125
0 0.4046875 0.16015625 0.01875 0.0328125
0 0.55625 0.16484375 0.0234375 0.0328125
0 0.24453125 0.16171875 0.0234375 0.0328125
0 0.06796875 0.1609375 0.0234375 0.028125
0 0.834375 0.17421875 0.01875 0.0375
0 0.4890625 0.1734375 0.01875 0.0328125
0 0.43359375 0.17421875 0.0234375 0.0375
0 0.1 0.16875 0.01875 0.0375
0 0.29921875 0.17890625 0.0328125 0.0421875
0 0.7484375 0.20546875 0.01875 0.028125
0 0.2625 0.19765625 0.0234375 0.0328125
0 0.3390625 0.20078125 0.028125 0.0375
0 0.18828125 0.203125 0.0234375 0.0375
0 0.7015625 0.21171875 0.01875 0.0328125
0 0.51875 0.2109375 0.01875 0.0375
0 0.04453125 0.203125 0.01875 0.0328125
0 0.9609375 0.22109375 0.0234375 0.0421875
0 0.61796875 0.215625 0.01875 0.0328125
0 0.01875 0.2046875 0.025 0.046875
0 0.66171875 0.22109375 0.028125 0.0421875
0 0.86328125 0.22578125 0.0234375 0.0421875
0 0.56953125 0.2234375 0.028125 0.028125
0 0.153125 0.215625 0.01875 0.0328125
0 0.79140625 0.22890625 0.0234375 0.0328125
0 0.91875 0.23125 0.0234375 0.0375
0 0.47421875 0.2234375 0.0234375 0.0375
0 0.49921875 0.0234375 0.01875 0.0328125
0 0.0765625 0.2234375 0.01875 0.0375
0 0.61484375 0.02734375 0.01875 0.028125
0 0.2359375 0.25 0.01875 0.028125
0 0.11328125 0.25 0.0234375 0.0375
0 0.9921875 0.2703125 0.0140625 0.0421875
0 0.3859375 0.2640625 0.0234375 0.0375
0 0.9390625 0.27890625 0.0140625 0.0234375
0 0.728125 0.2796875 0.0234375 0.0328125
0 0.04296875 0.26796875 0.0234375 0.0421875
0 0.29296875 0.271875 0.0234375 0.0421875
0 0.1609375 0.27578125 0.028125 0.0375
0 0.83984375 0.29296875 0.028125 0.0328125
0 0.684375 0.28984375 0.01875 0.0421875
0 0.33515625 0.28359375 0.01875 0.0375
0 0.61953125 0.2890625 0.01875 0.0328125
0 0.89296875 0.2984375 0.01875 0.0421875
0 0.7796875 0.29609375 0.0234375 0.028125
0 0.4390625 0.2953125 0.0234375 0.028125
0 0.21640625 0.303125 0.028125 0.0375
0 0.53125 0.31328125 0.0234375 0.0421875
0 0.075 0.309375 0.028125 0.0375
0 0.565625 0.31796875 0.025 0.046875
0 0.0125 0.31328125 0.01875 0.0375
0 0.14453125 0.32265625 0.01875 0.0328125
0 0.6515625 0.33125 0.0234375 0.0421875
0 0.41015625 0.3296875 0.0234375 0.0375
0 0.296875 0.334375 0.0234375 0.0375
0 0.85625 0.34921875 0.01875 0.0328125
0 0.6109375 0.34453125 0.0234375 0.0375
0 0.4796875 0.34296875 0.01875 0.0375
0 0.20859375 0.34609375 0.01875 0.0328125
0 0.72421875 0.36015625 0.0328125 0.0375
0 0.89375 0.365625 0.01875 0.0328125
0 0.86640625 0.04296875 0.0234375 0.0375
0 0.68046875 0.36640625 0.028125 0.0375
0 0.3265625 0.36015625 0.0296875 0.046875
0 0.99140625 0.37421875 0.0171875 0.0421875
0 0.40546875 0.378125 0.0234375 0.0375
0 0.034375 0.3765625 0.0234375 0.028125
0 0.25703125 0.3828125 0.028125 0.0328125
0 0.9828125 0.39765625 0.0234375 0.0328125
0 0.1484375 0.3828125 0.0234375 0.0375
0 0.790625 0.39375 0.01875 0.028125
0 0.70234375 0.0421875 0.0234375 0.028125
0 0.184375 0.40390625 0.028125 0.0375
0 0.67265625 0.4171875 0.01875 0.028125
0 0.671875 0.04453125 0.01875 0.0328125
0 0.5203125 0.41875 0.01875 0.028125
0 0.0734375 0.41796875 0.0234375 0.0421875
0 0.2859375 0.421875 0.01875 0.0328125
0 0.2234375 0.42578125 0.01875 0.028125
0 0.7046875 0.43671875 0.0234375 0.0375
0 0.75078125 0.4375 0.01875 0.0328125
0 0.38828125 0.43046875 0.0234375 0.0328125
0 0.8875 0.4421875 0.0234375 0.0421875
0 0.1140625 0.43046875 0.01875 0.028125
0 0.584375 0.44140625 0.028125 0.0421875
0 0.76953125 0.0484375 0.01875 0.0375
0 0.8015625 0.45 0.025 0.046875
0 0.01953125 0.4359375 0.01875 0.0328125
0 0.475 0.45078125 0.028125 0.0328125
0 0.359375 0.45390625 0.0234375 0.028125
0 0.15390625 0.45 0.01875 0.028125
0 0.3109375 0.4578125 0.0234375 0.0328125
0 0.9171875 0.46796875 0.0234375 0.0328125
0 0.61640625 0.46796875 0.025 0.046875
0 0.2203125 0.46484375 0.028125 0.0375
0 0.40625 0.46796875 0.0234375 0.0375
0 0.971875 0.4828125 0.0140625 0.0234375
0 0.840625 0.4828125 0.028125 0.0421875
0 0.13984375 0.0421875 0.0234375 0.0375
0 0.72890625 0.4921875 0.0140625 0.0234375
0 0.5140625 0.49296875 0.01875 0.0375
0 0.02578125 0.49140625 0.01875 0.028125
0 0.6921875 0.5078125 0.01875 0.0375
0 0.18515625 0.5015625 0.01875 0.028125
0 0.34453125 0.509375 0.0234375 0.0328125
0 0.76875 0.51640625 0.0234375 0.0375
0 0.11328125 0.5046875 0.0234375 0.0375
0 0.2640625 0.51953125 0.01875 0.0234375
0 0.59140625 0.0546875 0.01875 0.0328125
0 0.00859375 0.5296875 0.0171875 0.0375
0 0.2953125 0.5375 0.0234375 0.0375
0 0.07578125 0.53671875 0.01875 0.0328125
0 0.7953125 0.5515625 0.0234375 0.0328125
0 0.39765625 0.546875 0.01875 0.028125
0 0.87890625 0.559375 0.0234375 0.0375
0 0.54765625 0.55390625 0.01875 0.0328125
0 0.4484375 0.559375 0.028125 0.0375
0 0.18671875 0.559375 0.01875 0.0328125
0 0.71875 0.56875 0.0234375 0.0375
0 0.2484375 0.56484375 0.0234375 0.0375
0 0.90390625 0.5765625 0.028125 0.0375
0 0.65546875 0.58125 0.01875 0.0375
0 0.359375 0.05546875 0.0234375 0.0328125
0 0.74140625 0.5921875 0.01875 0.0328125
0 0.8546875 0.603125 0.0234375 0.0328125
0 0.0890625 0.5921875 0.028125 0.0375
0 0.49609375 0.6015625 0.0234375 0.0375
0 0.9453125 0.609375 0.01875 0.0421875
0 0.59140625 0.60546875 0.01875 0.0234375
0 0.575 0.6078125 0.01875 0.028125
0 0.79921875 0.61171875 0.0234375 0.0375
0 0.03671875 0.6125 0.01875 0.0375
0 0.51875 0.6203125 0.01875 0.028125
0 0.14140625 0.6140625 0.01875 0.0328125
0 0.68046875 0.63046875 0.0234375 0.0375
0 0.32734375 0.059375 0.0234375 0.0375
0 0.4234375 0.63046875 0.01875 0.0375
0 0.21953125 0.6296875 0.01875 0.0375
0 0.30546875 0.63359375 0.028125 0.0375
0 0.70390625 0.640625 0.028125 0.0375
0 0.778125 0.64375 0.028125 0.0421875
0 0.4765625 0.64375 0.0234375 0.0328125
0 0.19921875 0.64296875 0.0234375 0.0328125
0 0.8984375 0.6578125 0.0234375 0.0375
0 0.153125 0.64453125 0.01875 0.0328125
0 0.7375 0.659375 0.0234375 0.0421875
0 0.278125 0.6515625 0.0234375 0.0375
0 0.39140625 0.65390625 0.028125 0.0375
0 0.64765625 0.659375 0.028125 0.0421875
0 0.56171875 0.66015625 0.01875 0.0328125
0 0.27890625 0.06328125 0.0234375 0.0328125
0 0.828125 0.6671875 0.028125 0.0421875
0 0.353125 0.66640625 0.0234375 0.0375
0 0.0828125 0.66875 0.0234375 0.0328125
0 0.21640625 0.06484375 0.0203125 0.046875
0 0.01015625 0.671875 0.0203125 0.028125
0 0.46875 0.68671875 0.0234375 0.0328125
0 0.50859375 0.6875 0.028125 0.0421875
0 0.73671875 0.0734375 0.0140625 0.0375
0 0.7234375 0.6984375 0.028125 0.0421875
0 0.68671875 0.69765625 0.01875 0.0375
0 0.22109375 0.6921875 0.0234375 0.0375
0 0.5546875 0.69765625 0.01875 0.028125
0 0.29765625 0.0046875 0.0140625 0.009375
0 0.4203125 0.7 0.028125 0.0375
0 0.12890625 0.69765625 0.01875 0.0328125
0 0.56796875 0.7125 0.01875 0.028125
0 0.8734375 0.72421875 0.0234375 0.0375
0 0.28515625 0.71796875 0.0234375 0.0328125
0 0.959375 0.734375 0.01875 0.0421875
0 0.76484375 0.73125 0.028125 0.0375
0 0.3390625 0.728125 0.0234375 0.0328125
0 0.10234375 0.7359375 0.0203125 0.046875
0 0.221875 0.7453125 0.01875 0.028125
0 0.64609375 0.75234375 0.0296875 0.046875
0 0.4421875 0.74921875 0.0140625 0.028125
0 0.49296875 0.75703125 0.01875 0.028125
0 0.02109375 0.753125 0.0234375 0.0328125
0 0.91640625 0.7734375 0.028125 0.0328125
0 0.7109375 0.77265625 0.0234375 0.0375
0 0.38203125 0.76640625 0.028125 0.0375
0 0.55546875 0.76953125 0.028125 0.0328125
0 0.14140625 0.7671875 0.028125 0.0375
0 0.821875 0.77890625 0.028125 0.0375
0 0.86328125 0.78828125 0.028125 0.0375
0 0.4609375 0.7859375 0.0234375 0.028125
0 0.1015625 0.7796875 0.0234375 0.028125
0 0.303125 0.78359375 0.0234375 0.028125
0 0.1984375 0.78828125 0.028125 0.0328125
0 0.0671875 0.7859375 0.0140625 0.0375
0 0.92734375 0.80390625 0.01875 0.028125
0 0.8953125 0.80546875 0.0234375 0.0375
0 0.746875 0.81015625 0.01875 0.0328125
0 0.00859375 0.796875 0.0171875 0.0375
0 0.603125 0.809375 0.0234375 0.0328125
0 0.64609375 0.08359375 0.01875 0.0328125
0 0.34140625 0.81953125 0.0234375 0.0421875
0 0.5 0.08359375 0.01875 0.0328125
0 0.5109375 0.83359375 0.01875 0.0328125
0 0.16796875 0.83046875 0.0234375 0.028125
0 0.9171875 0.84296875 0.01875 0.0328125
0 0.97734375 0.846875 0.0234375 0.0375
0 0.56796875 0.84453125 0.01875 0.0328125
0 0.08671875 0.8375 0.01875 0.0375
0 0.43125 0.84609375 0.0234375 0.0328125
0 0.9890625 0.09375 0.021875 0.0375
0 0.54375 0.08671875 0.01875 0.0421875
0 0.628125 0.8515625 0.028125 0.0375
0 0.22734375 0.846875 0.0296875 0.046875
0 0.83203125 0.8640625 0.01875 0.028125
0 0.715625 0.8671875 0.0234375 0.0328125
0 0.1421875 0.85703125 0.028125 0.0328125
0 0.0109375 0.86796875 0.021875 0.0421875
0 0.89375 0.884375 0.0234375 0.0421875
0 0.79609375 0.88515625 0.01875 0.028125
0 0.60390625 0.88359375 0.0140625 0.028125
0 0.05390625 0.87421875 0.028125 0.0421875
0 0.33125 0.87890625 0.028125 0.0328125
0 0.259375 0.88046875 0.0234375 0.0328125
0 0.67578125 0.88984375 0.0234375 0.028125
0 0.1828125 0.88359375 0.0234375 0.0375
0 0.46953125 0.88828125 0.01875 0.028125
0 0.43046875 0.89765625 0.01875 0.0328125
0 0.84921875 0.015625 0.01875 0.01875
0 0.93671875 0.0171875 0.0140625 0.01875
0 0.4578125 0.00859375 0.01875 0.0171875
0 0.375 0.903125 0.0234375 0.0375
0 0.5671875 0.90703125 0.01875 0.028125
0 0.6484375 0.909375 0.01875 0.0328125
0 0.5046875 0.909375 0.01875 0.0328125
0 0.95859375 0.0984375 0.01875 0.0328125
0 0.4234375 0.0890625 0.009375 0.0140625
0 0.03046875 0.084375 0.01875 0.0328125
0 0.59921875 0.9203125 0.0234375 0.0375
0 0.84140625 0.9296875 0.028125 0.0421875
0 0.7078125 0.92734375 0.0234375 0.0375
0 0.74921875 0.93984375 0.0234375 0.0328125
0 0.3046875 0.94375 0.0234375 0.0375
0 0.4640625 0.95078125 0.028125 0.0421875
0 0.140625 0.95 0.0234375 0.0375
0 0.35546875 0.95390625 0.0328125 0.0421875
0 0.1078125 0.9515625 0.028125 0.0328125
0 0.64921875 0.9609375 0.01875 0.028125
0 0.93203125 0.97109375 0.01875 0.0375
0 0.39765625 0.96171875 0.0234375 0.0234375
0 0.26796875 0.959375 0.0234375 0.0375
0 0.08046875 0.9609375 0.0234375 0.0375
0 0.61640625 0.9765625 0.0234375 0.028125
0 0.71796875 0.9796875 0.0234375 0.040625
0 0.775 0.98203125 0.028125 0.0359375
0 0.23203125 0.97421875 0.028125 0.0328125
0 0.8109375 0.9859375 0.01875 0.028125
0 0.8640625 0.9890625 0.028125 0.021875