0 0.696875 0.51328125 0.0203125 0.0515625
0 0.4328125 0.5171875 0.0203125 0.0515625
0 0.23671875 0.528125 0.025 0.0703125
0 0.38984375 0.525 0.0203125 0.0515625
0 0.75546875 0.5234375 0.0203125 0.05625
0 0.13515625 0.53828125 0.015625 0.0703125
0 0.86171875 0.5328125 0.0203125 0.05625
0 0.1515625 0.54765625 0.025 0.075
0 0.28125 0.5546875 0.0203125 0.046875
0 0.325 0.56328125 0.0203125 0.0609375
0 0.1171875 0.571875 0.0203125 0.075
0 0.25859375 0.5828125 0.0203125 0.0515625
0 0.2078125 0.584375 0.025 0.0609375
0 0.35546875 0.58828125 0.025 0.0609375
0 0.61015625 0.59140625 0.0203125 0.0515625
0 0.8 0.5890625 0.01875 0.0421875
0 0.059375 0.6046875 0.0296875 0.0796875
0 0.765625 0.5921875 0.0203125 0.0609375
0 0.290625 0.6078125 0.025 0.0703125
0 0.10078125 0.61328125 0.0203125 0.05625
0 0.73046875 0.60703125 0.0203125 0.065625
0 0.66171875 0.6265625 0.0203125 0.05625
0 0.25234375 0.6390625 0.025 0.065625
0 0.69921875 0.63828125 0.0203125 0.0515625
0 0.4140625 0.6453125 0.025 0.05625
0 0.7984375 0.63828125 0.0203125 0.05625
0 0.82890625 0.64765625 0.0203125 0.0609375
0 0.5484375 0.65234375 0.0203125 0.0609375
0 0.4953125 0.653125 0.0203125 0.05625
0 0.01484375 0.66796875 0.025 0.0609375
0 0.646875 0.6640625 0.0203125 0.05625
0 0.59375 0.6671875 0.025 0.065625
0 0.878125 0.67890625 0.025 0.065625
0 0.27890625 0.6984375 0.025 0.065625
0 0.3296875 0.69765625 0.025 0.065625
0 0.74609375 0.69296875 0.025 0.05625
0 0.46484375 0.70234375 0.0203125 0.0515625
0 0.21953125 0.7109375 0.025 0.075
0 0.37421875 0.715625 0.0203125 0.046875
0 0.5546875 0.71875 0.0140625 0.0421875
0 0.50625 0.721875 0.0203125 0.0609375
0 0.13359375 0.7421875 0.0296875 0.084375
0 0.38671875 0.76171875 0.025 0.0796875
0 0.4765625 0.76015625 0.025 0.0515625
0 0.3265625 0.7671875 0.025 0.065625
0 0.61796875 0.76875 0.0203125 0.05625
0 0.8890625 0.3796875 0.0203125 0.046875
0 0.78984375 0.38671875 0.009375 0.028125
0 0.67890625 0.38828125 0.0203125 0.05625
0 0.42890625 0.39296875 0.0140625 0.0328125
0 0.82265625 0.4 0.0140625 0.0375
0 0.63515625 0.40703125 0.0140625 0.0234375
0 0.31328125 0.4125 0.0140625 0.0375
0 0.50546875 0.409375 0.0203125 0.05625
0 0.70234375 0.40546875 0.0140625 0.0234375
0 0.4078125 0.4109375 0.009375 0.028125
0 0.73671875 0.4078125 0.0140625 0.0375
0 0.546875 0.4109375 0.0140625 0.0421875
0 0.2875 0.415625 0.009375 0.0328125
0 0.78046875 0.409375 0.015625 0.046875
0 0.65390625 0.4140625 0.0140625 0.0328125
0 0.51953125 0.41640625 0.0140625 0.0375
0 0.71796875 0.41484375 0.009375 0.0375
0 0.45 0.41953125 0.0140625 0.0234375
0 0.440625 0.421875 0.0140625 0.0328125
0 0.796875 0.415625 0.0140625 0.0328125
0 0.565625 0.4203125 0.0203125 0.05625
0 0.609375 0.41953125 0.009375 0.0375
0 0.24375 0.428125 0.0140625 0.0421875
0 0.64453125 0.42109375 0.009375 0.0375
0 0.7671875 0.41875 0.0140625 0.0328125
0 0.3546875 0.42578125 0.009375 0.0375
0 0.38046875 0.42578125 0.0140625 0.0234375
0 0.6 0.42421875 0.009375 0.028125
0 0.8390625 0.41953125 0.0203125 0.0515625
0 0.53984375 0.42734375 0.0203125 0.0609375
0 0.940625 0.4203125 0.0296875 0.0609375
0 0.4796875 0.43046875 0.0140625 0.0328125
0 0.59140625 0.42890625 0.009375 0.0421875
0 0.8828125 0.4234375 0.0140625 0.0375
0 0.91015625 0.4234375 0.0140625 0.0375
0 0.3421875 0.4359375 0.0140625 0.0234375
0 0.74453125 0.43125 0.009375 0.0375
0 0.62421875 0.4328125 0.0140625 0.0421875
0 0.43203125 0.43671875 0.0140625 0.028125
0 0.4 0.4390625 0.0140625 0.028125
0 0.853125 0.43125 0.015625 0.05625
0 0.31875 0.44296875 0.0203125 0.046875
0 0.4671875 0.440625 0.0140625 0.0234375
0 0.66328125 0.43671875 0.0140625 0.0375
0 0.2859375 0.4484375 0.0140625 0.0375
0 0.63359375 0.4421875 0.015625 0.046875
0 0.265625 0.4484375 0.0203125 0.046875
0 0.36953125 0.44921875 0.0140625 0.0234375
0 0.57578125 0.4453125 0.009375 0.0375
0 0.728125 0.44296875 0.015625 0.046875
0 0.3625 0.4515625 0.009375 0.028125
0 0.19609375 0.4546875 0.009375 0.0234375
0 0.69140625 0.44609375 0.015625 0.046875
0 0.79296875 0.44375 0.01875 0.0375
0 0.871875 0.44296875 0.015625 0.0515625
0 0.4921875 0.4515625 0.0140625 0.0421875
0 0.4203125 0.453125 0.0203125 0.046875
0 0.2078125 0.459375 0.015625 0.0515625
0 0.703125 0.45 0.0140625 0.0421875
0 0.228125 0.45859375 0.01875 0.0421875
0 0.809375 0.4484375 0.0203125 0.0609375
0 0.75859375 0.44921875 0.015625 0.0515625
0 0.978125 0.4453125 0.025 0.0609375
0 0.38828125 0.46015625 0.0203125 0.046875
0 0.2515625 0.46328125 0.0140625 0.028125
0 0.45546875 0.459375 0.0140625 0.0421875
0 0.11484375 0.465625 0.025 0.0609375
0 0.7171875 0.459375 0.0140625 0.0421875
0 0.2796875 0.4671875 0.009375 0.0375
0 0.8953125 0.45859375 0.015625 0.05625
0 0.775 0.4609375 0.015625 0.05625
0 0.48046875 0.465625 0.009375 0.0375
0 0.35078125 0.4703125 0.009375 0.0421875
0 0.525 0.4671875 0.0203125 0.0609375
0 0.64296875 0.465625 0.0203125 0.0609375
0 0.50390625 0.46953125 0.0203125 0.05625
0 0.603125 0.4703125 0.015625 0.046875
0 0.30234375 0.47734375 0.0203125 0.05625
0 0.40625 0.47578125 0.01875 0.0421875
0 0.4390625 0.475 0.0140625 0.0421875
0 0.67265625 0.4734375 0.015625 0.0609375
0 0.8859375 0.46953125 0.0140625 0.0328125
0 0.16640625 0.48203125 0.0203125 0.0796875
0 0.7421875 0.47265625 0.0203125 0.0515625
0 0.37734375 0.48125 0.01875 0.0421875
0 0.9140625 0.4765625 0.025 0.065625
0 0.471875 0.484375 0.0203125 0.046875
0 0.33828125 0.48671875 0.0203125 0.05625
0 0.5484375 0.4828125 0.0203125 0.065625
0 0.83828125 0.47734375 0.0203125 0.05625
0 0.56953125 0.484375 0.015625 0.0515625
0 0.95859375 0.478125 0.0203125 0.05625
0 0.3609375 0.48828125 0.015625 0.046875
0 0.26875 0.4921875 0.0203125 0.0609375
0 0.1484375 0.496875 0.0203125 0.046875
0 0.58828125 0.49140625 0.0203125 0.05625
0 0.79140625 0.4921875 0.0203125 0.046875
0 0.09453125 0.5046875 0.0203125 0.0609375
0 0.48828125 0.5 0.0203125 0.0515625
0 0.321875 0.503125 0.015625 0.046875
0 0.05078125 0.5078125 0.025 0.0609375
0 0.215625 0.50703125 0.0203125 0.065625
0 0.1921875 0.5078125 0.025 0.0703125
0 0.28671875 0.50859375 0.015625 0.0609375
0 0.2546875 0.50859375 0.0203125 0.0609375
0 0.62734375 0.5046875 0.0203125 0.0515625
0 0.659375 0.50390625 0.025 0.0515625
0 0.721875 0.503125 0.0203125 0.05625
0 0.07421875 0.5171875 0.0296875 0.075
0 0.8796875 0.5078125 0.0203125 0.046875