0 0.678125 0.2140625 0.0421875 0.0609375
0 0.4234375 0.1640625 0.05 0.075
0 0.7671875 0.23125 0.0453125 0.05625
0 0.6390625 0.2109375 0.05 0.0578125
0 0.98515625 0.27890625 0.0296875 0.0515625
0 0.52890625 0.20390625 0.0421875 0.0609375
0 0.88515625 0.278125 0.0453125 0.05625
0 0.44609375 0.25625 0.046875 0.065625
0 0.021875 0.42578125 0.021875 0.0484375
0 0.27421875 0.53203125 0.025 0.034375
0 0.03828125 0.49765625 0.0359375 0.0453125
0 0.25234375 0.56015625 0.0234375 0.03125
0 0.21328125 0.57890625 0.025 0.0390625
0 0.22890625 0.659375 0.0296875 0.0359375
0 0.27421875 0.70390625 0.0296875 0.040625
0 0.0671875 0.675 0.0359375 0.05
0 0.01796875 0.684375 0.0359375 0.05625
0 0.06171875 0.740625 0.0453125 0.05625
0 0.121875 0.75703125 0.046875 0.0609375
0 0.18046875 0.7703125 0.0328125 0.0546875
0 0.04609375 0.75859375 0.040625 0.05625
0 0.0921875 0.8 0.0375 0.0546875
0 0.1984375 0.8375 0.0515625 0.0453125