0 0.3359375 0.6140625 0.0109375 0.0140625
0 0.378125 0.61640625 0.0359375 0.0484375
0 0.625 0.63671875 0.021875 0.0375
0 0.02421875 0.596875 0.0296875 0.0296875
0 0.26953125 0.6140625 0.0296875 0.034375
0 0.32265625 0.61796875 0.015625 0.0296875
0 0.28984375 0.61796875 0.0109375 0.0140625
0 0.11171875 0.60546875 0.015625 0.0296875
0 0.45390625 0.63125 0.0109375 0.0140625
0 0.1578125 0.6109375 0.015625 0.025
0 0.48125 0.6359375 0.0265625 0.0515625
0 0.5765625 0.6421875 0.0109375 0.0140625
0 0.509375 0.6375 0.0265625 0.046875
0 0.29609375 0.62265625 0.00625 0.0234375
0 0.58671875 0.6453125 0.0109375 0.0140625
0 0.41875 0.63359375 0.0109375 0.0140625
0 0.43984375 0.63515625 0.0265625 0.0375
0 0.3078125 0.628125 0.0109375 0.0234375
0 0.34375 0.6359375 0.0265625 0.0375
0 0.53359375 0.65078125 0.03125 0.053125
0 0.78046875 0.67109375 0.021875 0.0421875
0 0.25859375 0.63671875 0.0265625 0.046875
0 0.40078125 0.64921875 0.025 0.0203125
0 0.609375 0.66328125 0.0265625 0.0375
0 0.18671875 0.63359375 0.0359375 0.0625
0 0.0125 0.63828125 0.025 0.1171875
0 0.88125 0.721875 0.03125 0.053125
0 0.059375 0.5625 0.0359375 0.053125
0 0.61484375 0.6125 0.015625 0.0296875
0 0.478125 0.60703125 0.015625 0.015625
0 0.23125 0.5921875 0.0265625 0.0375
0 0.20390625 0.59296875 0.021875 0.0375
0 0.1875 0.59375 0.025 0.0328125
0 0.9 0.64375 0.0265625 0.05625
0 0.66484375 0.62734375 0.015625 0.0296875
0 0.0921875 0.5875 0.025 0.0328125
0 0.4015625 0.61171875 0.0203125 0.0296875
0 0.44296875 0.61640625 0.0203125 0.0203125
0 0.68125 0.63359375 0.021875 0.0375
0 0.14921875 0.5984375 0.021875 0.0515625
0 0.721875 0.63828125 0.015625 0.0296875
0 0.13125 0.596875 0.0265625 0.0515625
0 0.5609375 0.62734375 0.0265625 0.0421875