0 0.61953125 0.29921875 0.025 0.0296875
0 0.9140625 0.3046875 0.0390625 0.0484375
0 0.52578125 0.3296875 0.0390625 0.053125
0 0.83359375 0.31796875 0.034375 0.0484375
0 0.8796875 0.31796875 0.0390625 0.053125
0 0.3953125 0.35 0.025 0.0328125
0 0.97734375 0.31953125 0.0203125 0.0421875
0 0.49921875 0.346875 0.0296875 0.0328125
0 0.6578125 0.33828125 0.0390625 0.0390625
0 0.76953125 0.3328125 0.034375 0.0484375
0 0.621875 0.3453125 0.034375 0.0625
0 0.55234375 0.353125 0.03125 0.046875
0 0.1875 0.375 0.0390625 0.053125
0 0.04609375 0.38203125 0.05 0.0765625
0 0.275 0.37265625 0.04375 0.053125
0 0.38671875 0.3734375 0.04375 0.0484375
0 0.090625 0.39609375 0.0390625 0.053125
0 0.7453125 0.36171875 0.034375 0.04375
0 0.47734375 0.378125 0.04375 0.053125
0 0.45 0.38203125 0.0390625 0.053125
0 0.12421875 0.39921875 0.034375 0.053125
0 0.21796875 0.39453125 0.0390625 0.04375
0 0.4171875 0.3859375 0.034375 0.0484375
0 0.715625 0.3703125 0.025 0.0328125
0 0.8015625 0.37109375 0.0390625 0.04375
0 0.91953125 0.36484375 0.0390625 0.0484375
0 0.57578125 0.3921875 0.0390625 0.0578125
0 0.2453125 0.41640625 0.034375 0.0578125
0 0.6984375 0.39296875 0.0390625 0.053125
0 0.26640625 0.41796875 0.03125 0.0515625
0 0.4671875 0.40859375 0.025 0.0421875
0 0.215625 0.43359375 0.034375 0.0625
0 0.30390625 0.4359375 0.0390625 0.0625
0 0.3484375 0.44765625 0.0390625 0.053125
0 0.86171875 0.4234375 0.0734375 0.078125
0 0.06484375 0.51328125 0.0390625 0.0625
0 0.0953125 0.59765625 0.034375 0.053125
0 0.78515625 0.58203125 0.0453125 0.0671875
0 0.97265625 0.58359375 0.04375 0.053125
0 0.8921875 0.590625 0.053125 0.0578125
0 0.346875 0.62109375 0.0390625 0.0578125
0 0.70078125 0.61015625 0.0390625 0.0484375
0 0.62734375 0.62578125 0.04375 0.053125
0 0.6015625 0.62890625 0.0203125 0.0375
0 0.45859375 0.64140625 0.04375 0.053125
0 0.6734375 0.6328125 0.04375 0.0484375
0 0.05 0.66953125 0.03125 0.0515625
0 0.21640625 0.6609375 0.0390625 0.053125
0 0.103125 0.671875 0.034375 0.04375
0 0.1453125 0.66953125 0.034375 0.04375
0 0.5703125 0.65 0.0390625 0.053125
0 0.36015625 0.66328125 0.0390625 0.0578125
0 0.72109375 0.65 0.034375 0.0484375
0 0.028125 0.69140625 0.025 0.0421875
0 0.278125 0.6828125 0.03125 0.046875