0 0.03203125 0.32578125 0.0359375 0.0625
0 0.075 0.33125 0.034375 0.053125
0 0.02421875 0.35 0.0234375 0.0390625
0 0.1078125 0.40546875 0.0359375 0.0625
0 0.0796875 0.41171875 0.034375 0.0578125
0 0.7796875 0.52265625 0.0390625 0.06875
0 0.8390625 0.534375 0.0328125 0.0484375
0 0.01328125 0.4375 0.025 0.053125
0 0.52578125 0.50078125 0.034375 0.0578125
0 0.4828125 0.50234375 0.0296875 0.053125
0 0.109375 0.4890625 0.0359375 0.0625
0 0.02890625 0.4859375 0.04375 0.0640625
0 0.125 0.51484375 0.0296875 0.053125
0 0.06328125 0.50703125 0.0328125 0.0484375
0 0.00546875 0.50859375 0.0109375 0.0421875
0 0.23125 0.5390625 0.021875 0.0296875
0 0.69140625 0.61484375 0.0390625 0.0640625
0 0.27890625 0.56796875 0.0328125 0.0484375
0 0.83046875 0.6359375 0.034375 0.053125
0 0.3203125 0.57578125 0.0328125 0.04375
0 0.78203125 0.634375 0.03125 0.0265625
0 0.38671875 0.58828125 0.0296875 0.053125
0 0.43671875 0.59921875 0.034375 0.053125
0 0.8953125 0.6578125 0.03125 0.0625
0 0.5484375 0.61796875 0.0390625 0.0640625
0 0.9484375 0.671875 0.0390625 0.059375
0 0.47421875 0.61328125 0.025 0.053125
0 0.378125 0.60390625 0.034375 0.053125
0 0.9078125 0.67109375 0.0296875 0.0578125
0 0.4140625 0.61328125 0.03125 0.0625
0 0.59296875 0.63515625 0.0390625 0.0640625
0 0.49140625 0.625 0.0296875 0.053125
0 0.840625 0.66796875 0.034375 0.0578125
0 0.71640625 0.6546875 0.04375 0.06875
0 0.6765625 0.659375 0.0234375 0.0390625
0 0.08984375 0.5875 0.04375 0.059375
0 0.7703125 0.6734375 0.0375 0.0546875
0 0.65703125 0.66171875 0.034375 0.053125
0 0.203125 0.60625 0.0359375 0.0671875
0 0.1625 0.60546875 0.0390625 0.06875
0 0.1328125 0.6046875 0.040625 0.0734375
0 0.04453125 0.63984375 0.034375 0.0578125
0 0.0046875 0.6609375 0.009375 0.04375
0 0.296875 0.71015625 0.0390625 0.0640625
0 0.49375 0.74140625 0.0390625 0.06875
0 0.43828125 0.7421875 0.03125 0.0671875
0 0.2546875 0.7265625 0.0296875 0.0578125
0 0.2234375 0.73671875 0.0453125 0.0828125
0 0.6140625 0.7921875 0.0390625 0.0640625
0 0.1796875 0.73828125 0.0375 0.0546875
0 0.09375 0.7328125 0.0359375 0.0671875
0 0.8015625 0.82109375 0.0359375 0.0625
0 0.1609375 0.75703125 0.034375 0.053125
0 0.11875 0.75625 0.04375 0.059375
0 0.05078125 0.759375 0.0390625 0.059375
0 0.6921875 0.88984375 0.0453125 0.0734375
0 0.8109375 0.90859375 0.028125 0.04375
0 0.9125 0.9234375 0.0375 0.0546875
0 0.5359375 0.89140625 0.0484375 0.06875
0 0.60234375 0.925 0.0484375 0.06875
0 0.4546875 0.909375 0.0390625 0.06875
0 0.7359375 0.9484375 0.040625 0.078125
0 0.78046875 0.96328125 0.0453125 0.0734375
0 0.4875 0.9390625 0.04375 0.06875
0 0.33828125 0.928125 0.059375 0.0796875
0 0.83125 0.978125 0.04375 0.04375
0 0.703125 0.978125 0.04375 0.04375
0 0.39609375 0.9515625 0.053125 0.0703125
0 0.6203125 0.97578125 0.04375 0.0484375
0 0.50859375 0.98125 0.0453125 0.0375
0 0.6640625 0.30546875 0.0390625 0.059375