0 0.23984375 0.30546875 0.040625 0.0734375
0 0.6609375 0.23515625 0.0484375 0.0703125
0 0.29609375 0.3109375 0.0453125 0.075
0 0.403125 0.33046875 0.046875 0.0609375
0 0.49453125 0.3125 0.05625 0.0859375
0 0.571875 0.14140625 0.0453125 0.05625
0 0.24375 0.21484375 0.040625 0.06875
0 0.3078125 0.2046875 0.0375 0.0546875
0 0.45390625 0.17890625 0.05 0.0796875
0 0.1375 0.2734375 0.05 0.075
0 0.5109375 0.20546875 0.0484375 0.0703125
0 0.784375 0.15703125 0.053125 0.071875
0 0.38046875 0.2375 0.040625 0.06875
0 0.74921875 0.16796875 0.0453125 0.075
0 0.4234375 0.24140625 0.0421875 0.065625
0 0.1 0.30859375 0.0546875 0.08125
0 0.70859375 0.20234375 0.0546875 0.0765625
0 0.34765625 0.275 0.05 0.0796875
0 0.1890625 0.3078125 0.05 0.0796875
0 0.5640625 0.23515625 0.05 0.0796875
0 0.61484375 0.23046875 0.0546875 0.08125