0 0.065625 0.53671875 0.04375 0.03125
0 0.9125 0.5984375 0.034375 0.0296875
0 0.25234375 0.5546875 0.034375 0.0296875
0 0.59609375 0.58125 0.034375 0.034375
0 0.70546875 0.5890625 0.0296875 0.0296875
0 0.48515625 0.578125 0.0296875 0.0296875
0 0.12734375 0.55546875 0.0296875 0.0203125
0 0.275 0.565625 0.0390625 0.034375
0 0.39765625 0.57421875 0.034375 0.0296875
0 0.79140625 0.60625 0.0328125 0.025
0 0.67421875 0.60078125 0.034375 0.034375
0 0.89375 0.61875 0.03125 0.04375
0 0.12421875 0.56875 0.04375 0.034375
0 0.57109375 0.609375 0.0296875 0.0296875
0 0.9140625 0.08828125 0.0203125 0.025
0 0.45625 0.603125 0.0296875 0.025
0 0.3265625 0.59921875 0.03125 0.0390625
0 0.21875 0.5984375 0.04375 0.034375
0 0.971875 0.6515625 0.0375 0.021875
0 0.8703125 0.64921875 0.0296875 0.0296875
0 0.45234375 0.61953125 0.0296875 0.034375
0 0.56484375 0.065625 0.0203125 0.025
0 0.36875 0.6234375 0.034375 0.0296875
0 0.96171875 0.66484375 0.0328125 0.025
0 0.3640625 0.05390625 0.0328125 0.025
0 0.6296875 0.07265625 0.0296875 0.025
0 0.63984375 0.65859375 0.0296875 0.034375
0 0.66953125 0.66328125 0.0296875 0.0296875
0 0.74609375 0.6703125 0.0296875 0.0296875
0 0.9515625 0.6875 0.0390625 0.03125
0 0.85859375 0.0890625 0.0296875 0.0203125
0 0.103125 0.6296875 0.034375 0.0390625
0 0.51875 0.66328125 0.034375 0.0296875
0 0.17421875 0.64140625 0.04375 0.0390625
0 0.340625 0.65546875 0.0390625 0.0390625
0 0.06328125 0.640625 0.034375 0.0296875
0 0.6109375 0.07421875 0.0296875 0.0296875
0 0.94296875 0.70703125 0.034375 0.034375
0 0.6265625 0.6875 0.025 0.0328125
0 0.7609375 0.084375 0.0375 0.0265625
0 0.1515625 0.04140625 0.0296875 0.025
0 0.52421875 0.6828125 0.034375 0.0296875
0 0.2859375 0.67265625 0.0484375 0.0359375
0 0.6015625 0.70234375 0.025 0.0296875
0 0.1625 0.6734375 0.0390625 0.034375
0 0.05234375 0.66640625 0.0390625 0.03125
0 0.9359375 0.7375 0.0296875 0.0296875
0 0.85 0.73359375 0.0265625 0.0375
0 0.3765625 0.7078125 0.0390625 0.034375
0 0.184375 0.69765625 0.034375 0.0390625
0 0.01796875 0.6859375 0.0359375 0.03125
0 0.91875 0.75390625 0.0296875 0.0296875
0 0.465625 0.72734375 0.0328125 0.0203125
0 0.134375 0.04765625 0.0375 0.0265625
0 0.35859375 0.72890625 0.025 0.0296875
0 0.8109375 0.76328125 0.0484375 0.03125
0 0.1390625 0.71796875 0.034375 0.0296875
0 0.7484375 0.7609375 0.0296875 0.0296875
0 0.01796875 0.7109375 0.0359375 0.03125
0 0.12734375 0.721875 0.0296875 0.0203125
0 0.89609375 0.77578125 0.0296875 0.034375
0 0.47265625 0.75078125 0.0390625 0.03125
0 0.79765625 0.09609375 0.0296875 0.025
0 0.36953125 0.74375 0.0390625 0.03125
0 0.5828125 0.7703125 0.034375 0.0296875
0 0.121875 0.73828125 0.0484375 0.03125
0 0.66640625 0.7765625 0.0390625 0.034375
0 0.9703125 0.80234375 0.021875 0.0375
0 0.90390625 0.79765625 0.034375 0.0390625
0 0.559375 0.778125 0.0296875 0.0296875
0 0.33984375 0.765625 0.0390625 0.034375
0 0.2171875 0.76171875 0.0390625 0.03125
0 0.653125 0.79609375 0.0328125 0.025
0 0.9375 0.81796875 0.04375 0.034375
0 0.765625 0.80859375 0.0390625 0.034375
0 0.81015625 0.81171875 0.034375 0.0390625
0 0.5078125 0.790625 0.0375 0.0265625
0 0.103125 0.7640625 0.034375 0.034375
0 0.44921875 0.78828125 0.0390625 0.034375
0 0.45234375 0.00703125 0.0328125 0.0140625
0 0.084375 0.76796875 0.04375 0.034375
0 0.7453125 0.81640625 0.0296875 0.0296875
0 0.6515625 0.8171875 0.0296875 0.0296875
0 0.87578125 0.8328125 0.034375 0.034375
0 0.18984375 0.78671875 0.04375 0.03125
0 0.321875 0.79609375 0.0296875 0.0296875
0 0.540625 0.81171875 0.04375 0.034375
0 0.42265625 0.80546875 0.0484375 0.03125
0 0.41484375 0.8234375 0.04375 0.03125
0 0.296875 0.8203125 0.0375 0.0265625
0 0.871875 0.8625 0.04375 0.03125
0 0.73046875 0.8578125 0.0390625 0.04375
0 0.62890625 0.853125 0.0390625 0.0390625
0 0.06484375 0.8171875 0.0390625 0.034375
0 0.95625 0.8796875 0.0390625 0.0390625
0 0.4015625 0.84296875 0.04375 0.03125
0 0.5265625 0.8515625 0.0390625 0.034375
0 0.34921875 0.07421875 0.0375 0.0265625
0 0.30234375 0.8453125 0.0390625 0.034375
0 0.26953125 0.84296875 0.034375 0.0296875
0 0.584375 0.090625 0.0296875 0.025
0 0.0359375 0.83203125 0.034375 0.034375
0 0.94140625 0.11796875 0.025 0.0203125
0 0.6328125 0.8828125 0.034375 0.034375
0 0.390625 0.865625 0.0328125 0.0203125
0 0.02109375 0.84453125 0.0390625 0.03125
0 0.45703125 0.084375 0.025 0.0296875
0 0.5015625 0.8828125 0.034375 0.0390625
0 0.91875 0.9171875 0.0328125 0.025
0 0.3828125 0.8796875 0.04375 0.03125
0 0.2625 0.07265625 0.034375 0.0296875
0 0.596875 0.9015625 0.0390625 0.034375
0 0.26171875 0.88046875 0.0328125 0.025
0 0.9359375 0.93828125 0.034375 0.034375
0 0.3703125 0.9015625 0.034375 0.0296875
0 0.009375 0.8796875 0.01875 0.034375
0 0.0296875 0.884375 0.0390625 0.034375
0 0.434375 0.0875 0.0296875 0.0296875
0 0.61171875 0.925 0.03125 0.0390625
0 0.2625 0.90546875 0.034375 0.034375
0 0.90859375 0.96015625 0.0296875 0.034375
0 0.2296875 0.9125 0.034375 0.0296875
0 0.746875 0.953125 0.0390625 0.03125
0 0.6578125 0.103125 0.0328125 0.025
0 0.8203125 0.95859375 0.034375 0.0296875
0 0.3421875 0.92734375 0.04375 0.03125
0 0.11640625 0.91640625 0.034375 0.0296875
0 0.7484375 0.96328125 0.0390625 0.03125
0 0.221875 0.93046875 0.0375 0.021875
0 0.8171875 0.975 0.0296875 0.034375
0 0.53984375 0.09609375 0.0296875 0.025
0 0.63671875 0.103125 0.0296875 0.025
0 0.33671875 0.08203125 0.0390625 0.03125
0 0.3875 0.0859375 0.0296875 0.025
0 0.9234375 0.9859375 0.034375 0.028125
0 0.10078125 0.93203125 0.034375 0.034375
0 0.32890625 0.95234375 0.025 0.0203125
0 0.56875 0.97421875 0.0390625 0.034375
0 0.3234375 0.9609375 0.034375 0.0296875
0 0.221875 0.95625 0.04375 0.03125
0 0.815625 0.99140625 0.025 0.0171875
0 0.66953125 0.9890625 0.0484375 0.021875
0 0.2140625 0.078125 0.025 0.025
0 0.0546875 0.0671875 0.034375 0.0296875
0 0.56171875 0.98984375 0.0421875 0.0203125
0 0.0546875 0.07421875 0.0296875 0.0203125
0 0.30859375 0.0921875 0.0484375 0.03125
0 0.76015625 0.128125 0.025 0.015625
0 0.915625 0.1390625 0.0296875 0.0296875
0 0.996875 0.146875 0.00625 0.025
0 0.8484375 0.03515625 0.0328125 0.025
0 0.3421875 0.00625 0.0375 0.0125
0 0.19375 0.09765625 0.0390625 0.03125
0 0.98515625 0.15234375 0.0296875 0.0203125
0 0.378125 0.1109375 0.025 0.025
0 0.40625 0.1125 0.025 0.025
0 0.80625 0.14296875 0.0390625 0.034375
0 0.48671875 0.12578125 0.0375 0.0265625
0 0.74375 0.14375 0.0390625 0.03125
0 0.5953125 0.13515625 0.034375 0.0296875
0 0.7375 0.0296875 0.0296875 0.0203125
0 0.2140625 0.1109375 0.0375 0.0265625
0 0.1625 0.11484375 0.0328125 0.025
0 0.2375 0.0046875 0.034375 0.009375
0 0.48125 0.1390625 0.0296875 0.0296875
0 0.29453125 0.128125 0.0328125 0.025
0 0.55859375 0.14921875 0.0296875 0.0296875
0 0.58203125 0.15078125 0.0296875 0.025
0 0.6703125 0.15703125 0.0296875 0.0296875
0 0.7921875 0.1703125 0.0296875 0.025
0 0.4046875 0.14296875 0.0203125 0.025
0 0.1453125 0.12734375 0.0328125 0.025
0 0.27734375 0.13671875 0.0375 0.0265625
0 0.36875 0.14296875 0.0296875 0.0296875
0 0.92421875 0.04453125 0.0296875 0.0203125
0 0.4546875 0.15546875 0.0296875 0.0296875
0 0.9296875 0.18828125 0.034375 0.0296875
0 0.2421875 0.1453125 0.034375 0.0296875
0 0.5375 0.1703125 0.0296875 0.0296875
0 0.3171875 0.1578125 0.0296875 0.034375
0 0.7484375 0.18984375 0.034375 0.0296875
0 0.33828125 0.16328125 0.0296875 0.025
0 0.4140625 0.16875 0.025 0.0296875
0 0.921875 0.21640625 0.025 0.025
0 0.35546875 0.18125 0.0296875 0.0296875
0 0.5640625 0.021875 0.0296875 0.0296875
0 0.73671875 0.21015625 0.0296875 0.025
0 0.5140625 0.196875 0.025 0.0296875
0 0.42734375 0.01484375 0.025 0.025
0 0.70859375 0.034375 0.025 0.025
0 0.828125 0.2234375 0.0328125 0.025
0 0.43046875 0.1984375 0.025 0.025
0 0.178125 0.1828125 0.0328125 0.025
0 0.99140625 0.2453125 0.0171875 0.025
0 0.5265625 0.21953125 0.0296875 0.025
0 0.9875 0.25546875 0.025 0.0296875
0 0.48046875 0.21953125 0.0296875 0.0296875
0 0.6234375 0.03125 0.0296875 0.0296875
0 0.2140625 0.00703125 0.025 0.0140625
0 0.159375 0.20234375 0.04375 0.03125
0 0.97421875 0.2640625 0.01875 0.0109375
0 0.79140625 0.253125 0.025 0.0203125
0 0.8828125 0.2640625 0.0328125 0.025
0 0.76953125 0.26328125 0.0296875 0.0203125
0 0.03515625 0.2125 0.034375 0.0296875
0 0.975 0.28046875 0.0203125 0.025
0 0.1390625 0.22421875 0.0484375 0.040625
0 0.346875 0.240625 0.0328125 0.025
0 0.6484375 0.03515625 0.034375 0.0296875
0 0.53046875 0.0265625 0.034375 0.0296875
0 0.86328125 0.2796875 0.0296875 0.0203125
0 0.6625 0.26796875 0.0328125 0.025
0 0.96015625 0.28828125 0.0296875 0.0203125
0 0.75859375 0.28125 0.0390625 0.034375
0 0.85625 0.29296875 0.025 0.025
0 0.65703125 0.28125 0.0328125 0.025
0 0.4171875 0.02109375 0.025 0.0203125
0 0.83828125 0.30546875 0.0328125 0.025
0 0.996875 0.31875 0.00625 0.025
0 0.31875 0.2734375 0.0296875 0.025
0 0.803125 0.30703125 0.034375 0.0390625
0 0.52421875 0.28828125 0.034375 0.0296875
0 0.7359375 0.30234375 0.0296875 0.034375
0 0.45 0.28515625 0.0375 0.0265625
0 0.09453125 0.26484375 0.0296875 0.0203125
0 0.2140625 0.27578125 0.0328125 0.025
0 0.10234375 0.009375 0.0296875 0.01875
0 0.428125 0.3 0.0328125 0.025
0 0.08203125 0.27578125 0.0296875 0.025
0 0.98828125 0.34375 0.0234375 0.025
0 0.2953125 0.29765625 0.034375 0.0296875
0 0.928125 0.34453125 0.0296875 0.025
0 0.60546875 0.32421875 0.0390625 0.03125
0 0.828125 0.05390625 0.0390625 0.03125
0 0.396875 0.31640625 0.0328125 0.025
0 0.190625 0.3046875 0.0296875 0.034375
0 0.5859375 0.334375 0.0296875 0.0296875
0 0.19921875 0.0109375 0.0328125 0.021875
0 0.15859375 0.30703125 0.0328125 0.025
0 0.05390625 0.30234375 0.0296875 0.025
0 0.26640625 0.31953125 0.0328125 0.025
0 0.0359375 0.3078125 0.034375 0.0296875
0 0.684375 0.353125 0.0328125 0.025
0 0.965625 0.38359375 0.0390625 0.034375
0 0.3953125 0.34375 0.034375 0.034375
0 0.36640625 0.3515625 0.0296875 0.025
0 0.35234375 0.36171875 0.0296875 0.025
0 0.6546875 0.38515625 0.034375 0.0296875
0 0.83203125 0.4 0.0328125 0.025
0 0.38828125 0.371875 0.0296875 0.025
0 0.93046875 0.41171875 0.025 0.015625
0 0.74765625 0.40390625 0.0328125 0.025
0 0.32109375 0.37421875 0.025 0.0203125
0 0.77109375 0.4078125 0.034375 0.0296875
0 0.1015625 0.3609375 0.0390625 0.03125
0 0.925 0.4234375 0.0296875 0.0203125
0 0.73359375 0.4125 0.0328125 0.025
0 0.08203125 0.36875 0.0328125 0.025
0 0.53046875 0.4 0.0296875 0.0296875
0 0.59921875 0.04453125 0.025 0.025
0 0.50625 0.040625 0.0296875 0.0296875
0 0.50625 0.409375 0.0375 0.0265625
0 0.3140625 0.3984375 0.0296875 0.025
0 0.19453125 0.38984375 0.0484375 0.03125
0 0.91953125 0.440625 0.025 0.0203125
0 0.7234375 0.43203125 0.0375 0.0265625
0 0.83359375 0.44453125 0.0328125 0.025
0 0.9203125 0.45703125 0.0296875 0.0296875
0 0.2765625 0.4125 0.0421875 0.0265625
0 0.16484375 0.40703125 0.0328125 0.025
0 0.48984375 0.4390625 0.0328125 0.025
0 0.4140625 0.03671875 0.025 0.025
0 0.796875 0.4671875 0.025 0.025
0 0.25625 0.43203125 0.0390625 0.03125
0 0.984375 0.48515625 0.03125 0.0296875
0 0.89375 0.07265625 0.025 0.025
0 0.89296875 0.4859375 0.034375 0.0296875
0 0.48203125 0.45703125 0.0390625 0.03125
0 0.140625 0.4359375 0.0375 0.0265625
0 0.7859375 0.48359375 0.0296875 0.025
0 0.11875 0.44296875 0.0375 0.0265625
0 0.675 0.484375 0.0328125 0.025
0 0.4 0.040625 0.0296875 0.025
0 0.34609375 0.4703125 0.0484375 0.0359375
0 0.45078125 0.478125 0.0375 0.0265625
0 0.87578125 0.5078125 0.025 0.025
0 0.9875 0.51484375 0.025 0.0296875
0 0.30859375 0.47734375 0.0328125 0.0203125
0 0.13125 0.46484375 0.0375 0.0265625
0 0.16875 0.02421875 0.025 0.025
0 0.653125 0.50859375 0.0390625 0.03125
0 0.85546875 0.525 0.0296875 0.0203125
0 0.77734375 0.51953125 0.0296875 0.0296875
0 0.428125 0.50234375 0.0390625 0.03125
0 0.96796875 0.08203125 0.0296875 0.025
0 0.05859375 0.01875 0.0375 0.0265625
0 0.27734375 0.034375 0.0328125 0.025
0 0.55625 0.5203125 0.0390625 0.0390625
0 0.11328125 0.49140625 0.034375 0.0296875
0 0.07421875 0.4890625 0.0390625 0.03125
0 0.30234375 0.5046875 0.034375 0.0296875
0 0.846875 0.54765625 0.025 0.0296875
0 0.528125 0.53046875 0.0390625 0.034375
0 0.634375 0.54140625 0.0328125 0.025
0 0.82109375 0.55703125 0.034375 0.0390625
0 0.925 0.5640625 0.0390625 0.04375
0 0.62265625 0.54296875 0.034375 0.0296875
0 0.1671875 0.51328125 0.0390625 0.03125
0 0.27109375 0.5234375 0.0375 0.021875
0 0.20390625 0.52109375 0.034375 0.0296875
0 0.27890625 0.5375 0.0328125 0.0203125
0 0.50546875 0.55625 0.04375 0.03125
0 0.39453125 0.553125 0.0390625 0.03125
0 0.803125 0.58125 0.0390625 0.03125
0 0.615625 0.57109375 0.0296875 0.0296875
0 0.85078125 0.5875 0.034375 0.034375
0 0.1625 0.54140625 0.04375 0.034375
0 0.94375 0.59609375 0.034375 0.0296875