0 0.04921875 0.7046875 0.0828125 0.175
0 0.128125 0.70234375 0.1109375 0.18125
0 0.3671875 0.76171875 0.1453125 0.2203125
0 0.521875 0.78359375 0.1046875 0.1625
0 0.96640625 0.88671875 0.0671875 0.1703125
0 0.83046875 0.090625 0.096875 0.1796875
0 0.67421875 0.1015625 0.11875 0.1671875
0 0.95 0.1953125 0.06875 0.1734375
0 0.02734375 0.05078125 0.0546875 0.0546875
0 0.08125 0.32734375 0.096875 0.165625
0 0.42421875 0.0375 0.078125 0.071875
0 0.2515625 0.359375 0.1046875 0.171875
0 0.52578125 0.37578125 0.1234375 0.171875
0 0.67578125 0.41171875 0.0921875 0.1609375
0 0.17734375 0.06015625 0.084375 0.0921875
0 0.303125 0.05546875 0.0828125 0.0921875
0 0.76953125 0.46015625 0.08125 0.1421875
0 0.59609375 0.04921875 0.0890625 0.0984375