0 0.45078125 0.19609375 0.0328125 0.0328125
0 0.30078125 0.225 0.0234375 0.03125
0 0.53671875 0.1859375 0.0234375 0.034375
0 0.39765625 0.2125 0.0296875 0.040625
0 0.728125 0.1546875 0.0296875 0.0453125
0 0.478125 0.1984375 0.034375 0.040625
0 0.68984375 0.16328125 0.0390625 0.0515625
0 0.51875 0.19375 0.025 0.0390625
0 0.88203125 0.13203125 0.025 0.04375
0 0.4984375 0.19921875 0.025 0.0390625
0 0.309375 0.23515625 0.028125 0.03125
0 0.803125 0.15546875 0.046875 0.0703125
0 0.26171875 0.253125 0.0234375 0.03125
0 0.46875 0.21640625 0.0234375 0.03125
0 0.31875 0.246875 0.0234375 0.03125
0 0.43515625 0.2265625 0.028125 0.0359375
0 0.3875 0.2375 0.0296875 0.040625
0 0.2328125 0.26484375 0.01875 0.0296875
0 0.2484375 0.26171875 0.0234375 0.03125
0 0.28125 0.25859375 0.0296875 0.040625
0 0.3359375 0.24921875 0.028125 0.0359375
0 0.37265625 0.24453125 0.0296875 0.040625
0 0.4078125 0.24296875 0.0296875 0.040625
0 0.3609375 0.25390625 0.0234375 0.034375
0 0.90625 0.1625 0.0515625 0.0671875
0 0.30390625 0.27109375 0.0296875 0.040625
0 0.49140625 0.240625 0.034375 0.040625
0 0.8359375 0.1796875 0.040625 0.05625
0 0.6265625 0.21875 0.0328125 0.0328125
0 0.52890625 0.2359375 0.0375 0.0421875
0 0.590625 0.228125 0.040625 0.05625
0 0.2375 0.28984375 0.028125 0.03125
0 0.17890625 0.303125 0.0234375 0.03125
0 0.45234375 0.2546875 0.034375 0.040625
0 0.7328125 0.20546875 0.034375 0.040625
0 0.15234375 0.3125 0.021875 0.0265625
0 0.20234375 0.303125 0.0328125 0.0328125
0 0.878125 0.19140625 0.05 0.0625
0 0.46796875 0.26640625 0.034375 0.040625
0 0.2796875 0.3015625 0.028125 0.0359375
0 0.66328125 0.23671875 0.0390625 0.0515625
0 0.21875 0.31953125 0.0375 0.0421875
0 0.6140625 0.25 0.04375 0.0515625
0 0.640625 0.2453125 0.0328125 0.0328125
0 0.26015625 0.3125 0.0296875 0.0453125
0 0.09375 0.34375 0.028125 0.03125
0 0.76640625 0.225 0.040625 0.05625
0 0.16328125 0.334375 0.0171875 0.0203125
0 0.440625 0.28515625 0.034375 0.040625
0 0.24375 0.32265625 0.028125 0.03125
0 0.3671875 0.3046875 0.040625 0.05625
0 0.4859375 0.28359375 0.034375 0.0453125
0 0.18359375 0.34140625 0.028125 0.0359375
0 0.43203125 0.3 0.028125 0.03125
0 0.1546875 0.35390625 0.0234375 0.03125
0 0.5265625 0.290625 0.0296875 0.0453125
0 0.8296875 0.2375 0.034375 0.0453125
0 0.103125 0.36796875 0.0328125 0.0359375
0 0.13203125 0.3625 0.028125 0.03125
0 0.0875 0.37265625 0.0234375 0.034375
0 0.70546875 0.26640625 0.046875 0.065625
0 0.12421875 0.378125 0.021875 0.0265625
0 0.221875 0.36328125 0.028125 0.0359375
0 0.5984375 0.296875 0.040625 0.05625
0 0.28125 0.353125 0.0296875 0.0453125
0 0.17734375 0.3734375 0.034375 0.040625
0 0.81015625 0.26171875 0.05 0.0625
0 0.6609375 0.290625 0.05 0.0578125
0 0.62890625 0.2984375 0.0390625 0.0515625
0 0.2625 0.365625 0.028125 0.0359375
0 0.153125 0.38515625 0.0296875 0.040625
0 0.3140625 0.36171875 0.0265625 0.0265625
0 0.35234375 0.3546875 0.0296875 0.0453125
0 0.25625 0.37421875 0.0296875 0.040625
0 0.009375 0.41875 0.01875 0.05
0 0.09765625 0.4046875 0.0234375 0.034375
0 0.07109375 0.41171875 0.028125 0.03125
0 0.415625 0.353125 0.0296875 0.040625
0 0.03671875 0.41953125 0.0203125 0.0171875
0 0.02109375 0.425 0.0328125 0.0328125
0 0.55703125 0.33046875 0.0296875 0.0453125
0 0.2296875 0.3921875 0.025 0.04375
0 0.11796875 0.41171875 0.028125 0.03125
0 0.2390625 0.39296875 0.0296875 0.0453125
0 0.1640625 0.40859375 0.0328125 0.0359375
0 0.76328125 0.303125 0.040625 0.05625
0 0.1390625 0.415625 0.028125 0.03125
0 0.1859375 0.41171875 0.0328125 0.0359375
0 0.29375 0.3953125 0.028125 0.03125
0 0.20703125 0.4125 0.025 0.0390625
0 0.040625 0.4421875 0.028125 0.03125
0 0.05703125 0.4390625 0.0328125 0.0328125
0 0.32578125 0.3921875 0.0234375 0.03125
0 0.58125 0.34921875 0.05 0.0578125
0 0.078125 0.440625 0.0390625 0.046875
0 0.0109375 0.45703125 0.015625 0.015625
0 0.8859375 0.3046875 0.0625 0.08125
0 0.38125 0.3984375 0.0359375 0.0546875
0 0.540625 0.3703125 0.04375 0.0515625
0 0.13984375 0.44375 0.034375 0.040625
0 0.1625 0.43984375 0.0375 0.0421875
0 0.0234375 0.4640625 0.0328125 0.0328125
0 0.63046875 0.359375 0.0453125 0.05625
0 0.79765625 0.3328125 0.034375 0.0453125
0 0.1328125 0.4546875 0.0296875 0.040625
0 0.3375 0.41875 0.0296875 0.040625
0 0.415625 0.40703125 0.0453125 0.05625
0 0.509375 0.390625 0.0375 0.0421875
0 0.01484375 0.4796875 0.028125 0.03125
0 0.05625 0.475 0.0328125 0.0359375
0 0.83125 0.340625 0.0515625 0.0703125
0 0.00625 0.4921875 0.0125 0.034375
0 0.10078125 0.47421875 0.034375 0.040625
0 0.21171875 0.4546875 0.034375 0.040625
0 0.16015625 0.465625 0.034375 0.0453125
0 0.3234375 0.44140625 0.0375 0.0421875
0 0.2734375 0.45546875 0.040625 0.05625
0 0.4828125 0.41796875 0.040625 0.05625
0 0.034375 0.5015625 0.0234375 0.03125
0 0.25390625 0.46328125 0.0296875 0.040625
0 0.125 0.49296875 0.0390625 0.0515625
0 0.5140625 0.43203125 0.04375 0.0515625
0 0.01953125 0.52109375 0.025 0.04375
0 0.55625 0.43125 0.046875 0.0703125
0 0.1890625 0.49609375 0.034375 0.0453125
0 0.790625 0.38984375 0.046875 0.065625
0 0.88046875 0.3765625 0.053125 0.075
0 0.3515625 0.47421875 0.0359375 0.05
0 0.23671875 0.5 0.034375 0.040625
0 0.0796875 0.52734375 0.034375 0.0453125
0 0.82265625 0.39609375 0.0515625 0.0671875
0 0.0671875 0.53671875 0.0296875 0.040625
0 0.03046875 0.54296875 0.0421875 0.0421875
0 0.6578125 0.01640625 0.034375 0.0328125
0 0.6359375 0.44375 0.040625 0.0609375
0 0.76875 0.42421875 0.05 0.0578125
0 0.18125 0.53203125 0.0390625 0.0515625
0 0.275 0.515625 0.034375 0.040625
0 0.615625 0.46328125 0.034375 0.040625
0 0.73984375 0.44609375 0.053125 0.0796875
0 0.22890625 0.5359375 0.0375 0.0421875
0 0.315625 0.5203125 0.0390625 0.046875
0 0.45390625 0.503125 0.0515625 0.0703125
0 0.02109375 0.58203125 0.0328125 0.0359375
0 0.6953125 0.015625 0.034375 0.03125
0 0.20703125 0.55859375 0.0390625 0.0515625
0 0.665625 0.49453125 0.0515625 0.0703125
0 0.3515625 0.55234375 0.0453125 0.0609375
0 0.06953125 0.60703125 0.034375 0.0453125
0 0.6078125 0.51328125 0.053125 0.0796875
0 0.94140625 0.46875 0.0578125 0.08125
0 0.85703125 0.4859375 0.0515625 0.0671875
0 0.278125 0.58828125 0.0390625 0.046875
0 0.0578125 0.63203125 0.034375 0.040625
0 0.0296875 0.64609375 0.0328125 0.0640625
0 0.88359375 0.503125 0.053125 0.0796875
0 0.10546875 0.6453125 0.0375 0.059375
0 0.8359375 0.00625 0.034375 0.0125
0 0.75390625 0.01171875 0.0328125 0.0234375
0 0.0703125 0.66328125 0.040625 0.0609375
0 0.5671875 0.57578125 0.059375 0.0859375
0 0.42421875 0.61640625 0.0515625 0.0703125
0 0.48359375 0.61796875 0.053125 0.0796875
0 0.3328125 0.646875 0.0515625 0.0703125
0 0.11875 0.73359375 0.05625 0.071875
0 0.2546875 0.7125 0.05625 0.071875
0 0.82265625 0.62421875 0.040625 0.0609375
0 0.68671875 0.653125 0.046875 0.0703125
0 0.4109375 0.7015625 0.05625 0.0671875
0 0.2375 0.74140625 0.04375 0.078125
0 0.72734375 0.66953125 0.0578125 0.08125
0 0.79765625 0.66640625 0.046875 0.0703125
0 0.2 0.77578125 0.05 0.0625
0 0.159375 0.80703125 0.0390625 0.046875
0 0.6421875 0.0421875 0.0328125 0.0359375
0 0.90703125 0.01171875 0.0296875 0.0234375
0 0.74921875 0.03359375 0.028125 0.03125
0 0.61328125 0.0640625 0.034375 0.040625
0 0.8125 0.03125 0.0234375 0.034375
0 0.5640625 0.0765625 0.028125 0.03125
0 0.4796875 0.09453125 0.0234375 0.03125
0 0.840625 0.03515625 0.0359375 0.0546875
0 0.45 0.10703125 0.034375 0.0453125
0 0.6 0.08046875 0.0359375 0.0328125
0 0.7734375 0.05234375 0.034375 0.040625
0 0.53203125 0.096875 0.03125 0.028125
0 0.6875 0.06953125 0.0234375 0.03125
0 0.41875 0.121875 0.0171875 0.025
0 0.63359375 0.08359375 0.0328125 0.0328125
0 0.57265625 0.096875 0.0359375 0.028125
0 0.4953125 0.11328125 0.0234375 0.03125
0 0.665625 0.0828125 0.025 0.0390625
0 0.59921875 0.10390625 0.0234375 0.034375
0 0.8171875 0.07265625 0.0234375 0.034375
0 0.58828125 0.11796875 0.028125 0.0359375
0 0.52265625 0.13203125 0.0296875 0.0453125
0 0.8625 0.0765625 0.034375 0.040625
0 0.73515625 0.1015625 0.0296875 0.0453125
0 0.76484375 0.09609375 0.034375 0.0453125
0 0.415625 0.1578125 0.0296875 0.0453125
0 0.5640625 0.13203125 0.034375 0.0453125
0 0.70625 0.10703125 0.034375 0.040625
0 0.6265625 0.12578125 0.0375 0.0421875
0 0.5171875 0.15625 0.0296875 0.0453125
0 0.39921875 0.17890625 0.021875 0.021875
0 0.48984375 0.16328125 0.0234375 0.03125
0 0.8796875 0.09453125 0.0375 0.0375
0 0.38515625 0.18359375 0.0234375 0.03125
0 0.909375 0.09140625 0.0390625 0.0515625
0 0.47421875 0.1703125 0.021875 0.021875
0 0.64296875 0.14765625 0.0234375 0.034375
0 0.4234375 0.1890625 0.0234375 0.034375
0 0.3515625 0.20390625 0.0328125 0.0359375
0 0.734375 0.13671875 0.0390625 0.046875
0 0.28203125 0.2234375 0.028125 0.0359375
0 0.765625 0.13828125 0.025 0.04375