0 0.83984375 0.59140625 0.0125 0.0203125
0 0.253125 0.47109375 0.0296875 0.0359375
0 0.0765625 0.43359375 0.0171875 0.0171875
0 0.35390625 0.4953125 0.0171875 0.021875
0 0.23828125 0.4734375 0.01875 0.0265625
0 0.55078125 0.53984375 0.0234375 0.03125
0 0.51015625 0.53125 0.028125 0.0328125
0 0.6046875 0.55078125 0.0125 0.0203125
0 0.2265625 0.47265625 0.0234375 0.03125
0 0.7109375 0.57578125 0.0171875 0.021875
0 0.87890625 0.61171875 0.0203125 0.0296875
0 0.1453125 0.45546875 0.03125 0.040625
0 0.86015625 0.609375 0.03125 0.040625
0 0.91015625 0.61953125 0.0234375 0.0265625
0 0.13125 0.4546875 0.0125 0.015625
0 0.17578125 0.46640625 0.03125 0.040625
0 0.8125 0.6015625 0.0359375 0.046875
0 0.07421875 0.44453125 0.0171875 0.021875
0 0.0421875 0.4375 0.03125 0.040625
0 0.93828125 0.63046875 0.034375 0.0421875
0 0.38828125 0.5140625 0.025 0.0359375
0 0.5765625 0.55390625 0.0234375 0.03125
0 0.63515625 0.56640625 0.03125 0.0453125
0 0.2875 0.49453125 0.0140625 0.025
0 0.6703125 0.5765625 0.0296875 0.0359375
0 0.73671875 0.58984375 0.03125 0.0453125
0 0.52265625 0.546875 0.0234375 0.03125
0 0.6203125 0.56796875 0.0203125 0.034375
0 0.296875 0.49921875 0.0234375 0.0265625
0 0.19921875 0.48046875 0.0359375 0.046875
0 0.42734375 0.53125 0.0234375 0.03125
0 0.69765625 0.59609375 0.0234375 0.03125
0 0.4546875 0.54921875 0.0171875 0.021875
0 0.43203125 0.5515625 0.0234375 0.0265625
0 0.3453125 0.5359375 0.01875 0.0265625
0 0.0625 0.47578125 0.0203125 0.0296875
0 0.1078125 0.48515625 0.0203125 0.0296875
0 0.07734375 0.4859375 0.0203125 0.0296875