0 0.01171875 0.2703125 0.0234375 0.084375
0 0.4171875 0.2234375 0.034375 0.0578125
0 0.38828125 0.23828125 0.04375 0.059375
0 0.6875 0.20390625 0.034375 0.053125
0 0.06328125 0.28515625 0.0359375 0.040625
0 0.075 0.2859375 0.01875 0.0421875
0 0.1859375 0.275 0.04375 0.0640625
0 0.4984375 0.2390625 0.0265625 0.0625
0 0.84296875 0.19921875 0.0359375 0.0625
0 0.77890625 0.209375 0.0296875 0.053125
0 0.10859375 0.29375 0.059375 0.084375
0 0.2828125 0.27265625 0.04375 0.06875
0 0.48828125 0.2515625 0.0640625 0.075
0 0.5578125 0.24375 0.04375 0.059375
0 0.91171875 0.2046875 0.034375 0.0578125
0 0.24296875 0.28671875 0.059375 0.084375
0 0.64296875 0.23984375 0.0171875 0.025
0 0.9484375 0.20234375 0.025 0.053125
0 0.71015625 0.234375 0.0171875 0.0296875
0 0.35859375 0.27734375 0.0421875 0.0828125
0 0.8296875 0.22421875 0.040625 0.0734375
0 0.31328125 0.2875 0.0265625 0.0625
0 0.74296875 0.23515625 0.04375 0.0640625
0 0.93359375 0.21171875 0.0203125 0.0515625
0 0.43046875 0.27578125 0.034375 0.053125
0 0.2125 0.3046875 0.0390625 0.06875
0 0.159375 0.3109375 0.0453125 0.078125
0 0.959375 0.215625 0.028125 0.0765625
0 0.6828125 0.2578125 0.04375 0.059375
0 0.609375 0.26953125 0.0484375 0.0640625
0 0.40703125 0.296875 0.0421875 0.0546875
0 0.53203125 0.28359375 0.034375 0.0578125
0 0.35234375 0.30546875 0.0625 0.071875
0 0.015625 0.35078125 0.03125 0.0890625
0 0.46171875 0.30625 0.0546875 0.075
0 0.903125 0.27109375 0.0359375 0.0625
0 0.7171875 0.33359375 0.0390625 0.06875
0 0.040625 0.51953125 0.0640625 0.084375