0 0.40859375 0.328125 0.0046875 0.009375
0 0.48984375 0.33125 0.0046875 0.009375
0 0.39765625 0.3328125 0.0046875 0.0140625
0 0.42265625 0.33515625 0.009375 0.0140625
0 0.478125 0.33359375 0.0046875 0.009375
0 0.46640625 0.33671875 0.0140625 0.01875
0 0.434375 0.34140625 0.009375 0.0140625
0 0.49453125 0.34296875 0.0046875 0.009375
0 0.4765625 0.34765625 0.009375 0.01875
0 0.4609375 0.36875 0.009375 0.0140625
0 0.471875 0.3734375 0.009375 0.0140625
0 0.51640625 0.37734375 0.0046875 0.01875
0 0.51484375 0.4234375 0.009375 0.0140625
0 0.475 0.42890625 0.009375 0.0140625
0 0.4171875 0.4296875 0.009375 0.009375
0 0.4578125 0.43359375 0.009375 0.0140625
0 0.49609375 0.4328125 0.0140625 0.01875
0 0.4390625 0.4359375 0.009375 0.0140625
0 0.390625 0.4390625 0.009375 0.0140625
0 0.425 0.44140625 0.009375 0.0140625
0 0.40859375 0.44140625 0.009375 0.0140625
0 0.496875 0.44453125 0.009375 0.009375
0 0.40859375 0.45546875 0.009375 0.0140625
0 0.3953125 0.4671875 0.009375 0.0140625
0 0.425 0.47578125 0.009375 0.0140625
0 0.51640625 0.48125 0.009375 0.009375
0 0.49765625 0.48359375 0.009375 0.01875
0 0.4375 0.49140625 0.009375 0.01875
0 0.4515625 0.503125 0.009375 0.0140625
0 0.40546875 0.50390625 0.009375 0.009375
0 0.4421875 0.51484375 0.009375 0.0140625
0 0.45859375 0.51484375 0.009375 0.0140625
0 0.528125 0.5203125 0.009375 0.0140625
0 0.43125 0.525 0.009375 0.01875
0 0.5171875 0.5234375 0.009375 0.0140625
0 0.39921875 0.55 0.009375 0.0140625
0 0.5421875 0.55 0.009375 0.0140625
0 0.52421875 0.55 0.0140625 0.01875
0 0.4984375 0.553125 0.009375 0.0140625
0 0.4171875 0.5546875 0.009375 0.0140625
0 0.496875 0.5765625 0.009375 0.0140625
0 0.44140625 0.5796875 0.0140625 0.0140625
0 0.5453125 0.5828125 0.0046875 0.01875
0 0.5296875 0.5828125 0.009375 0.0140625
0 0.4109375 0.58984375 0.0140625 0.01875
0 0.5015625 0.58828125 0.009375 0.0140625
0 0.50390625 0.59921875 0.0046875 0.0140625
0 0.578125 0.59765625 0.0140625 0.028125
0 0.434375 0.6046875 0.009375 0.009375
0 0.34453125 0.60859375 0.0140625 0.01875
0 0.48984375 0.60859375 0.009375 0.009375
0 0.5453125 0.6078125 0.0046875 0.009375
0 0.47578125 0.609375 0.009375 0.0140625
0 0.4828125 0.60859375 0.009375 0.0140625
0 0.6546875 0.60625 0.0140625 0.0140625
0 0.61484375 0.60625 0.0140625 0.0234375
0 0.496875 0.6109375 0.0140625 0.01875
0 0.36328125 0.615625 0.01875 0.0234375
0 0.41171875 0.61484375 0.0140625 0.0140625
0 0.5328125 0.6125 0.0046875 0.009375
0 0.69453125 0.6125 0.009375 0.01875
0 0.5234375 0.615625 0.009375 0.009375
0 0.55078125 0.61484375 0.009375 0.01875
0 0.59921875 0.61640625 0.0140625 0.0234375
0 0.6734375 0.61484375 0.009375 0.0234375
0 0.590625 0.61875 0.009375 0.01875
0 0.56015625 0.61953125 0.009375 0.01875
0 0.4421875 0.62109375 0.009375 0.0140625
0 0.428125 0.62421875 0.0140625 0.01875
0 0.41640625 0.62421875 0.0140625 0.0140625
0 0.34921875 0.6296875 0.0140625 0.01875
0 0.6640625 0.62421875 0.01875 0.028125
0 0.6390625 0.625 0.009375 0.01875
0 0.403125 0.63125 0.0140625 0.0234375
0 0.48125 0.63203125 0.0140625 0.01875
0 0.69921875 0.62890625 0.01875 0.028125
0 0.51171875 0.63203125 0.01875 0.01875
0 0.46796875 0.63984375 0.0140625 0.01875
0 0.61796875 0.63671875 0.0140625 0.028125
0 0.64375 0.6390625 0.009375 0.0234375
0 0.7359375 0.6375 0.0140625 0.0234375
0 0.5 0.64375 0.01875 0.028125
0 0.3453125 0.64609375 0.01875 0.0234375
0 0.3796875 0.64609375 0.01875 0.0234375
0 0.3890625 0.6484375 0.0140625 0.01875
0 0.5234375 0.64609375 0.01875 0.0234375
0 0.4515625 0.64921875 0.0140625 0.0140625
0 0.57890625 0.64921875 0.01875 0.028125
0 0.42578125 0.6546875 0.01875 0.028125
0 0.56015625 0.65625 0.01875 0.028125
0 0.64453125 0.65703125 0.0140625 0.01875
0 0.60703125 0.6578125 0.01875 0.0234375
0 0.34609375 0.66875 0.0140625 0.0140625
0 0.45703125 0.66953125 0.0234375 0.0234375
0 0.671875 0.6703125 0.01875 0.028125
0 0.66015625 0.6703125 0.01875 0.01875
0 0.74375 0.671875 0.028125 0.028125
0 0.690625 0.675 0.0234375 0.028125
0 0.36640625 0.68515625 0.01875 0.01875
0 0.58671875 0.690625 0.028125 0.0421875
0 0.51484375 0.69453125 0.0375 0.0515625
0 0.77265625 0.69921875 0.0328125 0.0609375
0 0.3421875 0.709375 0.0328125 0.046875
0 0.640625 0.70390625 0.0234375 0.0328125
0 0.8484375 0.7046875 0.0375 0.05625
0 0.60546875 0.71171875 0.01875 0.0234375
0 0.67734375 0.7125 0.0296875 0.046875
0 0.4578125 0.72734375 0.0421875 0.0609375
0 0.24453125 0.73359375 0.0375 0.05625
0 0.31171875 0.734375 0.0328125 0.0421875
0 0.790625 0.73359375 0.0375 0.065625
0 0.71015625 0.73671875 0.0421875 0.065625
0 0.59765625 0.7484375 0.0375 0.0609375
0 0.50703125 0.75 0.0421875 0.0609375
0 0.64375 0.75 0.0328125 0.0421875
0 0.41015625 0.75859375 0.05625 0.084375
0 0.90546875 0.759375 0.0515625 0.065625
0 0.07890625 0.77578125 0.0421875 0.075
0 0.16640625 0.78203125 0.0515625 0.075
0 0.03125 0.8 0.053125 0.09375
0 0.84609375 0.79921875 0.046875 0.0796875
0 0.98125 0.8078125 0.0375 0.075
0 0.81328125 0.8234375 0.0375 0.0609375
0 0.75625 0.85625 0.0515625 0.0890625
0 0.69375 0.87421875 0.0515625 0.084375
0 0.81328125 0.9296875 0.0578125 0.0984375