0 0.33515625 0.07578125 0.0234375 0.0390625
0 0.415625 0.0859375 0.0234375 0.04375
0 0.49140625 0.0953125 0.0296875 0.0578125
0 0.39296875 0.08515625 0.0234375 0.0390625
0 0.60625 0.11171875 0.0359375 0.0625
0 0.96328125 0.1625 0.034375 0.0578125
0 0.68359375 0.128125 0.0296875 0.053125
0 0.9890625 0.06796875 0.021875 0.025
0 0.6328125 0.1265625 0.0328125 0.0484375
0 0.55390625 0.1171875 0.034375 0.0578125
0 0.3203125 0.08828125 0.028125 0.0484375
0 0.23671875 0.08046875 0.0234375 0.04375
0 0.36796875 0.096875 0.034375 0.053125
0 0.215625 0.08046875 0.0390625 0.059375
0 0.259375 0.0859375 0.034375 0.053125
0 0.73359375 0.0390625 0.021875 0.0296875
0 0.57578125 0.01953125 0.0265625 0.03125
0 0.5125 0.11875 0.0234375 0.0390625
0 0.6 0.02265625 0.021875 0.0296875
0 0.85546875 0.05390625 0.021875 0.0296875
0 0.16328125 0.08828125 0.0328125 0.0484375
0 0.6140625 0.02421875 0.021875 0.025
0 0.66015625 0.0296875 0.021875 0.0296875
0 0.81875 0.04921875 0.0265625 0.03125
0 0.70703125 0.16171875 0.0484375 0.06875
0 0.7734375 0.1703125 0.0328125 0.040625
0 0.83203125 0.184375 0.046875 0.0515625
0 0.9890625 0.20390625 0.021875 0.0640625
0 0.59296875 0.159375 0.0328125 0.040625
0 0.93046875 0.20546875 0.0390625 0.06875
0 0.06640625 0.1015625 0.05 0.0734375
0 0.5203125 0.015625 0.0171875 0.0296875
0 0.959375 0.21328125 0.0359375 0.0671875
0 0.2890625 0.13125 0.0390625 0.059375
0 0.89140625 0.2140625 0.0515625 0.0875
0 0.175 0.12890625 0.034375 0.0578125
0 0.615625 0.18515625 0.05 0.078125
0 0.48046875 0.16875 0.04375 0.06875
0 0.68046875 0.0375 0.0234375 0.0390625
0 0.5515625 0.02109375 0.0171875 0.0296875
0 0.80625 0.2109375 0.04375 0.059375
0 0.778125 0.21015625 0.034375 0.0578125
0 0.8421875 0.2203125 0.0359375 0.0625
0 0.34765625 0.1640625 0.04375 0.06875
0 0.96953125 0.07265625 0.0234375 0.0390625
0 0.77265625 0.05078125 0.021875 0.025
0 0.425 0.1828125 0.0359375 0.0671875
0 0.73515625 0.2375 0.0484375 0.059375
0 0.5875 0.22421875 0.05 0.0828125
0 0.2328125 0.18671875 0.0390625 0.059375
0 0.96328125 0.2765625 0.04375 0.059375
0 0.89609375 0.06875 0.0265625 0.034375
0 0.80625 0.26953125 0.04375 0.06875
0 0.25859375 0.20390625 0.0453125 0.078125
0 0.14375 0.1921875 0.0625 0.0984375
0 0.065625 0.1828125 0.028125 0.0484375
0 0.859375 0.2921875 0.0546875 0.0796875
0 0.78984375 0.0578125 0.015625 0.0203125
0 0.3765625 0.0109375 0.021875 0.021875
0 0.37578125 0.23515625 0.05 0.0828125
0 0.43671875 0.24296875 0.0375 0.0546875
0 0.0953125 0.20546875 0.04375 0.059375
0 0.81328125 0.0609375 0.021875 0.034375
0 0.45234375 0.01796875 0.0234375 0.0359375
0 0.51875 0.0265625 0.01875 0.0375
0 0.9234375 0.32109375 0.04375 0.059375
0 0.93671875 0.078125 0.028125 0.0390625
0 0.26015625 0.00703125 0.0234375 0.0140625
0 0.50234375 0.02734375 0.021875 0.034375
0 0.50234375 0.2875 0.065625 0.09375
0 0.44453125 0.2828125 0.0484375 0.06875
0 0.9953125 0.08828125 0.009375 0.0390625
0 0.27734375 0.01015625 0.0234375 0.0203125
0 0.30625 0.00859375 0.021875 0.0171875
0 0.48828125 0.02578125 0.0171875 0.0328125
0 0.72109375 0.33125 0.0578125 0.1015625
0 0.81015625 0.34453125 0.0453125 0.0828125
0 0.759375 0.3453125 0.0703125 0.1265625
0 0.64375 0.33359375 0.053125 0.096875
0 0.271875 0.28984375 0.0546875 0.084375
0 0.06640625 0.28984375 0.0671875 0.103125
0 0.96796875 0.40390625 0.0640625 0.1359375
0 0.98359375 0.09296875 0.0234375 0.04375
0 0.36484375 0.34296875 0.0671875 0.1078125
0 0.83828125 0.40390625 0.0734375 0.121875
0 0.56796875 0.04140625 0.021875 0.034375
0 0.459375 0.37578125 0.0734375 0.1125
0 0.22734375 0.34765625 0.0671875 0.1078125
0 0.28828125 0.0125 0.0171875 0.025
0 0.9140625 0.45703125 0.0828125 0.1546875
0 0.02890625 0.35078125 0.04375 0.1328125
0 0.63671875 0.0546875 0.028125 0.0390625
0 0.5671875 0.4265625 0.0734375 0.0765625
0 0.3328125 0.01953125 0.0234375 0.0390625
0 0.1625 0.40234375 0.06875 0.1171875
0 0.23046875 0.0109375 0.0265625 0.021875
0 0.8140625 0.5078125 0.0671875 0.1078125
0 0.72734375 0.07265625 0.0234375 0.0390625
0 0.17265625 0.0109375 0.0265625 0.021875
0 0.3640625 0.028125 0.021875 0.0296875
0 0.41875 0.0375 0.015625 0.0203125
0 0.975 0.5796875 0.046875 0.1640625
0 0.6046875 0.559375 0.0921875 0.15625
0 0.2 0.01875 0.028125 0.0375
0 0.38203125 0.03984375 0.0171875 0.0328125
0 0.51875 0.5796875 0.1109375 0.1984375
0 0.87109375 0.1 0.0328125 0.0484375
0 0.503125 0.05703125 0.0234375 0.0390625
0 0.55078125 0.065625 0.0234375 0.0390625
0 0.6203125 0.07421875 0.021875 0.0296875
0 0.24453125 0.60390625 0.1140625 0.1859375
0 0.7671875 0.09453125 0.021875 0.034375
0 0.23828125 0.0296875 0.028125 0.0390625
0 0.7625 0.0359375 0.0109375 0.015625
0 0.92265625 0.115625 0.034375 0.0578125
0 0.403125 0.05234375 0.021875 0.034375
0 0.88515625 0.7828125 0.1171875 0.18125
0 0.27578125 0.04375 0.021875 0.034375
0 0.10390625 0.0234375 0.0328125 0.046875
0 0.3703125 0.0578125 0.021875 0.0296875
0 0.57421875 0.0875 0.0234375 0.0390625
0 0.99140625 0.1390625 0.0171875 0.04375
0 0.44765625 0.071875 0.028125 0.0390625
0 0.1625 0.0390625 0.0328125 0.04375
0 0.5921875 0.09140625 0.021875 0.0296875
0 0.94140625 0.134375 0.028125 0.04375
0 0.51640625 0.0828125 0.0234375 0.0390625