0 0.89453125 0.13125 0.0234375 0.03125
0 0.96796875 0.1453125 0.0203125 0.034375
0 0.309375 0.59765625 0.04375 0.04375
0 0.9546875 0.73046875 0.01875 0.046875
0 0.85390625 0.12578125 0.025 0.034375
0 0.3609375 0.0296875 0.025 0.034375
0 0.12109375 0.56796875 0.0359375 0.0453125
0 0.23828125 0.59765625 0.0359375 0.0453125
0 0.4078125 0.6359375 0.0296875 0.040625
0 0.26640625 0.60859375 0.0296875 0.040625
0 0.48125 0.053125 0.025 0.0390625
0 0.16875 0.5890625 0.0359375 0.05
0 0.00390625 0.55703125 0.0078125 0.0359375
0 0.4890625 0.65625 0.025 0.034375
0 0.38125 0.63515625 0.03125 0.0453125
0 0.63125 0.68515625 0.03125 0.0453125
0 0.659375 0.70078125 0.0296875 0.0359375
0 0.01171875 0.58046875 0.0234375 0.0328125
0 0.54609375 0.70234375 0.0390625 0.046875
0 0.48046875 0.696875 0.0390625 0.046875
0 0.028125 0.60859375 0.0359375 0.0453125
0 0.578125 0.715625 0.0359375 0.0453125
0 0.1984375 0.6421875 0.0359375 0.0453125
0 0.63046875 0.72578125 0.0296875 0.040625
0 0.30078125 0.6640625 0.0296875 0.040625
0 0.934375 0.14609375 0.025 0.0390625
0 0.45625 0.69921875 0.0359375 0.0453125
0 0.6609375 0.74140625 0.0375 0.059375
0 0.38984375 0.69140625 0.03125 0.0453125
0 0.81875 0.790625 0.0375 0.0546875
0 0.0078125 0.63203125 0.015625 0.0453125
0 0.7140625 0.77265625 0.0296875 0.040625
0 0.290625 0.6921875 0.0296875 0.0359375
0 0.30859375 0.69609375 0.0390625 0.0421875
0 0.75234375 0.7890625 0.0296875 0.040625
0 0.43359375 0.053125 0.0203125 0.034375
0 0.6859375 0.77890625 0.03125 0.05
0 0.62421875 0.76953125 0.0265625 0.04375
0 0.3359375 0.71328125 0.0296875 0.0359375
0 0.1046875 0.66796875 0.0296875 0.040625
0 0.5578125 0.75859375 0.0359375 0.05
0 0.23984375 0.696875 0.0296875 0.040625
0 0.05078125 0.6671875 0.03125 0.0453125
0 0.4984375 0.76171875 0.0359375 0.0453125
0 0.5453125 0.7734375 0.03125 0.0453125
0 0.41484375 0.74765625 0.034375 0.0375
0 0.28984375 0.7328125 0.0359375 0.0453125
0 0.43984375 0.76171875 0.0296875 0.0359375
0 0.91640625 0.85703125 0.028125 0.0328125
0 0.3203125 0.74375 0.0359375 0.0453125
0 0.39140625 0.05 0.0140625 0.025
0 0.39296875 0.77109375 0.0390625 0.046875
0 0.5203125 0.79609375 0.0375 0.0546875
0 0.8421875 0.86328125 0.034375 0.0421875
0 0.88046875 0.87109375 0.034375 0.0421875
0 0.0328125 0.70859375 0.03125 0.05
0 0.11171875 0.7234375 0.0359375 0.0453125
0 0.5875 0.81640625 0.0359375 0.0453125
0 0.5 0.8015625 0.0328125 0.0328125
0 0.68203125 0.83671875 0.0359375 0.0453125
0 0.12421875 0.73359375 0.0359375 0.0453125
0 0.79453125 0.865625 0.034375 0.0421875
0 0.76953125 0.86328125 0.0234375 0.03125
0 0.45078125 0.8015625 0.03125 0.0453125
0 0.63203125 0.8390625 0.0359375 0.0453125
0 0.07109375 0.73046875 0.03125 0.05
0 0.36953125 0.79296875 0.0296875 0.040625
0 0.18203125 0.7640625 0.0390625 0.0421875
0 0.59140625 0.84296875 0.025 0.034375
0 0.7140625 0.8671875 0.03125 0.0453125
0 0.22109375 0.7734375 0.0296875 0.040625
0 0.4890625 0.83515625 0.040625 0.05625
0 0.54140625 0.8453125 0.040625 0.05625
0 0.4046875 0.05703125 0.025 0.034375
0 0.01875 0.74609375 0.03125 0.0453125
0 0.82734375 0.903125 0.03125 0.0453125
0 0.8953125 0.91875 0.03125 0.0453125
0 0.14765625 0.78515625 0.0359375 0.05
0 0.275 0.809375 0.0296875 0.0359375
0 0.190625 0.7953125 0.034375 0.0421875
0 0.40078125 0.84375 0.03125 0.0453125
0 0.8703125 0.93515625 0.034375 0.0375
0 0.4703125 0.86875 0.0296875 0.040625
0 0.296875 0.83984375 0.0296875 0.0359375
0 0.49375 0.88359375 0.025 0.034375
0 0.846875 0.14765625 0.028125 0.0328125
0 0.08203125 0.8078125 0.0390625 0.046875
0 0.09765625 0.8109375 0.0359375 0.05
0 0.46015625 0.07265625 0.0234375 0.03125
0 0.7046875 0.9359375 0.0359375 0.0453125
0 0.2375 0.03203125 0.0296875 0.040625
0 0.80859375 0.96328125 0.040625 0.0515625
0 0.34921875 0.87421875 0.0359375 0.0453125
0 0.53125 0.909375 0.025 0.0390625
0 0.03359375 0.8125 0.0265625 0.04375
0 0.58046875 0.921875 0.034375 0.0421875
0 0.51015625 0.91015625 0.0359375 0.0453125
0 0.7765625 0.96875 0.0375 0.0546875
0 0.3796875 0.89140625 0.0296875 0.040625
0 0.7453125 0.9625 0.0484375 0.0703125
0 0.2046875 0.85703125 0.0375 0.0546875
0 0.46640625 0.91328125 0.0359375 0.0453125
0 0.6828125 0.95703125 0.0296875 0.040625
0 0.8703125 0.9875 0.04375 0.025
0 0.63359375 0.9546875 0.0359375 0.05
0 0.2515625 0.88046875 0.034375 0.0421875
0 0.3265625 0.89765625 0.0390625 0.046875
0 0.96171875 0.175 0.025 0.0390625
0 0.6546875 0.9640625 0.0296875 0.0359375
0 0.60703125 0.95703125 0.0359375 0.0453125
0 0.55859375 0.95234375 0.0390625 0.0421875
0 0.11796875 0.8765625 0.03125 0.0453125
0 0.48984375 0.953125 0.025 0.0390625
0 0.42421875 0.940625 0.0359375 0.0453125
0 0.68671875 0.9859375 0.0390625 0.028125
0 0.67734375 0.12109375 0.025 0.034375
0 0.38203125 0.93984375 0.03125 0.05
0 0.00625 0.88359375 0.0125 0.0390625
0 0.6453125 0.99296875 0.040625 0.0140625
0 0.2390625 0.93203125 0.03125 0.0453125
0 0.08359375 0.90703125 0.0375 0.0375
0 0.05390625 0.90390625 0.0296875 0.040625
0 0.7265625 0.1359375 0.0296875 0.0359375
0 0.80703125 0.15625 0.025 0.034375
0 0.11484375 0.021875 0.0359375 0.04375
0 0.63125 0.028125 0.01875 0.025
0 0.4265625 0.0890625 0.025 0.0390625
0 0.47421875 0.1109375 0.0296875 0.0359375
0 0.3140625 0.084375 0.0234375 0.03125
0 0.53671875 0.1296875 0.025 0.034375
0 0.52109375 0.0125 0.0234375 0.025
0 0.72890625 0.16953125 0.034375 0.0375
0 0.9609375 0.2171875 0.025 0.034375
0 0.90078125 0.21015625 0.0203125 0.034375
0 0.77265625 0.18984375 0.025 0.0390625
0 0.09609375 0.06796875 0.0296875 0.0359375
0 0.30625 0.11328125 0.025 0.034375
0 0.52421875 0.1578125 0.025 0.034375
0 0.4828125 0.15 0.0234375 0.03125
0 0.2265625 0.10234375 0.025 0.0390625
0 0.54375 0.1640625 0.03125 0.05
0 0.6515625 0.18515625 0.0296875 0.040625
0 0.8546875 0.2265625 0.0234375 0.03125
0 0.38671875 0.13828125 0.0296875 0.0359375
0 0.57265625 0.1765625 0.0265625 0.04375
0 0.578125 0.02265625 0.025 0.034375
0 0.71328125 0.20625 0.0234375 0.03125
0 0.2078125 0.1109375 0.025 0.034375
0 0.48984375 0.165625 0.025 0.034375
0 0.6140625 0.1921875 0.025 0.0390625
0 0.99375 0.26953125 0.0125 0.0359375
0 0.88046875 0.253125 0.0203125 0.034375
0 0.15546875 0.11484375 0.0359375 0.05
0 0.76640625 0.23359375 0.0296875 0.040625
0 0.409375 0.1640625 0.025 0.0390625
0 0.959375 0.27109375 0.01875 0.025
0 0.3578125 0.16328125 0.021875 0.021875
0 0.1046875 0.11640625 0.025 0.034375
0 0.778125 0.06640625 0.025 0.034375
0 0.6734375 0.04609375 0.0265625 0.04375
0 0.70390625 0.240625 0.0296875 0.040625
0 0.08515625 0.12265625 0.0296875 0.040625
0 0.99609375 0.30390625 0.0078125 0.0359375
0 0.9640625 0.2953125 0.025 0.034375
0 0.89296875 0.28203125 0.03125 0.0453125
0 0.9390625 0.290625 0.0265625 0.04375
0 0.5453125 0.21875 0.0234375 0.03125
0 0.79765625 0.26796875 0.025 0.034375
0 0.86484375 0.28359375 0.025 0.034375
0 0.89296875 0.090625 0.0296875 0.0359375
0 0.6125 0.2359375 0.025 0.0390625
0 0.5828125 0.2328125 0.0296875 0.0359375
0 0.66640625 0.24921875 0.0234375 0.03125
0 0.19765625 0.1625 0.034375 0.0421875
0 0.84921875 0.29140625 0.025 0.034375
0 0.7234375 0.271875 0.0296875 0.040625
0 0.3140625 0.19453125 0.03125 0.05
0 0.35234375 0.20234375 0.0234375 0.03125
0 0.509375 0.23515625 0.028125 0.028125
0 0.1515625 0.16796875 0.0171875 0.0203125
0 0.23671875 0.19140625 0.0296875 0.040625
0 0.52734375 0.25078125 0.028125 0.0328125
0 0.70859375 0.0578125 0.0234375 0.03125
0 0.565625 0.26015625 0.025 0.0390625
0 0.70546875 0.28984375 0.025 0.034375
0 0.78984375 0.30859375 0.0265625 0.0484375
0 0.28515625 0.2109375 0.0265625 0.04375
0 0.6484375 0.28125 0.025 0.0390625
0 0.584375 0.26875 0.025 0.034375
0 0.6046875 0.275 0.0203125 0.034375
0 0.67890625 0.29453125 0.025 0.034375
0 0.496875 0.26171875 0.03125 0.0453125
0 0.14296875 0.19296875 0.0359375 0.05
0 0.178125 0.20390625 0.03125 0.0453125
0 0.0640625 0.184375 0.03125 0.05
0 0.2046875 0.2203125 0.034375 0.0375
0 0.40078125 0.25859375 0.0296875 0.0359375
0 0.10234375 0.203125 0.0265625 0.04375
0 0.52421875 0.2875 0.03125 0.0453125
0 0.940625 0.36796875 0.025 0.0390625
0 0.6421875 0.325 0.03125 0.05
0 0.5078125 0.30078125 0.0234375 0.03125
0 0.8125 0.36015625 0.034375 0.0421875
0 0.60546875 0.3203125 0.0359375 0.0453125
0 0.56796875 0.31953125 0.025 0.0390625
0 0.99140625 0.403125 0.0171875 0.034375
0 0.9609375 0.39609375 0.0234375 0.03125
0 0.15703125 0.24921875 0.03125 0.0453125
0 0.41875 0.0109375 0.01875 0.021875
0 0.4453125 0.31953125 0.0234375 0.03125
0 0.67734375 0.36484375 0.025 0.034375
0 0.88828125 0.40625 0.0296875 0.040625
0 0.41171875 0.31328125 0.025 0.034375
0 0.9421875 0.41875 0.01875 0.025
0 0.84453125 0.40234375 0.0296875 0.040625
0 0.7046875 0.3796875 0.025 0.0390625
0 0.325 0.3078125 0.025 0.034375
0 0.4234375 0.3265625 0.028125 0.0328125
0 0.3703125 0.31875 0.0296875 0.040625
0 0.29453125 0.30625 0.025 0.034375
0 0.3421875 0.32734375 0.025 0.034375
0 0.04296875 0.26953125 0.021875 0.04375
0 0.9203125 0.11015625 0.025 0.0390625
0 0.36796875 0.00859375 0.0234375 0.0171875
0 0.69140625 0.39765625 0.03125 0.0453125
0 0.98515625 0.45546875 0.025 0.034375
0 0.6828125 0.40546875 0.025 0.034375
0 0.115625 0.3078125 0.0359375 0.0453125
0 0.96640625 0.47734375 0.03125 0.0453125
0 0.303125 0.35078125 0.03125 0.0453125
0 0.4546875 0.3828125 0.03125 0.0453125
0 0.65703125 0.421875 0.025 0.0390625
0 0.709375 0.4421875 0.025 0.0390625
0 0.73046875 0.44609375 0.025 0.0390625
0 0.05859375 0.31796875 0.034375 0.0375
0 0.7375 0.07890625 0.025 0.034375
0 0.90625 0.484375 0.0234375 0.03125
0 0.93828125 0.490625 0.0234375 0.03125
0 0.53359375 0.41171875 0.0375 0.0546875
0 0.87421875 0.48046875 0.025 0.034375
0 0.22890625 0.3546875 0.025 0.0390625
0 0.7375 0.465625 0.0296875 0.040625
0 0.778125 0.47578125 0.0296875 0.0359375
0 0.99375 0.5203125 0.0125 0.0375
0 0.48359375 0.42578125 0.025 0.0390625
0 0.91015625 0.5140625 0.025 0.034375
0 0.9671875 0.525 0.0234375 0.03125
0 0.33046875 0.403125 0.0296875 0.040625
0 0.8125 0.50390625 0.0265625 0.04375
0 0.3828125 0.4234375 0.0296875 0.0359375
0 0.4125 0.42890625 0.0296875 0.040625
0 0.76328125 0.50625 0.025 0.034375
0 0.61484375 0.4796875 0.0296875 0.040625
0 0.81875 0.521875 0.025 0.0390625
0 0.98828125 0.5578125 0.0140625 0.0296875
0 0.97265625 0.5546875 0.0234375 0.03125
0 0.47265625 0.459375 0.0296875 0.040625
0 0.565625 0.4890625 0.0265625 0.04375
0 0.0890625 0.39609375 0.0296875 0.040625
0 0.87265625 0.5484375 0.025 0.0390625
0 0.1375 0.41015625 0.034375 0.0421875
0 0.06015625 0.39765625 0.025 0.034375
0 0.0234375 0.390625 0.025 0.034375
0 0.64140625 0.51328125 0.0296875 0.040625
0 0.1796875 0.4234375 0.025 0.034375
0 0.259375 0.44140625 0.0296875 0.0359375
0 0.7390625 0.54140625 0.0328125 0.0546875
0 0.3046875 0.46171875 0.0296875 0.040625
0 0.2828125 0.00859375 0.025 0.0171875
0 0.23671875 0.45859375 0.0296875 0.0359375
0 0.78125 0.56875 0.03125 0.0453125
0 0.18984375 0.45859375 0.0296875 0.0359375
0 0.31875 0.4859375 0.0296875 0.0359375
0 0.5921875 0.0625 0.025 0.034375
0 0.6234375 0.06875 0.0359375 0.0453125
0 0.48125 0.52265625 0.0328125 0.0328125
0 0.14921875 0.46015625 0.0296875 0.0359375
0 0.4140625 0.5140625 0.028125 0.0328125
0 0.02421875 0.43828125 0.03125 0.0453125
0 0.5296875 0.540625 0.034375 0.0421875
0 0.96328125 0.62734375 0.0234375 0.03125
0 0.06328125 0.4546875 0.0296875 0.0359375
0 0.896875 0.6171875 0.0265625 0.04375
0 0.55703125 0.05859375 0.0234375 0.03125
0 0.67734375 0.58359375 0.034375 0.0421875
0 0.040625 0.46015625 0.025 0.034375
0 0.465625 0.55234375 0.028125 0.0328125
0 0.9390625 0.64453125 0.034375 0.0421875
0 0.24765625 0.5125 0.0296875 0.040625
0 0.39609375 0.5484375 0.03125 0.0453125
0 0.71171875 0.090625 0.0296875 0.040625
0 0.12265625 0.5 0.0296875 0.040625
0 0.07265625 0.48984375 0.03125 0.05
0 0.56953125 0.59375 0.040625 0.0515625
0 0.903125 0.65859375 0.025 0.034375
0 0.21171875 0.52421875 0.0296875 0.0359375
0 0.26796875 0.5421875 0.0296875 0.0359375
0 0.91796875 0.66875 0.025 0.0390625
0 0.878125 0.66796875 0.0359375 0.05
0 0.1 0.51875 0.03125 0.0453125
0 0.41171875 0.57890625 0.0296875 0.040625
0 0.70078125 0.63984375 0.025 0.0390625
0 0.6640625 0.08359375 0.025 0.034375
0 0.7703125 0.1046875 0.025 0.0390625
0 0.8109375 0.1125 0.025 0.034375
0 0.59921875 0.6203125 0.0296875 0.0359375
0 0.18046875 0.54140625 0.0359375 0.05
0 0.25390625 0.55546875 0.028125 0.0328125
0 0.221875 0.55859375 0.0296875 0.040625
0 0.7515625 0.67421875 0.025 0.0390625
0 0.71953125 0.66796875 0.0359375 0.0453125
0 0.828125 0.69140625 0.0296875 0.040625
0 0.93359375 0.71171875 0.034375 0.0421875