0 0.075 0.0484375 0.025 0.053125
0 0.47890625 0.103125 0.0375 0.0546875
0 0.5953125 0.11953125 0.034375 0.0578125
0 0.565625 0.11875 0.034375 0.0578125
0 0.51796875 0.121875 0.0375 0.05
0 0.1 0.07109375 0.0296875 0.053125
0 0.84453125 0.1640625 0.0390625 0.0640625
0 0.315625 0.1015625 0.0390625 0.0640625
0 0.37109375 0.0046875 0.0265625 0.009375
0 0.615625 0.1484375 0.0359375 0.0671875
0 0.88828125 0.18203125 0.034375 0.053125
0 0.12109375 0.08984375 0.028125 0.0484375
0 0.9203125 0.1953125 0.03125 0.071875
0 0.1421875 0.10390625 0.034375 0.0578125
0 0.6546875 0.16953125 0.04375 0.059375
0 0.63359375 0.1734375 0.025 0.053125
0 0.421875 0.14921875 0.021875 0.025
0 0.39140625 0.14609375 0.0265625 0.0625
0 0.94453125 0.22109375 0.03125 0.0671875
0 0.4046875 0.15703125 0.034375 0.0578125
0 0.98984375 0.2296875 0.0203125 0.0375
0 0.1765625 0.13125 0.0390625 0.06875
0 0.96171875 0.23203125 0.034375 0.053125
0 0.6921875 0.20859375 0.0375 0.0546875
0 0.434375 0.184375 0.05 0.0734375
0 0.46640625 0.20234375 0.0296875 0.053125
0 0.96171875 0.0765625 0.0328125 0.0484375
0 0.4359375 0.01796875 0.028125 0.0359375
0 0.046875 0.16171875 0.0234375 0.04375
0 0.98203125 0.2796875 0.0359375 0.06875
0 0.659375 0.24375 0.05 0.0734375
0 0.72109375 0.25390625 0.04375 0.06875
0 0.4015625 0.015625 0.028125 0.03125
0 0.49375 0.228125 0.05 0.0734375
0 0.2265625 0.20078125 0.034375 0.053125
0 0.75 0.2671875 0.0359375 0.0671875
0 0.78125 0.2828125 0.0390625 0.0640625
0 0.9828125 0.08203125 0.034375 0.0546875
0 0.4546875 0.0203125 0.025 0.040625
0 0.5328125 0.2546875 0.0484375 0.06875
0 0.56796875 0.265625 0.046875 0.0515625
0 0.26015625 0.228125 0.0265625 0.0671875
0 0.25234375 0.234375 0.025 0.0484375
0 0.0484375 0.209375 0.0375 0.0546875
0 0.80390625 0.309375 0.0359375 0.0671875
0 0.28359375 0.25 0.0390625 0.0640625
0 0.30859375 0.259375 0.025 0.0578125
0 0.50078125 0.28515625 0.0390625 0.06875
0 0.33203125 0.26953125 0.040625 0.0328125
0 0.47421875 0.0265625 0.0390625 0.053125
0 0.82109375 0.3359375 0.046875 0.0875
0 0.8578125 0.3453125 0.05 0.078125
0 0.5625 0.309375 0.05 0.0734375
0 0.11484375 0.25703125 0.0390625 0.0234375
0 0.71171875 0.0546875 0.0390625 0.059375
0 0.88125 0.3765625 0.05 0.078125
0 0.5984375 0.346875 0.040625 0.0734375
0 0.32421875 0.31796875 0.0296875 0.053125
0 0.91484375 0.39296875 0.0265625 0.071875
0 0.36953125 0.32734375 0.04375 0.0640625
0 0.60390625 0.35625 0.040625 0.078125
0 0.11171875 0.30546875 0.0390625 0.0640625
0 0.928125 0.4078125 0.04375 0.06875
0 0.08984375 0.30703125 0.0234375 0.0390625
0 0.62265625 0.37265625 0.0359375 0.0671875
0 0.13984375 0.315625 0.03125 0.0625
0 0.64921875 0.38515625 0.040625 0.078125
0 0.96875 0.4265625 0.0359375 0.0671875
0 0.3359375 0.35390625 0.0359375 0.0625
0 0.43671875 0.37109375 0.0484375 0.0640625
0 0.15546875 0.34375 0.0328125 0.0765625
0 0.6734375 0.4140625 0.0453125 0.078125
0 0.98125 0.45546875 0.0375 0.0734375
0 0.171875 0.359375 0.04375 0.0640625
0 0.70546875 0.44140625 0.05 0.0734375
0 0.77109375 0.4609375 0.05 0.0734375
0 0.740625 0.459375 0.040625 0.0734375
0 0.2046875 0.40078125 0.0390625 0.059375
0 0.74375 0.0703125 0.034375 0.0578125
0 0.23359375 0.4234375 0.034375 0.0578125
0 0.484375 0.45625 0.0265625 0.0671875
0 0.46015625 0.4625 0.0359375 0.0671875
0 0.22109375 0.01953125 0.0296875 0.0390625
0 0.4984375 0.47421875 0.0265625 0.0671875
0 0.021875 0.425 0.0375 0.0546875
0 0.57734375 0.5 0.053125 0.0296875
0 0.2640625 0.46640625 0.034375 0.053125
0 0.515625 0.5046875 0.0484375 0.06875
0 0.7734375 0.5359375 0.05 0.0734375
0 0.3203125 0.48046875 0.0375 0.01875
0 0.2875 0.47890625 0.0421875 0.0546875
0 0.809375 0.54296875 0.05 0.0828125
0 0.0140625 0.45703125 0.028125 0.0671875
0 0.8609375 0.5765625 0.05 0.0734375
0 0.571875 0.54609375 0.046875 0.0546875
0 0.065625 0.4859375 0.0328125 0.08125
0 0.31875 0.5171875 0.0203125 0.05625
0 0.24375 0.0234375 0.025 0.046875
0 0.90703125 0.5984375 0.040625 0.078125
0 0.05234375 0.49609375 0.025 0.053125
0 0.9578125 0.621875 0.0578125 0.0609375
0 0.3578125 0.5546875 0.04375 0.0640625
0 0.0890625 0.521875 0.0484375 0.06875
0 0.32578125 0.55546875 0.03125 0.071875
0 0.58828125 0.59765625 0.034375 0.0578125
0 0.61484375 0.609375 0.0390625 0.06875
0 0.64375 0.61796875 0.03125 0.071875
0 0.37890625 0.5921875 0.0453125 0.078125
0 0.134375 0.5765625 0.040625 0.0734375
0 0.4140625 0.61328125 0.0390625 0.06875
0 0.934375 0.05703125 0.025 0.0171875
0 0.79921875 0.09609375 0.03125 0.0671875
0 0.7625 0.09140625 0.0359375 0.0625
0 0.67265625 0.6515625 0.05 0.078125
0 0.9546875 0.6890625 0.053125 0.0703125
0 0.17109375 0.5953125 0.059375 0.0484375
0 0.43359375 0.64609375 0.021875 0.065625
0 0.453125 0.6484375 0.0484375 0.0640625
0 0.72109375 0.68984375 0.0359375 0.0671875
0 0.7578125 0.7015625 0.0484375 0.059375
0 0.25390625 0.03359375 0.025 0.0578125
0 0.1640625 0.63125 0.05 0.0375
0 0.01015625 0.6390625 0.0203125 0.06875
0 0.2 0.6640625 0.0484375 0.0640625
0 0.4515625 0.7015625 0.04375 0.06875
0 0.1625 0.68671875 0.0609375 0.053125
0 0.78671875 0.765625 0.05625 0.0890625
0 0.734375 0.759375 0.05 0.078125
0 0.271875 0.04296875 0.0296875 0.053125
0 0.28203125 0.71796875 0.06875 0.04375
0 0.00859375 0.68671875 0.0171875 0.0546875
0 0.525 0.75234375 0.05 0.078125
0 0.4875 0.75703125 0.04375 0.06875
0 0.5640625 0.7765625 0.05 0.0734375
0 0.028125 0.7125 0.053125 0.034375
0 0.321875 0.0515625 0.040625 0.0359375
0 0.159375 0.74921875 0.0484375 0.0640625
0 0.2734375 0.765625 0.040625 0.078125
0 0.03125 0.75 0.05 0.0375
0 0.0640625 0.02421875 0.025 0.0484375
0 0.81640625 0.86796875 0.0546875 0.0421875
0 0.30390625 0.809375 0.059375 0.075
0 0.5203125 0.84765625 0.059375 0.0796875
0 0.35 0.82890625 0.053125 0.034375
0 0.07578125 0.8 0.0578125 0.034375
0 0.03203125 0.796875 0.0453125 0.078125
0 0.82578125 0.90390625 0.046875 0.046875
0 0.3578125 0.86015625 0.05625 0.0515625
0 0.0859375 0.83671875 0.0640625 0.0484375
0 0.38828125 0.88046875 0.0734375 0.040625
0 0.81953125 0.93359375 0.04375 0.0234375
0 0.80234375 0.125 0.0359375 0.0625
0 0.29453125 0.06640625 0.025 0.0578125
0 0.08671875 0.04296875 0.028125 0.0484375
0 0.82265625 0.13828125 0.0265625 0.0671875