0 0.096875 0.24296875 0.0046875 0.0046875
0 0.05390625 0.24765625 0.0296875 0.0375
0 0.33125 0.26640625 0.0046875 0.0140625
0 0.13046875 0.25625 0.034375 0.0578125
0 0.3265625 0.26640625 0.0046875 0.009375
0 0.321875 0.26640625 0.0109375 0.01875
0 0.16875 0.26015625 0.03125 0.046875
0 0.09765625 0.259375 0.015625 0.01875
0 0.06953125 0.259375 0.015625 0.0234375
0 0.028125 0.259375 0.034375 0.0484375
0 0.20859375 0.26875 0.0140625 0.009375
0 0.24296875 0.2703125 0.009375 0.009375
0 0.57109375 0.2875 0.015625 0.0234375
0 0.090625 0.2671875 0.0109375 0.0234375
0 0.25390625 0.278125 0.0046875 0.009375
0 0.64296875 0.2984375 0.0203125 0.0296875
0 0.721875 0.30234375 0.0203125 0.025
0 0.41171875 0.2890625 0.03125 0.046875
0 0.29765625 0.2828125 0.034375 0.04375
0 0.3578125 0.2859375 0.0265625 0.046875
0 0.37421875 0.2890625 0.015625 0.0234375
0 0.23515625 0.28203125 0.0140625 0.0140625
0 0.54765625 0.2984375 0.0203125 0.0375
0 0.3234375 0.28671875 0.009375 0.009375
0 0.671875 0.3046875 0.0109375 0.01875
0 0.62578125 0.3046875 0.009375 0.0140625
0 0.96875 0.32265625 0.0390625 0.0578125
0 0.4921875 0.29765625 0.015625 0.0234375
0 0.52890625 0.30234375 0.0109375 0.01875
0 0.39296875 0.29453125 0.009375 0.0140625
0 0.76953125 0.31484375 0.015625 0.0234375
0 0.221875 0.2859375 0.0140625 0.0140625
0 0.4734375 0.3015625 0.0203125 0.0296875
0 0.275 0.29140625 0.025 0.0296875
0 0.23984375 0.29140625 0.009375 0.009375
0 0.76015625 0.31875 0.0140625 0.0140625
0 0.3828125 0.29921875 0.0109375 0.01875
0 0.6234375 0.3140625 0.015625 0.0234375
0 0.68359375 0.3171875 0.025 0.0421875
0 0.78984375 0.325 0.0296875 0.0375
0 0.2484375 0.296875 0.009375 0.0140625
0 0.190625 0.29609375 0.0296875 0.0375
0 0.60234375 0.31796875 0.021875 0.046875
0 0.6625 0.32578125 0.009375 0.0140625
0 0.8171875 0.3359375 0.0203125 0.0328125
0 0.7359375 0.33359375 0.0265625 0.046875
0 0.7203125 0.3328125 0.0203125 0.0375
0 0.50234375 0.321875 0.0203125 0.0328125
0 0.56484375 0.32734375 0.025 0.0421875
0 0.846875 0.34921875 0.0390625 0.0578125
0 0.87578125 0.36015625 0.034375 0.0484375
0 0.59375 0.39140625 0.03125 0.046875
0 0.50234375 0.4140625 0.0296875 0.0375
0 0.67890625 0.44453125 0.025 0.0421875
0 0.06015625 0.4421875 0.034375 0.053125
0 0.2328125 0.4578125 0.0203125 0.0328125
0 0.89453125 0.49453125 0.0390625 0.0578125
0 0.834375 0.50078125 0.0390625 0.0625
0 0.325 0.47890625 0.03125 0.05625
0 0.9640625 0.58203125 0.0390625 0.0625
0 0.378125 0.66015625 0.0390625 0.04375