0 0.69296875 0.290625 0.034375 0.053125
0 0.6671875 0.29375 0.015625 0.0234375
0 0.83046875 0.30390625 0.034375 0.04375
0 0.615625 0.32265625 0.0296875 0.0421875
0 0.565625 0.32734375 0.0609375 0.109375
0 0.64765625 0.3234375 0.0203125 0.025
0 0.6 0.328125 0.0171875 0.0515625
0 0.37578125 0.3421875 0.015625 0.01875
0 0.49375 0.34296875 0.0296875 0.0421875
0 0.7625 0.32890625 0.0203125 0.0421875
0 0.23515625 0.3578125 0.015625 0.0234375
0 0.46875 0.3484375 0.0203125 0.0328125
0 0.25859375 0.359375 0.0203125 0.0296875
0 0.453125 0.34921875 0.0203125 0.025
0 0.16796875 0.3640625 0.015625 0.0421875
0 0.19609375 0.36484375 0.0296875 0.0375
0 0.76640625 0.35390625 0.03125 0.046875
0 0.109375 0.38828125 0.05 0.0765625
0 0.39609375 0.37578125 0.025 0.0421875
0 0.35234375 0.38046875 0.040625 0.0765625
0 0.07734375 0.396875 0.0609375 0.11875
0 0.8015625 0.36640625 0.0359375 0.0671875
0 0.25859375 0.39453125 0.04375 0.0625
0 0.6578125 0.37578125 0.059375 0.0671875
0 0.734375 0.371875 0.0609375 0.11875
0 0.31640625 0.39609375 0.05 0.090625
0 0.41796875 0.39296875 0.0390625 0.0578125
0 0.52890625 0.3875 0.034375 0.0578125
0 0.84140625 0.38515625 0.0453125 0.08125
0 0.4671875 0.41796875 0.0546875 0.090625
0 0.22421875 0.4609375 0.0703125 0.1234375
0 0.65859375 0.440625 0.0640625 0.071875
0 0.04140625 0.4734375 0.0828125 0.1609375
0 0.43203125 0.49453125 0.0703125 0.1234375
0 0.9109375 0.5671875 0.1390625 0.1921875
0 0.7265625 0.63203125 0.1171875 0.21875
0 0.3140625 0.6765625 0.1125 0.23125
0 0.084375 0.83203125 0.153125 0.3359375