0 0.8703125 0.3875 0.0421875 0.0546875
0 0.5203125 0.371875 0.0375 0.053125
0 0.85 0.40625 0.053125 0.06875
0 0.55 0.375 0.0578125 0.0703125
0 0.63359375 0.4 0.03125 0.0390625
0 0.734375 0.415625 0.0328125 0.0484375
0 0.50625 0.39609375 0.053125 0.0734375
0 0.58671875 0.4046875 0.0421875 0.059375
0 0.959375 0.44609375 0.0421875 0.0640625
0 0.61796875 0.41875 0.0328125 0.0484375
0 0.25859375 0.38359375 0.0421875 0.0640625
0 0.37578125 0.39609375 0.046875 0.059375
0 0.16796875 0.37890625 0.0421875 0.059375
0 0.47421875 0.41328125 0.0328125 0.0484375
0 0.76171875 0.44375 0.0328125 0.0484375
0 0.65390625 0.434375 0.040625 0.05
0 0.0625 0.3890625 0.0515625 0.0640625
0 0.02578125 0.3875 0.0390625 0.0671875
0 0.65078125 0.50859375 0.0578125 0.0796875
0 0.40703125 0.4953125 0.0609375 0.1109375
0 0.12734375 0.48203125 0.034375 0.0625
0 0.36171875 0.51171875 0.0734375 0.0859375
0 0.59140625 0.5375 0.059375 0.0890625
0 0.1859375 0.5015625 0.071875 0.08125