0 0.46953125 0.33359375 0.0171875 0.025
0 0.3953125 0.32421875 0.015625 0.015625
0 0.48515625 0.33984375 0.0109375 0.0203125
0 0.43359375 0.33515625 0.0109375 0.0203125
0 0.53984375 0.3484375 0.00625 0.0140625
0 0.65 0.36171875 0.0109375 0.015625
0 0.53046875 0.34921875 0.0109375 0.0109375
0 0.44921875 0.3421875 0.0109375 0.0203125
0 0.34375 0.32890625 0.015625 0.0203125
0 0.59140625 0.36171875 0.0109375 0.0203125
0 0.50390625 0.35078125 0.0109375 0.015625
0 0.37578125 0.33515625 0.0109375 0.0203125
0 0.62578125 0.36796875 0.0171875 0.025
0 0.45546875 0.35 0.0109375 0.015625
0 0.615625 0.36953125 0.015625 0.015625
0 0.39375 0.3421875 0.0125 0.025
0 0.5796875 0.36484375 0.0171875 0.025
0 0.5578125 0.3671875 0.00625 0.0140625
0 0.5328125 0.36640625 0.015625 0.015625
0 0.54453125 0.3703125 0.0109375 0.015625
0 0.5640625 0.37265625 0.0109375 0.0109375
0 0.43984375 0.359375 0.015625 0.015625
0 0.45390625 0.36328125 0.0171875 0.025
0 0.6078125 0.3828125 0.0109375 0.015625
0 0.55703125 0.3765625 0.0109375 0.0109375
0 0.13203125 0.3265625 0.0328125 0.04375
0 0.4671875 0.36796875 0.0109375 0.015625
0 0.50625 0.37265625 0.00625 0.009375
0 0.64453125 0.3890625 0.0109375 0.0109375
0 0.48515625 0.371875 0.0109375 0.015625
0 0.51953125 0.3765625 0.0109375 0.0203125
0 0.6140625 0.38828125 0.0109375 0.015625
0 0.2578125 0.346875 0.00625 0.01875
0 0.4046875 0.36484375 0.0109375 0.0203125
0 0.71484375 0.403125 0.015625 0.015625
0 0.29453125 0.35390625 0.015625 0.0203125
0 0.31953125 0.35625 0.015625 0.015625
0 0.32890625 0.3578125 0.00625 0.0140625
0 0.59765625 0.390625 0.0109375 0.0203125
0 0.6703125 0.4 0.0109375 0.0109375
0 0.74921875 0.409375 0.021875 0.025
0 0.3046875 0.35703125 0.0109375 0.0203125
0 0.55078125 0.3875 0.0203125 0.0203125
0 0.5765625 0.390625 0.015625 0.015625
0 0.67890625 0.40546875 0.0109375 0.015625
0 0.6265625 0.39921875 0.0109375 0.015625
0 0.46328125 0.38125 0.0171875 0.0296875
0 0.63984375 0.40546875 0.015625 0.015625
0 0.73359375 0.4171875 0.021875 0.025
0 0.253125 0.36015625 0.0171875 0.025
0 0.428125 0.38203125 0.0171875 0.025
0 0.67109375 0.41171875 0.0109375 0.015625
0 0.32421875 0.37109375 0.015625 0.015625
0 0.34296875 0.3734375 0.021875 0.0296875
0 0.7109375 0.41875 0.015625 0.0203125
0 0.30546875 0.37109375 0.015625 0.015625
0 0.553125 0.40390625 0.015625 0.0203125
0 0.4984375 0.4 0.0171875 0.025
0 0.51640625 0.40234375 0.0171875 0.025
0 0.61328125 0.4140625 0.015625 0.0203125
0 0.528125 0.40390625 0.0171875 0.025
0 0.56953125 0.4109375 0.015625 0.015625
0 0.62890625 0.41796875 0.0171875 0.0296875
0 0.0453125 0.34921875 0.0421875 0.05
0 0.596875 0.41640625 0.0171875 0.025
0 0.4796875 0.40234375 0.021875 0.025
0 0.3734375 0.390625 0.0109375 0.0203125
0 0.23515625 0.37421875 0.021875 0.025
0 0.66953125 0.42734375 0.0171875 0.025
0 0.86484375 0.45078125 0.028125 0.0390625
0 0.8421875 0.453125 0.028125 0.04375
0 0.4671875 0.409375 0.021875 0.034375
0 0.27421875 0.3859375 0.0265625 0.03125
0 0.3609375 0.39609375 0.0171875 0.025
0 0.3265625 0.39453125 0.0171875 0.025
0 0.55390625 0.42265625 0.015625 0.0203125
0 0.653125 0.434375 0.015625 0.0203125
0 0.79921875 0.4546875 0.0234375 0.0390625
0 0.64765625 0.43828125 0.015625 0.015625
0 0.3421875 0.40078125 0.021875 0.034375
0 0.821875 0.46015625 0.0234375 0.04375
0 0.38984375 0.40703125 0.021875 0.0296875
0 0.528125 0.4265625 0.021875 0.025
0 0.70234375 0.44765625 0.021875 0.025
0 0.57109375 0.43125 0.021875 0.0296875
0 0.30234375 0.40078125 0.0125 0.0296875
0 0.76640625 0.4578125 0.021875 0.025
0 0.31328125 0.40234375 0.0171875 0.025
0 0.59375 0.4390625 0.0171875 0.025
0 0.39375 0.41953125 0.021875 0.025
0 0.61796875 0.446875 0.015625 0.0203125
0 0.6296875 0.4484375 0.0171875 0.0296875
0 0.49375 0.43828125 0.0265625 0.034375
0 0.7234375 0.4671875 0.0484375 0.059375
0 0.9671875 0.496875 0.03125 0.0359375
0 0.24765625 0.4109375 0.021875 0.025
0 0.52109375 0.44453125 0.021875 0.034375
0 0.603125 0.4546875 0.0171875 0.0296875
0 0.640625 0.459375 0.021875 0.034375
0 0.18046875 0.4046875 0.0171875 0.025
0 0.446875 0.4375 0.021875 0.025
0 0.20546875 0.4125 0.021875 0.034375
0 0.57734375 0.45859375 0.0265625 0.034375
0 0.12421875 0.40546875 0.0359375 0.040625
0 0.990625 0.51328125 0.01875 0.0390625
0 0.6890625 0.48125 0.03125 0.0359375
0 0.92421875 0.52109375 0.028125 0.0390625
0 0.38203125 0.4546875 0.03125 0.03125
0 0.415625 0.4609375 0.0265625 0.034375
0 0.253125 0.44140625 0.0265625 0.034375
0 0.3359375 0.45390625 0.0265625 0.034375
0 0.03046875 0.41640625 0.0453125 0.0375
0 0.09921875 0.425 0.0421875 0.0546875
0 0.14921875 0.43359375 0.0421875 0.05
0 0.45234375 0.47265625 0.021875 0.0296875
0 0.62890625 0.49453125 0.028125 0.0390625
0 0.3515625 0.4703125 0.0265625 0.034375
0 0.97890625 0.546875 0.0328125 0.04375
0 0.83671875 0.53203125 0.0265625 0.034375
0 0.30546875 0.47109375 0.0328125 0.04375
0 0.6703125 0.51640625 0.0265625 0.034375
0 0.3734375 0.484375 0.0265625 0.03125
0 0.128125 0.4546875 0.0359375 0.040625
0 0.60078125 0.51484375 0.028125 0.0390625
0 0.02890625 0.446875 0.0375 0.0546875
0 0.76328125 0.54140625 0.0328125 0.0484375
0 0.54453125 0.5171875 0.0328125 0.040625
0 0.2140625 0.4765625 0.046875 0.0546875
0 0.7921875 0.54765625 0.0328125 0.040625
0 0.88828125 0.56640625 0.0421875 0.05
0 0.9625 0.57578125 0.0328125 0.04375
0 0.8515625 0.578125 0.028125 0.0390625
0 0.48125 0.534375 0.0328125 0.04375
0 0.09453125 0.4921875 0.0515625 0.046875
0 0.55625 0.55546875 0.046875 0.0546875
0 0.79453125 0.5875 0.03125 0.03125
0 0.59453125 0.5625 0.0328125 0.04375
0 0.25390625 0.53046875 0.0375 0.0453125
0 0.8984375 0.61171875 0.0296875 0.021875
0 0.7765625 0.59921875 0.0328125 0.040625
0 0.64765625 0.58359375 0.0234375 0.04375
0 0.371875 0.55703125 0.0421875 0.0453125
0 0.2953125 0.55 0.03125 0.03125
0 0.1546875 0.53671875 0.0578125 0.065625
0 0.96953125 0.6421875 0.034375 0.053125
0 0.22734375 0.553125 0.0421875 0.0546875
0 0.83515625 0.63515625 0.0546875 0.0796875
0 0.81015625 0.04140625 0.015625 0.015625
0 0.8921875 0.64609375 0.0421875 0.0546875
0 0.5015625 0.6046875 0.053125 0.0703125
0 0.78984375 0.6453125 0.0421875 0.05
0 0.409375 0.61015625 0.0484375 0.059375
0 0.0671875 0.57265625 0.0640625 0.0796875
0 0.29375 0.603125 0.053125 0.065625
0 0.903125 0.6921875 0.071875 0.103125
0 0.115625 0.609375 0.059375 0.075
0 0.66328125 0.68984375 0.06875 0.0859375
0 0.32265625 0.653125 0.059375 0.0796875
0 0.00703125 0.61640625 0.0140625 0.0859375
0 0.171875 0.64609375 0.075 0.090625
0 0.45625 0.7 0.0609375 0.09375
0 0.05859375 0.73671875 0.1046875 0.0859375
0 0.60625 0.8140625 0.0609375 0.09375
0 0.0140625 0.771875 0.028125 0.090625
0 0.209375 0.8140625 0.08125 0.1046875
0 0.81328125 0.91171875 0.1328125 0.1609375
0 0.0796875 0.8453125 0.1140625 0.121875
0 0.46328125 0.896875 0.1109375 0.1265625