0 0.15625 0.11328125 0.0359375 0.03125
0 0.5796875 0.06328125 0.0359375 0.03125
0 0.67578125 0.0515625 0.040625 0.0328125
0 0.28125 0.10234375 0.0453125 0.0375
0 0.934375 0.0296875 0.0265625 0.03125
0 0.55234375 0.0046875 0.0296875 0.009375
0 0.7703125 0.06328125 0.034375 0.0265625
0 0.846875 0.05390625 0.03125 0.03125
0 0.7296875 0.0703125 0.0359375 0.03125
0 0.58515625 0.08828125 0.040625 0.0328125
0 0.0890625 0.1515625 0.0453125 0.0375
0 0.4015625 0.11796875 0.05 0.0421875
0 0.9125 0.0546875 0.0265625 0.0265625
0 0.3171875 0.1328125 0.0546875 0.0375
0 0.89453125 0.06640625 0.0359375 0.0359375
0 0.6015625 0.10703125 0.040625 0.0328125
0 0.56484375 0.11640625 0.040625 0.0359375
0 0.01640625 0.1921875 0.0328125 0.025
0 0.51875 0.0140625 0.05 0.028125
0 0.70390625 0.128125 0.0390625 0.028125
0 0.39609375 0.16953125 0.0453125 0.0375
0 0.4421875 0.16640625 0.040625 0.0359375
0 0.55234375 0.15234375 0.040625 0.0328125
0 0.88203125 0.11484375 0.0453125 0.0375
0 0.43671875 0.0203125 0.05 0.0375
0 0.01796875 0.22421875 0.0359375 0.0421875
0 0.08046875 0.0640625 0.0359375 0.0359375
0 0.6765625 0.14921875 0.0453125 0.0421875
0 0.48671875 0.18203125 0.046875 0.046875
0 0.26015625 0.04453125 0.040625 0.0359375
0 0.33984375 0.2046875 0.034375 0.0265625
0 0.93515625 0.13671875 0.0359375 0.040625
0 0.62578125 0.17890625 0.04375 0.0328125
0 0.465625 0.203125 0.0453125 0.0421875
0 0.86171875 0.1546875 0.0453125 0.0421875
0 0.440625 0.20859375 0.03125 0.03125
0 0.78125 0.16953125 0.0453125 0.0375
0 0.16328125 0.24765625 0.0546875 0.0421875
0 0.40078125 0.0296875 0.040625 0.0359375
0 0.89921875 0.1640625 0.034375 0.0265625
0 0.353125 0.23125 0.040625 0.0359375
0 0.95 0.15859375 0.0265625 0.03125
0 0.54375 0.2078125 0.034375 0.0265625
0 0.92734375 0.1609375 0.034375 0.0265625
0 0.07109375 0.27734375 0.0390625 0.028125
0 0.6375 0.21484375 0.05 0.0421875
0 0.303125 0.26484375 0.05 0.0375
0 0.01640625 0.30546875 0.0203125 0.0203125
0 0.2578125 0.278125 0.05 0.0421875
0 0.94765625 0.19765625 0.040625 0.040625
0 0.1296875 0.2984375 0.040625 0.0359375
0 0.09296875 0.303125 0.04375 0.0328125
0 0.9203125 0.2015625 0.0453125 0.0375
0 0.55078125 0.24921875 0.0453125 0.0375
0 0.1671875 0.29609375 0.05 0.0375
0 0.76484375 0.2296875 0.05 0.0421875
0 0.03515625 0.3265625 0.04375 0.028125
0 0.69296875 0.2484375 0.0453125 0.0421875
0 0.33203125 0.2921875 0.0359375 0.03125
0 0.259375 0.30859375 0.04375 0.028125
0 0.8453125 0.23828125 0.040625 0.0328125
0 0.640625 0.26328125 0.0453125 0.0421875
0 0.59609375 0.27578125 0.0453125 0.0375
0 0.1046875 0.340625 0.040625 0.0328125
0 0.54140625 0.28671875 0.0390625 0.028125
0 0.91640625 0.24375 0.04375 0.0328125
0 0.95546875 0.24296875 0.0328125 0.040625
0 0.0703125 0.359375 0.04375 0.0328125
0 0.309375 0.33203125 0.040625 0.0328125
0 0.24765625 0.33984375 0.0453125 0.0375
0 0.01640625 0.3703125 0.0328125 0.0375
0 0.371875 0.3265625 0.03125 0.03125
0 0.4203125 0.3234375 0.05 0.0421875
0 0.00625 0.3828125 0.0125 0.04375
0 0.0203125 0.0875 0.0359375 0.03125
0 0.62578125 0.3078125 0.0484375 0.0328125
0 0.2765625 0.3546875 0.0453125 0.0375
0 0.47734375 0.3328125 0.040625 0.040625
0 0.2203125 0.36875 0.0546875 0.0421875
0 0.94609375 0.2796875 0.0453125 0.0421875
0 0.17890625 0.0703125 0.04375 0.0328125
0 0.6859375 0.01171875 0.04375 0.0234375
0 0.15 0.38515625 0.0453125 0.0421875
0 0.56171875 0.334375 0.040625 0.040625
0 0.44921875 0.34921875 0.0390625 0.028125
0 0.86953125 0.29765625 0.040625 0.040625
0 0.37109375 0.36171875 0.040625 0.0359375
0 0.68671875 0.325 0.0453125 0.0375
0 0.534375 0.34609375 0.040625 0.040625
0 0.890625 0.30234375 0.040625 0.0359375
0 0.63359375 0.01484375 0.0359375 0.0296875
0 0.0125 0.42265625 0.025 0.0359375
0 0.0703125 0.41484375 0.0484375 0.0328125
0 0.0421875 0.42109375 0.034375 0.0265625
0 0.6703125 0.34609375 0.040625 0.040625
0 0.79609375 0.33046875 0.0390625 0.028125
0 0.34375 0.3859375 0.04375 0.0328125
0 0.4765625 0.36953125 0.05 0.0375
0 0.26328125 0.4125 0.0453125 0.0375
0 0.815625 0.35390625 0.04375 0.0328125
0 0.15 0.44296875 0.0453125 0.0375
0 0.00546875 0.46328125 0.0109375 0.0203125
0 0.4453125 0.41328125 0.040625 0.0328125
0 0.909375 0.35859375 0.0453125 0.0421875
0 0.51015625 0.4078125 0.05 0.0421875
0 0.18828125 0.4515625 0.0453125 0.0421875
0 0.25078125 0.44375 0.053125 0.034375
0 0.37109375 0.43671875 0.0453125 0.0421875
0 0.69765625 0.3984375 0.0453125 0.0375
0 0.66328125 0.4078125 0.04375 0.028125
0 0.425 0.4390625 0.0453125 0.0375
0 0.859375 0.38828125 0.0484375 0.028125
0 0.03671875 0.49140625 0.05 0.0421875
0 0.0078125 0.49453125 0.015625 0.0296875
0 0.81875 0.3953125 0.05 0.0421875
0 0.34921875 0.453125 0.0484375 0.0328125
0 0.1453125 0.478125 0.05 0.0421875
0 0.63046875 0.42109375 0.0453125 0.0375
0 0.578125 0.03046875 0.04375 0.0328125
0 0.59921875 0.43671875 0.0453125 0.0375
0 0.46484375 0.4625 0.0546875 0.0421875
0 0.69296875 0.434375 0.04375 0.0328125
0 0.8609375 0.41875 0.0359375 0.0359375
0 0.51015625 0.46640625 0.040625 0.0328125
0 0.9046875 0.41953125 0.04375 0.0328125
0 0.24296875 0.0765625 0.040625 0.0359375
0 0.3546875 0.0625 0.05 0.0375
0 0.365625 0.490625 0.046875 0.046875
0 0.6640625 0.45390625 0.0453125 0.0375
0 0.39921875 0.49375 0.0546875 0.0375
0 0.76015625 0.015625 0.0453125 0.03125
0 0.603125 0.47109375 0.05 0.0421875
0 0.31953125 0.51015625 0.0453125 0.0421875
0 0.95078125 0.44921875 0.0546875 0.0421875
0 0.7828125 0.48671875 0.04375 0.0234375
0 0.45 0.5296875 0.0546875 0.0421875
0 0.65234375 0.5046875 0.040625 0.0359375
0 0.73359375 0.50625 0.040625 0.0328125
0 0.48359375 0.54140625 0.0453125 0.0375
0 0.56875 0.53125 0.0296875 0.021875
0 0.95078125 0.48671875 0.0484375 0.0328125
0 0.084375 0.59296875 0.0453125 0.0421875
0 0.3078125 0.56796875 0.0515625 0.046875
0 0.70078125 0.51953125 0.0453125 0.0421875
0 0.18828125 0.584375 0.040625 0.0359375
0 0.77265625 0.51796875 0.0453125 0.0375
0 0.6375 0.53671875 0.0546875 0.0375
0 0.828125 0.51328125 0.0484375 0.0328125
0 0.73359375 0.52734375 0.04375 0.0234375
0 0.20234375 0.59921875 0.040625 0.040625
0 0.6015625 0.553125 0.05 0.0421875
0 0.44140625 0.575 0.0546875 0.0421875
0 0.8921875 0.521875 0.0515625 0.046875
0 0.03046875 0.62734375 0.0421875 0.0453125
0 0.6765625 0.55546875 0.03125 0.0265625
0 0.725 0.56171875 0.040625 0.040625
0 0.78984375 0.5578125 0.0453125 0.0375
0 0.125 0.64140625 0.05 0.0421875
0 0.98984375 0.53359375 0.0203125 0.0390625
0 0.25703125 0.6296875 0.040625 0.0359375
0 0.72265625 0.03203125 0.04375 0.028125
0 0.36796875 0.6421875 0.040625 0.0359375
0 0.3140625 0.65859375 0.04375 0.0328125
0 0.97734375 0.58125 0.0453125 0.046875
0 0.39453125 0.0765625 0.04375 0.0328125
0 0.19140625 0.721875 0.05625 0.0515625
0 0.0453125 0.746875 0.0421875 0.0453125
0 0.73046875 0.68203125 0.0453125 0.0421875