0 0.5703125 0.72734375 0.0875 0.065625
0 0.340625 0.06171875 0.0328125 0.0203125
0 0.16953125 0.71328125 0.096875 0.071875
0 0.24140625 0.05546875 0.0328125 0.0203125
0 0.38359375 0.06953125 0.0328125 0.015625
0 0.3546875 0.0015625 0.025 0.003125
0 0.50546875 0.00703125 0.0296875 0.0140625
0 0.04375 0.7828125 0.0875 0.071875
0 0.21953125 0.065625 0.0328125 0.0203125
0 0.78125 0.8859375 0.125 0.0875
0 0.46171875 0.08671875 0.0296875 0.0203125
0 0.1421875 0.06875 0.0296875 0.015625
0 0.765625 0.11484375 0.0328125 0.025
0 0.6828125 0.11328125 0.0328125 0.0203125
0 0.1671875 0.0796875 0.0296875 0.0203125
0 0.6359375 0.11484375 0.0375 0.021875
0 0.39140625 0.09765625 0.0328125 0.0203125
0 0.14296875 0.09921875 0.0375 0.0265625
0 0.88359375 0.153125 0.0328125 0.025
0 0.22109375 0.11171875 0.0390625 0.03125
0 0.359375 0.1234375 0.0296875 0.0203125
0 0.98046875 0.16640625 0.0390625 0.0265625
0 0.91796875 0.1671875 0.034375 0.0296875
0 0.78359375 0.16015625 0.0390625 0.03125
0 0.48125 0.1390625 0.04375 0.03125
0 0.95703125 0.17265625 0.0390625 0.03125
0 0.5109375 0.14140625 0.0390625 0.034375
0 0.12265625 0.11640625 0.034375 0.0296875
0 0.41171875 0.14140625 0.0390625 0.03125
0 0.74296875 0.1671875 0.0390625 0.03125
0 0.61015625 0.02265625 0.0296875 0.015625
0 0.57421875 0.1640625 0.04375 0.03125
0 0.1125 0.1359375 0.0484375 0.03125
0 0.4015625 0.0109375 0.0234375 0.0109375
0 0.67578125 0.18515625 0.04375 0.03125
0 0.64765625 0.18515625 0.034375 0.0296875
0 0.19921875 0.15859375 0.0484375 0.03125
0 0.715625 0.0328125 0.025 0.0203125
0 0.45 0.01640625 0.0296875 0.0203125
0 0.284375 0.00625 0.025 0.0125
0 0.2515625 0.1953125 0.04375 0.034375
0 0.41171875 0.20625 0.0484375 0.0359375
0 0.32109375 0.2 0.0578125 0.03125
0 0.83828125 0.24453125 0.0328125 0.0203125
0 0.2328125 0.00546875 0.025 0.0109375
0 0.81171875 0.2546875 0.0484375 0.03125
0 0.4984375 0.02421875 0.025 0.0203125
0 0.90234375 0.2890625 0.053125 0.0453125
0 0.9546875 0.29765625 0.0578125 0.0359375
0 0.490625 0.26484375 0.0375 0.0265625
0 0.51875 0.2671875 0.0421875 0.0265625
0 0.8046875 0.28984375 0.0578125 0.040625
0 0.4234375 0.26484375 0.0390625 0.034375
0 0.3171875 0.2578125 0.071875 0.0421875
0 0.71484375 0.2875 0.0484375 0.040625
0 0.45546875 0.26953125 0.0625 0.0328125
0 0.15546875 0.2484375 0.0609375 0.028125
0 0.27109375 0.259375 0.0421875 0.0265625
0 0.66171875 0.28671875 0.0578125 0.040625
0 0.54765625 0.28125 0.0625 0.0328125
0 0.84765625 0.3125 0.0578125 0.0359375
0 0.61171875 0.29609375 0.0625 0.040625
0 0.23046875 0.27421875 0.071875 0.0421875
0 0.53984375 0.29609375 0.0671875 0.040625
0 0.75625 0.315625 0.0625 0.0359375
0 0.13515625 0.275 0.071875 0.0421875
0 0.07265625 0.27734375 0.0671875 0.0453125
0 0.31875 0.3015625 0.0734375 0.05625
0 0.2796875 0.3015625 0.0671875 0.040625
0 0.45859375 0.328125 0.0625 0.0453125
0 0.59765625 0.0375 0.034375 0.0296875
0 0.05 0.32421875 0.0578125 0.0453125
0 0.15625 0.01171875 0.025 0.015625
0 0.7609375 0.05390625 0.0296875 0.015625
0 0.4703125 0.03359375 0.025 0.0203125
0 0.76875 0.40546875 0.078125 0.0609375
0 0.34296875 0.0265625 0.0296875 0.0203125
0 0.1671875 0.37734375 0.0734375 0.05625
0 0.06796875 0.37265625 0.053125 0.0453125
0 0.67109375 0.05234375 0.0421875 0.021875
0 0.1296875 0.0140625 0.0203125 0.015625
0 0.2109375 0.0203125 0.0203125 0.015625
0 0.8046875 0.06171875 0.0296875 0.0203125
0 0.3984375 0.42578125 0.0640625 0.0546875
0 0.34296875 0.42421875 0.078125 0.0609375
0 0.8640625 0.46484375 0.078125 0.05625
0 0.20625 0.4265625 0.0765625 0.0375
0 0.70625 0.4703125 0.078125 0.05625
0 0.77734375 0.48515625 0.0625 0.0359375
0 0.16953125 0.021875 0.0203125 0.015625
0 0.9609375 0.51328125 0.06875 0.0546875
0 0.5359375 0.05 0.0296875 0.025
0 0.76953125 0.06640625 0.0296875 0.0203125
0 0.225 0.47578125 0.08125 0.0515625
0 0.24296875 0.03203125 0.0203125 0.0203125
0 0.26796875 0.03359375 0.0203125 0.0203125
0 0.39921875 0.0453125 0.0328125 0.0203125
0 0.28203125 0.03671875 0.0375 0.0265625
0 0.9625 0.590625 0.0640625 0.06875
0 0.7390625 0.07109375 0.0203125 0.0203125
0 0.1640625 0.03359375 0.025 0.0203125
0 0.0234375 0.546875 0.046875 0.040625
0 0.61875 0.06484375 0.0375 0.021875
0 0.21640625 0.6359375 0.096875 0.0765625
0 0.67578125 0.078125 0.0421875 0.0265625
0 0.42421875 0.65703125 0.0828125 0.0609375
0 0.93515625 0.71171875 0.0921875 0.065625
0 0.8078125 0.08984375 0.0328125 0.0203125