0 0.94375 0.0765625 0.0640625 0.1328125
0 0.8140625 0.17421875 0.0453125 0.053125
0 0.17734375 0.23515625 0.03125 0.04375
0 0.528125 0.2109375 0.009375 0.009375
0 0.23984375 0.2328125 0.025 0.0328125
0 0.46875 0.21953125 0.0109375 0.0140625
0 0.3515625 0.23125 0.0203125 0.025
0 0.39921875 0.228125 0.015625 0.0203125
0 0.51953125 0.221875 0.0046875 0.009375
0 0.47421875 0.22734375 0.009375 0.009375
0 0.5453125 0.22265625 0.0046875 0.0046875
0 0.30078125 0.23984375 0.0203125 0.025
0 0.53359375 0.2234375 0.0109375 0.0140625
0 0.225 0.25 0.03125 0.0390625
0 0.41875 0.2359375 0.0203125 0.025
0 0.45078125 0.23671875 0.015625 0.0203125
0 0.26875 0.2515625 0.0203125 0.0296875
0 0.71953125 0.2203125 0.0046875 0.0046875
0 0.4953125 0.2359375 0.0265625 0.0375
0 0.2109375 0.2578125 0.015625 0.0328125
0 0.35 0.2484375 0.015625 0.025
0 0.0265625 0.2734375 0.040625 0.0625
0 0.32265625 0.25234375 0.015625 0.0296875
0 0.740625 0.228125 0.009375 0.009375
0 0.3 0.2609375 0.025 0.0328125
0 0.67421875 0.23984375 0.025 0.025
0 0.540625 0.24921875 0.015625 0.0203125
0 0.53125 0.25390625 0.021875 0.0375
0 0.55703125 0.25234375 0.015625 0.0203125
0 0.4640625 0.25859375 0.015625 0.0296875
0 0.51953125 0.2546875 0.0109375 0.0328125
0 0.74921875 0.24140625 0.0109375 0.0140625
0 0.58203125 0.25546875 0.0109375 0.0140625
0 0.7671875 0.246875 0.015625 0.025
0 0.5671875 0.26328125 0.015625 0.0203125
0 0.67578125 0.25859375 0.025 0.0203125
0 0.7171875 0.25546875 0.0265625 0.046875
0 0.5484375 0.2671875 0.01875 0.0109375
0 0.7015625 0.25859375 0.03125 0.0484375
0 0.10546875 0.303125 0.075 0.0921875
0 0.57734375 0.271875 0.015625 0.025
0 0.73203125 0.2640625 0.0203125 0.0296875
0 0.77578125 0.2671875 0.0203125 0.0203125
0 0.5640625 0.284375 0.034375 0.0296875
0 0.675 0.28125 0.034375 0.0390625
0 0.74921875 0.27578125 0.0359375 0.0484375
0 0.02265625 0.3390625 0.0453125 0.06875
0 0.78203125 0.28984375 0.0359375 0.0484375
0 0.66953125 0.30703125 0.040625 0.0578125
0 0.58671875 0.31328125 0.040625 0.053125
0 0.55078125 0.325 0.0359375 0.0578125
0 0.29921875 0.3515625 0.05 0.0625
0 0.2515625 0.3578125 0.05625 0.0734375
0 0.178125 0.37578125 0.0765625 0.1015625
0 0.790625 0.340625 0.04375 0.04375
0 0.63046875 0.36796875 0.0390625 0.0390625
0 0.690625 0.36875 0.0359375 0.0484375
0 0.0875 0.41328125 0.0828125 0.1203125
0 0.2953125 0.40078125 0.05625 0.078125
0 0.40234375 0.4 0.04375 0.03125
0 0.6 0.40234375 0.05625 0.078125
0 0.7828125 0.403125 0.046875 0.071875
0 0.0421875 0.45546875 0.084375 0.1578125
0 0.67734375 0.415625 0.03125 0.053125
0 0.7171875 0.41953125 0.0515625 0.090625
0 0.84296875 0.4296875 0.08125 0.10625
0 0.4140625 0.4671875 0.084375 0.09375
0 0.26875 0.4796875 0.0875 0.1296875
0 0.5734375 0.4828125 0.0875 0.0703125
0 0.68359375 0.50390625 0.0625 0.1046875
0 0.38515625 0.5828125 0.10625 0.1453125
0 0.50625 0.59296875 0.0875 0.134375
0 0.6015625 0.596875 0.096875 0.1359375