0 0.384375 0.1421875 0.034375 0.0484375
0 0.4953125 0.13671875 0.0296875 0.0375
0 0.6921875 0.1375 0.0390625 0.0484375
0 0.31328125 0.1625 0.03125 0.046875
0 0.440625 0.16171875 0.03125 0.046875
0 0.8640625 0.14453125 0.034375 0.0484375
0 0.23515625 0.18203125 0.0484375 0.04375
0 0.55 0.1703125 0.03125 0.046875
0 0.3890625 0.19296875 0.03125 0.0515625
0 0.6921875 0.17734375 0.03125 0.0515625
0 0.83515625 0.17421875 0.034375 0.04375
0 0.58515625 0.1875 0.0296875 0.0421875
0 0.24453125 0.2171875 0.034375 0.053125
0 0.82265625 0.19609375 0.03125 0.046875
0 0.64921875 0.2078125 0.0390625 0.053125
0 0.809375 0.21015625 0.0296875 0.0421875
0 0.06796875 0.25859375 0.03125 0.046875
0 0.0109375 0.278125 0.021875 0.071875
0 0.80859375 0.24296875 0.034375 0.0484375
0 0.28828125 0.27265625 0.0390625 0.0625
0 0.5734375 0.2578125 0.034375 0.04375
0 0.50703125 0.275 0.0390625 0.0625
0 0.16484375 0.29921875 0.0390625 0.0578125
0 0.96796875 0.27109375 0.0359375 0.0765625
0 0.45859375 0.3234375 0.0390625 0.053125
0 0.67265625 0.3421875 0.0453125 0.0765625
0 0.09453125 0.37265625 0.0546875 0.0671875
0 0.96328125 0.36953125 0.0546875 0.0859375
0 0.4296875 0.4 0.04375 0.0625
0 0.721875 0.40234375 0.0484375 0.0625
0 0.3140625 0.4375 0.0546875 0.0765625
0 0.64921875 0.46171875 0.0546875 0.08125
0 0.984375 0.48125 0.03125 0.084375
0 0.25390625 0.534375 0.059375 0.0859375
0 0.66953125 0.59765625 0.0640625 0.08125