0 0.9578125 0.184375 0.0109375 0.0234375
0 0.94609375 0.19609375 0.0140625 0.01875
0 0.97421875 0.196875 0.0203125 0.0234375
0 0.8953125 0.1984375 0.0203125 0.0234375
0 0.92734375 0.20234375 0.0203125 0.028125
0 0.9578125 0.20546875 0.015625 0.028125
0 0.809375 0.203125 0.01875 0.009375
0 0.85703125 0.20703125 0.0140625 0.0140625
0 0.99296875 0.21171875 0.0140625 0.0328125
0 0.9109375 0.2109375 0.0203125 0.028125
0 0.83203125 0.215625 0.0203125 0.0328125
0 0.790625 0.2140625 0.01875 0.01875
0 0.771875 0.21796875 0.0140625 0.0140625
0 0.815625 0.221875 0.015625 0.028125
0 0.86875 0.22578125 0.025 0.0296875
0 0.70859375 0.2265625 0.0203125 0.028125
0 0.74296875 0.23046875 0.0203125 0.0234375
0 0.79375 0.234375 0.025 0.0375
0 0.76171875 0.2375 0.0140625 0.01875
0 0.64375 0.2359375 0.0140625 0.0140625
0 0.8359375 0.24296875 0.0203125 0.0234375
0 0.62734375 0.23515625 0.0140625 0.01875
0 0.965625 0.25 0.0390625 0.0515625
0 0.61328125 0.23984375 0.0140625 0.01875
0 0.871875 0.253125 0.025 0.0375
0 0.5484375 0.2421875 0.01875 0.01875
0 0.51640625 0.24140625 0.0140625 0.01875
0 0.61953125 0.246875 0.015625 0.0234375
0 0.8515625 0.25546875 0.0296875 0.0328125
0 0.8953125 0.25625 0.034375 0.0515625
0 0.703125 0.25 0.025 0.0375
0 0.92734375 0.26015625 0.034375 0.05625
0 0.4921875 0.246875 0.0140625 0.01875
0 0.675 0.25859375 0.025 0.0328125
0 0.7375 0.26015625 0.0375 0.0421875
0 0.56171875 0.2546875 0.009375 0.01875
0 0.98984375 0.271875 0.0203125 0.05625
0 0.57578125 0.26171875 0.009375 0.01875
0 0.5390625 0.2609375 0.009375 0.0140625
0 0.75859375 0.26796875 0.025 0.0328125
0 0.496875 0.26171875 0.0140625 0.01875
0 0.58984375 0.26484375 0.0203125 0.0234375
0 0.64921875 0.27109375 0.025 0.0375
0 0.61875 0.27265625 0.015625 0.0234375
0 0.5078125 0.27109375 0.015625 0.0234375
0 0.40390625 0.26796875 0.009375 0.009375
0 0.46875 0.26953125 0.009375 0.01875
0 0.459375 0.271875 0.009375 0.0140625
0 0.8640625 0.28828125 0.0328125 0.0328125
0 0.3875 0.271875 0.0203125 0.0234375
0 0.31796875 0.271875 0.025 0.025
0 0.42890625 0.27578125 0.0203125 0.0234375
0 0.5515625 0.2796875 0.0296875 0.025
0 0.584375 0.28359375 0.0203125 0.0234375
0 0.44765625 0.2796875 0.025 0.025
0 0.35078125 0.27890625 0.025 0.025
0 0.47578125 0.28359375 0.009375 0.0140625
0 0.80546875 0.296875 0.034375 0.046875
0 0.40390625 0.2859375 0.0203125 0.0234375
0 0.6921875 0.29765625 0.0484375 0.0578125
0 0.49296875 0.29375 0.015625 0.0234375
0 0.3078125 0.28671875 0.0140625 0.01875
0 0.62734375 0.30078125 0.0296875 0.0421875
0 0.59296875 0.3015625 0.0375 0.0421875
0 0.3265625 0.29921875 0.025 0.0296875
0 0.52109375 0.30859375 0.0390625 0.0515625
0 0.45625 0.30625 0.025 0.0375
0 0.24296875 0.303125 0.0140625 0.0140625
0 0.4390625 0.3125 0.034375 0.046875
0 0.390625 0.31328125 0.025 0.0375
0 0.2703125 0.31171875 0.0140625 0.0140625
0 0.1984375 0.30859375 0.0140625 0.01875
0 0.221875 0.31171875 0.0296875 0.0375
0 0.7703125 0.3359375 0.0578125 0.090625
0 0.30703125 0.321875 0.0296875 0.0375
0 0.36953125 0.3265625 0.0296875 0.046875
0 0.1359375 0.31875 0.0328125 0.0421875
0 0.17734375 0.321875 0.0390625 0.046875
0 0.84609375 0.3453125 0.0734375 0.0953125
0 0.4796875 0.33515625 0.0484375 0.071875
0 0.06875 0.3234375 0.025 0.025
0 0.08203125 0.32578125 0.025 0.025
0 0.59609375 0.34375 0.053125 0.0578125
0 0.2921875 0.3359375 0.025 0.046875
0 0.26015625 0.33828125 0.0328125 0.0421875
0 0.109375 0.3328125 0.025 0.0296875
0 0.9078125 0.36328125 0.0625 0.0859375
0 0.11875 0.3359375 0.015625 0.028125
0 0.4109375 0.34609375 0.0375 0.0328125
0 0.2046875 0.34140625 0.025 0.0421875
0 0.0515625 0.3359375 0.0296875 0.0296875
0 0.03125 0.33984375 0.025 0.025
0 0.0890625 0.346875 0.025 0.025
0 0.33359375 0.37109375 0.0484375 0.0671875
0 0.12890625 0.38515625 0.0375 0.0328125
0 0.07109375 0.38828125 0.04375 0.065625
0 0.2578125 0.40546875 0.071875 0.08125
0 0.42890625 0.41875 0.0640625 0.0984375
0 0.9671875 0.446875 0.065625 0.15
0 0.640625 0.44921875 0.096875 0.1328125
0 0.13828125 0.44140625 0.071875 0.0671875
0 0.0109375 0.43671875 0.0203125 0.0515625
0 0.7921875 0.4890625 0.1015625 0.1421875
0 0.26328125 0.65390625 0.13125 0.175
0 0.03046875 0.6609375 0.0609375 0.190625