0 0.30625 0.41953125 0.0234375 0.0390625
0 0.28515625 0.42421875 0.0234375 0.0390625
0 0.1796875 0.4390625 0.0421875 0.05
0 0.603125 0.3921875 0.046875 0.0515625
0 0.3984375 0.4171875 0.0375 0.0546875
0 0.46328125 0.4109375 0.0328125 0.040625
0 0.771875 0.37734375 0.0390625 0.06875
0 0.44140625 0.4203125 0.021875 0.025
0 0.48828125 0.421875 0.028125 0.0484375
0 0.2453125 0.45859375 0.0546875 0.075
0 0.209375 0.46328125 0.0671875 0.0625
0 0.50859375 0.43359375 0.021875 0.0296875
0 0.10859375 0.48515625 0.078125 0.078125
0 0.81484375 0.40078125 0.059375 0.084375
0 0.8765625 0.39296875 0.0484375 0.06875
0 0.74765625 0.40859375 0.021875 0.034375
0 0.3546875 0.459375 0.0484375 0.0640625
0 0.55703125 0.434375 0.04375 0.06875
0 0.9609375 0.40390625 0.065625 0.1296875
0 0.69140625 0.4421875 0.075 0.0953125
0 0.5921875 0.45625 0.0546875 0.075
0 0.39609375 0.4890625 0.053125 0.0703125
0 0.2171875 0.52734375 0.0671875 0.103125
0 0.25703125 0.53671875 0.0578125 0.0984375
0 0.48046875 0.5140625 0.0796875 0.1
0 0.3546875 0.55234375 0.053125 0.0703125
0 0.65859375 0.571875 0.0921875 0.1203125
0 0.09765625 0.75703125 0.18125 0.375