0 0.22109375 0.046875 0.0265625 0.034375
0 0.2984375 0.0375 0.021875 0.034375
0 0.5125 0.01640625 0.028125 0.0328125
0 0.4609375 0.1640625 0.03125 0.0625
0 0.28046875 0.190625 0.034375 0.0578125
0 0.59375 0.159375 0.0359375 0.0625
0 0.5890625 0.01015625 0.021875 0.0203125
0 0.07578125 0.0671875 0.0328125 0.040625
0 0.6375 0.15859375 0.0390625 0.059375
0 0.34140625 0.19765625 0.0359375 0.0625
0 0.4265625 0.18671875 0.03125 0.0671875
0 0.70546875 0.1578125 0.0390625 0.059375
0 0.83671875 0.14375 0.0390625 0.06875
0 0.921875 0.13359375 0.0453125 0.078125
0 0.51953125 0.1828125 0.034375 0.053125
0 0.31953125 0.21171875 0.034375 0.0578125
0 0.03046875 0.24765625 0.04375 0.059375
0 0.3796875 0.03203125 0.0265625 0.034375
0 0.39609375 0.03046875 0.0171875 0.0328125
0 0.20078125 0.23125 0.0390625 0.059375
0 0.1703125 0.2421875 0.0359375 0.0671875
0 0.0828125 0.2578125 0.0375 0.0546875
0 0.66953125 0.1859375 0.0390625 0.06875
0 0.2875 0.04375 0.021875 0.025
0 0.115625 0.0671875 0.0328125 0.0484375
0 0.5609375 0.2015625 0.0390625 0.06875
0 0.25625 0.24375 0.0359375 0.0671875
0 0.11875 0.2625 0.040625 0.078125
0 0.44921875 0.2234375 0.04375 0.06875
0 0.81015625 0.18203125 0.0453125 0.078125
0 0.5765625 0.21484375 0.04375 0.06875
0 0.746875 0.19453125 0.0421875 0.05
0 0.46015625 0.025 0.0234375 0.0390625
0 0.78671875 0.19140625 0.0359375 0.071875
0 0.940625 0.175 0.053125 0.065625
0 0.49296875 0.2328125 0.034375 0.0578125
0 0.2703125 0.05078125 0.0234375 0.0390625
0 0.74453125 0.0046875 0.0265625 0.009375
0 0.47265625 0.02578125 0.021875 0.034375
0 0.63671875 0.22890625 0.0390625 0.059375
0 0.7078125 0.2203125 0.0390625 0.059375
0 0.37109375 0.26171875 0.0421875 0.0828125
0 0.1859375 0.29375 0.0390625 0.06875
0 0.3421875 0.2796875 0.0390625 0.06875
0 0.6765625 0.2453125 0.04375 0.0640625
0 0.03515625 0.32421875 0.0546875 0.0796875
0 0.896875 0.2203125 0.05 0.078125
0 0.940625 0.215625 0.0546875 0.0796875
0 0.25625 0.0546875 0.0171875 0.025
0 0.0265625 0.0828125 0.021875 0.034375
0 0.2375 0.31484375 0.0484375 0.06875
0 0.75234375 0.2515625 0.0484375 0.0640625
0 0.59609375 0.27578125 0.05 0.078125
0 0.490625 0.28828125 0.034375 0.0578125
0 0.4078125 0.30078125 0.034375 0.090625
0 0.85 0.2515625 0.0546875 0.0796875
0 0.1640625 0.34765625 0.0421875 0.0921875
0 0.1078125 0.36171875 0.0421875 0.0875
0 0.7125 0.2921875 0.05 0.0734375
0 0.43515625 0.32890625 0.05 0.0828125
0 0.63359375 0.015625 0.0234375 0.03125
0 0.346875 0.04765625 0.01875 0.0421875
0 0.94453125 0.2828125 0.0609375 0.09375
0 0.82421875 0.00625 0.0234375 0.0125
0 0.1515625 0.0734375 0.021875 0.0296875
0 0.209375 0.06640625 0.0265625 0.03125
0 0.5171875 0.33984375 0.05 0.078125
0 0.78671875 0.31015625 0.059375 0.0796875
0 0.571875 0.021875 0.028125 0.04375
0 0.06875 0.0859375 0.0171875 0.0296875
0 0.14140625 0.40390625 0.0609375 0.09375
0 0.21953125 0.39921875 0.0578125 0.0984375
0 0.675 0.3453125 0.0625 0.1015625
0 0.3390625 0.3890625 0.0515625 0.0921875
0 0.59921875 0.359375 0.0375 0.08125
0 0.809375 0.0109375 0.028125 0.021875
0 0.85625 0.3421875 0.059375 0.0796875
0 0.5078125 0.034375 0.021875 0.0296875
0 0.48984375 0.03671875 0.021875 0.0296875
0 0.4375 0.0453125 0.0328125 0.040625
0 0.03828125 0.46328125 0.0609375 0.0890625
0 0.6296875 0.39296875 0.0625 0.1015625
0 0.946875 0.35859375 0.071875 0.103125
0 0.2921875 0.44140625 0.0625 0.10625
0 0.16796875 0.08125 0.025 0.0484375
0 0.5390625 0.42265625 0.053125 0.10625
0 0.109375 0.47578125 0.05625 0.09375
0 0.43671875 0.4375 0.0546875 0.084375
0 0.359375 0.0578125 0.021875 0.0296875
0 0.69375 0.0203125 0.025 0.040625
0 0.73125 0.01796875 0.025 0.0359375
0 0.92421875 0.003125 0.0265625 0.00625
0 0.42109375 0.05234375 0.0234375 0.0390625
0 0.67578125 0.02578125 0.0296875 0.0515625
0 0.8 0.43515625 0.0625 0.1015625
0 0.025 0.53984375 0.05 0.1203125
0 0.328125 0.06640625 0.028125 0.0390625
0 0.2890625 0.0734375 0.0328125 0.040625
0 0.24765625 0.078125 0.021875 0.034375
0 0.590625 0.0359375 0.021875 0.0296875
0 0.9578125 0.4625 0.084375 0.128125
0 0.58828125 0.5125 0.065625 0.09375
0 0.2578125 0.56015625 0.065625 0.125
0 0.40078125 0.54453125 0.0703125 0.1265625
0 0.46875 0.05625 0.021875 0.0296875
0 0.54453125 0.046875 0.028125 0.0484375
0 0.01640625 0.11171875 0.028125 0.04375
0 0.1890625 0.60859375 0.0796875 0.096875
0 0.0421875 0.1109375 0.01875 0.0375
0 0.50546875 0.05390625 0.021875 0.025
0 0.35390625 0.075 0.021875 0.0296875
0 0.3890625 0.0703125 0.028125 0.0484375
0 0.75390625 0.02578125 0.0234375 0.0390625
0 0.08125 0.10859375 0.028125 0.0484375
0 0.653125 0.03828125 0.028125 0.0484375
0 0.79140625 0.56875 0.0796875 0.1359375
0 0.9171875 0.009375 0.025 0.01875
0 0.20078125 0.09609375 0.028125 0.0390625
0 0.42109375 0.65234375 0.06875 0.1125
0 0.609375 0.62890625 0.078125 0.1234375
0 0.96796875 0.5875 0.0640625 0.15
0 0.37109375 0.01953125 0.0203125 0.015625
0 0.21953125 0.09609375 0.028125 0.04375
0 0.6234375 0.04609375 0.0234375 0.0390625
0 0.065625 0.1171875 0.0328125 0.04375
0 0.26328125 0.09296875 0.0265625 0.03125
0 0.80078125 0.0296875 0.028125 0.04375
0 0.396875 0.70390625 0.0875 0.1609375
0 0.18984375 0.73203125 0.0796875 0.13125
0 0.0640625 0.75390625 0.08125 0.140625
0 0.440625 0.0734375 0.028125 0.0390625
0 0.8546875 0.6734375 0.0703125 0.1265625
0 0.7125 0.0453125 0.0296875 0.053125
0 0.87109375 0.028125 0.0265625 0.03125
0 0.77265625 0.03984375 0.0375 0.05
0 0.1171875 0.12265625 0.0328125 0.0484375
0 0.4765625 0.07890625 0.028125 0.0390625
0 0.81875 0.0390625 0.021875 0.034375
0 0.565625 0.00390625 0.015625 0.0078125
0 0.16171875 0.11953125 0.021875 0.034375
0 0.35078125 0.0984375 0.0234375 0.04375
0 0.7828125 0.7875 0.0875 0.15625
0 0.45859375 0.0859375 0.0234375 0.04375
0 0.15078125 0.12578125 0.025 0.0484375
0 0.32265625 0.89453125 0.0875 0.1640625
0 0.51484375 0.0859375 0.0234375 0.04375
0 0.01328125 0.14765625 0.025 0.0484375
0 0.528125 0.084375 0.028125 0.04375
0 0.86796875 0.0421875 0.03125 0.03125
0 0.54609375 0.08203125 0.0265625 0.034375
0 0.10078125 0.934375 0.1171875 0.13125
0 0.309375 0.1109375 0.0359375 0.040625
0 0.5953125 0.078125 0.034375 0.053125
0 0.64375 0.07265625 0.028125 0.04375
0 0.9234375 0.03828125 0.028125 0.04375
0 0.38828125 0.10546875 0.021875 0.034375
0 0.6671875 0.93828125 0.0984375 0.0984375
0 0.32578125 0.0296875 0.021875 0.025
0 0.3484375 0.0265625 0.021875 0.025
0 0.42421875 0.0171875 0.0171875 0.025
0 0.4359375 0.015625 0.021875 0.025
0 0.4875 0.0109375 0.021875 0.021875
0 0.2078125 0.13203125 0.0265625 0.0265625
0 0.25546875 0.1265625 0.0234375 0.0390625
0 0.73125 0.06796875 0.034375 0.0578125
0 0.3390625 0.11796875 0.028125 0.04375
0 0.58046875 0.0890625 0.028125 0.04375
0 0.2703125 0.1265625 0.028125 0.04375
0 0.909375 0.053125 0.0328125 0.04375
0 0.56875 0.09453125 0.0234375 0.04375
0 0.06171875 0.159375 0.025 0.0484375
0 0.44765625 0.11171875 0.025 0.0484375
0 0.1421875 0.05234375 0.021875 0.025
0 0.31171875 0.03125 0.0171875 0.025
0 0.57890625 0.00546875 0.0171875 0.0109375
0 0.15859375 0.05234375 0.0265625 0.03125
0 0.17421875 0.05078125 0.021875 0.0296875
0 0.62578125 0.0046875 0.0265625 0.009375
0 0.028125 0.1703125 0.028125 0.04375
0 0.84921875 0.071875 0.0390625 0.059375
0 0.1296875 0.1609375 0.0234375 0.04375
0 0.30390625 0.1390625 0.0328125 0.04375
0 0.075 0.171875 0.028125 0.04375
0 0.37578125 0.13515625 0.034375 0.053125
0 0.48203125 0.121875 0.0390625 0.0640625
0 0.91953125 0.07578125 0.034375 0.0578125
0 0.51015625 0.12578125 0.0234375 0.04375
0 0.34921875 0.1453125 0.028125 0.0484375
0 0.5453125 0.009375 0.021875 0.01875
0 0.6421875 0.00390625 0.021875 0.0078125
0 0.03203125 0.06796875 0.0265625 0.03125
0 0.24296875 0.0421875 0.0265625 0.03125
0 0.04609375 0.1828125 0.034375 0.0578125
0 0.16796875 0.16796875 0.034375 0.0578125
0 0.6359375 0.11015625 0.0375 0.0546875
0 0.76796875 0.09609375 0.0375 0.0453125
0 0.878125 0.0828125 0.034375 0.0578125
0 0.2046875 0.16796875 0.028125 0.04375
0 0.83046875 0.09375 0.0359375 0.0359375
0 0.55390625 0.12734375 0.034375 0.053125
0 0.80703125 0.09609375 0.0296875 0.0578125
0 0.7296875 0.1078125 0.0390625 0.0640625
0 0.7 0.11640625 0.034375 0.053125
0 0.1125 0.1890625 0.0390625 0.06875
0 0.225 0.175 0.0296875 0.053125
0 0.18828125 0.05078125 0.021875 0.034375
0 0.3859375 0.16015625 0.0390625 0.059375
0 0.26171875 0.17734375 0.0296875 0.0578125
0 0.4234375 0.1578125 0.028125 0.04375
0 0.24140625 0.184375 0.0296875 0.0578125
0 0.18671875 0.19296875 0.034375 0.0578125
0 0.78515625 0.121875 0.034375 0.053125
0 0.009375 0.21796875 0.01875 0.0671875