0 0.45859375 0.13203125 0.0421875 0.0546875
0 0.54921875 0.12734375 0.040625 0.0359375
0 0.42578125 0.146875 0.040625 0.040625
0 0.3546875 0.15703125 0.040625 0.0359375
0 0.64921875 0.12578125 0.05625 0.05625
0 0.49765625 0.14921875 0.0296875 0.0578125
0 0.85546875 0.11640625 0.0578125 0.075
0 0.8890625 0.13046875 0.0484375 0.0734375
0 0.1203125 0.05625 0.040625 0.040625
0 0.740625 0.1484375 0.05625 0.05625
0 0.14609375 0.2109375 0.0375 0.053125
0 0.3171875 0.20234375 0.0375 0.0578125
0 0.421875 0.0265625 0.0328125 0.04375
0 0.0578125 0.234375 0.0375 0.053125
0 0.38671875 0.2 0.0578125 0.075
0 0.45390625 0.19296875 0.053125 0.0734375
0 0.56640625 0.18359375 0.0421875 0.0640625
0 0.24765625 0.221875 0.0359375 0.0359375
0 0.1921875 0.23203125 0.0484375 0.078125
0 0.625 0.1890625 0.0625 0.0796875
0 0.94609375 0.16015625 0.0390625 0.0765625
0 0.5234375 0.02109375 0.05 0.0421875
0 0.6015625 0.0171875 0.040625 0.034375
0 0.3390625 0.23125 0.0484375 0.06875
0 0.83046875 0.19296875 0.0515625 0.0640625
0 0.04609375 0.27734375 0.046875 0.0546875
0 0.23515625 0.2625 0.0421875 0.0640625
0 0.871875 0.00546875 0.0375 0.0109375
0 0.28984375 0.0453125 0.0421875 0.0546875
0 0.746875 0.21328125 0.046875 0.059375
0 0.52109375 0.2390625 0.0671875 0.0796875
0 0.2796875 0.2671875 0.05625 0.065625
0 0.175 0.2875 0.065625 0.0609375
0 0.675 0.23515625 0.0359375 0.0484375
0 0.94140625 0.209375 0.0578125 0.075
0 0.40625 0.2703125 0.05625 0.0609375
0 0.071875 0.321875 0.0375 0.0578125
0 0.6359375 0.26640625 0.0625 0.0796875
0 0.565625 0.2765625 0.0578125 0.0703125
0 0.328125 0.30390625 0.05 0.0875
0 0.15078125 0.3265625 0.0546875 0.0875
0 0.7328125 0.015625 0.0375 0.03125
0 0.27890625 0.32265625 0.05 0.05
0 0.81875 0.2734375 0.05625 0.065625
0 0.86484375 0.26875 0.0375 0.0625
0 0.2125 0.33671875 0.059375 0.09375
0 0.37890625 0.321875 0.0609375 0.0609375
0 0.7609375 0.284375 0.0484375 0.06875
0 0.3796875 0.0421875 0.0375 0.0578125
0 0.028125 0.3609375 0.05625 0.090625
0 0.11328125 0.36171875 0.0625 0.0796875
0 0.69609375 0.30234375 0.0484375 0.0734375
0 0.9046875 0.30078125 0.05 0.0828125
0 0.54140625 0.34140625 0.0578125 0.0796875
0 0.67578125 0.33203125 0.0453125 0.0875
0 0.95390625 0.3078125 0.0625 0.125
0 0.25546875 0.3859375 0.078125 0.090625
0 0.81484375 0.3296875 0.0609375 0.0609375
0 0.86640625 0.33359375 0.053125 0.078125
0 0.06875 0.42890625 0.0734375 0.1
0 0.92734375 0.0140625 0.0484375 0.028125
0 0.3921875 0.4046875 0.04375 0.0734375
0 0.44765625 0.40078125 0.053125 0.0734375
0 0.16484375 0.4328125 0.059375 0.0421875
0 0.56875 0.0328125 0.053125 0.065625
0 0.7796875 0.39375 0.0421875 0.0953125
0 0.740625 0.4 0.05625 0.096875
0 0.515625 0.42578125 0.0546875 0.0921875
0 0.5859375 0.42578125 0.0578125 0.0703125
0 0.55390625 0.4359375 0.0328125 0.053125
0 0.83671875 0.4109375 0.084375 0.06875
0 0.68828125 0.42890625 0.0515625 0.0546875
0 0.16328125 0.4890625 0.046875 0.059375
0 0.0546875 0.51640625 0.0390625 0.0765625
0 0.7859375 0.02109375 0.0375 0.0421875
0 0.40703125 0.4859375 0.0546875 0.0828125
0 0.0234375 0.53359375 0.046875 0.0921875
0 0.2109375 0.51875 0.078125 0.0953125
0 0.959375 0.4421875 0.0484375 0.0734375
0 0.27109375 0.51484375 0.059375 0.0890625
0 0.346875 0.50703125 0.059375 0.084375
0 0.44609375 0.49609375 0.0375 0.0625
0 0.81796875 0.46875 0.075 0.0671875
0 0.90390625 0.46484375 0.0875 0.1375
0 0.33359375 0.065625 0.040625 0.05
0 0.44609375 0.05390625 0.0421875 0.059375
0 0.7 0.49765625 0.065625 0.1015625
0 0.5328125 0.5203125 0.0375 0.0625
0 0.146875 0.0875 0.05625 0.065625
0 0.57734375 0.52265625 0.0703125 0.0984375
0 0.0234375 0.1 0.046875 0.046875
0 0.846875 0.54296875 0.084375 0.1046875
0 0.18125 0.6125 0.0796875 0.1125
0 0.69296875 0.03515625 0.0421875 0.0640625
0 0.38515625 0.603125 0.065625 0.0984375
0 0.72421875 0.5734375 0.0609375 0.05625
0 0.97890625 0.55078125 0.0421875 0.1421875
0 0.24375 0.63125 0.0828125 0.0953125
0 0.0390625 0.653125 0.0609375 0.1015625
0 0.5484375 0.60859375 0.06875 0.0890625
0 0.46953125 0.62890625 0.084375 0.109375
0 0.64609375 0.6265625 0.065625 0.10625
0 0.99140625 0.6078125 0.0171875 0.1125
0 0.8390625 0.0328125 0.053125 0.065625
0 0.121875 0.71640625 0.0796875 0.1125
0 0.3 0.69765625 0.08125 0.08125
0 0.715625 0.665625 0.0703125 0.0984375
0 0.91953125 0.6609375 0.0828125 0.090625
0 0.271875 0.746875 0.065625 0.0609375
0 0.5578125 0.721875 0.084375 0.1046875
0 0.05625 0.78828125 0.0640625 0.09375
0 0.18984375 0.784375 0.0859375 0.128125
0 0.29453125 0.80546875 0.0734375 0.0859375
0 0.4375 0.79453125 0.075 0.1125
0 0.93515625 0.746875 0.0734375 0.090625
0 0.98515625 0.7703125 0.0296875 0.09375
0 0.6765625 0.80546875 0.0765625 0.1265625
0 0.11796875 0.89140625 0.0671875 0.0796875
0 0.28203125 0.1109375 0.053125 0.06875
0 0.46875 0.09140625 0.0453125 0.0453125
0 0.7890625 0.87890625 0.0765625 0.121875
0 0.28828125 0.93828125 0.0953125 0.1234375
0 0.0828125 0.94921875 0.078125 0.1015625
0 0.96484375 0.87890625 0.0703125 0.1515625
0 0.88359375 0.05234375 0.046875 0.0546875
0 0.78671875 0.94921875 0.10625 0.05625
0 0.02265625 0.1515625 0.0453125 0.075
0 0.68203125 0.0875 0.05625 0.065625
0 0.740625 0.08828125 0.04375 0.06875
0 0.18125 0.146875 0.0375 0.0578125
0 0.36953125 0.12734375 0.05 0.040625
0 0.715625 0.090625 0.0390625 0.0765625
0 0.57265625 0.10859375 0.0453125 0.040625
0 0.0828125 0.16171875 0.0484375 0.078125
0 0.228125 0.14921875 0.0546875 0.0828125
0 0.3203125 0.13984375 0.0234375 0.053125
0 0.78046875 0.09140625 0.0484375 0.0734375
0 0.91015625 0.0796875 0.046875 0.0546875