0 0.55078125 0.37109375 0.0140625 0.0140625
0 0.43046875 0.36875 0.0046875 0.009375
0 0.41171875 0.37578125 0.0046875 0.009375
0 0.35859375 0.375 0.0140625 0.0234375
0 0.41875 0.37578125 0.009375 0.009375
0 0.5 0.37734375 0.009375 0.009375
0 0.46328125 0.37890625 0.0046875 0.009375
0 0.45859375 0.37890625 0.0046875 0.009375
0 0.5140625 0.38203125 0.009375 0.009375
0 0.45390625 0.38125 0.009375 0.0140625
0 0.428125 0.38046875 0.009375 0.01875
0 0.34921875 0.38203125 0.009375 0.0140625
0 0.44453125 0.38359375 0.009375 0.0140625
0 0.53046875 0.38515625 0.009375 0.009375
0 0.54609375 0.38515625 0.0046875 0.0140625
0 0.375 0.384375 0.009375 0.0140625
0 0.38671875 0.384375 0.0140625 0.01875
0 0.303125 0.38359375 0.009375 0.0140625
0 0.3453125 0.384375 0.009375 0.0140625
0 0.40546875 0.38515625 0.0140625 0.0140625
0 0.46796875 0.3859375 0.009375 0.0140625
0 0.4828125 0.3890625 0.0046875 0.009375
0 0.31484375 0.3859375 0.009375 0.0140625
0 0.6171875 0.39140625 0.009375 0.0140625
0 0.52265625 0.39140625 0.009375 0.01875
0 0.39296875 0.38984375 0.009375 0.009375
0 0.57109375 0.39296875 0.0046875 0.009375
0 0.5015625 0.39140625 0.0140625 0.01875
0 0.80703125 0.39921875 0.0140625 0.0140625
0 0.62890625 0.3984375 0.009375 0.0140625
0 0.4921875 0.39609375 0.009375 0.0140625
0 0.5921875 0.39765625 0.0140625 0.01875
0 0.44609375 0.3953125 0.0140625 0.0140625
0 0.55703125 0.39921875 0.0140625 0.0234375
0 0.27734375 0.39453125 0.0234375 0.0234375
0 0.7796875 0.403125 0.0140625 0.0234375
0 0.640625 0.403125 0.0140625 0.01875
0 0.3375 0.39765625 0.0234375 0.0328125
0 0.58046875 0.40234375 0.009375 0.0140625
0 0.6078125 0.40234375 0.0140625 0.0234375
0 0.665625 0.40390625 0.009375 0.009375
0 0.21484375 0.3984375 0.01875 0.01875
0 0.5453125 0.40625 0.0140625 0.0140625
0 0.77265625 0.41171875 0.0140625 0.0234375
0 0.75390625 0.41171875 0.0140625 0.0140625
0 0.6265625 0.409375 0.01875 0.0140625
0 0.3 0.40625 0.01875 0.0234375
0 0.41328125 0.4078125 0.028125 0.0328125
0 0.65234375 0.41171875 0.009375 0.0140625
0 0.6890625 0.4125 0.0140625 0.009375
0 0.26328125 0.40546875 0.01875 0.028125
0 0.3765625 0.40703125 0.01875 0.0328125
0 0.57109375 0.4109375 0.0046875 0.0234375
0 0.8765625 0.41796875 0.0140625 0.0234375
0 0.675 0.41484375 0.009375 0.0140625
0 0.5109375 0.41171875 0.01875 0.0234375
0 0.665625 0.41484375 0.009375 0.0140625
0 0.8 0.41953125 0.01875 0.028125
0 0.15703125 0.4078125 0.0234375 0.0234375
0 0.4921875 0.4140625 0.01875 0.0234375
0 0.4484375 0.41328125 0.0140625 0.01875
0 0.4828125 0.4140625 0.01875 0.0234375
0 0.13828125 0.41015625 0.01875 0.01875
0 0.853125 0.42265625 0.0296875 0.046875
0 0.0640625 0.40859375 0.128125 0.2796875
0 0.7078125 0.4203125 0.0140625 0.0234375
0 0.6171875 0.4234375 0.0140625 0.01875
0 0.56171875 0.42421875 0.01875 0.028125
0 0.203125 0.41796875 0.0375 0.05625
0 0.39296875 0.421875 0.0140625 0.0234375
0 0.9 0.4328125 0.01875 0.028125
0 0.2421875 0.4234375 0.01875 0.028125
0 0.828125 0.43359375 0.0234375 0.0328125
0 0.2859375 0.42421875 0.0140625 0.028125
0 0.4578125 0.42734375 0.0140625 0.0140625
0 0.7375 0.43203125 0.0203125 0.0515625
0 0.7609375 0.43515625 0.01875 0.028125
0 0.59765625 0.4390625 0.01875 0.0234375
0 0.7 0.440625 0.028125 0.0328125
0 0.9453125 0.45 0.0234375 0.028125
0 0.16953125 0.44140625 0.01875 0.01875
0 0.54921875 0.4546875 0.0234375 0.0328125
0 0.98203125 0.4625 0.0296875 0.046875
0 0.146875 0.44765625 0.0328125 0.0421875
0 0.33203125 0.453125 0.0375 0.0515625
0 0.26015625 0.45703125 0.0234375 0.0375
0 0.77890625 0.46796875 0.025 0.046875
0 0.9328125 0.48671875 0.028125 0.0421875
0 0.81953125 0.51015625 0.0375 0.0515625
0 0.48125 0.51171875 0.11875 0.1453125
0 0.6546875 0.54140625 0.128125 0.1640625
0 0.984375 0.5828125 0.0203125 0.09375
0 0.21171875 0.5765625 0.065625 0.0796875