0 0.6234375 0.70390625 0.0921875 0.0734375
0 0.2390625 0.11328125 0.034375 0.0234375
0 0.23125 0.78671875 0.103125 0.0796875
0 0.14140625 0.13125 0.034375 0.0234375
0 0.2828125 0.1109375 0.034375 0.01875
0 0.23671875 0.04609375 0.025 0.0171875
0 0.38671875 0.01953125 0.0296875 0.01875
0 0.1171875 0.8875 0.1109375 0.08125
0 0.12265625 0.14609375 0.034375 0.0234375
0 0.86640625 0.80625 0.1328125 0.0984375
0 0.3625 0.10859375 0.03125 0.0234375
0 0.0484375 0.16796875 0.0296875 0.01875
0 0.66484375 0.06171875 0.0359375 0.028125
0 0.58359375 0.08046875 0.034375 0.0234375
0 0.07578125 0.17265625 0.03125 0.0234375
0 0.53828125 0.09375 0.0390625 0.025
0 0.296875 0.1359375 0.034375 0.0234375
0 0.05625 0.19765625 0.040625 0.0296875
0 0.78828125 0.07109375 0.0359375 0.028125
0 0.13515625 0.190625 0.040625 0.034375
0 0.27265625 0.16875 0.03125 0.0234375
0 0.88828125 0.06015625 0.0453125 0.0296875
0 0.825 0.0765625 0.0359375 0.0328125
0 0.69296875 0.1015625 0.040625 0.034375
0 0.39453125 0.1546875 0.0453125 0.034375
0 0.8640625 0.071875 0.040625 0.034375
0 0.42421875 0.14921875 0.0421875 0.0375
0 0.04140625 0.21953125 0.0359375 0.0328125
0 0.32734375 0.1734375 0.040625 0.034375
0 0.65546875 0.11796875 0.040625 0.034375
0 0.49140625 0.01015625 0.0296875 0.01875
0 0.490625 0.15546875 0.0453125 0.034375
0 0.0359375 0.240625 0.05 0.0359375
0 0.28671875 0.04921875 0.025 0.0140625
0 0.59375 0.1515625 0.0453125 0.034375
0 0.5671875 0.159375 0.0359375 0.0328125
0 0.125 0.24140625 0.05 0.0359375
0 0.59609375 0.00234375 0.0265625 0.0046875
0 0.334375 0.04296875 0.03125 0.0234375
0 0.1703125 0.071875 0.025 0.0171875
0 0.18515625 0.2640625 0.046875 0.0390625
0 0.34296875 0.23671875 0.0515625 0.0390625
0 0.25390625 0.25234375 0.059375 0.0375
0 0.76640625 0.1703125 0.034375 0.0234375
0 0.12109375 0.0828125 0.025 0.0171875
0 0.74296875 0.18671875 0.05 0.0359375
0 0.38359375 0.0390625 0.0265625 0.021875
0 0.83984375 0.1984375 0.0578125 0.05
0 0.89296875 0.19375 0.0609375 0.040625
0 0.434375 0.27421875 0.040625 0.0296875
0 0.46171875 0.26953125 0.0453125 0.0296875
0 0.74453125 0.221875 0.0609375 0.0453125
0 0.36875 0.290625 0.0421875 0.0375
0 0.2640625 0.309375 0.075 0.0484375
0 0.65703125 0.2421875 0.0515625 0.04375
0 0.4015625 0.2875 0.0640625 0.0375
0 0.10546875 0.33984375 0.0640625 0.0328125
0 0.21953125 0.321875 0.0453125 0.0296875
0 0.6046875 0.25390625 0.0609375 0.0453125
0 0.49296875 0.27578125 0.0640625 0.0375
0 0.7921875 0.234375 0.0609375 0.040625
0 0.55859375 0.27578125 0.065625 0.046875
0 0.184375 0.34609375 0.075 0.0484375
0 0.48984375 0.2921875 0.0703125 0.046875
0 0.70390625 0.259375 0.0640625 0.0421875
0 0.09140625 0.36953125 0.075 0.0484375
0 0.0328125 0.38671875 0.065625 0.0515625
0 0.2765625 0.3515625 0.0765625 0.0625
0 0.23828125 0.36015625 0.0703125 0.046875
0 0.41875 0.34296875 0.0671875 0.0515625
0 0.4828125 0.028125 0.0359375 0.0328125
0 0.02578125 0.4375 0.0515625 0.05
0 0.04765625 0.109375 0.025 0.0171875
0 0.64453125 0.00625 0.0296875 0.0125
0 0.3578125 0.0546875 0.0265625 0.021875
0 0.73828125 0.34296875 0.0828125 0.0671875
0 0.2328125 0.07890625 0.03125 0.0234375
0 0.14765625 0.46171875 0.0765625 0.0625
0 0.05 0.48125 0.0578125 0.05
0 0.55703125 0.02421875 0.04375 0.025
0 0.0234375 0.11875 0.0203125 0.0171875
0 0.103125 0.10390625 0.0203125 0.0171875
0 0.6890625 0.00625 0.03125 0.0125
0 0.38359375 0.45234375 0.06875 0.0609375
0 0.3296875 0.4640625 0.0828125 0.0671875
0 0.8453125 0.378125 0.08125 0.0625
0 0.196875 0.49921875 0.078125 0.04375
0 0.69296875 0.421875 0.08125 0.0625
0 0.765625 0.41796875 0.0640625 0.0421875
0 0.06328125 0.11640625 0.0203125 0.0171875
0 0.95078125 0.4015625 0.0734375 0.0609375
0 0.4265625 0.0546875 0.03125 0.028125
0 0.65625 0.0140625 0.03125 0.0234375
0 0.22734375 0.54296875 0.0859375 0.059375
0 0.0609375 0.0765625 0.034375 0.01875
0 0.1375 0.1078125 0.021875 0.021875
0 0.16171875 0.103125 0.021875 0.021875
0 0.2921875 0.0828125 0.034375 0.0234375
0 0.1765625 0.103125 0.040625 0.0296875
0 0.96796875 0.475 0.0640625 0.075
0 0.628125 0.02578125 0.021875 0.021875
0 0.0609375 0.128125 0.0265625 0.021875
0 0.046875 0.6625 0.05625 0.0453125
0 0.51015625 0.04921875 0.0390625 0.025
0 0.20234375 0.05234375 0.025 0.0171875
0 0.2578125 0.70078125 0.103125 0.084375
0 0.56875 0.0484375 0.0453125 0.0296875
0 0.4640625 0.6703125 0.0875 0.06875
0 0.9625 0.6 0.075 0.075
0 0.69921875 0.028125 0.034375 0.0234375