0 0.9328125 0.1046875 0.0375 0.0734375
0 0.20625 0.20703125 0.0484375 0.0609375
0 0.60546875 0.15078125 0.059375 0.0765625
0 0.74140625 0.1390625 0.0453125 0.0734375
0 0.5140625 0.1703125 0.0484375 0.0609375
0 0.8484375 0.13046875 0.0421875 0.046875
0 0.09609375 0.0734375 0.046875 0.046875
0 0.109375 0.24375 0.04375 0.0546875
0 0.0140625 0.2625 0.028125 0.05625
0 0.7953125 0.15234375 0.05 0.0703125
0 0.69453125 0.1734375 0.04375 0.059375
0 0.9203125 0.14453125 0.0390625 0.0546875
0 0.2953125 0.23671875 0.0578125 0.0625
0 0.36015625 0.2328125 0.05 0.065625
0 0.61875 0.009375 0.040625 0.01875
0 0.65234375 0.00859375 0.0421875 0.0171875
0 0.4953125 0.2171875 0.0484375 0.05625
0 0.6296875 0.2078125 0.059375 0.0765625
0 0.1265625 0.28828125 0.0390625 0.0546875
0 0.896875 0.18203125 0.05 0.065625
0 0.02421875 0.30703125 0.046875 0.0421875
0 0.8640625 0.19140625 0.05 0.075
0 0.9265625 0.1875 0.0328125 0.040625
0 0.2203125 0.2890625 0.0671875 0.0953125
0 0.23671875 0.06015625 0.053125 0.0609375
0 0.490625 0.2796875 0.0484375 0.05625
0 0.13515625 0.33359375 0.0515625 0.0796875
0 0.91640625 0.25 0.0515625 0.0796875
0 0.27421875 0.3421875 0.0546875 0.075
0 0.68671875 0.0078125 0.0265625 0.015625
0 0.821875 0.00703125 0.05 0.0140625
0 0.6921875 0.290625 0.05 0.0703125
0 0.03671875 0.3828125 0.053125 0.05625
0 0.8609375 0.27421875 0.0546875 0.0703125
0 0.76015625 0.290625 0.0703125 0.0859375
0 0.74765625 0.015625 0.0515625 0.03125
0 0.0109375 0.425 0.021875 0.078125
0 0.19296875 0.4078125 0.0515625 0.084375
0 0.421875 0.375 0.0640625 0.0765625
0 0.83671875 0.3171875 0.05625 0.0796875
0 0.58046875 0.36015625 0.053125 0.0609375
0 0.64921875 0.36484375 0.059375 0.0765625
0 0.5140625 0.39765625 0.059375 0.071875
0 0.90078125 0.34375 0.0484375 0.05625
0 0.27265625 0.434375 0.05625 0.0796875
0 0.37265625 0.440625 0.0546875 0.0703125
0 0.73046875 0.409375 0.0609375 0.08125
0 0.50546875 0.040625 0.04375 0.0546875
0 0.91640625 0.40234375 0.0640625 0.071875
0 0.61953125 0.4546875 0.0671875 0.0953125
0 0.30234375 0.50859375 0.0546875 0.075
0 0.88671875 0.45546875 0.0453125 0.06875
0 0.84296875 0.46328125 0.05 0.0703125
0 0.240625 0.6 0.059375 0.071875
0 0.00546875 0.121875 0.0109375 0.05
0 0.45703125 0.059375 0.0453125 0.0734375
0 0.21875 0.0953125 0.053125 0.0609375
0 0.4140625 0.65 0.0609375 0.0859375
0 0.26015625 0.67421875 0.065625 0.08125
0 0.01796875 0.13046875 0.0359375 0.0453125
0 0.69296875 0.64296875 0.05625 0.084375
0 0.6828125 0.03984375 0.0421875 0.046875
0 0.12890625 0.7390625 0.0765625 0.096875
0 0.38984375 0.76328125 0.065625 0.08125
0 0.590625 0.059375 0.04375 0.0546875
0 0.56015625 0.0640625 0.04375 0.059375
0 0.50078125 0.77109375 0.0625 0.090625
0 0.81484375 0.72734375 0.0671875 0.090625
0 0.6640625 0.753125 0.071875 0.090625
0 0.9375 0.7328125 0.0671875 0.1
0 0.1046875 0.1328125 0.034375 0.0453125
0 0.365625 0.09609375 0.0484375 0.0609375
0 0.49296875 0.0078125 0.0296875 0.015625
0 0.27109375 0.86875 0.08125 0.096875
0 0.8109375 0.81640625 0.0765625 0.096875
0 0.31875 0.10703125 0.059375 0.0671875
0 0.5125 0.90078125 0.08125 0.1015625
0 0.96953125 0.84140625 0.0609375 0.1109375
0 0.253125 0.1234375 0.0484375 0.0609375
0 0.69921875 0.92109375 0.0921875 0.10625
0 0.371875 0.9703125 0.09375 0.059375
0 0.51953125 0.00859375 0.0390625 0.0171875
0 0.0640625 0.15859375 0.034375 0.0546875
0 0.3453125 0.1265625 0.0421875 0.046875
0 0.27890625 0.13828125 0.046875 0.0515625
0 0.16171875 0.1546875 0.053125 0.0609375
0 0.434375 0.11875 0.059375 0.0765625
0 0.20703125 0.1625 0.0640625 0.0671875
0 0.53125 0.121875 0.059375 0.0765625
0 0.3390625 0.1703125 0.046875 0.0515625
0 0.13125 0.20546875 0.04375 0.059375
0 0.2625 0.1890625 0.0484375 0.05625