0 0.0625 0.50234375 0.021875 0.025
0 0.0171875 0.509375 0.0203125 0.0203125
0 0.0515625 0.5078125 0.015625 0.0203125
0 0.1671875 0.503125 0.021875 0.025
0 0.03125 0.5171875 0.0171875 0.025
0 0.13359375 0.5125 0.0265625 0.0296875
0 0.20078125 0.50546875 0.021875 0.025
0 0.2125 0.509375 0.0109375 0.0203125
0 0.1484375 0.515625 0.0171875 0.025
0 0.096875 0.5234375 0.015625 0.015625
0 0.18984375 0.5140625 0.021875 0.025
0 0.240625 0.51328125 0.0203125 0.0203125
0 0.2890625 0.5078125 0.015625 0.0203125
0 0.34609375 0.50234375 0.0265625 0.0390625
0 0.22421875 0.5171875 0.015625 0.0203125
0 0.30546875 0.5109375 0.0265625 0.034375
0 0.453125 0.4953125 0.015625 0.0203125
0 0.3296875 0.51328125 0.0109375 0.0203125
0 0.40703125 0.5046875 0.015625 0.0203125
0 0.4609375 0.49921875 0.0109375 0.0109375
0 0.2828125 0.51796875 0.021875 0.025
0 0.39609375 0.50625 0.0109375 0.0203125
0 0.42109375 0.50625 0.0109375 0.015625
0 0.43515625 0.50703125 0.0109375 0.0203125
0 0.48125 0.50390625 0.0109375 0.0203125
0 0.43125 0.51171875 0.0078125 0.0234375
0 0.09140625 0.55 0.0171875 0.025
0 0.47265625 0.51015625 0.0125 0.025
0 0.10234375 0.55390625 0.0109375 0.0203125
0 0.22265625 0.54296875 0.021875 0.025
0 0.97578125 0.46640625 0.015625 0.015625
0 0.1953125 0.5484375 0.015625 0.015625
0 0.96484375 0.46796875 0.0109375 0.015625
0 0.403125 0.5265625 0.021875 0.0296875
0 0.24921875 0.54765625 0.03125 0.03125
0 0.9234375 0.4765625 0.021875 0.025
0 0.49296875 0.52421875 0.0109375 0.015625
0 0.01484375 0.57890625 0.021875 0.0390625
0 0.04453125 0.5734375 0.03125 0.03125
0 0.959375 0.48203125 0.015625 0.0203125
0 0.46484375 0.5359375 0.015625 0.0203125
0 0.4390625 0.53828125 0.0203125 0.0203125
0 0.50859375 0.53359375 0.015625 0.0203125
0 0.09609375 0.57734375 0.021875 0.0296875
0 0.55 0.53203125 0.015625 0.0203125
0 0.2078125 0.575 0.0265625 0.0296875
0 0.65 0.528125 0.021875 0.025
0 0.490625 0.54765625 0.0109375 0.0203125
0 0.5 0.54609375 0.0171875 0.025
0 0.52578125 0.54375 0.0171875 0.025
0 0.3 0.56953125 0.028125 0.04375
0 0.05625 0.5953125 0.0359375 0.0359375
0 0.28203125 0.571875 0.028125 0.04375
0 0.4796875 0.55546875 0.0265625 0.0296875
0 0.76015625 0.5375 0.0265625 0.0296875
0 0.0234375 0.615625 0.0328125 0.053125
0 0.65234375 0.54921875 0.021875 0.034375
0 0.17109375 0.6046875 0.0421875 0.0640625
0 0.490625 0.57109375 0.021875 0.0390625
0 0.7875 0.53984375 0.021875 0.025
0 0.59296875 0.5625 0.0265625 0.034375
0 0.84453125 0.53828125 0.021875 0.034375
0 0.71484375 0.55234375 0.0171875 0.0328125
0 0.7515625 0.5484375 0.0328125 0.04375
0 0.5171875 0.575 0.0265625 0.0390625
0 0.9 0.5375 0.0265625 0.0390625
0 0.86953125 0.540625 0.03125 0.0390625
0 0.62109375 0.56875 0.0328125 0.04375
0 0.72265625 0.55859375 0.0125 0.0328125
0 0.315625 0.60546875 0.0359375 0.04375
0 0.92109375 0.54453125 0.0328125 0.0484375
0 0.990625 0.5390625 0.01875 0.04375
0 0.740625 0.57421875 0.0359375 0.0484375
0 0.44453125 0.6125 0.0484375 0.0734375
0 0.8640625 0.58046875 0.0375 0.053125
0 0.21484375 0.6625 0.065625 0.0984375