0 0.72265625 0.521875 0.0109375 0.0109375
0 0.12265625 0.59375 0.0109375 0.0140625
0 0.27265625 0.58515625 0.0046875 0.0046875
0 0.42734375 0.5734375 0.0109375 0.0140625
0 0.2546875 0.5890625 0.0046875 0.0046875
0 0.34921875 0.58046875 0.00625 0.009375
0 0.18515625 0.5953125 0.00625 0.009375
0 0.34296875 0.58359375 0.00625 0.009375
0 0.2890625 0.58828125 0.00625 0.0140625
0 0.29609375 0.58984375 0.0046875 0.0046875
0 0.16953125 0.603125 0.0109375 0.0109375
0 0.26171875 0.5953125 0.00625 0.009375
0 0.78125 0.55 0.0109375 0.0109375
0 0.33125 0.59140625 0.009375 0.00625
0 0.31484375 0.59296875 0.00625 0.009375
0 0.878125 0.54375 0.0109375 0.0109375
0 0.321875 0.5921875 0.0109375 0.0140625
0 0.24375 0.59921875 0.00625 0.009375
0 0.3609375 0.5890625 0.00625 0.009375
0 0.6171875 0.56875 0.00625 0.009375
0 0.6078125 0.56953125 0.00625 0.009375
0 0.68671875 0.5625 0.0109375 0.0109375
0 0.23671875 0.60234375 0.00625 0.009375
0 0.6265625 0.56796875 0.00625 0.009375
0 0.0828125 0.61796875 0.0046875 0.0046875
0 0.75859375 0.55859375 0.0109375 0.0109375
0 0.29921875 0.59921875 0.0046875 0.0046875
0 0.39453125 0.590625 0.0046875 0.0046875
0 0.36640625 0.59296875 0.0046875 0.0046875
0 0.059375 0.6203125 0.0109375 0.0109375
0 0.1171875 0.6171875 0.0109375 0.0140625
0 0.3875 0.59375 0.0046875 0.0046875
0 0.1265625 0.61640625 0.0109375 0.0109375
0 0.04140625 0.62421875 0.015625 0.015625
0 0.38046875 0.59453125 0.0046875 0.0046875
0 0.34609375 0.6 0.00625 0.009375
0 0.65546875 0.57265625 0.00625 0.009375
0 0.35703125 0.5984375 0.0109375 0.0109375
0 0.73046875 0.56640625 0.0109375 0.0140625
0 0.98203125 0.54375 0.0109375 0.0109375
0 0.31171875 0.603125 0.0109375 0.0109375
0 0.6640625 0.571875 0.0046875 0.0046875
0 0.6734375 0.5734375 0.00625 0.009375
0 0.7734375 0.56484375 0.00625 0.009375
0 0.94375 0.55 0.015625 0.015625
0 0.83984375 0.55859375 0.0109375 0.0109375
0 0.10390625 0.6234375 0.0109375 0.0109375
0 0.3234375 0.60390625 0.0109375 0.0109375
0 0.61328125 0.57890625 0.0109375 0.0140625
0 0.14609375 0.621875 0.0109375 0.0140625
0 0.215625 0.615625 0.0109375 0.0140625
0 0.36484375 0.603125 0.0046875 0.0046875
0 0.59375 0.5828125 0.0109375 0.0140625
0 0.725 0.57109375 0.0109375 0.0109375
0 0.5609375 0.5859375 0.00625 0.009375
0 0.60078125 0.58203125 0.0109375 0.0140625
0 0.62109375 0.58046875 0.00625 0.009375
0 0.63671875 0.57890625 0.0109375 0.0109375
0 0.68046875 0.575 0.00625 0.0140625
0 0.6875 0.57421875 0.00625 0.009375
0 0.54453125 0.5890625 0.0109375 0.0140625
0 0.58203125 0.5859375 0.00625 0.0140625
0 0.70625 0.575 0.0109375 0.0109375
0 0.8796875 0.56015625 0.0109375 0.0140625
0 0.9625 0.553125 0.0109375 0.0140625
0 0.3328125 0.6078125 0.00625 0.009375
0 0.39765625 0.60234375 0.0109375 0.0109375
0 0.34453125 0.60703125 0.0109375 0.0109375
0 0.353125 0.60625 0.00625 0.009375
0 0.4046875 0.6015625 0.0109375 0.0109375
0 0.45078125 0.59765625 0.0109375 0.0109375
0 0.65390625 0.5796875 0.00625 0.009375
0 0.92265625 0.55625 0.0109375 0.0140625
0 0.09296875 0.62890625 0.0109375 0.0109375
0 0.371875 0.6046875 0.0109375 0.0109375
0 0.6921875 0.5765625 0.0109375 0.0109375
0 0.89375 0.56015625 0.0140625 0.00625
0 0.38828125 0.6046875 0.009375 0.00625
0 0.66953125 0.5796875 0.009375 0.00625
0 0.4140625 0.60234375 0.00625 0.009375
0 0.78046875 0.5703125 0.0109375 0.0109375
0 0.515625 0.59375 0.0046875 0.0046875
0 0.58671875 0.5875 0.0109375 0.0109375
0 0.9078125 0.56171875 0.0109375 0.0109375
0 0.8125 0.56953125 0.0109375 0.0109375
0 0.85 0.56640625 0.015625 0.0203125
0 0.3609375 0.609375 0.0109375 0.0109375
0 0.865625 0.565625 0.0109375 0.0140625
0 0.52734375 0.59453125 0.00625 0.0140625
0 0.72578125 0.57734375 0.0109375 0.0140625
0 0.128125 0.6296875 0.0109375 0.0109375
0 0.22890625 0.62109375 0.00625 0.009375
0 0.6765625 0.58203125 0.0109375 0.0140625
0 0.9921875 0.55390625 0.0109375 0.0140625
0 0.2453125 0.621875 0.00625 0.0140625
0 0.7671875 0.5765625 0.0109375 0.0140625
0 0.25234375 0.62109375 0.009375 0.00625
0 0.29375 0.61796875 0.00625 0.009375
0 0.6328125 0.58828125 0.0109375 0.0109375
0 0.7921875 0.5765625 0.0109375 0.0109375
0 0.8015625 0.57578125 0.0109375 0.0109375
0 0.825 0.5734375 0.0109375 0.0109375
0 0.06171875 0.640625 0.0109375 0.0109375
0 0.68828125 0.58515625 0.00625 0.009375
0 0.7140625 0.5828125 0.0109375 0.0140625
0 0.734375 0.58125 0.0109375 0.0109375
0 0.596875 0.59375 0.0109375 0.0140625
0 0.621875 0.59140625 0.0109375 0.0109375
0 0.33359375 0.61640625 0.0109375 0.0140625
0 0.34296875 0.615625 0.0109375 0.0109375
0 0.57578125 0.5953125 0.0109375 0.0140625
0 0.234375 0.62734375 0.0109375 0.0109375
0 0.384375 0.6140625 0.00625 0.0140625
0 0.40078125 0.61328125 0.0109375 0.0109375
0 0.98125 0.5625 0.0109375 0.0140625
0 0.65703125 0.590625 0.0109375 0.0140625
0 0.10390625 0.6390625 0.009375 0.00625
0 0.17421875 0.6328125 0.015625 0.015625
0 0.46796875 0.60703125 0.0109375 0.0140625
0 0.54296875 0.60078125 0.0109375 0.0140625
0 0.37578125 0.6171875 0.0109375 0.0109375
0 0.9640625 0.56640625 0.015625 0.0203125
0 0.665625 0.5921875 0.0109375 0.0140625
0 0.20234375 0.6328125 0.00625 0.0140625
0 0.2234375 0.63046875 0.0109375 0.0140625
0 0.3640625 0.61875 0.0109375 0.0109375
0 0.61484375 0.596875 0.0109375 0.0140625
0 0.27421875 0.62890625 0.00625 0.0140625
0 0.32734375 0.62421875 0.0109375 0.0140625
0 0.78671875 0.58359375 0.015625 0.015625
0 0.4953125 0.609375 0.0109375 0.0140625
0 0.24609375 0.63125 0.00625 0.0140625
0 0.35078125 0.621875 0.0109375 0.0140625
0 0.25859375 0.6328125 0.00625 0.0140625
0 0.26796875 0.63203125 0.00625 0.0140625
0 0.4546875 0.615625 0.00625 0.009375
0 0.88125 0.578125 0.015625 0.015625
0 0.6 0.60234375 0.0109375 0.0140625
0 0.69140625 0.59453125 0.0109375 0.0109375
0 0.19375 0.63828125 0.0109375 0.0140625
0 0.290625 0.6296875 0.015625 0.015625
0 0.71953125 0.5921875 0.0109375 0.0140625
0 0.09296875 0.64921875 0.015625 0.015625
0 0.92734375 0.5765625 0.0109375 0.0140625
0 0.38984375 0.6234375 0.0109375 0.0140625
0 0.40390625 0.621875 0.00625 0.009375
0 0.5765625 0.60703125 0.0109375 0.0140625
0 0.67109375 0.5984375 0.0109375 0.0140625
0 0.915625 0.57734375 0.015625 0.015625
0 0.10859375 0.64765625 0.0109375 0.0140625
0 0.1203125 0.646875 0.00625 0.0140625
0 0.1546875 0.64375 0.00625 0.0140625
0 0.30703125 0.63046875 0.0109375 0.0109375
0 0.77265625 0.58984375 0.015625 0.015625
0 0.81171875 0.58671875 0.0109375 0.0140625
0 0.23515625 0.63671875 0.0109375 0.0109375
0 0.56015625 0.60859375 0.0109375 0.0140625
0 0.33515625 0.63046875 0.0109375 0.0109375
0 0.44296875 0.62109375 0.0109375 0.0140625
0 0.98984375 0.5734375 0.0109375 0.01875
0 0.32109375 0.63203125 0.0109375 0.0109375
0 0.3765625 0.6265625 0.0109375 0.0109375
0 0.5171875 0.61484375 0.00625 0.009375
0 0.6828125 0.6 0.00625 0.009375
0 0.178125 0.646875 0.0140625 0.0109375
0 0.6375 0.60625 0.0109375 0.0140625
0 0.58671875 0.6109375 0.0109375 0.0140625
0 0.83125 0.58984375 0.015625 0.0203125
0 0.3671875 0.6296875 0.0109375 0.0109375
0 0.978125 0.57890625 0.015625 0.015625
0 0.065625 0.65859375 0.0109375 0.0140625
0 0.740625 0.6 0.0109375 0.0140625
0 0.215625 0.6453125 0.00625 0.0140625
0 0.7453125 0.59921875 0.0109375 0.0140625
0 0.75703125 0.5984375 0.0109375 0.0140625
0 0.80546875 0.59375 0.0109375 0.01875
0 0.953125 0.58125 0.015625 0.0203125
0 0.471875 0.6234375 0.0109375 0.0140625
0 0.31484375 0.6390625 0.0109375 0.0140625
0 0.65390625 0.609375 0.0109375 0.0140625
0 0.8703125 0.590625 0.0109375 0.01875
0 0.7 0.60546875 0.0109375 0.0140625
0 0.29609375 0.640625 0.0109375 0.0140625
0 0.35546875 0.6359375 0.0109375 0.0140625
0 0.85859375 0.59140625 0.0109375 0.0140625
0 0.34453125 0.63671875 0.0109375 0.0140625
0 0.1140625 0.659375 0.0109375 0.0109375
0 0.2734375 0.6453125 0.0109375 0.0140625
0 0.9125 0.5890625 0.015625 0.0203125
0 0.63046875 0.6140625 0.0109375 0.0140625
0 0.2390625 0.65078125 0.015625 0.015625
0 0.50859375 0.62734375 0.00625 0.0140625
0 0.51796875 0.6265625 0.0109375 0.0140625
0 0.57109375 0.621875 0.0109375 0.0140625
0 0.7296875 0.6078125 0.015625 0.015625
0 0.6125 0.61796875 0.015625 0.015625
0 0.37734375 0.640625 0.0109375 0.0140625
0 0.853125 0.59921875 0.015625 0.015625
0 0.26015625 0.6515625 0.0109375 0.0109375
0 0.40546875 0.63828125 0.015625 0.015625
0 0.6703125 0.615625 0.0109375 0.0140625
0 0.7765625 0.60625 0.0109375 0.0140625
0 0.896875 0.59765625 0.015625 0.0203125
0 0.5375 0.62890625 0.0109375 0.01875
0 0.58125 0.628125 0.00625 0.0140625
0 0.209375 0.66015625 0.0109375 0.0140625
0 0.228125 0.65859375 0.00625 0.0140625
0 0.50234375 0.634375 0.0140625 0.0109375
0 0.63203125 0.62578125 0.009375 0.00625
0 0.11953125 0.6703125 0.0109375 0.0140625
0 0.14296875 0.66875 0.0109375 0.01875
0 0.553125 0.6328125 0.015625 0.015625
0 0.3 0.65703125 0.0109375 0.0109375
0 0.8328125 0.61015625 0.0109375 0.01875
0 0.1796875 0.66796875 0.015625 0.0203125
0 0.49140625 0.640625 0.0109375 0.01875
0 0.88359375 0.60625 0.0109375 0.0140625
0 0.93125 0.6015625 0.015625 0.0203125
0 0.33984375 0.65625 0.0140625 0.0109375
0 0.91796875 0.60546875 0.015625 0.015625
0 0.22421875 0.66640625 0.015625 0.015625
0 0.6046875 0.6328125 0.0109375 0.01875
0 0.69921875 0.62421875 0.015625 0.0203125
0 0.38359375 0.6546875 0.0109375 0.0140625
0 0.2703125 0.6640625 0.0109375 0.0140625
0 0.5171875 0.6453125 0.015625 0.0203125
0 0.740625 0.62578125 0.015625 0.015625
0 0.2796875 0.665625 0.00625 0.0140625
0 0.37890625 0.65703125 0.0109375 0.0140625
0 0.115625 0.68046875 0.0109375 0.0140625
0 0.3578125 0.659375 0.015625 0.0203125
0 0.42265625 0.653125 0.0109375 0.01875
0 0.434375 0.65234375 0.0109375 0.01875
0 0.565625 0.640625 0.0109375 0.0140625
0 0.63515625 0.6375 0.015625 0.015625
0 0.103125 0.68359375 0.015625 0.015625
0 0.25703125 0.6703125 0.015625 0.0203125
0 0.3125 0.66796875 0.0109375 0.01875
0 0.5015625 0.6515625 0.015625 0.0203125
0 0.33828125 0.665625 0.0109375 0.0140625
0 0.37265625 0.6625 0.0109375 0.0140625
0 0.2046875 0.6796875 0.015625 0.025
0 0.946875 0.61484375 0.0203125 0.015625
0 0.596875 0.6453125 0.015625 0.0203125
0 0.09140625 0.6890625 0.0109375 0.0234375
0 0.21171875 0.67890625 0.0109375 0.0140625
0 0.1609375 0.68359375 0.0109375 0.01875
0 0.45859375 0.659375 0.015625 0.015625
0 0.18359375 0.68359375 0.015625 0.0203125
0 0.30078125 0.6734375 0.015625 0.0203125
0 0.4078125 0.6640625 0.0109375 0.0140625
0 0.39375 0.6671875 0.0109375 0.0140625
0 0.3453125 0.67109375 0.015625 0.0203125
0 0.7671875 0.634375 0.0109375 0.01875
0 0.915625 0.62109375 0.015625 0.015625
0 0.475 0.66015625 0.015625 0.0203125
0 0.65703125 0.64375 0.015625 0.0203125
0 0.38671875 0.66953125 0.0109375 0.0140625
0 0.7859375 0.63515625 0.015625 0.025
0 0.11953125 0.6953125 0.0109375 0.01875
0 0.1359375 0.69453125 0.015625 0.0203125
0 0.58125 0.6578125 0.015625 0.0203125
0 0.4453125 0.671875 0.00625 0.0140625
0 0.81875 0.6390625 0.021875 0.0296875
0 0.846875 0.63671875 0.015625 0.0203125
0 0.50546875 0.66640625 0.0140625 0.0109375
0 0.5265625 0.66484375 0.015625 0.015625
0 0.6390625 0.65703125 0.015625 0.0203125
0 0.68984375 0.653125 0.015625 0.025
0 0.740625 0.6484375 0.015625 0.025
0 0.36953125 0.68046875 0.015625 0.0203125
0 0.14609375 0.70234375 0.015625 0.0203125
0 0.0421875 0.71171875 0.065625 0.1703125
0 0.46875 0.67421875 0.015625 0.0203125
0 0.83828125 0.64453125 0.015625 0.0203125
0 0.22734375 0.69765625 0.0109375 0.0140625
0 0.95546875 0.634375 0.0265625 0.0296875
0 0.4578125 0.678125 0.0109375 0.01875
0 0.85859375 0.6453125 0.015625 0.025
0 0.42734375 0.6828125 0.015625 0.0203125
0 0.728125 0.65625 0.0203125 0.0203125
0 0.36015625 0.68828125 0.015625 0.0203125
0 0.5875 0.67109375 0.0140625 0.0109375
0 0.0796875 0.715625 0.025 0.025
0 0.54375 0.675 0.0203125 0.015625
0 0.17890625 0.709375 0.0203125 0.0203125
0 0.4171875 0.690625 0.015625 0.015625
0 0.50625 0.6828125 0.015625 0.015625
0 0.61484375 0.6734375 0.015625 0.0203125
0 0.24140625 0.70859375 0.015625 0.0203125
0 0.2578125 0.70703125 0.015625 0.0203125
0 0.80234375 0.66171875 0.021875 0.0296875
0 0.8328125 0.66640625 0.021875 0.0296875
0 0.70390625 0.6796875 0.0171875 0.0296875
0 0.9 0.66484375 0.034375 0.0390625
0 0.3953125 0.71171875 0.025 0.015625
0 0.134375 0.734375 0.03125 0.04375
0 0.5890625 0.69453125 0.015625 0.0203125
0 0.62109375 0.69140625 0.015625 0.0203125
0 0.5546875 0.7 0.0203125 0.025
0 0.60390625 0.7 0.0109375 0.0140625
0 0.165625 0.73828125 0.0203125 0.025
0 0.428125 0.71796875 0.0265625 0.034375
0 0.21640625 0.73671875 0.0203125 0.0203125
0 0.65 0.70078125 0.0203125 0.0203125
0 0.5375 0.715625 0.021875 0.0328125
0 0.23828125 0.7453125 0.021875 0.0296875
0 0.39765625 0.73671875 0.0265625 0.0296875
0 0.6140625 0.71953125 0.0203125 0.0203125
0 0.8265625 0.70390625 0.021875 0.0296875
0 0.7484375 0.7171875 0.0359375 0.04375
0 0.08125 0.7828125 0.04375 0.08125
0 0.9921875 0.70703125 0.015625 0.0578125
0 0.6921875 0.734375 0.03125 0.04375
0 0.31640625 0.7671875 0.08125 0.09375
0 0.19921875 0.78203125 0.0515625 0.06875
0 0.62109375 0.75 0.03125 0.0390625
0 0.6546875 0.75625 0.03125 0.0390625
0 0.49296875 0.7703125 0.084375 0.121875
0 0.246875 0.79453125 0.0328125 0.053125
0 0.5625 0.76875 0.03125 0.04375
0 0.7203125 0.76015625 0.021875 0.0296875
0 0.11640625 0.81484375 0.0421875 0.0671875
0 0.9296875 0.74375 0.075 0.1296875
0 0.39609375 0.8015625 0.0328125 0.053125
0 0.28125 0.8140625 0.028125 0.0578125
0 0.153125 0.834375 0.04375 0.0359375
0 0.8765625 0.7734375 0.034375 0.0765625
0 0.8453125 0.7765625 0.0265625 0.04375
0 0.57578125 0.8375 0.0421875 0.0625