0 0.42890625 0.01640625 0.015625 0.015625
0 0.46015625 0.01171875 0.0171875 0.0234375
0 0.77265625 0.05 0.021875 0.0265625
0 0.64765625 0.071875 0.0171875 0.025
0 0.89375 0.03046875 0.0171875 0.0203125
0 0.1421875 0.16328125 0.0171875 0.0203125
0 0.03984375 0.18359375 0.0171875 0.025
0 0.071875 0.178125 0.0171875 0.025
0 0.1171875 0.1703125 0.0171875 0.0203125
0 0.796875 0.05 0.021875 0.0265625
0 0.29765625 0.140625 0.0125 0.0203125
0 0.78125 0.05546875 0.0125 0.0203125
0 0.175 0.1625 0.015625 0.015625
0 0.19375 0.16171875 0.0171875 0.0203125
0 0.865625 0.04296875 0.021875 0.0265625
0 0.10625 0.1765625 0.015625 0.015625
0 0.06328125 0.184375 0.015625 0.015625
0 0.059375 0.08203125 0.0171875 0.0203125
0 0.53125 0.003125 0.015625 0.00625
0 0.675 0.07890625 0.021875 0.0265625
0 0.74296875 0.06640625 0.021875 0.0265625
0 0.1328125 0.17421875 0.0109375 0.0109375
0 0.02578125 0.1953125 0.0171875 0.0203125
0 0.56796875 0.1 0.021875 0.021875
0 0.2375 0.15859375 0.0171875 0.0203125
0 0.5203125 0.10859375 0.0171875 0.025
0 0.1421875 0.17734375 0.015625 0.015625
0 0.0609375 0.19453125 0.01875 0.0296875
0 0.0046875 0.2046875 0.009375 0.015625
0 0.20234375 0.171875 0.0171875 0.0203125
0 0.43984375 0.13203125 0.015625 0.015625
0 0.16796875 0.18046875 0.0125 0.0203125
0 0.45390625 0.13203125 0.015625 0.015625
0 0.47890625 0.12734375 0.021875 0.0265625
0 0.12578125 0.18984375 0.0171875 0.0203125
0 0.13515625 0.190625 0.015625 0.015625
0 0.0921875 0.1984375 0.021875 0.021875
0 0.2765625 0.165625 0.0171875 0.025
0 0.03125 0.21171875 0.0171875 0.0203125
0 0.00234375 0.2171875 0.0046875 0.021875
0 0.39765625 0.146875 0.0171875 0.0203125
0 0.5484375 0.1203125 0.015625 0.015625
0 0.6265625 0.10859375 0.015625 0.015625
0 0.2484375 0.178125 0.0171875 0.0203125
0 0.184375 0.1890625 0.0171875 0.0203125
0 0.259375 0.17578125 0.0171875 0.0203125
0 0.025 0.21953125 0.0171875 0.0203125
0 0.5015625 0.1359375 0.0171875 0.0203125
0 0.59453125 0.11953125 0.0171875 0.0203125
0 0.64296875 0.1109375 0.0171875 0.0203125
0 0.14609375 0.1984375 0.015625 0.015625
0 0.05234375 0.2171875 0.0171875 0.0203125
0 0.31953125 0.1703125 0.0171875 0.0203125
0 0.540625 0.13125 0.021875 0.0265625
0 0.60859375 0.11875 0.0171875 0.0203125
0 0.65859375 0.11015625 0.0171875 0.025
0 0.46953125 0.14375 0.0125 0.0203125
0 0.2375 0.18671875 0.021875 0.021875
0 0.1765625 0.19765625 0.015625 0.0109375
0 0.4453125 0.15 0.0171875 0.0203125
0 0.45234375 0.0171875 0.0171875 0.0203125
0 0.5109375 0.00859375 0.0125 0.0171875
0 0.30625 0.17734375 0.0171875 0.0203125
0 0.334375 0.171875 0.0171875 0.0203125
0 0.36796875 0.16640625 0.0171875 0.0203125
0 0.51171875 0.140625 0.0171875 0.0203125
0 0.00546875 0.2296875 0.0109375 0.015625
0 0.0359375 0.22734375 0.015625 0.015625
0 0.115625 0.21328125 0.015625 0.015625
0 0.1546875 0.20625 0.015625 0.015625
0 0.8890625 0.07890625 0.0171875 0.0203125
0 0.4140625 0.1625 0.021875 0.021875
0 0.62421875 0.12578125 0.0171875 0.0203125
0 0.3140625 0.18046875 0.015625 0.015625
0 0.009375 0.23671875 0.0171875 0.0203125
0 0.16875 0.20859375 0.0171875 0.0203125
0 0.3484375 0.1765625 0.0171875 0.0203125
0 0.2171875 0.2 0.0171875 0.025
0 0.20625 0.0609375 0.0109375 0.015625
0 0.290625 0.04609375 0.015625 0.015625
0 0.13359375 0.0734375 0.0109375 0.015625
0 0.6390625 0.12734375 0.0171875 0.0203125
0 0.465625 0.1578125 0.0171875 0.0203125
0 0.13984375 0.215625 0.0125 0.0203125
0 0.6046875 0.1359375 0.0171875 0.0203125
0 0.9125 0.08125 0.0171875 0.0203125
0 0.2328125 0.2015625 0.0171875 0.0203125
0 0.70078125 0.11875 0.0171875 0.0203125
0 0.6875 0.1234375 0.0171875 0.0203125
0 0.040625 0.2375 0.015625 0.015625
0 0.053125 0.23515625 0.021875 0.0265625
0 0.49609375 0.159375 0.0171875 0.0203125
0 0.190625 0.21328125 0.0171875 0.0203125
0 0.26875 0.2 0.0171875 0.0203125
0 0.33046875 0.1890625 0.021875 0.021875
0 0.025 0.24296875 0.0171875 0.0203125
0 0.30078125 0.19609375 0.028125 0.03125
0 0.71953125 0.12265625 0.0171875 0.0203125
0 0.15546875 0.221875 0.021875 0.021875
0 0.29140625 0.1984375 0.0171875 0.0203125
0 0.89609375 0.09140625 0.021875 0.021875
0 0.1296875 0.2265625 0.0171875 0.0203125
0 0.45859375 0.16875 0.0171875 0.0203125
0 0.34453125 0.190625 0.0125 0.0203125
0 0.525 0.159375 0.0171875 0.025
0 0.62734375 0.14140625 0.015625 0.015625
0 0.2265625 0.21171875 0.0171875 0.025
0 0.67734375 0.134375 0.0171875 0.025
0 0.2625 0.2078125 0.0234375 0.03125
0 0.43828125 0.1765625 0.0171875 0.0203125
0 0.45 0.175 0.0171875 0.0203125
0 0.6640625 0.13984375 0.0171875 0.025
0 0.73984375 0.128125 0.0171875 0.0203125
0 0.85390625 0.10859375 0.021875 0.0265625
0 0.17421875 0.228125 0.015625 0.015625
0 0.4296875 0.1828125 0.0171875 0.025
0 0.18828125 0.22578125 0.015625 0.015625
0 0.22265625 0.06015625 0.0109375 0.015625
0 0.41640625 0.02578125 0.015625 0.015625
0 0.56875 0.003125 0.015625 0.00625
0 0.03359375 0.09375 0.0125 0.0203125
0 0.03828125 0.2546875 0.0171875 0.0203125
0 0.21640625 0.2234375 0.021875 0.021875
0 0.0046875 0.26171875 0.009375 0.0265625
0 0.53984375 0.16640625 0.0171875 0.0203125
0 0.56484375 0.16171875 0.021875 0.021875
0 0.81640625 0.11953125 0.0171875 0.025
0 0.3625 0.2 0.0171875 0.0203125
0 0.80703125 0.12109375 0.0171875 0.0203125
0 0.60390625 0.15703125 0.0171875 0.0203125
0 0.40859375 0.19375 0.0234375 0.03125
0 0.9234375 0.103125 0.021875 0.021875
0 0.25546875 0.22109375 0.021875 0.0265625
0 0.4953125 0.18125 0.021875 0.021875
0 0.77578125 0.13125 0.0171875 0.0203125
0 0.63671875 0.15625 0.0171875 0.0203125
0 0.40234375 0.2 0.0171875 0.025
0 0.1515625 0.24375 0.021875 0.0265625
0 0.51875 0.1796875 0.0171875 0.0203125
0 0.48203125 0.1859375 0.0171875 0.025
0 0.90703125 0.11328125 0.0171875 0.0203125
0 0.84296875 0.12421875 0.0171875 0.0203125
0 0.1796875 0.24375 0.0171875 0.025
0 0.446875 0.196875 0.021875 0.0265625
0 0.05703125 0.26796875 0.015625 0.015625
0 0.24375 0.23515625 0.021875 0.0265625
0 0.33984375 0.21796875 0.0109375 0.015625
0 0.7140625 0.15234375 0.0171875 0.0203125
0 0.67265625 0.159375 0.0171875 0.0203125
0 0.878125 0.1234375 0.021875 0.0265625
0 0.74375 0.14921875 0.0171875 0.0203125
0 0.803125 0.1390625 0.021875 0.021875
0 0.3015625 0.22734375 0.021875 0.0265625
0 0.55234375 0.1828125 0.021875 0.021875
0 0.7734375 0.14375 0.0171875 0.0203125
0 0.38125 0.21328125 0.0234375 0.03125
0 0.8578125 0.12890625 0.021875 0.021875
0 0.19921875 0.24765625 0.0171875 0.025
0 0.4953125 0.1953125 0.0171875 0.0203125
0 0.05 0.09296875 0.015625 0.015625
0 0.2640625 0.05546875 0.0171875 0.0203125
0 0.31484375 0.04609375 0.0109375 0.015625
0 0.4625 0.0203125 0.015625 0.015625
0 0.91015625 0.121875 0.0171875 0.0203125
0 0.02578125 0.278125 0.0171875 0.025
0 0.83828125 0.1375 0.015625 0.0109375
0 0.00390625 0.284375 0.0078125 0.025
0 0.53515625 0.190625 0.0171875 0.025
0 0.31796875 0.22890625 0.015625 0.015625
0 0.65390625 0.171875 0.01875 0.0296875
0 0.93203125 0.12578125 0.0140625 0.0328125
0 0.2734375 0.2390625 0.0171875 0.0203125
0 0.825 0.1421875 0.021875 0.021875
0 0.0390625 0.2828125 0.0171875 0.0203125
0 0.36171875 0.22578125 0.0171875 0.025
0 0.16171875 0.2609375 0.021875 0.0265625
0 0.63828125 0.17734375 0.0171875 0.025
0 0.2625 0.24609375 0.021875 0.021875
0 0.28984375 0.24140625 0.021875 0.0265625
0 0.41796875 0.21875 0.0171875 0.0203125
0 0.5203125 0.20078125 0.021875 0.021875
0 0.1046875 0.08359375 0.0109375 0.015625
0 0.115625 0.08125 0.0109375 0.015625
0 0.11015625 0.275 0.0171875 0.0203125
0 0.0140625 0.2921875 0.01875 0.0296875
0 0.56796875 0.19453125 0.0171875 0.0203125
0 0.625 0.184375 0.0171875 0.0203125
0 0.675 0.17578125 0.0171875 0.0203125
0 0.340625 0.234375 0.0234375 0.03125
0 0.4796875 0.21015625 0.0234375 0.03125
0 0.49296875 0.2078125 0.0171875 0.0203125
0 0.584375 0.19140625 0.021875 0.021875
0 0.753125 0.1640625 0.021875 0.0265625
0 0.78125 0.159375 0.021875 0.021875
0 0.60703125 0.18984375 0.0171875 0.025
0 0.19453125 0.2625 0.0171875 0.025
0 0.803125 0.15546875 0.021875 0.0265625
0 0.85546875 0.14609375 0.015625 0.015625
0 0.8703125 0.14609375 0.0171875 0.0203125
0 0.85 0.14921875 0.0171875 0.0203125
0 0.88359375 0.14375 0.0171875 0.0203125
0 0.0625 0.28828125 0.0265625 0.0265625
0 0.23203125 0.25859375 0.021875 0.0265625
0 0.7203125 0.175 0.0171875 0.0203125
0 0.83671875 0.15390625 0.0171875 0.025
0 0.3234375 0.24453125 0.0171875 0.025
0 0.91796875 0.14140625 0.021875 0.0265625
0 0.665625 0.1859375 0.0171875 0.025
0 0.7046875 0.17890625 0.021875 0.021875
0 0.184375 0.27109375 0.021875 0.0265625
0 0.2171875 0.2671875 0.021875 0.0265625
0 0.46328125 0.22421875 0.0171875 0.0203125
0 0.74609375 0.1765625 0.021875 0.0265625
0 0.09453125 0.29140625 0.0234375 0.03125
0 0.17421875 0.27734375 0.021875 0.0265625
0 0.2625 0.26171875 0.0109375 0.0109375
0 0.13984375 0.28359375 0.01875 0.0296875
0 0.12578125 0.2859375 0.0171875 0.025
0 0.03984375 0.303125 0.0265625 0.0265625
0 0.37265625 0.24453125 0.0171875 0.0203125
0 0.43203125 0.234375 0.0171875 0.0203125
0 0.71484375 0.184375 0.015625 0.015625
0 0.92890625 0.146875 0.021875 0.021875
0 0.5578125 0.21484375 0.0265625 0.0265625
0 0.29375 0.2609375 0.021875 0.0265625
0 0.42109375 0.23828125 0.01875 0.0296875
0 0.009375 0.10234375 0.0171875 0.0203125
0 0.14296875 0.07890625 0.0171875 0.0203125
0 0.17109375 0.07421875 0.015625 0.015625
0 0.89765625 0.15703125 0.021875 0.021875
0 0.50546875 0.22578125 0.0234375 0.03125
0 0.84765625 0.165625 0.0171875 0.025
0 0.6859375 0.19453125 0.021875 0.0265625
0 0.24375 0.275 0.021875 0.0265625
0 0.640625 0.2046875 0.021875 0.0265625
0 0.2078125 0.28125 0.0234375 0.03125
0 0.7921875 0.18046875 0.021875 0.0265625
0 0.0078125 0.31953125 0.015625 0.0265625
0 0.45625 0.23984375 0.0234375 0.03125
0 0.0734375 0.30703125 0.0234375 0.03125
0 0.61328125 0.21171875 0.021875 0.0265625
0 0.80703125 0.17734375 0.0171875 0.0203125
0 0.5890625 0.21640625 0.0234375 0.03125
0 0.52734375 0.22734375 0.021875 0.021875
0 0.82421875 0.17734375 0.021875 0.0265625
0 0.1671875 0.29296875 0.021875 0.0265625
0 0.35 0.2609375 0.0171875 0.0203125
0 0.37890625 0.25546875 0.0171875 0.025
0 0.409375 0.25 0.0234375 0.034375
0 0.32734375 0.2671875 0.021875 0.0265625
0 0.5734375 0.2234375 0.015625 0.015625
0 0.7703125 0.19140625 0.021875 0.0265625
0 0.39609375 0.25703125 0.0234375 0.03125
0 0.44609375 0.2484375 0.021875 0.0265625
0 0.8609375 0.175 0.021875 0.0265625
0 0.27109375 0.28203125 0.021875 0.0265625
0 0.4921875 0.24296875 0.0171875 0.025
0 0.03671875 0.3234375 0.0265625 0.0265625
0 0.00234375 0.33046875 0.0046875 0.0265625
0 0.70625 0.2046875 0.0234375 0.03125
0 0.72265625 0.20234375 0.0171875 0.025
0 0.3125 0.2765625 0.021875 0.0265625
0 0.675 0.21328125 0.021875 0.0265625
0 0.53828125 0.23671875 0.021875 0.0265625
0 0.25078125 0.2875 0.021875 0.0265625
0 0.371875 0.26875 0.0234375 0.034375
0 0.328125 0.0484375 0.0109375 0.015625
0 0.36328125 0.04296875 0.0109375 0.015625
0 0.3921875 0.0375 0.0171875 0.025
0 0.4359375 0.0296875 0.0171875 0.0203125
0 0.13515625 0.31015625 0.021875 0.0265625
0 0.80546875 0.19453125 0.021875 0.0265625
0 0.0625 0.32578125 0.021875 0.0265625
0 0.89921875 0.178125 0.028125 0.03125
0 0.02421875 0.3328125 0.021875 0.0265625
0 0.75390625 0.20625 0.0265625 0.0265625
0 0.29375 0.2875 0.0234375 0.03125
0 0.478125 0.2546875 0.021875 0.0265625
0 0.11171875 0.321875 0.0234375 0.034375
0 0.5625 0.24453125 0.021875 0.0265625
0 0.0796875 0.0921875 0.009375 0.00625
0 0.34453125 0.04609375 0.0171875 0.025
0 0.19921875 0.0734375 0.00625 0.009375
0 0.246875 0.065625 0.015625 0.0109375
0 0.84609375 0.196875 0.021875 0.0265625
0 0.53203125 0.25234375 0.021875 0.0265625
0 0.35390625 0.28359375 0.021875 0.0265625
0 0.928125 0.18515625 0.021875 0.0265625
0 0.44765625 0.26953125 0.021875 0.0265625
0 0.20859375 0.31171875 0.028125 0.03125
0 0.5796875 0.24609375 0.021875 0.0265625
0 0.1625 0.31953125 0.0265625 0.0265625
0 0.42890625 0.27265625 0.0234375 0.03125
0 0.62578125 0.240625 0.021875 0.0265625
0 0.60078125 0.2453125 0.0171875 0.025
0 0.5046875 0.26171875 0.021875 0.0265625
0 0.94296875 0.18671875 0.015625 0.0375
0 0.39375 0.28359375 0.021875 0.0265625
0 0.26171875 0.30703125 0.021875 0.0265625
0 0.0921875 0.09296875 0.0109375 0.0109375
0 0.22421875 0.06953125 0.0109375 0.015625
0 0.55 0.2609375 0.021875 0.0265625
0 0.75 0.22578125 0.0171875 0.025
0 0.09609375 0.34140625 0.0265625 0.0265625
0 0.8140625 0.21484375 0.0171875 0.025
0 0.91484375 0.196875 0.0234375 0.03125
0 0.67265625 0.2390625 0.021875 0.0265625
0 0.66171875 0.24140625 0.021875 0.0265625
0 0.07578125 0.346875 0.0234375 0.03125
0 0.684375 0.23984375 0.021875 0.0265625
0 0.79453125 0.2203125 0.0171875 0.025
0 0.83984375 0.2125 0.021875 0.021875
0 0.76015625 0.22890625 0.021875 0.0265625
0 0.46640625 0.2828125 0.028125 0.03125
0 0.70546875 0.240625 0.021875 0.0265625
0 0.88125 0.21015625 0.0234375 0.034375
0 0.01484375 0.3640625 0.021875 0.0265625
0 0.07421875 0.09609375 0.00625 0.009375
0 0.559375 0.01015625 0.015625 0.0109375
0 0.315625 0.3109375 0.021875 0.0265625
0 0.05703125 0.35703125 0.028125 0.0359375
0 0.490625 0.2828125 0.0203125 0.0171875
0 0.80625 0.22734375 0.021875 0.0265625
0 0.5265625 0.27890625 0.0171875 0.025
0 0.134375 0.34765625 0.0234375 0.034375
0 0.59609375 0.26875 0.021875 0.0265625
0 0.56171875 0.27734375 0.021875 0.0265625
0 0.25703125 0.06640625 0.0109375 0.015625
0 0.4140625 0.03828125 0.0171875 0.025
0 0.553125 0.0140625 0.015625 0.015625
0 0.8453125 0.2296875 0.0265625 0.0265625
0 0.25625 0.33359375 0.021875 0.0265625
0 0.20859375 0.3421875 0.0234375 0.03125
0 0.0953125 0.3640625 0.0234375 0.034375
0 0.43671875 0.30390625 0.021875 0.0265625
0 0.71796875 0.2546875 0.021875 0.0265625
0 0.5453125 0.2875 0.021875 0.021875
0 0.7 0.26015625 0.021875 0.0265625
0 0.7453125 0.2546875 0.021875 0.0265625
0 0.33046875 0.32734375 0.015625 0.015625
0 0.634375 0.27890625 0.028125 0.03125
0 0.49140625 0.30390625 0.0234375 0.03125
0 0.0078125 0.39140625 0.015625 0.0265625
0 0.384375 0.325 0.028125 0.03125
0 0.6703125 0.27734375 0.0234375 0.03125
0 0.03671875 0.39140625 0.01875 0.0296875
0 0.6 0.2921875 0.0234375 0.03125
0 0.07890625 0.07109375 0.00625 0.009375
0 0.29765625 0.0328125 0.00625 0.009375
0 0.5328125 0.01875 0.0109375 0.0109375
0 0.81640625 0.25625 0.0234375 0.034375
0 0.94375 0.23359375 0.021875 0.0265625
0 0.34453125 0.3390625 0.0171875 0.025
0 0.921875 0.23984375 0.0234375 0.03125
0 0.828125 0.25625 0.0265625 0.0265625
0 0.2765625 0.35390625 0.028125 0.0359375
0 0.2953125 0.35078125 0.028125 0.03125
0 0.71015625 0.2796875 0.021875 0.0265625
0 0.746875 0.27578125 0.0234375 0.03125
0 0.90703125 0.24765625 0.028125 0.0359375
0 0.07890625 0.39375 0.028125 0.0359375
0 0.334375 0.05390625 0.015625 0.015625
0 0.40859375 0.33984375 0.0234375 0.03125
0 0.121875 0.39296875 0.0234375 0.03125
0 0.95625 0.2484375 0.0109375 0.0328125
0 0.55234375 0.3171875 0.0234375 0.034375
0 0.52109375 0.32734375 0.021875 0.0265625
0 0.50234375 0.33046875 0.021875 0.021875
0 0.15390625 0.3921875 0.021875 0.0265625
0 0.459375 0.03203125 0.0171875 0.0203125
0 0.87265625 0.2703125 0.0234375 0.034375
0 0.46015625 0.34296875 0.028125 0.0359375
0 0.66796875 0.30625 0.021875 0.0265625
0 0.5859375 0.32265625 0.0296875 0.040625
0 0.05078125 0.4171875 0.028125 0.0359375
0 0.9328125 0.26171875 0.021875 0.0265625
0 0.33984375 0.36640625 0.021875 0.0265625
0 0.62734375 0.315625 0.021875 0.0265625
0 0.13203125 0.0921875 0.0109375 0.0109375
0 0.21640625 0.396875 0.0234375 0.03125
0 0.7109375 0.309375 0.0296875 0.040625
0 0.0390625 0.1109375 0.0171875 0.0203125
0 0.06640625 0.10625 0.0171875 0.0203125
0 0.35078125 0.05546875 0.0125 0.0203125
0 0.3109375 0.3875 0.0296875 0.040625
0 0.50625 0.353125 0.021875 0.0265625
0 0.84921875 0.29453125 0.028125 0.0359375
0 0.01171875 0.44453125 0.0234375 0.0265625
0 0.68125 0.3265625 0.01875 0.0296875
0 0.925 0.28359375 0.021875 0.0265625
0 0.16640625 0.4203125 0.0234375 0.034375
0 0.6703125 0.33359375 0.0234375 0.034375
0 0.87109375 0.2984375 0.021875 0.0265625
0 0.56796875 0.0171875 0.015625 0.015625
0 0.49921875 0.0296875 0.0078125 0.0140625
0 0.07578125 0.43828125 0.0171875 0.025
0 0.4625 0.3703125 0.028125 0.0359375
0 0.76953125 0.3234375 0.028125 0.0359375
0 0.3640625 0.396875 0.0296875 0.040625
0 0.26015625 0.415625 0.028125 0.03125
0 0.621875 0.3515625 0.0234375 0.03125
0 0.203125 0.08203125 0.015625 0.015625
0 0.05703125 0.1078125 0.0109375 0.015625
0 0.10703125 0.09921875 0.0109375 0.015625
0 0.26875 0.0703125 0.0109375 0.015625
0 0.21640625 0.42578125 0.0234375 0.03125
0 0.4359375 0.38671875 0.028125 0.0359375
0 0.90546875 0.30625 0.028125 0.03125
0 0.071875 0.4578125 0.0296875 0.040625
0 0.9515625 0.303125 0.028125 0.0359375
0 0.5484375 0.37421875 0.021875 0.0265625
0 0.09921875 0.45546875 0.0296875 0.040625
0 0.228125 0.0796875 0.0171875 0.0203125
0 0.28984375 0.06875 0.015625 0.015625
0 0.48359375 0.03515625 0.0171875 0.0203125
0 0.01171875 0.4734375 0.0234375 0.03125
0 0.82890625 0.32890625 0.0234375 0.03125
0 0.509375 0.390625 0.0234375 0.03125
0 0.14609375 0.4546875 0.0296875 0.040625
0 0.2078125 0.44609375 0.0234375 0.03125
0 0.1875 0.08671875 0.0109375 0.015625
0 0.52890625 0.0265625 0.0109375 0.0109375
0 0.84921875 0.33515625 0.0234375 0.034375
0 0.87265625 0.33359375 0.0234375 0.03125
0 0.2796875 0.43828125 0.028125 0.0359375
0 0.928125 0.3265625 0.0234375 0.034375
0 0.4125 0.4171875 0.028125 0.03125
0 0.053125 0.11328125 0.0125 0.0203125
0 0.121875 0.10078125 0.0171875 0.0203125
0 0.17890625 0.090625 0.0125 0.0203125
0 0.29921875 0.06953125 0.0171875 0.0203125
0 0.38671875 0.0546875 0.021875 0.021875
0 0.81015625 0.353125 0.0234375 0.03125
0 0.76875 0.3609375 0.021875 0.0265625
0 0.33828125 0.4390625 0.028125 0.0359375
0 0.7078125 0.37578125 0.0234375 0.034375
0 0.915625 0.3390625 0.025 0.0390625
0 0.6625 0.384375 0.0234375 0.034375
0 0.60390625 0.396875 0.028125 0.03125
0 0.45390625 0.4234375 0.028125 0.03125
0 0.20859375 0.0484375 0.00625 0.009375
0 0.18359375 0.053125 0.015625 0.0109375
0 0.08125 0.1078125 0.0171875 0.0203125
0 0.0984375 0.10546875 0.015625 0.015625
0 0.24921875 0.078125 0.0171875 0.0203125
0 0.5546875 0.41015625 0.0234375 0.03125
0 0.509375 0.41796875 0.0265625 0.0265625
0 0.07890625 0.496875 0.034375 0.0453125
0 0.18203125 0.4828125 0.0234375 0.03125
0 0.16328125 0.09609375 0.0125 0.0203125
0 0.3359375 0.065625 0.0109375 0.015625
0 0.2296875 0.475 0.028125 0.0359375
0 0.3734375 0.44921875 0.0265625 0.0265625
0 0.784375 0.37890625 0.028125 0.0359375
0 0.43203125 0.44609375 0.0296875 0.040625
0 0.3734375 0.059375 0.015625 0.015625
0 0.64140625 0.01171875 0.015625 0.0109375
0 0.89765625 0.36875 0.025 0.0390625
0 0.95390625 0.35859375 0.028125 0.03125
0 0.64921875 0.41484375 0.034375 0.0453125
0 0.20625 0.5 0.028125 0.0359375
0 0.54375 0.02890625 0.015625 0.015625
0 0.17265625 0.096875 0.0125 0.0203125
0 0.328125 0.06953125 0.0171875 0.0203125
0 0.140625 0.51171875 0.0265625 0.0265625
0 0.39140625 0.46796875 0.0234375 0.034375
0 0.2859375 0.48828125 0.0265625 0.0265625
0 0.74765625 0.409375 0.0234375 0.034375
0 0.715625 0.4171875 0.0234375 0.03125
0 0.2484375 0.5 0.0296875 0.040625
0 0.51328125 0.45546875 0.0234375 0.034375
0 0.55234375 0.4484375 0.0234375 0.03125
0 0.01796875 0.12421875 0.0171875 0.0203125
0 0.45234375 0.04765625 0.0171875 0.0203125
0 0.071875 0.53828125 0.0328125 0.0359375
0 0.61015625 0.44296875 0.0328125 0.0359375
0 0.96875 0.38671875 0.021875 0.0265625
0 0.71484375 0.00390625 0.0109375 0.0078125
0 0.3140625 0.071875 0.015625 0.0109375
0 0.72421875 0.0046875 0.0109375 0.009375
0 0.1546875 0.10234375 0.0171875 0.025
0 0.421875 0.05546875 0.0171875 0.0203125
0 0.49453125 0.0421875 0.0171875 0.0203125
0 0.87109375 0.40625 0.0296875 0.040625
0 0.83359375 0.41484375 0.034375 0.040625
0 0.36796875 0.496875 0.028125 0.0359375
0 0.14453125 0.53671875 0.034375 0.040625
0 0.42734375 0.48671875 0.028125 0.0359375
0 0.0078125 0.56328125 0.015625 0.0375
0 0.02421875 0.56015625 0.021875 0.0265625
0 0.2359375 0.525 0.0328125 0.0359375
0 0.1640625 0.10078125 0.0125 0.0203125
0 0.30078125 0.51875 0.034375 0.0453125
0 0.66640625 0.45859375 0.028125 0.03125
0 0.71875 0.44921875 0.021875 0.0265625
0 0.22109375 0.090625 0.015625 0.015625
0 0.46953125 0.046875 0.0171875 0.025
0 0.51484375 0.0390625 0.0125 0.0203125
0 0.60546875 0.47421875 0.0390625 0.0515625
0 0.9828125 0.4125 0.0140625 0.0328125
0 0.38046875 0.51640625 0.028125 0.0359375
0 0.92421875 0.425 0.028125 0.03125
0 0.09375 0.115625 0.015625 0.015625
0 0.58125 0.0296875 0.015625 0.015625
0 0.6421875 0.47734375 0.0296875 0.040625
0 0.79921875 0.45234375 0.025 0.0390625
0 0.5203125 0.50625 0.0234375 0.03125
0 0.7453125 0.46640625 0.021875 0.0265625
0 0.44921875 0.51875 0.0296875 0.040625
0 0.86640625 0.4453125 0.028125 0.0359375
0 0.20703125 0.0953125 0.0125 0.0203125
0 0.65234375 0.0171875 0.0109375 0.0109375
0 0.66015625 0.48828125 0.028125 0.0359375
0 0.72890625 0.47890625 0.021875 0.0265625
0 0.1046875 0.59140625 0.028125 0.0359375
0 0.0546875 0.6 0.034375 0.0453125
0 0.35546875 0.546875 0.0390625 0.046875
0 0.09765625 0.0703125 0.015625 0.015625
0 0.12265625 0.065625 0.0203125 0.0171875
0 0.13671875 0.06328125 0.0203125 0.0171875
0 0.3140625 0.03203125 0.0203125 0.0171875
0 0.475 0.00546875 0.015625 0.0109375
0 0.4890625 0.0046875 0.015625 0.009375
0 0.50703125 0.0453125 0.0171875 0.0203125
0 0.6828125 0.0140625 0.0171875 0.0203125
0 0.54296875 0.51875 0.028125 0.03125
0 0.2203125 0.578125 0.034375 0.040625
0 0.9875 0.44375 0.025 0.04375
0 0.4796875 0.534375 0.0296875 0.040625
0 0.28203125 0.56953125 0.034375 0.0453125
0 0.1640625 0.59140625 0.0296875 0.040625
0 0.28984375 0.08359375 0.0171875 0.025
0 0.7 0.0109375 0.0171875 0.0203125
0 0.7734375 0.00546875 0.021875 0.0109375
0 0.934375 0.45859375 0.0234375 0.034375
0 0.68203125 0.50546875 0.0328125 0.0328125
0 0.75546875 0.49453125 0.0296875 0.040625
0 0.08046875 0.61328125 0.0375 0.0421875
0 0.56640625 0.03671875 0.015625 0.015625
0 0.61015625 0.02890625 0.0171875 0.025
0 0.80625 0.49296875 0.0375 0.0421875
0 0.878125 0.48515625 0.021875 0.0265625
0 0.5796875 0.5375 0.04375 0.046875
0 0.6734375 0.01796875 0.0125 0.0203125
0 0.2546875 0.0921875 0.0109375 0.0109375
0 0.55546875 0.0390625 0.015625 0.0109375
0 0.59375 0.03203125 0.0171875 0.0203125
0 0.1359375 0.1125 0.0171875 0.0203125
0 0.3453125 0.07578125 0.0171875 0.0203125
0 0.55234375 0.55859375 0.034375 0.0453125
0 0.0875 0.640625 0.0328125 0.0328125
0 0.50703125 0.5671875 0.034375 0.040625
0 0.8390625 0.515625 0.034375 0.040625
0 0.784375 0.525 0.0359375 0.0546875
0 0.98984375 0.4890625 0.0203125 0.03125
0 0.5328125 0.0453125 0.021875 0.021875
0 0.4 0.06875 0.0125 0.0203125
0 0.2484375 0.621875 0.034375 0.0453125
0 0.903125 0.50625 0.034375 0.040625
0 0.70546875 0.54375 0.0296875 0.0453125
0 0.40234375 0.6 0.034375 0.0453125
0 0.27265625 0.09375 0.0125 0.0203125
0 0.334375 0.0828125 0.0171875 0.0203125
0 0.4921875 0.0546875 0.0171875 0.0203125
0 0.6421875 0.028125 0.015625 0.015625
0 0.05703125 0.66796875 0.04375 0.046875
0 0.3125 0.625 0.0390625 0.046875
0 0.7265625 0.01328125 0.0171875 0.0203125
0 0.76328125 0.55234375 0.034375 0.0453125
0 0.984375 0.51171875 0.03125 0.0421875
0 0.1046875 0.6703125 0.034375 0.040625
0 0.6359375 0.57890625 0.0296875 0.040625
0 0.896875 0.5359375 0.0296875 0.0453125
0 0.1984375 0.65859375 0.034375 0.0453125
0 0.83515625 0.54609375 0.0390625 0.046875
0 0.6078125 0.5890625 0.0328125 0.0359375
0 0.74765625 0.009375 0.015625 0.015625
0 0.203125 0.10546875 0.0125 0.0203125
0 0.3234375 0.084375 0.0125 0.0203125
0 0.67734375 0.5765625 0.034375 0.040625
0 0.51640625 0.60703125 0.0359375 0.05
0 0.80859375 0.00546875 0.0171875 0.0109375
0 0.19140625 0.11015625 0.0171875 0.0203125
0 0.43203125 0.634375 0.0375 0.0421875
0 0.74609375 0.57890625 0.028125 0.0359375
0 0.9203125 0.55 0.0328125 0.0359375
0 0.37421875 0.078125 0.0171875 0.025
0 0.3921875 0.075 0.0171875 0.0203125
0 0.41484375 0.07109375 0.0171875 0.0203125
0 0.4921875 0.6328125 0.0296875 0.0453125
0 0.26484375 0.09921875 0.0171875 0.0203125
0 0.8515625 0.58671875 0.034375 0.040625
0 0.63671875 0.62421875 0.04375 0.046875
0 0.39375 0.66953125 0.0390625 0.0515625
0 0.596875 0.63359375 0.034375 0.040625
0 0.178125 0.11484375 0.0171875 0.0203125
0 0.23984375 0.10625 0.0171875 0.0203125
0 0.75078125 0.61796875 0.0265625 0.0265625
0 0.3203125 0.69375 0.0390625 0.046875
0 0.265625 0.70546875 0.0375 0.0375
0 0.4546875 0.06875 0.015625 0.015625
0 0.6234375 0.0390625 0.0171875 0.0203125
0 0.659375 0.03203125 0.015625 0.015625
0 0.93671875 0.59453125 0.034375 0.0453125
0 0.10078125 0.74375 0.040625 0.05625
0 0.56953125 0.67109375 0.04375 0.0515625
0 0.45390625 0.69375 0.0390625 0.0515625
0 0.196875 0.74375 0.034375 0.0453125
0 0.5078125 0.69375 0.0453125 0.05625
0 0.69296875 0.6609375 0.028125 0.0359375
0 0.8734375 0.63203125 0.034375 0.040625
0 0.846875 0.0046875 0.015625 0.009375
0 0.80078125 0.009375 0.0171875 0.01875
0 0.54375 0.05546875 0.0171875 0.0203125
0 0.7671875 0.6578125 0.0390625 0.046875
0 0.26953125 0.75234375 0.0390625 0.046875
0 0.82890625 0.00859375 0.0171875 0.0171875
0 0.5125 0.06328125 0.0171875 0.025
0 0.93359375 0.6375 0.0375 0.0375
0 0.3484375 0.74609375 0.0359375 0.05
0 0.4078125 0.7390625 0.0296875 0.0453125
0 0.6359375 0.04140625 0.021875 0.0265625
0 0.09140625 0.79765625 0.0359375 0.05
0 0.86171875 0.66875 0.0390625 0.0515625
0 0.215625 0.7828125 0.034375 0.0453125
0 0.02734375 0.08515625 0.021875 0.021875
0 0.0703125 0.075 0.0109375 0.015625
0 0.38125 0.02265625 0.0171875 0.0203125
0 0.38984375 0.08671875 0.015625 0.015625
0 0.38515625 0.0875 0.0125 0.0203125
0 0.6515625 0.040625 0.0171875 0.0203125
0 0.70234375 0.7015625 0.0390625 0.0515625
0 0.98515625 0.65078125 0.0296875 0.0453125
0 0.678125 0.70859375 0.0390625 0.046875
0 0.5984375 0.7265625 0.04375 0.0515625
0 0.9 0.00234375 0.015625 0.0046875
0 0.44453125 0.07734375 0.021875 0.0265625
0 0.5921875 0.0515625 0.015625 0.015625
0 0.6859375 0.03515625 0.0171875 0.0203125
0 0.95859375 0.675 0.0453125 0.05625
0 0.53125 0.06484375 0.0203125 0.0171875
0 0.71328125 0.03203125 0.015625 0.015625
0 0.74375 0.02734375 0.0171875 0.0203125
0 0.79375 0.01796875 0.0171875 0.0203125
0 0.4328125 0.7703125 0.0453125 0.05625
0 0.40703125 0.7890625 0.05 0.0578125
0 0.50390625 0.771875 0.04375 0.0515625
0 0.575 0.059375 0.0171875 0.0203125
0 0.2140625 0.828125 0.0390625 0.0515625
0 0.1125 0.85078125 0.05 0.0625
0 0.70078125 0.03671875 0.0171875 0.025
0 0.35390625 0.0984375 0.0125 0.0203125
0 0.29453125 0.82734375 0.0390625 0.046875
0 0.8578125 0.0109375 0.021875 0.021875
0 0.1125 0.14296875 0.0171875 0.0203125
0 0.82890625 0.75 0.0453125 0.05625
0 0.89375 0.009375 0.021875 0.01875
0 0.4984375 0.82265625 0.05 0.0578125
0 0.75625 0.77734375 0.04375 0.0515625
0 0.64765625 0.80078125 0.040625 0.05625
0 0.18828125 0.89375 0.0453125 0.05625
0 0.11640625 0.06953125 0.015625 0.015625
0 0.26640625 0.04296875 0.0125 0.0203125
0 0.8421875 0.0171875 0.015625 0.015625
0 0.9109375 0.00625 0.015625 0.0125
0 0.75859375 0.03125 0.021875 0.021875
0 0.7875 0.0265625 0.0109375 0.015625
0 0.453125 0.08515625 0.015625 0.015625
0 0.3046875 0.884375 0.0453125 0.05625
0 0.69765625 0.04453125 0.0125 0.0203125
0 0.77421875 0.03125 0.0171875 0.025
0 0.671875 0.04921875 0.0171875 0.025
0 0.978125 0.7671875 0.04375 0.0625
0 0.4125 0.8703125 0.0515625 0.0671875
0 0.925 0.7796875 0.040625 0.05625
0 0.88515625 0.7890625 0.04375 0.046875
0 0.08125 0.93828125 0.03125 0.0546875
0 0.79140625 0.81953125 0.0453125 0.0609375
0 0.809375 0.02734375 0.021875 0.0265625
0 0.87109375 0.01640625 0.0171875 0.0203125
0 0.61484375 0.86015625 0.0453125 0.0609375
0 0.70234375 0.84765625 0.04375 0.0515625
0 0.9046875 0.81875 0.0484375 0.0484375
0 0.3125 0.928125 0.0421875 0.0375
0 0.5953125 0.88046875 0.0328125 0.0328125
0 0.7234375 0.04765625 0.0171875 0.025
0 0.86484375 0.02421875 0.015625 0.015625
0 0.821875 0.03125 0.0109375 0.015625
0 0.83046875 0.0296875 0.01875 0.0296875
0 0.275 0.13046875 0.021875 0.0265625
0 0.70859375 0.05859375 0.0171875 0.025
0 0.60390625 0.07734375 0.015625 0.015625
0 0.4265625 0.10859375 0.021875 0.021875
0 0.0734375 0.1703125 0.015625 0.015625
0 0.04609375 0.178125 0.0171875 0.0203125