0 0.9671875 0.1125 0.00625 0.0234375
0 0.940625 0.1296875 0.015625 0.015625
0 0.9203125 0.140625 0.015625 0.015625
0 0.88359375 0.14609375 0.015625 0.0203125
0 0.84453125 0.153125 0.015625 0.015625
0 0.95546875 0.14765625 0.0109375 0.0140625
0 0.9484375 0.153125 0.0109375 0.0140625
0 0.97265625 0.15390625 0.0109375 0.01875
0 0.90859375 0.16796875 0.0109375 0.0140625
0 0.88125 0.16953125 0.0109375 0.0140625
0 0.825 0.1734375 0.0109375 0.0140625
0 0.95703125 0.16640625 0.015625 0.015625
0 0.81640625 0.1765625 0.0109375 0.0140625
0 0.97109375 0.165625 0.0109375 0.0140625
0 0.80078125 0.184375 0.0109375 0.0140625
0 0.865625 0.1796875 0.0109375 0.0140625
0 0.875 0.18203125 0.0109375 0.0140625
0 0.93046875 0.18046875 0.0109375 0.01875
0 0.92109375 0.18046875 0.015625 0.015625
0 0.890625 0.18515625 0.0109375 0.0140625
0 0.84921875 0.18828125 0.0109375 0.0140625
0 0.85859375 0.18984375 0.0109375 0.0140625
0 0.94453125 0.18359375 0.015625 0.0203125
0 0.82890625 0.1921875 0.015625 0.015625
0 0.95546875 0.1828125 0.015625 0.0203125
0 0.8984375 0.1890625 0.0109375 0.0140625
0 0.80625 0.2 0.0109375 0.0140625
0 0.9703125 0.18828125 0.0109375 0.01875
0 0.8828125 0.196875 0.015625 0.015625
0 0.8359375 0.2 0.0109375 0.0140625
0 0.81875 0.20625 0.0109375 0.0140625
0 0.8625 0.203125 0.015625 0.015625
0 0.89453125 0.203125 0.015625 0.0203125
0 0.77890625 0.21328125 0.015625 0.015625
0 0.9390625 0.20234375 0.015625 0.015625
0 0.78828125 0.2125 0.0109375 0.01875
0 0.7609375 0.21484375 0.0109375 0.0140625
0 0.79765625 0.21484375 0.015625 0.015625
0 0.6875 0.221875 0.015625 0.015625
0 0.82734375 0.2125 0.015625 0.0203125
0 0.8140625 0.21328125 0.0109375 0.01875
0 0.97578125 0.2046875 0.0109375 0.01875
0 0.8765625 0.2109375 0.0109375 0.0140625
0 0.70546875 0.2234375 0.0109375 0.0140625
0 0.7453125 0.2203125 0.0109375 0.0140625
0 0.90859375 0.209375 0.015625 0.015625
0 0.77734375 0.21796875 0.009375 0.009375
0 0.95703125 0.20546875 0.015625 0.0203125
0 0.66640625 0.23046875 0.0109375 0.0140625
0 0.84921875 0.21796875 0.015625 0.015625
0 0.83984375 0.22109375 0.0109375 0.0140625
0 0.75703125 0.2265625 0.0109375 0.0140625
0 0.72890625 0.22890625 0.0109375 0.0140625
0 0.88203125 0.2203125 0.015625 0.015625
0 0.9234375 0.21953125 0.0109375 0.0140625
0 0.96484375 0.2171875 0.015625 0.0203125
0 0.796875 0.22890625 0.015625 0.0203125
0 0.78046875 0.23203125 0.0109375 0.01875
0 0.74375 0.234375 0.015625 0.0203125
0 0.82890625 0.22890625 0.015625 0.015625
0 0.859375 0.22890625 0.0109375 0.0140625
0 0.71796875 0.2390625 0.0109375 0.0140625
0 0.73203125 0.2375 0.0109375 0.0140625
0 0.89375 0.22890625 0.015625 0.015625
0 0.64921875 0.24609375 0.009375 0.009375
0 0.76875 0.2375 0.0109375 0.0140625
0 0.684375 0.24375 0.0109375 0.0140625
0 0.94765625 0.22734375 0.015625 0.025
0 0.70078125 0.246875 0.0109375 0.0140625
0 0.93125 0.23125 0.015625 0.0203125
0 0.69375 0.25 0.009375 0.009375
0 0.77890625 0.24375 0.0109375 0.0140625
0 0.85546875 0.240625 0.009375 0.009375
0 0.6546875 0.2546875 0.009375 0.009375
0 0.63671875 0.25625 0.009375 0.009375
0 0.84140625 0.2421875 0.015625 0.015625
0 0.82109375 0.24375 0.015625 0.0203125
0 0.86953125 0.23984375 0.015625 0.0203125
0 0.75859375 0.25 0.0109375 0.0140625
0 0.915625 0.2390625 0.015625 0.0203125
0 0.60859375 0.2609375 0.0109375 0.0140625
0 0.58984375 0.2640625 0.0109375 0.0140625
0 0.62734375 0.26171875 0.009375 0.009375
0 0.659375 0.259375 0.009375 0.009375
0 0.73828125 0.25625 0.015625 0.0203125
0 0.80546875 0.2515625 0.0109375 0.01875
0 0.96875 0.23984375 0.0203125 0.025
0 0.89921875 0.2453125 0.015625 0.0203125
0 0.58046875 0.2671875 0.009375 0.009375
0 0.6734375 0.26328125 0.0109375 0.0140625
0 0.66640625 0.26328125 0.0109375 0.0140625
0 0.71484375 0.26015625 0.0109375 0.0140625
0 0.565625 0.27265625 0.00625 0.0140625
0 0.6234375 0.27109375 0.0109375 0.0140625
0 0.7203125 0.26484375 0.015625 0.015625
0 0.65078125 0.26953125 0.009375 0.009375
0 0.90703125 0.253125 0.015625 0.025
0 0.76484375 0.26328125 0.0109375 0.0140625
0 0.88671875 0.2546875 0.0109375 0.01875
0 0.55859375 0.27734375 0.0109375 0.0140625
0 0.85625 0.25625 0.015625 0.0203125
0 0.66015625 0.2703125 0.0109375 0.0140625
0 0.52890625 0.28203125 0.0109375 0.0140625
0 0.7734375 0.26484375 0.015625 0.0203125
0 0.83125 0.26328125 0.015625 0.0203125
0 0.5453125 0.2828125 0.00625 0.0140625
0 0.9578125 0.25390625 0.0203125 0.0296875
0 0.64375 0.27578125 0.0109375 0.0140625
0 0.578125 0.28046875 0.009375 0.009375
0 0.70234375 0.271875 0.0109375 0.0140625
0 0.6796875 0.27578125 0.015625 0.015625
0 0.6171875 0.2828125 0.009375 0.009375
0 0.815625 0.26875 0.015625 0.0203125
0 0.67265625 0.27890625 0.009375 0.009375
0 0.73984375 0.2765625 0.015625 0.0203125
0 0.6078125 0.2859375 0.0109375 0.0140625
0 0.540625 0.290625 0.0046875 0.009375
0 0.63828125 0.28359375 0.0109375 0.0140625
0 0.75390625 0.27578125 0.015625 0.025
0 0.69609375 0.2796875 0.0109375 0.0140625
0 0.59609375 0.2890625 0.0109375 0.0140625
0 0.80234375 0.27421875 0.015625 0.0203125
0 0.65390625 0.28515625 0.0109375 0.0140625
0 0.50703125 0.2953125 0.00625 0.0140625
0 0.490625 0.2984375 0.0109375 0.0140625
0 0.76953125 0.27890625 0.015625 0.0203125
0 0.58984375 0.29140625 0.0109375 0.0140625
0 0.790625 0.2796875 0.0109375 0.0234375
0 0.5671875 0.2953125 0.00625 0.0140625
0 0.925 0.2703125 0.0203125 0.025
0 0.71875 0.28515625 0.0109375 0.01875
0 0.54609375 0.29921875 0.0046875 0.0046875
0 0.5578125 0.2984375 0.0046875 0.009375
0 0.62734375 0.29375 0.0109375 0.0140625
0 0.84140625 0.27890625 0.015625 0.015625
0 0.66875 0.290625 0.0109375 0.0140625
0 0.59453125 0.2984375 0.009375 0.009375
0 0.6203125 0.296875 0.0109375 0.0140625
0 0.72890625 0.2890625 0.009375 0.009375
0 0.4796875 0.30859375 0.0046875 0.009375
0 0.484375 0.30859375 0.0046875 0.009375
0 0.6109375 0.29921875 0.015625 0.0203125
0 0.51875 0.30625 0.0046875 0.009375
0 0.46796875 0.309375 0.0046875 0.009375
0 0.45 0.31328125 0.009375 0.009375
0 0.54921875 0.30625 0.0109375 0.0140625
0 0.83046875 0.28671875 0.015625 0.025
0 0.53046875 0.3078125 0.0046875 0.009375
0 0.86328125 0.284375 0.0203125 0.025
0 0.4609375 0.3125 0.009375 0.009375
0 0.56328125 0.3078125 0.0109375 0.0140625
0 0.63984375 0.30234375 0.0109375 0.0140625
0 0.51015625 0.3109375 0.0046875 0.009375
0 0.51484375 0.3109375 0.0046875 0.009375
0 0.43203125 0.31953125 0.00625 0.0140625
0 0.59765625 0.3078125 0.0109375 0.0140625
0 0.4390625 0.32109375 0.009375 0.009375
0 0.540625 0.3140625 0.0109375 0.0140625
0 0.55390625 0.31328125 0.009375 0.009375
0 0.70234375 0.30234375 0.015625 0.0203125
0 0.75546875 0.29921875 0.015625 0.0203125
0 0.4921875 0.3171875 0.009375 0.009375
0 0.7671875 0.2984375 0.015625 0.0203125
0 0.50390625 0.31875 0.009375 0.009375
0 0.73203125 0.303125 0.015625 0.015625
0 0.79453125 0.30078125 0.015625 0.025
0 0.675 0.309375 0.0109375 0.0140625
0 0.40703125 0.33046875 0.0046875 0.009375
0 0.478125 0.325 0.0109375 0.0140625
0 0.51953125 0.32265625 0.0046875 0.009375
0 0.84296875 0.3 0.015625 0.0296875
0 0.8828125 0.296875 0.0203125 0.0296875
0 0.5640625 0.321875 0.0109375 0.0140625
0 0.3953125 0.33359375 0.0046875 0.009375
0 0.48828125 0.32734375 0.009375 0.009375
0 0.6609375 0.31484375 0.0109375 0.0140625
0 0.50703125 0.328125 0.0046875 0.009375
0 0.41640625 0.334375 0.009375 0.009375
0 0.54609375 0.325 0.0109375 0.0140625
0 0.58125 0.325 0.0109375 0.0140625
0 0.46484375 0.33359375 0.009375 0.009375
0 0.51640625 0.3296875 0.009375 0.009375
0 0.45625 0.3359375 0.00625 0.0140625
0 0.6015625 0.32578125 0.0109375 0.0140625
0 0.446875 0.33671875 0.009375 0.009375
0 0.62265625 0.32734375 0.0109375 0.0140625
0 0.525 0.3359375 0.0109375 0.0140625
0 0.4703125 0.33984375 0.00625 0.0140625
0 0.63671875 0.328125 0.0109375 0.0140625
0 0.92734375 0.3078125 0.025 0.0296875
0 0.4890625 0.3390625 0.009375 0.009375
0 0.7640625 0.31953125 0.015625 0.0203125
0 0.5078125 0.3375 0.0109375 0.0140625
0 0.55625 0.3359375 0.0109375 0.0140625
0 0.65703125 0.32890625 0.0109375 0.0140625
0 0.73359375 0.32421875 0.0203125 0.025
0 0.7015625 0.32578125 0.015625 0.025
0 0.42890625 0.3453125 0.009375 0.009375
0 0.43828125 0.346875 0.009375 0.009375
0 0.65 0.33203125 0.0109375 0.0140625
0 0.97578125 0.309375 0.025 0.0296875
0 0.61875 0.334375 0.0109375 0.0140625
0 0.4609375 0.346875 0.0109375 0.0140625
0 0.41484375 0.35 0.009375 0.009375
0 0.43359375 0.3484375 0.0046875 0.009375
0 0.36484375 0.35625 0.0046875 0.0046875
0 0.5953125 0.33984375 0.0109375 0.0140625
0 0.371875 0.35546875 0.0046875 0.009375
0 0.42265625 0.3515625 0.0046875 0.009375
0 0.6046875 0.3390625 0.0109375 0.0140625
0 0.46796875 0.3484375 0.009375 0.009375
0 0.48671875 0.34765625 0.0109375 0.0140625
0 0.62578125 0.3375 0.0109375 0.0140625
0 0.453125 0.35234375 0.0046875 0.009375
0 0.3765625 0.3578125 0.0046875 0.009375
0 0.44609375 0.35234375 0.00625 0.0140625
0 0.390625 0.35625 0.0046875 0.009375
0 0.66015625 0.3375 0.015625 0.0203125
0 0.35078125 0.36171875 0.009375 0.009375
0 0.3390625 0.3625 0.0046875 0.009375
0 0.4109375 0.3578125 0.0046875 0.009375
0 0.34609375 0.3640625 0.0046875 0.009375
0 0.53828125 0.35078125 0.015625 0.0203125
0 0.434375 0.3578125 0.0046875 0.0046875
0 0.51796875 0.35234375 0.0109375 0.0140625
0 0.5734375 0.3484375 0.0109375 0.01875
0 0.64296875 0.34609375 0.015625 0.025
0 0.3890625 0.36640625 0.009375 0.009375
0 0.4734375 0.36015625 0.0109375 0.0140625
0 0.37265625 0.3671875 0.0046875 0.009375
0 0.52421875 0.35625 0.015625 0.015625
0 0.4234375 0.365625 0.0109375 0.0140625
0 0.45390625 0.3640625 0.0109375 0.0140625
0 0.3796875 0.36875 0.009375 0.009375
0 0.39765625 0.3703125 0.0046875 0.009375
0 0.95 0.33125 0.025 0.0328125
0 0.36328125 0.37265625 0.009375 0.009375
0 0.61484375 0.3546875 0.015625 0.025
0 0.7953125 0.3421875 0.015625 0.025
0 0.62421875 0.35390625 0.015625 0.025
0 0.3515625 0.3734375 0.009375 0.009375
0 0.55078125 0.359375 0.009375 0.009375
0 0.33984375 0.3765625 0.0046875 0.009375
0 0.4046875 0.371875 0.0046875 0.009375
0 0.35859375 0.375 0.0046875 0.009375
0 0.37578125 0.3765625 0.0046875 0.0046875
0 0.4953125 0.36796875 0.0109375 0.0140625
0 0.4328125 0.37265625 0.009375 0.009375
0 0.46484375 0.3703125 0.009375 0.009375
0 0.4765625 0.36953125 0.0046875 0.0046875
0 0.58125 0.36171875 0.015625 0.0203125
0 0.51171875 0.3671875 0.0109375 0.0140625
0 0.6921875 0.35390625 0.015625 0.0203125
0 0.4171875 0.37578125 0.0109375 0.0140625
0 0.35234375 0.38046875 0.0046875 0.0046875
0 0.36875 0.38125 0.009375 0.009375
0 0.32734375 0.384375 0.0046875 0.009375
0 0.421875 0.378125 0.009375 0.009375
0 0.378125 0.38359375 0.009375 0.009375
0 0.3984375 0.38203125 0.0109375 0.0140625
0 0.48203125 0.378125 0.0109375 0.0140625
0 0.35078125 0.38984375 0.0109375 0.0140625
0 0.76171875 0.3609375 0.015625 0.0203125
0 0.31875 0.3921875 0.0046875 0.0046875
0 0.465625 0.38203125 0.009375 0.009375
0 0.47734375 0.38125 0.009375 0.009375
0 0.44296875 0.38359375 0.0109375 0.0140625
0 0.4984375 0.3796875 0.0109375 0.0140625
0 0.54921875 0.37578125 0.0109375 0.0234375
0 0.3140625 0.39453125 0.0046875 0.0046875
0 0.29765625 0.39609375 0.0046875 0.0046875
0 0.309375 0.3953125 0.0046875 0.0046875
0 0.57734375 0.3765625 0.015625 0.0203125
0 0.45546875 0.38515625 0.0109375 0.0140625
0 0.7046875 0.3671875 0.015625 0.0296875
0 0.89375 0.35625 0.0203125 0.025
0 0.33046875 0.39609375 0.0046875 0.009375
0 0.3390625 0.3953125 0.009375 0.009375
0 0.425 0.3890625 0.0109375 0.0140625
0 0.5203125 0.3828125 0.015625 0.0203125
0 0.39921875 0.39140625 0.00625 0.0140625
0 0.68125 0.37109375 0.015625 0.025
0 0.62109375 0.378125 0.015625 0.025
0 0.23125 0.40546875 0.0046875 0.009375
0 0.284375 0.4015625 0.0046875 0.009375
0 0.43671875 0.390625 0.015625 0.015625
0 0.6671875 0.375 0.015625 0.0203125
0 0.36015625 0.39609375 0.0046875 0.009375
0 0.36953125 0.39765625 0.0109375 0.0140625
0 0.23828125 0.40703125 0.0046875 0.0046875
0 0.3125 0.4015625 0.0046875 0.0046875
0 0.3515625 0.39921875 0.009375 0.009375
0 0.59140625 0.38203125 0.015625 0.025
0 0.29140625 0.403125 0.009375 0.009375
0 0.84296875 0.3671875 0.025 0.025
0 0.30078125 0.4046875 0.009375 0.009375
0 0.65625 0.38046875 0.0203125 0.025
0 0.2171875 0.4109375 0.009375 0.009375
0 0.384375 0.39921875 0.0109375 0.0140625
0 0.409375 0.39765625 0.0109375 0.0140625
0 0.48984375 0.3921875 0.015625 0.0203125
0 0.22421875 0.41015625 0.0046875 0.0046875
0 0.20625 0.4140625 0.009375 0.0046875
0 0.3375 0.4046875 0.0046875 0.0046875
0 0.29609375 0.4078125 0.009375 0.009375
0 0.50625 0.39296875 0.015625 0.0203125
0 0.24375 0.4140625 0.009375 0.009375
0 0.346875 0.40625 0.009375 0.009375
0 0.446875 0.39921875 0.015625 0.015625
0 0.2546875 0.41328125 0.009375 0.009375
0 0.5578125 0.3921875 0.015625 0.025
0 0.37734375 0.40703125 0.0109375 0.0140625
0 0.3984375 0.4078125 0.015625 0.015625
0 0.3546875 0.4109375 0.0046875 0.009375
0 0.71640625 0.38515625 0.0203125 0.0296875
0 0.3296875 0.4125 0.0109375 0.0140625
0 0.22265625 0.42265625 0.009375 0.009375
0 0.1765625 0.42578125 0.0046875 0.0046875
0 0.1953125 0.42421875 0.0046875 0.009375
0 0.765625 0.384375 0.0203125 0.025
0 0.1671875 0.42578125 0.0046875 0.0046875
0 0.271875 0.41875 0.0046875 0.009375
0 0.296875 0.4171875 0.009375 0.009375
0 0.18203125 0.42734375 0.0046875 0.0046875
0 0.1890625 0.42734375 0.009375 0.0046875
0 0.19140625 0.4265625 0.0046875 0.009375
0 0.33671875 0.41640625 0.0046875 0.009375
0 0.4078125 0.41171875 0.0109375 0.0140625
0 0.2578125 0.4234375 0.0046875 0.009375
0 0.3921875 0.4140625 0.0109375 0.0140625
0 0.45703125 0.41015625 0.015625 0.015625
0 0.35 0.41953125 0.00625 0.0140625
0 0.21640625 0.42890625 0.0046875 0.009375
0 0.29765625 0.4234375 0.009375 0.009375
0 0.359375 0.41875 0.0109375 0.0140625
0 0.23515625 0.4296875 0.0046875 0.0046875
0 0.328125 0.4234375 0.0109375 0.0140625
0 0.4984375 0.41171875 0.015625 0.015625
0 0.22578125 0.43046875 0.009375 0.009375
0 0.51484375 0.41015625 0.00625 0.01875
0 0.14296875 0.4390625 0.0046875 0.0046875
0 0.15390625 0.43828125 0.0046875 0.009375
0 0.165625 0.4375 0.0046875 0.009375
0 0.26328125 0.43046875 0.0046875 0.009375
0 0.20546875 0.434375 0.0046875 0.009375
0 0.28828125 0.42890625 0.0046875 0.009375
0 0.38359375 0.421875 0.015625 0.015625
0 0.43671875 0.41796875 0.015625 0.015625
0 0.159375 0.43984375 0.0046875 0.009375
0 0.24453125 0.434375 0.009375 0.009375
0 0.52578125 0.4140625 0.015625 0.0203125
0 0.31875 0.42890625 0.0109375 0.0140625
0 0.1875 0.440625 0.0046875 0.0046875
0 0.22890625 0.4375 0.0046875 0.0046875
0 0.2359375 0.43671875 0.0046875 0.0046875
0 0.2703125 0.434375 0.0109375 0.0140625
0 0.15078125 0.44296875 0.0046875 0.0046875
0 0.653125 0.4078125 0.0203125 0.025
0 0.221875 0.43828125 0.0046875 0.0046875
0 0.57734375 0.41328125 0.015625 0.025
0 0.2765625 0.434375 0.0046875 0.009375
0 0.3234375 0.43125 0.0046875 0.009375
0 0.62578125 0.409375 0.015625 0.025
0 0.1734375 0.44375 0.0046875 0.0046875
0 0.2546875 0.43828125 0.0046875 0.009375
0 0.16171875 0.44453125 0.0046875 0.009375
0 0.284375 0.4359375 0.0046875 0.009375
0 0.33515625 0.43203125 0.015625 0.015625
0 0.13671875 0.44609375 0.0046875 0.009375
0 0.1203125 0.45 0.0046875 0.0046875
0 0.3125 0.43671875 0.0109375 0.0140625
0 0.1484375 0.44765625 0.0046875 0.0046875
0 0.16875 0.44609375 0.0046875 0.009375
0 0.1296875 0.44921875 0.0046875 0.0046875
0 0.17578125 0.44609375 0.0046875 0.009375
0 0.21328125 0.4453125 0.0046875 0.009375
0 0.46015625 0.428125 0.0203125 0.0203125
0 0.196875 0.446875 0.0046875 0.0046875
0 0.20625 0.44609375 0.0046875 0.009375
0 0.5109375 0.425 0.015625 0.015625
0 0.23125 0.44453125 0.0046875 0.009375
0 0.24765625 0.44296875 0.0046875 0.009375
0 0.11640625 0.45234375 0.0046875 0.0046875
0 0.21953125 0.4453125 0.0109375 0.0140625
0 0.18125 0.45 0.0046875 0.0046875
0 0.384375 0.4359375 0.0109375 0.01875
0 0.95703125 0.39609375 0.0296875 0.034375
0 0.23828125 0.44609375 0.0109375 0.0140625
0 0.13046875 0.45390625 0.0046875 0.0046875
0 0.1859375 0.45 0.0046875 0.009375
0 0.15546875 0.45234375 0.0046875 0.0046875
0 0.16484375 0.4515625 0.0046875 0.0046875
0 0.29140625 0.44453125 0.0046875 0.009375
0 0.284375 0.4453125 0.00625 0.0140625
0 0.19765625 0.4515625 0.0046875 0.009375
0 0.303125 0.44375 0.009375 0.009375
0 0.153125 0.45703125 0.0046875 0.009375
0 0.209375 0.453125 0.009375 0.009375
0 0.25546875 0.45 0.0109375 0.0140625
0 0.315625 0.4453125 0.0109375 0.0140625
0 0.0953125 0.46328125 0.0046875 0.0046875
0 0.10703125 0.4625 0.0046875 0.009375
0 0.1046875 0.4625 0.0046875 0.0046875
0 0.1578125 0.45859375 0.0046875 0.0046875
0 0.090625 0.46328125 0.0046875 0.0046875
0 0.790625 0.41484375 0.0203125 0.025
0 0.1 0.46328125 0.0046875 0.0046875
0 0.17890625 0.46015625 0.0046875 0.009375
0 0.33671875 0.4484375 0.0109375 0.0140625
0 0.19765625 0.45859375 0.0046875 0.009375
0 0.35 0.44765625 0.015625 0.0203125
0 0.5296875 0.43515625 0.015625 0.025
0 0.90625 0.40859375 0.025 0.0328125
0 0.08984375 0.46640625 0.0046875 0.009375
0 0.41484375 0.44296875 0.015625 0.025
0 0.13125 0.465625 0.0046875 0.0046875
0 0.65078125 0.42890625 0.015625 0.025
0 0.2078125 0.46015625 0.0046875 0.009375
0 0.078125 0.46953125 0.0046875 0.0046875
0 0.84921875 0.415625 0.0203125 0.025
0 0.11953125 0.46640625 0.0046875 0.0046875
0 0.1703125 0.4625 0.0046875 0.009375
0 0.28046875 0.4546875 0.0109375 0.0140625
0 0.13828125 0.46484375 0.0046875 0.009375
0 0.15625 0.4640625 0.0046875 0.009375
0 0.23203125 0.45859375 0.0109375 0.0140625
0 0.5578125 0.4359375 0.015625 0.0296875
0 0.0828125 0.47109375 0.0046875 0.009375
0 0.1453125 0.4671875 0.0046875 0.009375
0 0.24453125 0.46015625 0.00625 0.0140625
0 0.36640625 0.4515625 0.015625 0.0203125
0 0.5078125 0.44140625 0.0203125 0.0203125
0 0.07578125 0.471875 0.009375 0.009375
0 0.18671875 0.4640625 0.0046875 0.009375
0 0.3921875 0.4515625 0.0203125 0.025
0 0.61171875 0.43671875 0.0203125 0.0203125
0 0.22578125 0.46328125 0.0109375 0.0140625
0 0.165625 0.4703125 0.009375 0.009375
0 0.06484375 0.47734375 0.0046875 0.009375
0 0.7453125 0.4296875 0.0203125 0.0296875
0 0.37890625 0.45546875 0.015625 0.025
0 0.1078125 0.47421875 0.0046875 0.009375
0 0.21640625 0.46640625 0.00625 0.0140625
0 0.1984375 0.46796875 0.0109375 0.0140625
0 0.1015625 0.47734375 0.0046875 0.0046875
0 0.05078125 0.48046875 0.0046875 0.009375
0 0.14140625 0.47421875 0.0046875 0.009375
0 0.28125 0.4640625 0.0109375 0.01875
0 0.30234375 0.46328125 0.015625 0.025
0 0.12265625 0.47578125 0.0046875 0.009375
0 0.06015625 0.4796875 0.0046875 0.009375
0 0.70234375 0.43515625 0.0203125 0.025
0 0.08359375 0.48046875 0.009375 0.009375
0 0.14609375 0.4765625 0.0046875 0.0046875
0 0.096875 0.4796875 0.0046875 0.009375
0 0.1875 0.4734375 0.0046875 0.009375
0 0.115625 0.48046875 0.0046875 0.0046875
0 0.27109375 0.46953125 0.00625 0.0140625
0 0.15703125 0.478125 0.0046875 0.009375
0 0.496875 0.45390625 0.015625 0.025
0 0.18046875 0.47578125 0.0046875 0.009375
0 0.04375 0.4859375 0.0046875 0.0046875
0 0.29140625 0.46875 0.015625 0.015625
0 0.03203125 0.48671875 0.009375 0.009375
0 0.1296875 0.48203125 0.0046875 0.0046875
0 0.071875 0.4859375 0.0046875 0.0046875
0 0.24296875 0.47421875 0.015625 0.015625
0 0.07890625 0.4859375 0.0046875 0.0046875
0 0.1015625 0.484375 0.0046875 0.0046875
0 0.02890625 0.4890625 0.0046875 0.0046875
0 0.46640625 0.45859375 0.015625 0.025
0 0.1484375 0.4828125 0.0046875 0.0046875
0 0.1640625 0.48203125 0.0046875 0.009375
0 0.221875 0.478125 0.0109375 0.0140625
0 0.22890625 0.47734375 0.0109375 0.0140625
0 0.33828125 0.46953125 0.015625 0.0203125
0 0.065625 0.49140625 0.0046875 0.0046875
0 0.12109375 0.4875 0.0046875 0.009375
0 0.2359375 0.47890625 0.0109375 0.0140625
0 0.6703125 0.44921875 0.0203125 0.025
0 0.15546875 0.48515625 0.0046875 0.009375
0 0.171875 0.48359375 0.0046875 0.009375
0 0.21328125 0.48125 0.015625 0.015625
0 0.1421875 0.48828125 0.0046875 0.009375
0 0.43984375 0.4671875 0.015625 0.025
0 0.1375 0.48828125 0.0046875 0.009375
0 0.35859375 0.4734375 0.015625 0.025
0 0.05859375 0.49375 0.0046875 0.009375
0 0.10703125 0.49296875 0.009375 0.009375
0 0.3171875 0.478125 0.015625 0.0203125
0 0.615625 0.4578125 0.0203125 0.0328125
0 0.05234375 0.49921875 0.0046875 0.0046875
0 0.075 0.49765625 0.0046875 0.0046875
0 0.0109375 0.50234375 0.0046875 0.0046875
0 0.26484375 0.484375 0.015625 0.0203125
0 0.08203125 0.496875 0.0109375 0.0140625
0 0.09140625 0.49609375 0.0109375 0.0140625
0 0.41171875 0.47421875 0.015625 0.0203125
0 0.03359375 0.50078125 0.009375 0.0046875
0 0.03828125 0.5 0.0046875 0.0046875
0 0.04296875 0.5 0.009375 0.0046875
0 0.11875 0.49453125 0.00625 0.0140625
0 0.17421875 0.490625 0.0046875 0.0046875
0 0.94140625 0.43828125 0.03125 0.0484375
0 0.3828125 0.47734375 0.015625 0.0203125
0 0.1609375 0.4953125 0.009375 0.009375
0 0.04765625 0.503125 0.0046875 0.0046875
0 0.253125 0.4890625 0.015625 0.0203125
0 0.06875 0.50234375 0.009375 0.009375
0 0.18359375 0.49375 0.00625 0.0140625
0 0.22265625 0.49140625 0.015625 0.015625
0 0.2765625 0.48984375 0.015625 0.0203125
0 0.3453125 0.48515625 0.015625 0.0203125
0 0.1078125 0.5015625 0.009375 0.009375
0 0.2375 0.4921875 0.0109375 0.0140625
0 0.13359375 0.50234375 0.00625 0.0140625
0 0.0296875 0.509375 0.0046875 0.009375
0 0.05 0.5078125 0.009375 0.009375
0 0.0734375 0.50625 0.009375 0.009375
0 0.04609375 0.5109375 0.0046875 0.009375
0 0.05703125 0.51015625 0.0046875 0.009375
0 0.09375 0.50703125 0.009375 0.009375
0 0.04140625 0.5109375 0.0046875 0.009375
0 0.10078125 0.50703125 0.009375 0.009375
0 0.759375 0.4609375 0.025 0.0328125
0 0.15859375 0.50234375 0.009375 0.009375
0 0.17265625 0.5015625 0.00625 0.0140625
0 0.03671875 0.5109375 0.0046875 0.009375
0 0.07109375 0.50859375 0.009375 0.009375
0 0.0234375 0.51484375 0.0046875 0.009375
0 0.08828125 0.51015625 0.009375 0.009375
0 0.1828125 0.50546875 0.00625 0.0140625
0 0.20078125 0.5046875 0.015625 0.0203125
0 0.25625 0.50078125 0.015625 0.0203125
0 0.11328125 0.5109375 0.009375 0.009375
0 0.0140625 0.5171875 0.0046875 0.009375
0 0.14140625 0.50859375 0.0109375 0.0140625
0 0.30234375 0.49765625 0.0140625 0.0109375
0 0.0578125 0.5171875 0.0046875 0.009375
0 0.028125 0.51875 0.009375 0.009375
0 0.034375 0.51875 0.009375 0.009375
0 0.13203125 0.51171875 0.0046875 0.009375
0 0.10625 0.515625 0.0046875 0.009375
0 0.16875 0.51171875 0.009375 0.009375
0 0.1203125 0.51484375 0.0109375 0.0140625
0 0.09921875 0.51640625 0.009375 0.009375
0 0.40234375 0.4953125 0.015625 0.025
0 0.47578125 0.48984375 0.0203125 0.025
0 0.07890625 0.51796875 0.009375 0.009375
0 0.071875 0.5203125 0.0109375 0.0140625
0 0.0421875 0.52265625 0.009375 0.009375
0 0.15078125 0.51484375 0.00625 0.0140625
0 0.021875 0.52421875 0.0046875 0.009375
0 0.23125 0.51171875 0.015625 0.0203125
0 0.03515625 0.52578125 0.009375 0.0046875
0 0.02890625 0.528125 0.009375 0.009375
0 0.346875 0.50625 0.015625 0.025
0 0.1578125 0.51953125 0.00625 0.0140625
0 0.3265625 0.5078125 0.0203125 0.025
0 0.00546875 0.5296875 0.009375 0.009375
0 0.1375 0.5203125 0.0109375 0.0140625
0 0.20625 0.515625 0.015625 0.0203125
0 0.0125 0.53203125 0.0046875 0.0046875
0 0.0515625 0.52890625 0.0109375 0.0140625
0 0.303125 0.51171875 0.015625 0.015625
0 0.08671875 0.5265625 0.009375 0.009375
0 0.43984375 0.50390625 0.015625 0.0203125
0 0.03984375 0.53203125 0.0109375 0.0140625
0 0.8625 0.47734375 0.03125 0.0390625
0 0.02265625 0.5359375 0.0046875 0.0046875
0 0.1671875 0.52578125 0.0109375 0.0140625
0 0.00625 0.53671875 0.0046875 0.0046875
0 0.10703125 0.5296875 0.015625 0.015625
0 0.07578125 0.53203125 0.009375 0.009375
0 0.0453125 0.53671875 0.0046875 0.009375
0 0.15625 0.52890625 0.0046875 0.009375
0 0.0296875 0.5375 0.0109375 0.0140625
0 0.18203125 0.5296875 0.015625 0.025
0 0.01328125 0.54375 0.0046875 0.009375
0 0.31328125 0.52265625 0.015625 0.0203125
0 0.09609375 0.5375 0.0109375 0.0140625
0 0.2375 0.528125 0.015625 0.0203125
0 0.28203125 0.525 0.015625 0.0203125
0 0.05234375 0.540625 0.0109375 0.0140625
0 0.1453125 0.53671875 0.015625 0.015625
0 0.3734375 0.5203125 0.015625 0.0203125
0 0.4890625 0.5125 0.0203125 0.0296875
0 0.13125 0.5375 0.0109375 0.0140625
0 0.6671875 0.5 0.0203125 0.0328125
0 0.4703125 0.5140625 0.0203125 0.025
0 0.26796875 0.53046875 0.015625 0.0203125
0 0.1171875 0.540625 0.015625 0.0203125
0 0.10625 0.54375 0.0109375 0.0140625
0 0.09296875 0.546875 0.015625 0.0203125
0 0.14375 0.54609375 0.015625 0.015625
0 0.0234375 0.5546875 0.0046875 0.009375
0 0.01640625 0.5546875 0.0109375 0.0140625
0 0.0484375 0.55234375 0.0109375 0.0140625
0 0.08359375 0.55234375 0.015625 0.015625
0 0.17109375 0.5484375 0.015625 0.0203125
0 0.01015625 0.56015625 0.009375 0.009375
0 0.0375 0.5578125 0.0109375 0.0140625
0 0.43046875 0.53046875 0.0203125 0.025
0 0.00546875 0.56015625 0.00625 0.0140625
0 0.07265625 0.5578125 0.0109375 0.0140625
0 0.37734375 0.53671875 0.015625 0.0203125
0 0.03125 0.5609375 0.009375 0.009375
0 0.56484375 0.52578125 0.0203125 0.0328125
0 0.1859375 0.55390625 0.0203125 0.0203125
0 0.2984375 0.54609375 0.0203125 0.0203125
0 0.32421875 0.54453125 0.0203125 0.0296875
0 0.2671875 0.55078125 0.0203125 0.0203125
0 0.1140625 0.5640625 0.0109375 0.0140625
0 0.05234375 0.56796875 0.0109375 0.0140625
0 0.3546875 0.546875 0.0203125 0.025
0 0.128125 0.5625 0.015625 0.015625
0 0.096875 0.5671875 0.015625 0.015625
0 0.0453125 0.57109375 0.0109375 0.01875
0 0.228125 0.56015625 0.0203125 0.0203125
0 0.60625 0.534375 0.0203125 0.0296875
0 0.07109375 0.571875 0.0109375 0.01875
0 0.0359375 0.57421875 0.015625 0.0203125
0 0.059375 0.57265625 0.0109375 0.01875
0 0.06640625 0.57421875 0.0109375 0.0140625
0 0.00859375 0.578125 0.0109375 0.0140625
0 0.01796875 0.57734375 0.0109375 0.0140625
0 0.02734375 0.5765625 0.0109375 0.0140625
0 0.25390625 0.5609375 0.0203125 0.0203125
0 0.95390625 0.51484375 0.03125 0.0390625
0 0.1703125 0.571875 0.015625 0.0203125
0 0.73671875 0.53203125 0.034375 0.04375
0 0.20078125 0.571875 0.015625 0.0203125
0 0.134375 0.57890625 0.0109375 0.0140625
0 0.1109375 0.58046875 0.015625 0.015625
0 0.1578125 0.57734375 0.015625 0.0203125
0 0.37421875 0.5640625 0.0203125 0.0296875
0 0.3171875 0.56875 0.0203125 0.0203125
0 0.01171875 0.58984375 0.015625 0.0203125
0 0.50390625 0.5578125 0.0203125 0.0296875
0 0.0765625 0.5875 0.0109375 0.0140625
0 0.02421875 0.59375 0.0109375 0.01875
0 0.0890625 0.5890625 0.015625 0.015625
0 0.12578125 0.59140625 0.0109375 0.0140625
0 0.6203125 0.55859375 0.021875 0.0421875
0 0.034375 0.60234375 0.015625 0.0203125
0 0.04296875 0.6015625 0.015625 0.0203125
0 0.87890625 0.5453125 0.0265625 0.0375
0 0.1171875 0.59921875 0.015625 0.0203125
0 0.05703125 0.60546875 0.0109375 0.0140625
0 0.575 0.571875 0.021875 0.0375
0 0.334375 0.58828125 0.0203125 0.0203125
0 0.4359375 0.58359375 0.015625 0.0296875
0 0.12890625 0.6046875 0.015625 0.0203125
0 0.07578125 0.60859375 0.0109375 0.0140625
0 0.2265625 0.60546875 0.0203125 0.025
0 0.06484375 0.61640625 0.015625 0.0203125
0 0.24296875 0.60625 0.015625 0.025
0 0.26171875 0.60546875 0.0203125 0.025
0 0.0375 0.62109375 0.015625 0.0203125
0 0.0234375 0.621875 0.015625 0.0203125
0 0.20390625 0.61171875 0.0203125 0.0203125
0 0.67734375 0.578125 0.025 0.0328125
0 0.18046875 0.615625 0.015625 0.0203125
0 0.76484375 0.575 0.03125 0.04375
0 0.70546875 0.5828125 0.034375 0.04375
0 0.12109375 0.62578125 0.015625 0.0203125
0 0.065625 0.6296875 0.015625 0.015625
0 0.0515625 0.6328125 0.015625 0.015625
0 0.14453125 0.62890625 0.015625 0.0203125
0 0.96484375 0.5765625 0.040625 0.053125
0 0.1640625 0.634375 0.0203125 0.0296875
0 0.309375 0.62890625 0.025 0.0328125
0 0.02578125 0.64921875 0.015625 0.0203125
0 0.0578125 0.6515625 0.0203125 0.025
0 0.0765625 0.65 0.015625 0.025
0 0.125 0.646875 0.015625 0.025
0 0.26875 0.6390625 0.0203125 0.0328125
0 0.01953125 0.65859375 0.0203125 0.0296875
0 0.240625 0.64375 0.0203125 0.0296875
0 0.06171875 0.675 0.0203125 0.025
0 0.1703125 0.66953125 0.0203125 0.0296875
0 0.11953125 0.67265625 0.0203125 0.0203125
0 0.51953125 0.6453125 0.03125 0.0390625
0 0.328125 0.66328125 0.025 0.0296875
0 0.309375 0.6671875 0.0203125 0.0296875
0 0.36484375 0.66328125 0.0203125 0.0296875
0 0.46953125 0.65546875 0.025 0.0328125
0 0.559375 0.6515625 0.03125 0.053125
0 0.4140625 0.66328125 0.025 0.0328125
0 0.0390625 0.7015625 0.025 0.025
0 0.0203125 0.70703125 0.015625 0.0296875
0 0.10234375 0.7109375 0.025 0.025
0 0.6515625 0.675 0.0359375 0.0484375
0 0.1734375 0.7109375 0.0203125 0.0296875
0 0.06015625 0.71875 0.0203125 0.0296875
0 0.1390625 0.71328125 0.025 0.0296875
0 0.33125 0.70234375 0.025 0.0328125
0 0.60625 0.68984375 0.034375 0.04375
0 0.1015625 0.74140625 0.025 0.0296875
0 0.48828125 0.7328125 0.0265625 0.0421875
0 0.228125 0.7578125 0.0296875 0.034375
0 0.2625 0.75546875 0.03125 0.0390625
0 0.7984375 0.7484375 0.0359375 0.0578125
0 0.3625 0.78359375 0.03125 0.0484375
0 0.52734375 0.7921875 0.0265625 0.0421875