0 0.87890625 0.51796875 0.015625 0.015625
0 0.99453125 0.51328125 0.0109375 0.0203125
0 0.9015625 0.528125 0.0109375 0.015625
0 0.8296875 0.5375 0.0046875 0.0046875
0 0.7078125 0.55078125 0.0109375 0.0109375
0 0.6640625 0.5546875 0.009375 0.00625
0 0.8546875 0.5375 0.015625 0.015625
0 0.4796875 0.5765625 0.0046875 0.0046875
0 0.49375 0.575 0.00625 0.009375
0 0.015625 0.628125 0.00625 0.009375
0 0.6390625 0.5625 0.0109375 0.015625
0 0.68984375 0.55703125 0.00625 0.009375
0 0.5796875 0.56875 0.0046875 0.0046875
0 0.83046875 0.5421875 0.0109375 0.0109375
0 0.8140625 0.54609375 0.0109375 0.0109375
0 0.83984375 0.54375 0.0109375 0.0109375
0 0.025 0.62890625 0.0109375 0.0109375
0 0.07578125 0.62421875 0.0046875 0.0046875
0 0.7203125 0.55625 0.0109375 0.015625
0 0.9734375 0.5296875 0.0109375 0.0109375
0 0.5515625 0.57421875 0.015625 0.0203125
0 0.628125 0.565625 0.0109375 0.0109375
0 0.5421875 0.575 0.0046875 0.0046875
0 0.77578125 0.55234375 0.0046875 0.0046875
0 0.67890625 0.56328125 0.0046875 0.0046875
0 0.7 0.5609375 0.0046875 0.0046875
0 0.478125 0.584375 0.0046875 0.0046875
0 0.7875 0.5515625 0.00625 0.009375
0 0.09453125 0.62421875 0.009375 0.00625
0 0.05703125 0.628125 0.009375 0.00625
0 0.7359375 0.55703125 0.0109375 0.0109375
0 0.86953125 0.54296875 0.0109375 0.015625
0 0.98671875 0.53046875 0.0109375 0.015625
0 0.46953125 0.58515625 0.0046875 0.0046875
0 0.51328125 0.58046875 0.0046875 0.0046875
0 0.79140625 0.553125 0.00625 0.009375
0 0.1078125 0.625 0.009375 0.00625
0 0.50859375 0.5828125 0.0046875 0.0046875
0 0.53203125 0.58046875 0.0046875 0.0046875
0 0.58046875 0.57578125 0.0046875 0.0046875
0 0.6234375 0.57109375 0.0046875 0.0046875
0 0.84296875 0.54765625 0.009375 0.00625
0 0.85625 0.546875 0.015625 0.015625
0 0.94140625 0.5375 0.0203125 0.0203125
0 0.56875 0.5765625 0.0046875 0.0046875
0 0.11015625 0.625 0.0046875 0.0046875
0 0.05 0.63125 0.009375 0.00625
0 0.49453125 0.584375 0.009375 0.00625
0 0.6140625 0.571875 0.0109375 0.0109375
0 0.9625 0.5375 0.0109375 0.0109375
0 0.03515625 0.63515625 0.0109375 0.0109375
0 0.4375 0.59296875 0.00625 0.009375
0 0.771875 0.5578125 0.0109375 0.015625
0 0.3703125 0.6 0.00625 0.009375
0 0.7578125 0.559375 0.0109375 0.0109375
0 0.89140625 0.5453125 0.0109375 0.015625
0 0.203125 0.61796875 0.00625 0.0140625
0 0.08515625 0.6296875 0.0109375 0.015625
0 0.01640625 0.6375 0.0109375 0.015625
0 0.06953125 0.63203125 0.0109375 0.015625
0 0.8125 0.55390625 0.0109375 0.0109375
0 0.821875 0.55234375 0.0109375 0.0109375
0 0.0234375 0.63671875 0.0109375 0.015625
0 0.0421875 0.634375 0.00625 0.009375
0 0.4328125 0.59375 0.0046875 0.0046875
0 0.83828125 0.553125 0.0109375 0.0109375
0 0.36171875 0.603125 0.0109375 0.015625
0 0.0625 0.634375 0.009375 0.00625
0 0.53984375 0.584375 0.0046875 0.0046875
0 0.6953125 0.56796875 0.015625 0.0109375
0 0.70703125 0.5671875 0.015625 0.015625
0 0.95625 0.540625 0.0109375 0.0109375
0 0.33671875 0.60625 0.00625 0.009375
0 0.88203125 0.5484375 0.015625 0.0203125
0 0.975 0.5390625 0.00625 0.009375
0 0.5234375 0.5859375 0.0109375 0.0109375
0 0.63828125 0.57421875 0.0109375 0.015625
0 0.184375 0.621875 0.015625 0.015625
0 0.0765625 0.63359375 0.0109375 0.015625
0 0.79921875 0.559375 0.015625 0.015625
0 0.32265625 0.609375 0.0109375 0.0109375
0 0.47734375 0.59375 0.0109375 0.015625
0 0.4859375 0.59296875 0.00625 0.009375
0 0.51640625 0.5890625 0.00625 0.009375
0 0.5953125 0.58125 0.0109375 0.0109375
0 0.65 0.575 0.0109375 0.015625
0 0.03046875 0.640625 0.0109375 0.0109375
0 0.284375 0.6140625 0.0265625 0.0296875
0 0.61953125 0.57890625 0.0109375 0.0109375
0 0.7171875 0.56796875 0.015625 0.015625
0 0.0953125 0.6359375 0.0109375 0.0109375
0 0.11796875 0.63359375 0.0109375 0.015625
0 0.7859375 0.56328125 0.0109375 0.015625
0 0.30703125 0.6140625 0.00625 0.009375
0 0.440625 0.6 0.0046875 0.0046875
0 0.5328125 0.58984375 0.0109375 0.0109375
0 0.57421875 0.5859375 0.00625 0.009375
0 0.5859375 0.584375 0.0109375 0.015625
0 0.6296875 0.5796875 0.0109375 0.0109375
0 0.34921875 0.609375 0.00625 0.009375
0 0.05859375 0.63984375 0.0109375 0.015625
0 0.9984375 0.5421875 0.003125 0.015625
0 0.31171875 0.61484375 0.0046875 0.0046875
0 0.51953125 0.59296875 0.0046875 0.0046875
0 0.66015625 0.578125 0.0109375 0.015625
0 0.68203125 0.57578125 0.015625 0.015625
0 0.9015625 0.553125 0.015625 0.0203125
0 0.46875 0.5984375 0.0109375 0.0203125
0 0.01953125 0.6453125 0.0140625 0.00625
0 0.76328125 0.5671875 0.0109375 0.0109375
0 0.4984375 0.5953125 0.0109375 0.0109375
0 0.66875 0.57734375 0.0109375 0.015625
0 0.940625 0.55078125 0.0109375 0.015625
0 0.51015625 0.59609375 0.0109375 0.015625
0 0.8046875 0.565625 0.015625 0.0109375
0 0.96875 0.5484375 0.015625 0.0203125
0 0.33984375 0.6140625 0.00625 0.009375
0 0.95703125 0.54921875 0.0109375 0.015625
0 0.17578125 0.63125 0.0109375 0.0203125
0 0.45 0.60234375 0.00625 0.009375
0 0.73046875 0.5734375 0.0109375 0.015625
0 0.8625 0.56171875 0.0203125 0.015625
0 0.37890625 0.6125 0.00625 0.009375
0 0.425 0.6078125 0.0109375 0.015625
0 0.44375 0.60546875 0.00625 0.009375
0 0.34921875 0.615625 0.0109375 0.0109375
0 0.05390625 0.646875 0.0109375 0.015625
0 0.775 0.57109375 0.0109375 0.0109375
0 0.20390625 0.63046875 0.0109375 0.015625
0 0.37421875 0.61328125 0.0109375 0.015625
0 0.4875 0.603125 0.0109375 0.015625
0 0.103125 0.64375 0.015625 0.015625
0 0.99609375 0.5515625 0.0078125 0.015625
0 0.32421875 0.62265625 0.009375 0.00625
0 0.33828125 0.62109375 0.00625 0.009375
0 0.7 0.58359375 0.015625 0.015625
0 0.915625 0.5609375 0.015625 0.015625
0 0.40078125 0.61484375 0.0109375 0.0109375
0 0.30546875 0.625 0.00625 0.009375
0 0.64921875 0.5890625 0.0109375 0.0109375
0 0.2 0.6359375 0.0109375 0.015625
0 0.3890625 0.61640625 0.0109375 0.0109375
0 0.41484375 0.61328125 0.0109375 0.015625
0 0.5796875 0.59609375 0.0203125 0.0203125
0 0.52734375 0.60390625 0.0109375 0.015625
0 0.95078125 0.559375 0.015625 0.0203125
0 0.6609375 0.58984375 0.0109375 0.0109375
0 0.9828125 0.55625 0.0171875 0.025
0 0.5203125 0.6046875 0.0109375 0.015625
0 0.0734375 0.6515625 0.015625 0.015625
0 0.0875 0.65 0.015625 0.0203125
0 0.03515625 0.6578125 0.025 0.021875
0 0.24375 0.6359375 0.0109375 0.015625
0 0.32265625 0.628125 0.0109375 0.0109375
0 0.43515625 0.615625 0.0109375 0.015625
0 0.4953125 0.609375 0.015625 0.015625
0 0.11015625 0.65 0.0203125 0.015625
0 0.33203125 0.6265625 0.00625 0.0140625
0 0.0625 0.65546875 0.015625 0.015625
0 0.74140625 0.58359375 0.0203125 0.0203125
0 0.0234375 0.659375 0.0109375 0.015625
0 0.35703125 0.62421875 0.0109375 0.015625
0 0.6171875 0.596875 0.015625 0.0203125
0 0.19140625 0.64140625 0.0171875 0.025
0 0.05078125 0.65625 0.0109375 0.015625
0 0.51171875 0.6078125 0.0109375 0.015625
0 0.55234375 0.60390625 0.00625 0.0140625
0 0.42109375 0.61953125 0.0109375 0.015625
0 0.76484375 0.58359375 0.021875 0.025
0 0.56875 0.60390625 0.0203125 0.015625
0 0.6265625 0.5984375 0.015625 0.015625
0 0.021875 0.66640625 0.0171875 0.0328125
0 0.82265625 0.58203125 0.0109375 0.0203125
0 0.915625 0.57265625 0.0203125 0.0203125
0 0.721875 0.59296875 0.015625 0.015625
0 0.896875 0.57421875 0.015625 0.0203125
0 0.78671875 0.5859375 0.0203125 0.0203125
0 0.396875 0.62734375 0.0109375 0.0109375
0 0.40625 0.62578125 0.00625 0.009375
0 0.67265625 0.5984375 0.015625 0.0203125
0 0.1734375 0.653125 0.0203125 0.015625
0 0.25234375 0.64453125 0.015625 0.0203125
0 0.521875 0.61640625 0.0109375 0.015625
0 0.45 0.62421875 0.015625 0.0203125
0 0.32109375 0.6375 0.0109375 0.0109375
0 0.38828125 0.63046875 0.0109375 0.015625
0 0.48046875 0.6203125 0.015625 0.0203125
0 0.6921875 0.5984375 0.015625 0.0203125
0 0.46640625 0.62421875 0.015625 0.0203125
0 0.77734375 0.5921875 0.0109375 0.015625
0 0.88125 0.58125 0.03125 0.034375
0 0.96875 0.571875 0.0171875 0.025
0 0.35390625 0.6359375 0.0109375 0.015625
0 0.37421875 0.634375 0.0109375 0.0109375
0 0.41640625 0.6296875 0.0109375 0.015625
0 0.59140625 0.61171875 0.015625 0.015625
0 0.084375 0.66484375 0.0203125 0.015625
0 0.3421875 0.6375 0.015625 0.015625
0 0.4984375 0.62109375 0.015625 0.0203125
0 0.5359375 0.6171875 0.015625 0.015625
0 0.54453125 0.61640625 0.015625 0.0203125
0 0.80703125 0.59140625 0.0265625 0.034375
0 0.22578125 0.6546875 0.015625 0.0203125
0 0.3125 0.6453125 0.0109375 0.0109375
0 0.059375 0.671875 0.015625 0.0203125
0 0.99140625 0.57265625 0.0171875 0.0203125
0 0.91640625 0.584375 0.015625 0.0203125
0 0.603125 0.6171875 0.0109375 0.015625
0 0.709375 0.60625 0.021875 0.034375
0 0.83359375 0.59296875 0.021875 0.025
0 0.2 0.659375 0.0171875 0.0296875
0 0.3609375 0.64296875 0.0109375 0.015625
0 0.37265625 0.64140625 0.0109375 0.0109375
0 0.43046875 0.63515625 0.0109375 0.0109375
0 0.7453125 0.60234375 0.025 0.021875
0 0.1125 0.66875 0.0265625 0.0296875
0 0.04609375 0.67578125 0.0203125 0.0203125
0 0.67890625 0.61171875 0.0203125 0.015625
0 0.57578125 0.62265625 0.0203125 0.0203125
0 0.728125 0.60859375 0.015625 0.015625
0 0.028125 0.68203125 0.015625 0.015625
0 0.446875 0.63828125 0.015625 0.015625
0 0.5640625 0.62578125 0.015625 0.0203125
0 0.61953125 0.6203125 0.021875 0.025
0 0.65703125 0.61640625 0.021875 0.0296875
0 0.3875 0.646875 0.015625 0.0203125
0 0.640625 0.6203125 0.021875 0.034375
0 0.47734375 0.6375 0.0109375 0.015625
0 0.796875 0.60625 0.0171875 0.025
0 0.171875 0.671875 0.021875 0.025
0 0.95625 0.58984375 0.0359375 0.040625
0 0.528125 0.634375 0.015625 0.015625
0 0.51484375 0.63828125 0.015625 0.0203125
0 0.5421875 0.63515625 0.015625 0.015625
0 0.49140625 0.640625 0.0203125 0.0203125
0 0.08671875 0.68359375 0.021875 0.0296875
0 0.3765625 0.653125 0.015625 0.015625
0 0.46640625 0.64375 0.0109375 0.0109375
0 0.90625 0.59921875 0.015625 0.0203125
0 0.775 0.61328125 0.0265625 0.0296875
0 0.82109375 0.60859375 0.025 0.021875
0 0.39765625 0.653125 0.0109375 0.0203125
0 0.43203125 0.64921875 0.0109375 0.0203125
0 0.31875 0.6609375 0.00625 0.009375
0 0.35390625 0.6578125 0.0171875 0.025
0 0.59375 0.634375 0.021875 0.0296875
0 0.21875 0.6765625 0.025 0.021875
0 0.3359375 0.6640625 0.021875 0.034375
0 0.4046875 0.65703125 0.0171875 0.025
0 0.2 0.678125 0.025 0.0171875
0 0.92734375 0.6046875 0.021875 0.0296875
0 0.69296875 0.62890625 0.025 0.025
0 0.4171875 0.66015625 0.021875 0.0296875
0 0.57578125 0.64375 0.0203125 0.0203125
0 0.75078125 0.625 0.0203125 0.0203125
0 0.2484375 0.68046875 0.0296875 0.0171875
0 0.559375 0.64765625 0.021875 0.025
0 0.184375 0.68984375 0.015625 0.015625
0 0.6125 0.64453125 0.0265625 0.0296875
0 0.87734375 0.61640625 0.028125 0.04375
0 0.98828125 0.6046875 0.0234375 0.034375
0 0.1640625 0.69140625 0.0109375 0.0203125
0 0.38515625 0.66875 0.0171875 0.025
0 0.45859375 0.6625 0.015625 0.0203125
0 0.5234375 0.65546875 0.0203125 0.0203125
0 0.84140625 0.621875 0.021875 0.0296875
0 0.53515625 0.65390625 0.015625 0.015625
0 0.47578125 0.6625 0.0265625 0.0296875
0 0.2015625 0.69140625 0.0203125 0.0203125
0 0.3234375 0.68125 0.021875 0.025
0 0.90625 0.61953125 0.0203125 0.0203125
0 0.66015625 0.64609375 0.025 0.025
0 0.11328125 0.703125 0.03125 0.03125
0 0.25234375 0.690625 0.021875 0.025
0 0.4046875 0.67734375 0.025 0.021875
0 0.82578125 0.6328125 0.03125 0.03125
0 0.72734375 0.64375 0.0265625 0.0296875
0 0.2234375 0.6984375 0.0203125 0.0203125
0 0.3703125 0.68359375 0.0265625 0.034375
0 0.796875 0.63828125 0.021875 0.025
0 0.034375 0.71875 0.0328125 0.04375
0 0.6375 0.65546875 0.0203125 0.0203125
0 0.78046875 0.6421875 0.025 0.021875
0 0.2046875 0.703125 0.0203125 0.0203125
0 0.06171875 0.71796875 0.0453125 0.05
0 0.49453125 0.675 0.025 0.025
0 0.18203125 0.7078125 0.025 0.021875
0 0.596875 0.66640625 0.025 0.025
0 0.971875 0.62734375 0.03125 0.03125
0 0.578125 0.67109375 0.015625 0.0203125
0 0.91953125 0.63515625 0.03125 0.03125
0 0.396875 0.68984375 0.0203125 0.0203125
0 0.553125 0.678125 0.0265625 0.034375
0 0.6640625 0.66640625 0.0203125 0.0203125
0 0.5078125 0.6828125 0.021875 0.025
0 0.23359375 0.71171875 0.015625 0.0203125
0 0.75390625 0.65703125 0.0265625 0.0296875
0 0.2796875 0.70703125 0.0375 0.053125
0 0.84609375 0.65 0.021875 0.0296875
0 0.3375 0.70546875 0.021875 0.034375
0 0.68984375 0.67109375 0.028125 0.04375
0 0.46484375 0.696875 0.0265625 0.0390625
0 0.63046875 0.6796875 0.0265625 0.034375
0 0.209375 0.7234375 0.03125 0.034375
0 0.715625 0.6703125 0.0359375 0.0484375
0 0.121875 0.73515625 0.03125 0.03125
0 0.41953125 0.70390625 0.0265625 0.034375
0 0.53203125 0.6921875 0.0453125 0.040625
0 0.77421875 0.66953125 0.0328125 0.04375
0 0.446875 0.70625 0.0328125 0.04375
0 0.30859375 0.7203125 0.025 0.025
0 0.38984375 0.7140625 0.021875 0.034375
0 0.4015625 0.71328125 0.015625 0.0203125
0 0.98203125 0.6546875 0.03125 0.03125
0 0.996875 0.65546875 0.00625 0.0390625
0 0.615625 0.6953125 0.03125 0.0390625
0 0.2640625 0.734375 0.0359375 0.04375
0 0.5859375 0.70078125 0.040625 0.040625
0 0.92890625 0.6671875 0.0546875 0.046875
0 0.18125 0.7453125 0.0328125 0.04375
0 0.665625 0.696875 0.0359375 0.04375
0 0.2046875 0.74765625 0.0265625 0.034375
0 0.74609375 0.69296875 0.0328125 0.04375
0 0.5515625 0.72265625 0.0453125 0.05
0 0.4984375 0.73046875 0.0421875 0.059375
0 0.26015625 0.76484375 0.0359375 0.040625
0 0.30859375 0.76171875 0.046875 0.059375
0 0.1359375 0.78046875 0.028125 0.04375
0 0.98515625 0.6921875 0.0296875 0.0375
0 0.7375 0.71953125 0.040625 0.0453125
0 0.4703125 0.75 0.0328125 0.04375
0 0.59296875 0.74140625 0.0328125 0.0484375
0 0.82109375 0.725 0.059375 0.084375
0 0.190625 0.790625 0.0359375 0.0484375
0 0.62109375 0.7484375 0.0328125 0.04375
0 0.3796875 0.77578125 0.0625 0.075
0 0.06640625 0.8078125 0.0796875 0.0640625
0 0.93046875 0.7203125 0.0421875 0.0640625
0 0.78125 0.740625 0.040625 0.05
0 0.284375 0.79296875 0.0359375 0.0359375
0 0.428125 0.78984375 0.0265625 0.034375
0 0.49296875 0.78671875 0.03125 0.03125
0 0.23125 0.8234375 0.0484375 0.06875
0 0.5765625 0.7875 0.0390625 0.0671875
0 0.7515625 0.7734375 0.0515625 0.0546875
0 0.28671875 0.84140625 0.0484375 0.0734375
0 0.07734375 0.865625 0.0609375 0.0609375
0 0.540625 0.821875 0.0609375 0.0984375
0 0.6890625 0.80859375 0.05 0.0921875
0 0.98984375 0.7796875 0.0203125 0.10625
0 0.6296875 0.8328125 0.05 0.0828125
0 0.4171875 0.86484375 0.0609375 0.10625
0 0.18515625 0.89375 0.0734375 0.0953125
0 0.5078125 0.8625 0.0796875 0.103125
0 0.84609375 0.82890625 0.06875 0.084375
0 0.91328125 0.82421875 0.046875 0.0640625
0 0.77109375 0.84375 0.0578125 0.0703125
0 0.08359375 0.925 0.0875 0.053125
0 0.59609375 0.88125 0.071875 0.0390625