0 0.36875 0.10546875 0.021875 0.0265625
0 0.6734375 0.14765625 0.0234375 0.034375
0 0.5171875 0.13046875 0.021875 0.0296875
0 0.6578125 0.15546875 0.021875 0.0265625
0 0.41953125 0.121875 0.028125 0.034375
0 0.284375 0.10546875 0.0328125 0.0359375
0 0.98359375 0.203125 0.021875 0.0296875
0 0.38984375 0.1203125 0.0171875 0.025
0 0.11875 0.084375 0.0234375 0.034375
0 0.55390625 0.14765625 0.0234375 0.034375
0 0.60625 0.1578125 0.0234375 0.034375
0 0.934375 0.20390625 0.021875 0.0296875
0 0.99609375 0.21484375 0.0078125 0.0296875
0 0.0703125 0.084375 0.0171875 0.0203125
0 0.56953125 0.1546875 0.0171875 0.025
0 0.353125 0.1640625 0.021875 0.0265625
0 0.47734375 0.18125 0.021875 0.021875
0 0.1859375 0.14296875 0.0234375 0.034375
0 0.8265625 0.23515625 0.021875 0.0296875
0 0.8546875 0.2390625 0.021875 0.0296875
0 0.66640625 0.21484375 0.0171875 0.0203125
0 0.67890625 0.2234375 0.021875 0.0296875
0 0.6984375 0.23359375 0.028125 0.034375
0 0.3484375 0.2 0.021875 0.0265625
0 0.240625 0.18515625 0.0203125 0.0171875
0 0.9203125 0.28515625 0.0265625 0.03125
0 0.178125 0.18125 0.021875 0.0265625
0 0.0828125 0.17265625 0.021875 0.0296875
0 0.215625 0.19140625 0.0234375 0.034375
0 0.76875 0.26875 0.0265625 0.03125
0 0.65390625 0.2546875 0.028125 0.034375
0 0.1953125 0.190625 0.021875 0.0265625
0 0.3328125 0.21015625 0.021875 0.0296875
0 0.13984375 0.18515625 0.021875 0.021875
0 0.06484375 0.17421875 0.0234375 0.034375
0 0.490625 0.234375 0.0171875 0.025
0 0.72421875 0.2671875 0.0328125 0.0359375
0 0.59375 0.24921875 0.021875 0.0265625
0 0.521875 0.24140625 0.021875 0.0296875
0 0.2453125 0.20234375 0.021875 0.021875
0 0.61640625 0.2546875 0.028125 0.0390625
0 0.55703125 0.2484375 0.0328125 0.0359375
0 0.04765625 0.1765625 0.0171875 0.0296875
0 0.703125 0.26875 0.0265625 0.03125
0 0.27890625 0.209375 0.021875 0.0265625
0 0.78984375 0.28359375 0.028125 0.034375
0 0.6734375 0.2671875 0.021875 0.0296875
0 0.746875 0.27734375 0.0265625 0.03125
0 0.88125 0.2984375 0.0234375 0.034375
0 0.9921875 0.31484375 0.015625 0.0296875
0 0.16875 0.1984375 0.021875 0.0265625
0 0.94296875 0.30703125 0.0234375 0.034375
0 0.89453125 0.303125 0.021875 0.0296875
0 0.078125 0.18828125 0.021875 0.021875
0 0.475 0.24609375 0.0265625 0.03125
0 0.121875 0.196875 0.01875 0.034375
0 0.3828125 0.23359375 0.0234375 0.034375
0 0.30078125 0.22421875 0.0328125 0.0359375
0 0.35078125 0.23125 0.0265625 0.0265625
0 0.421875 0.24140625 0.028125 0.034375
0 0.24765625 0.2171875 0.021875 0.0265625
0 0.815625 0.29921875 0.021875 0.0265625
0 0.39765625 0.2453125 0.0265625 0.03125
0 0.43984375 0.25078125 0.028125 0.034375
0 0.6453125 0.2796875 0.0328125 0.040625
0 0.228125 0.22109375 0.0265625 0.021875
0 0.46640625 0.2546875 0.0265625 0.03125
0 0.13828125 0.2109375 0.028125 0.034375
0 0.19765625 0.221875 0.0265625 0.03125
0 0.1609375 0.21640625 0.0234375 0.034375
0 0.6015625 0.278125 0.0234375 0.034375
0 0.91484375 0.325 0.0328125 0.040625
0 0.7515625 0.3015625 0.0265625 0.03125
0 0.94453125 0.33125 0.0265625 0.03125
0 0.69453125 0.29609375 0.0328125 0.0359375
0 0.80703125 0.3140625 0.0171875 0.025
0 0.31171875 0.24453125 0.0171875 0.025
0 0.8453125 0.321875 0.028125 0.034375
0 0.07734375 0.2140625 0.021875 0.0296875
0 0.25546875 0.24140625 0.021875 0.0265625
0 0.23046875 0.23828125 0.021875 0.0296875
0 0.51015625 0.27734375 0.0265625 0.03125
0 0.7328125 0.30859375 0.028125 0.034375
0 0.0421875 0.21796875 0.0171875 0.025
0 0.328125 0.2578125 0.0265625 0.03125
0 0.28671875 0.25234375 0.0296875 0.04375
0 0.34140625 0.2625 0.028125 0.034375
0 0.39921875 0.2703125 0.0328125 0.040625
0 0.1921875 0.24375 0.0265625 0.03125
0 0.79765625 0.32890625 0.028125 0.0390625
0 0.87890625 0.3453125 0.0328125 0.040625
0 0.92578125 0.3515625 0.021875 0.0265625
0 0.12109375 0.23828125 0.034375 0.0453125
0 0.48046875 0.2890625 0.0328125 0.040625
0 0.6796875 0.321875 0.0328125 0.0359375
0 0.7453125 0.33359375 0.0265625 0.03125
0 0.5296875 0.30546875 0.028125 0.0390625
0 0.43125 0.29375 0.0265625 0.03125
0 0.240625 0.26953125 0.0375 0.0453125
0 0.77421875 0.34453125 0.028125 0.034375
0 0.29921875 0.2828125 0.034375 0.0453125
0 0.98046875 0.378125 0.0234375 0.034375
0 0.896875 0.36875 0.0328125 0.0359375
0 0.96171875 0.378125 0.0234375 0.034375
0 0.13359375 0.26171875 0.0328125 0.040625
0 0.621875 0.33046875 0.0375 0.0453125
0 0.0828125 0.25703125 0.0375 0.0453125
0 0.2703125 0.28515625 0.0328125 0.040625
0 0.66953125 0.34140625 0.0421875 0.05
0 0.9328125 0.37890625 0.034375 0.0453125
0 0.49453125 0.31953125 0.034375 0.0546875
0 0.38203125 0.30625 0.034375 0.05
0 0.81484375 0.36875 0.0328125 0.0359375
0 0.87109375 0.384375 0.0328125 0.040625
0 0.190625 0.28828125 0.0375 0.05
0 0.35703125 0.31875 0.0375 0.05
0 0.5453125 0.3453125 0.0375 0.0453125
0 0.84375 0.3984375 0.04375 0.0546875
0 0.27734375 0.3234375 0.05625 0.053125
0 0.71953125 0.3859375 0.0421875 0.05
0 0.75859375 0.39140625 0.028125 0.0390625
0 0.4296875 0.34765625 0.0421875 0.046875
0 0.5953125 0.37265625 0.034375 0.05
0 0.03984375 0.29765625 0.0390625 0.059375
0 0.09375 0.31640625 0.028125 0.0390625
0 0.1140625 0.321875 0.0484375 0.0609375
0 0.47578125 0.375 0.0390625 0.059375
0 0.98125 0.45546875 0.0375 0.0640625
0 0.94765625 0.45546875 0.04375 0.0546875
0 0.42421875 0.38671875 0.0421875 0.046875
0 0.76875 0.43515625 0.04375 0.0546875
0 0.1578125 0.35625 0.0359375 0.0640625
0 0.19453125 0.36328125 0.0390625 0.0546875
0 0.72578125 0.440625 0.0421875 0.05
0 0.8625 0.48046875 0.059375 0.071875
0 0.81171875 0.47578125 0.034375 0.05
0 0.9171875 0.490625 0.0296875 0.0484375
0 0.6265625 0.46171875 0.0546875 0.075
0 0.22578125 0.40546875 0.04375 0.0546875
0 0.97890625 0.52734375 0.0421875 0.0921875
0 0.725 0.4921875 0.04375 0.059375
0 0.9453125 0.528125 0.0546875 0.075
0 0.45703125 0.47265625 0.0546875 0.0703125
0 0.41015625 0.47109375 0.0515625 0.0796875
0 0.66015625 0.52265625 0.065625 0.0859375
0 0.8421875 0.56015625 0.05625 0.084375
0 0.81015625 0.55546875 0.05 0.0703125
0 0.36328125 0.4921875 0.0609375 0.0859375
0 0.025 0.46953125 0.05 0.0703125
0 0.315625 0.56328125 0.071875 0.0953125
0 0.0375 0.53828125 0.075 0.1203125
0 0.87734375 0.71171875 0.103125 0.1265625
0 0.76484375 0.7453125 0.103125 0.121875
0 0.5625 0.7328125 0.0875 0.1109375
0 0.23359375 0.03515625 0.021875 0.0296875
0 0.7328125 0.86953125 0.1203125 0.125
0 0.0578125 0.77734375 0.115625 0.1359375
0 0.53515625 0.88359375 0.10625 0.0828125
0 0.3234375 0.06171875 0.028125 0.034375
0 0.3 0.0609375 0.028125 0.034375