0 0.365625 0.6125 0.0265625 0.03125
0 0.303125 0.6328125 0.028125 0.0390625
0 0.625 0.58984375 0.0375 0.040625
0 0.4421875 0.62265625 0.040625 0.0328125
0 0.06015625 0.68125 0.028125 0.034375
0 0.49296875 0.6203125 0.0171875 0.025
0 0.56640625 0.609375 0.0171875 0.025
0 0.728125 0.58984375 0.0234375 0.034375
0 0.459375 0.62734375 0.0234375 0.034375
0 0.4828125 0.6265625 0.0171875 0.0203125
0 0.69140625 0.59921875 0.0171875 0.0203125
0 0.38203125 0.64296875 0.028125 0.0390625
0 0.99375 0.55703125 0.0109375 0.015625
0 0.76484375 0.5890625 0.04375 0.0546875
0 0.2515625 0.66328125 0.03125 0.03125
0 0.36015625 0.6484375 0.028125 0.034375
0 0.5984375 0.61484375 0.0171875 0.0203125
0 0.9625 0.56328125 0.0109375 0.0109375
0 0.18984375 0.671875 0.0484375 0.05625
0 0.53359375 0.6234375 0.00625 0.009375
0 0.4078125 0.64375 0.0375 0.040625
0 0.5390625 0.62578125 0.0171875 0.0203125
0 0.996875 0.56015625 0.00625 0.0109375
0 0.3390625 0.65390625 0.0265625 0.0265625
0 0.5796875 0.61953125 0.0234375 0.034375
0 0.878125 0.578125 0.0171875 0.0203125
0 0.9875 0.5625 0.0046875 0.0046875
0 0.81640625 0.5890625 0.0109375 0.0109375
0 0.84140625 0.58515625 0.0109375 0.0109375
0 0.92578125 0.5734375 0.00625 0.009375
0 0.93984375 0.571875 0.00625 0.009375
0 0.9515625 0.56953125 0.0109375 0.0109375
0 0.67265625 0.609375 0.0109375 0.0109375
0 0.9328125 0.57265625 0.0109375 0.015625
0 0.97734375 0.56640625 0.00625 0.009375
0 0.51640625 0.63359375 0.0171875 0.0203125
0 0.83046875 0.5890625 0.0109375 0.0109375
0 0.9828125 0.5703125 0.00625 0.009375
0 0.68125 0.6125 0.00625 0.009375
0 0.86015625 0.5875 0.015625 0.015625
0 0.69765625 0.61015625 0.021875 0.0265625
0 0.9640625 0.57265625 0.0109375 0.0109375
0 0.9296875 0.58046875 0.0046875 0.0046875
0 0.2765625 0.67421875 0.0234375 0.034375
0 0.903125 0.58828125 0.0328125 0.0359375
0 0.81796875 0.60078125 0.015625 0.015625
0 0.84375 0.59921875 0.0109375 0.015625
0 0.9953125 0.5765625 0.009375 0.021875
0 0.94765625 0.59375 0.0265625 0.021875
0 0.97109375 0.5921875 0.021875 0.021875
0 0.63671875 0.64140625 0.04375 0.059375
0 0.82734375 0.61484375 0.0171875 0.025
0 0.225 0.70234375 0.0265625 0.0265625