0 0.51015625 0.5359375 0.0109375 0.0109375
0 0.534375 0.5390625 0.0109375 0.0109375
0 0.43359375 0.52890625 0.0046875 0.0046875
0 0.490625 0.5359375 0.0109375 0.015625
0 0.46328125 0.53515625 0.00625 0.009375
0 0.16640625 0.4984375 0.0109375 0.015625
0 0.3734375 0.5234375 0.0109375 0.015625
0 0.3875 0.52578125 0.0109375 0.015625
0 0.39921875 0.52734375 0.0109375 0.0203125
0 0.42421875 0.5296875 0.0109375 0.0203125
0 0.25625 0.51171875 0.0109375 0.015625
0 0.315625 0.52109375 0.00625 0.009375
0 0.325 0.52265625 0.0109375 0.0109375
0 0.36328125 0.52734375 0.00625 0.01875
0 0.04609375 0.48828125 0.0109375 0.0203125
0 0.175 0.50390625 0.0171875 0.0296875
0 0.203125 0.5078125 0.015625 0.0203125
0 0.215625 0.51171875 0.0109375 0.0203125
0 0.3515625 0.528125 0.0109375 0.015625
0 0.2390625 0.5140625 0.0125 0.0296875
0 0.15390625 0.50625 0.0203125 0.0203125
0 0.01171875 0.4890625 0.015625 0.015625
0 0.2625 0.51953125 0.0171875 0.025
0 0.56796875 0.55703125 0.0171875 0.025
0 0.77890625 0.5828125 0.0171875 0.025
0 0.22734375 0.51796875 0.015625 0.0203125
0 0.61328125 0.56484375 0.021875 0.0296875
0 0.00625 0.48984375 0.0125 0.0296875
0 0.8015625 0.58828125 0.025 0.021875
0 0.51484375 0.55546875 0.0109375 0.015625
0 0.303125 0.5296875 0.0171875 0.0328125
0 0.65390625 0.57265625 0.015625 0.0203125
0 0.28125 0.52890625 0.015625 0.0203125
0 0.32109375 0.53359375 0.0109375 0.0109375
0 0.38984375 0.5421875 0.021875 0.034375
0 0.13515625 0.5109375 0.0171875 0.0296875
0 0.553125 0.5625 0.0109375 0.015625
0 0.37109375 0.5421875 0.0109375 0.015625
0 0.72265625 0.5859375 0.0171875 0.0296875
0 0.43984375 0.55078125 0.0109375 0.0203125
0 0.1046875 0.509375 0.028125 0.0390625
0 0.7640625 0.59296875 0.021875 0.0296875
0 0.20546875 0.52421875 0.015625 0.0203125
0 0.071875 0.51015625 0.0171875 0.0296875
0 0.2515625 0.5328125 0.0171875 0.0296875
0 0.73828125 0.59453125 0.0171875 0.0296875
0 0.7859375 0.60078125 0.021875 0.0296875
0 0.02734375 0.50703125 0.015625 0.0203125
0 0.70625 0.590625 0.021875 0.0296875
0 0.45078125 0.559375 0.0125 0.025
0 0.08515625 0.51640625 0.021875 0.034375
0 0.2640625 0.54140625 0.0125 0.025
0 0.62734375 0.5859375 0.021875 0.0296875
0 0.83203125 0.6109375 0.0328125 0.040625
0 0.53984375 0.575 0.015625 0.0203125
0 0.34609375 0.55390625 0.015625 0.015625
0 0.58984375 0.58359375 0.0171875 0.0296875
0 0.79609375 0.6109375 0.03125 0.0359375
0 0.40546875 0.56328125 0.021875 0.034375
0 0.67734375 0.596875 0.0171875 0.0296875
0 0.66015625 0.596875 0.0203125 0.0203125
0 0.57109375 0.58828125 0.0109375 0.0203125
0 0.325 0.56015625 0.0171875 0.025
0 0.375 0.56640625 0.0171875 0.0296875
0 0.51796875 0.584375 0.021875 0.0296875
0 0.4890625 0.5875 0.034375 0.053125
0 0.20234375 0.55234375 0.0234375 0.0390625
0 0.36015625 0.571875 0.021875 0.0296875
0 0.5484375 0.59765625 0.021875 0.025
0 0.60546875 0.60703125 0.021875 0.034375
0 0.15703125 0.553125 0.0328125 0.0484375
0 0.2265625 0.56171875 0.03125 0.03125
0 0.3359375 0.57734375 0.0234375 0.0390625
0 0.6328125 0.61640625 0.0171875 0.0296875
0 0.26796875 0.57109375 0.0328125 0.040625
0 0.71484375 0.62890625 0.0328125 0.04375
0 0.87109375 0.64765625 0.0171875 0.0328125
0 0.85 0.64765625 0.034375 0.0578125
0 0.5671875 0.61796875 0.0234375 0.0390625
0 0.6515625 0.628125 0.021875 0.0296875
0 0.10703125 0.56328125 0.046875 0.0546875
0 0.42890625 0.60546875 0.0328125 0.0484375
0 0.01953125 0.5546875 0.0390625 0.065625
0 0.30703125 0.590625 0.0328125 0.040625
0 0.52890625 0.62265625 0.0328125 0.0484375
0 0.2875 0.5953125 0.0171875 0.0296875
0 0.8015625 0.66796875 0.0484375 0.0640625
0 0.05859375 0.57890625 0.0625 0.0984375
0 0.59609375 0.64921875 0.04375 0.0640625
0 0.26015625 0.61328125 0.0328125 0.04375
0 0.63359375 0.6703125 0.04375 0.059375
0 0.6859375 0.6796875 0.0484375 0.06875
0 0.21796875 0.628125 0.0546875 0.0796875
0 0.878125 0.709375 0.0453125 0.078125
0 0.909375 0.7203125 0.0515625 0.0921875
0 0.4484375 0.66875 0.0484375 0.06875
0 0.83046875 0.715625 0.0328125 0.0484375
0 0.365625 0.665625 0.065625 0.0984375
0 0.55625 0.71015625 0.0484375 0.06875
0 0.93046875 0.75625 0.065625 0.0890625
0 0.61484375 0.721875 0.04375 0.06875
0 0.10234375 0.6984375 0.059375 0.084375
0 0.275 0.73828125 0.0984375 0.1703125
0 0.8203125 0.8890625 0.1328125 0.196875
0 0.5453125 0.871875 0.1 0.1484375
0 0.2859375 0.93359375 0.165625 0.1015625