0 0.5578125 0.415625 0.03125 0.0390625
0 0.70390625 0.41484375 0.03125 0.03125
0 0.734375 0.4140625 0.0359375 0.04375
0 0.48515625 0.4359375 0.0203125 0.025
0 0.18125 0.46953125 0.03125 0.0390625
0 0.43046875 0.4484375 0.028125 0.0484375
0 0.21796875 0.46875 0.0359375 0.0484375
0 0.31328125 0.46328125 0.03125 0.03125
0 0.50234375 0.44609375 0.0203125 0.025
0 0.55078125 0.44453125 0.0265625 0.0390625
0 0.675 0.43359375 0.03125 0.0390625
0 0.59921875 0.440625 0.021875 0.0375
0 0.58984375 0.44375 0.0125 0.0328125
0 0.24921875 0.4734375 0.0265625 0.0296875
0 0.80703125 0.42421875 0.03125 0.04375
0 0.34140625 0.46796875 0.021875 0.0328125
0 0.090625 0.48984375 0.0265625 0.034375
0 0.40859375 0.4640625 0.0328125 0.0484375
0 0.8609375 0.4265625 0.03125 0.03125
0 0.353125 0.47109375 0.021875 0.0296875
0 0.565625 0.45234375 0.021875 0.0328125
0 0.16875 0.4875 0.0203125 0.025
0 0.70859375 0.43984375 0.03125 0.03125
0 0.628125 0.446875 0.0203125 0.025
0 0.52265625 0.45859375 0.0265625 0.04375
0 0.6515625 0.44765625 0.021875 0.0421875
0 0.45546875 0.4671875 0.0265625 0.0390625
0 0.49921875 0.465625 0.0265625 0.04375
0 0.14921875 0.4984375 0.0265625 0.04375
0 0.29375 0.4859375 0.0265625 0.034375
0 0.10703125 0.50234375 0.021875 0.0296875
0 0.2625 0.4921875 0.0203125 0.025
0 0.46953125 0.4765625 0.0265625 0.034375
0 0.378125 0.48515625 0.0265625 0.0296875
0 0.61796875 0.4640625 0.0265625 0.04375
0 0.5390625 0.47265625 0.03125 0.04375
0 0.66875 0.4640625 0.03125 0.04375
0 0.32109375 0.49921875 0.0265625 0.04375
0 0.6390625 0.47109375 0.021875 0.0296875
0 0.89375 0.45390625 0.0375 0.0578125
0 0.13203125 0.5203125 0.0203125 0.025
0 0.80078125 0.46171875 0.03125 0.0390625
0 0.08203125 0.52734375 0.03125 0.0390625
0 0.85625 0.459375 0.0375 0.0578125
0 0.28046875 0.5125 0.028125 0.0484375
0 0.31328125 0.51640625 0.0375 0.0578125
0 0.203125 0.528125 0.03125 0.04375
0 0.78359375 0.47734375 0.03125 0.034375
0 0.7171875 0.4859375 0.0359375 0.0484375
0 0.25703125 0.5328125 0.0328125 0.053125
0 0.33515625 0.5265625 0.021875 0.0328125
0 0.10234375 0.54921875 0.0359375 0.053125
0 0.4875 0.5171875 0.0328125 0.0484375
0 0.4578125 0.52265625 0.040625 0.053125
0 0.66953125 0.50390625 0.0359375 0.0484375
0 0.5109375 0.5203125 0.028125 0.0484375
0 0.64296875 0.51328125 0.034375 0.034375
0 0.16328125 0.5578125 0.03125 0.04375
0 0.74453125 0.50703125 0.03125 0.0390625
0 0.2375 0.55390625 0.0359375 0.053125
0 0.21953125 0.55546875 0.0328125 0.0484375
0 0.9328125 0.50625 0.0359375 0.04375
0 0.6515625 0.5328125 0.034375 0.03125
0 0.29609375 0.56640625 0.0359375 0.053125
0 0.0734375 0.58828125 0.03125 0.04375
0 0.18671875 0.5828125 0.03125 0.0390625
0 0.703125 0.53828125 0.0359375 0.053125
0 0.56953125 0.55390625 0.03125 0.04375
0 0.74140625 0.5484375 0.0359375 0.053125
0 0.8515625 0.54140625 0.040625 0.04375
0 0.65 0.56171875 0.040625 0.0484375
0 0.5875 0.571875 0.0359375 0.04375
0 0.40625 0.5921875 0.0453125 0.059375
0 0.81171875 0.5609375 0.040625 0.053125
0 0.7890625 0.56953125 0.021875 0.0421875
0 0.93515625 0.56171875 0.040625 0.053125
0 0.06953125 0.64921875 0.0453125 0.059375
0 0.49375 0.61640625 0.0390625 0.0390625
0 0.31640625 0.63203125 0.0328125 0.0625
0 0.5984375 0.61484375 0.0359375 0.04375
0 0.29609375 0.64296875 0.0375 0.0578125
0 0.56875 0.62421875 0.0421875 0.0625
0 0.16171875 0.6671875 0.0453125 0.0546875
0 0.49765625 0.6578125 0.046875 0.06875
0 0.14140625 0.70078125 0.046875 0.0640625
0 0.753125 0.659375 0.053125 0.078125
0 0.6296875 0.68359375 0.046875 0.0640625
0 0.6578125 0.68359375 0.0375 0.0625
0 0.3421875 0.71640625 0.0453125 0.0453125
0 0.6953125 0.68515625 0.0484375 0.0921875
0 0.2390625 0.73203125 0.0359375 0.053125
0 0.67734375 0.6984375 0.0375 0.0671875
0 0.87734375 0.69453125 0.05625 0.06875
0 0.4046875 0.73828125 0.046875 0.0640625
0 0.81484375 0.70234375 0.0484375 0.078125
0 0.54375 0.7328125 0.0578125 0.0828125
0 0.353125 0.76171875 0.0625 0.078125
0 0.9875 0.70859375 0.025 0.0828125
0 0.11328125 0.8015625 0.084375 0.13125
0 0.21484375 0.79921875 0.0421875 0.0625
0 0.59765625 0.765625 0.0671875 0.0890625
0 0.4640625 0.7796875 0.046875 0.06875
0 0.79375 0.75078125 0.0515625 0.06875
0 0.409375 0.81953125 0.0421875 0.0671875
0 0.04609375 0.8578125 0.0375 0.071875
0 0.0671875 0.86796875 0.0328125 0.0484375
0 0.95859375 0.80546875 0.0828125 0.1125
0 0.2 0.871875 0.05625 0.0734375
0 0.69921875 0.83984375 0.071875 0.09375
0 0.365625 0.871875 0.09375 0.13125
0 0.8046875 0.8984375 0.1015625 0.15625