0 0.12109375 0.1640625 0.065625 0.078125
0 0.3015625 0.13515625 0.0390625 0.05
0 0.415625 0.1171875 0.0546875 0.0671875
0 0.73046875 0.0765625 0.0734375 0.096875
0 0.06484375 0.0765625 0.0234375 0.03125
0 0.096875 0.18671875 0.040625 0.0640625
0 0.16328125 0.17578125 0.040625 0.0640625
0 0.484375 0.134375 0.05625 0.071875
0 0.65078125 0.11796875 0.0515625 0.075
0 0.24375 0.05078125 0.0453125 0.0375
0 0.01796875 0.2296875 0.0359375 0.084375
0 0.11796875 0.21796875 0.05 0.0609375
0 0.425 0.025 0.0421875 0.0421875
0 0.15078125 0.23203125 0.0484375 0.05625
0 0.61171875 0.17265625 0.0609375 0.071875
0 0.05078125 0.2640625 0.0765625 0.0875
0 0.25546875 0.23203125 0.0640625 0.06875
0 0.89140625 0.1453125 0.05625 0.071875
0 0.103125 0.08046875 0.0484375 0.0515625
0 0.1484375 0.2953125 0.06875 0.0953125
0 0.025 0.0953125 0.04375 0.05625
0 0.27890625 0.28671875 0.0640625 0.1
0 0.60625 0.23515625 0.065625 0.078125
0 0.3828125 0.27734375 0.0625 0.0859375
0 0.22734375 0.31640625 0.0796875 0.1109375
0 0.66015625 0.25234375 0.0796875 0.10625
0 0.0125 0.10078125 0.025 0.0515625
0 0.77734375 0.00703125 0.0546875 0.0140625
0 0.92421875 0.2171875 0.075 0.0828125
0 0.55625 0.2890625 0.0546875 0.0984375
0 0.52109375 0.309375 0.0765625 0.1140625
0 0.028125 0.39375 0.05625 0.08125
0 0.0078125 0.409375 0.015625 0.109375
0 0.7734375 0.28828125 0.0625 0.0859375
0 0.92734375 0.26875 0.071875 0.0921875
0 0.83125 0.2859375 0.053125 0.0796875
0 0.0796875 0.4078125 0.0703125 0.109375
0 0.48125 0.0328125 0.046875 0.065625
0 0.89296875 0.30625 0.0796875 0.1109375
0 0.47265625 0.41953125 0.06875 0.1
0 0.22109375 0.48828125 0.084375 0.1109375
0 0.971875 0.4015625 0.04375 0.1046875
0 0.4234375 0.490625 0.084375 0.1109375
0 0.6625 0.02890625 0.0625 0.0578125
0 0.38125 0.06171875 0.0390625 0.05
0 0.1859375 0.1 0.05 0.0609375
0 0.13671875 0.11484375 0.06875 0.06875
0 0.5390625 0.053125 0.0578125 0.084375
0 0.15234375 0.77734375 0.1 0.121875
0 0.8234375 0.68046875 0.0984375 0.1140625
0 0.646875 0.71796875 0.075 0.109375
0 0.91171875 0.028125 0.0359375 0.05625
0 0.65078125 0.05703125 0.0640625 0.06875
0 0.43359375 0.09375 0.05 0.065625
0 0.36015625 0.1078125 0.05625 0.071875
0 0.02734375 0.16015625 0.0453125 0.0609375
0 0.253125 0.1265625 0.0671875 0.0859375
0 0.8109375 0.05 0.0625 0.0859375
0 0.01484375 0.178125 0.0296875 0.05