0 0.3234375 0.2359375 0.10625 0.1609375
0 0.78515625 0.3203125 0.1 0.1421875
0 0.878125 0.3421875 0.1109375 0.178125
0 0.4078125 0.30625 0.109375 0.1515625
0 0.196875 0.3546875 0.1171875 0.184375
0 0.6375 0.39375 0.125 0.175
0 0.48984375 0.478125 0.1203125 0.1703125
0 0.74140625 0.50234375 0.121875 0.1890625
0 0.440625 0.08984375 0.109375 0.146875
0 0.76640625 0.16328125 0.1203125 0.165625
0 0.66328125 0.1984375 0.109375 0.15625
0 0.209375 0.1796875 0.1203125 0.165625
0 0.54609375 0.21171875 0.1109375 0.1734375