0 0.3828125 0.0328125 0.0296875 0.04375
0 0.4171875 0.028125 0.0265625 0.0265625
0 0.5296875 0.18046875 0.0234375 0.0390625
0 0.55546875 0.17890625 0.0234375 0.0390625
0 0.68359375 0.16328125 0.034375 0.05
0 0.19140625 0.23515625 0.0296875 0.0484375
0 0.02265625 0.26328125 0.034375 0.0546875
0 0.91484375 0.13828125 0.028125 0.0390625
0 0.8203125 0.1515625 0.0234375 0.0390625
0 0.08515625 0.259375 0.034375 0.0453125
0 0.4671875 0.02109375 0.0234375 0.0390625
0 0.1453125 0.25546875 0.034375 0.0453125
0 0.76875 0.16796875 0.034375 0.0453125
0 0.325 0.23515625 0.0328125 0.040625
0 0.24921875 0.25078125 0.028125 0.034375
0 0.94921875 0.15234375 0.01875 0.0390625
0 0.43984375 0.2234375 0.0296875 0.0484375
0 0.27734375 0.24765625 0.025 0.04375
0 0.1359375 0.0703125 0.028125 0.0390625
0 0.359375 0.2484375 0.021875 0.0296875
0 0.92578125 0.16875 0.0296875 0.0484375
0 0.534375 0.2265625 0.0296875 0.04375
0 0.47734375 0.2390625 0.034375 0.0546875
0 0.22734375 0.27421875 0.028125 0.034375
0 0.09765625 0.296875 0.028125 0.0390625
0 0.35234375 0.26328125 0.0265625 0.03125
0 0.721875 0.2140625 0.028125 0.0390625
0 0.19140625 0.28828125 0.0265625 0.0265625
0 0.66953125 0.22578125 0.034375 0.05
0 0.03515625 0.31796875 0.0328125 0.0359375
0 0.13828125 0.30546875 0.034375 0.05
0 0.6125 0.2484375 0.0296875 0.04375
0 0.825 0.21875 0.0359375 0.059375
0 0.40625 0.284375 0.0296875 0.053125
0 0.24296875 0.31484375 0.034375 0.0453125
0 0.35703125 0.2984375 0.028125 0.034375
0 0.6109375 0.01640625 0.034375 0.0328125
0 0.884375 0.22578125 0.0328125 0.040625
0 0.196875 0.32734375 0.034375 0.05
0 0.95859375 0.2203125 0.0109375 0.046875
0 0.684375 0.2609375 0.0359375 0.059375
0 0.09453125 0.34375 0.0296875 0.04375
0 0.13125 0.34140625 0.034375 0.05
0 0.30390625 0.3171875 0.034375 0.05
0 0.74375 0.2546875 0.034375 0.05
0 0.5921875 0.2765625 0.0296875 0.0484375
0 0.4546875 0.29765625 0.028125 0.0390625
0 0.5359375 0.2890625 0.0328125 0.0359375
0 0.00625 0.3703125 0.0125 0.04375
0 0.04140625 0.38203125 0.028125 0.0390625
0 0.12265625 0.37578125 0.0296875 0.0484375
0 0.94296875 0.2625 0.03125 0.0578125
0 0.4375 0.33359375 0.028125 0.034375
0 0.909375 0.271875 0.034375 0.05
0 0.67890625 0.309375 0.034375 0.05
0 0.56328125 0.02109375 0.0171875 0.0296875
0 0.5390625 0.33125 0.0328125 0.040625
0 0.36796875 0.35546875 0.028125 0.034375
0 0.184375 0.38359375 0.034375 0.05
0 0.86328125 0.28828125 0.034375 0.05
0 0.81796875 0.296875 0.0296875 0.0484375
0 0.73515625 0.31015625 0.034375 0.05
0 0.31328125 0.36953125 0.0296875 0.04375
0 0.240625 0.38203125 0.0296875 0.0484375
0 0.5859375 0.33359375 0.028125 0.0390625
0 0.07109375 0.4078125 0.0296875 0.0484375
0 0.50703125 0.346875 0.0234375 0.0390625
0 0.775 0.31171875 0.034375 0.0453125
0 0.08515625 0.090625 0.034375 0.05
0 0.6109375 0.35546875 0.0375 0.05
0 0.79296875 0.00625 0.0234375 0.0125
0 0.925 0.3140625 0.034375 0.05
0 0.01796875 0.44375 0.034375 0.05
0 0.10546875 0.43671875 0.034375 0.0453125
0 0.375 0.40546875 0.0328125 0.040625
0 0.05859375 0.45 0.0359375 0.059375
0 0.7640625 0.35078125 0.0328125 0.040625
0 0.4984375 0.390625 0.034375 0.0546875
0 0.31796875 0.415625 0.034375 0.05
0 0.65703125 0.3703125 0.0296875 0.04375
0 0.559375 0.38671875 0.034375 0.05
0 0.70390625 0.3734375 0.0296875 0.04375
0 0.459375 0.41015625 0.0390625 0.0546875
0 0.7296875 0.371875 0.034375 0.0453125
0 0.1984375 0.4484375 0.0234375 0.0390625
0 0.1546875 0.459375 0.034375 0.05
0 0.978125 0.34375 0.0140625 0.0375
0 0.76171875 0.0109375 0.0296875 0.021875
0 0.01484375 0.4859375 0.0296875 0.059375
0 0.87734375 0.371875 0.034375 0.0546875
0 0.9484375 0.3640625 0.028125 0.034375
0 0.82265625 0.384375 0.034375 0.05
0 0.71953125 0.01484375 0.0296875 0.0296875
0 0.86015625 0.00390625 0.0234375 0.0078125
0 0.12734375 0.09140625 0.028125 0.0390625
0 0.34375 0.45625 0.028125 0.0390625
0 0.6078125 0.41953125 0.0265625 0.03125
0 0.77734375 0.3953125 0.034375 0.0453125
0 0.97578125 0.375 0.0265625 0.03125
0 0.29453125 0.4703125 0.04375 0.0546875
0 0.40234375 0.45546875 0.0390625 0.0546875
0 0.22578125 0.4828125 0.034375 0.05
0 0.18046875 0.4890625 0.034375 0.05
0 0.52734375 0.4453125 0.0296875 0.0484375
0 0.5515625 0.034375 0.0234375 0.034375
0 0.10625 0.50859375 0.0375 0.05
0 0.0703125 0.51875 0.034375 0.05
0 0.6046875 0.44609375 0.0328125 0.040625
0 0.77421875 0.4265625 0.0328125 0.0359375
0 0.578125 0.45703125 0.0265625 0.03125
0 0.721875 0.43671875 0.0390625 0.0546875
0 0.40859375 0.0546875 0.028125 0.0390625
0 0.86796875 0.42265625 0.034375 0.0453125
0 0.978125 0.41171875 0.025 0.04375
0 0.9234375 0.41953125 0.034375 0.05
0 0.6828125 0.45546875 0.034375 0.05
0 0.64609375 0.0234375 0.021875 0.0296875
0 0.7 0.01640625 0.028125 0.0328125
0 0.31796875 0.06953125 0.0296875 0.0484375
0 0.2203125 0.0859375 0.028125 0.0390625
0 0.5921875 0.475 0.021875 0.0296875
0 0.840625 0.44765625 0.034375 0.05
0 0.55390625 0.4875 0.034375 0.0453125
0 0.40703125 0.50859375 0.0296875 0.0484375
0 0.64609375 0.475 0.0265625 0.03125
0 0.25 0.53515625 0.034375 0.0453125
0 0.36484375 0.51875 0.034375 0.0453125
0 0.95703125 0.43828125 0.04375 0.0546875
0 0.09296875 0.56171875 0.034375 0.05
0 0.465625 0.0515625 0.0234375 0.0390625
0 0.02265625 0.11328125 0.034375 0.0546875
0 0.31171875 0.540625 0.028125 0.0390625
0 0.5140625 0.5171875 0.0265625 0.03125
0 0.625 0.50859375 0.025 0.04375
0 0.171875 0.09453125 0.028125 0.0390625
0 0.66171875 0.503125 0.034375 0.0546875
0 0.4671875 0.5328125 0.028125 0.0390625
0 0.91171875 0.47265625 0.0375 0.0453125
0 0.73359375 0.5015625 0.0375 0.05
0 0.778125 0.4953125 0.028125 0.034375
0 0.87578125 0.48203125 0.0390625 0.059375
0 0.8265625 0.49609375 0.034375 0.0453125
0 0.371875 0.06953125 0.028125 0.034375
0 0.51640625 0.0484375 0.01875 0.034375
0 0.51328125 0.54453125 0.0390625 0.0546875
0 0.3828125 0.56328125 0.0296875 0.04375
0 0.41484375 0.5609375 0.0296875 0.053125
0 0.29140625 0.5921875 0.0296875 0.04375
0 0.165625 0.6125 0.034375 0.0453125
0 0.78203125 0.52578125 0.034375 0.0453125
0 0.478125 0.5734375 0.0375 0.040625
0 0.346875 0.59140625 0.028125 0.0390625
0 0.9546875 0.50625 0.034375 0.0453125
0 0.49765625 0.05390625 0.0234375 0.034375
0 0.26953125 0.08828125 0.0234375 0.0390625
0 0.6859375 0.5609375 0.034375 0.05
0 0.24609375 0.62265625 0.0296875 0.04375
0 0.846875 0.53828125 0.0328125 0.040625
0 0.8671875 0.5375 0.0296875 0.04375
0 0.496875 0.59453125 0.0296875 0.04375
0 0.634375 0.5765625 0.0296875 0.04375
0 0.328125 0.621875 0.0296875 0.0484375
0 0.215625 0.63984375 0.034375 0.0453125
0 0.921875 0.540625 0.0390625 0.0546875
0 0.740625 0.56875 0.025 0.04375
0 0.271875 0.64140625 0.0296875 0.0484375
0 0.421875 0.625 0.0296875 0.0484375
0 0.62109375 0.59765625 0.034375 0.05
0 0.9921875 0.5484375 0.015625 0.053125
0 0.37734375 0.64140625 0.034375 0.0453125
0 0.97265625 0.5671875 0.034375 0.05
0 0.07109375 0.69375 0.034375 0.05
0 0.85546875 0.58359375 0.0390625 0.0546875
0 0.52109375 0.6328125 0.034375 0.05
0 0.7734375 0.59765625 0.0421875 0.05
0 0.9515625 0.58671875 0.034375 0.05
0 0.45859375 0.66953125 0.034375 0.0453125
0 0.696875 0.6359375 0.034375 0.0453125
0 0.57109375 0.65546875 0.028125 0.0390625
0 0.725 0.634375 0.034375 0.05
0 0.3578125 0.6859375 0.03125 0.0578125
0 0.40390625 0.68125 0.03125 0.0578125
0 0.2875 0.70234375 0.0390625 0.0546875
0 0.44453125 0.0734375 0.028125 0.034375
0 0.61171875 0.04921875 0.0234375 0.0390625
0 0.915625 0.62890625 0.04375 0.059375
0 0.57578125 0.0546875 0.0171875 0.0296875
0 0.73828125 0.03203125 0.034375 0.05
0 0.61015625 0.6859375 0.034375 0.0546875
0 0.83984375 0.653125 0.0375 0.0453125
0 0.6859375 0.6796875 0.034375 0.0546875
0 0.34765625 0.73203125 0.0296875 0.04375
0 0.403125 0.72421875 0.0296875 0.04375
0 0.8921875 0.01875 0.034375 0.0375
0 0.54453125 0.715625 0.0359375 0.059375
0 0.171875 0.775 0.034375 0.0546875
0 0.7515625 0.69375 0.0359375 0.059375
0 0.47265625 0.73515625 0.03125 0.0578125
0 0.115625 0.78984375 0.028125 0.0390625
0 0.21796875 0.04453125 0.0171875 0.0203125
0 0.11015625 0.125 0.034375 0.05
0 0.778125 0.03359375 0.0296875 0.04375
0 0.246875 0.79296875 0.034375 0.0546875
0 0.409375 0.0875 0.028125 0.0390625
0 0.1140625 0.83046875 0.0421875 0.05
0 0.70546875 0.04609375 0.028125 0.0390625
0 0.8171875 0.03046875 0.0296875 0.04375
0 0.54453125 0.06875 0.0296875 0.04375
0 0.65703125 0.05234375 0.0234375 0.0390625
0 0.18125 0.84375 0.034375 0.0546875
0 0.08203125 0.890625 0.04375 0.059375
0 0.16484375 0.12890625 0.034375 0.05
0 0.8546875 0.034375 0.0328125 0.0359375
0 0.425 0.91328125 0.0421875 0.05
0 0.04375 0.15078125 0.034375 0.05
0 0.3703125 0.10859375 0.034375 0.05
0 0.59765625 0.0765625 0.025 0.04375
0 0.79453125 0.91484375 0.0375 0.05
0 0.503125 0.08984375 0.034375 0.0453125
0 0.27421875 0.125 0.0296875 0.0484375
0 0.615625 0.07890625 0.0234375 0.0390625
0 0.23828125 0.134375 0.0296875 0.04375
0 0.56875 0.090625 0.0234375 0.0390625
0 0.6875 0.0734375 0.028125 0.0390625
0 0.33046875 0.1265625 0.0296875 0.04375
0 0.63984375 0.0828125 0.028125 0.034375
0 0.58515625 0.090625 0.0171875 0.025
0 0.209375 0.1453125 0.028125 0.0390625
0 0.07109375 0.17421875 0.0296875 0.04375
0 0.8171875 0.0765625 0.0234375 0.034375
0 0.83515625 0.07421875 0.0234375 0.0390625
0 0.45078125 0.13046875 0.0296875 0.0484375
0 0.71640625 0.09296875 0.0234375 0.034375
0 0.278125 0.040625 0.0265625 0.03125
0 0.4921875 0.0125 0.021875 0.025
0 0.0421875 0.0734375 0.03125 0.03125
0 0.8671875 0.08828125 0.0234375 0.0390625
0 0.6265625 0.12265625 0.0328125 0.040625
0 0.296875 0.17109375 0.0296875 0.04375
0 0.34296875 0.03359375 0.0359375 0.0359375
0 0.1734375 0.0578125 0.028125 0.034375
0 0.10078125 0.203125 0.028125 0.034375
0 0.5046875 0.14921875 0.0296875 0.0484375
0 0.4265625 0.16015625 0.0234375 0.034375
0 0.68125 0.1265625 0.028125 0.034375
0 0.1640625 0.20078125 0.034375 0.05
0 0.46640625 0.15859375 0.0234375 0.034375
0 0.70234375 0.125 0.028125 0.034375
0 0.915625 0.0953125 0.034375 0.0453125
0 0.58828125 0.14375 0.0296875 0.04375
0 0.05390625 0.2234375 0.0296875 0.04375
0 0.6640625 0.1375 0.0234375 0.0390625
0 0.75625 0.12734375 0.028125 0.034375
0 0.38515625 0.18203125 0.0296875 0.04375
0 0.2046875 0.209375 0.0328125 0.0359375
0 0.78984375 0.1296875 0.0296875 0.04375
0 0.87421875 0.1203125 0.034375 0.0453125
0 0.94375 0.11484375 0.009375 0.0375
0 0.83828125 0.1296875 0.028125 0.0390625
0 0.2421875 0.21328125 0.0265625 0.03125
0 0.603125 0.1671875 0.0296875 0.053125
0 0.6484375 0.1609375 0.0296875 0.04375
0 0.48203125 0.18671875 0.0234375 0.0390625
0 0.72265625 0.153125 0.028125 0.034375