0 0.07265625 0.40390625 0.0484375 0.05625
0 0.0125 0.42109375 0.025 0.0609375
0 0.728125 0.31328125 0.05 0.0609375
0 0.6078125 0.33515625 0.0546875 0.0671875
0 0.82890625 0.3 0.0515625 0.075
0 0.253125 0.403125 0.0578125 0.0578125
0 0.69453125 0.3328125 0.053125 0.0578125
0 0.14140625 0.4375 0.0515625 0.075
0 0.3515625 0.40625 0.053125 0.0578125
0 0.034375 0.109375 0.05 0.065625
0 0.59140625 0.38515625 0.0546875 0.0625
0 0.44140625 0.4109375 0.0609375 0.0765625
0 0.084375 0.46796875 0.065625 0.08125
0 0.8921875 0.3421875 0.046875 0.075
0 0.50703125 0.41171875 0.0640625 0.06875
0 0.9671875 0.34140625 0.0390625 0.078125
0 0.18984375 0.48125 0.0671875 0.0859375
0 0.940625 0.3671875 0.05 0.065625
0 0.74609375 0.39765625 0.05625 0.0765625
0 0.271875 0.4796875 0.0625 0.08125
0 0.86875 0.38515625 0.0625 0.08125
0 0.3453125 0.47109375 0.046875 0.075
0 0.6078125 0.44296875 0.0515625 0.075
0 0.82109375 0.409375 0.0578125 0.084375
0 0.5328125 0.4578125 0.065625 0.078125
0 0.0953125 0.10703125 0.0359375 0.059375
0 0.2640625 0.57734375 0.0578125 0.053125
0 0.190625 0.60546875 0.053125 0.0796875
0 0.1765625 0.10078125 0.0453125 0.0609375
0 0.66796875 0.0265625 0.0453125 0.053125
0 0.2953125 0.6265625 0.065625 0.08125
0 0.98046875 0.55546875 0.0390625 0.0765625
0 0.384375 0.659375 0.0625 0.08125
0 0.10859375 0.71953125 0.05625 0.071875
0 0.421875 0.67109375 0.05 0.0609375
0 0.2328125 0.70390625 0.075 0.0828125
0 0.75234375 0.02421875 0.0390625 0.0484375
0 0.06015625 0.73828125 0.0671875 0.090625
0 0.15703125 0.775 0.06875 0.0953125
0 0.68359375 0.6953125 0.0640625 0.0953125
0 0.4703125 0.72890625 0.0578125 0.08125
0 0.5234375 0.72109375 0.06875 0.0953125
0 0.4171875 0.746875 0.0671875 0.090625
0 0.303125 0.1 0.0453125 0.0609375
0 0.20234375 0.115625 0.028125 0.040625
0 0.359375 0.76796875 0.0671875 0.090625
0 0.5859375 0.73203125 0.059375 0.0890625
0 0.1390625 0.128125 0.04375 0.0515625
0 0.85390625 0.02109375 0.0390625 0.0421875
0 0.9359375 0.703125 0.059375 0.0625
0 0.81171875 0.028125 0.0453125 0.05625
0 0.98984375 0.7390625 0.0203125 0.078125
0 0.81328125 0.7765625 0.075 0.1046875
0 0.94609375 0.76953125 0.05625 0.0765625
0 0.7828125 0.0359375 0.053125 0.0578125
0 0.915625 0.02578125 0.0375 0.0515625
0 0.24609375 0.1234375 0.046875 0.0703125
0 0.08671875 0.95234375 0.0546875 0.0890625
0 0.0890625 0.15078125 0.0390625 0.0546875
0 0.1265625 0.1703125 0.0453125 0.0609375
0 0.58203125 0.1 0.0421875 0.046875
0 0.70390625 0.08359375 0.0390625 0.0546875
0 0.49375 0.11875 0.0359375 0.0546875
0 0.28828125 0.15625 0.05 0.0609375
0 0.36171875 0.146875 0.034375 0.05
0 0.22578125 0.17109375 0.04375 0.0515625
0 0.15703125 0.184375 0.04375 0.05625
0 0.396875 0.16015625 0.0390625 0.05
0 0.52578125 0.1421875 0.040625 0.059375
0 0.35390625 0.171875 0.04375 0.0515625
0 0.46171875 0.1546875 0.034375 0.05
0 0.63359375 0.12734375 0.0390625 0.05
0 0.19453125 0.19921875 0.0421875 0.0421875
0 0.0640625 0.221875 0.0515625 0.075
0 0.8265625 0.103125 0.053125 0.0796875
0 0.2984375 0.20859375 0.0375 0.040625
0 0.55546875 0.17265625 0.05625 0.071875
0 0.7765625 0.1421875 0.0453125 0.065625
0 0.0109375 0.27109375 0.021875 0.0640625
0 0.09375 0.259375 0.0453125 0.0609375
0 0.01484375 0.09140625 0.0296875 0.0453125
0 0.23828125 0.24140625 0.0453125 0.065625
0 0.47890625 0.20390625 0.0484375 0.0515625
0 0.40625 0.2171875 0.0484375 0.0515625
0 0.20703125 0.26484375 0.053125 0.0796875
0 0.18046875 0.06796875 0.0375 0.0453125
0 0.653125 0.2109375 0.0421875 0.06875
0 0.29609375 0.27421875 0.053125 0.084375
0 0.5875 0.2375 0.04375 0.0515625
0 0.40703125 0.26875 0.0515625 0.075
0 0.3484375 0.2828125 0.05625 0.071875
0 0.7859375 0.215625 0.0609375 0.071875
0 0.10625 0.084375 0.0453125 0.0609375
0 0.06484375 0.09140625 0.040625 0.059375
0 0.6890625 0.2453125 0.04375 0.05625
0 0.86015625 0.24140625 0.04375 0.05625
0 0.2109375 0.3484375 0.0609375 0.0765625
0 0.75078125 0.26328125 0.04375 0.05625
0 0.91875 0.24375 0.05625 0.071875
0 0.64296875 0.2921875 0.046875 0.075
0 0.4625 0.3234375 0.059375 0.0671875
0 0.040625 0.396875 0.0453125 0.065625
0 0.88515625 0.26796875 0.0484375 0.05625