0 0.6375 0.090625 0.025 0.04375
0 0.578125 0.08359375 0.025 0.04375
0 0.103125 0.01640625 0.034375 0.0328125
0 0.45859375 0.0671875 0.0390625 0.0546875
0 0.2640625 0.03828125 0.0375 0.0453125
0 0.54453125 0.01015625 0.0265625 0.0203125
0 0.95546875 0.15546875 0.040625 0.059375
0 0.3859375 0.0671875 0.0359375 0.0546875
0 0.71875 0.12265625 0.021875 0.0265625
0 0.32578125 0.06015625 0.0296875 0.0453125
0 0.12890625 0.03046875 0.0390625 0.05
0 0.59453125 0.109375 0.040625 0.0640625
0 0.51484375 0.09921875 0.04375 0.0515625
0 0.528125 0.01171875 0.021875 0.0234375
0 0.65546875 0.12109375 0.0359375 0.0546875
0 0.77890625 0.14296875 0.0390625 0.0546875
0 0.19375 0.05078125 0.0484375 0.05625
0 0.8140625 0.05546875 0.021875 0.0265625
0 0.43046875 0.0953125 0.040625 0.0328125
0 0.35859375 0.08828125 0.034375 0.05
0 0.4890625 0.00859375 0.03125 0.0171875
0 0.86796875 0.17421875 0.040625 0.0640625
0 0.096875 0.05390625 0.0359375 0.0546875
0 0.94140625 0.078125 0.040625 0.0328125
0 0.43359375 0.00703125 0.0328125 0.0140625
0 0.6296875 0.140625 0.040625 0.059375
0 0.1453125 0.0640625 0.04375 0.0515625
0 0.971875 0.19765625 0.04375 0.05625
0 0.22421875 0.07890625 0.0390625 0.05
0 0.80703125 0.1734375 0.0328125 0.0359375
0 0.7015625 0.03984375 0.0234375 0.03125
0 0.90234375 0.19375 0.040625 0.0640625
0 0.7234375 0.16796875 0.0390625 0.0546875
0 0.29375 0.09921875 0.0375 0.0640625
0 0.49921875 0.13671875 0.053125 0.053125
0 0.5859375 0.15078125 0.034375 0.0453125
0 0.646875 0.03359375 0.028125 0.0359375
0 0.796875 0.0578125 0.028125 0.0359375
0 0.42265625 0.13203125 0.0484375 0.05625
0 0.87734375 0.0703125 0.028125 0.0359375
0 0.37890625 0.00390625 0.0234375 0.0078125
0 0.25703125 0.1125 0.0421875 0.06875
0 0.99140625 0.23984375 0.0171875 0.0609375
0 0.1203125 0.1 0.053125 0.053125
0 0.33515625 0.1359375 0.0390625 0.0546875
0 0.190625 0.115625 0.0421875 0.06875
0 0.9171875 0.2328125 0.0453125 0.0609375
0 0.56953125 0.18046875 0.0484375 0.05625
0 0.60078125 0.02890625 0.025 0.0390625
0 0.7375 0.21640625 0.0515625 0.0703125
0 0.6515625 0.20546875 0.046875 0.046875
0 0.48046875 0.178125 0.05625 0.071875
0 0.8046875 0.234375 0.05 0.065625
0 0.22734375 0.15 0.0453125 0.0609375
0 0.4 0.184375 0.0453125 0.0609375
0 0.76015625 0.05625 0.0375 0.0453125
0 0.12578125 0.14296875 0.0546875 0.0671875
0 0.08125 0.14375 0.053125 0.0796875
0 0.30625 0.18515625 0.05 0.065625
0 0.65703125 0.24765625 0.0453125 0.0609375
0 0.95078125 0.3015625 0.0671875 0.0859375
0 0.75390625 0.275 0.046875 0.0703125
0 0.1921875 0.19609375 0.0453125 0.065625
0 0.85 0.30234375 0.05625 0.0765625
0 0.371875 0.22890625 0.0625 0.08125
0 0.96328125 0.09296875 0.0328125 0.040625
0 0.4625 0.24765625 0.05625 0.0765625
0 0.26953125 0.221875 0.0515625 0.0703125
0 0.3609375 0.00859375 0.028125 0.0171875
0 0.071875 0.21015625 0.0515625 0.075
0 0.97265625 0.36640625 0.0546875 0.0765625
0 0.55546875 0.3 0.05 0.0609375
0 0.6484375 0.3171875 0.05 0.0609375
0 0.86796875 0.35390625 0.0578125 0.08125
0 0.58046875 0.0375 0.034375 0.0453125
0 0.3078125 0.00859375 0.034375 0.0171875
0 0.7609375 0.346875 0.0609375 0.0765625
0 0.903125 0.08828125 0.0296875 0.0453125
0 0.44375 0.30625 0.065625 0.078125
0 0.33984375 0.296875 0.0609375 0.071875
0 0.24453125 0.29375 0.0578125 0.08125
0 0.0453125 0.26640625 0.040625 0.0875
0 0.15234375 0.28359375 0.05 0.0609375
0 0.475 0.02421875 0.0296875 0.0453125
0 0.55 0.35078125 0.0625 0.0859375
0 0.765625 0.40859375 0.05625 0.071875
0 0.6453125 0.39609375 0.0671875 0.090625
0 0.92421875 0.440625 0.065625 0.078125
0 0.8359375 0.084375 0.0359375 0.0546875
0 0.4140625 0.01953125 0.025 0.0390625
0 0.31484375 0.3515625 0.0625 0.08125
0 0.4125 0.3734375 0.0625 0.0859375
0 0.4578125 0.0265625 0.028125 0.03125
0 0.65 0.05703125 0.021875 0.0265625
0 0.39765625 0.01953125 0.0296875 0.0390625
0 0.52421875 0.0375 0.0375 0.0453125
0 0.1859375 0.35 0.059375 0.0890625
0 0.1015625 0.33671875 0.065625 0.078125
0 0.709375 0.06640625 0.0359375 0.0546875
0 0.9453125 0.5140625 0.0640625 0.0953125
0 0.77421875 0.50390625 0.0734375 0.096875
0 0.50625 0.47734375 0.0515625 0.075
0 0.63359375 0.5 0.0609375 0.0765625
0 0.36796875 0.46015625 0.0734375 0.096875
0 0.7625 0.08671875 0.0328125 0.040625
0 0.23984375 0.4703125 0.06875 0.0953125
0 0.284375 0.0140625 0.028125 0.028125
0 0.12265625 0.47265625 0.078125 0.1015625
0 0.03671875 0.4640625 0.0703125 0.1046875
0 0.846875 0.1046875 0.0359375 0.0546875
0 0.16796875 0.01328125 0.0390625 0.0265625
0 0.9203125 0.12109375 0.040625 0.059375
0 0.2109375 0.0171875 0.0375 0.034375
0 0.34453125 0.0328125 0.0359375 0.0546875
0 0.78359375 0.1046875 0.0328125 0.0359375
0 0.70234375 0.0984375 0.034375 0.05