0 0.53125 0.2640625 0.021875 0.025
0 0.45546875 0.25703125 0.0375 0.0546875
0 0.4984375 0.26171875 0.028125 0.0390625
0 0.084375 0.21796875 0.05 0.0734375
0 0.4359375 0.26171875 0.0265625 0.0265625
0 0.56875 0.278125 0.021875 0.0296875
0 0.60390625 0.284375 0.0171875 0.025
0 0.125 0.228125 0.0265625 0.03125
0 0.32734375 0.253125 0.028125 0.0390625
0 0.64609375 0.29453125 0.021875 0.025
0 0.2859375 0.25 0.028125 0.04375
0 0.47421875 0.2734375 0.015625 0.015625
0 0.59140625 0.2875 0.021875 0.025
0 0.7109375 0.30234375 0.021875 0.025
0 0.55703125 0.2859375 0.021875 0.034375
0 0.3765625 0.265625 0.0359375 0.040625
0 0.75625 0.31171875 0.0375 0.05
0 0.19296875 0.2453125 0.0328125 0.0484375
0 0.24140625 0.25078125 0.021875 0.034375
0 0.62734375 0.2984375 0.021875 0.025
0 0.51953125 0.28515625 0.021875 0.025
0 0.5375 0.28984375 0.021875 0.025
0 0.0546875 0.2375 0.0421875 0.0453125
0 0.4078125 0.28359375 0.0265625 0.034375
0 0.6078125 0.31015625 0.03125 0.0265625
0 0.4875 0.29765625 0.0421875 0.05
0 0.175 0.26171875 0.0375 0.0546875
0 0.22265625 0.2703125 0.0234375 0.0390625
0 0.728125 0.33203125 0.0421875 0.05
0 0.309375 0.2828125 0.04375 0.06875
0 0.9859375 0.3671875 0.028125 0.1
0 0.26796875 0.28046875 0.0296875 0.053125
0 0.871875 0.359375 0.0375 0.0546875
0 0.58359375 0.33046875 0.0265625 0.0265625
0 0.365625 0.30625 0.034375 0.053125
0 0.4734375 0.31953125 0.0421875 0.05
0 0.66328125 0.34765625 0.0703125 0.090625
0 0.8328125 0.3734375 0.0421875 0.0546875
0 0.77578125 0.38203125 0.059375 0.075
0 0.85390625 0.39609375 0.034375 0.053125
0 0.61796875 0.36953125 0.04375 0.059375
0 0.84921875 0.540625 0.0578125 0.0703125