0 0.28125 0.16484375 0.0703125 0.0984375
0 0.66015625 0.140625 0.0796875 0.1078125
0 0.7671875 0.16484375 0.075 0.1125
0 0.0296875 0.2484375 0.059375 0.121875
0 0.10390625 0.2484375 0.1046875 0.125
0 0.83359375 0.17890625 0.103125 0.15625
0 0.26171875 0.24765625 0.075 0.1078125
0 0.31875 0.0421875 0.046875 0.0546875
0 0.46171875 0.2671875 0.0828125 0.1359375
0 0.56875 0.2671875 0.09375 0.146875
0 0.384375 0.2890625 0.0734375 0.1359375
0 0.42265625 0.03359375 0.0453125 0.0453125
0 0.70546875 0.28515625 0.0921875 0.1375
0 0.6921875 0.02421875 0.05625 0.0484375
0 0.16484375 0.36796875 0.0875 0.1375
0 0.58203125 0.03203125 0.0859375 0.0640625
0 0.0671875 0.43359375 0.09375 0.1046875
0 0.321875 0.41640625 0.1140625 0.1390625
0 0.1984375 0.07265625 0.0640625 0.0921875
0 0.7375 0.02734375 0.04375 0.0546875
0 0.7421875 0.4328125 0.1109375 0.153125
0 0.2984375 0.5328125 0.0984375 0.15625
0 0.17265625 0.08515625 0.0578125 0.0796875
0 0.1109375 0.5671875 0.1046875 0.1296875
0 0.4484375 0.5828125 0.1078125 0.153125
0 0.8265625 0.03984375 0.075 0.0796875
0 0.6671875 0.62890625 0.096875 0.1375
0 0.04921875 0.70546875 0.0734375 0.1359375
0 0.115625 0.80390625 0.109375 0.1703125
0 0.41796875 0.78125 0.1453125 0.215625
0 0.728125 0.76171875 0.1234375 0.1859375
0 0.19453125 0.85078125 0.1234375 0.1859375
0 0.44453125 0.08671875 0.0453125 0.0875
0 0.2546875 0.1140625 0.0625 0.0703125
0 0.02734375 0.140625 0.0546875 0.09375
0 0.91953125 0.059375 0.0734375 0.11875
0 0.3328125 0.12890625 0.0640625 0.084375
0 0.51953125 0.1140625 0.0859375 0.1234375