0 0.57265625 0.2234375 0.046875 0.06875
0 0.98359375 0.2671875 0.0328125 0.053125
0 0.91328125 0.2640625 0.0359375 0.04375
0 0.6625 0.2609375 0.034375 0.034375
0 0.20546875 0.22578125 0.05625 0.0734375
0 0.6625 0.2890625 0.0359375 0.0484375
0 0.95546875 0.3171875 0.046875 0.0640625
0 0.8046875 0.31015625 0.046875 0.06875
0 0.10859375 0.25390625 0.0765625 0.0890625
0 0.8484375 0.31875 0.0359375 0.0484375
0 0.4625 0.2921875 0.0578125 0.0828125
0 0.75078125 0.3171875 0.0453125 0.0453125
0 0.625 0.315625 0.0265625 0.04375
0 0.40859375 0.296875 0.0578125 0.078125
0 0.59296875 0.3171875 0.0484375 0.078125
0 0.54921875 0.33515625 0.0578125 0.078125
0 0.36953125 0.31953125 0.0578125 0.0875
0 0.6984375 0.3546875 0.0578125 0.0828125
0 0.2734375 0.32890625 0.0734375 0.0984375
0 0.975 0.41328125 0.05 0.0640625
0 0.08671875 0.3640625 0.0640625 0.096875
0 0.47578125 0.409375 0.0578125 0.0875
0 0.92890625 0.45390625 0.0828125 0.0984375
0 0.79921875 0.44921875 0.078125 0.0984375
0 0.3984375 0.41875 0.0625 0.078125