0 0.48125 0.67109375 0.00625 0.00625
0 0.665625 0.6375 0.00625 0.00625
0 0.6453125 0.64375 0.00625 0.00625
0 0.534375 0.66484375 0.00625 0.00625
0 0.67578125 0.63984375 0.00625 0.00625
0 0.57578125 0.659375 0.00625 0.00625
0 0.58046875 0.6609375 0.00625 0.009375
0 0.59921875 0.6578125 0.00625 0.00625
0 0.62578125 0.65234375 0.00625 0.00625
0 0.5125 0.67421875 0.00625 0.00625
0 0.56875 0.66328125 0.00625 0.00625
0 0.63984375 0.64921875 0.00625 0.009375
0 0.5359375 0.671875 0.00625 0.00625
0 0.46796875 0.68515625 0.00625 0.009375
0 0.54765625 0.66953125 0.00625 0.009375
0 0.56484375 0.66640625 0.00625 0.009375
0 0.5859375 0.6625 0.00625 0.009375
0 0.4359375 0.69140625 0.00625 0.009375
0 0.44765625 0.69140625 0.00625 0.00625
0 0.48671875 0.684375 0.00625 0.00625
0 0.6 0.66171875 0.00625 0.009375
0 0.5046875 0.6828125 0.00625 0.009375
0 0.6734375 0.65234375 0.00625 0.00625
0 0.65078125 0.65703125 0.00625 0.00625
0 0.8140625 0.625 0.0109375 0.0109375
0 0.3625 0.715625 0.00625 0.00625
0 0.38984375 0.71015625 0.0109375 0.0109375
0 0.56328125 0.6765625 0.00625 0.00625
0 0.41484375 0.70546875 0.009375 0.00625
0 0.628125 0.6640625 0.00625 0.009375
0 0.39453125 0.709375 0.00625 0.00625
0 0.76015625 0.63828125 0.00625 0.009375
0 0.4265625 0.70546875 0.00625 0.00625
0 0.58125 0.675 0.009375 0.00625
0 0.68125 0.65546875 0.00625 0.009375
0 0.3421875 0.721875 0.0109375 0.0109375
0 0.4015625 0.71015625 0.00625 0.00625
0 0.615625 0.66875 0.00625 0.00625
0 0.49765625 0.69140625 0.00625 0.009375
0 0.590625 0.67578125 0.00625 0.009375
0 0.65859375 0.6625 0.00625 0.009375
0 0.66796875 0.6609375 0.00625 0.009375
0 0.78125 0.63828125 0.0109375 0.0109375
0 0.32421875 0.72734375 0.00625 0.009375
0 0.40625 0.71171875 0.00625 0.009375
0 0.640625 0.66640625 0.00625 0.009375
0 0.44140625 0.7046875 0.00625 0.00625
0 0.97265625 0.6015625 0.0125 0.015625
0 0.4609375 0.70078125 0.00625 0.009375
0 0.5359375 0.68671875 0.00625 0.009375
0 0.59296875 0.675 0.00625 0.009375
0 0.83125 0.62890625 0.015625 0.0125
0 0.359375 0.72109375 0.00625 0.009375
0 0.48203125 0.696875 0.00625 0.009375
0 0.55 0.68359375 0.00625 0.009375
0 0.4140625 0.7125 0.00625 0.009375
0 0.74609375 0.64765625 0.00625 0.009375
0 0.73671875 0.65 0.00625 0.00625
0 0.57265625 0.68203125 0.00625 0.009375
0 0.75234375 0.646875 0.0125 0.015625
0 0.45 0.70546875 0.00625 0.009375
0 0.584375 0.68203125 0.00625 0.009375
0 0.5984375 0.67890625 0.0078125 0.0140625
0 0.69609375 0.66015625 0.0125 0.015625
0 0.2890625 0.7390625 0.0109375 0.0109375
0 0.728125 0.65390625 0.0109375 0.0109375
0 0.76171875 0.64765625 0.00625 0.009375
0 0.653125 0.66875 0.0109375 0.0109375
0 0.82109375 0.63828125 0.0125 0.015625
0 0.9953125 0.603125 0.009375 0.015625
0 0.621875 0.6765625 0.00625 0.009375
0 0.778125 0.64609375 0.0109375 0.0109375
0 0.33046875 0.73359375 0.00625 0.009375
0 0.51953125 0.696875 0.00625 0.009375
0 0.3671875 0.7265625 0.00625 0.009375
0 0.44453125 0.7109375 0.00625 0.009375
0 0.5125 0.6984375 0.00625 0.009375
0 0.346875 0.73046875 0.0078125 0.0140625
0 0.71484375 0.65859375 0.0125 0.015625
0 0.73359375 0.6578125 0.0109375 0.0109375
0 0.42890625 0.71640625 0.0109375 0.0109375
0 0.48828125 0.70546875 0.0109375 0.0109375
0 0.565625 0.68984375 0.0109375 0.0109375
0 0.80703125 0.6453125 0.0109375 0.0109375
0 0.79296875 0.6484375 0.0125 0.015625
0 0.890625 0.6296875 0.0171875 0.0171875
0 0.484375 0.70859375 0.0125 0.015625
0 0.390625 0.72890625 0.0125 0.015625
0 0.41875 0.7234375 0.0078125 0.0140625
0 0.41171875 0.72734375 0.0125 0.015625
0 0.34375 0.740625 0.0125 0.015625
0 0.678125 0.67578125 0.0125 0.015625
0 0.6625 0.68125 0.0125 0.015625
0 0.56015625 0.70078125 0.0078125 0.0140625
0 0.18515625 0.7734375 0.0171875 0.0171875
0 0.37890625 0.73828125 0.0125 0.015625
0 0.3375 0.74609375 0.0109375 0.0109375
0 0.5421875 0.70625 0.0078125 0.0140625
0 0.596875 0.69609375 0.0125 0.015625
0 0.3109375 0.7515625 0.0125 0.015625
0 0.62265625 0.69375 0.00625 0.009375
0 0.56796875 0.70390625 0.0109375 0.0109375
0 0.725 0.6734375 0.0125 0.015625
0 0.6703125 0.684375 0.0109375 0.0109375
0 0.78125 0.6625 0.0125 0.0203125
0 0.325 0.7515625 0.0171875 0.0203125
0 0.08203125 0.80078125 0.021875 0.021875
0 0.71171875 0.67890625 0.0125 0.015625
0 0.584375 0.703125 0.0125 0.015625
0 0.12578125 0.79453125 0.0125 0.015625
0 0.61640625 0.69921875 0.0125 0.015625
0 0.1640625 0.7875 0.0078125 0.0140625
0 0.278125 0.765625 0.0125 0.015625
0 0.634375 0.69609375 0.0125 0.0203125
0 0.81484375 0.6625 0.0125 0.015625
0 0.39609375 0.74375 0.0109375 0.0109375
0 0.09375 0.80234375 0.0125 0.0203125
0 0.91015625 0.64375 0.0171875 0.0171875
0 0.26015625 0.7703125 0.0109375 0.0109375
0 0.17109375 0.7875 0.0125 0.0203125
0 0.703125 0.68671875 0.0171875 0.0171875
0 0.509375 0.7265625 0.0125 0.0203125
0 0.79765625 0.6703125 0.0125 0.0203125
0 0.9609375 0.6390625 0.0171875 0.0171875
0 0.35234375 0.759375 0.0125 0.015625
0 0.66328125 0.69921875 0.0171875 0.0171875
0 0.57109375 0.71953125 0.0125 0.015625
0 0.11484375 0.81015625 0.0171875 0.0203125
0 0.32890625 0.77109375 0.0171875 0.0203125
0 0.81953125 0.67578125 0.0125 0.015625
0 0.68359375 0.7046875 0.0125 0.0203125
0 0.090625 0.8203125 0.015625 0.0125
0 0.915625 0.66171875 0.0109375 0.0109375
0 0.075 0.825 0.01875 0.025
0 0.71875 0.7046875 0.0171875 0.0203125
0 0.62578125 0.72265625 0.0171875 0.0203125
0 0.828125 0.6859375 0.0125 0.0203125
0 0.125 0.825 0.0125 0.0203125
0 0.7703125 0.70234375 0.01875 0.025
0 0.8046875 0.6953125 0.0171875 0.0203125
0 0.13671875 0.825 0.0109375 0.0109375
0 0.18203125 0.81875 0.0125 0.0203125
0 0.45546875 0.765625 0.0171875 0.0171875
0 0.4140625 0.77578125 0.0125 0.015625
0 0.49609375 0.76015625 0.0125 0.015625
0 0.06484375 0.84609375 0.0125 0.015625
0 0.26953125 0.80625 0.021875 0.021875
0 0.58125 0.7484375 0.0171875 0.0203125
0 0.290625 0.8046875 0.021875 0.021875
0 0.665625 0.734375 0.0171875 0.0203125
0 0.1296875 0.83828125 0.0125 0.0203125
0 0.54375 0.7609375 0.021875 0.021875
0 0.92578125 0.6859375 0.0171875 0.0203125
0 0.86640625 0.7 0.0171875 0.0203125
0 0.08046875 0.853125 0.0171875 0.0203125
0 0.7046875 0.73125 0.015625 0.0125
0 0.85546875 0.7046875 0.0171875 0.0203125
0 0.9796875 0.68515625 0.0234375 0.03125
0 0.25 0.82734375 0.021875 0.021875
0 0.4796875 0.7828125 0.0171875 0.0203125
0 0.0734375 0.86640625 0.01875 0.025
0 0.203125 0.840625 0.0203125 0.0171875
0 0.1734375 0.846875 0.01875 0.025
0 0.34609375 0.81328125 0.0171875 0.0203125
0 0.8421875 0.71953125 0.021875 0.021875
0 0.71015625 0.74453125 0.0171875 0.0203125
0 0.39296875 0.81015625 0.01875 0.025
0 0.80625 0.73046875 0.0234375 0.0265625
0 0.93671875 0.70703125 0.0171875 0.0203125
0 0.89140625 0.715625 0.0171875 0.0203125
0 0.1171875 0.8734375 0.0171875 0.0203125
0 0.9140625 0.728125 0.0171875 0.0203125
0 0.15625 0.878125 0.0125 0.0203125
0 0.3109375 0.85 0.0234375 0.0265625
0 0.39296875 0.834375 0.01875 0.025
0 0.87265625 0.74375 0.01875 0.0296875
0 0.30234375 0.8546875 0.01875 0.025
0 0.98828125 0.72734375 0.0234375 0.0359375
0 0.4875 0.82578125 0.01875 0.025
0 0.63203125 0.80234375 0.0234375 0.03125
0 0.578125 0.81484375 0.01875 0.0296875
0 0.2359375 0.8890625 0.0234375 0.03125
0 0.67890625 0.80234375 0.01875 0.025
0 0.66328125 0.8078125 0.0171875 0.0203125
0 0.4453125 0.86171875 0.0234375 0.0265625
0 0.3890625 0.875 0.0234375 0.03125
0 0.2984375 0.8953125 0.0171875 0.0203125
0 0.36484375 0.88671875 0.0234375 0.0265625
0 0.95703125 0.77421875 0.0234375 0.03125
0 0.3109375 0.909375 0.0171875 0.0203125
0 0.6796875 0.8421875 0.01875 0.025
0 0.08984375 0.96171875 0.025 0.0390625
0 0.8421875 0.815625 0.025 0.0390625
0 0.12578125 0.96640625 0.0234375 0.0265625
0 0.9015625 0.81796875 0.028125 0.0328125
0 0.99140625 0.8 0.0171875 0.03125
0 0.51953125 0.8921875 0.0234375 0.03125
0 0.77734375 0.84453125 0.0296875 0.0359375
0 0.61328125 0.87890625 0.0234375 0.03125
0 0.8203125 0.8390625 0.0234375 0.0265625
0 0.8046875 0.84453125 0.0171875 0.0203125
0 0.16484375 0.96875 0.0375 0.034375
0 0.6296875 0.878125 0.01875 0.025
0 0.66484375 0.871875 0.0265625 0.0234375
0 0.2359375 0.959375 0.0203125 0.0171875