0 0.52421875 0.16328125 0.0859375 0.1453125
0 0.36484375 0.203125 0.1015625 0.1609375
0 0.92421875 0.1703125 0.0765625 0.134375
0 0.346875 0.3484375 0.1140625 0.1609375
0 0.1703125 0.36875 0.1015625 0.1640625
0 0.6921875 0.32734375 0.1078125 0.1734375
0 0.8453125 0.33046875 0.0921875 0.16875
0 0.3484375 0.05078125 0.0671875 0.0828125
0 0.96796875 0.3546875 0.053125 0.146875
0 0.5109375 0.4078125 0.0796875 0.1265625
0 0.6015625 0.0390625 0.0625 0.078125
0 0.76328125 0.034375 0.0734375 0.06875
0 0.40546875 0.50390625 0.1078125 0.178125
0 0.4703125 0.05390625 0.071875 0.09375
0 0.77265625 0.5046875 0.103125 0.178125
0 0.59921875 0.521875 0.115625 0.175
0 0.053125 0.5984375 0.1046875 0.1609375
0 0.27109375 0.58984375 0.115625 0.175
0 0.95625 0.55390625 0.0875 0.1828125
0 0.1 0.0984375 0.090625 0.1359375
0 0.9265625 0.0453125 0.078125 0.090625
0 0.98125 0.79609375 0.0375 0.1890625
0 0.73515625 0.825 0.10625 0.1640625
0 0.28828125 0.89375 0.1421875 0.2125
0 0.51484375 0.88203125 0.14375 0.228125
0 0.21953125 0.13203125 0.090625 0.140625
0 0.0375 0.1953125 0.075 0.146875
0 0.76796875 0.134375 0.0953125 0.140625
0 0.1734375 0.1890625 0.090625 0.140625
0 0.64765625 0.14765625 0.0859375 0.140625