0 0.3859375 0.109375 0.015625 0.0296875
0 0.93515625 0.15 0.03125 0.04375
0 0.42734375 0.1140625 0.015625 0.025
0 0.5609375 0.1234375 0.015625 0.015625
0 0.671875 0.13359375 0.015625 0.025
0 0.9578125 0.15390625 0.025 0.0328125
0 0.85703125 0.146875 0.0265625 0.0375
0 0.9859375 0.1578125 0.0109375 0.0140625
0 0.72265625 0.13984375 0.015625 0.0203125
0 0.28359375 0.10859375 0.0203125 0.025
0 0.2 0.10546875 0.009375 0.009375
0 0.2625 0.11015625 0.015625 0.0203125
0 0.2234375 0.109375 0.0203125 0.0296875
0 0.30234375 0.1171875 0.015625 0.0203125
0 0.340625 0.1203125 0.015625 0.0296875
0 0.3265625 0.11875 0.015625 0.025
0 0.40078125 0.12421875 0.015625 0.025
0 0.87890625 0.16015625 0.0296875 0.0296875
0 0.99375 0.16796875 0.0125 0.0296875
0 0.31484375 0.1203125 0.015625 0.015625
0 0.35 0.12734375 0.015625 0.0203125
0 0.5921875 0.146875 0.0296875 0.0296875
0 0.7328125 0.15703125 0.021875 0.0375
0 0.56640625 0.14765625 0.0109375 0.0140625
0 0.79765625 0.1640625 0.03125 0.0484375
0 0.96328125 0.17734375 0.0203125 0.0296875
0 0.575 0.15078125 0.0203125 0.0203125
0 0.21015625 0.1296875 0.0203125 0.0296875
0 0.221875 0.1328125 0.0203125 0.025
0 0.5265625 0.15390625 0.0203125 0.025
0 0.31796875 0.1421875 0.0203125 0.025
0 0.70859375 0.17109375 0.0203125 0.0328125
0 0.95078125 0.1875 0.0203125 0.0296875
0 0.65703125 0.1765625 0.0265625 0.0421875
0 0.88984375 0.20234375 0.0296875 0.034375
0 0.26640625 0.1609375 0.0515625 0.071875
0 0.39296875 0.16953125 0.03125 0.04375
0 0.56640625 0.18203125 0.03125 0.0390625
0 0.35859375 0.16953125 0.0265625 0.0375
0 0.48046875 0.18046875 0.0265625 0.0421875
0 0.5125 0.1828125 0.0265625 0.0375
0 0.7015625 0.203125 0.03125 0.053125
0 0.20078125 0.16796875 0.025 0.0296875
0 0.42265625 0.18828125 0.0453125 0.053125
0 0.82265625 0.22578125 0.03125 0.04375
0 0.66875 0.2171875 0.040625 0.0625
0 0.99765625 0.2453125 0.0046875 0.05625
0 0.23671875 0.1921875 0.0359375 0.053125
0 0.10234375 0.18515625 0.0671875 0.096875
0 0.59140625 0.21875 0.046875 0.08125
0 0.89140625 0.28359375 0.0671875 0.10625
0 0.94140625 0.2875 0.0359375 0.053125
0 0.0265625 0.23984375 0.0234375 0.065625
0 0.3296875 0.27890625 0.025 0.0328125
0 0.821875 0.3484375 0.0625 0.1
0 0.93125 0.39765625 0.0453125 0.0671875
0 0.621875 0.55 0.05625 0.078125
0 0.47265625 0.06171875 0.009375 0.009375
0 0.4421875 0.0640625 0.009375 0.009375
0 0.225 0.05625 0.009375 0.009375
0 0.33515625 0.0640625 0.009375 0.009375
0 0.23671875 0.059375 0.015625 0.015625
0 0.6421875 0.0875 0.015625 0.015625
0 0.43671875 0.07578125 0.0109375 0.0140625
0 0.86875 0.10625 0.0109375 0.0140625
0 0.2453125 0.0625 0.0109375 0.0140625
0 0.45546875 0.07734375 0.0109375 0.0140625
0 0.39765625 0.07578125 0.0109375 0.0140625
0 0.4453125 0.07890625 0.00625 0.0140625
0 0.48515625 0.08125 0.00625 0.0140625
0 0.61484375 0.09296875 0.015625 0.025
0 0.2078125 0.06484375 0.015625 0.015625
0 0.98984375 0.12109375 0.0203125 0.0296875
0 0.6578125 0.0984375 0.0109375 0.0140625
0 0.2703125 0.07109375 0.015625 0.025
0 0.4296875 0.08203125 0.0109375 0.0140625
0 0.21953125 0.0703125 0.0109375 0.0234375
0 0.41796875 0.0859375 0.015625 0.0203125
0 0.5 0.0921875 0.0109375 0.0140625
0 0.26015625 0.075 0.0109375 0.0140625
0 0.94140625 0.12421875 0.025 0.0328125
0 0.56484375 0.10078125 0.015625 0.015625
0 0.52109375 0.09765625 0.0109375 0.01875
0 0.8765625 0.12421875 0.015625 0.0203125
0 0.81171875 0.1203125 0.015625 0.0203125
0 0.90703125 0.1265625 0.025 0.0296875
0 0.846875 0.125 0.015625 0.015625
0 0.2046875 0.0796875 0.015625 0.015625
0 0.60390625 0.1078125 0.015625 0.025
0 0.51640625 0.1015625 0.015625 0.0203125
0 0.5734375 0.10546875 0.015625 0.025
0 0.2296875 0.084375 0.00625 0.0140625
0 0.27578125 0.0875 0.015625 0.015625
0 0.4859375 0.1046875 0.0109375 0.01875
0 0.7625 0.1234375 0.015625 0.025
0 0.78359375 0.12734375 0.015625 0.025
0 0.659375 0.11875 0.0203125 0.025
0 0.5484375 0.11328125 0.015625 0.025
0 0.453125 0.10703125 0.0203125 0.0296875
0 0.6953125 0.12578125 0.015625 0.0296875
0 0.74453125 0.1296875 0.015625 0.025
0 0.68203125 0.125 0.015625 0.025
0 0.246875 0.096875 0.025 0.0296875
0 0.4984375 0.11484375 0.0109375 0.01875
0 0.3703125 0.10546875 0.00625 0.0140625