0 0.759375 0.08984375 0.034375 0.053125
0 0.72890625 0.09609375 0.03125 0.0515625
0 0.296875 0.12109375 0.0296875 0.0375
0 0.57265625 0.10859375 0.03125 0.046875
0 0.95078125 0.09140625 0.0296875 0.0328125
0 0.4609375 0.1171875 0.0296875 0.0328125
0 0.61640625 0.1140625 0.034375 0.0625
0 0.41796875 0.12421875 0.0296875 0.025
0 0.70859375 0.1109375 0.0390625 0.0484375
0 0.65078125 0.1140625 0.025 0.0328125
0 0.59140625 0.1171875 0.0265625 0.0515625
0 0.1609375 0.1421875 0.0296875 0.0375
0 0.34609375 0.1328125 0.025 0.025
0 0.53125 0.12734375 0.034375 0.0578125
0 0.321875 0.14296875 0.0203125 0.0328125
0 0.915625 0.11171875 0.025 0.0328125
0 0.24765625 0.146875 0.0390625 0.04375
0 0.8625 0.1171875 0.034375 0.04375
0 0.1328125 0.16015625 0.0390625 0.053125
0 0.3421875 0.1515625 0.0421875 0.0296875
0 0.88828125 0.125 0.0296875 0.0375
0 0.046875 0.16953125 0.0296875 0.0296875
0 0.1234375 0.03515625 0.0203125 0.0328125
0 0.4859375 0.14609375 0.034375 0.04375
0 0.4515625 0.15078125 0.025 0.0375
0 0.740625 0.1375 0.034375 0.0390625
0 0.9375 0.1296875 0.0265625 0.046875
0 0.09765625 0.1734375 0.025 0.0421875
0 0.0125 0.17890625 0.025 0.0578125
0 0.82578125 0.13828125 0.034375 0.04375
0 0.775 0.140625 0.0390625 0.04375
0 0.190625 0.17109375 0.04375 0.0578125
0 0.63515625 0.14921875 0.034375 0.04375
0 0.30390625 0.1671875 0.0296875 0.0421875
0 0.41015625 0.16328125 0.0265625 0.046875
0 0.9625 0.134375 0.0390625 0.053125
0 0.50546875 0.015625 0.0296875 0.03125
0 0.21640625 0.1828125 0.03125 0.0609375
0 0.43203125 0.17421875 0.0296875 0.0421875
0 0.68203125 0.1609375 0.04375 0.0390625
0 0.584375 0.16875 0.03125 0.0515625
0 0.2796875 0.18671875 0.034375 0.0625
0 0.12265625 0.1953125 0.0390625 0.0578125
0 0.2828125 0.0296875 0.025 0.0328125
0 0.5640625 0.17421875 0.03125 0.065625
0 0.1734375 0.196875 0.0375 0.0296875
0 0.34453125 0.18828125 0.034375 0.0578125
0 0.37265625 0.18671875 0.034375 0.053125
0 0.24296875 0.19609375 0.0265625 0.0515625
0 0.8578125 0.16328125 0.0390625 0.04375
0 0.73515625 0.1703125 0.034375 0.04375
0 0.0703125 0.20703125 0.0390625 0.0578125
0 0.9109375 0.16328125 0.0390625 0.034375
0 0.52265625 0.1859375 0.0390625 0.0390625
0 0.61796875 0.18359375 0.034375 0.053125
0 0.7703125 0.1796875 0.03125 0.046875
0 0.18828125 0.2125 0.04375 0.034375
0 0.02421875 0.0453125 0.025 0.0296875
0 0.96953125 0.17421875 0.0203125 0.0328125
0 0.83828125 0.18828125 0.03125 0.0515625
0 0.475 0.20703125 0.0390625 0.0390625
0 0.43671875 0.21171875 0.0296875 0.0375
0 0.32578125 0.21953125 0.0390625 0.04375
0 0.52890625 0.21171875 0.0328125 0.0296875
0 0.6765625 0.20390625 0.0296875 0.0421875
0 0.82109375 0.20078125 0.034375 0.04375
0 0.55234375 0.21484375 0.0203125 0.0328125
0 0.91484375 0.19765625 0.034375 0.0390625
0 0.6421875 0.21171875 0.034375 0.04375
0 0.86953125 0.20234375 0.0390625 0.034375
0 0.72109375 0.2125 0.0296875 0.0421875
0 0.40703125 0.22890625 0.034375 0.053125
0 0.26640625 0.23828125 0.0296875 0.0296875
0 0.80703125 0.21015625 0.034375 0.04375
0 0.57890625 0.221875 0.0328125 0.0296875
0 0.17734375 0.03984375 0.025 0.0421875
0 0.33359375 0.03125 0.025 0.0296875
0 0.46796875 0.02421875 0.0296875 0.0421875
0 0.9546875 0.20703125 0.04375 0.04375
0 0.44921875 0.23359375 0.04375 0.0390625
0 0.234375 0.24921875 0.0390625 0.053125
0 0.44921875 0.028125 0.0296875 0.0296875
0 0.6921875 0.23046875 0.034375 0.053125
0 0.4796875 0.24375 0.025 0.0421875
0 0.04765625 0.26875 0.04375 0.053125
0 0.77734375 0.23046875 0.0390625 0.04375
0 0.36875 0.2515625 0.0390625 0.053125
0 0.97890625 0.22421875 0.015625 0.0328125
0 0.38984375 0.25546875 0.03125 0.046875
0 0.25859375 0.2671875 0.025 0.0421875
0 0.1125 0.275 0.04375 0.053125
0 0.5953125 0.24921875 0.0484375 0.034375
0 0.65546875 0.2484375 0.0390625 0.034375
0 0.20390625 0.2765625 0.0453125 0.08125
0 0.00390625 0.28671875 0.0078125 0.0421875
0 0.1546875 0.28203125 0.0390625 0.053125
0 0.28671875 0.275 0.0390625 0.034375
0 0.83203125 0.2484375 0.0390625 0.0390625
0 0.90625 0.246875 0.0296875 0.0375
0 0.7421875 0.26015625 0.03125 0.046875
0 0.97109375 0.253125 0.034375 0.034375
0 0.66171875 0.2734375 0.04375 0.0578125
0 0.71484375 0.27265625 0.034375 0.053125
0 0.51484375 0.28828125 0.0453125 0.071875
0 0.7703125 0.27421875 0.04375 0.053125
0 0.36875 0.29765625 0.03125 0.046875
0 0.24921875 0.30625 0.034375 0.0484375
0 0.4484375 0.30078125 0.03125 0.0515625
0 0.165625 0.315625 0.0296875 0.0296875
0 0.63984375 0.29296875 0.034375 0.0484375
0 0.8828125 0.28046875 0.04375 0.0625
0 0.55234375 0.30234375 0.0359375 0.071875
0 0.41796875 0.31171875 0.034375 0.0484375
0 0.40703125 0.31953125 0.0265625 0.0515625
0 0.28203125 0.328125 0.053125 0.0578125
0 0.6109375 0.315625 0.05 0.08125
0 0.06171875 0.0546875 0.0296875 0.0375
0 0.33515625 0.3328125 0.0546875 0.0765625
0 0.97421875 0.3015625 0.034375 0.0578125
0 0.68046875 0.3171875 0.025 0.0421875
0 0.9375 0.30546875 0.0453125 0.08125
0 0.7125 0.321875 0.04375 0.0484375
0 0.1421875 0.05 0.0296875 0.0328125
0 0.7671875 0.32421875 0.053125 0.0625
0 0.4578125 0.3453125 0.0390625 0.04375
0 0.20546875 0.3578125 0.0515625 0.03125
0 0.584375 0.0296875 0.034375 0.04375
0 0.834375 0.32890625 0.0453125 0.0765625
0 0.11796875 0.37109375 0.05 0.090625
0 0.39609375 0.3640625 0.0546875 0.0859375
0 0.01875 0.4015625 0.0375 0.0625
0 0.884375 0.3546875 0.05 0.0671875
0 0.65546875 0.3734375 0.0546875 0.08125
0 0.7390625 0.36953125 0.0546875 0.0765625
0 0.515625 0.38828125 0.05 0.0765625
0 0.6953125 0.37890625 0.04375 0.0625
0 0.06875 0.4140625 0.0578125 0.053125
0 0.95234375 0.36953125 0.0421875 0.0296875
0 0.56015625 0.40390625 0.0453125 0.071875
0 0.2171875 0.421875 0.040625 0.08125
0 0.7859375 0.02578125 0.0296875 0.0375
0 0.29140625 0.0515625 0.025 0.0296875
0 0.26171875 0.42421875 0.0515625 0.1125
0 0.440625 0.421875 0.0421875 0.0984375
0 0.98828125 0.40234375 0.01875 0.084375
0 0.32578125 0.44453125 0.0609375 0.0953125
0 0.48046875 0.440625 0.05 0.0765625
0 0.1828125 0.45859375 0.0703125 0.1140625
0 0.8046875 0.428125 0.0609375 0.0953125
0 0.0921875 0.46796875 0.059375 0.090625
0 0.765625 0.4328125 0.040625 0.071875
0 0.86484375 0.42734375 0.0546875 0.0671875
0 0.65390625 0.03515625 0.025 0.0296875
0 0.203125 0.0609375 0.034375 0.0390625
0 0.1375 0.47734375 0.03125 0.0515625
0 0.95859375 0.4453125 0.0546875 0.08125
0 0.7 0.46171875 0.065625 0.1
0 0.04296875 0.50078125 0.075 0.11875
0 0.75625 0.475 0.053125 0.0578125
0 0.65 0.4875 0.0640625 0.08125
0 0.09296875 0.071875 0.0203125 0.0296875
0 0.4 0.05546875 0.0203125 0.0328125
0 0.8734375 0.49921875 0.0640625 0.0671875
0 0.59765625 0.515625 0.05 0.0859375
0 0.565625 0.5203125 0.05625 0.1046875
0 0.171875 0.06953125 0.025 0.0421875
0 0.13046875 0.56328125 0.071875 0.0546875
0 0.27265625 0.0640625 0.025 0.0375
0 0.29140625 0.55703125 0.059375 0.071875
0 0.925 0.52421875 0.059375 0.0859375
0 0.515625 0.05390625 0.0203125 0.0328125
0 0.72890625 0.04296875 0.0296875 0.0421875
0 0.86328125 0.53671875 0.0546875 0.0859375
0 0.00859375 0.0828125 0.0171875 0.025
0 0.44140625 0.5703125 0.065625 0.1
0 0.71484375 0.5703125 0.0515625 0.0953125
0 0.25546875 0.07265625 0.025 0.0328125
0 0.51875 0.5875 0.0546875 0.08125
0 0.9796875 0.56484375 0.040625 0.0765625
0 0.4265625 0.06328125 0.0296875 0.0375
0 0.84296875 0.58125 0.065625 0.1
0 0.7734375 0.58515625 0.075 0.109375
0 0.3734375 0.60859375 0.0703125 0.1140625
0 0.28203125 0.62734375 0.078125 0.0875
0 0.93984375 0.0390625 0.0296875 0.0375
0 0.3546875 0.071875 0.0296875 0.0375
0 0.1421875 0.66015625 0.0609375 0.11875
0 0.2203125 0.07890625 0.0296875 0.0375
0 0.69609375 0.05390625 0.0296875 0.0375
0 0.11640625 0.084375 0.03125 0.0515625
0 0.6703125 0.653125 0.065625 0.1140625
0 0.15625 0.084375 0.0203125 0.0328125
0 0.97890625 0.65078125 0.0421875 0.1265625
0 0.13984375 0.08515625 0.025 0.0375
0 0.65546875 0.06328125 0.034375 0.04375
0 0.08828125 0.728125 0.075 0.1140625
0 0.3 0.08671875 0.025 0.025
0 0.87109375 0.05625 0.0296875 0.0421875
0 0.24765625 0.76796875 0.0890625 0.115625
0 0.63984375 0.07109375 0.03125 0.046875
0 0.271875 0.0953125 0.025 0.0375
0 0.8359375 0.065625 0.0296875 0.0421875
0 0.24296875 0.10390625 0.0296875 0.0375
0 0.00859375 0.115625 0.0171875 0.034375
0 0.48359375 0.09296875 0.03125 0.046875
0 0.2078125 0.1078125 0.0296875 0.0375
0 0.428125 0.09765625 0.025 0.0375
0 0.390625 0.10234375 0.034375 0.0484375
0 0.3375 0.1046875 0.025 0.0296875
0 0.678125 0.08671875 0.025 0.0421875
0 0.7890625 0.08359375 0.03125 0.046875
0 0.18359375 0.11796875 0.03125 0.046875
0 0.0421875 0.125 0.0390625 0.053125
0 0.553125 0.10078125 0.0203125 0.025