0 0.546875 0.21953125 0.0609375 0.0765625
0 0.0625 0.15625 0.0390625 0.0734375
0 0.14609375 0.18828125 0.0453125 0.0609375
0 0.10625 0.20546875 0.065625 0.078125
0 0.22265625 0.2375 0.0609375 0.0765625
0 0.196875 0.26484375 0.071875 0.0609375
0 0.31796875 0.2859375 0.0515625 0.0703125
0 0.41640625 0.30390625 0.046875 0.046875
0 0.28515625 0.290625 0.065625 0.0734375
0 0.45078125 0.3234375 0.040625 0.059375
0 0.34765625 0.309375 0.059375 0.0625
0 0.5625 0.35703125 0.0328125 0.040625
0 0.13515625 0.29921875 0.075 0.109375
0 0.4125 0.35703125 0.0546875 0.0671875
0 0.21171875 0.3375 0.065625 0.078125
0 0.5453125 0.3921875 0.0359375 0.059375
0 0.6015625 0.40625 0.040625 0.059375
0 0.64921875 0.41640625 0.04375 0.0515625
0 0.69375 0.428125 0.03125 0.028125
0 0.58515625 0.41953125 0.0375 0.040625
0 0.35 0.38203125 0.06875 0.1
0 0.63828125 0.4421875 0.04375 0.05625
0 0.72578125 0.46796875 0.04375 0.0515625
0 0.69296875 0.4671875 0.0390625 0.05
0 0.77578125 0.48984375 0.0359375 0.0359375
0 0.6 0.4640625 0.0453125 0.065625
0 0.64140625 0.49609375 0.0453125 0.0609375
0 0.29765625 0.44453125 0.0671875 0.090625
0 0.7703125 0.52890625 0.04375 0.05625
0 0.20703125 0.44140625 0.0875 0.0984375
0 0.6140625 0.50625 0.040625 0.059375
0 0.69609375 0.521875 0.05 0.0609375
0 0.8421875 0.57109375 0.04375 0.0515625
0 0.72421875 0.59375 0.0484375 0.05625
0 0.80703125 0.61875 0.05625 0.071875
0 0.84765625 0.63984375 0.0375 0.0453125
0 0.88828125 0.6484375 0.0375 0.040625
0 0.128125 0.5703125 0.103125 0.140625
0 0.53671875 0.6375 0.075 0.1046875
0 0.4015625 0.61796875 0.0734375 0.096875
0 0.2984375 0.6015625 0.0875 0.1296875
0 0.890625 0.6953125 0.0609375 0.0765625
0 0.95703125 0.72265625 0.0265625 0.0578125
0 0.65234375 0.67421875 0.0828125 0.125
0 0.47890625 0.64921875 0.06875 0.0953125
0 0.703125 0.69375 0.0625 0.0859375
0 0.91875 0.72734375 0.0578125 0.08125
0 0.76640625 0.70859375 0.0671875 0.0859375
0 0.82109375 0.71953125 0.06875 0.1