0 0.71796875 0.1015625 0.03125 0.046875
0 0.778125 0.10078125 0.0296875 0.0375
0 0.82265625 0.10078125 0.0453125 0.0671875
0 0.8640625 0.0984375 0.04375 0.0578125
0 0.45625 0.11953125 0.0296875 0.0328125
0 0.94765625 0.109375 0.0703125 0.0859375
0 0.684375 0.12890625 0.0546875 0.071875
0 0.76796875 0.12890625 0.0640625 0.0671875
0 0.34765625 0.15859375 0.034375 0.053125
0 0.3171875 0.18515625 0.025 0.0375
0 0.1640625 0.19296875 0.0296875 0.0328125
0 0.05234375 0.23203125 0.04375 0.053125
0 0.1109375 0.24921875 0.0484375 0.0625
0 0.0203125 0.26328125 0.040625 0.0484375
0 0.02109375 0.303125 0.0421875 0.08125
0 0.775 0.27421875 0.1046875 0.14375
0 0.52421875 0.30859375 0.053125 0.0578125
0 0.41640625 0.31640625 0.053125 0.0625
0 0.16328125 0.35546875 0.0640625 0.071875
0 0.63984375 0.3328125 0.06875 0.0875
0 0.034375 0.384375 0.06875 0.096875
0 0.55546875 0.40859375 0.0796875 0.1234375
0 0.41171875 0.5 0.11875 0.15
0 0.17265625 0.5453125 0.1140625 0.1625
0 0.0234375 0.084375 0.0296875 0.0421875
0 0.24609375 0.07265625 0.015625 0.01875
0 0.05234375 0.0921875 0.0203125 0.0296875
0 0.0890625 0.090625 0.0203125 0.0296875
0 0.12421875 0.09296875 0.034375 0.034375
0 0.07109375 0.09609375 0.0203125 0.0296875
0 0.1609375 0.09609375 0.015625 0.028125
0 0.50390625 0.078125 0.0203125 0.025
0 0.18671875 0.096875 0.025 0.0328125
0 0.3078125 0.0953125 0.025 0.0375
0 0.46640625 0.0875 0.0203125 0.025
0 0.6703125 0.0765625 0.0296875 0.0296875
0 0.48515625 0.08828125 0.015625 0.0328125
0 0.746875 0.07734375 0.034375 0.0484375
0 0.89453125 0.06953125 0.0546875 0.071875
0 0.69765625 0.08203125 0.0296875 0.0328125
0 0.32578125 0.1015625 0.015625 0.028125
0 0.34921875 0.1015625 0.015625 0.028125
0 0.4375 0.096875 0.025 0.0328125