0 0.875 0.20546875 0.01875 0.034375
0 0.8890625 0.2078125 0.025 0.0484375
0 0.8671875 0.20703125 0.01875 0.034375
0 0.85546875 0.22109375 0.0234375 0.034375
0 0.67421875 0.24375 0.0203125 0.0390625
0 0.734375 0.2625 0.0234375 0.034375
0 0.66328125 0.25390625 0.0125 0.025
0 0.7015625 0.26015625 0.0171875 0.025
0 0.653125 0.25703125 0.0140625 0.0328125
0 0.9109375 0.30234375 0.025 0.0390625
0 0.6375 0.2640625 0.025 0.0390625
0 0.87109375 0.303125 0.0234375 0.034375
0 0.85703125 0.30546875 0.0234375 0.034375
0 0.97265625 0.32890625 0.025 0.0390625
0 0.93984375 0.3234375 0.01875 0.034375
0 0.990625 0.33671875 0.01875 0.0390625
0 0.83828125 0.31484375 0.0171875 0.025
0 0.64609375 0.34765625 0.0234375 0.034375
0 0.7421875 0.36484375 0.025 0.04375
0 0.10625 0.2640625 0.0171875 0.025
0 0.6703125 0.35625 0.01875 0.0296875
0 0.62890625 0.3515625 0.01875 0.034375
0 0.69765625 0.3625 0.01875 0.034375
0 0.62109375 0.353125 0.0140625 0.0296875
0 0.60078125 0.3546875 0.021875 0.0265625
0 0.12890625 0.2796875 0.01875 0.0296875
0 0.15625 0.290625 0.01875 0.0296875
0 0.6109375 0.3625 0.01875 0.034375
0 0.725 0.3828125 0.028125 0.040625
0 0.5828125 0.36015625 0.0203125 0.0390625
0 0.68046875 0.38046875 0.0234375 0.03125
0 0.59375 0.3671875 0.0140625 0.0296875
0 0.571875 0.3875 0.01875 0.0296875
0 0.62890625 0.4265625 0.025 0.04375
0 0.65078125 0.43671875 0.0234375 0.034375
0 0.728125 0.45390625 0.0234375 0.03125
0 0.68125 0.45078125 0.0234375 0.034375
0 0.134375 0.3671875 0.01875 0.0296875
0 0.98671875 0.50859375 0.0265625 0.0453125
0 0.28125 0.48671875 0.0203125 0.0390625
0 0.20703125 0.484375 0.0203125 0.0390625
0 0.26328125 0.50234375 0.0234375 0.034375
0 0.15078125 0.48671875 0.0125 0.0203125
0 0.15703125 0.5015625 0.01875 0.0296875
0 0.1 0.4953125 0.01875 0.0296875
0 0.91015625 0.63046875 0.0328125 0.0328125
0 0.22421875 0.521875 0.01875 0.034375
0 0.23828125 0.5265625 0.01875 0.0296875
0 0.17578125 0.52109375 0.01875 0.0296875
0 0.90625 0.65625 0.0296875 0.0453125
0 0.88515625 0.67109375 0.0296875 0.0453125
0 0.96875 0.69140625 0.01875 0.034375
0 0.09765625 0.553125 0.01875 0.0296875
0 0.015625 0.54296875 0.0296875 0.0453125
0 0.1703125 0.5671875 0.0234375 0.03125
0 0.046875 0.54765625 0.028125 0.040625
0 0.0609375 0.55234375 0.0203125 0.0390625
0 0.54921875 0.63203125 0.0234375 0.03125
0 0.00234375 0.54375 0.0046875 0.05625
0 0.14140625 0.56953125 0.0234375 0.034375
0 0.83671875 0.6796875 0.021875 0.0265625
0 0.459375 0.6203125 0.025 0.0390625
0 0.08359375 0.565625 0.025 0.0390625
0 0.12578125 0.571875 0.0234375 0.034375
0 0.24921875 0.59140625 0.025 0.0390625
0 0.32578125 0.60390625 0.0203125 0.0390625
0 0.03125 0.55703125 0.025 0.0390625
0 0.50078125 0.63125 0.025 0.04375
0 0.17734375 0.5828125 0.0203125 0.0390625
0 0.95234375 0.7078125 0.025 0.04375
0 0.20859375 0.58984375 0.025 0.0390625
0 0.4171875 0.625 0.0265625 0.053125
0 0.11015625 0.5765625 0.0234375 0.034375
0 0.190625 0.59140625 0.0234375 0.03125
0 0.16171875 0.5921875 0.01875 0.034375
0 0.28515625 0.61171875 0.0203125 0.0390625
0 0.396875 0.63125 0.025 0.0390625
0 0.47890625 0.646875 0.03125 0.053125
0 0.29375 0.6203125 0.01875 0.034375
0 0.2203125 0.60859375 0.0234375 0.034375
0 0.6015625 0.67109375 0.0296875 0.071875
0 0.3390625 0.6296875 0.0203125 0.0390625
0 0.36171875 0.63515625 0.0203125 0.04375
0 0.5609375 0.6671875 0.03125 0.053125
0 0.78203125 0.70234375 0.0328125 0.0625
0 0.38828125 0.64140625 0.0203125 0.0390625
0 0.434375 0.6484375 0.03125 0.0578125
0 0.37265625 0.64140625 0.0359375 0.0546875
0 0.75234375 0.7015625 0.021875 0.0265625
0 0.54375 0.66796875 0.025 0.0484375
0 0.58203125 0.6765625 0.0296875 0.0453125
0 0.51015625 0.67265625 0.028125 0.040625
0 0.621875 0.6921875 0.0265625 0.0578125
0 0.63984375 0.6953125 0.021875 0.0484375
0 0.6859375 0.7046875 0.0328125 0.0625
0 0.70390625 0.7078125 0.0265625 0.053125
0 0.8 0.7234375 0.0328125 0.0671875
0 0.66015625 0.70078125 0.025 0.04375
0 0.72890625 0.7140625 0.025 0.0484375
0 0.71640625 0.71484375 0.0265625 0.0578125
0 0.91953125 0.7515625 0.0609375 0.103125
0 0.853125 0.74375 0.0359375 0.059375
0 0.8296875 0.73984375 0.053125 0.0796875
0 0.884375 0.75078125 0.0484375 0.0796875
0 0.75234375 0.7390625 0.0265625 0.0578125
0 0.73046875 0.75 0.025 0.0484375
0 0.2265625 0.7046875 0.028125 0.040625
0 0.25703125 0.71484375 0.0296875 0.0453125
0 0.3234375 0.72734375 0.0296875 0.0453125
0 0.03046875 0.68359375 0.028125 0.0359375
0 0.06875 0.6921875 0.01875 0.0296875
0 0.04609375 0.68828125 0.0234375 0.034375
0 0.10546875 0.7 0.028125 0.0359375
0 0.23203125 0.7296875 0.0265625 0.021875
0 0.01328125 0.7 0.0265625 0.040625
0 0.17578125 0.728125 0.021875 0.021875
0 0.14140625 0.72265625 0.0171875 0.025
0 0.07890625 0.71484375 0.0234375 0.034375
0 0.20234375 0.734375 0.0265625 0.0265625
0 0.15859375 0.73125 0.0234375 0.03125
0 0.11015625 0.72890625 0.025 0.0390625
0 0.2265625 0.746875 0.028125 0.03125
0 0.409375 0.778125 0.034375 0.05
0 0.284375 0.765625 0.0328125 0.040625
0 0.20390625 0.75546875 0.021875 0.0265625
0 0.32265625 0.77421875 0.028125 0.0359375
0 0.57421875 0.8140625 0.0390625 0.0546875
0 0.01953125 0.728125 0.0390625 0.046875
0 0.48671875 0.8046875 0.0265625 0.0265625
0 0.14375 0.75078125 0.01875 0.034375
0 0.35 0.7828125 0.0265625 0.0265625
0 0.0578125 0.74375 0.0296875 0.0453125
0 0.21875 0.76953125 0.03125 0.0234375
0 0.1703125 0.76171875 0.021875 0.021875
0 0.00234375 0.7328125 0.0046875 0.034375
0 0.121875 0.75625 0.025 0.0484375
0 0.1765625 0.76484375 0.025 0.0390625
0 0.375 0.79921875 0.028125 0.0359375
0 0.15625 0.7640625 0.028125 0.03125
0 0.41640625 0.80546875 0.021875 0.021875
0 0.2484375 0.78359375 0.034375 0.0453125
0 0.0859375 0.76015625 0.040625 0.0640625
0 0.49140625 0.83203125 0.0328125 0.0359375
0 0.0375 0.759375 0.0328125 0.040625
0 0.45546875 0.82578125 0.03125 0.0578125
0 0.52578125 0.83984375 0.0359375 0.059375
0 0.20625 0.7890625 0.0359375 0.0359375
0 0.33359375 0.8140625 0.0421875 0.0421875
0 0.10234375 0.77734375 0.034375 0.01875
0 0.30546875 0.809375 0.034375 0.0234375
0 0.3953125 0.8234375 0.0328125 0.0328125
0 0.26875 0.80625 0.028125 0.03125
0 0.6546875 0.871875 0.053125 0.084375
0 0.36171875 0.825 0.034375 0.0453125
0 0.059375 0.77890625 0.0421875 0.046875
0 0.62421875 0.87109375 0.046875 0.075
0 0.47734375 0.85 0.04375 0.05625
0 0.01484375 0.775 0.0296875 0.05
0 0.253125 0.8171875 0.0359375 0.0546875
0 0.140625 0.79921875 0.0296875 0.0484375
0 0.428125 0.84921875 0.0390625 0.0546875
0 0.2203125 0.81875 0.0390625 0.05
0 0.17265625 0.81796875 0.021875 0.0265625
0 0.37890625 0.85078125 0.0234375 0.034375
0 0.7078125 0.9078125 0.0421875 0.06875
0 0.453125 0.86953125 0.046875 0.046875
0 0.36640625 0.85625 0.040625 0.0328125
0 0.3296875 0.85234375 0.0359375 0.0359375
0 0.1046875 0.8171875 0.0421875 0.06875
0 0.04296875 0.809375 0.0453125 0.065625
0 0.025 0.80703125 0.034375 0.0453125
0 0.29609375 0.85234375 0.0359375 0.0546875
0 0.39453125 0.8703125 0.040625 0.059375
0 0.553125 0.9046875 0.0421875 0.0421875
0 0.153125 0.84140625 0.0359375 0.0359375
0 0.2 0.85390625 0.0453125 0.034375
0 0.24140625 0.86015625 0.025 0.04375
0 0.52734375 0.9078125 0.021875 0.021875
0 0.50390625 0.90625 0.04375 0.05625
0 0.26328125 0.87265625 0.040625 0.059375
0 0.56875 0.92265625 0.053125 0.0578125
0 0.32578125 0.89140625 0.040625 0.059375
0 0.35625 0.90390625 0.034375 0.05
0 0.4265625 0.9171875 0.0421875 0.06875
0 0.21640625 0.8859375 0.0296875 0.0453125
0 0.25703125 0.8953125 0.0453125 0.034375
0 0.6515625 0.96015625 0.05 0.0609375
0 0.28828125 0.90234375 0.034375 0.0453125
0 0.14453125 0.88203125 0.04375 0.0515625
0 0.39375 0.92109375 0.0640625 0.0640625
0 0.44375 0.9296875 0.04375 0.0828125
0 0.0640625 0.871875 0.0703125 0.0734375
0 0.56171875 0.953125 0.0421875 0.046875
0 0.590625 0.959375 0.046875 0.046875
0 0.17890625 0.9015625 0.05 0.0609375
0 0.4640625 0.94921875 0.0375 0.0453125
0 0.0140625 0.87734375 0.028125 0.0984375
0 0.27578125 0.92421875 0.0328125 0.0359375
0 0.51171875 0.959375 0.0484375 0.08125
0 0.73125 0.9828125 0.0375 0.034375
0 0.2328125 0.92890625 0.05625 0.0484375
0 0.6890625 0.98828125 0.05 0.0234375
0 0.12421875 0.91796875 0.06875 0.0640625
0 0.6296875 0.9859375 0.053125 0.028125
0 0.1921875 0.93359375 0.0484375 0.0515625
0 0.57109375 0.98515625 0.0609375 0.0296875
0 0.296875 0.95234375 0.06875 0.0421875
0 0.475 0.98046875 0.059375 0.0390625
0 0.3515625 0.9640625 0.040625 0.0375
0 0.403125 0.97421875 0.078125 0.04375
0 0.2390625 0.95078125 0.053125 0.03125
0 0.915625 0.19609375 0.0203125 0.0390625