0 0.1625 0.9078125 0.05 0.0578125
0 0.271875 0.896875 0.0453125 0.05625
0 0.0859375 0.93515625 0.040625 0.05625
0 0.8 0.81328125 0.059375 0.059375
0 0.48359375 0.8765625 0.0453125 0.05625
0 0.378125 0.9 0.0546875 0.0625
0 0.575 0.8703125 0.053125 0.0484375
0 0.89921875 0.81484375 0.059375 0.059375
0 0.67109375 0.8578125 0.0484375 0.0484375
0 0.79375 0.03515625 0.0421875 0.0421875
0 0.35078125 0.98046875 0.0484375 0.0390625
0 0.2578125 0.9921875 0.04375 0.015625
0 0.89453125 0.8984375 0.059375 0.0640625
0 0.33203125 0.1203125 0.0484375 0.053125
0 0.78515625 0.93125 0.0484375 0.0484375
0 0.45390625 0.99140625 0.0546875 0.0171875
0 0.69375 0.96171875 0.040625 0.0296875
0 0.5765625 0.98671875 0.0390625 0.0203125
0 0.06171875 0.17265625 0.05 0.0578125
0 0.4125 0.1109375 0.0453125 0.05625
0 0.13046875 0.16328125 0.0484375 0.053125
0 0.51640625 0.1 0.04375 0.0515625
0 0.79765625 0.08125 0.0484375 0.0484375
0 0.484375 0.14609375 0.0390625 0.0515625
0 0.20546875 0.215625 0.05 0.0578125
0 0.3375 0.1921875 0.0484375 0.0484375
0 0.91875 0.08984375 0.040625 0.05625
0 0.5953125 0.146875 0.0390625 0.046875
0 0.1109375 0.0796875 0.0453125 0.034375
0 0.253125 0.05703125 0.053125 0.0484375
0 0.709375 0.153125 0.05 0.0578125
0 0.7953125 0.15234375 0.0390625 0.046875
0 0.884375 0.14765625 0.0421875 0.0421875
0 0.5875 0.2234375 0.05625 0.0453125
0 0.39140625 0.29609375 0.0375 0.0375
0 0.12890625 0.34375 0.04375 0.046875
0 0.04375 0.36640625 0.04375 0.0515625
0 0.2171875 0.33828125 0.04375 0.0515625
0 0.24453125 0.34296875 0.0390625 0.046875
0 0.509375 0.30078125 0.0578125 0.0546875
0 0.32890625 0.3421875 0.0453125 0.05625
0 0.29765625 0.35 0.0390625 0.0515625
0 0.39296875 0.3453125 0.05 0.0578125
0 0.6921875 0.296875 0.04375 0.0515625
0 0.6078125 0.32578125 0.0375 0.0375
0 0.50078125 0.35625 0.05 0.0578125
0 0.28046875 0.40234375 0.0546875 0.0578125
0 0.11015625 0.43671875 0.053125 0.053125
0 0.7859375 0.32265625 0.053125 0.053125
0 0.19453125 0.43203125 0.0578125 0.05
0 0.89609375 0.3078125 0.0453125 0.05625
0 0.60234375 0.36015625 0.053125 0.053125
0 0.02109375 0.46484375 0.0421875 0.0578125
0 0.93203125 0.334375 0.059375 0.059375
0 0.59140625 0.40625 0.0484375 0.0484375
0 0.70703125 0.3953125 0.0484375 0.053125
0 0.80078125 0.390625 0.0375 0.0421875
0 0.3796875 0.471875 0.05625 0.0453125
0 0.29140625 0.48984375 0.046875 0.0390625
0 0.20234375 0.515625 0.0484375 0.053125
0 0.0140625 0.54765625 0.028125 0.0546875
0 0.1046875 0.5375 0.04375 0.046875
0 0.50625 0.4796875 0.046875 0.04375
0 0.0921875 0.5578125 0.034375 0.0453125
0 0.29140625 0.5296875 0.059375 0.059375
0 0.39375 0.5234375 0.053125 0.053125
0 0.48828125 0.51640625 0.0484375 0.0484375
0 0.14296875 0.11171875 0.05 0.0359375
0 0.76875 0.51640625 0.05 0.0578125
0 0.16796875 0.62890625 0.0484375 0.0484375
0 0.5078125 0.56953125 0.053125 0.053125
0 0.2875 0.61484375 0.0390625 0.046875
0 0.38515625 0.61015625 0.04375 0.046875
0 0.58671875 0.5765625 0.0453125 0.0296875
0 0.06015625 0.6734375 0.059375 0.059375
0 0.6625 0.57890625 0.0484375 0.053125
0 0.88671875 0.546875 0.05 0.0578125
0 0.58359375 0.61484375 0.0484375 0.0484375
0 0.49140625 0.63828125 0.0484375 0.0484375
0 0.29375 0.6875 0.0484375 0.053125
0 0.9765625 0.57109375 0.046875 0.0578125
0 0.3828125 0.67578125 0.0484375 0.053125
0 0.79375 0.60625 0.0484375 0.053125
0 0.18984375 0.7140625 0.0484375 0.0484375
0 0.096875 0.7328125 0.05625 0.071875
0 0.70625 0.6421875 0.0453125 0.05625
0 0.22890625 0.1109375 0.0546875 0.0625
0 0.05859375 0.78046875 0.040625 0.0609375
0 0.45390625 0.7203125 0.0578125 0.0546875
0 0.18828125 0.771875 0.0484375 0.0484375
0 0.834375 0.68984375 0.05 0.0625
0 0.45390625 0.078125 0.0390625 0.046875
0 0.6765625 0.75546875 0.0484375 0.0484375
0 0.55625 0.790625 0.0546875 0.0578125
0 0.36953125 0.83828125 0.053125 0.0484375
0 0.97578125 0.734375 0.0484375 0.0625
0 0.275 0.859375 0.0375 0.0421875
0 0.2171875 0.871875 0.0515625 0.0671875
0 0.4640625 0.8328125 0.0421875 0.0421875