0 0.6171875 0.0703125 0.040625 0.034375
0 0.046875 0.1828125 0.0546875 0.0578125
0 0.7015625 0.06953125 0.046875 0.0390625
0 0.41484375 0.125 0.0515625 0.0390625
0 0.35859375 0.03125 0.0359375 0.0328125
0 0.5546875 0.10234375 0.04375 0.046875
0 0.77109375 0.0640625 0.04375 0.046875
0 0.14609375 0.06875 0.0328125 0.0328125
0 0.196875 0.06015625 0.028125 0.03125
0 0.1484375 0.1859375 0.0484375 0.0484375
0 0.634375 0.10234375 0.04375 0.046875
0 0.21953125 0.05625 0.040625 0.034375
0 0.0234375 0.090625 0.040625 0.034375
0 0.4796875 0.134375 0.0484375 0.053125
0 0.01796875 0.22265625 0.0359375 0.0546875
0 0.27890625 0.17734375 0.059375 0.0375
0 0.896875 0.06796875 0.04375 0.046875
0 0.54296875 0.14453125 0.0484375 0.0484375
0 0.69453125 0.121875 0.05625 0.0453125
0 0.125 0.22734375 0.046875 0.04375
0 0.60390625 0.14296875 0.053125 0.053125
0 0.36640625 0.18515625 0.0421875 0.0375
0 0.409375 0.18203125 0.0578125 0.05
0 0.28828125 0.203125 0.034375 0.0234375
0 0.853125 0.10390625 0.04375 0.046875
0 0.10625 0.08046875 0.0453125 0.034375
0 0.51328125 0.01484375 0.0421875 0.0296875
0 0.065625 0.08984375 0.053125 0.0484375
0 0.765625 0.15234375 0.0484375 0.0484375
0 0.55078125 0.190625 0.0703125 0.0515625
0 0.68828125 0.16875 0.0421875 0.0421875
0 0.10703125 0.284375 0.053125 0.0484375
0 0.2078125 0.26875 0.0546875 0.0359375
0 0.3140625 0.26015625 0.0546875 0.0578125
0 0.509375 0.2328125 0.04375 0.046875
0 0.0109375 0.328125 0.021875 0.059375
0 0.31328125 0.0515625 0.0515625 0.04375
0 0.39921875 0.259375 0.0515625 0.04375
0 0.65390625 0.2140625 0.0484375 0.053125
0 0.90703125 0.18125 0.0640625 0.059375
0 0.584375 0.24296875 0.0640625 0.059375
0 0.44375 0.03046875 0.0375 0.0421875
0 0.7046875 0.2359375 0.06875 0.065625
0 0.0875 0.34765625 0.059375 0.059375
0 0.26328125 0.31640625 0.053125 0.053125
0 0.21328125 0.32734375 0.0640625 0.059375
0 0.5859375 0.0140625 0.034375 0.028125
0 0.83125 0.23203125 0.0640625 0.059375
0 0.35078125 0.33359375 0.0546875 0.0578125
0 0.4765625 0.31171875 0.0484375 0.0484375
0 0.403125 0.3359375 0.06875 0.0609375
0 0.56875 0.31640625 0.0546875 0.0578125
0 0.6125 0.01328125 0.046875 0.0265625
0 0.65625 0.00703125 0.040625 0.0140625
0 0.95390625 0.290625 0.04375 0.0921875
0 0.815625 0.31484375 0.06875 0.065625
0 0.66875 0.35078125 0.075 0.0703125
0 0.2390625 0.4609375 0.06875 0.0609375
0 0.14609375 0.47734375 0.09375 0.078125
0 0.415625 0.04921875 0.053125 0.0484375
0 0.77578125 0.3734375 0.078125 0.0671875
0 0.403125 0.44609375 0.06875 0.065625
0 0.5828125 0.42421875 0.0765625 0.0578125
0 0.94375 0.40234375 0.0703125 0.0703125
0 0.109375 0.11015625 0.040625 0.0296875
0 0.3078125 0.52890625 0.084375 0.0765625
0 0.57421875 0.50859375 0.08125 0.08125
0 0.07265625 0.6078125 0.096875 0.075
0 0.021875 0.13359375 0.04375 0.0484375
0 0.80234375 0.51015625 0.075 0.075
0 0.24296875 0.09609375 0.0328125 0.0359375
0 0.7515625 0.01484375 0.0375 0.0296875
0 0.52421875 0.0515625 0.0421875 0.0421875
0 0.18671875 0.1109375 0.0375 0.0375
0 0.35390625 0.08359375 0.046875 0.04375
0 0.82109375 0.0140625 0.0484375 0.028125
0 0.67265625 0.02734375 0.0421875 0.0421875
0 0.57578125 0.046875 0.0484375 0.0484375
0 0.58046875 0.7046875 0.1078125 0.090625
0 0.71796875 0.02890625 0.04375 0.0515625
0 0.78515625 0.01796875 0.0421875 0.0359375
0 0.09921875 0.84296875 0.10625 0.103125
0 0.3640625 0.86484375 0.115625 0.1046875
0 0.115625 0.1453125 0.040625 0.034375
0 0.4421875 0.0921875 0.0484375 0.0484375
0 0.41015625 0.01796875 0.03125 0.0234375
0 0.715625 0.88203125 0.1296875 0.10625
0 0.28046875 0.125 0.046875 0.04375
0 0.89453125 0.01953125 0.0421875 0.0390625
0 0.21953125 0.1375 0.0484375 0.0484375
0 0.9109375 0.88125 0.134375 0.1125