0 0.4984375 0.74296875 0.225 0.1421875
0 0.97265625 0.08515625 0.0546875 0.0328125
0 0.3234375 0.79765625 0.2015625 0.1234375
0 0.50703125 0.0859375 0.065625 0.0609375
0 0.615625 0.0953125 0.1171875 0.0625
0 0.2203125 0.0921875 0.075 0.046875
0 0.48828125 0.1015625 0.0796875 0.065625
0 0.76875 0.10859375 0.0984375 0.0625
0 0.2875 0.1046875 0.065625 0.0515625
0 0.9671875 0.1265625 0.065625 0.053125
0 0.15703125 0.12578125 0.084375 0.046875
0 0.7171875 0.140625 0.084375 0.046875
0 0.81171875 0.01953125 0.065625 0.0296875
0 0.353125 0.134375 0.09375 0.053125
0 0.05 0.0125 0.065625 0.025
0 0.81640625 0.14921875 0.09375 0.0671875
0 0.58984375 0.15859375 0.0703125 0.05625
0 0.06875 0.1515625 0.065625 0.046875
0 0.9125 0.16875 0.09375 0.0859375
0 0.65390625 0.17578125 0.09375 0.0765625
0 0.61015625 0.0203125 0.084375 0.0375
0 0.12578125 0.1859375 0.1078125 0.0578125
0 0.35234375 0.19453125 0.09375 0.0578125
0 0.90234375 0.028125 0.075 0.0421875
0 0.8234375 0.2671875 0.1125 0.0765625
0 0.52265625 0.26640625 0.1265625 0.071875
0 0.9796875 0.28828125 0.040625 0.0703125
0 0.309375 0.28828125 0.09375 0.0671875
0 0.3828125 0.33828125 0.075 0.0328125
0 0.05390625 0.3390625 0.0984375 0.0578125
0 0.9765625 0.3578125 0.0421875 0.0890625
0 0.8609375 0.36484375 0.1359375 0.08125
0 0.50703125 0.3609375 0.13125 0.0859375
0 0.17265625 0.39296875 0.1125 0.0765625
0 0.05234375 0.415625 0.103125 0.08125
0 0.71640625 0.4390625 0.1265625 0.0859375
0 0.38515625 0.44921875 0.1359375 0.0671875
0 0.5265625 0.046875 0.0515625 0.0328125
0 0.95078125 0.49765625 0.0984375 0.1078125
0 0.621875 0.5390625 0.1546875 0.1046875
0 0.4109375 0.53984375 0.1546875 0.0953125
0 0.8390625 0.0609375 0.0796875 0.0609375
0 0.90859375 0.6921875 0.16875 0.146875
0 0.059375 0.6796875 0.11875 0.159375