0 0.41328125 0.303125 0.0484375 0.078125
0 0.1921875 0.32421875 0.0484375 0.078125
0 0.6671875 0.2875 0.0421875 0.071875
0 0.1125 0.3453125 0.0484375 0.078125
0 0.57421875 0.30546875 0.0234375 0.0515625
0 0.903125 0.27890625 0.0484375 0.0828125
0 0.01328125 0.37421875 0.0265625 0.0671875
0 0.70859375 0.38671875 0.053125 0.0828125
0 0.53515625 0.40390625 0.0484375 0.0828125
0 0.10234375 0.44609375 0.04375 0.08125
0 0.1859375 0.44140625 0.0578125 0.078125
0 0.428125 0.425 0.059375 0.096875
0 0.28984375 0.44140625 0.053125 0.0875
0 0.84375 0.39765625 0.053125 0.078125
0 0.95625 0.4 0.0484375 0.0828125
0 0.02890625 0.4875 0.046875 0.0734375
0 0.4546875 0.540625 0.0546875 0.096875
0 0.8421875 0.52578125 0.053125 0.078125
0 0.2375 0.58359375 0.0484375 0.0875
0 0.3421875 0.57421875 0.0484375 0.0875
0 0.53125 0.5625 0.0640625 0.1015625
0 0.05 0.61875 0.0625 0.0875
0 0.153125 0.61875 0.0578125 0.0921875
0 0.915625 0.55234375 0.040625 0.04375
0 0.709375 0.58125 0.0484375 0.0875
0 0.971875 0.56015625 0.05625 0.0921875
0 0.82734375 0.60625 0.0625 0.0875
0 0.91796875 0.62578125 0.0578125 0.0921875
0 0.7578125 0.0453125 0.0515625 0.0734375
0 0.61953125 0.67734375 0.053125 0.0921875
0 0.675 0.67265625 0.04375 0.08125
0 0.21015625 0.715625 0.053125 0.0921875
0 0.08046875 0.72734375 0.0625 0.0921875
0 0.43671875 0.70546875 0.053125 0.0875
0 0.32578125 0.7171875 0.0484375 0.0828125
0 0.54609375 0.70546875 0.0671875 0.09375
0 0.94453125 0.0359375 0.0296875 0.071875
0 0.84140625 0.04765625 0.0625 0.0875
0 0.603125 0.853125 0.0578125 0.078125
0 0.7484375 0.840625 0.0578125 0.0828125
0 0.3046875 0.8984375 0.0671875 0.09375
0 0.13828125 0.9125 0.059375 0.096875
0 0.503125 0.8859375 0.0578125 0.0921875
0 0.0828125 0.94375 0.0484375 0.0875
0 0.17890625 0.11953125 0.0515625 0.0734375
0 0.33984375 0.10703125 0.0421875 0.071875
0 0.3953125 0.1046875 0.0421875 0.0625
0 0.0890625 0.1359375 0.0578125 0.0875
0 0.26015625 0.1234375 0.0421875 0.0671875
0 0.45 0.1421875 0.0375 0.0625
0 0.4296875 0.16875 0.053125 0.0875
0 0.5546875 0.16953125 0.0328125 0.0625
0 0.034375 0.22265625 0.05625 0.0734375
0 0.9640625 0.14609375 0.0109375 0.0703125
0 0.7671875 0.1609375 0.053125 0.078125
0 0.88984375 0.15 0.0484375 0.078125
0 0.6828125 0.1703125 0.0515625 0.0734375
0 0.225 0.221875 0.046875 0.0734375
0 0.32734375 0.22734375 0.04375 0.0765625
0 0.125 0.24765625 0.0421875 0.0671875
0 0.49453125 0.278125 0.0578125 0.0875
0 0.30859375 0.3 0.0578125 0.0921875
0 0.7625 0.26328125 0.053125 0.0875