0 0.24296875 0.1484375 0.021875 0.0265625
0 0.16953125 0.15703125 0.034375 0.0453125
0 0.9234375 0.265625 0.078125 0.109375
0 0.72734375 0.246875 0.0765625 0.1015625
0 0.575 0.2484375 0.0796875 0.11875
0 0.83359375 0.28984375 0.0265625 0.03125
0 0.38125 0.22578125 0.0421875 0.05
0 0.87421875 0.3 0.0421875 0.046875
0 0.11796875 0.2078125 0.021875 0.0265625
0 0.21640625 0.221875 0.0328125 0.0359375
0 0.0578125 0.2046875 0.05 0.065625
0 0.26640625 0.2453125 0.05 0.065625
0 0.3375 0.25703125 0.0625 0.090625
0 0.98125 0.35625 0.0375 0.1
0 0.18671875 0.2546875 0.0375 0.05
0 0.11328125 0.24453125 0.0171875 0.0203125
0 0.46171875 0.321875 0.071875 0.0953125
0 0.27265625 0.37421875 0.071875 0.0953125
0 0.3734375 0.62265625 0.0765625 0.0921875