0 0.0859375 0.25 0.0734375 0.0625
0 0.22890625 0.31953125 0.03125 0.0234375
0 0.34296875 0.3515625 0.0578125 0.05
0 0.240625 0.33203125 0.0328125 0.028125
0 0.45546875 0.37578125 0.0515625 0.040625
0 0.63671875 0.415625 0.0296875 0.01875
0 0.31796875 0.35390625 0.0265625 0.0234375
0 0.190625 0.33125 0.0328125 0.028125
0 0.15390625 0.3265625 0.03125 0.0234375
0 0.5953125 0.4125 0.0203125 0.0171875
0 0.278125 0.35546875 0.028125 0.028125
0 0.4140625 0.384375 0.0265625 0.0234375
0 0.14375 0.340625 0.0265625 0.0234375
0 0.1546875 0.359375 0.0375 0.034375
0 0.675 0.47265625 0.0203125 0.0125
0 0.82890625 0.50546875 0.0265625 0.0234375
0 0.8453125 0.50859375 0.03125 0.0234375
0 0.69765625 0.4796875 0.0234375 0.0265625
0 0.53125 0.44921875 0.0203125 0.0171875
0 0.48515625 0.440625 0.034375 0.025
0 0.596875 0.4625 0.0203125 0.0125
0 0.74609375 0.49375 0.0203125 0.0171875
0 0.71484375 0.4875 0.0265625 0.0234375
0 0.725 0.4921875 0.0265625 0.0234375
0 0.78046875 0.503125 0.03125 0.0234375
0 0.6546875 0.48046875 0.0328125 0.028125
0 0.940625 0.53671875 0.0359375 0.0296875
0 0.41640625 0.434375 0.025 0.01875
0 0.91328125 0.53125 0.0421875 0.034375
0 0.6125 0.47734375 0.0265625 0.0234375
0 0.39140625 0.4390625 0.040625 0.0296875
0 0.57109375 0.47421875 0.0203125 0.0171875
0 0.2109375 0.40859375 0.034375 0.025
0 0.49765625 0.46484375 0.05 0.03125
0 0.88359375 0.53984375 0.040625 0.0296875
0 0.62890625 0.4921875 0.03125 0.0234375
0 0.60078125 0.48828125 0.034375 0.025
0 0.784375 0.5265625 0.040625 0.0296875
0 0.234375 0.421875 0.040625 0.0296875
0 0.5546875 0.48671875 0.040625 0.0296875
0 0.83359375 0.54375 0.05 0.0359375
0 0.7484375 0.53125 0.0421875 0.034375
0 0.45078125 0.4734375 0.05 0.0359375
0 0.91796875 0.5671875 0.0453125 0.03125
0 0.18515625 0.43359375 0.0453125 0.0359375
0 0.7140625 0.5390625 0.05625 0.0453125
0 0.62421875 0.5265625 0.05 0.0359375
0 0.5578125 0.51640625 0.05625 0.040625
0 0.68359375 0.55 0.0625 0.0515625
0 0.91640625 0.60234375 0.0734375 0.0625
0 0.2421875 0.48125 0.059375 0.0375
0 0.2484375 0.51015625 0.05 0.0359375
0 0.5625 0.58046875 0.084375 0.0734375
0 0.1796875 0.5203125 0.078125 0.0625
0 0.76875 0.64453125 0.1140625 0.096875
0 0.659375 0.65078125 0.109375 0.090625
0 0.90859375 0.7046875 0.1015625 0.0890625
0 0.3625 0.60078125 0.078125 0.0671875