0 0.609375 0.1859375 0.04375 0.065625
0 0.2390625 0.20078125 0.034375 0.0515625
0 0.859375 0.184375 0.05 0.09375
0 0.73671875 0.190625 0.04375 0.0890625
0 0.36953125 0.20390625 0.034375 0.0609375
0 0.478125 0.2046875 0.04375 0.0703125
0 0.65390625 0.20546875 0.034375 0.0703125
0 0.96875 0.196875 0.0359375 0.1125
0 0.08125 0.2328125 0.0546875 0.0984375
0 0.915625 0.2046875 0.04375 0.084375
0 0.3421875 0.22734375 0.034375 0.075
0 0.41640625 0.2296875 0.04375 0.0796875
0 0.53671875 0.23671875 0.04375 0.0703125
0 0.821875 0.22890625 0.0453125 0.09375
0 0.271875 0.25078125 0.0296875 0.0609375
0 0.6953125 0.24296875 0.0484375 0.0765625
0 0.2484375 0.26328125 0.04375 0.0796875
0 0.30625 0.26328125 0.0484375 0.0890625
0 0.36953125 0.278125 0.0390625 0.0703125
0 0.6171875 0.27421875 0.034375 0.05625
0 0.121875 0.29375 0.05 0.0984375
0 0.20625 0.29453125 0.0453125 0.0984375
0 0.74765625 0.30390625 0.04375 0.065625
0 0.52421875 0.328125 0.04375 0.0609375
0 0.2796875 0.36875 0.034375 0.0796875
0 0.35390625 0.365625 0.0390625 0.0796875
0 0.23671875 0.40078125 0.04375 0.0796875
0 0.43359375 0.3984375 0.0484375 0.0890625
0 0.484375 0.39921875 0.034375 0.0609375
0 0.58984375 0.4 0.034375 0.0609375
0 0.053125 0.43671875 0.053125 0.0765625
0 0.55078125 0.4265625 0.04375 0.075
0 0.71328125 0.4296875 0.04375 0.0890625
0 0.50078125 0.446875 0.0390625 0.0515625
0 0.64921875 0.44140625 0.04375 0.0796875
0 0.97734375 0.47109375 0.0453125 0.1078125
0 0.471875 0.50078125 0.0390625 0.075
0 0.771875 0.52109375 0.04375 0.0890625
0 0.33984375 0.5421875 0.0546875 0.0984375
0 0.0640625 0.559375 0.053125 0.0765625
0 0.259375 0.5734375 0.0546875 0.1125
0 0.15546875 0.57890625 0.059375 0.1125
0 0.41484375 0.5890625 0.0390625 0.075
0 0.8875 0.590625 0.04375 0.0890625
0 0.5984375 0.603125 0.0640625 0.1125
0 0.34296875 0.7140625 0.059375 0.1359375
0 0.89453125 0.1296875 0.0390625 0.0703125
0 0.6875 0.1546875 0.0484375 0.071875
0 0.7890625 0.15859375 0.034375 0.0609375