0 0.5015625 0.01796875 0.021875 0.0359375
0 0.415625 0.01484375 0.021875 0.0296875
0 0.56796875 0.02265625 0.0171875 0.0375
0 0.65859375 0.02890625 0.0171875 0.0375
0 0.934375 0.221875 0.0484375 0.0953125
0 0.78984375 0.21171875 0.0375 0.071875
0 0.16328125 0.00859375 0.0265625 0.0171875
0 0.33203125 0.01640625 0.0265625 0.0328125
0 0.9328125 0.05234375 0.034375 0.04375
0 0.80390625 0.04375 0.015625 0.0296875
0 0.7390625 0.04140625 0.0265625 0.0515625
0 0.43046875 0.23046875 0.06875 0.1375
0 0.6390625 0.034375 0.0171875 0.0421875
0 0.43828125 0.021875 0.0265625 0.04375
0 0.97890625 0.0578125 0.03125 0.053125
0 0.06953125 0.2515625 0.0828125 0.1296875
0 0.53515625 0.0296875 0.0171875 0.0421875
0 0.72265625 0.30859375 0.0609375 0.1515625
0 0.6140625 0.0375 0.0171875 0.0375
0 0.6671875 0.040625 0.0109375 0.028125
0 0.5609375 0.03515625 0.021875 0.0515625
0 0.5546875 0.34140625 0.0609375 0.1421875
0 0.2734375 0.01953125 0.015625 0.0296875
0 0.92890625 0.40703125 0.0703125 0.146875
0 0.034375 0.35625 0.059375 0.11875
0 0.22890625 0.0234375 0.0265625 0.046875
0 0.54375 0.04296875 0.0109375 0.0328125
0 0.81328125 0.0625 0.021875 0.0421875
0 0.0765625 0.01484375 0.021875 0.0296875
0 0.58984375 0.04921875 0.021875 0.0515625
0 0.8828125 0.06953125 0.021875 0.0421875
0 0.58984375 0.45078125 0.0953125 0.1671875
0 0.75546875 0.0625 0.0171875 0.0375
0 0.41015625 0.48203125 0.0984375 0.2234375
0 0.7046875 0.06171875 0.021875 0.0421875
0 0.79296875 0.06796875 0.021875 0.046875
0 0.2796875 0.034375 0.015625 0.0328125
0 0.809375 0.02734375 0.015625 0.015625
0 0.4859375 0.00625 0.015625 0.0125
0 0.8453125 0.0765625 0.03125 0.053125
0 0.25390625 0.0375 0.0265625 0.0515625
0 0.4015625 0.04765625 0.0265625 0.0515625
0 0.9578125 0.08671875 0.03125 0.04375
0 0.82109375 0.08125 0.0109375 0.01875
0 0.76640625 0.07734375 0.0203125 0.0328125
0 0.11484375 0.03671875 0.0546875 0.0640625
0 0.625 0.07265625 0.03125 0.053125
0 0.68515625 0.0765625 0.021875 0.0515625
0 0.91328125 0.0953125 0.021875 0.0421875
0 0.56875 0.0734375 0.021875 0.05625
0 0.8765625 0.034375 0.0203125 0.0203125
0 0.4671875 0.0078125 0.015625 0.015625
0 0.5875 0.0140625 0.015625 0.0203125
0 0.984375 0.10546875 0.03125 0.0765625
0 0.52734375 0.07265625 0.0265625 0.0515625
0 0.728125 0.09140625 0.0265625 0.05625
0 0.42109375 0.07734375 0.0359375 0.0625
0 0.4875 0.084375 0.0328125 0.08125
0 0.52734375 0.01015625 0.015625 0.0203125
0 0.77109375 0.1109375 0.0328125 0.0625
0 0.64609375 0.10390625 0.028125 0.0609375
0 0.25703125 0.08359375 0.0421875 0.08125
0 0.65703125 0.11171875 0.0375 0.0765625
0 0.27421875 0.003125 0.0203125 0.00625
0 0.31484375 0.0046875 0.0203125 0.009375
0 0.8296875 0.03359375 0.015625 0.025
0 0.85703125 0.0375 0.015625 0.0296875
0 0.21953125 0.00390625 0.0203125 0.0078125
0 0.62421875 0.021875 0.0203125 0.0296875
0 0.68671875 0.02578125 0.015625 0.0296875
0 0.74921875 0.03046875 0.015625 0.0296875
0 0.1078125 0.10625 0.0421875 0.071875
0 0.28984375 0.12109375 0.0484375 0.1
0 0.79375 0.15625 0.0328125 0.0671875
0 0.34921875 0.00859375 0.0203125 0.0171875
0 0.84296875 0.0390625 0.0203125 0.0328125
0 0.68671875 0.028125 0.0203125 0.0328125
0 0.77578125 0.034375 0.025 0.0328125
0 0.434375 0.13828125 0.040625 0.0671875
0 0.7578125 0.1609375 0.0328125 0.08125
0 0.5796875 0.1578125 0.0421875 0.08125
0 0.21015625 0.134375 0.065625 0.1421875
0 0.19609375 0.00390625 0.0203125 0.0078125
0 0.79921875 0.0359375 0.0203125 0.0296875
0 0.1078125 0.0046875 0.03125 0.009375
0 0.8375 0.184375 0.0328125 0.0765625