0 0.571875 0.3234375 0.00625 0.0140625
0 0.51640625 0.33515625 0.0109375 0.015625
0 0.73046875 0.30859375 0.0109375 0.015625
0 0.49453125 0.33984375 0.0109375 0.0203125
0 0.4234375 0.34921875 0.0109375 0.0109375
0 0.53828125 0.33671875 0.0109375 0.015625
0 0.39765625 0.3546875 0.00625 0.0140625
0 0.5125 0.34140625 0.0109375 0.015625
0 0.4046875 0.3546875 0.00625 0.009375
0 0.55234375 0.33671875 0.015625 0.0203125
0 0.48125 0.3453125 0.0109375 0.015625
0 0.41640625 0.35390625 0.0109375 0.015625
0 0.740625 0.3140625 0.0109375 0.015625
0 0.33203125 0.36640625 0.0109375 0.0109375
0 0.38046875 0.36015625 0.0109375 0.0109375
0 0.7546875 0.3140625 0.0171875 0.025
0 0.36640625 0.36171875 0.0171875 0.025
0 0.6078125 0.3328125 0.0109375 0.015625
0 0.57421875 0.3390625 0.00625 0.009375
0 0.42421875 0.35703125 0.0109375 0.0109375
0 0.46796875 0.35234375 0.015625 0.015625
0 0.675 0.32890625 0.0125 0.025
0 0.35546875 0.36796875 0.0109375 0.0109375
0 0.34375 0.36953125 0.0109375 0.0109375
0 0.56953125 0.3421875 0.0109375 0.015625
0 0.3859375 0.3671875 0.0109375 0.015625
0 0.44609375 0.359375 0.0109375 0.0203125
0 0.78046875 0.31796875 0.0171875 0.025
0 0.5875 0.3421875 0.015625 0.0203125
0 0.659375 0.3359375 0.0109375 0.015625
0 0.57890625 0.3453125 0.0109375 0.015625
0 0.8265625 0.31484375 0.021875 0.025
0 0.3328125 0.378125 0.0109375 0.0203125
0 0.40703125 0.37109375 0.0109375 0.015625
0 0.325 0.38125 0.0109375 0.0203125
0 0.35859375 0.37734375 0.00625 0.009375
0 0.3890625 0.3734375 0.0109375 0.015625
0 0.3015625 0.384375 0.015625 0.0203125
0 0.4875 0.36171875 0.0109375 0.015625
0 0.63515625 0.34296875 0.0109375 0.015625
0 0.5640625 0.35234375 0.0125 0.025
0 0.5 0.3625 0.0109375 0.015625
0 0.6484375 0.34375 0.0109375 0.0203125
0 0.4578125 0.3671875 0.0109375 0.015625
0 0.47421875 0.365625 0.0109375 0.015625
0 0.4375 0.36953125 0.015625 0.0203125
0 0.609375 0.3484375 0.0109375 0.0203125
0 0.84609375 0.31953125 0.021875 0.025
0 0.34765625 0.38359375 0.015625 0.015625
0 0.42421875 0.37421875 0.015625 0.0203125
0 0.55546875 0.36015625 0.0109375 0.015625
0 0.896875 0.31796875 0.0234375 0.0390625
0 0.41484375 0.37734375 0.00625 0.0140625
0 0.54609375 0.36171875 0.0171875 0.025
0 0.31640625 0.38984375 0.0109375 0.015625
0 0.6609375 0.346875 0.015625 0.0203125
0 0.6265625 0.35390625 0.0109375 0.0203125
0 0.00234375 0.43046875 0.0046875 0.0515625
0 0.596875 0.3578125 0.015625 0.0203125
0 0.64296875 0.35390625 0.0109375 0.0203125
0 0.92578125 0.31953125 0.0125 0.025
0 0.53515625 0.3671875 0.0171875 0.025
0 0.2703125 0.4 0.0171875 0.025
0 0.80390625 0.334375 0.0171875 0.025
0 0.215625 0.40859375 0.0109375 0.015625
0 0.3859375 0.38828125 0.0109375 0.015625
0 0.25078125 0.4046875 0.021875 0.0296875
0 0.4546875 0.38203125 0.0109375 0.015625
0 0.434375 0.384375 0.015625 0.0203125
0 0.48984375 0.37734375 0.0109375 0.0203125
0 0.28984375 0.40234375 0.015625 0.0203125
0 0.57890625 0.36640625 0.0171875 0.025
0 0.35234375 0.396875 0.0125 0.025
0 0.94765625 0.32421875 0.028125 0.0390625
0 0.4640625 0.3828125 0.0171875 0.025
0 0.496875 0.38125 0.0171875 0.025
0 0.5890625 0.3703125 0.0109375 0.015625
0 0.23515625 0.41328125 0.0171875 0.0296875
0 0.3296875 0.40234375 0.0171875 0.025
0 0.8390625 0.33984375 0.0265625 0.03125
0 0.525 0.38046875 0.021875 0.025
0 0.35703125 0.40078125 0.0125 0.025
0 0.9703125 0.32578125 0.028125 0.0390625
0 0.47890625 0.3859375 0.0171875 0.025
0 0.51640625 0.38125 0.021875 0.0296875
0 0.41015625 0.396875 0.021875 0.0296875
0 0.6609375 0.36640625 0.0171875 0.0296875
0 0.396875 0.40078125 0.015625 0.0203125
0 0.59453125 0.3765625 0.0109375 0.0109375
0 0.17421875 0.43046875 0.021875 0.034375
0 0.7578125 0.35859375 0.0234375 0.0390625
0 0.18828125 0.42890625 0.0171875 0.025
0 0.20859375 0.42890625 0.021875 0.025
0 0.6453125 0.37734375 0.0171875 0.025
0 0.278125 0.42265625 0.021875 0.0296875
0 0.21796875 0.4296875 0.015625 0.0203125
0 0.78828125 0.3625 0.021875 0.025
0 0.08359375 0.4484375 0.01875 0.0375
0 0.3453125 0.41875 0.021875 0.025
0 0.63046875 0.384375 0.021875 0.034375
0 0.3 0.42734375 0.0234375 0.0390625
0 0.6125 0.390625 0.021875 0.0296875
0 0.26796875 0.43359375 0.0234375 0.0390625
0 0.4546875 0.41015625 0.0171875 0.025
0 0.58515625 0.39609375 0.015625 0.0203125
0 0.56484375 0.3984375 0.0234375 0.0390625
0 0.43828125 0.4140625 0.021875 0.0296875
0 0.39453125 0.41953125 0.0171875 0.025
0 0.82734375 0.36875 0.0234375 0.0390625
0 0.70625 0.39296875 0.028125 0.0390625
0 0.11796875 0.46484375 0.028125 0.04375
0 0.46953125 0.421875 0.021875 0.0296875
0 0.8484375 0.37734375 0.0234375 0.04375
0 0.20078125 0.45703125 0.021875 0.034375
0 0.178125 0.4625 0.0375 0.05
0 0.671875 0.4015625 0.021875 0.025
0 0.2453125 0.45625 0.021875 0.034375
0 0.221875 0.459375 0.0234375 0.0390625
0 0.796875 0.39140625 0.0234375 0.0390625
0 0.29375 0.453125 0.021875 0.034375
0 0.36484375 0.446875 0.021875 0.0296875
0 0.321875 0.4515625 0.021875 0.0296875
0 0.91015625 0.38203125 0.0359375 0.0625
0 0.02734375 0.490625 0.0328125 0.0484375
0 0.51953125 0.4296875 0.021875 0.0296875
0 0.5953125 0.42265625 0.0234375 0.0390625
0 0.7359375 0.40546875 0.0265625 0.034375
0 0.05390625 0.49453125 0.028125 0.04375
0 0.6453125 0.4265625 0.021875 0.0296875
0 0.76953125 0.4109375 0.0375 0.05
0 0.62890625 0.43046875 0.0234375 0.0390625
0 0.82734375 0.4109375 0.0328125 0.0484375
0 0.21796875 0.4859375 0.0234375 0.0390625
0 0.10546875 0.5 0.0328125 0.0484375
0 0.67890625 0.43671875 0.021875 0.034375
0 0.00703125 0.52109375 0.0140625 0.0328125
0 0.8796875 0.41640625 0.04375 0.06875
0 0.1578125 0.50703125 0.0375 0.0546875
0 0.94453125 0.41484375 0.059375 0.075
0 0.05078125 0.52890625 0.028125 0.0484375
0 0.1296875 0.521875 0.0390625 0.059375
0 0.25859375 0.5109375 0.028125 0.0484375
0 0.23515625 0.528125 0.0375 0.05
0 0.71640625 0.47109375 0.034375 0.053125
0 0.45703125 0.51015625 0.0234375 0.0390625
0 0.63984375 0.49453125 0.0328125 0.0484375
0 0.31640625 0.54609375 0.028125 0.0390625
0 0.3578125 0.54140625 0.028125 0.0390625
0 0.7921875 0.4875 0.0375 0.05
0 0.278125 0.55078125 0.028125 0.0390625
0 0.434375 0.53671875 0.028125 0.04375
0 0.5515625 0.521875 0.028125 0.0390625
0 0.98359375 0.47109375 0.0328125 0.0765625
0 0.08359375 0.58359375 0.0375 0.0546875
0 0.48359375 0.53671875 0.034375 0.053125
0 0.03671875 0.5984375 0.053125 0.0703125
0 0.59296875 0.5328125 0.0234375 0.0390625
0 0.1984375 0.58828125 0.0390625 0.059375
0 0.5140625 0.55859375 0.028125 0.0390625
0 0.38125 0.5796875 0.0375 0.0546875
0 0.86875 0.5203125 0.0484375 0.06875
0 0.63046875 0.55625 0.0234375 0.0390625
0 0.46640625 0.58359375 0.034375 0.053125
0 0.32109375 0.621875 0.0421875 0.0546875
0 0.66484375 0.584375 0.05 0.0734375
0 0.284375 0.63828125 0.034375 0.053125
0 0.78046875 0.60078125 0.04375 0.06875
0 0.70859375 0.6421875 0.0484375 0.06875
0 0.22734375 0.70859375 0.0484375 0.0640625
0 0.11796875 0.7265625 0.04375 0.06875