0 0.39921875 0.18671875 0.090625 0.15
0 0.69453125 0.26875 0.109375 0.146875
0 0.50546875 0.27578125 0.0953125 0.1359375
0 0.33828125 0.27421875 0.0828125 0.1625
0 0.7984375 0.328125 0.1 0.1421875
0 0.56015625 0.3703125 0.0796875 0.121875
0 0.36953125 0.37265625 0.0859375 0.1359375
0 0.47265625 0.41875 0.1015625 0.15625
0 0.24921875 0.415625 0.11875 0.1625
0 0.8109375 0.50390625 0.0875 0.159375
0 0.13203125 0.45625 0.115625 0.175
0 0.61953125 0.51484375 0.1375 0.1640625
0 0.3203125 0.56328125 0.1 0.1421875
0 0.4296875 0.6984375 0.10625 0.1640625
0 0.5984375 0.1484375 0.090625 0.140625
0 0.74609375 0.16171875 0.0875 0.1125