0 0.5375 0.328125 0.0046875 0.0046875
0 0.53046875 0.32890625 0.0046875 0.0046875
0 0.5328125 0.3296875 0.0046875 0.0046875
0 0.53125 0.33671875 0.0046875 0.0046875
0 0.54765625 0.34921875 0.0046875 0.0046875
0 0.48984375 0.3453125 0.0046875 0.0046875
0 0.58046875 0.3609375 0.0046875 0.0046875
0 0.48046875 0.34375 0.0046875 0.0046875
0 0.528125 0.3515625 0.0046875 0.0046875
0 0.61953125 0.36796875 0.0046875 0.0046875
0 0.5328125 0.3546875 0.0046875 0.0046875
0 0.58515625 0.3640625 0.0046875 0.0046875
0 0.5 0.34921875 0.0046875 0.0046875
0 0.5640625 0.3609375 0.0046875 0.0046875
0 0.5234375 0.353125 0.0046875 0.0046875
0 0.50234375 0.35234375 0.0046875 0.0046875
0 0.61484375 0.371875 0.0046875 0.0046875
0 0.53671875 0.3578125 0.0046875 0.0046875
0 0.43828125 0.340625 0.0046875 0.0046875
0 0.45 0.34296875 0.0046875 0.0046875
0 0.47265625 0.34921875 0.0046875 0.0046875
0 0.55234375 0.36328125 0.0046875 0.0046875
0 0.58203125 0.36875 0.0046875 0.0046875
0 0.5203125 0.3578125 0.0046875 0.0046875
0 0.59375 0.3703125 0.0046875 0.0046875
0 0.5546875 0.36640625 0.0046875 0.0046875
0 0.59765625 0.3734375 0.0046875 0.0046875
0 0.47421875 0.3515625 0.0046875 0.0046875
0 0.58828125 0.371875 0.0046875 0.0046875
0 0.48828125 0.3546875 0.0046875 0.0046875
0 0.61171875 0.37578125 0.0046875 0.0046875
0 0.3984375 0.340625 0.0046875 0.0046875
0 0.5578125 0.36875 0.0046875 0.0046875
0 0.51015625 0.3609375 0.0046875 0.0046875
0 0.5671875 0.3703125 0.0046875 0.0046875
0 0.57421875 0.371875 0.0046875 0.0046875
0 0.60625 0.37734375 0.0046875 0.0046875
0 0.4125 0.34375 0.0046875 0.0046875
0 0.4484375 0.35 0.00625 0.009375
0 0.578125 0.375 0.0046875 0.0046875
0 0.453125 0.353125 0.0109375 0.015625
0 0.46015625 0.35390625 0.0046875 0.0046875
0 0.5375 0.36796875 0.0109375 0.015625
0 0.528125 0.36640625 0.0046875 0.0046875
0 0.5328125 0.3671875 0.00625 0.009375
0 0.60390625 0.3796875 0.0046875 0.0046875
0 0.61328125 0.38125 0.0046875 0.0046875
0 0.48984375 0.359375 0.0046875 0.0046875
0 0.50078125 0.3609375 0.0046875 0.0046875
0 0.61875 0.384375 0.0046875 0.0046875
0 0.628125 0.3859375 0.00625 0.009375
0 0.5234375 0.36796875 0.0046875 0.0046875
0 0.5484375 0.371875 0.0046875 0.0046875
0 0.57109375 0.37578125 0.0046875 0.0046875
0 0.5828125 0.378125 0.0046875 0.0046875
0 0.51875 0.3671875 0.0046875 0.0046875
0 0.56640625 0.375 0.0046875 0.0046875
0 0.6375 0.3875 0.00625 0.009375
0 0.55078125 0.37265625 0.0046875 0.0046875
0 0.7125 0.40078125 0.0109375 0.0109375
0 0.47265625 0.3609375 0.0046875 0.0046875
0 0.5546875 0.37578125 0.0046875 0.0046875
0 0.575 0.37890625 0.0046875 0.0046875
0 0.5890625 0.38203125 0.0046875 0.0046875
0 0.3953125 0.34765625 0.0046875 0.0046875
0 0.4703125 0.3609375 0.0046875 0.0046875
0 0.58671875 0.38125 0.0046875 0.0046875
0 0.6625 0.39453125 0.0046875 0.0046875
0 0.3875 0.3484375 0.0046875 0.0046875
0 0.4015625 0.35078125 0.0046875 0.0046875
0 0.59296875 0.384375 0.0046875 0.0046875
0 0.484375 0.365625 0.0046875 0.0046875
0 0.5203125 0.371875 0.0046875 0.0046875
0 0.70234375 0.40390625 0.0109375 0.015625
0 0.421875 0.35703125 0.0109375 0.015625
0 0.490625 0.36875 0.00625 0.009375
0 0.5265625 0.37578125 0.0046875 0.0046875
0 0.56953125 0.3828125 0.0046875 0.0046875
0 0.61328125 0.390625 0.0046875 0.0046875
0 0.25078125 0.3265625 0.0109375 0.0109375
0 0.51484375 0.3734375 0.0046875 0.0046875
0 0.5609375 0.38125 0.00625 0.009375
0 0.53359375 0.3765625 0.0046875 0.0046875
0 0.6546875 0.39765625 0.0109375 0.0109375
0 0.69296875 0.4046875 0.0109375 0.0109375
0 0.35859375 0.3453125 0.0109375 0.015625
0 0.36875 0.34765625 0.0046875 0.0046875
0 0.6171875 0.39140625 0.0046875 0.0046875
0 0.353125 0.346875 0.00625 0.009375
0 0.58984375 0.3890625 0.0046875 0.0046875
0 0.234375 0.3265625 0.0078125 0.0140625
0 0.30078125 0.33828125 0.0109375 0.0109375
0 0.56484375 0.384375 0.00625 0.009375
0 0.5859375 0.38828125 0.00625 0.009375
0 0.60859375 0.3921875 0.0046875 0.0046875
0 0.66328125 0.4015625 0.00625 0.009375
0 0.278125 0.33359375 0.00625 0.009375
0 0.34609375 0.34609375 0.00625 0.009375
0 0.37578125 0.35078125 0.0046875 0.0046875
0 0.4625 0.36640625 0.00625 0.009375
0 0.68359375 0.40546875 0.00625 0.009375
0 0.3234375 0.3421875 0.0046875 0.0046875
0 0.39609375 0.3546875 0.0046875 0.0046875
0 0.31328125 0.34296875 0.0109375 0.0109375
0 0.47109375 0.3703125 0.00625 0.009375
0 0.65859375 0.403125 0.00625 0.009375
0 0.66953125 0.40546875 0.0109375 0.015625
0 0.41171875 0.36015625 0.00625 0.009375
0 0.59453125 0.3921875 0.0046875 0.0046875
0 0.215625 0.325 0.00625 0.009375
0 0.528125 0.38046875 0.00625 0.009375
0 0.57109375 0.38828125 0.00625 0.009375
0 0.628125 0.3984375 0.0109375 0.015625
0 0.6421875 0.40078125 0.0109375 0.0109375
0 0.20625 0.3234375 0.0109375 0.015625
0 0.33671875 0.346875 0.00625 0.009375
0 0.3484375 0.3484375 0.0109375 0.0109375
0 0.24296875 0.3328125 0.00625 0.009375
0 0.55078125 0.38671875 0.00625 0.009375
0 0.6234375 0.39921875 0.0109375 0.0109375
0 0.64609375 0.40390625 0.0109375 0.0109375
0 0.72421875 0.4171875 0.0109375 0.015625
0 0.15625 0.3171875 0.0078125 0.0140625
0 0.18125 0.321875 0.0078125 0.0140625
0 0.57578125 0.39140625 0.0046875 0.0046875
0 0.4359375 0.36640625 0.0109375 0.0109375
0 0.47578125 0.3734375 0.00625 0.009375
0 0.559375 0.38828125 0.0109375 0.0109375
0 0.65546875 0.40546875 0.00625 0.009375
0 0.290625 0.340625 0.0109375 0.0109375
0 0.52109375 0.38125 0.00625 0.009375
0 0.61015625 0.396875 0.00625 0.009375
0 0.61640625 0.3984375 0.00625 0.009375
0 0.19921875 0.325 0.0109375 0.015625
0 0.3296875 0.34765625 0.00625 0.009375
0 0.428125 0.36484375 0.00625 0.009375
0 0.44296875 0.36796875 0.00625 0.009375
0 0.509375 0.3796875 0.0109375 0.0109375
0 0.1125 0.31171875 0.0109375 0.0109375
0 0.21953125 0.33046875 0.0046875 0.0046875
0 0.5796875 0.39453125 0.0046875 0.0046875
0 0.22890625 0.33203125 0.00625 0.009375
0 0.484375 0.37734375 0.0046875 0.0046875
0 0.60078125 0.39765625 0.00625 0.009375
0 0.3265625 0.35 0.00625 0.009375
0 0.38359375 0.359375 0.0046875 0.0046875
0 0.51328125 0.3828125 0.00625 0.009375
0 0.053125 0.3015625 0.0109375 0.015625
0 0.14375 0.31953125 0.0109375 0.015625
0 0.48984375 0.38046875 0.0046875 0.0046875
0 0.36328125 0.35859375 0.0109375 0.015625
0 0.6796875 0.4140625 0.0109375 0.015625
0 0.16484375 0.3234375 0.015625 0.015625
0 0.46796875 0.3765625 0.00625 0.009375
0 0.51796875 0.3859375 0.0109375 0.0109375
0 0.29453125 0.34609375 0.0078125 0.0140625
0 0.35390625 0.35703125 0.00625 0.009375
0 0.1046875 0.315625 0.0109375 0.0109375
0 0.303125 0.35 0.00625 0.009375
0 0.075 0.31015625 0.0109375 0.0109375
0 0.65859375 0.41328125 0.00625 0.009375
0 0.25 0.340625 0.00625 0.009375
0 0.32109375 0.353125 0.0109375 0.015625
0 0.5015625 0.38515625 0.00625 0.009375
0 0.1203125 0.31796875 0.0125 0.0203125
0 0.7109375 0.421875 0.0109375 0.0109375
0 0.13359375 0.32265625 0.015625 0.015625
0 0.19296875 0.33359375 0.0109375 0.015625
0 0.49609375 0.38671875 0.00625 0.009375
0 0.7296875 0.428125 0.0109375 0.015625
0 0.33203125 0.3578125 0.0109375 0.0109375
0 0.33671875 0.35859375 0.0109375 0.015625
0 0.3484375 0.3609375 0.00625 0.009375
0 0.3578125 0.3625 0.0109375 0.0109375
0 0.3890625 0.36796875 0.0078125 0.0140625
0 0.39609375 0.36875 0.00625 0.009375
0 0.42421875 0.37421875 0.0109375 0.0109375
0 0.7015625 0.42265625 0.0171875 0.0203125
0 0.34375 0.36015625 0.0109375 0.015625
0 0.4765625 0.3828125 0.0078125 0.0140625
0 0.60625 0.40625 0.00625 0.009375
0 0.0859375 0.3140625 0.0109375 0.015625
0 0.6515625 0.4140625 0.0109375 0.0109375
0 0.36875 0.3640625 0.0109375 0.015625
0 0.065625 0.3109375 0.0109375 0.015625
0 0.20859375 0.33828125 0.0109375 0.015625
0 0.215625 0.33984375 0.0078125 0.0140625
0 0.25859375 0.346875 0.0109375 0.015625
0 0.509375 0.39140625 0.0109375 0.0109375
0 0.6015625 0.4078125 0.00625 0.009375
0 0.3796875 0.36875 0.0109375 0.0109375
0 0.17265625 0.33203125 0.015625 0.015625
0 0.5921875 0.40625 0.0125 0.0203125
0 0.61015625 0.409375 0.0109375 0.015625
0 0.225 0.34140625 0.015625 0.0109375
0 0.4 0.371875 0.0109375 0.015625
0 0.271875 0.3515625 0.0171875 0.025
0 0.28828125 0.3546875 0.0109375 0.015625
0 0.69140625 0.42578125 0.021875 0.0265625
0 0.42890625 0.3796875 0.0109375 0.015625
0 0.54140625 0.39921875 0.015625 0.015625
0 0.55703125 0.40234375 0.0125 0.0203125
0 0.0328125 0.309375 0.0171875 0.0203125
0 0.44765625 0.3828125 0.0125 0.0203125
0 0.56875 0.40390625 0.0109375 0.015625
0 0.63203125 0.415625 0.015625 0.015625
0 0.4359375 0.3828125 0.0125 0.0203125
0 0.31484375 0.36171875 0.0171875 0.025
0 0.525 0.39921875 0.0078125 0.0140625
0 0.5015625 0.39453125 0.0109375 0.015625
0 0.70703125 0.43125 0.0125 0.0203125
0 0.81171875 0.4515625 0.0125 0.0203125
0 0.825 0.45390625 0.0171875 0.0203125
0 0.73359375 0.43828125 0.015625 0.015625
0 0.48359375 0.39375 0.0171875 0.0203125
0 0.4609375 0.38984375 0.021875 0.0265625
0 0.58125 0.4109375 0.0109375 0.015625
0 0.615625 0.4171875 0.0109375 0.015625
0 0.34375 0.371875 0.0109375 0.015625
0 0.7296875 0.43984375 0.0171875 0.0203125
0 0.0953125 0.328125 0.0171875 0.0203125
0 0.14296875 0.33671875 0.0171875 0.0203125
0 0.278125 0.36015625 0.015625 0.015625
0 0.52890625 0.4046875 0.0109375 0.015625
0 0.65859375 0.42734375 0.0171875 0.0203125
0 0.1546875 0.340625 0.0171875 0.025
0 0.51015625 0.403125 0.0109375 0.015625
0 0.5171875 0.4046875 0.0109375 0.015625
0 0.209375 0.35 0.015625 0.015625
0 0.6734375 0.43203125 0.0171875 0.025
0 0.4984375 0.4015625 0.015625 0.015625
0 0.334375 0.37265625 0.0171875 0.0203125
0 0.240625 0.35625 0.025 0.0390625
0 0.26171875 0.359375 0.0171875 0.0203125
0 0.0765625 0.32734375 0.0171875 0.0203125
0 0.04921875 0.32421875 0.0171875 0.025
0 0.3 0.36875 0.0171875 0.025
0 0.290625 0.3671875 0.0109375 0.015625
0 0.93828125 0.48125 0.028125 0.0359375
0 0.71484375 0.4421875 0.0171875 0.0203125
0 0.09921875 0.33359375 0.0109375 0.015625
0 0.97265625 0.4875 0.0234375 0.03125
0 0.59609375 0.42109375 0.0125 0.0203125
0 0.62734375 0.428125 0.0171875 0.0203125
0 0.41875 0.39140625 0.0171875 0.025
0 0.0828125 0.33203125 0.0171875 0.0203125
0 0.1234375 0.3390625 0.0359375 0.028125
0 0.7875 0.45859375 0.0296875 0.0453125
0 0.953125 0.48828125 0.0296875 0.0453125
0 0.6046875 0.4265625 0.0125 0.0203125
0 0.60859375 0.42734375 0.0109375 0.015625
0 0.3515625 0.384375 0.021875 0.0265625
0 0.5765625 0.42421875 0.015625 0.015625
0 0.22578125 0.36171875 0.021875 0.0265625
0 0.8390625 0.4703125 0.028125 0.0359375
0 0.64765625 0.43671875 0.034375 0.040625
0 0.553125 0.421875 0.0109375 0.0109375
0 0.37578125 0.390625 0.0265625 0.0265625
0 0.3984375 0.39453125 0.0078125 0.0140625
0 0.5375 0.421875 0.021875 0.0265625
0 0.03359375 0.33515625 0.028125 0.0359375
0 0.0609375 0.3375 0.0234375 0.03125
0 0.33671875 0.38671875 0.0171875 0.0203125
0 0.51640625 0.4203125 0.0125 0.0203125
0 0.4546875 0.409375 0.021875 0.0265625
0 0.3203125 0.3859375 0.028125 0.0359375
0 0.21328125 0.3671875 0.0265625 0.0265625
0 0.490625 0.41796875 0.0140625 0.025
0 0.69140625 0.45390625 0.0234375 0.034375
0 0.71171875 0.459375 0.021875 0.0265625
0 0.28046875 0.3859375 0.0234375 0.03125
0 0.56328125 0.4359375 0.0171875 0.0203125
0 0.50078125 0.42734375 0.025 0.0390625
0 0.596875 0.44609375 0.021875 0.0265625
0 0.3703125 0.40859375 0.0171875 0.025
0 0.4046875 0.41484375 0.0171875 0.025
0 0.58046875 0.44609375 0.0171875 0.025
0 0.29921875 0.39609375 0.0234375 0.03125
0 0.76015625 0.47734375 0.053125 0.075
0 0.3421875 0.40859375 0.028125 0.0359375
0 0.41796875 0.421875 0.0125 0.0203125
0 0.07109375 0.3609375 0.0359375 0.05
0 0.665625 0.465625 0.0265625 0.0265625
0 0.4375 0.428125 0.034375 0.0453125
0 0.46484375 0.4328125 0.021875 0.021875
0 0.89296875 0.5109375 0.0515625 0.0703125
0 0.8359375 0.50078125 0.034375 0.040625
0 0.1546875 0.38046875 0.0359375 0.0546875
0 0.1765625 0.384375 0.040625 0.05625
0 0.63984375 0.46796875 0.0265625 0.0265625
0 0.9765625 0.5296875 0.046875 0.075
0 0.3078125 0.41484375 0.021875 0.0265625
0 0.0328125 0.365625 0.0390625 0.0515625
0 0.6890625 0.48203125 0.028125 0.0359375
0 0.7234375 0.4875 0.046875 0.065625
0 0.6109375 0.4703125 0.03125 0.0546875
0 0.53828125 0.46015625 0.03125 0.0546875
0 0.9296875 0.52890625 0.0390625 0.046875
0 0.27578125 0.41328125 0.028125 0.0359375
0 0.0859375 0.3828125 0.0421875 0.06875
0 0.39609375 0.4375 0.0234375 0.034375
0 0.11015625 0.3890625 0.0640625 0.0859375
0 0.85078125 0.521875 0.03125 0.05
0 0.20078125 0.4125 0.0375 0.059375
0 0.7859375 0.51796875 0.0546875 0.0625
0 0.2359375 0.42265625 0.0515625 0.0703125
0 0.321875 0.4421875 0.04375 0.0515625
0 0.66796875 0.50546875 0.0359375 0.05
0 0.87734375 0.5453125 0.05 0.0625
0 0.55078125 0.4921875 0.046875 0.0703125
0 0.3515625 0.46171875 0.0296875 0.0453125
0 0.38125 0.4671875 0.0296875 0.0453125
0 0.46640625 0.49375 0.046875 0.065625
0 0.40859375 0.49609375 0.0515625 0.0671875
0 0.26796875 0.47109375 0.0296875 0.0453125
0 0.63125 0.5421875 0.0453125 0.05625
0 0.03984375 0.440625 0.059375 0.090625
0 0.51015625 0.5234375 0.040625 0.05625
0 0.95625 0.60703125 0.06875 0.0875
0 0.75703125 0.58984375 0.059375 0.059375
0 0.215625 0.5109375 0.078125 0.115625
0 0.86015625 0.6296875 0.0703125 0.096875
0 0.39453125 0.60390625 0.0640625 0.1171875
0 0.79921875 0.68203125 0.109375 0.16875
0 0.27890625 0.5953125 0.0734375 0.1140625
0 0.53984375 0.66015625 0.0828125 0.115625
0 0.72421875 0.7203125 0.115625 0.153125
0 0.42265625 0.71171875 0.1359375 0.2484375
0 0.16953125 0.7078125 0.128125 0.1984375
0 0.09765625 0.72734375 0.1953125 0.2421875