0 0.9796875 0.15078125 0.040625 0.0578125
0 0.17578125 0.09453125 0.034375 0.034375
0 0.10859375 0.0921875 0.03125 0.04375
0 0.0578125 0.09296875 0.03125 0.0390625
0 0.27265625 0.1640625 0.015625 0.025
0 0.25625 0.16484375 0.015625 0.0296875
0 0.88828125 0.2234375 0.040625 0.053125
0 0.66484375 0.2078125 0.0453125 0.0578125
0 0.22734375 0.184375 0.0359375 0.0484375
0 0.98046875 0.23671875 0.0359375 0.053125
0 0.58984375 0.209375 0.040625 0.0578125
0 0.3078125 0.1921875 0.0359375 0.0484375
0 0.44609375 0.20390625 0.040625 0.053125
0 0.7953125 0.23359375 0.040625 0.053125
0 0.5515625 0.21875 0.025 0.0328125
0 0.3765625 0.20859375 0.03125 0.04375
0 0.0375 0.18671875 0.034375 0.034375
0 0.1375 0.2078125 0.034375 0.0390625
0 0.13203125 0.2515625 0.040625 0.053125
0 0.94921875 0.31171875 0.0453125 0.0671875
0 0.5359375 0.284375 0.040625 0.053125
0 0.19609375 0.26015625 0.040625 0.0671875
0 0.34140625 0.27734375 0.0453125 0.0671875
0 0.85 0.315625 0.040625 0.0625
0 0.6984375 0.31875 0.046875 0.071875
0 0.40078125 0.3 0.0453125 0.0625
0 0.13359375 0.39296875 0.05 0.0578125
0 0.62421875 0.05390625 0.040625 0.053125
0 0.3109375 0.45234375 0.05625 0.0734375
0 0.77421875 0.06640625 0.040625 0.0484375
0 0.9796875 0.50546875 0.040625 0.0984375
0 0.50390625 0.47421875 0.05625 0.0875
0 0.8296875 0.50390625 0.05625 0.0828125
0 0.91484375 0.0765625 0.0359375 0.053125
0 0.72578125 0.065625 0.0390625 0.04375
0 0.5125 0.053125 0.0390625 0.0390625
0 0.71875 0.5828125 0.0625 0.1
0 0.159375 0.55546875 0.0703125 0.0921875
0 0.82578125 0.08203125 0.0359375 0.053125
0 0.325 0.046875 0.03125 0.0484375
0 0.421875 0.05625 0.040625 0.0484375
0 0.30390625 0.6484375 0.071875 0.1015625
0 0.2078125 0.06015625 0.034375 0.04375
0 0.15859375 0.07890625 0.0265625 0.0421875