0 0.04609375 0.3546875 0.0375 0.0515625
0 0.528125 0.35546875 0.0296875 0.0515625
0 0.78203125 0.365625 0.0375 0.0609375
0 0.98125 0.3734375 0.025 0.0796875
0 0.240625 0.38671875 0.025 0.0515625
0 0.1109375 0.39140625 0.0421875 0.0609375
0 0.0109375 0.39453125 0.021875 0.0609375
0 0.296875 0.39296875 0.025 0.0515625
0 0.45703125 0.39453125 0.0421875 0.0515625
0 0.2046875 0.40625 0.0328125 0.046875
0 0.0515625 0.41328125 0.0421875 0.0515625
0 0.33203125 0.41015625 0.0375 0.0609375
0 0.86640625 0.4265625 0.0296875 0.046875
0 0.1359375 0.4390625 0.0375 0.05625
0 0.21484375 0.4421875 0.0328125 0.0609375
0 0.42265625 0.44140625 0.0375 0.0515625
0 0.61015625 0.4453125 0.0328125 0.0421875
0 0.02265625 0.46015625 0.0328125 0.0421875
0 0.30703125 0.459375 0.0328125 0.0515625
0 0.2375 0.46328125 0.0421875 0.0609375
0 0.4921875 0.45859375 0.0375 0.046875
0 0.0921875 0.47265625 0.0328125 0.0515625
0 0.5453125 0.46484375 0.0421875 0.0515625
0 0.05234375 0.4796875 0.0375 0.0515625
0 0.8859375 0.471875 0.0375 0.05625
0 0.82890625 0.47578125 0.0375 0.05625
0 0.409375 0.48515625 0.0375 0.0609375
0 0.971875 0.4890625 0.0375 0.065625
0 0.72890625 0.4984375 0.0328125 0.0515625
0 0.95078125 0.04296875 0.0375 0.0609375
0 0.53125 0.5296875 0.0421875 0.065625
0 0.4703125 0.53515625 0.046875 0.0609375
0 0.1953125 0.54453125 0.0421875 0.0609375
0 0.33203125 0.5421875 0.0375 0.05625
0 0.94296875 0.55 0.0375 0.0609375
0 0.0984375 0.59765625 0.0328125 0.05625
0 0.871875 0.05625 0.0328125 0.0375
0 0.98359375 0.62109375 0.0296875 0.084375
0 0.84140625 0.0609375 0.0296875 0.046875
0 0.56875 0.0703125 0.028125 0.0421875
0 0.91796875 0.06484375 0.0328125 0.046875
0 0.51640625 0.0765625 0.0234375 0.0375
0 0.75 0.07421875 0.028125 0.0421875
0 0.76875 0.08359375 0.0234375 0.0328125
0 0.67109375 0.0875 0.0375 0.0515625
0 0.471875 0.09765625 0.0234375 0.0375
0 0.79609375 0.09375 0.028125 0.0375
0 0.51171875 0.10390625 0.0328125 0.046875
0 0.6484375 0.10390625 0.0234375 0.0328125
0 0.38671875 0.1078125 0.0234375 0.0375
0 0.35625 0.10859375 0.028125 0.0421875
0 0.43515625 0.109375 0.01875 0.0421875
0 0.571875 0.10703125 0.028125 0.0328125
0 0.41875 0.1171875 0.01875 0.0375
0 0.1 0.125 0.0328125 0.028125
0 0.296875 0.1234375 0.0234375 0.0375
0 0.22734375 0.125 0.0234375 0.0328125
0 0.20234375 0.128125 0.01875 0.028125
0 0.27421875 0.1265625 0.01875 0.0234375
0 0.88671875 0.115625 0.0375 0.0515625
0 0.459375 0.12578125 0.025 0.046875
0 0.75546875 0.12265625 0.0328125 0.046875
0 0.92421875 0.11953125 0.0296875 0.046875
0 0.47734375 0.1296875 0.0203125 0.0515625
0 0.86640625 0.1234375 0.0328125 0.0421875
0 0.31796875 0.1328125 0.01875 0.028125
0 0.840625 0.12578125 0.0328125 0.0328125
0 0.19296875 0.1421875 0.028125 0.0421875
0 0.55859375 0.1359375 0.01875 0.01875
0 0.7 0.13515625 0.028125 0.0375
0 0.67421875 0.1359375 0.0234375 0.0328125
0 0.5125 0.14375 0.028125 0.0375
0 0.7921875 0.13828125 0.0328125 0.0375
0 0.72265625 0.13984375 0.0296875 0.0515625
0 0.16015625 0.1546875 0.028125 0.0421875
0 0.65546875 0.1453125 0.0296875 0.0515625
0 0.26484375 0.15234375 0.0234375 0.0328125
0 0.13515625 0.1546875 0.028125 0.028125
0 0.00625 0.159375 0.0125 0.028125
0 0.11171875 0.1578125 0.01875 0.01875
0 0.08828125 0.1578125 0.0234375 0.0328125
0 0.0421875 0.1609375 0.0328125 0.046875
0 0.9796875 0.14453125 0.0296875 0.0609375
0 0.39921875 0.15703125 0.0296875 0.0515625
0 0.21796875 0.16015625 0.0234375 0.0328125
0 0.46796875 0.15625 0.028125 0.0375
0 0.0703125 0.1671875 0.025 0.046875
0 0.3671875 0.16640625 0.025 0.046875
0 0.83671875 0.16015625 0.0296875 0.046875
0 0.496875 0.16875 0.0234375 0.0421875
0 0.59140625 0.16953125 0.0375 0.05625
0 0.56640625 0.16953125 0.0296875 0.046875
0 0.34140625 0.17578125 0.0328125 0.0515625
0 0.01796875 0.18203125 0.0234375 0.028125
0 0.2140625 0.1828125 0.028125 0.0328125
0 0.2515625 0.184375 0.0375 0.0515625
0 0.11953125 0.1890625 0.0234375 0.0328125
0 0.1890625 0.190625 0.0328125 0.046875
0 0.3140625 0.190625 0.0296875 0.046875
0 0.7609375 0.1875 0.0328125 0.05625
0 0.80234375 0.18671875 0.0375 0.05625
0 0.70078125 0.18828125 0.0375 0.046875
0 0.52265625 0.19375 0.028125 0.0421875
0 0.0984375 0.20390625 0.0296875 0.046875
0 0.02265625 0.20546875 0.01875 0.0328125
0 0.6265625 0.19453125 0.028125 0.0421875
0 0.1609375 0.20546875 0.0296875 0.0515625
0 0.915625 0.19453125 0.0328125 0.046875
0 0.009375 0.21015625 0.01875 0.0515625
0 0.49453125 0.20625 0.0203125 0.046875
0 0.0578125 0.2140625 0.0234375 0.028125
0 0.303125 0.21171875 0.0234375 0.0421875
0 0.65703125 0.2078125 0.0296875 0.05625
0 0.4421875 0.2140625 0.0328125 0.05625
0 0.41171875 0.21953125 0.0328125 0.065625
0 0.553125 0.2171875 0.028125 0.0375
0 0.47421875 0.2203125 0.0296875 0.05625
0 0.21484375 0.2265625 0.028125 0.0421875
0 0.87265625 0.22734375 0.0328125 0.046875
0 0.375 0.2359375 0.0328125 0.046875
0 0.06953125 0.25078125 0.028125 0.0375
0 0.12734375 0.24921875 0.0328125 0.0515625
0 0.28671875 0.24921875 0.0296875 0.0609375
0 0.5671875 0.24375 0.01875 0.0375
0 0.68984375 0.24453125 0.0328125 0.0515625
0 0.0140625 0.26328125 0.028125 0.0515625
0 0.6234375 0.259375 0.0375 0.046875
0 0.54453125 0.26328125 0.0375 0.0515625
0 0.10703125 0.27109375 0.028125 0.0421875
0 0.23671875 0.26875 0.0296875 0.0515625
0 0.3203125 0.2671875 0.0328125 0.065625
0 0.4453125 0.26953125 0.0328125 0.0515625
0 0.0375 0.2765625 0.0328125 0.05625
0 0.9703125 0.26953125 0.0421875 0.065625
0 0.209375 0.29375 0.0328125 0.0515625
0 0.33671875 0.03359375 0.0328125 0.0515625
0 0.36875 0.29375 0.025 0.065625
0 0.7203125 0.28984375 0.0296875 0.0515625
0 0.3828125 0.2984375 0.0296875 0.0515625
0 0.08984375 0.303125 0.0296875 0.0515625
0 0.1984375 0.32265625 0.0296875 0.046875
0 0.87421875 0.31796875 0.0375 0.0609375
0 0.14296875 0.3328125 0.0421875 0.05625
0 0.11953125 0.3328125 0.0234375 0.0421875
0 0.540625 0.33046875 0.028125 0.0375
0 0.7515625 0.32890625 0.0375 0.0515625
0 0.309375 0.34140625 0.0328125 0.05625
0 0.621875 0.33828125 0.0375 0.05625