0 0.9109375 0.30546875 0.03125 0.0359375
0 0.81875 0.29453125 0.015625 0.015625
0 0.65625 0.27421875 0.0109375 0.015625
0 0.803125 0.29453125 0.015625 0.0203125
0 0.8421875 0.29921875 0.0265625 0.03125
0 0.68671875 0.2875 0.015625 0.0109375
0 0.978125 0.33046875 0.0375 0.05
0 0.70390625 0.3015625 0.021875 0.025
0 0.74921875 0.30703125 0.015625 0.0203125
0 0.8578125 0.32265625 0.03125 0.0359375
0 0.6 0.2953125 0.021875 0.0296875
0 0.83203125 0.3234375 0.0171875 0.025
0 0.53515625 0.2890625 0.0203125 0.0203125
0 0.4015625 0.2734375 0.03125 0.03125
0 0.63359375 0.30390625 0.0265625 0.03125
0 0.7234375 0.31484375 0.0265625 0.0265625
0 0.5828125 0.29765625 0.0328125 0.040625
0 0.49140625 0.28671875 0.0265625 0.03125
0 0.5484375 0.2984375 0.021875 0.025
0 0.56796875 0.303125 0.00625 0.0140625
0 0.7890625 0.33046875 0.03125 0.0265625
0 0.3703125 0.28125 0.0171875 0.025
0 0.8921875 0.3453125 0.0375 0.05
0 0.08359375 0.24609375 0.03125 0.03125
0 0.35390625 0.28359375 0.0265625 0.03125
0 0.70546875 0.3265625 0.0265625 0.0265625
0 0.6796875 0.32578125 0.021875 0.0296875
0 0.20859375 0.26796875 0.0265625 0.03125
0 0.33515625 0.2859375 0.0265625 0.03125
0 0.73984375 0.3359375 0.03125 0.0265625
0 0.30546875 0.2828125 0.0328125 0.040625
0 0.0546875 0.2515625 0.021875 0.025
0 0.66328125 0.32890625 0.0171875 0.025
0 0.840625 0.35078125 0.0328125 0.04375
0 0.065625 0.25546875 0.0125 0.0296875
0 0.44921875 0.30703125 0.03125 0.0265625
0 0.11640625 0.26640625 0.021875 0.025
0 0.1734375 0.27578125 0.021875 0.025
0 0.09765625 0.26640625 0.0265625 0.03125
0 0.315625 0.29296875 0.0265625 0.034375
0 0.40234375 0.30625 0.0265625 0.034375
0 0.48125 0.315625 0.021875 0.034375
0 0.209375 0.2828125 0.021875 0.0296875
0 0.15390625 0.278125 0.03125 0.0359375
0 0.46640625 0.31640625 0.0265625 0.034375
0 0.3921875 0.31171875 0.0265625 0.034375
0 0.52109375 0.328125 0.021875 0.0296875
0 0.50234375 0.32578125 0.028125 0.0390625
0 0.0359375 0.2703125 0.028125 0.0484375
0 0.37578125 0.31484375 0.0265625 0.034375
0 0.4265625 0.32109375 0.028125 0.0390625
0 0.77890625 0.3734375 0.046875 0.0546875
0 0.13359375 0.29453125 0.0265625 0.034375
0 0.7484375 0.37265625 0.0328125 0.04375
0 0.10546875 0.2953125 0.0265625 0.0265625
0 0.246875 0.31953125 0.03125 0.0359375
0 0.646875 0.37109375 0.03125 0.0359375
0 0.18203125 0.31640625 0.0265625 0.03125
0 0.59453125 0.3765625 0.028125 0.0390625
0 0.11875 0.31796875 0.0375 0.0453125
0 0.43359375 0.37265625 0.0265625 0.034375
0 0.53046875 0.38515625 0.059375 0.075
0 0.1453125 0.3515625 0.028125 0.0390625
0 0.60234375 0.41015625 0.021875 0.0296875
0 0.20390625 0.3890625 0.0265625 0.034375
0 0.05625 0.37109375 0.03125 0.0359375
0 0.11015625 0.38671875 0.028125 0.0390625
0 0.23515625 0.41640625 0.0234375 0.0390625
0 0.18046875 0.4234375 0.0265625 0.034375
0 0.6859375 0.48828125 0.028125 0.04375