0 0.075 0.09375 0.028125 0.0328125
0 0.7546875 0.06953125 0.03125 0.040625
0 0.56640625 0.109375 0.025 0.0359375
0 0.29921875 0.16875 0.03125 0.040625
0 0.2640625 0.17890625 0.03125 0.0453125
0 0.9046875 0.0453125 0.01875 0.046875
0 0.871875 0.05703125 0.03125 0.0453125
0 0.6078125 0.115625 0.03125 0.0453125
0 0.52109375 0.13359375 0.0359375 0.046875
0 0.25859375 0.05703125 0.034375 0.0375
0 0.50546875 0.0109375 0.0296875 0.021875
0 0.03671875 0.24765625 0.0296875 0.0359375
0 0.2546875 0.2015625 0.0296875 0.0359375
0 0.71171875 0.10703125 0.034375 0.0375
0 0.21484375 0.21484375 0.034375 0.0421875
0 0.3484375 0.1890625 0.0296875 0.0359375
0 0.4578125 0.16796875 0.0203125 0.034375
0 0.6890625 0.12109375 0.0359375 0.046875
0 0.021875 0.26328125 0.03125 0.0453125
0 0.1078125 0.246875 0.0359375 0.046875
0 0.43671875 0.1796875 0.0359375 0.046875
0 0.484375 0.015625 0.03125 0.03125
0 0.39453125 0.190625 0.03125 0.0453125
0 0.3125 0.20859375 0.03125 0.040625
0 0.7890625 0.1140625 0.0359375 0.046875
0 0.84140625 0.103125 0.0359375 0.046875
0 0.16875 0.24609375 0.0359375 0.046875
0 0.50703125 0.17421875 0.03125 0.040625
0 0.72890625 0.1296875 0.03125 0.040625
0 0.64375 0.15 0.03125 0.0453125
0 0.68359375 0.15078125 0.034375 0.0421875
0 0.26328125 0.24296875 0.03125 0.040625
0 0.48125 0.2015625 0.0359375 0.046875
0 0.5796875 0.1828125 0.03125 0.0453125
0 0.3203125 0.24296875 0.03125 0.0453125
0 0.2265625 0.2625 0.03125 0.040625
0 0.3796875 0.0359375 0.0359375 0.046875
0 0.43203125 0.025 0.03125 0.0453125
0 0.54453125 0.01171875 0.0359375 0.0234375
0 0.61953125 0.18359375 0.028125 0.0328125
0 0.896875 0.12890625 0.034375 0.0375
0 0.16328125 0.28515625 0.034375 0.0421875
0 0.7546875 0.16171875 0.03125 0.040625
0 0.0125 0.1171875 0.025 0.0375
0 0.3515625 0.04453125 0.03125 0.0453125
0 0.3859375 0.2421875 0.03125 0.0453125
0 0.53203125 0.2140625 0.0328125 0.05
0 0.73515625 0.1703125 0.025 0.0359375
0 0.0296875 0.325 0.0296875 0.0359375
0 0.0109375 0.3328125 0.021875 0.0375
0 0.63515625 0.2015625 0.03125 0.040625
0 0.69921875 0.18984375 0.0359375 0.046875
0 0.85859375 0.1609375 0.03125 0.040625
0 0.58046875 0.2203125 0.03125 0.040625
0 0.08046875 0.33125 0.03125 0.0453125
0 0.4203125 0.259375 0.03125 0.040625
0 0.76875 0.19453125 0.0359375 0.046875
0 0.8234375 0.18515625 0.0296875 0.0359375
0 0.4546875 0.26328125 0.03125 0.040625
0 0.90390625 0.17265625 0.0359375 0.046875
0 0.37265625 0.290625 0.03125 0.0453125
0 0.0109375 0.36796875 0.021875 0.0421875
0 0.73046875 0.21484375 0.03125 0.0453125
0 0.2140625 0.32421875 0.0296875 0.0359375
0 0.50390625 0.2625 0.0375 0.0515625
0 0.2875 0.3109375 0.040625 0.0515625
0 0.55 0.2578125 0.03125 0.0453125
0 0.23671875 0.32890625 0.025 0.0359375
0 0.13984375 0.35390625 0.03125 0.0453125
0 0.61953125 0.2515625 0.0296875 0.0359375
0 0.0953125 0.365625 0.03125 0.040625
0 0.471875 0.290625 0.03125 0.040625
0 0.665625 0.2515625 0.0375 0.0515625
0 0.7921875 0.225 0.040625 0.046875
0 0.5953125 0.26640625 0.0296875 0.0359375
0 0.840625 0.21953125 0.034375 0.0421875
0 0.328125 0.328125 0.03125 0.0453125
0 0.359375 0.3265625 0.0265625 0.0390625
0 0.53125 0.28984375 0.0359375 0.046875
0 0.703125 0.253125 0.0234375 0.03125
0 0.87578125 0.21875 0.0296875 0.0359375
0 0.01484375 0.4046875 0.0296875 0.0375
0 0.41484375 0.321875 0.03125 0.040625
0 0.6390625 0.2765625 0.0265625 0.0390625
0 0.33203125 0.05703125 0.0375 0.0515625
0 0.18984375 0.0875 0.0296875 0.0359375
0 0.04765625 0.409375 0.03125 0.040625
0 0.30859375 0.35625 0.0328125 0.0546875
0 0.859375 0.24140625 0.03125 0.040625
0 0.1640625 0.3890625 0.03125 0.040625
0 0.590625 0.30078125 0.03125 0.040625
0 0.2265625 0.0796875 0.0359375 0.046875
0 0.9078125 0.2359375 0.03125 0.040625
0 0.215625 0.3859375 0.0359375 0.046875
0 0.71171875 0.2828125 0.03125 0.040625
0 0.76796875 0.2703125 0.0265625 0.04375
0 0.2546875 0.38203125 0.0359375 0.046875
0 0.03515625 0.42890625 0.0421875 0.05625
0 0.8109375 0.27109375 0.03125 0.040625
0 0.4578125 0.3484375 0.0390625 0.0421875
0 0.92734375 0.25234375 0.0375 0.0515625
0 0.28515625 0.06953125 0.0328125 0.05
0 0.14140625 0.4265625 0.0359375 0.046875
0 0.35625 0.38125 0.040625 0.0515625
0 0.4109375 0.371875 0.040625 0.0515625
0 0.64453125 0.32265625 0.040625 0.0515625
0 0.19609375 0.425 0.03125 0.0453125
0 0.3125 0.40703125 0.040625 0.0515625
0 0.09375 0.45859375 0.0390625 0.0421875
0 0.9015625 0.28671875 0.0375 0.0515625
0 0.77109375 0.3171875 0.0359375 0.046875
0 0.8390625 0.30234375 0.0328125 0.05
0 0.50234375 0.3765625 0.0359375 0.046875
0 0.25859375 0.43046875 0.0359375 0.046875
0 0.56796875 0.36484375 0.025 0.0359375
0 0.67578125 0.346875 0.034375 0.0421875
0 0.59921875 0.365625 0.03125 0.0453125
0 0.73515625 0.33671875 0.0375 0.0515625
0 0.96015625 0.29375 0.0203125 0.0296875
0 0.1671875 0.46953125 0.040625 0.046875
0 0.41171875 0.41953125 0.040625 0.046875
0 0.95078125 0.30546875 0.03125 0.040625
0 0.92890625 0.3125 0.03125 0.0453125
0 0.48046875 0.409375 0.0359375 0.046875
0 0.88359375 0.32578125 0.0234375 0.03125
0 0.08046875 0.49609375 0.0359375 0.046875
0 0.03828125 0.5125 0.0359375 0.046875
0 0.653125 0.384375 0.0359375 0.046875
0 0.56328125 0.40625 0.03125 0.0453125
0 0.77890625 0.36484375 0.034375 0.0421875
0 0.4640625 0.43203125 0.0296875 0.0359375
0 0.30625 0.46796875 0.034375 0.0375
0 0.36015625 0.45625 0.03125 0.0453125
0 0.209375 0.48828125 0.03125 0.0453125
0 0.240625 0.48203125 0.040625 0.046875
0 0.00703125 0.5359375 0.0140625 0.04375
0 0.61015625 0.4171875 0.028125 0.0328125
0 0.87578125 0.36328125 0.0359375 0.046875
0 0.27578125 0.49296875 0.0296875 0.0359375
0 0.94453125 0.35390625 0.03125 0.040625
0 0.11796875 0.52890625 0.0375 0.0515625
0 0.14921875 0.1078125 0.03125 0.040625
0 0.83828125 0.3765625 0.040625 0.0515625
0 0.31328125 0.48984375 0.034375 0.0421875
0 0.52421875 0.45 0.0375 0.0515625
0 0.4234375 0.47421875 0.0421875 0.05625
0 0.67734375 0.4203125 0.028125 0.0328125
0 0.72265625 0.4125 0.0359375 0.046875
0 0.06640625 0.128125 0.0359375 0.046875
0 0.0921875 0.5515625 0.0359375 0.046875
0 0.034375 0.56640625 0.0375 0.0515625
0 0.609375 0.4453125 0.040625 0.046875
0 0.2515625 0.52421875 0.0296875 0.0359375
0 0.75234375 0.41796875 0.040625 0.046875
0 0.92109375 0.38671875 0.0359375 0.046875
0 0.69453125 0.44453125 0.040625 0.046875
0 0.97265625 0.3875 0.028125 0.0328125
0 0.18359375 0.5578125 0.034375 0.0421875
0 0.22578125 0.5484375 0.0390625 0.0421875
0 0.353125 0.521875 0.034375 0.0421875
0 0.98203125 0.409375 0.0203125 0.034375
0 0.86953125 0.4359375 0.0359375 0.046875
0 0.53515625 0.51171875 0.0375 0.0515625
0 0.75546875 0.4671875 0.0359375 0.046875
0 0.39765625 0.55078125 0.03125 0.040625
0 0.8046875 0.4640625 0.0328125 0.0328125
0 0.13046875 0.609375 0.03125 0.0234375
0 0.0171875 0.14609375 0.03125 0.040625
0 0.05703125 0.63203125 0.0234375 0.03125
0 0.6390625 0.5078125 0.0359375 0.046875
0 0.97421875 0.4390625 0.0359375 0.046875
0 0.5734375 0.53359375 0.0359375 0.046875
0 0.81328125 0.4828125 0.0390625 0.0421875
0 0.953125 0.4578125 0.0359375 0.046875
0 0.625 0.53046875 0.040625 0.046875
0 0.8671875 0.48125 0.03125 0.040625
0 0.08828125 0.646875 0.0359375 0.046875
0 0.32421875 0.5984375 0.0359375 0.046875
0 0.19140625 0.11328125 0.0359375 0.046875
0 0.36640625 0.596875 0.0484375 0.0484375
0 0.1953125 0.6359375 0.0359375 0.046875
0 0.140625 0.64765625 0.040625 0.046875
0 0.4703125 0.58203125 0.040625 0.046875
0 0.7953125 0.00546875 0.040625 0.0109375
0 0.25078125 0.63125 0.0421875 0.05625
0 0.77578125 0.5265625 0.040625 0.046875
0 0.8671875 0.51484375 0.040625 0.046875
0 0.925 0.50625 0.03125 0.040625
0 0.71953125 0.55234375 0.046875 0.0578125
0 0.0671875 0.69375 0.0375 0.05625
0 0.984375 0.5015625 0.03125 0.05625
0 0.55546875 0.60625 0.0359375 0.046875
0 0.403125 0.64375 0.03125 0.040625
0 0.4640625 0.6328125 0.0421875 0.05625
0 0.153125 0.70390625 0.040625 0.046875
0 0.87578125 0.5546875 0.03125 0.0453125
0 0.85 0.565625 0.03125 0.0453125
0 0.640625 0.6171875 0.0453125 0.053125
0 0.9015625 0.56171875 0.03125 0.040625
0 0.92109375 0.56484375 0.0390625 0.0421875
0 0.36484375 0.68515625 0.040625 0.0515625
0 0.1078125 0.74609375 0.0453125 0.053125
0 0.78671875 0.60234375 0.040625 0.0515625
0 0.453125 0.0671875 0.0359375 0.046875
0 0.9671875 0.57109375 0.040625 0.046875
0 0.74765625 0.62734375 0.03125 0.040625
0 0.51875 0.678125 0.0359375 0.046875
0 0.24296875 0.7390625 0.040625 0.0515625
0 0.43515625 0.70546875 0.040625 0.0515625
0 0.06484375 0.7890625 0.0390625 0.059375
0 0.87734375 0.61640625 0.0234375 0.03125
0 0.27421875 0.7515625 0.034375 0.0421875
0 0.340625 0.7421875 0.0375 0.0515625
0 0.83515625 0.6421875 0.0234375 0.03125
0 0.175 0.78515625 0.040625 0.046875
0 0.6125 0.03828125 0.034375 0.0421875
0 0.92734375 0.6296875 0.040625 0.0515625
0 0.71328125 0.68125 0.034375 0.0375
0 0.8 0.665625 0.040625 0.046875
0 0.8984375 0.64921875 0.034375 0.0421875
0 0.140625 0.81015625 0.046875 0.0578125
0 0.8546875 0.665625 0.0359375 0.046875
0 0.6609375 0.7140625 0.046875 0.0578125
0 0.07890625 0.8453125 0.040625 0.0515625
0 0.83515625 0.00703125 0.0296875 0.0140625
0 0.98671875 0.653125 0.0265625 0.046875
0 0.2296875 0.82265625 0.04375 0.0484375
0 0.60234375 0.7484375 0.0359375 0.046875
0 0.5078125 0.76875 0.0390625 0.0421875
0 0.71015625 0.7328125 0.0421875 0.05625
0 0.77421875 0.72109375 0.040625 0.046875
0 0.1421875 0.8640625 0.040625 0.046875
0 0.65078125 0.75625 0.0359375 0.046875
0 0.29609375 0.83203125 0.0359375 0.046875
0 0.984375 0.6890625 0.03125 0.05625
0 0.82890625 0.7328125 0.034375 0.0421875
0 0.946875 0.71015625 0.0359375 0.046875
0 0.190625 0.87109375 0.0390625 0.0421875
0 0.2609375 0.86796875 0.0453125 0.053125
0 0.728125 0.77109375 0.0484375 0.0671875
0 0.7828125 0.76171875 0.0421875 0.05625
0 0.31640625 0.8609375 0.03125 0.040625
0 0.34921875 0.85625 0.03125 0.040625
0 0.42421875 0.8453125 0.03125 0.0453125
0 0.1890625 0.909375 0.0484375 0.0484375
0 0.8921875 0.76484375 0.0375 0.0515625
0 0.30078125 0.890625 0.040625 0.046875
0 0.61875 0.8265625 0.034375 0.0421875
0 0.48125 0.85859375 0.046875 0.0625
0 0.39296875 0.87734375 0.0359375 0.046875
0 0.25625 0.9109375 0.034375 0.0375
0 0.22265625 0.92109375 0.04375 0.0484375
0 0.8890625 0.0078125 0.03125 0.015625
0 0.140625 0.94765625 0.0453125 0.053125
0 0.5265625 0.8703125 0.046875 0.0625
0 0.35078125 0.91015625 0.040625 0.0515625
0 0.09921875 0.08359375 0.021875 0.021875
0 0.7921875 0.82578125 0.0359375 0.046875
0 0.9953125 0.7796875 0.009375 0.046875
0 0.67578125 0.85078125 0.0359375 0.046875
0 0.828125 0.81875 0.0359375 0.046875
0 0.86953125 0.8140625 0.0359375 0.046875
0 0.73828125 0.8546875 0.040625 0.046875
0 0.38125 0.94375 0.0375 0.05625
0 0.1140625 0.16328125 0.03125 0.040625
0 0.43046875 0.940625 0.040625 0.0515625
0 0.2703125 0.97734375 0.0390625 0.0421875
0 0.88671875 0.85078125 0.034375 0.0421875
0 0.21484375 0.9828125 0.0421875 0.034375
0 0.80546875 0.8703125 0.0359375 0.046875
0 0.65 0.90546875 0.0359375 0.046875
0 0.9484375 0.85 0.034375 0.0421875
0 0.76953125 0.8875 0.046875 0.0625
0 0.71171875 0.90703125 0.025 0.0359375
0 0.828125 0.88671875 0.0421875 0.0609375
0 0.15703125 0.15859375 0.03125 0.0453125
0 0.86484375 0.8890625 0.0421875 0.05625
0 0.4828125 0.9765625 0.040625 0.046875
0 0.3515625 0.99140625 0.04375 0.0171875
0 0.55859375 0.96328125 0.040625 0.046875
0 0.7109375 0.93515625 0.040625 0.046875
0 0.4421875 0.9828125 0.046875 0.034375
0 0.93046875 0.8984375 0.040625 0.046875
0 0.6171875 0.9625 0.0359375 0.046875
0 0.9546875 0.89296875 0.0375 0.0375
0 0.59765625 0.06953125 0.0296875 0.0359375
0 0.01796875 0.2 0.0359375 0.046875
0 0.8359375 0.03125 0.0375 0.0515625
0 0.665625 0.0671875 0.03125 0.0453125
0 0.03828125 0.09921875 0.0234375 0.0265625
0 0.0890625 0.1921875 0.03125 0.040625
0 0.3765625 0.140625 0.034375 0.0421875