0 0.41640625 0.18203125 0.0984375 0.153125
0 0.70625 0.27890625 0.115625 0.1515625
0 0.5171875 0.27578125 0.1015625 0.140625
0 0.35078125 0.265625 0.090625 0.165625
0 0.80703125 0.34453125 0.10625 0.1453125
0 0.56640625 0.3734375 0.084375 0.1234375
0 0.37578125 0.365625 0.0921875 0.1390625
0 0.4765625 0.4171875 0.1078125 0.159375
0 0.25390625 0.40234375 0.1265625 0.1671875
0 0.81015625 0.5203125 0.0953125 0.1625
0 0.13515625 0.43671875 0.1234375 0.1796875
0 0.61875 0.52109375 0.1453125 0.16875
0 0.3171875 0.55390625 0.10625 0.1453125
0 0.41875 0.69453125 0.1140625 0.16875
0 0.61640625 0.15390625 0.096875 0.14375
0 0.76328125 0.175 0.0921875 0.115625