0 0.3890625 0.66328125 0.0109375 0.015625
0 0.53671875 0.64765625 0.00625 0.009375
0 0.284375 0.68046875 0.0109375 0.0109375
0 0.47734375 0.65703125 0.0109375 0.015625
0 0.265625 0.6828125 0.0109375 0.0109375
0 0.553125 0.65 0.015625 0.0203125
0 0.37421875 0.671875 0.015625 0.0203125
0 0.49140625 0.6578125 0.0109375 0.0109375
0 0.25 0.6890625 0.00625 0.009375
0 0.22734375 0.69140625 0.0109375 0.015625
0 0.16328125 0.7015625 0.0109375 0.015625
0 0.52421875 0.6578125 0.00625 0.009375
0 0.1953125 0.69765625 0.00625 0.009375
0 0.46171875 0.66484375 0.0109375 0.0109375
0 0.571875 0.6515625 0.00625 0.009375
0 0.17265625 0.70078125 0.00625 0.0140625
0 0.27578125 0.68828125 0.00625 0.009375
0 0.4234375 0.6703125 0.0109375 0.015625
0 0.18359375 0.69921875 0.00625 0.0140625
0 0.56015625 0.653125 0.00625 0.009375
0 0.57890625 0.65078125 0.0109375 0.015625
0 0.190625 0.70078125 0.0109375 0.015625
0 0.2578125 0.69296875 0.00625 0.009375
0 0.4390625 0.6703125 0.00625 0.009375
0 0.471875 0.66640625 0.0109375 0.0109375
0 0.58671875 0.65234375 0.0109375 0.015625
0 0.31484375 0.6859375 0.015625 0.0203125
0 0.453125 0.66875 0.00625 0.0140625
0 0.21875 0.69765625 0.0109375 0.0203125
0 0.05390625 0.7203125 0.0109375 0.015625
0 0.3546875 0.6828125 0.015625 0.015625
0 0.59609375 0.653125 0.0109375 0.015625
0 0.4125 0.67578125 0.0109375 0.015625
0 0.15234375 0.71015625 0.0109375 0.0203125
0 0.5109375 0.66640625 0.0109375 0.0203125
0 0.2515625 0.6984375 0.00625 0.0140625
0 0.6078125 0.65703125 0.0109375 0.0203125
0 0.33671875 0.68984375 0.015625 0.015625
0 0.4953125 0.6703125 0.0109375 0.015625
0 0.43125 0.68125 0.015625 0.0203125
0 0.0265625 0.73046875 0.00625 0.0140625
0 0.39453125 0.6875 0.015625 0.0203125
0 0.4453125 0.68359375 0.0109375 0.015625
0 0.48984375 0.68046875 0.00625 0.009375
0 0.0328125 0.74140625 0.00625 0.0140625
0 0.31171875 0.71640625 0.015625 0.015625
0 0.4734375 0.69921875 0.021875 0.0296875
0 0.3765625 0.7109375 0.0171875 0.0296875
0 0.278125 0.72578125 0.015625 0.0203125
0 0.38359375 0.7125 0.015625 0.015625
0 0.540625 0.69375 0.021875 0.0296875
0 0.1265625 0.74453125 0.021875 0.034375
0 0.35234375 0.71875 0.015625 0.0203125
0 0.07578125 0.753125 0.0171875 0.0328125
0 0.10078125 0.76171875 0.021875 0.0296875
0 0.3125 0.74453125 0.015625 0.0203125
0 0.3234375 0.7734375 0.015625 0.0203125