0 0.35859375 0.27890625 0.0265625 0.046875
0 0.28046875 0.31484375 0.03125 0.0515625
0 0.9625 0.353125 0.0484375 0.053125
0 0.16015625 0.31328125 0.0265625 0.046875
0 0.32109375 0.3265625 0.0296875 0.0421875
0 0.19140625 0.32421875 0.03125 0.0515625
0 0.02265625 0.3265625 0.0265625 0.065625
0 0.5359375 0.353125 0.0203125 0.0375
0 0.85390625 0.371875 0.034375 0.053125
0 0.07265625 0.33359375 0.0265625 0.046875
0 0.60859375 0.36171875 0.0296875 0.0421875
0 0.43125 0.35234375 0.03125 0.046875
0 0.67578125 0.3703125 0.025 0.0375
0 0.7546875 0.37890625 0.0390625 0.0578125
0 0.7 0.396875 0.04375 0.0484375
0 0.8546875 0.58125 0.034375 0.053125
0 0.24453125 0.55859375 0.0484375 0.0578125
0 0.04296875 0.55 0.0390625 0.0578125
0 0.96640625 0.6125 0.03125 0.046875
0 0.1390625 0.5828125 0.04375 0.0578125
0 0.053125 0.58515625 0.03125 0.0609375
0 0.2203125 0.7015625 0.0390625 0.0625
0 0.37734375 0.72265625 0.0390625 0.0578125
0 0.65390625 0.7375 0.04375 0.0578125
0 0.0109375 0.7078125 0.021875 0.071875
0 0.82734375 0.7578125 0.0390625 0.053125
0 0.584375 0.74765625 0.0390625 0.0484375
0 0.7796875 0.76953125 0.0390625 0.0578125
0 0.92578125 0.77734375 0.034375 0.0578125