0 0.41015625 0.1109375 0.021875 0.034375
0 0.3078125 0.1359375 0.025 0.021875
0 0.646875 0.103125 0.0265625 0.034375
0 0.66875 0.11015625 0.021875 0.0296875
0 0.4859375 0.1453125 0.0703125 0.103125
0 0.87265625 0.1046875 0.0265625 0.0296875
0 0.3328125 0.17109375 0.0265625 0.0390625
0 0.02890625 0.203125 0.028125 0.0484375
0 0.71015625 0.1328125 0.0421875 0.059375
0 0.27109375 0.1859375 0.028125 0.04375
0 0.5296875 0.159375 0.021875 0.0296875
0 0.05546875 0.2109375 0.046875 0.059375
0 0.17109375 0.2015625 0.0421875 0.059375
0 0.115625 0.209375 0.0359375 0.0484375
0 0.8984375 0.12734375 0.0265625 0.034375
0 0.253125 0.1953125 0.0375 0.0578125
0 0.4125 0.178125 0.0359375 0.04375
0 0.60859375 0.1578125 0.0359375 0.0484375
0 0.01015625 0.22578125 0.0203125 0.0390625
0 0.55390625 0.16796875 0.0328125 0.0484375
0 0.809375 0.14609375 0.021875 0.034375
0 0.225 0.2078125 0.040625 0.05
0 0.83984375 0.1453125 0.03125 0.0390625
0 0.0921875 0.2265625 0.028125 0.0484375
0 0.44375 0.1890625 0.0265625 0.034375
0 0.65234375 0.17421875 0.040625 0.040625
0 0.378125 0.2078125 0.0421875 0.059375
0 0.51640625 0.19375 0.0328125 0.04375
0 0.31875 0.21640625 0.046875 0.0546875
0 0.959375 0.1515625 0.01875 0.0421875
0 0.896875 0.1578125 0.025 0.025
0 0.69453125 0.20234375 0.0328125 0.0484375
0 0.79375 0.196875 0.0328125 0.053125
0 0.60078125 0.221875 0.046875 0.059375
0 0.7328125 0.2125 0.0421875 0.0640625
0 0.8546875 0.19921875 0.0421875 0.0546875
0 0.91953125 0.19765625 0.0328125 0.053125
0 0.88359375 0.21328125 0.0421875 0.059375
0 0.96015625 0.22890625 0.0234375 0.0484375
0 0.7734375 0.26875 0.0375 0.053125
0 0.83671875 0.27109375 0.0421875 0.0546875
0 0.00625 0.4 0.0125 0.053125
0 0.20625 0.38671875 0.0359375 0.0484375
0 0.06640625 0.40546875 0.0328125 0.053125
0 0.0484375 0.41015625 0.0359375 0.0484375
0 0.1390625 0.41015625 0.03125 0.034375
0 0.23203125 0.41171875 0.0375 0.053125
0 0.15859375 0.4421875 0.0359375 0.0484375
0 0.69609375 0.3953125 0.0421875 0.0640625
0 0.25234375 0.44453125 0.0359375 0.04375
0 0.60625 0.40703125 0.0421875 0.0546875
0 0.22890625 0.46796875 0.0625 0.075
0 0.37421875 0.453125 0.0484375 0.06875
0 0.415625 0.45078125 0.046875 0.0546875
0 0.65078125 0.43046875 0.0375 0.053125
0 0.325 0.46953125 0.040625 0.05
0 0.74609375 0.43046875 0.0375 0.0578125
0 0.8640625 0.4203125 0.0484375 0.06875
0 0.096875 0.50078125 0.040625 0.05
0 0.60234375 0.4546875 0.0421875 0.0546875
0 0.0125 0.51953125 0.025 0.0484375
0 0.2765625 0.5 0.053125 0.078125
0 0.95234375 0.440625 0.046875 0.0546875
0 0.98828125 0.4546875 0.0234375 0.053125
0 0.90546875 0.4765625 0.0421875 0.0546875
0 0.21796875 0.11796875 0.021875 0.0296875
0 0.521875 0.08984375 0.0234375 0.04375
0 0.240625 0.12890625 0.0265625 0.034375