0 0.159375 0.090625 0.0359375 0.0578125
0 0.540625 0.12421875 0.03125 0.0390625
0 0.759375 0.1421875 0.0265625 0.0421875
0 0.20234375 0.10546875 0.0296875 0.0203125
0 0.925 0.1703125 0.03125 0.04375
0 0.70234375 0.1546875 0.034375 0.04375
0 0.37734375 0.01171875 0.0390625 0.0234375
0 0.38984375 0.14453125 0.0359375 0.0484375
0 0.8640625 0.1796875 0.03125 0.04375
0 0.2046875 0.140625 0.040625 0.0484375
0 0.8546875 0.03984375 0.0296875 0.034375
0 0.534375 0.175 0.03125 0.04375
0 0.984375 0.215625 0.03125 0.04375
0 0.14453125 0.00859375 0.0390625 0.0171875
0 0.58828125 0.1953125 0.03125 0.04375
0 0.93671875 0.221875 0.0265625 0.0515625
0 0.99453125 0.24296875 0.0109375 0.0578125
0 0.34296875 0.19453125 0.040625 0.053125
0 0.92578125 0.05234375 0.040625 0.0484375
0 0.284375 0.20234375 0.034375 0.04375
0 0.559375 0.24453125 0.03125 0.053125
0 0.9015625 0.2703125 0.040625 0.053125
0 0.671875 0.0390625 0.025 0.0328125
0 0.63203125 0.2703125 0.0359375 0.053125
0 0.8046875 0.2875 0.040625 0.0578125
0 0.61171875 0.03515625 0.03125 0.04375
0 0.49453125 0.27734375 0.0359375 0.0484375
0 0.4484375 0.0234375 0.03125 0.046875
0 0.16875 0.26796875 0.05 0.053125
0 0.0984375 0.26953125 0.040625 0.0484375
0 0.30546875 0.2890625 0.0359375 0.0578125
0 0.2015625 0.021875 0.040625 0.04375
0 0.4625 0.34609375 0.0453125 0.0578125
0 0.878125 0.06171875 0.03125 0.0484375
0 0.0921875 0.33203125 0.0453125 0.0625
0 0.80390625 0.3984375 0.0359375 0.053125
0 0.51796875 0.0390625 0.0265625 0.0421875
0 0.3265625 0.02578125 0.021875 0.046875
0 0.35234375 0.02734375 0.03125 0.053125
0 0.58984375 0.409375 0.0453125 0.0625
0 0.44453125 0.42890625 0.0359375 0.0484375
0 0.978125 0.46875 0.04375 0.0625
0 0.390625 0.03515625 0.0265625 0.0421875
0 0.8046875 0.06640625 0.0265625 0.0421875
0 0.53203125 0.046875 0.025 0.0203125
0 0.2265625 0.4546875 0.040625 0.0625
0 0.44765625 0.48671875 0.0359375 0.0578125
0 0.06875 0.46015625 0.0515625 0.071875
0 0.7171875 0.54375 0.0359375 0.0625
0 0.734375 0.0734375 0.0265625 0.0421875
0 0.6625 0.59765625 0.0453125 0.0671875
0 0.71953125 0.07890625 0.0203125 0.0328125
0 0.42734375 0.6734375 0.046875 0.0765625
0 0.23671875 0.05 0.0359375 0.0484375
0 0.6734375 0.08046875 0.03125 0.04375
0 0.80703125 0.0296875 0.0296875 0.0203125
0 0.53671875 0.078125 0.0390625 0.04375
0 0.7171875 0.1109375 0.0265625 0.0375
0 0.6265625 0.109375 0.03125 0.04375
0 0.98984375 0.13515625 0.0203125 0.0484375