0 0.096875 0.1109375 0.0140625 0.0140625
0 0.0875 0.11328125 0.0140625 0.01875
0 0.3796875 0.10859375 0.0140625 0.01875
0 0.1640625 0.11171875 0.0140625 0.01875
0 0.18515625 0.11171875 0.009375 0.0140625
0 0.05078125 0.1140625 0.0140625 0.0234375
0 0.9859375 0.1 0.0046875 0.0234375
0 0.74765625 0.10390625 0.0140625 0.028125
0 0.00546875 0.1171875 0.0109375 0.028125
0 0.20625 0.115625 0.009375 0.009375
0 0.15 0.1171875 0.009375 0.0140625
0 0.19453125 0.11640625 0.009375 0.0140625
0 0.06953125 0.12109375 0.009375 0.009375
0 0.12265625 0.11953125 0.009375 0.0140625
0 0.596875 0.11171875 0.0140625 0.0140625
0 0.1046875 0.125 0.0140625 0.01875
0 0.1375 0.12421875 0.0140625 0.01875
0 0.046875 0.13046875 0.01875 0.0234375
0 0.8109375 0.1171875 0.0140625 0.0140625
0 0.93359375 0.1171875 0.01875 0.01875
0 0.79453125 0.121875 0.0140625 0.01875
0 0.76953125 0.125 0.009375 0.01875
0 0.78046875 0.125 0.0140625 0.01875
0 0.55859375 0.12890625 0.009375 0.0140625
0 0.59765625 0.13046875 0.0140625 0.0140625
0 0.690625 0.12890625 0.01875 0.0234375
0 0.9703125 0.1234375 0.0140625 0.0234375
0 0.80859375 0.13125 0.009375 0.0140625
0 0.834375 0.13046875 0.0140625 0.01875
0 0.98671875 0.128125 0.0046875 0.0328125
0 0.4890625 0.14140625 0.009375 0.01875
0 0.85234375 0.13515625 0.0140625 0.0328125
0 0.4546875 0.1421875 0.009375 0.0046875
0 0.48203125 0.14140625 0.01875 0.0328125
0 0.44765625 0.14453125 0.009375 0.0046875
0 0.33203125 0.146875 0.0140625 0.009375
0 0.6140625 0.14375 0.0140625 0.01875
0 0.90078125 0.1390625 0.01875 0.028125
0 0.940625 0.13828125 0.0234375 0.0328125
0 0.4125 0.14765625 0.009375 0.01875
0 0.38515625 0.14765625 0.009375 0.009375
0 0.52578125 0.1453125 0.009375 0.01875
0 0.3640625 0.15078125 0.009375 0.009375
0 0.41953125 0.15 0.009375 0.0140625
0 0.4265625 0.15 0.009375 0.009375
0 0.465625 0.14921875 0.0140625 0.028125
0 0.5125 0.1484375 0.0140625 0.0234375
0 0.234375 0.15546875 0.0140625 0.01875
0 0.53984375 0.15 0.0140625 0.01875
0 0.403125 0.15234375 0.009375 0.01875
0 0.8015625 0.14765625 0.0234375 0.0234375
0 0.7 0.14921875 0.01875 0.0234375
0 0.8828125 0.14609375 0.01875 0.0421875
0 0.21328125 0.16015625 0.0140625 0.0234375
0 0.82734375 0.15 0.01875 0.0328125
0 0.55859375 0.1546875 0.01875 0.028125
0 0.66484375 0.15234375 0.0234375 0.028125
0 0.50078125 0.15546875 0.0234375 0.0328125
0 0.33671875 0.1625 0.0140625 0.01875
0 0.28984375 0.165625 0.0140625 0.028125
0 0.4078125 0.16328125 0.0140625 0.0234375
0 0.5953125 0.1625 0.0234375 0.028125
0 0.434375 0.16484375 0.0140625 0.01875
0 0.371875 0.16640625 0.0140625 0.01875
0 0.353125 0.16640625 0.0140625 0.0140625
0 0.44609375 0.1671875 0.01875 0.01875
0 0.3046875 0.171875 0.0140625 0.0234375
0 0.9734375 0.1625 0.028125 0.0375
0 0.9203125 0.1640625 0.0234375 0.0375
0 0.08515625 0.178125 0.0140625 0.009375
0 0.01328125 0.1796875 0.0140625 0.01875
0 0.20078125 0.1765625 0.01875 0.01875
0 0.34140625 0.17578125 0.009375 0.009375
0 0.26796875 0.17734375 0.0140625 0.0234375
0 0.31640625 0.1765625 0.01875 0.0234375
0 0.11953125 0.1796875 0.0140625 0.01875
0 0.3859375 0.17734375 0.01875 0.01875
0 0.0640625 0.18828125 0.01875 0.0234375
0 0.04765625 0.18828125 0.01875 0.0140625
0 0.55703125 0.18203125 0.0140625 0.0234375
0 0.00546875 0.19375 0.0109375 0.01875
0 0.540625 0.184375 0.01875 0.0328125
0 0.72109375 0.18125 0.028125 0.028125
0 0.81171875 0.18203125 0.0328125 0.0375
0 0.0265625 0.19609375 0.0140625 0.01875
0 0.57109375 0.18828125 0.01875 0.0328125
0 0.19609375 0.19765625 0.0234375 0.028125
0 0.65625 0.1890625 0.028125 0.0328125
0 0.36015625 0.19453125 0.0234375 0.028125
0 0.4296875 0.19609375 0.0234375 0.0328125
0 0.09140625 0.2015625 0.0234375 0.0234375
0 0.33515625 0.2 0.0234375 0.0328125
0 0.1359375 0.203125 0.0140625 0.0328125
0 0.5109375 0.196875 0.0328125 0.0421875
0 0.0203125 0.21015625 0.0140625 0.0234375
0 0.30234375 0.2046875 0.0234375 0.0140625
0 0.2078125 0.20859375 0.01875 0.01875
0 0.48046875 0.20625 0.0296875 0.0515625
0 0.38203125 0.2109375 0.028125 0.0328125
0 0.67734375 0.20546875 0.0234375 0.0421875
0 0.26875 0.2125 0.0140625 0.01875
0 0.15234375 0.2171875 0.0296875 0.046875
0 0.92265625 0.203125 0.0234375 0.0328125
0 0.05546875 0.22109375 0.0328125 0.0328125
0 0.97421875 0.209375 0.028125 0.0328125
0 0.4421875 0.2203125 0.028125 0.0421875
0 0.72421875 0.215625 0.0234375 0.0375
0 0.3703125 0.221875 0.0234375 0.0375
0 0.596875 0.21796875 0.0328125 0.0375
0 0.77578125 0.21484375 0.0296875 0.0515625
0 0.0296875 0.2296875 0.01875 0.0234375
0 0.08828125 0.22890625 0.028125 0.0375
0 0.56015625 0.23046875 0.0296875 0.0515625
0 0.19921875 0.23671875 0.028125 0.0375
0 0.2796875 0.2375 0.0375 0.0375
0 0.81484375 0.228125 0.0421875 0.0515625
0 0.22421875 0.2453125 0.028125 0.0421875
0 0.96953125 0.24140625 0.0421875 0.046875
0 0.25546875 0.25625 0.0234375 0.0234375
0 0.57890625 0.25078125 0.0296875 0.0515625
0 0.3390625 0.2578125 0.0328125 0.0328125
0 0.6375 0.25703125 0.0328125 0.05625
0 0.41484375 0.265625 0.0375 0.05625
0 0.12578125 0.275 0.0328125 0.0515625
0 0.45234375 0.271875 0.0375 0.0515625
0 0.5078125 0.28203125 0.0421875 0.0515625
0 0.090625 0.2890625 0.0421875 0.0515625
0 0.21796875 0.2890625 0.025 0.046875
0 0.66953125 0.28828125 0.05625 0.0703125
0 0.24453125 0.3171875 0.0515625 0.065625
0 0.9 0.3078125 0.0515625 0.0796875
0 0.9578125 0.31640625 0.053125 0.0984375
0 0.0171875 0.34609375 0.034375 0.0796875
0 0.77734375 0.3359375 0.065625 0.0796875
0 0.309375 0.34375 0.0515625 0.0703125
0 0.50390625 0.34296875 0.0515625 0.0703125
0 0.04609375 0.3875 0.046875 0.084375
0 0.12109375 0.425 0.053125 0.0984375
0 0.50859375 0.4421875 0.0765625 0.0984375
0 0.88828125 0.0390625 0.0140625 0.01875
0 0.66328125 0.4625 0.0765625 0.1125
0 0.97578125 0.03984375 0.01875 0.0234375
0 0.8484375 0.04453125 0.009375 0.01875
0 0.5828125 0.04921875 0.009375 0.0140625
0 0.24140625 0.53046875 0.0859375 0.1265625
0 0.934375 0.05234375 0.009375 0.0140625
0 0.9203125 0.053125 0.0140625 0.0234375
0 0.87890625 0.05546875 0.0140625 0.0234375
0 0.73046875 0.05859375 0.0234375 0.0328125
0 0.9578125 0.05703125 0.0140625 0.01875
0 0.8234375 0.059375 0.009375 0.0140625
0 0.86484375 0.05859375 0.0140625 0.01875
0 0.8328125 0.0609375 0.009375 0.009375
0 0.79453125 0.65625 0.1046875 0.140625
0 0.790625 0.06640625 0.009375 0.0140625
0 0.6359375 0.06953125 0.0140625 0.0234375
0 0.23984375 0.72421875 0.11875 0.159375
0 0.8046875 0.06640625 0.0140625 0.01875
0 0.621875 0.071875 0.009375 0.0140625
0 0.46953125 0.07734375 0.0046875 0.0046875
0 0.703125 0.07265625 0.009375 0.01875
0 0.6734375 0.07578125 0.0140625 0.01875
0 0.7125 0.075 0.009375 0.009375
0 0.7796875 0.0765625 0.009375 0.0140625
0 0.6015625 0.0796875 0.0046875 0.0140625
0 0.6640625 0.078125 0.009375 0.0140625
0 0.5859375 0.08203125 0.009375 0.0140625
0 0.740625 0.0796875 0.0140625 0.0234375
0 0.7546875 0.07890625 0.0046875 0.0140625
0 0.7640625 0.08125 0.0140625 0.01875
0 0.409375 0.0875 0.009375 0.0140625
0 0.509375 0.0859375 0.0046875 0.0140625
0 0.37265625 0.08828125 0.0140625 0.0140625
0 0.45625 0.0890625 0.009375 0.009375
0 0.54609375 0.0875 0.009375 0.0234375
0 0.56015625 0.0875 0.009375 0.01875
0 0.68046875 0.08515625 0.0140625 0.01875
0 0.50234375 0.08828125 0.0046875 0.009375
0 0.4 0.0921875 0.009375 0.0140625
0 0.44453125 0.09140625 0.01875 0.01875
0 0.4765625 0.090625 0.0140625 0.009375
0 0.61328125 0.08828125 0.009375 0.01875
0 0.29609375 0.09609375 0.0140625 0.0140625
0 0.57421875 0.09140625 0.009375 0.0140625
0 0.29140625 0.096875 0.009375 0.0140625
0 0.38671875 0.09453125 0.0140625 0.01875
0 0.51640625 0.09296875 0.009375 0.0140625
0 0.34453125 0.0953125 0.0140625 0.0234375
0 0.19453125 0.1 0.009375 0.0140625
0 0.4625 0.0953125 0.0046875 0.0140625
0 0.53203125 0.09375 0.009375 0.01875
0 0.525 0.09609375 0.009375 0.01875
0 0.25703125 0.10078125 0.0140625 0.01875
0 0.2734375 0.10078125 0.0140625 0.0140625
0 0.42109375 0.10078125 0.01875 0.01875
0 0.2359375 0.10390625 0.0140625 0.0140625
0 0.15 0.10546875 0.0140625 0.009375
0 0.1390625 0.1078125 0.0046875 0.009375
0 0.3171875 0.1046875 0.0140625 0.0140625
0 0.33125 0.1046875 0.0140625 0.0140625
0 0.01875 0.11015625 0.0140625 0.028125
0 0.43515625 0.10234375 0.009375 0.0140625
0 0.3984375 0.10546875 0.0140625 0.0140625
0 0.4421875 0.1046875 0.0046875 0.009375
0 0.1109375 0.1109375 0.009375 0.0140625