0 0.2015625 0.13828125 0.0234375 0.034375
0 0.06796875 0.12265625 0.0234375 0.034375
0 0.253125 0.1515625 0.0234375 0.03125
0 0.08984375 0.12578125 0.028125 0.0359375
0 0.4171875 0.1796875 0.01875 0.034375
0 0.21953125 0.15078125 0.0234375 0.034375
0 0.8671875 0.25390625 0.0296875 0.0453125
0 0.31640625 0.16640625 0.0234375 0.03125
0 0.74140625 0.2359375 0.0234375 0.034375
0 0.84765625 0.25546875 0.0296875 0.0453125
0 0.27265625 0.17109375 0.0234375 0.034375
0 0.34375 0.1828125 0.0234375 0.03125
0 0.6703125 0.23671875 0.0296875 0.0453125
0 0.378125 0.190625 0.025 0.0390625
0 0.1078125 0.14765625 0.025 0.04375
0 0.39765625 0.19609375 0.0234375 0.034375
0 0.1859375 0.1625 0.01875 0.034375
0 0.2453125 0.171875 0.0171875 0.0203125
0 0.28359375 0.178125 0.021875 0.0265625
0 0.23046875 0.171875 0.0234375 0.03125
0 0.1734375 0.1625 0.0234375 0.03125
0 0.6015625 0.23046875 0.0296875 0.0453125
0 0.11875 0.15390625 0.01875 0.034375
0 0.70859375 0.24921875 0.0234375 0.034375
0 0.484375 0.215625 0.0296875 0.0484375
0 0.978125 0.29375 0.0234375 0.034375
0 0.52265625 0.22421875 0.01875 0.0296875
0 0.20625 0.1765625 0.0234375 0.03125
0 0.43515625 0.215625 0.01875 0.034375
0 0.93984375 0.29765625 0.0296875 0.0484375
0 0.75234375 0.26796875 0.0234375 0.034375
0 0.65625 0.25234375 0.034375 0.05
0 0.86171875 0.28984375 0.0296875 0.0453125
0 0.3625 0.215625 0.0234375 0.03125
0 0.540625 0.24375 0.025 0.0390625
0 0.34140625 0.2125 0.028125 0.0359375
0 0.7140625 0.27109375 0.0171875 0.0203125
0 0.46875 0.2375 0.0296875 0.0453125
0 0.25859375 0.20390625 0.0328125 0.040625
0 0.596875 0.26015625 0.025 0.04375
0 0.91875 0.3109375 0.028125 0.040625
0 0.89296875 0.309375 0.028125 0.040625
0 0.515625 0.2515625 0.025 0.0390625
0 0.98203125 0.328125 0.0234375 0.03125
0 0.6234375 0.27109375 0.0359375 0.0546875
0 0.69140625 0.28671875 0.025 0.04375
0 0.88828125 0.32734375 0.0296875 0.0453125
0 0.71640625 0.3 0.0296875 0.0453125
0 0.95625 0.340625 0.0296875 0.0453125
0 0.5265625 0.275 0.028125 0.040625
0 0.74375 0.309375 0.0359375 0.059375
0 0.9953125 0.35546875 0.009375 0.0359375
0 0.4890625 0.27578125 0.028125 0.040625
0 0.9203125 0.34609375 0.025 0.04375
0 0.415625 0.265625 0.0296875 0.0453125
0 0.56171875 0.29140625 0.0328125 0.040625
0 0.8375 0.3375 0.0328125 0.040625
0 0.934375 0.3578125 0.034375 0.05
0 0.40390625 0.278125 0.03125 0.053125
0 0.97578125 0.36875 0.0390625 0.0546875
0 0.67578125 0.32578125 0.034375 0.05
0 0.24921875 0.26328125 0.0375 0.0453125
0 0.5234375 0.30703125 0.034375 0.05
0 0.89140625 0.3671875 0.025 0.04375
0 0.11171875 0.2578125 0.040625 0.0640625
0 0.49921875 0.32421875 0.034375 0.0453125
0 0.45546875 0.31953125 0.0390625 0.0546875
0 0.35546875 0.30390625 0.034375 0.05
0 0.14375 0.275 0.040625 0.0640625
0 0.27890625 0.296875 0.0375 0.0453125
0 0.646875 0.37265625 0.0359375 0.0359375
0 0.38203125 0.34296875 0.0390625 0.0546875
0 0.6109375 0.37890625 0.025 0.04375
0 0.5328125 0.36875 0.0390625 0.0546875
0 0.32734375 0.34609375 0.0453125 0.0609375
0 0.71953125 0.41796875 0.0375 0.0453125
0 0.5625 0.40234375 0.0390625 0.0546875
0 0.6578125 0.421875 0.0390625 0.0546875
0 0.79453125 0.44375 0.040625 0.0640625
0 0.2234375 0.35546875 0.05 0.0609375
0 0.70390625 0.44296875 0.040625 0.059375
0 0.98203125 0.49453125 0.0359375 0.0703125
0 0.45546875 0.41328125 0.034375 0.05
0 0.2140625 0.384375 0.0390625 0.0546875
0 0.8359375 0.5109375 0.0390625 0.05
0 0.640625 0.48515625 0.0453125 0.0609375
0 0.27265625 0.42890625 0.05625 0.0765625
0 0.909375 0.53203125 0.0515625 0.0703125
0 0.45703125 0.4609375 0.046875 0.0703125
0 0.571875 0.48984375 0.0515625 0.0703125
0 0.7640625 0.565625 0.0625 0.0859375
0 0.52109375 0.5453125 0.0625 0.090625
0 0.659375 0.57421875 0.05 0.0609375
0 0.3359375 0.53046875 0.05625 0.0765625
0 0.009375 0.51015625 0.01875 0.0578125
0 0.48828125 0.60546875 0.0625 0.0859375
0 0.21015625 0.64140625 0.065625 0.1078125
0 0.115625 0.65 0.06875 0.0953125
0 0.80234375 0.7703125 0.0890625 0.1078125
0 0.94375 0.8328125 0.0328125 0.0953125
0 0.25234375 0.728125 0.0703125 0.1046875
0 0.05859375 0.725 0.06875 0.0953125
0 0.3765625 0.87890625 0.0921875 0.134375
0 0.0375 0.840625 0.075 0.134375
0 0.428125 0.0921875 0.025 0.0390625
0 0.50625 0.10703125 0.0234375 0.034375
0 0.1578125 0.06875 0.0359375 0.0546875
0 0.53046875 0.1296875 0.0234375 0.034375
0 0.34609375 0.1375 0.028125 0.0359375
0 0.07890625 0.09765625 0.01875 0.034375
0 0.0625 0.09765625 0.015625 0.0421875