0 0.78359375 0.30234375 0.0203125 0.0421875
0 0.8328125 0.29921875 0.0265625 0.0515625
0 0.2265625 0.33125 0.015625 0.028125
0 0.00546875 0.34296875 0.0109375 0.0234375
0 0.5140625 0.31875 0.0203125 0.0296875
0 0.68515625 0.309375 0.021875 0.046875
0 0.94140625 0.29609375 0.0265625 0.046875
0 0.67109375 0.3125 0.015625 0.0234375
0 0.153125 0.33984375 0.025 0.0328125
0 0.803125 0.30546875 0.0265625 0.0515625
0 0.59453125 0.31875 0.0203125 0.0375
0 0.32734375 0.3328125 0.0203125 0.0328125
0 0.625 0.3171875 0.015625 0.0375
0 0.471875 0.328125 0.0203125 0.0296875
0 0.403125 0.33125 0.0203125 0.025
0 0.27578125 0.340625 0.015625 0.028125
0 0.64609375 0.32109375 0.0203125 0.025
0 0.971875 0.30390625 0.0265625 0.0515625
0 0.44765625 0.33359375 0.0203125 0.0328125
0 0.8796875 0.31796875 0.0203125 0.0375
0 0.66484375 0.3296875 0.015625 0.028125
0 0.38515625 0.34375 0.0203125 0.0375
0 0.63984375 0.3328125 0.0203125 0.0296875
0 0.12890625 0.36015625 0.025 0.0375
0 0.75078125 0.3296875 0.03125 0.0609375
0 0.53515625 0.340625 0.0203125 0.0375
0 0.05234375 0.36796875 0.0203125 0.025
0 0.08046875 0.36640625 0.021875 0.046875
0 0.23046875 0.35859375 0.015625 0.0234375
0 0.2953125 0.3546875 0.015625 0.0234375
0 0.8453125 0.33125 0.03125 0.0515625
0 0.175 0.36640625 0.0296875 0.025
0 0.7203125 0.3375 0.0203125 0.0375
0 0.3578125 0.35625 0.0203125 0.0328125
0 0.8203125 0.334375 0.025 0.0421875
0 0.00859375 0.3765625 0.0171875 0.046875
0 0.871875 0.334375 0.03125 0.0515625
0 0.934375 0.33359375 0.0265625 0.0515625
0 0.26875 0.36796875 0.025 0.025
0 0.578125 0.3515625 0.0203125 0.0296875
0 0.0234375 0.38359375 0.025 0.0375
0 0.4328125 0.3640625 0.0296875 0.0328125
0 0.64140625 0.35546875 0.025 0.0328125
0 0.9109375 0.34140625 0.03125 0.046875
0 0.4671875 0.36484375 0.0203125 0.025
0 0.0703125 0.3859375 0.025 0.0328125
0 0.20234375 0.38125 0.0296875 0.0375
0 0.2546875 0.378125 0.0203125 0.0296875
0 0.59921875 0.3625 0.025 0.025
0 0.4890625 0.37578125 0.015625 0.0421875
0 0.28984375 0.3859375 0.0265625 0.046875
0 0.11171875 0.3953125 0.015625 0.0234375
0 0.05703125 0.40078125 0.0203125 0.025
0 0.225 0.39140625 0.0203125 0.0328125
0 0.503125 0.3796875 0.0203125 0.025
0 0.5703125 0.37578125 0.0203125 0.0421875
0 0.74140625 0.3671875 0.03125 0.065625
0 0.15390625 0.39765625 0.0203125 0.025
0 0.31796875 0.39140625 0.025 0.0203125
0 0.19140625 0.40078125 0.025 0.0375
0 0.4546875 0.38671875 0.0203125 0.025
0 0.165625 0.40390625 0.0203125 0.0296875
0 0.62578125 0.3796875 0.0203125 0.0328125
0 0.69765625 0.38125 0.0296875 0.0421875
0 0.02734375 0.42109375 0.0296875 0.0375
0 0.4734375 0.39765625 0.025 0.0328125
0 0.053125 0.41953125 0.0203125 0.025
0 0.07421875 0.41796875 0.0203125 0.0296875
0 0.8015625 0.38046875 0.0265625 0.046875
0 0.01015625 0.42578125 0.0203125 0.0515625
0 0.78125 0.38359375 0.021875 0.0515625
0 0.88125 0.378125 0.034375 0.0625
0 0.40703125 0.40546875 0.021875 0.046875
0 0.728125 0.3890625 0.03125 0.0515625
0 0.41640625 0.40703125 0.0125 0.046875
0 0.321875 0.4125 0.0203125 0.0421875
0 0.384375 0.409375 0.0203125 0.0375
0 0.34921875 0.4109375 0.025 0.0421875
0 0.12734375 0.425 0.034375 0.0390625
0 0.1015625 0.4265625 0.0203125 0.0421875
0 0.5296875 0.40546875 0.0203125 0.0375
0 0.43359375 0.41953125 0.03125 0.046875
0 0.50234375 0.41640625 0.025 0.0375
0 0.36875 0.42578125 0.015625 0.028125
0 0.171875 0.4359375 0.0296875 0.0375
0 0.22265625 0.4328125 0.0203125 0.0375
0 0.24140625 0.43671875 0.0296875 0.0421875
0 0.3046875 0.43828125 0.025 0.0296875
0 0.54453125 0.43046875 0.0265625 0.046875
0 0.1984375 0.45078125 0.0265625 0.0515625
0 0.57109375 0.43125 0.0296875 0.0328125
0 0.090625 0.4609375 0.0296875 0.0421875
0 0.00859375 0.46796875 0.0171875 0.0328125
0 0.78359375 0.42734375 0.0296875 0.0328125
0 0.42578125 0.45078125 0.0265625 0.046875
0 0.04140625 0.47109375 0.0296875 0.0375
0 0.528125 0.44765625 0.03125 0.046875
0 0.0671875 0.471875 0.0296875 0.0421875
0 0.125 0.46875 0.03125 0.046875
0 0.0296875 0.4734375 0.034375 0.053125
0 0.365625 0.45859375 0.025 0.0421875
0 0.75234375 0.44296875 0.034375 0.0484375
0 0.9609375 0.43671875 0.0390625 0.053125
0 0.27421875 0.475 0.03125 0.0515625
0 0.225 0.47734375 0.03125 0.05625
0 0.31171875 0.484375 0.03125 0.046875
0 0.58203125 0.47421875 0.03125 0.046875
0 0.74375 0.46640625 0.034375 0.0484375
0 0.88046875 0.45859375 0.0390625 0.0625
0 0.90390625 0.4625 0.03125 0.0515625
0 0.0625 0.50859375 0.03125 0.0515625
0 0.40625 0.490625 0.025 0.0328125
0 0.80703125 0.471875 0.05 0.071875
0 0.34453125 0.50078125 0.03125 0.0515625
0 0.18359375 0.51640625 0.0390625 0.0484375
0 0.3703125 0.50703125 0.025 0.0421875
0 0.94921875 0.4859375 0.040625 0.071875
0 0.8609375 0.4953125 0.0265625 0.046875
0 0.040625 0.540625 0.025 0.0421875
0 0.7671875 0.5046875 0.03125 0.0515625
0 0.16328125 0.5390625 0.034375 0.0484375
0 0.4390625 0.53125 0.03125 0.0609375
0 0.13671875 0.54921875 0.034375 0.053125
0 0.67265625 0.52109375 0.0265625 0.05625
0 0.471875 0.54765625 0.0265625 0.0609375
0 0.409375 0.553125 0.0265625 0.075
0 0.38515625 0.559375 0.034375 0.053125
0 0.5890625 0.553125 0.03125 0.0609375
0 0.49375 0.55859375 0.021875 0.0609375
0 0.6421875 0.553125 0.034375 0.0625
0 0.74140625 0.54765625 0.0296875 0.0421875
0 0.29140625 0.59453125 0.04375 0.04375
0 0.5234375 0.5875 0.03125 0.065625
0 0.1859375 0.60703125 0.05 0.0765625
0 0.44453125 0.59609375 0.0359375 0.0671875
0 0.05390625 0.62265625 0.034375 0.053125
0 0.565625 0.5984375 0.040625 0.0671875
0 0.02578125 0.640625 0.0390625 0.0625
0 0.30078125 0.63359375 0.034375 0.034375
0 0.9875 0.6125 0.025 0.09375
0 0.3734375 0.64609375 0.0390625 0.053125
0 0.88671875 0.6234375 0.0546875 0.090625
0 0.290625 0.6640625 0.0390625 0.0484375
0 0.67734375 0.66171875 0.0453125 0.071875
0 0.9390625 0.6484375 0.0453125 0.08125
0 0.1515625 0.70859375 0.0546875 0.08125
0 0.02578125 0.73125 0.03125 0.075
0 0.28515625 0.72265625 0.0546875 0.071875
0 0.79140625 0.70078125 0.0453125 0.08125
0 0.5328125 0.71796875 0.04375 0.0625
0 0.178125 0.7390625 0.040625 0.0765625
0 0.9828125 0.71796875 0.034375 0.0765625
0 0.67734375 0.75078125 0.0359375 0.0890625
0 0.62265625 0.76015625 0.0453125 0.0859375
0 0.871875 0.75 0.0640625 0.090625
0 0.81953125 0.7546875 0.05 0.0859375
0 0.41328125 0.78515625 0.0484375 0.0625
0 0.7375 0.79140625 0.075 0.11875
0 0.1890625 0.84765625 0.0609375 0.0953125
0 0.53125 0.834375 0.0453125 0.08125
0 0.07421875 0.87421875 0.05625 0.0953125
0 0.2734375 0.87109375 0.0453125 0.08125
0 0.47109375 0.86796875 0.0640625 0.0671875
0 0.38671875 0.9 0.040625 0.08125
0 0.3546875 0.90390625 0.040625 0.0859375
0 0.134375 0.915625 0.05 0.090625
0 0.9046875 0.878125 0.05625 0.1046875
0 0.62265625 0.89921875 0.05625 0.1046875
0 0.85390625 0.921875 0.059375 0.090625
0 0.05625 0.96171875 0.06875 0.0765625
0 0.1140625 0.9609375 0.05625 0.078125
0 0.4890625 0.95546875 0.078125 0.0875
0 0.26640625 0.96875 0.0640625 0.0625
0 0.92734375 0.1625 0.015625 0.028125
0 0.9109375 0.165625 0.0203125 0.0328125
0 0.94140625 0.1640625 0.015625 0.028125
0 0.9640625 0.16484375 0.015625 0.028125
0 0.8609375 0.17734375 0.0203125 0.025
0 0.890625 0.1828125 0.0203125 0.0421875
0 0.7578125 0.1921875 0.0109375 0.01875
0 0.725 0.20078125 0.0109375 0.01875
0 0.76484375 0.19921875 0.015625 0.0234375
0 0.790625 0.20234375 0.0109375 0.01875
0 0.9359375 0.19453125 0.0203125 0.0375
0 0.95 0.19375 0.0203125 0.0375
0 0.70078125 0.20859375 0.015625 0.01875
0 0.83671875 0.20390625 0.0203125 0.0328125
0 0.7421875 0.20859375 0.015625 0.01875
0 0.91796875 0.20390625 0.025 0.0421875
0 0.97109375 0.20390625 0.0203125 0.0421875
0 0.67109375 0.21953125 0.0109375 0.01875
0 0.80234375 0.2125 0.0203125 0.025
0 0.77890625 0.2140625 0.015625 0.028125
0 0.6390625 0.22109375 0.0109375 0.01875
0 0.73046875 0.21640625 0.015625 0.01875
0 0.68515625 0.22109375 0.015625 0.0234375
0 0.8234375 0.2140625 0.0203125 0.0375
0 0.56953125 0.22734375 0.0109375 0.0234375
0 0.46953125 0.23515625 0.009375 0.0140625
0 0.65234375 0.2296875 0.015625 0.0234375
0 0.60625 0.234375 0.0203125 0.0375
0 0.40546875 0.24765625 0.0140625 0.0140625
0 0.42890625 0.2484375 0.009375 0.0140625
0 0.71328125 0.23359375 0.015625 0.0234375
0 0.44765625 0.25 0.009375 0.0140625
0 0.8609375 0.228125 0.025 0.0203125
0 0.3 0.2625 0.0203125 0.0375
0 0.88046875 0.23203125 0.0203125 0.0296875
0 0.56796875 0.2484375 0.0203125 0.025
0 0.32578125 0.26328125 0.0109375 0.01875
0 0.94296875 0.23359375 0.0203125 0.0375
0 0.5359375 0.2546875 0.015625 0.0234375
0 0.64609375 0.24921875 0.015625 0.0234375
0 0.46640625 0.2609375 0.015625 0.0234375
0 0.921875 0.2390625 0.0203125 0.0296875
0 0.48515625 0.2625 0.015625 0.0234375
0 0.38359375 0.2671875 0.015625 0.0234375
0 0.40625 0.26640625 0.0109375 0.01875
0 0.73984375 0.2515625 0.015625 0.0234375
0 0.1640625 0.28125 0.015625 0.0234375
0 0.434375 0.2671875 0.0109375 0.01875
0 0.7234375 0.2546875 0.015625 0.0328125
0 0.18515625 0.2828125 0.0203125 0.025
0 0.8046875 0.25234375 0.025 0.0296875
0 0.35859375 0.27578125 0.015625 0.0234375
0 0.26171875 0.28125 0.015625 0.0234375
0 0.45390625 0.2734375 0.015625 0.0234375
0 0.97578125 0.24609375 0.0203125 0.0328125
0 0.771875 0.2609375 0.0265625 0.046875
0 0.01484375 0.30078125 0.015625 0.0234375
0 0.634375 0.26875 0.0109375 0.0234375
0 0.05625 0.2984375 0.0203125 0.025
0 0.953125 0.2515625 0.0203125 0.0296875
0 0.215625 0.29296875 0.015625 0.01875
0 0.30625 0.290625 0.0203125 0.0296875
0 0.40546875 0.2890625 0.015625 0.01875
0 0.59453125 0.27890625 0.0203125 0.0328125
0 0.62265625 0.2796875 0.015625 0.0234375
0 0.45859375 0.290625 0.015625 0.0234375
0 0.24375 0.30234375 0.0203125 0.025
0 0.88203125 0.26875 0.0296875 0.025
0 0.69765625 0.28046875 0.0203125 0.0328125
0 0.14296875 0.31015625 0.0203125 0.0328125
0 0.0828125 0.31328125 0.0203125 0.025
0 0.5375 0.29140625 0.015625 0.0234375
0 0.71796875 0.28203125 0.021875 0.046875
0 0.49375 0.29375 0.015625 0.028125
0 0.103125 0.3140625 0.015625 0.0328125
0 0.121875 0.315625 0.0203125 0.0375
0 0.52109375 0.29453125 0.015625 0.0234375
0 0.334375 0.30703125 0.0109375 0.0234375
0 0.03828125 0.325 0.025 0.0328125
0 0.353125 0.30859375 0.015625 0.0234375
0 0.65546875 0.2921875 0.0203125 0.0296875
0 0.4828125 0.30390625 0.015625 0.01875
0 0.265625 0.31484375 0.015625 0.0234375
0 0.8546875 0.284375 0.025 0.0421875
0 0.91484375 0.28359375 0.025 0.0375
0 0.371875 0.3140625 0.0203125 0.0296875
0 0.56875 0.30390625 0.015625 0.0234375
0 0.8875 0.2875 0.034375 0.0390625
0 0.01875 0.3328125 0.0203125 0.025
0 0.19921875 0.328125 0.0203125 0.0328125
0 0.1734375 0.3296875 0.025 0.0421875
0 0.69375 0.30234375 0.015625 0.0421875
0 0.21484375 0.3296875 0.025 0.0328125