0 0.840625 0.2328125 0.0796875 0.1484375
0 0.69609375 0.24765625 0.06875 0.1234375
0 0.30859375 0.34921875 0.078125 0.125
0 0.378125 0.35234375 0.065625 0.1421875
0 0.971875 0.31328125 0.0390625 0.1078125
0 0.48046875 0.38515625 0.0828125 0.1296875
0 0.0625 0.07109375 0.075 0.0875
0 0.43515625 0.046875 0.05625 0.090625
0 0.978125 0.47109375 0.04375 0.1453125
0 0.83359375 0.55546875 0.0859375 0.171875
0 0.04140625 0.7109375 0.0703125 0.221875
0 0.73203125 0.82734375 0.1265625 0.24375
0 0.584375 0.1203125 0.0578125 0.109375
0 0.52734375 0.13359375 0.059375 0.11875
0 0.8515625 0.11328125 0.0484375 0.0953125
0 0.75859375 0.125 0.053125 0.0953125
0 0.19609375 0.17734375 0.0828125 0.1390625
0 0.784375 0.1859375 0.04375 0.1125
0 0.5109375 0.225 0.0578125 0.1
0 0.9203125 0.20859375 0.08125 0.1109375