0 0.23125 0.14609375 0.00625 0.00625
0 0.2140625 0.14296875 0.00625 0.00625
0 0.2609375 0.15234375 0.00625 0.00625
0 0.28125 0.15546875 0.00625 0.009375
0 0.296875 0.1609375 0.00625 0.009375
0 0.39765625 0.18046875 0.00625 0.00625
0 0.42421875 0.1859375 0.0125 0.015625
0 0.528125 0.20625 0.00625 0.009375
0 0.22421875 0.146875 0.0078125 0.0140625
0 0.23984375 0.15234375 0.00625 0.00625
0 0.48046875 0.19921875 0.00625 0.009375
0 0.41171875 0.18828125 0.009375 0.00625
0 0.44140625 0.196875 0.0125 0.015625
0 0.38671875 0.1859375 0.0125 0.0203125
0 0.4296875 0.19453125 0.0125 0.015625
0 0.5640625 0.2203125 0.0078125 0.0140625
0 0.4453125 0.2 0.0078125 0.0140625
0 0.5359375 0.2171875 0.0125 0.0203125
0 0.47421875 0.2078125 0.0078125 0.0140625
0 0.81328125 0.2734375 0.0125 0.015625
0 0.8625 0.28359375 0.0125 0.015625
0 0.55625 0.2234375 0.0125 0.015625
0 0.7015625 0.2515625 0.0171875 0.0171875
0 0.51875 0.22265625 0.0125 0.0203125
0 0.86171875 0.3015625 0.0125 0.015625
0 0.3265625 0.21875 0.0296875 0.040625
0 0.359375 0.22734375 0.0296875 0.0359375
0 0.10703125 0.18046875 0.0234375 0.0265625
0 0.0875 0.19609375 0.034375 0.0375
0 0.29296875 0.2421875 0.040625 0.05625
0 0.60078125 0.32109375 0.034375 0.0375
0 0.1453125 0.23515625 0.028125 0.0328125
0 0.17578125 0.24140625 0.0296875 0.040625
0 0.69921875 0.3453125 0.04375 0.04375
0 0.275 0.27265625 0.0359375 0.05
0 0.88984375 0.396875 0.0515625 0.0625
0 0.32578125 0.28984375 0.028125 0.0328125
0 0.6375 0.35 0.034375 0.0375
0 0.58515625 0.3421875 0.04375 0.046875
0 0.44296875 0.31953125 0.040625 0.0515625
0 0.33515625 0.303125 0.0296875 0.040625
0 0.303125 0.29921875 0.04375 0.046875
0 0.6828125 0.37578125 0.0390625 0.046875
0 0.8078125 0.41796875 0.0421875 0.0609375
0 0.2125 0.3046875 0.0359375 0.0453125
0 0.3703125 0.34296875 0.0359375 0.05
0 0.621875 0.39375 0.0421875 0.065625
0 0.0609375 0.2875 0.0421875 0.0609375
0 0.56484375 0.38515625 0.040625 0.0515625
0 0.78046875 0.4296875 0.0421875 0.0609375
0 0.7140625 0.41640625 0.0453125 0.0515625
0 0.1296875 0.30546875 0.0390625 0.0421875
0 0.10859375 0.30625 0.025 0.034375
0 0.39375 0.36640625 0.046875 0.065625
0 0.1828125 0.33515625 0.040625 0.05625
0 0.8265625 0.48046875 0.0515625 0.0625
0 0.5984375 0.44609375 0.0515625 0.0625
0 0.2953125 0.40390625 0.053125 0.071875
0 0.43359375 0.43984375 0.075 0.09375
0 0.146875 0.4359375 0.06875 0.0828125
0 0.609375 0.53046875 0.0546875 0.0765625
0 0.7953125 0.56953125 0.06875 0.0828125
0 0.965625 0.6375 0.04375 0.0703125
0 0.38671875 0.52734375 0.053125 0.071875
0 0.2359375 0.5359375 0.05625 0.0625
0 0.325 0.621875 0.0703125 0.065625
0 0.0890625 0.63515625 0.0984375 0.11875
0 0.29921875 0.684375 0.0765625 0.0984375
0 0.7890625 0.8421875 0.065625 0.0921875
0 0.565625 0.81875 0.078125 0.0890625
0 0.44453125 0.7953125 0.08125 0.0984375
0 0.22890625 0.77734375 0.1 0.1078125
0 0.746875 0.88046875 0.078125 0.10625