0 0.08828125 0.1203125 0.0203125 0.0328125
0 0.65234375 0.10546875 0.0296875 0.046875
0 0.93828125 0.00625 0.0421875 0.0125
0 0.82265625 0.1203125 0.0625 0.0859375
0 0.4875 0.13203125 0.0390625 0.05625
0 0.1453125 0.02578125 0.0421875 0.025
0 0.7484375 0.01171875 0.025 0.0234375
0 0.39140625 0.15703125 0.04375 0.05625
0 0.0765625 0.16796875 0.0203125 0.0421875
0 0.04375 0.17109375 0.0296875 0.0375
0 0.759375 0.159375 0.034375 0.0703125
0 0.26171875 0.1765625 0.04375 0.0609375
0 0.19765625 0.18125 0.0203125 0.0421875
0 0.93515625 0.1625 0.0421875 0.0328125
0 0.22265625 0.1875 0.0390625 0.046875
0 0.171875 0.19375 0.025 0.046875
0 0.32734375 0.190625 0.0296875 0.0421875
0 0.3421875 0.02421875 0.0421875 0.0328125
0 0.0125 0.21640625 0.025 0.0421875
0 0.61328125 0.01875 0.0296875 0.0375
0 0.2375 0.21953125 0.0390625 0.0515625
0 0.96640625 0.2078125 0.0390625 0.065625
0 0.9375 0.215625 0.04375 0.065625
0 0.215625 0.253125 0.0296875 0.0609375
0 0.146875 0.2578125 0.04375 0.0609375
0 0.3390625 0.28125 0.034375 0.046875
0 0.6359375 0.2734375 0.04375 0.05625
0 0.7265625 0.2859375 0.04375 0.065625
0 0.62890625 0.33984375 0.034375 0.065625
0 0.6921875 0.0296875 0.0296875 0.046875
0 0.06015625 0.371875 0.0390625 0.05625
0 0.740625 0.36171875 0.034375 0.0609375
0 0.4859375 0.0390625 0.0296875 0.0515625
0 0.32578125 0.41796875 0.0484375 0.0671875
0 0.01796875 0.43984375 0.0359375 0.0890625
0 0.5234375 0.4296875 0.053125 0.0765625
0 0.46328125 0.43671875 0.04375 0.0703125
0 0.07265625 0.45234375 0.0390625 0.075
0 0.85703125 0.03828125 0.0203125 0.046875
0 0.87109375 0.0375 0.0203125 0.0328125
0 0.1484375 0.575 0.0578125 0.0859375
0 0.0734375 0.07265625 0.0296875 0.0296875
0 0.38515625 0.0640625 0.025 0.0328125
0 0.03046875 0.65078125 0.0546875 0.0953125
0 0.3484375 0.071875 0.015625 0.028125
0 0.44609375 0.68984375 0.0484375 0.0890625
0 0.153125 0.70703125 0.0734375 0.1140625
0 0.640625 0.06640625 0.0203125 0.0328125
0 0.23984375 0.08046875 0.025 0.0421875
0 0.175 0.08515625 0.0203125 0.0421875
0 0.36484375 0.08125 0.025 0.0328125
0 0.98046875 0.7515625 0.0390625 0.09375
0 0.5890625 0.07578125 0.034375 0.046875
0 0.21875 0.08828125 0.015625 0.0421875
0 0.84375 0.85625 0.0765625 0.0765625
0 0.89921875 0.0046875 0.0296875 0.009375
0 0.3890625 0.1078125 0.0375 0.025
0 0.0609375 0.11875 0.025 0.0375