0 0.696875 0.48203125 0.0265625 0.053125
0 0.43671875 0.528125 0.0265625 0.053125
0 0.24375 0.56875 0.034375 0.071875
0 0.39453125 0.5421875 0.0265625 0.053125
0 0.75546875 0.48359375 0.028125 0.0578125
0 0.1453125 0.5953125 0.0265625 0.0703125
0 0.8625 0.47578125 0.028125 0.0578125
0 0.16328125 0.6015625 0.0359375 0.0765625
0 0.29296875 0.58828125 0.0265625 0.0484375
0 0.3375 0.58984375 0.0296875 0.0625
0 0.1328125 0.63046875 0.03125 0.0765625
0 0.27421875 0.61953125 0.0265625 0.053125
0 0.22421875 0.62890625 0.0328125 0.0640625
0 0.37109375 0.61015625 0.0328125 0.0640625
0 0.6234375 0.57265625 0.0265625 0.053125
0 0.81015625 0.54140625 0.025 0.04375
0 0.08125 0.671875 0.040625 0.0828125
0 0.7765625 0.54921875 0.0296875 0.0625
0 0.31015625 0.6390625 0.034375 0.071875
0 0.1234375 0.67421875 0.028125 0.0578125
0 0.74453125 0.56953125 0.0296875 0.0671875
0 0.6796875 0.6 0.028125 0.0578125
0 0.27734375 0.67578125 0.034375 0.0671875
0 0.71875 0.6046875 0.0265625 0.053125
0 0.43828125 0.65703125 0.0328125 0.059375
0 0.81640625 0.58984375 0.028125 0.0578125
0 0.8484375 0.59375 0.0296875 0.0625
0 0.571875 0.64296875 0.0296875 0.0625
0 0.51953125 0.65234375 0.028125 0.0578125
0 0.046875 0.74140625 0.0328125 0.0640625
0 0.6703125 0.6390625 0.028125 0.0578125
0 0.61875 0.65078125 0.034375 0.0671875
0 0.9015625 0.6171875 0.034375 0.0671875
0 0.31328125 0.73046875 0.034375 0.0671875
0 0.36328125 0.721875 0.034375 0.0671875
0 0.7734375 0.6515625 0.0328125 0.059375
0 0.496875 0.70546875 0.0265625 0.053125
0 0.25546875 0.75234375 0.0359375 0.0765625
0 0.409375 0.7328125 0.0265625 0.0484375
0 0.58828125 0.70703125 0.0203125 0.04375
0 0.540625 0.71796875 0.0296875 0.0625
0 0.1765625 0.796875 0.0421875 0.0875
0 0.42890625 0.77578125 0.0375 0.08125
0 0.5171875 0.76015625 0.03125 0.0546875
0 0.3703125 0.790625 0.034375 0.0671875
0 0.65859375 0.74765625 0.028125 0.0578125
0 0.865625 0.3203125 0.0265625 0.0484375
0 0.76796875 0.3421875 0.0140625 0.0296875
0 0.65859375 0.36171875 0.028125 0.0578125
0 0.4125 0.40546875 0.01875 0.034375
0 0.803125 0.35078125 0.0203125 0.0390625
0 0.61875 0.38671875 0.0171875 0.025
0 0.3015625 0.44296875 0.0203125 0.0390625
0 0.49140625 0.409375 0.028125 0.0578125
0 0.68515625 0.375 0.0171875 0.025
0 0.3953125 0.4265625 0.0140625 0.0296875
0 0.71953125 0.371875 0.0203125 0.0390625
0 0.53203125 0.4046875 0.0203125 0.04375
0 0.2765625 0.45 0.0140625 0.0328125
0 0.7625 0.36640625 0.021875 0.0484375
0 0.63828125 0.390625 0.01875 0.034375
0 0.50625 0.4140625 0.0203125 0.0390625
0 0.70234375 0.38203125 0.015625 0.0375
0 0.43828125 0.428125 0.0171875 0.025
0 0.4296875 0.43203125 0.01875 0.034375
0 0.78046875 0.3703125 0.01875 0.034375
0 0.55234375 0.4109375 0.028125 0.0578125
0 0.5953125 0.403125 0.015625 0.0375
0 0.2359375 0.46875 0.0203125 0.04375
0 0.63046875 0.39921875 0.015625 0.0375
0 0.7515625 0.378125 0.01875 0.034375
0 0.3453125 0.44921875 0.015625 0.0375
0 0.3703125 0.4453125 0.0171875 0.025
0 0.5875 0.409375 0.0140625 0.0296875
0 0.82265625 0.36796875 0.0265625 0.053125
0 0.528125 0.421875 0.0296875 0.0625
0 0.92265625 0.35234375 0.0375 0.0640625
0 0.46953125 0.43515625 0.01875 0.034375
0 0.5796875 0.415625 0.0171875 0.0421875
0 0.86640625 0.36484375 0.0203125 0.0390625
0 0.89375 0.36015625 0.0203125 0.0390625
0 0.33359375 0.4609375 0.0171875 0.025
0 0.73046875 0.39375 0.015625 0.0375
0 0.61171875 0.4140625 0.0203125 0.04375
0 0.42265625 0.44765625 0.01875 0.0296875
0 0.39140625 0.45546875 0.01875 0.0296875
0 0.8375 0.37734375 0.0234375 0.0578125
0 0.31171875 0.471875 0.0265625 0.0484375
0 0.4578125 0.44609375 0.0171875 0.025
0 0.65078125 0.4125 0.0203125 0.0390625
0 0.28046875 0.48203125 0.0203125 0.0390625
0 0.62265625 0.421875 0.021875 0.0484375
0 0.26015625 0.4859375 0.0265625 0.0484375
0 0.36328125 0.4703125 0.0171875 0.025
0 0.56640625 0.434375 0.015625 0.0375
0 0.71640625 0.4078125 0.021875 0.0484375
0 0.35625 0.4734375 0.0140625 0.0296875
0 0.19296875 0.50234375 0.0140625 0.025
0 0.68046875 0.41640625 0.021875 0.0484375
0 0.78046875 0.39921875 0.025 0.0390625
0 0.8578125 0.38515625 0.0234375 0.053125
0 0.484375 0.45390625 0.0203125 0.04375
0 0.4140625 0.465625 0.0265625 0.0484375
0 0.2046875 0.50546875 0.0234375 0.053125
0 0.69296875 0.41953125 0.0203125 0.04375
0 0.225 0.5015625 0.025 0.04375
0 0.79765625 0.40078125 0.0296875 0.0625
0 0.74765625 0.409375 0.0234375 0.053125
0 0.96328125 0.37109375 0.0328125 0.0640625
0 0.38359375 0.478125 0.0265625 0.0484375
0 0.24921875 0.50234375 0.01875 0.0296875
0 0.45 0.4671875 0.0203125 0.04375
0 0.1140625 0.52578125 0.0328125 0.0640625
0 0.70859375 0.42578125 0.0203125 0.04375
0 0.27734375 0.50234375 0.015625 0.0375
0 0.884375 0.39765625 0.0234375 0.0578125
0 0.765625 0.41796875 0.0234375 0.0578125
0 0.47578125 0.46953125 0.015625 0.0375
0 0.3484375 0.49453125 0.0171875 0.0421875
0 0.51953125 0.4640625 0.0296875 0.0625
0 0.6359375 0.44375 0.0296875 0.0625
0 0.49921875 0.46953125 0.028125 0.0578125
0 0.59765625 0.45390625 0.021875 0.0484375
0 0.3015625 0.50859375 0.028125 0.0578125
0 0.40390625 0.490625 0.025 0.04375
0 0.4359375 0.48515625 0.0203125 0.04375
0 0.66640625 0.446875 0.025 0.0609375
0 0.8765625 0.409375 0.01875 0.034375
0 0.1671875 0.53515625 0.0328125 0.08125
0 0.73515625 0.434375 0.0265625 0.053125
0 0.37578125 0.50078125 0.025 0.04375
0 0.9046875 0.41171875 0.034375 0.0671875
0 0.46953125 0.4890625 0.0265625 0.0484375
0 0.3375 0.51171875 0.028125 0.0578125
0 0.54453125 0.47578125 0.0296875 0.0671875
0 0.83046875 0.425 0.028125 0.0578125
0 0.56640625 0.47421875 0.0234375 0.053125
0 0.94921875 0.40625 0.028125 0.0578125
0 0.3609375 0.51015625 0.021875 0.0484375
0 0.2703125 0.52890625 0.0296875 0.0625
0 0.15234375 0.5515625 0.0265625 0.0484375
0 0.5859375 0.478125 0.028125 0.0578125
0 0.78671875 0.446875 0.0265625 0.0484375
0 0.1 0.56796875 0.0296875 0.0625
0 0.48828125 0.50234375 0.0265625 0.053125
0 0.32421875 0.53125 0.021875 0.0484375
0 0.0578125 0.578125 0.0328125 0.0640625
0 0.2203125 0.5515625 0.0296875 0.0671875
0 0.19765625 0.55546875 0.034375 0.071875
0 0.290625 0.54140625 0.025 0.0609375
0 0.259375 0.546875 0.0296875 0.0625
0 0.6265625 0.48515625 0.0265625 0.053125
0 0.6578125 0.47890625 0.03125 0.0546875
0 0.71953125 0.46875 0.028125 0.0578125
0 0.08203125 0.5828125 0.040625 0.078125
0 0.8765625 0.44765625 0.0265625 0.0484375