0 0.2515625 0.259375 0.021875 0.025
0 0.32109375 0.26796875 0.021875 0.0296875
0 0.7734375 0.32578125 0.021875 0.025
0 0.92890625 0.346875 0.021875 0.034375
0 0.7109375 0.3203125 0.0265625 0.0265625
0 0.3046875 0.2703125 0.0171875 0.025
0 0.0421875 0.240625 0.021875 0.034375
0 0.68984375 0.3203125 0.0234375 0.0390625
0 0.72890625 0.325 0.021875 0.0296875
0 0.74921875 0.3296875 0.0171875 0.025
0 0.88046875 0.34609375 0.021875 0.025
0 0.98203125 0.35859375 0.0328125 0.0484375
0 0.428125 0.29296875 0.0265625 0.0265625
0 0.47578125 0.2984375 0.021875 0.0296875
0 0.1703125 0.26328125 0.0265625 0.03125
0 0.2640625 0.275 0.0171875 0.025
0 0.08046875 0.25234375 0.021875 0.025
0 0.82421875 0.34375 0.0171875 0.0328125
0 0.509375 0.3078125 0.0265625 0.03125
0 0.1875 0.26796875 0.021875 0.0296875
0 0.5421875 0.31171875 0.03125 0.0359375
0 0.8609375 0.353125 0.028125 0.04375
0 0.76171875 0.34296875 0.021875 0.034375
0 0.28828125 0.28515625 0.0171875 0.025
0 0.45390625 0.30546875 0.0234375 0.0390625
0 0.7828125 0.34609375 0.0234375 0.04375
0 0.3671875 0.29453125 0.021875 0.0296875
0 0.9640625 0.3703125 0.021875 0.034375
0 0.83671875 0.35703125 0.0265625 0.034375
0 0.38671875 0.3015625 0.021875 0.0296875
0 0.634375 0.33203125 0.0265625 0.034375
0 0.60234375 0.33046875 0.0328125 0.0484375
0 0.23984375 0.2859375 0.021875 0.034375
0 0.35 0.3 0.0203125 0.0203125
0 0.70078125 0.34296875 0.0234375 0.04375
0 0.8875 0.365625 0.021875 0.034375
0 0.9171875 0.371875 0.021875 0.034375
0 0.22109375 0.2859375 0.0234375 0.04375
0 0.56953125 0.33125 0.0328125 0.0484375
0 0.659375 0.3421875 0.028125 0.0484375
0 0.49375 0.321875 0.0171875 0.025
0 0.74609375 0.35546875 0.0328125 0.04375
0 0.4015625 0.315625 0.021875 0.025
0 0.42734375 0.31875 0.0265625 0.034375
0 0.07265625 0.275 0.0265625 0.034375
0 0.9 0.3765625 0.0171875 0.0328125
0 0.18046875 0.290625 0.021875 0.0296875
0 0.03359375 0.275 0.0234375 0.0390625
0 0.27421875 0.3046875 0.028125 0.0390625
0 0.72265625 0.359375 0.021875 0.025
0 0.46484375 0.328125 0.021875 0.025
0 0.09765625 0.2828125 0.0171875 0.025
0 0.61875 0.34921875 0.028125 0.04375
0 0.3125 0.3140625 0.028125 0.04375
0 0.53828125 0.34140625 0.028125 0.04375
0 0.52421875 0.33984375 0.0171875 0.0328125
0 0.11484375 0.29453125 0.0234375 0.0390625
0 0.13046875 0.29609375 0.021875 0.034375
0 0.1515625 0.29921875 0.028125 0.04375
0 0.96015625 0.4 0.028125 0.0390625
0 0.4953125 0.3453125 0.028125 0.0390625
0 0.36640625 0.33203125 0.0328125 0.04375
0 0.34296875 0.3359375 0.028125 0.0390625
0 0.96484375 0.4546875 0.021875 0.034375
0 0.478125 0.46640625 0.046875 0.0515625
0 0.79375 0.57578125 0.0703125 0.0953125
0 0.459375 0.61875 0.071875 0.103125