0 0.0578125 0.13359375 0.025 0.021875
0 0.103125 0.14375 0.0109375 0.015625
0 0.0921875 0.1515625 0.0109375 0.015625
0 0.07109375 0.1515625 0.0109375 0.015625
0 0.0484375 0.15078125 0.0171875 0.0296875
0 0.184375 0.16796875 0.015625 0.0203125
0 0.10390625 0.1578125 0.015625 0.0203125
0 0.14453125 0.16484375 0.0203125 0.0203125
0 0.20390625 0.175 0.015625 0.015625
0 0.1875 0.17890625 0.015625 0.0203125
0 0.10703125 0.16953125 0.0109375 0.0203125
0 0.16171875 0.178125 0.015625 0.0203125
0 0.12265625 0.17578125 0.0109375 0.0109375
0 0.06328125 0.16875 0.015625 0.0203125
0 0.2 0.1875 0.0109375 0.015625
0 0.225 0.19296875 0.0203125 0.0203125
0 0.13984375 0.18515625 0.015625 0.0203125
0 0.04609375 0.1734375 0.0109375 0.015625
0 0.34921875 0.2109375 0.021875 0.0296875
0 0.0703125 0.17890625 0.0203125 0.0203125
0 0.26953125 0.2078125 0.015625 0.0203125
0 0.14296875 0.19453125 0.015625 0.0203125
0 0.0609375 0.18671875 0.015625 0.0203125
0 0.209375 0.2078125 0.021875 0.025
0 0.26875 0.21953125 0.0203125 0.0203125
0 0.24609375 0.2171875 0.0265625 0.03125
0 0.16015625 0.20859375 0.021875 0.025
0 0.12734375 0.20703125 0.0109375 0.0203125
0 0.14375 0.21171875 0.021875 0.025
0 0.178125 0.2203125 0.021875 0.025
0 0.8890625 0.31015625 0.03125 0.0359375
0 0.05546875 0.2078125 0.0203125 0.0203125
0 0.09453125 0.2125 0.0265625 0.0265625
0 0.19765625 0.22734375 0.0171875 0.025
0 0.165625 0.2234375 0.021875 0.025
0 0.21328125 0.23203125 0.0171875 0.025
0 0.27109375 0.2390625 0.021875 0.0296875
0 0.2296875 0.2359375 0.021875 0.025
0 0.07265625 0.2171875 0.0203125 0.0203125
0 0.340625 0.25703125 0.03125 0.0265625
0 0.21953125 0.2421875 0.00625 0.0140625
0 0.40703125 0.26875 0.0265625 0.034375
0 0.0515625 0.225 0.0265625 0.03125
0 0.0828125 0.23125 0.0265625 0.0265625
0 0.14921875 0.24453125 0.03125 0.0359375
0 0.28671875 0.2609375 0.021875 0.0296875
0 0.2125 0.259375 0.0234375 0.0390625
0 0.05859375 0.24296875 0.021875 0.025
0 0.24453125 0.26796875 0.0265625 0.03125
0 0.25703125 0.27421875 0.021875 0.0296875
0 0.040625 0.25703125 0.0171875 0.025
0 0.28125 0.2890625 0.028125 0.0390625
0 0.15 0.275 0.0265625 0.03125
0 0.31875 0.30078125 0.0328125 0.0484375
0 0.34921875 0.3046875 0.0328125 0.04375
0 0.06328125 0.271875 0.021875 0.034375
0 0.1296875 0.284375 0.028125 0.0390625
0 0.384375 0.31796875 0.0328125 0.0484375
0 0.8796875 0.38828125 0.0328125 0.0484375
0 0.51875 0.34765625 0.0328125 0.040625
0 0.4609375 0.340625 0.03125 0.0359375
0 0.50234375 0.3484375 0.0234375 0.0390625
0 0.15078125 0.3078125 0.0265625 0.034375
0 0.42421875 0.34375 0.034375 0.053125
0 0.19765625 0.31796875 0.0328125 0.04375
0 0.23515625 0.32265625 0.0328125 0.04375
0 0.2140625 0.32265625 0.0328125 0.04375
0 0.73125 0.38828125 0.0328125 0.04375
0 0.33203125 0.34609375 0.0375 0.05
0 0.84921875 0.41484375 0.0421875 0.0453125
0 0.453125 0.365625 0.0375 0.0453125
0 0.58671875 0.38203125 0.0234375 0.0390625
0 0.05078125 0.31640625 0.021875 0.0296875
0 0.70859375 0.4 0.0265625 0.034375
0 0.17734375 0.334375 0.0375 0.0453125
0 0.303125 0.35234375 0.0328125 0.040625
0 0.0640625 0.325 0.0171875 0.025
0 0.65703125 0.3984375 0.0328125 0.0484375
0 0.2890625 0.36015625 0.0234375 0.04375
0 0.44296875 0.3953125 0.0265625 0.034375
0 0.41484375 0.40078125 0.028125 0.0484375
0 0.24765625 0.3875 0.0171875 0.0328125
0 0.5140625 0.42421875 0.0328125 0.04375
0 0.2609375 0.39375 0.0328125 0.0484375
0 0.45859375 0.42265625 0.0421875 0.0546875
0 0.540625 0.4328125 0.0375 0.05
0 0.60703125 0.44296875 0.0328125 0.04375
0 0.31953125 0.41015625 0.0375 0.05
0 0.09453125 0.38515625 0.0421875 0.05
0 0.028125 0.3765625 0.0390625 0.06875
0 0.57109375 0.45546875 0.0375 0.05
0 0.3890625 0.45390625 0.0484375 0.0640625
0 0.76484375 0.50859375 0.046875 0.0515625
0 0.75078125 0.50703125 0.0328125 0.04375
0 0.79296875 0.52421875 0.046875 0.0546875
0 0.6046875 0.5203125 0.046875 0.0546875
0 0.87578125 0.55546875 0.0453125 0.0734375
0 0.565625 0.51953125 0.0546875 0.084375
0 0.90234375 0.56328125 0.0484375 0.06875
0 0.809375 0.56640625 0.04375 0.0234375
0 0.728125 0.55859375 0.0546875 0.075
0 0.68984375 0.56953125 0.0578125 0.0703125
0 0.4734375 0.5453125 0.053125 0.0703125
0 0.353125 0.5375 0.0484375 0.0640625
0 0.409375 0.55390625 0.0484375 0.059375
0 0.82265625 0.609375 0.06875 0.08125
0 0.62890625 0.58828125 0.0484375 0.06875
0 0.16171875 0.575 0.053125 0.0703125
0 0.3859375 0.61640625 0.053125 0.065625
0 0.5140625 0.634375 0.05 0.0734375
0 0.0265625 0.575 0.053125 0.0703125
0 0.26875 0.6140625 0.053125 0.065625
0 0.07890625 0.6046875 0.0484375 0.0640625
0 0.71640625 0.68984375 0.059375 0.0796875
0 0.41796875 0.69296875 0.0484375 0.06875
0 0.00625 0.7578125 0.0125 0.096875