0 0.07734375 0.26484375 0.071875 0.0609375
0 0.22265625 0.3296875 0.03125 0.0234375
0 0.3375 0.35703125 0.05625 0.0484375
0 0.23515625 0.340625 0.03125 0.028125
0 0.4515625 0.37734375 0.05 0.0390625
0 0.63359375 0.4109375 0.0296875 0.01875
0 0.31328125 0.36015625 0.0265625 0.021875
0 0.18515625 0.3421875 0.03125 0.028125
0 0.1484375 0.3390625 0.03125 0.0234375
0 0.5921875 0.409375 0.0203125 0.0171875
0 0.2734375 0.36328125 0.0265625 0.0265625
0 0.41015625 0.3875 0.0265625 0.021875
0 0.1390625 0.353125 0.0265625 0.021875
0 0.15 0.371875 0.0359375 0.0328125
0 0.6734375 0.46640625 0.0203125 0.0125
0 0.82890625 0.49375 0.0265625 0.021875
0 0.8453125 0.49609375 0.03125 0.0234375
0 0.696875 0.47265625 0.021875 0.0265625
0 0.5296875 0.4484375 0.0203125 0.0171875
0 0.48359375 0.44140625 0.034375 0.0234375
0 0.59609375 0.459375 0.0203125 0.0125
0 0.74609375 0.48515625 0.0203125 0.0171875
0 0.7140625 0.48046875 0.0265625 0.021875
0 0.725 0.484375 0.0265625 0.021875
0 0.78046875 0.49296875 0.03125 0.0234375
0 0.65390625 0.475 0.03125 0.028125
0 0.9421875 0.52109375 0.0359375 0.028125
0 0.4140625 0.4375 0.025 0.0171875
0 0.9140625 0.51640625 0.040625 0.0328125
0 0.61171875 0.4734375 0.0265625 0.021875
0 0.38984375 0.44296875 0.040625 0.028125
0 0.5703125 0.471875 0.0203125 0.0171875
0 0.20859375 0.41875 0.034375 0.0234375
0 0.49609375 0.46484375 0.0484375 0.0296875
0 0.88515625 0.5265625 0.040625 0.028125
0 0.628125 0.48828125 0.03125 0.0234375
0 0.60078125 0.48515625 0.034375 0.0234375
0 0.78515625 0.51640625 0.040625 0.028125
0 0.23203125 0.43125 0.040625 0.028125
0 0.55390625 0.48515625 0.040625 0.028125
0 0.83515625 0.53203125 0.05 0.034375
0 0.74921875 0.52265625 0.040625 0.0328125
0 0.45 0.47578125 0.05 0.034375
0 0.9203125 0.55234375 0.0453125 0.0296875
0 0.1828125 0.4453125 0.0453125 0.034375
0 0.715625 0.53203125 0.05625 0.04375
0 0.62578125 0.521875 0.05 0.034375
0 0.55859375 0.5140625 0.0546875 0.0390625
0 0.68515625 0.54375 0.0609375 0.05
0 0.91953125 0.5875 0.071875 0.0609375
0 0.24140625 0.48984375 0.059375 0.0359375
0 0.2484375 0.51875 0.05 0.034375
0 0.56484375 0.578125 0.0828125 0.0703125
0 0.18125 0.53203125 0.0765625 0.0609375
0 0.7734375 0.63515625 0.1125 0.09375
0 0.6640625 0.6453125 0.1078125 0.0890625
0 0.915625 0.68984375 0.0984375 0.0875
0 0.36640625 0.60546875 0.078125 0.065625