0 0.4546875 0.24765625 0.0046875 0.0046875
0 0.465625 0.2546875 0.00625 0.009375
0 0.4671875 0.27265625 0.00625 0.009375
0 0.42890625 0.26640625 0.0046875 0.0046875
0 0.33359375 0.25390625 0.00625 0.009375
0 0.41171875 0.26796875 0.00625 0.009375
0 0.40234375 0.26640625 0.0046875 0.0046875
0 0.3859375 0.265625 0.0046875 0.0046875
0 0.45234375 0.27734375 0.0046875 0.0046875
0 0.38125 0.26953125 0.0046875 0.0046875
0 0.43828125 0.2796875 0.009375 0.00625
0 0.46015625 0.28359375 0.0109375 0.0109375
0 0.3765625 0.26875 0.0046875 0.0046875
0 0.44375 0.2828125 0.00625 0.009375
0 0.41875 0.28125 0.00625 0.009375
0 0.42578125 0.28203125 0.0109375 0.0109375
0 0.36171875 0.2734375 0.00625 0.009375
0 0.43203125 0.2859375 0.00625 0.009375
0 0.34453125 0.27265625 0.00625 0.009375
0 0.375 0.278125 0.0109375 0.0109375
0 0.4515625 0.29140625 0.0046875 0.0046875
0 0.4015625 0.2828125 0.00625 0.009375
0 0.34921875 0.27578125 0.009375 0.00625
0 0.38984375 0.28515625 0.00625 0.009375
0 0.325 0.2765625 0.0109375 0.0109375
0 0.3546875 0.284375 0.00625 0.009375
0 0.4046875 0.29296875 0.00625 0.009375
0 0.4390625 0.3015625 0.00625 0.009375
0 0.3359375 0.2828125 0.0109375 0.0109375
0 0.425 0.2984375 0.0109375 0.0109375
0 0.484375 0.309375 0.0109375 0.0109375
0 0.41796875 0.3 0.00625 0.009375
0 0.53359375 0.325 0.0078125 0.0140625
0 0.3671875 0.2953125 0.0109375 0.0109375
0 0.42109375 0.3078125 0.0109375 0.0109375
0 0.30546875 0.2875 0.00625 0.009375
0 0.3390625 0.29296875 0.00625 0.009375
0 0.39140625 0.30234375 0.0109375 0.0109375
0 0.45703125 0.31640625 0.0109375 0.0109375
0 0.34765625 0.29921875 0.0109375 0.0109375
0 0.3703125 0.303125 0.0109375 0.0109375
0 0.40234375 0.309375 0.0109375 0.0109375
0 0.3328125 0.3015625 0.0109375 0.015625
0 0.4515625 0.32265625 0.0109375 0.015625
0 0.4921875 0.33203125 0.0109375 0.015625
0 0.43046875 0.32109375 0.0109375 0.015625
0 0.41171875 0.32265625 0.015625 0.015625
0 0.31484375 0.3078125 0.00625 0.009375
0 0.38828125 0.32109375 0.0109375 0.0109375
0 0.33984375 0.3140625 0.0109375 0.0109375
0 0.3171875 0.31015625 0.0109375 0.0109375
0 0.33046875 0.31484375 0.0109375 0.015625
0 0.3671875 0.32109375 0.0109375 0.015625
0 0.421875 0.3328125 0.00625 0.009375
0 0.50546875 0.34765625 0.0109375 0.0109375
0 0.4046875 0.3328125 0.0109375 0.015625
0 0.4234375 0.3359375 0.0109375 0.0109375
0 0.33359375 0.32265625 0.0109375 0.015625
0 0.44765625 0.3421875 0.0109375 0.0109375
0 0.30703125 0.31796875 0.0109375 0.015625
0 0.371875 0.32890625 0.0109375 0.0109375
0 0.3171875 0.32421875 0.0109375 0.0109375
0 0.34921875 0.3296875 0.0109375 0.015625
0 0.4875 0.35859375 0.0109375 0.015625
0 0.39765625 0.3453125 0.0109375 0.0109375
0 0.365625 0.3421875 0.0109375 0.015625
0 0.40859375 0.35234375 0.00625 0.009375
0 0.4265625 0.3578125 0.0109375 0.0109375
0 0.5765625 0.38671875 0.0109375 0.015625
0 0.3984375 0.3578125 0.0109375 0.0109375
0 0.37265625 0.353125 0.00625 0.009375
0 0.41640625 0.3609375 0.0109375 0.015625
0 0.36640625 0.35390625 0.0078125 0.0140625
0 0.44765625 0.36875 0.0109375 0.0109375
0 0.6828125 0.41015625 0.0109375 0.015625
0 0.4375 0.371875 0.0125 0.0203125
0 0.378125 0.3609375 0.00625 0.009375
0 0.62265625 0.40390625 0.0171875 0.0203125
0 0.228125 0.33671875 0.015625 0.015625
0 0.33984375 0.35703125 0.0109375 0.015625
0 0.47890625 0.38125 0.0109375 0.015625
0 0.63359375 0.40859375 0.0125 0.0203125
0 0.690625 0.41875 0.0109375 0.0109375
0 0.36015625 0.3625 0.0109375 0.0109375
0 0.46015625 0.38046875 0.0109375 0.0109375
0 0.38203125 0.36640625 0.0109375 0.015625
0 0.3640625 0.365625 0.0078125 0.0140625
0 0.69609375 0.4265625 0.0109375 0.0109375
0 0.3859375 0.371875 0.0109375 0.015625
0 0.42890625 0.3796875 0.015625 0.015625
0 0.446875 0.38515625 0.0125 0.0203125
0 0.378125 0.37578125 0.0109375 0.0109375
0 0.65390625 0.4265625 0.0109375 0.015625
0 0.3984375 0.38125 0.0109375 0.015625
0 0.665625 0.43046875 0.0109375 0.015625
0 0.3578125 0.3765625 0.0109375 0.015625
0 0.6875 0.43671875 0.0109375 0.015625
0 0.17421875 0.3484375 0.0125 0.0203125
0 0.18046875 0.34921875 0.015625 0.015625
0 0.36328125 0.38125 0.0109375 0.015625
0 0.54375 0.41328125 0.0109375 0.015625
0 0.33359375 0.37890625 0.0109375 0.015625
0 0.53671875 0.4140625 0.0109375 0.015625
0 0.2765625 0.36875 0.0109375 0.015625
0 0.37578125 0.38828125 0.015625 0.015625
0 0.31015625 0.3765625 0.00625 0.009375
0 0.60859375 0.4296875 0.0109375 0.015625
0 0.6765625 0.44140625 0.015625 0.015625
0 0.3390625 0.38671875 0.0125 0.0203125
0 0.56484375 0.4265625 0.0171875 0.0203125
0 0.2890625 0.378125 0.0109375 0.015625
0 0.82890625 0.47578125 0.0171875 0.0203125
0 0.7171875 0.45546875 0.015625 0.015625
0 0.24921875 0.37578125 0.015625 0.015625
0 0.6578125 0.44765625 0.0125 0.0203125
0 0.2375 0.3734375 0.015625 0.015625
0 0.3109375 0.38671875 0.0078125 0.0140625
0 0.6 0.43984375 0.0109375 0.015625
0 0.36015625 0.4 0.015625 0.015625
0 0.66328125 0.45546875 0.0125 0.0203125
0 0.2828125 0.38828125 0.0109375 0.015625
0 0.70390625 0.46328125 0.0125 0.0203125
0 0.41171875 0.4140625 0.015625 0.015625
0 0.478125 0.42578125 0.0171875 0.0203125
0 0.23515625 0.38515625 0.015625 0.015625
0 0.26328125 0.38984375 0.015625 0.0109375
0 0.49296875 0.43046875 0.0109375 0.015625
0 0.45859375 0.4265625 0.015625 0.015625
0 0.36640625 0.415625 0.0109375 0.015625
0 0.80703125 0.49296875 0.015625 0.015625
0 0.13671875 0.375 0.015625 0.015625
0 0.55390625 0.4484375 0.0125 0.0203125
0 0.71328125 0.47890625 0.015625 0.015625
0 0.38671875 0.42109375 0.015625 0.015625
0 0.47109375 0.440625 0.0171875 0.0203125
0 0.66015625 0.47421875 0.0171875 0.0203125
0 0.33828125 0.41953125 0.0171875 0.025
0 0.48359375 0.4453125 0.0125 0.0203125
0 0.778125 0.49765625 0.0171875 0.0203125
0 0.38125 0.42734375 0.0171875 0.0203125
0 0.2734375 0.41328125 0.015625 0.015625
0 0.70390625 0.49140625 0.0125 0.0203125
0 0.1265625 0.38984375 0.0171875 0.0203125
0 0.68984375 0.4890625 0.0109375 0.015625
0 0.4203125 0.44375 0.0171875 0.0203125
0 0.06484375 0.38125 0.021875 0.0265625
0 0.36484375 0.43671875 0.015625 0.0109375
0 0.45 0.4515625 0.0171875 0.0203125
0 0.78203125 0.51484375 0.0203125 0.0171875
0 0.72890625 0.50546875 0.0140625 0.025
0 0.27578125 0.42578125 0.0171875 0.0203125
0 0.6171875 0.48828125 0.021875 0.0265625
0 0.0578125 0.39375 0.021875 0.021875
0 0.7078125 0.5078125 0.015625 0.015625
0 0.8078125 0.528125 0.015625 0.015625
0 0.20390625 0.421875 0.021875 0.0265625
0 0.6578125 0.5015625 0.0125 0.0203125
0 0.440625 0.46328125 0.015625 0.015625
0 0.6640625 0.50234375 0.015625 0.015625
0 0.67734375 0.50546875 0.015625 0.015625
0 0.1921875 0.41953125 0.021875 0.021875
0 0.85078125 0.5359375 0.0171875 0.025
0 0.34296875 0.44609375 0.021875 0.021875
0 0.3671875 0.45078125 0.0171875 0.0203125
0 0.584375 0.49140625 0.0171875 0.0203125
0 0.13046875 0.4109375 0.021875 0.0265625
0 0.471875 0.4734375 0.0171875 0.0203125
0 0.82421875 0.540625 0.0109375 0.015625
0 0.0234375 0.40390625 0.021875 0.021875
0 0.04296875 0.41015625 0.0234375 0.03125
0 0.30078125 0.4578125 0.021875 0.021875
0 0.53515625 0.49921875 0.021875 0.021875
0 0.028125 0.4171875 0.021875 0.021875
0 0.4359375 0.4890625 0.0171875 0.0203125
0 0.39296875 0.48359375 0.021875 0.021875
0 0.55625 0.51484375 0.0171875 0.0203125
0 0.5421875 0.5125 0.0171875 0.0203125
0 0.34375 0.4796875 0.0171875 0.025
0 0.3328125 0.47734375 0.015625 0.015625
0 0.13359375 0.4453125 0.0171875 0.025
0 0.57109375 0.52421875 0.0171875 0.0203125
0 0.15390625 0.453125 0.0171875 0.0203125
0 0.3765625 0.4921875 0.0171875 0.0203125
0 0.1703125 0.4609375 0.021875 0.0265625
0 0.46640625 0.51328125 0.0171875 0.025
0 0.08203125 0.44765625 0.021875 0.021875
0 0.5890625 0.53984375 0.0109375 0.015625
0 0.60703125 0.5453125 0.0140625 0.025
0 0.14453125 0.465625 0.0171875 0.0203125
0 0.6109375 0.5484375 0.015625 0.015625
0 0.64140625 0.553125 0.0171875 0.0203125
0 0.3625 0.50703125 0.021875 0.021875
0 0.271875 0.490625 0.021875 0.0265625
0 0.1 0.46171875 0.0171875 0.025
0 0.4921875 0.53125 0.0171875 0.0203125
0 0.53046875 0.53828125 0.0171875 0.0203125
0 0.75859375 0.58046875 0.021875 0.0265625
0 0.61171875 0.559375 0.0171875 0.0203125
0 0.3390625 0.51640625 0.021875 0.021875
0 0.59375 0.565625 0.021875 0.0265625
0 0.27890625 0.5125 0.0171875 0.0203125
0 0.77265625 0.6046875 0.0234375 0.03125
0 0.40078125 0.54140625 0.021875 0.021875
0 0.67890625 0.590625 0.0171875 0.0203125
0 0.0640625 0.48203125 0.01875 0.0296875
0 0.18203125 0.50234375 0.0234375 0.03125
0 0.5765625 0.571875 0.0171875 0.0203125
0 0.3421875 0.540625 0.028125 0.03125
0 0.36484375 0.54453125 0.015625 0.0109375
0 0.69609375 0.603125 0.0171875 0.025
0 0.63671875 0.5921875 0.01875 0.0296875
0 0.51328125 0.57265625 0.021875 0.021875
0 0.2203125 0.52578125 0.0234375 0.03125
0 0.74453125 0.62109375 0.021875 0.0265625
0 0.6828125 0.61015625 0.0171875 0.0203125
0 0.76640625 0.62734375 0.0203125 0.0171875
0 0.78515625 0.63046875 0.021875 0.0265625
0 0.153125 0.52109375 0.0234375 0.03125
0 0.3671875 0.559375 0.0171875 0.025
0 0.715625 0.6203125 0.01875 0.0296875
0 0.79453125 0.64375 0.0234375 0.03125
0 0.2578125 0.55546875 0.01875 0.0296875
0 0.17265625 0.5453125 0.0234375 0.03125
0 0.1125 0.5375 0.0234375 0.034375
0 0.56640625 0.6171875 0.0171875 0.0203125
0 0.3171875 0.58046875 0.0171875 0.025
0 0.434375 0.60625 0.021875 0.021875
0 0.8125 0.67734375 0.03125 0.028125
0 0.1234375 0.5578125 0.0265625 0.021875
0 0.28203125 0.590625 0.0234375 0.03125
0 0.17890625 0.575 0.021875 0.0265625
0 0.43203125 0.621875 0.0234375 0.03125
0 0.02421875 0.55703125 0.0234375 0.03125
0 0.8140625 0.7015625 0.021875 0.021875
0 0.3796875 0.625 0.0234375 0.03125
0 0.79375 0.70234375 0.021875 0.0265625
0 0.11640625 0.5828125 0.021875 0.0265625
0 0.07734375 0.58984375 0.0234375 0.03125
0 0.809375 0.71875 0.021875 0.021875
0 0.49921875 0.66640625 0.0171875 0.025
0 0.825 0.72421875 0.0234375 0.03125
0 0.2234375 0.65625 0.028125 0.03125
0 0.49609375 0.7203125 0.0296875 0.040625
0 0.8546875 0.7953125 0.0328125 0.0359375
0 0.8109375 0.7875 0.034375 0.040625
0 0.10625 0.68203125 0.0375 0.0421875
0 0.0375 0.67265625 0.025 0.04375
0 0.91015625 0.86796875 0.0390625 0.046875
0 0.61875 0.8265625 0.0265625 0.0265625
0 0.92890625 0.89296875 0.03125 0.071875
0 0.6234375 0.85078125 0.028125 0.0359375
0 0.028125 0.75078125 0.03125 0.05
0 0.4734375 0.834375 0.0234375 0.03125
0 0.8171875 0.9015625 0.0375 0.0421875
0 0.79765625 0.90234375 0.0234375 0.034375
0 0.67578125 0.890625 0.028125 0.0359375
0 0.490625 0.8578125 0.0234375 0.034375
0 0.85546875 0.92421875 0.0390625 0.046875
0 0.5515625 0.8734375 0.0234375 0.03125
0 0.62421875 0.88828125 0.034375 0.040625
0 0.70859375 0.90546875 0.034375 0.040625
0 0.1171875 0.80625 0.04375 0.0515625
0 0.075 0.803125 0.040625 0.05625
0 0.56015625 0.89140625 0.0234375 0.034375
0 0.2890625 0.84375 0.0359375 0.05
0 0.415625 0.8703125 0.0296875 0.040625
0 0.525 0.89453125 0.021875 0.0265625
0 0.54140625 0.90234375 0.034375 0.040625