0 0.5234375 0.0390625 0.0390625 0.078125
0 0.47578125 0.39296875 0.0625 0.171875
0 0.0203125 0.40078125 0.040625 0.2
0 0.55703125 0.42890625 0.078125 0.21875
0 0.85703125 0.4484375 0.059375 0.21875
0 0.25390625 0.04140625 0.0421875 0.0828125
0 0.44375 0.0453125 0.034375 0.090625
0 0.378125 0.44453125 0.06875 0.190625
0 0.7828125 0.45390625 0.04375 0.09375
0 0.26015625 0.47265625 0.053125 0.1265625
0 0.3515625 0.51875 0.0390625 0.1390625
0 0.975 0.53203125 0.05 0.1953125
0 0.6265625 0.528125 0.0578125 0.1125
0 0.15625 0.52578125 0.0671875 0.1765625
0 0.48671875 0.05546875 0.0296875 0.096875
0 0.071875 0.6171875 0.0625 0.1578125
0 0.35859375 0.0640625 0.0484375 0.128125
0 0.76640625 0.63671875 0.078125 0.2140625
0 0.61171875 0.07109375 0.0484375 0.1078125
0 0.2125 0.68046875 0.06875 0.246875
0 0.6625 0.7140625 0.10625 0.25625
0 0.9671875 0.77890625 0.05 0.2546875
0 0.8421875 0.78203125 0.0984375 0.29375
0 0.83125 0.084375 0.0390625 0.14375
0 0.50390625 0.82421875 0.103125 0.33125
0 0.30625 0.84375 0.09375 0.3015625
0 0.6328125 0.8671875 0.10625 0.265625
0 0.79375 0.90859375 0.0640625 0.18125
0 0.096875 0.90703125 0.0765625 0.1625
0 0.02265625 0.90703125 0.0453125 0.1578125
0 0.05078125 0.91328125 0.04375 0.134375
0 0.79375 0.09765625 0.0484375 0.140625
0 0.53515625 0.11640625 0.034375 0.09375
0 0.9078125 0.12265625 0.04375 0.115625
0 0.66796875 0.12578125 0.04375 0.14375
0 0.2328125 0.134375 0.034375 0.1015625
0 0.1125 0.13203125 0.053125 0.1171875
0 0.26328125 0.13984375 0.0484375 0.1125
0 0.309375 0.1453125 0.0484375 0.1359375
0 0.4015625 0.190625 0.0546875 0.1859375
0 0.065625 0.1984375 0.053125 0.1265625
0 0.421875 0.025 0.025 0.05
0 0.5390625 0.2390625 0.0484375 0.1265625
0 0.8078125 0.24375 0.0390625 0.096875
0 0.32578125 0.0265625 0.0296875 0.053125
0 0.67734375 0.03125 0.0328125 0.05625
0 0.71484375 0.03203125 0.0296875 0.05625
0 0.425 0.28046875 0.0546875 0.18125
0 0.603125 0.2953125 0.053125 0.1625
0 0.91015625 0.31015625 0.04375 0.1671875
0 0.671875 0.315625 0.0484375 0.1625
0 0.7875 0.33359375 0.0484375 0.1359375
0 0.23671875 0.33359375 0.04375 0.14375
0 0.178125 0.34609375 0.0484375 0.1453125
0 0.30078125 0.3484375 0.0484375 0.1453125
0 0.134375 0.3546875 0.0625 0.140625