0 0.5578125 0.1875 0.0171875 0.0203125
0 0.57421875 0.1921875 0.0171875 0.0203125
0 0.765625 0.221875 0.0171875 0.025
0 0.62109375 0.20625 0.0234375 0.034375
0 0.8109375 0.2328125 0.0171875 0.0296875
0 0.57265625 0.2015625 0.00625 0.0140625
0 0.846875 0.24296875 0.025 0.04375
0 0.96875 0.259375 0.0296875 0.053125
0 0.49609375 0.19609375 0.0171875 0.0296875
0 0.725 0.228125 0.021875 0.0296875
0 0.7453125 0.23515625 0.0171875 0.0203125
0 0.3921875 0.1859375 0.0234375 0.0390625
0 0.4859375 0.19921875 0.0171875 0.0296875
0 0.6625 0.2265625 0.0234375 0.034375
0 0.5546875 0.21328125 0.01875 0.034375
0 0.5859375 0.2203125 0.0171875 0.0296875
0 0.78984375 0.2515625 0.0234375 0.034375
0 0.81875 0.2578125 0.0234375 0.0390625
0 0.76328125 0.25234375 0.01875 0.034375
0 0.515625 0.21875 0.025 0.04375
0 0.57578125 0.22734375 0.0234375 0.034375
0 0.35546875 0.21328125 0.0234375 0.0390625
0 0.94453125 0.29609375 0.025 0.0484375
0 0.75 0.27109375 0.028125 0.0390625
0 0.85546875 0.2859375 0.025 0.053125
0 0.6078125 0.25078125 0.021875 0.0265625
0 0.90078125 0.29453125 0.028125 0.034375
0 0.41484375 0.22578125 0.0234375 0.0390625
0 0.61953125 0.2640625 0.0171875 0.025
0 0.69921875 0.27578125 0.0171875 0.025
0 0.52265625 0.25546875 0.0296875 0.04375
0 0.6296875 0.2703125 0.0171875 0.025
0 0.44609375 0.24921875 0.0234375 0.034375
0 0.89296875 0.31484375 0.0296875 0.053125
0 0.54765625 0.28046875 0.0359375 0.059375
0 0.86171875 0.32421875 0.0234375 0.0390625
0 0.709375 0.309375 0.0296875 0.0484375
0 0.49609375 0.2796875 0.021875 0.0296875
0 0.671875 0.3109375 0.0296875 0.0484375
0 0.99296875 0.36484375 0.0140625 0.0640625
0 0.434375 0.2875 0.0265625 0.0265625
0 0.46015625 0.29765625 0.028125 0.034375
0 0.9390625 0.365625 0.0234375 0.0390625
0 0.78046875 0.35 0.034375 0.0546875
0 0.90390625 0.371875 0.0359375 0.059375
0 0.6078125 0.3328125 0.0359375 0.0640625
0 0.4875 0.3234375 0.0296875 0.04375
0 0.83828125 0.375 0.028125 0.034375
0 0.43125 0.32265625 0.028125 0.0390625
0 0.815625 0.38125 0.04375 0.059375
0 0.22421875 0.3 0.03125 0.0625
0 0.2421875 0.30546875 0.034375 0.0546875
0 0.92890625 0.4078125 0.0375 0.06875
0 0.26640625 0.31484375 0.0390625 0.059375
0 0.37421875 0.3296875 0.03125 0.0578125
0 0.5171875 0.359375 0.0359375 0.059375
0 0.35 0.33828125 0.0296875 0.053125
0 0.571875 0.36953125 0.0328125 0.040625
0 0.1609375 0.31640625 0.0328125 0.040625
0 0.1875 0.325 0.040625 0.0640625
0 0.83359375 0.42265625 0.03125 0.0625
0 0.415625 0.36875 0.0296875 0.053125
0 0.4515625 0.3765625 0.0234375 0.0390625
0 0.765625 0.42265625 0.0375 0.06875
0 0.796875 0.44609375 0.05 0.075
0 0.30390625 0.37734375 0.0375 0.06875
0 0.46640625 0.40625 0.0453125 0.0640625
0 0.1609375 0.36796875 0.040625 0.0734375
0 0.23359375 0.38046875 0.0453125 0.0734375
0 0.6375 0.4375 0.040625 0.06875
0 0.34296875 0.403125 0.03125 0.0578125
0 0.56875 0.4421875 0.05625 0.0796875
0 0.03671875 0.371875 0.0359375 0.0640625
0 0.89140625 0.49453125 0.0421875 0.05
0 0.396875 0.43671875 0.0515625 0.084375
0 0.98671875 0.5453125 0.0265625 0.090625
0 0.153125 0.42734375 0.0328125 0.040625
0 0.27109375 0.44921875 0.0359375 0.0640625
0 0.9109375 0.55078125 0.04375 0.0546875
0 0.08359375 0.45546875 0.05625 0.0796875
0 0.46875 0.51953125 0.053125 0.09375
0 0.15546875 0.4859375 0.0484375 0.0921875
0 0.58671875 0.54921875 0.0640625 0.103125
0 0.37109375 0.53359375 0.0515625 0.0796875
0 0.25390625 0.53828125 0.0484375 0.0921875
0 0.2734375 0.54296875 0.053125 0.0890625
0 0.878125 0.63984375 0.078125 0.1421875
0 0.38828125 0.60078125 0.0703125 0.1125
0 0.66015625 0.65625 0.0578125 0.09375
0 0.1046875 0.5828125 0.065625 0.1125
0 0.8171875 0.68984375 0.078125 0.1421875
0 0.7390625 0.096875 0.00625 0.0140625
0 0.0296875 0.62109375 0.059375 0.1328125
0 0.56953125 0.76953125 0.0828125 0.1421875
0 0.890625 0.13203125 0.00625 0.009375
0 0.65 0.8296875 0.078125 0.1375
0 0.47109375 0.8421875 0.0890625 0.1515625
0 0.334375 0.8671875 0.0734375 0.1359375
0 0.67109375 0.1109375 0.0046875 0.0046875
0 0.68515625 0.1125 0.00625 0.009375
0 0.1609375 0.86796875 0.15 0.1734375
0 0.65078125 0.9421875 0.1140625 0.115625
0 0.7078125 0.11953125 0.0109375 0.015625
0 0.84765625 0.1390625 0.0109375 0.015625
0 0.67734375 0.1203125 0.00625 0.009375
0 0.74375 0.13203125 0.0109375 0.015625
0 0.66953125 0.1265625 0.00625 0.0140625
0 0.68984375 0.13125 0.0109375 0.015625
0 0.6546875 0.1265625 0.00625 0.009375
0 0.78125 0.14453125 0.0109375 0.015625
0 0.63203125 0.12578125 0.0109375 0.015625
0 0.6828125 0.1328125 0.0109375 0.0109375
0 0.75390625 0.14296875 0.0109375 0.015625
0 0.703125 0.13828125 0.00625 0.009375
0 0.7421875 0.14375 0.0109375 0.015625
0 0.76953125 0.14765625 0.0109375 0.015625
0 0.7921875 0.15078125 0.0125 0.025
0 0.603125 0.12890625 0.0109375 0.015625
0 0.73359375 0.14921875 0.00625 0.0140625
0 0.6484375 0.1375 0.0109375 0.0109375
0 0.71328125 0.146875 0.00625 0.0140625
0 0.58671875 0.13125 0.0109375 0.015625
0 0.578125 0.1296875 0.00625 0.0140625
0 0.61171875 0.134375 0.00625 0.0140625
0 0.721875 0.15 0.0109375 0.015625
0 0.540625 0.12734375 0.0171875 0.0203125
0 0.61875 0.13828125 0.0125 0.0203125
0 0.6328125 0.13984375 0.0078125 0.01875
0 0.6421875 0.14140625 0.00625 0.009375
0 0.6828125 0.14921875 0.0109375 0.0109375
0 0.6875 0.15 0.0109375 0.0109375
0 0.80859375 0.1671875 0.0125 0.0203125
0 0.60625 0.14296875 0.0078125 0.01875
0 0.4890625 0.1265625 0.0171875 0.0203125
0 0.79375 0.16953125 0.0125 0.0203125
0 0.390625 0.115625 0.0171875 0.0203125
0 0.43203125 0.12109375 0.0171875 0.025
0 0.74140625 0.16484375 0.0109375 0.015625
0 0.63828125 0.15234375 0.0109375 0.015625
0 0.75 0.16796875 0.0125 0.0203125
0 0.84375 0.18359375 0.0171875 0.0296875
0 0.54765625 0.1421875 0.0171875 0.0203125
0 0.72890625 0.1703125 0.0125 0.0203125
0 0.57109375 0.14765625 0.00625 0.0140625
0 0.71015625 0.1671875 0.0109375 0.015625
0 0.69921875 0.16796875 0.0125 0.0203125
0 0.75859375 0.1765625 0.0125 0.0203125
0 0.590625 0.15546875 0.00625 0.009375
0 0.72109375 0.1734375 0.0109375 0.015625
0 0.7734375 0.18125 0.0171875 0.0296875
0 0.6640625 0.165625 0.0109375 0.0109375
0 0.675 0.1671875 0.0109375 0.0109375
0 0.60625 0.16015625 0.0125 0.0203125
0 0.56953125 0.1546875 0.00625 0.0140625
0 0.8078125 0.190625 0.0125 0.0203125
0 0.61484375 0.165625 0.0125 0.0203125
0 0.62109375 0.16953125 0.0125 0.025
0 0.63984375 0.1734375 0.0171875 0.0203125
0 0.52421875 0.159375 0.0171875 0.0203125
0 0.7421875 0.18984375 0.0125 0.0203125
0 0.796875 0.2 0.0125 0.0203125
0 0.7140625 0.18828125 0.0125 0.025
0 0.7625 0.19765625 0.0171875 0.025
0 0.778125 0.20234375 0.0171875 0.0203125
0 0.59140625 0.178125 0.0171875 0.025
0 0.671875 0.18984375 0.0125 0.0203125
0 0.69296875 0.1953125 0.0171875 0.0203125
0 0.68046875 0.1953125 0.0125 0.0203125
0 0.8640625 0.2234375 0.0234375 0.034375
0 0.90703125 0.23203125 0.0234375 0.034375
0 0.5328125 0.18203125 0.0171875 0.025