0 0.4484375 0.47890625 0.0046875 0.0046875
0 0.44375 0.4796875 0.0046875 0.0046875
0 0.47265625 0.47578125 0.0046875 0.0046875
0 0.46015625 0.4796875 0.0046875 0.0046875
0 0.465625 0.48359375 0.00625 0.009375
0 0.490625 0.484375 0.0046875 0.0046875
0 0.51171875 0.48203125 0.0046875 0.0046875
0 0.4640625 0.48828125 0.0046875 0.0046875
0 0.48125 0.4859375 0.0046875 0.0046875
0 0.4703125 0.48984375 0.0046875 0.0046875
0 0.47265625 0.48984375 0.0046875 0.0046875
0 0.49765625 0.4859375 0.00625 0.009375
0 0.54375 0.4796875 0.00625 0.009375
0 0.4265625 0.49609375 0.00625 0.009375
0 0.421875 0.496875 0.0046875 0.0046875
0 0.4046875 0.5015625 0.0046875 0.0046875
0 0.534375 0.48359375 0.0109375 0.0109375
0 0.49609375 0.4890625 0.00625 0.009375
0 0.4890625 0.48984375 0.00625 0.009375
0 0.4390625 0.496875 0.00625 0.009375
0 0.44609375 0.49609375 0.0109375 0.0109375
0 0.45078125 0.4953125 0.0046875 0.0046875
0 0.41328125 0.50234375 0.00625 0.009375
0 0.5171875 0.48828125 0.00625 0.009375
0 0.46015625 0.49609375 0.0046875 0.0046875
0 0.47578125 0.49375 0.0046875 0.0046875
0 0.50546875 0.48984375 0.00625 0.009375
0 0.48515625 0.49296875 0.00625 0.009375
0 0.5078125 0.4890625 0.00625 0.009375
0 0.546875 0.4859375 0.0109375 0.015625
0 0.5609375 0.484375 0.0109375 0.015625
0 0.5421875 0.48671875 0.0046875 0.0046875
0 0.39609375 0.5078125 0.0109375 0.015625
0 0.4140625 0.5046875 0.0046875 0.0046875
0 0.46484375 0.49765625 0.009375 0.00625
0 0.57734375 0.48203125 0.0109375 0.0109375
0 0.43515625 0.50234375 0.009375 0.00625
0 0.3734375 0.51328125 0.0109375 0.015625
0 0.428125 0.50546875 0.0109375 0.0109375
0 0.45625 0.5015625 0.00625 0.009375
0 0.42109375 0.50625 0.0109375 0.0109375
0 0.5296875 0.49140625 0.00625 0.0140625
0 0.53828125 0.4921875 0.00625 0.009375
0 0.38515625 0.5140625 0.0109375 0.015625
0 0.446875 0.5046875 0.0109375 0.0109375
0 0.29296875 0.5265625 0.0375 0.040625
0 0.61484375 0.48359375 0.0109375 0.015625
0 0.65546875 0.478125 0.0109375 0.0109375
0 0.4125 0.5125 0.0109375 0.0109375
0 0.440625 0.50859375 0.0046875 0.0046875
0 0.4609375 0.50546875 0.0109375 0.0109375
0 0.34609375 0.52421875 0.00625 0.0140625
0 0.51640625 0.5 0.0171875 0.0203125
0 0.59609375 0.4890625 0.0109375 0.015625
0 0.4703125 0.50859375 0.00625 0.009375
0 0.3515625 0.52578125 0.0109375 0.0109375
0 0.36328125 0.52421875 0.015625 0.015625
0 0.4796875 0.5078125 0.00625 0.009375
0 0.64296875 0.484375 0.0109375 0.015625
0 0.33828125 0.52734375 0.0109375 0.0109375
0 0.371875 0.52265625 0.0109375 0.015625
0 0.39296875 0.51953125 0.0109375 0.0109375
0 0.56953125 0.4953125 0.00625 0.009375
0 0.33125 0.528125 0.0171875 0.0203125
0 0.43671875 0.51328125 0.0109375 0.0109375
0 0.44609375 0.5125 0.00625 0.009375
0 0.50078125 0.50703125 0.015625 0.015625
0 0.53984375 0.5015625 0.0109375 0.0109375
0 0.5765625 0.49609375 0.0109375 0.015625
0 0.753125 0.471875 0.0109375 0.015625
0 0.40859375 0.51953125 0.00625 0.009375
0 0.565625 0.5 0.0109375 0.015625
0 0.41875 0.52109375 0.0109375 0.015625
0 0.63671875 0.490625 0.0109375 0.015625
0 0.4515625 0.51875 0.0109375 0.015625
0 0.67109375 0.4875 0.015625 0.015625
0 0.48515625 0.5140625 0.0109375 0.015625
0 0.55625 0.50390625 0.00625 0.0140625
0 0.65546875 0.48984375 0.0109375 0.015625
0 0.43046875 0.521875 0.0109375 0.015625
0 0.378125 0.53125 0.0109375 0.0109375
0 0.40625 0.52734375 0.0109375 0.015625
0 0.20625 0.55546875 0.028125 0.034375
0 0.3546875 0.534375 0.0109375 0.015625
0 0.6234375 0.49921875 0.0109375 0.0109375
0 0.70625 0.4875 0.0171875 0.0203125
0 0.4765625 0.51953125 0.0109375 0.015625
0 0.34453125 0.540625 0.015625 0.015625
0 0.66484375 0.49609375 0.0171875 0.0203125
0 0.71875 0.48828125 0.0171875 0.0203125
0 0.39765625 0.5359375 0.0171875 0.0203125
0 0.54140625 0.515625 0.015625 0.015625
0 0.60546875 0.50625 0.0171875 0.0203125
0 0.44140625 0.5296875 0.0171875 0.0203125
0 0.0859375 0.58203125 0.021875 0.021875
0 0.25625 0.56015625 0.0125 0.0203125
0 0.315625 0.5515625 0.0171875 0.0203125
0 0.4734375 0.5296875 0.00625 0.0140625
0 0.73515625 0.49296875 0.0171875 0.0203125
0 0.75078125 0.490625 0.021875 0.0265625
0 0.3296875 0.55234375 0.0171875 0.0203125
0 0.68046875 0.503125 0.0171875 0.025
0 0.46484375 0.53359375 0.0109375 0.015625
0 0.45859375 0.53671875 0.0125 0.0203125
0 0.559375 0.52265625 0.0171875 0.0203125
0 0.52265625 0.52734375 0.0171875 0.0203125
0 0.23359375 0.56796875 0.0234375 0.0390625
0 0.1859375 0.57890625 0.059375 0.071875
0 0.62890625 0.51640625 0.0171875 0.025
0 0.2875 0.5671875 0.0484375 0.05625
0 0.43359375 0.54609375 0.0171875 0.0203125
0 0.665625 0.5140625 0.021875 0.0296875
0 0.03828125 0.6046875 0.04375 0.0546875
0 0.07890625 0.5984375 0.028125 0.034375
0 0.246875 0.5796875 0.0296875 0.04375
0 0.50625 0.54296875 0.021875 0.0296875
0 0.765625 0.50703125 0.0171875 0.025
0 0.653125 0.525 0.021875 0.021875
0 0.25859375 0.58046875 0.0171875 0.025
0 0.56796875 0.53671875 0.0171875 0.025
0 0.10703125 0.6015625 0.0484375 0.0609375
0 0.52734375 0.54296875 0.0171875 0.025
0 0.59140625 0.53359375 0.0265625 0.021875
0 0.834375 0.49921875 0.03125 0.0578125
0 0.05703125 0.6109375 0.0234375 0.0390625
0 0.55 0.5421875 0.0171875 0.025
0 0.02109375 0.61640625 0.025 0.04375
0 0.38125 0.56796875 0.0390625 0.0546875
0 0.715625 0.52109375 0.0375 0.05
0 0.165625 0.5984375 0.0234375 0.034375
0 0.8578125 0.503125 0.05 0.065625
0 0.48671875 0.5578125 0.028125 0.034375
0 0.4671875 0.565625 0.034375 0.0453125
0 0.90078125 0.50703125 0.025 0.04375
0 0.79765625 0.5234375 0.034375 0.0546875
0 0.69140625 0.54609375 0.028125 0.0390625
0 0.8796875 0.521875 0.028125 0.0390625
0 0.41171875 0.5875 0.034375 0.0453125
0 0.8140625 0.53828125 0.025 0.04375
0 0.98828125 0.51171875 0.0234375 0.0859375
0 0.93125 0.52421875 0.0703125 0.08125
0 0.6015625 0.5703125 0.05 0.065625
0 0.7453125 0.55234375 0.04375 0.059375
0 0.65859375 0.58046875 0.0625 0.090625
0 0.08125 0.79609375 0.103125 0.13125