0 0.26171875 0.06875 0.00625 0.009375
0 0.1671875 0.0578125 0.0109375 0.015625
0 0.28828125 0.075 0.00625 0.009375
0 0.146875 0.05546875 0.00625 0.009375
0 0.2546875 0.0703125 0.00625 0.009375
0 0.28125 0.0765625 0.0109375 0.0109375
0 0.3015625 0.07890625 0.00625 0.009375
0 0.20625 0.065625 0.0109375 0.0109375
0 0.30859375 0.0828125 0.0046875 0.0046875
0 0.2671875 0.07890625 0.00625 0.009375
0 0.184375 0.0671875 0.00625 0.009375
0 0.27421875 0.08046875 0.00625 0.0140625
0 0.2828125 0.08125 0.00625 0.009375
0 0.25546875 0.0796875 0.00625 0.009375
0 0.1765625 0.07109375 0.0046875 0.0046875
0 0.140625 0.06640625 0.0109375 0.0109375
0 0.20703125 0.07734375 0.00625 0.009375
0 0.29296875 0.0921875 0.0046875 0.0046875
0 0.31640625 0.0953125 0.0109375 0.0109375
0 0.14921875 0.071875 0.0046875 0.0046875
0 0.15546875 0.07265625 0.0046875 0.0046875
0 0.2859375 0.09375 0.0109375 0.0109375
0 0.30859375 0.096875 0.00625 0.009375
0 0.178125 0.08046875 0.0109375 0.0109375
0 0.1890625 0.084375 0.0046875 0.0046875
0 0.0921875 0.0734375 0.0046875 0.0046875
0 0.31875 0.11015625 0.00625 0.009375
0 0.28671875 0.10546875 0.0109375 0.015625
0 0.334375 0.1125 0.00625 0.0140625
0 0.2015625 0.09609375 0.0109375 0.015625
0 0.07578125 0.078125 0.00625 0.009375
0 0.1875 0.09609375 0.00625 0.0140625
0 0.50390625 0.14296875 0.015625 0.0109375
0 0.065625 0.08125 0.0046875 0.0046875
0 0.125 0.08984375 0.0109375 0.0109375
0 0.31796875 0.11953125 0.0046875 0.0046875
0 0.13828125 0.096875 0.0109375 0.015625
0 0.4296875 0.1375 0.0109375 0.0109375
0 0.146875 0.1 0.0109375 0.0109375
0 0.49296875 0.1484375 0.00625 0.009375
0 0.48359375 0.15 0.0109375 0.0109375
0 0.42421875 0.14140625 0.00625 0.0140625
0 0.44921875 0.146875 0.0109375 0.0109375
0 0.3984375 0.1390625 0.0109375 0.015625
0 0.4421875 0.1453125 0.00625 0.0140625
0 0.07109375 0.09609375 0.00625 0.0140625
0 0.428125 0.14609375 0.0109375 0.0109375
0 0.46015625 0.15078125 0.0109375 0.0109375
0 0.06328125 0.096875 0.0109375 0.0109375
0 0.4046875 0.1453125 0.0109375 0.015625
0 0.09296875 0.1015625 0.0109375 0.0109375
0 0.53515625 0.16328125 0.0109375 0.015625
0 0.528125 0.16484375 0.0109375 0.015625
0 0.55546875 0.17109375 0.0109375 0.0109375
0 0.27578125 0.13125 0.0109375 0.0109375
0 0.4109375 0.153125 0.0109375 0.015625
0 0.47734375 0.1625 0.0109375 0.015625
0 0.14296875 0.115625 0.0109375 0.015625
0 0.48671875 0.16328125 0.0109375 0.0109375
0 0.6359375 0.184375 0.00625 0.009375
0 0.1625 0.1203125 0.0109375 0.015625
0 0.60546875 0.1828125 0.00625 0.0140625
0 0.61484375 0.18359375 0.00625 0.009375
0 0.4359375 0.15859375 0.0109375 0.015625
0 0.59609375 0.18125 0.0109375 0.015625
0 0.3296875 0.14609375 0.0078125 0.01875
0 0.50703125 0.17109375 0.0109375 0.015625
0 0.52421875 0.1734375 0.0109375 0.015625
0 0.63046875 0.18828125 0.0109375 0.0109375
0 0.28359375 0.13984375 0.0109375 0.0109375
0 0.09140625 0.1125 0.0109375 0.0109375
0 0.0640625 0.109375 0.0109375 0.015625
0 0.39609375 0.15546875 0.0109375 0.015625
0 0.0546875 0.11015625 0.0125 0.0203125
0 0.36171875 0.153125 0.0109375 0.015625
0 0.059375 0.1109375 0.0109375 0.0109375
0 0.55703125 0.18046875 0.0109375 0.015625
0 0.575 0.1828125 0.0109375 0.0109375
0 0.41875 0.16328125 0.0109375 0.0109375
0 0.134375 0.1234375 0.0109375 0.0109375
0 0.2671875 0.1421875 0.0109375 0.015625
0 0.6546875 0.196875 0.0109375 0.015625
0 0.46640625 0.1703125 0.0109375 0.0109375
0 0.6453125 0.1953125 0.0109375 0.0109375
0 0.296875 0.1484375 0.0109375 0.015625
0 0.3109375 0.15078125 0.015625 0.015625
0 0.596875 0.190625 0.00625 0.0140625
0 0.14140625 0.12890625 0.015625 0.015625
0 0.3421875 0.1578125 0.0109375 0.015625
0 0.3796875 0.1625 0.0109375 0.015625
0 0.40859375 0.16953125 0.0109375 0.015625
0 0.4609375 0.1765625 0.0109375 0.015625
0 0.62421875 0.19921875 0.0109375 0.0109375
0 0.24296875 0.1484375 0.0109375 0.015625
0 0.3296875 0.16015625 0.015625 0.015625
0 0.16484375 0.13984375 0.0109375 0.015625
0 0.36875 0.17265625 0.0109375 0.015625
0 0.6203125 0.20859375 0.015625 0.015625
0 0.4875 0.18984375 0.015625 0.015625
0 0.50390625 0.1921875 0.0109375 0.015625
0 0.08828125 0.13359375 0.0109375 0.015625
0 0.1921875 0.1484375 0.015625 0.015625
0 0.07734375 0.134375 0.0109375 0.0109375
0 0.4390625 0.18515625 0.0109375 0.015625
0 0.35859375 0.1765625 0.0125 0.0203125
0 0.4640625 0.19140625 0.015625 0.0109375
0 0.15 0.146875 0.015625 0.015625
0 0.29375 0.16953125 0.0109375 0.0109375
0 0.59609375 0.2125 0.015625 0.015625
0 0.5734375 0.20859375 0.0109375 0.015625
0 0.6375 0.21796875 0.015625 0.015625
0 0.45390625 0.1921875 0.0109375 0.015625
0 0.5140625 0.20078125 0.015625 0.015625
0 0.06953125 0.13828125 0.0109375 0.0109375
0 0.3421875 0.1765625 0.0109375 0.015625
0 0.2890625 0.16875 0.0046875 0.0046875
0 0.5625 0.20703125 0.00625 0.0140625
0 0.58671875 0.21328125 0.0109375 0.0109375
0 0.43125 0.19375 0.0109375 0.0109375
0 0.4125 0.19140625 0.0109375 0.015625
0 0.6140625 0.221875 0.0109375 0.015625
0 0.05234375 0.14296875 0.0109375 0.015625
0 0.11640625 0.1515625 0.0109375 0.0109375
0 0.41875 0.196875 0.0109375 0.015625
0 0.53984375 0.2140625 0.0125 0.0203125
0 0.134375 0.159375 0.015625 0.015625
0 0.47109375 0.20625 0.00625 0.0140625
0 0.5140625 0.2125 0.015625 0.015625
0 0.46171875 0.20546875 0.0109375 0.015625
0 0.43671875 0.2015625 0.0171875 0.0203125
0 0.4015625 0.19921875 0.009375 0.00625
0 0.36328125 0.19375 0.0109375 0.015625
0 0.425 0.20234375 0.0171875 0.0203125
0 0.528125 0.21640625 0.0125 0.0203125
0 0.7296875 0.2453125 0.0109375 0.015625
0 0.384375 0.196875 0.0171875 0.0203125
0 0.08046875 0.15390625 0.0109375 0.015625
0 0.65625 0.2375 0.0125 0.0203125
0 0.071875 0.1546875 0.0109375 0.015625
0 0.49609375 0.21484375 0.0109375 0.015625
0 0.57578125 0.22578125 0.0109375 0.015625
0 0.15859375 0.1671875 0.0109375 0.015625
0 0.3171875 0.18984375 0.0109375 0.015625
0 0.690625 0.2421875 0.015625 0.015625
0 0.58203125 0.228125 0.00625 0.009375
0 0.75859375 0.253125 0.00625 0.009375
0 0.27265625 0.18515625 0.0125 0.0203125
0 0.58671875 0.22890625 0.0109375 0.015625
0 0.11484375 0.1625 0.0109375 0.015625
0 0.4890625 0.21484375 0.0171875 0.0203125
0 0.41328125 0.2046875 0.0109375 0.015625
0 0.6328125 0.23515625 0.0171875 0.0203125
0 0.671875 0.240625 0.0109375 0.0109375
0 0.71484375 0.24921875 0.0109375 0.015625
0 0.56875 0.22890625 0.00625 0.0140625
0 0.60078125 0.23359375 0.0109375 0.015625
0 0.0796875 0.16015625 0.0109375 0.0109375
0 0.55703125 0.22734375 0.0109375 0.015625
0 0.28359375 0.19140625 0.0109375 0.0109375
0 0.45078125 0.21484375 0.0125 0.0203125
0 0.1390625 0.17109375 0.0109375 0.015625
0 0.471875 0.2171875 0.0109375 0.015625
0 0.61875 0.23828125 0.00625 0.009375
0 0.51015625 0.22265625 0.015625 0.015625
0 0.59296875 0.234375 0.00625 0.0140625
0 0.771875 0.259375 0.0109375 0.0109375
0 0.06171875 0.1625 0.0109375 0.015625
0 0.6453125 0.24453125 0.015625 0.015625
0 0.30703125 0.196875 0.015625 0.015625
0 0.43515625 0.21484375 0.0109375 0.015625
0 0.49921875 0.2234375 0.0109375 0.015625
0 0.7375 0.25703125 0.0171875 0.0203125
0 0.75390625 0.26171875 0.0109375 0.015625
0 0.6109375 0.2421875 0.0125 0.0203125
0 0.66640625 0.24921875 0.0125 0.0203125
0 0.74453125 0.2609375 0.0109375 0.015625
0 0.83828125 0.2734375 0.0109375 0.015625
0 0.60625 0.24140625 0.00625 0.0140625
0 0.70234375 0.2546875 0.015625 0.015625
0 0.65234375 0.24765625 0.0109375 0.015625
0 0.4109375 0.21640625 0.015625 0.0109375
0 0.89921875 0.284375 0.0109375 0.015625
0 0.0703125 0.16796875 0.0125 0.0203125
0 0.3609375 0.209375 0.015625 0.015625
0 0.82578125 0.27421875 0.0109375 0.015625
0 0.81640625 0.27578125 0.0109375 0.015625
0 0.8921875 0.2859375 0.0109375 0.015625
0 0.99140625 0.3 0.015625 0.015625
0 0.5234375 0.234375 0.0109375 0.015625
0 0.6265625 0.2484375 0.015625 0.015625
0 0.715625 0.2609375 0.0171875 0.0203125
0 0.49140625 0.2296875 0.0109375 0.015625
0 0.684375 0.25703125 0.0171875 0.0203125
0 0.77265625 0.26953125 0.0171875 0.0203125
0 0.4265625 0.2234375 0.0125 0.0203125
0 0.66953125 0.25703125 0.0171875 0.0203125
0 0.47734375 0.23046875 0.015625 0.015625
0 0.05546875 0.17109375 0.0109375 0.0109375
0 0.35078125 0.2125 0.015625 0.015625
0 0.4515625 0.22890625 0.0109375 0.015625
0 0.5109375 0.2375 0.0109375 0.015625
0 0.76328125 0.27265625 0.0109375 0.015625
0 0.29140625 0.20625 0.0171875 0.0203125
0 0.31875 0.21015625 0.0109375 0.015625
0 0.38125 0.21875 0.00625 0.0140625
0 0.4609375 0.23046875 0.015625 0.015625
0 0.55703125 0.24375 0.00625 0.0140625
0 0.7953125 0.27734375 0.0109375 0.0109375
0 0.3078125 0.20859375 0.0109375 0.015625
0 0.55 0.24296875 0.0109375 0.015625
0 0.953125 0.29921875 0.0171875 0.0203125
0 0.28203125 0.2046875 0.0109375 0.0109375
0 0.5640625 0.24453125 0.00625 0.0140625
0 0.84296875 0.2859375 0.0109375 0.015625
0 0.4078125 0.225 0.0109375 0.015625
0 0.06640625 0.17734375 0.015625 0.015625
0 0.8796875 0.29140625 0.0171875 0.0203125
0 0.77890625 0.27734375 0.0171875 0.0203125
0 0.8203125 0.2828125 0.0109375 0.015625
0 0.996875 0.30859375 0.00625 0.0203125
0 0.2625 0.20703125 0.0109375 0.015625
0 0.56953125 0.25 0.015625 0.015625
0 0.659375 0.2625 0.0109375 0.015625
0 0.83359375 0.2875 0.0109375 0.015625
0 0.4875 0.2390625 0.015625 0.015625
0 0.9828125 0.30859375 0.0109375 0.015625
0 0.521875 0.24609375 0.0109375 0.015625
0 0.69765625 0.2703125 0.0171875 0.0203125
0 0.90703125 0.3 0.0171875 0.0203125
0 0.9140625 0.30078125 0.015625 0.015625
0 0.96640625 0.30859375 0.0109375 0.015625
0 0.2515625 0.2078125 0.0171875 0.0203125
0 0.5328125 0.24765625 0.0171875 0.0203125
0 0.271875 0.2109375 0.0109375 0.015625
0 0.65703125 0.26484375 0.0171875 0.0203125
0 0.88984375 0.3 0.0171875 0.0203125
0 0.1453125 0.1953125 0.0171875 0.0203125
0 0.60625 0.26015625 0.015625 0.015625
0 0.6890625 0.271875 0.0171875 0.0203125
0 0.99296875 0.3140625 0.0140625 0.015625
0 0.42265625 0.234375 0.0109375 0.015625
0 0.8515625 0.29453125 0.0171875 0.0203125
0 0.3703125 0.22890625 0.0125 0.0203125
0 0.6421875 0.2671875 0.0125 0.0203125
0 0.7890625 0.28828125 0.021875 0.0265625
0 0.05625 0.18515625 0.015625 0.015625
0 0.7546875 0.28359375 0.0109375 0.015625
0 0.503125 0.24765625 0.0125 0.0203125
0 0.5140625 0.24921875 0.015625 0.015625
0 0.17265625 0.20390625 0.0109375 0.015625
0 0.7453125 0.284375 0.0109375 0.015625
0 0.28203125 0.21953125 0.0109375 0.015625
0 0.32109375 0.225 0.0109375 0.015625
0 0.4703125 0.24609375 0.015625 0.015625
0 0.33515625 0.2265625 0.0171875 0.0203125
0 0.16328125 0.20234375 0.015625 0.015625
0 0.3828125 0.23359375 0.015625 0.015625
0 0.17890625 0.20703125 0.0171875 0.0203125
0 0.2984375 0.22421875 0.0171875 0.025
0 0.58671875 0.26484375 0.0171875 0.0203125
0 0.8796875 0.30546875 0.0171875 0.0203125
0 0.5390625 0.2578125 0.0171875 0.025
0 0.309375 0.228125 0.015625 0.015625
0 0.9328125 0.315625 0.0125 0.0203125
0 0.40546875 0.24140625 0.0171875 0.0203125
0 0.7265625 0.28671875 0.0171875 0.0203125
0 0.81328125 0.2984375 0.021875 0.0265625
0 0.5640625 0.26328125 0.0171875 0.0203125
0 0.35 0.2359375 0.0171875 0.0203125
0 0.9578125 0.32109375 0.0109375 0.015625
0 0.36171875 0.2375 0.0171875 0.0203125
0 0.6984375 0.28515625 0.0171875 0.025
0 0.9453125 0.321875 0.0171875 0.0203125
0 0.61328125 0.275 0.0171875 0.025
0 0.84296875 0.3078125 0.0125 0.0203125
0 0.83125 0.30625 0.021875 0.0265625
0 0.97109375 0.32578125 0.021875 0.0265625
0 0.41640625 0.24765625 0.0171875 0.0203125
0 0.98671875 0.33046875 0.0234375 0.034375
0 0.39453125 0.24921875 0.021875 0.0265625
0 0.45703125 0.2578125 0.0171875 0.0203125
0 0.37890625 0.246875 0.0171875 0.0203125
0 0.259375 0.2328125 0.021875 0.021875
0 0.86015625 0.31953125 0.0265625 0.0265625
0 0.6765625 0.29375 0.021875 0.0296875
0 0.71484375 0.29921875 0.021875 0.0265625
0 0.50859375 0.2703125 0.0171875 0.025
0 0.421875 0.26015625 0.0171875 0.025
0 0.11015625 0.21640625 0.0171875 0.0203125
0 0.88203125 0.325 0.021875 0.0265625
0 0.1671875 0.2265625 0.0171875 0.025
0 0.4375 0.26484375 0.0265625 0.03125
0 0.0515625 0.215625 0.0171875 0.0203125
0 0.94765625 0.34296875 0.021875 0.0265625
0 0.52578125 0.28359375 0.021875 0.0265625
0 0.18671875 0.23828125 0.0125 0.025
0 0.14140625 0.24140625 0.0171875 0.025
0 0.47578125 0.290625 0.021875 0.0265625
0 0.46171875 0.2890625 0.021875 0.0265625
0 0.3765625 0.27890625 0.028125 0.034375
0 0.25 0.2640625 0.0171875 0.025
0 0.71796875 0.3296875 0.028125 0.034375
0 0.26796875 0.27109375 0.0265625 0.03125
0 0.12109375 0.25234375 0.034375 0.0453125
0 0.57890625 0.31953125 0.0234375 0.0390625
0 0.16640625 0.2640625 0.0328125 0.0359375
0 0.4296875 0.303125 0.021875 0.0265625
0 0.6921875 0.3421875 0.021875 0.0265625
0 0.55546875 0.32578125 0.0296875 0.0484375
0 0.6484375 0.34296875 0.0328125 0.040625
0 0.06328125 0.2609375 0.04375 0.0546875
0 0.48046875 0.32421875 0.021875 0.0296875
0 0.7484375 0.36171875 0.0328125 0.040625
0 0.85625 0.3796875 0.0328125 0.040625
0 0.0390625 0.26953125 0.028125 0.0390625
0 0.22265625 0.29765625 0.0390625 0.059375
0 0.909375 0.40078125 0.028125 0.034375
0 0.42109375 0.334375 0.028125 0.0390625
0 0.1796875 0.31484375 0.0421875 0.05
0 0.484375 0.38125 0.0390625 0.059375
0 0.6625 0.4109375 0.0375 0.05
0 0.8046875 0.440625 0.04375 0.0546875
0 0.34140625 0.38203125 0.0546875 0.075
0 0.9296875 0.46640625 0.05 0.065625
0 0.621875 0.428125 0.0421875 0.05
0 0.984375 0.49296875 0.03125 0.0640625
0 0.18671875 0.38359375 0.04375 0.0546875
0 0.45546875 0.4375 0.0390625 0.0546875
0 0.059375 0.421875 0.04375 0.059375
0 0.340625 0.03828125 0.00625 0.009375
0 0.3796875 0.6796875 0.071875 0.0953125
0 0.353125 0.04453125 0.00625 0.009375
0 0.34375 0.04609375 0.0046875 0.0046875
0 0.175 0.03125 0.00625 0.009375
0 0.10078125 0.7828125 0.096875 0.1390625
0 0.15859375 0.03125 0.0109375 0.015625
0 0.140625 0.03125 0.0109375 0.0109375
0 0.14453125 0.03671875 0.0109375 0.0109375
0 0.18828125 0.04296875 0.00625 0.009375
0 0.1734375 0.046875 0.0109375 0.015625
0 0.29375 0.06875 0.00625 0.009375
0 0.271875 0.065625 0.0109375 0.0109375
0 0.25703125 0.065625 0.0109375 0.0109375
0 0.18125 0.05546875 0.0109375 0.0109375
0 0.2 0.0578125 0.0046875 0.0046875