0 0.0765625 0.175 0.021875 0.0265625
0 0.75859375 0.05703125 0.0296875 0.040625
0 0.534375 0.096875 0.034375 0.040625
0 0.603125 0.084375 0.021875 0.021875
0 0.45078125 0.11328125 0.0265625 0.0265625
0 0.89765625 0.0375 0.028125 0.0359375
0 0.18203125 0.16328125 0.0234375 0.03125
0 0.6859375 0.07421875 0.034375 0.040625
0 0.2484375 0.15390625 0.021875 0.0265625
0 0.62734375 0.0875 0.021875 0.0265625
0 0.00625 0.2 0.0125 0.03125
0 0.1125 0.1828125 0.028125 0.03125
0 0.19765625 0.1703125 0.0296875 0.040625
0 0.21171875 0.16796875 0.028125 0.0359375
0 0.08828125 0.1890625 0.021875 0.0265625
0 0.13203125 0.184375 0.028125 0.0359375
0 0.0453125 0.2015625 0.0296875 0.0453125
0 0.87734375 0.0546875 0.0375 0.0375
0 0.3078125 0.15546875 0.028125 0.0359375
0 0.33046875 0.1515625 0.0265625 0.0265625
0 0.515625 0.12109375 0.034375 0.0453125
0 0.84140625 0.0640625 0.0390625 0.046875
0 0.72265625 0.084375 0.0359375 0.05
0 0.9140625 0.05078125 0.034375 0.040625
0 0.028125 0.209375 0.0234375 0.034375
0 0.06484375 0.203125 0.01875 0.034375
0 0.3890625 0.1484375 0.028125 0.0359375
0 0.56875 0.11640625 0.0390625 0.0515625
0 0.259375 0.17578125 0.0359375 0.05
0 0.78125 0.08359375 0.0390625 0.0515625
0 0.01328125 0.21953125 0.0265625 0.0359375
0 0.65859375 0.11015625 0.046875 0.065625
0 0.23515625 0.18515625 0.0296875 0.0453125
0 0.81953125 0.084375 0.04375 0.0515625
0 0.434375 0.1546875 0.0359375 0.05
0 0.17421875 0.20078125 0.040625 0.05625
0 0.12734375 0.21328125 0.0296875 0.0453125
0 0.45859375 0.15546875 0.0359375 0.05
0 0.63125 0.125 0.0390625 0.0515625
0 0.496875 0.1484375 0.0359375 0.05
0 0.0984375 0.22109375 0.025 0.0390625
0 0.00625 0.24921875 0.0125 0.0453125
0 0.22109375 0.21015625 0.04375 0.046875
0 0.3578125 0.1890625 0.0359375 0.0546875
0 0.3265625 0.196875 0.0359375 0.0546875
0 0.14921875 0.228125 0.034375 0.0453125
0 0.87421875 0.10234375 0.040625 0.05625
0 0.40703125 0.18515625 0.0421875 0.0375
0 0.90625 0.09921875 0.0453125 0.0609375
0 0.84296875 0.12421875 0.034375 0.040625
0 0.765625 0.13828125 0.040625 0.05625
0 0.13046875 0.25703125 0.025 0.04375
0 0.071875 0.27265625 0.0390625 0.046875
0 0.28046875 0.23828125 0.0453125 0.0609375
0 0.69453125 0.16484375 0.0359375 0.05
0 0.103125 0.27421875 0.0390625 0.046875
0 0.3796875 0.2328125 0.0453125 0.0609375
0 0.5734375 0.1984375 0.0390625 0.0515625
0 0.60390625 0.1953125 0.0484375 0.053125
0 0.47890625 0.21875 0.0453125 0.05625
0 0.88203125 0.14765625 0.0609375 0.0734375
0 0.153125 0.27890625 0.0390625 0.0515625
0 0.42421875 0.23125 0.05 0.0625
0 0.52265625 0.215625 0.04375 0.046875
0 0.225 0.27109375 0.046875 0.065625
0 0.0140625 0.30859375 0.028125 0.0703125
0 0.91953125 0.1484375 0.0515625 0.0671875
0 0.67890625 0.1953125 0.05 0.0578125
0 0.04375 0.3125 0.0578125 0.08125
0 0.771875 0.20078125 0.05 0.0625
0 0.846875 0.1875 0.0515625 0.0703125
0 0.33125 0.2875 0.0515625 0.0671875
0 0.61875 0.24453125 0.0546875 0.0578125
0 0.09609375 0.34140625 0.0390625 0.06875
0 0.5390625 0.26796875 0.053125 0.075
0 0.2671875 0.06171875 0.0125 0.0203125
0 0.7015625 0.2453125 0.0640625 0.0640625
0 0.13515625 0.35 0.053125 0.0796875
0 0.00625 0.39453125 0.0125 0.0734375
0 0.903125 0.23828125 0.0734375 0.0921875
0 0.459375 0.32421875 0.0609375 0.0734375
0 0.7796875 0.271875 0.0578125 0.0765625
0 0.2984375 0.35703125 0.0625 0.08125
0 0.60234375 0.30625 0.0640625 0.0859375
0 0.3453125 0.35859375 0.071875 0.0796875
0 0.31171875 0.0578125 0.0109375 0.0109375
0 0.475 0.3453125 0.0609375 0.0734375
0 0.7046875 0.315625 0.078125 0.0890625
0 0.82265625 0.3046875 0.075 0.1015625
0 0.08828125 0.43359375 0.0640625 0.0640625
0 0.20078125 0.08203125 0.0171875 0.0203125
0 0.2546875 0.4140625 0.0703125 0.096875
0 0.3921875 0.0484375 0.0109375 0.015625
0 0.01875 0.4796875 0.0375 0.084375
0 0.05234375 0.48046875 0.08125 0.0578125
0 0.25625 0.07734375 0.0171875 0.0203125
0 0.35625 0.059375 0.0171875 0.0203125
0 0.45 0.04296875 0.021875 0.021875
0 0.171875 0.46328125 0.0859375 0.1078125
0 0.071875 0.11015625 0.021875 0.0265625
0 0.3140625 0.4578125 0.0625 0.08125
0 0.171875 0.09453125 0.0171875 0.0203125
0 0.29765625 0.07265625 0.0171875 0.0203125
0 0.375 0.05859375 0.0171875 0.0203125
0 0.43203125 0.44609375 0.0734375 0.0875
0 0.32109375 0.06796875 0.021875 0.021875
0 0.5 0.46015625 0.0796875 0.0984375
0 0.97265625 0.384375 0.046875 0.1140625
0 0.40078125 0.05703125 0.0171875 0.0203125
0 0.471875 0.04609375 0.015625 0.015625
0 0.65390625 0.45390625 0.090625 0.1125
0 0.35546875 0.50859375 0.071875 0.1046875
0 0.4328125 0.053125 0.0171875 0.0203125
0 0.0453125 0.571875 0.090625 0.096875
0 0.034375 0.12578125 0.021875 0.021875
0 0.64296875 0.01875 0.0265625 0.021875
0 0.62265625 0.021875 0.0234375 0.034375
0 0.2828125 0.08203125 0.0171875 0.0203125
0 0.55234375 0.034375 0.0125 0.0203125
0 0.23984375 0.0921875 0.021875 0.0265625
0 0.16953125 0.1046875 0.0171875 0.025
0 0.5625 0.521875 0.0765625 0.10625
0 0.01015625 0.1328125 0.0171875 0.0203125
0 0.7828125 0.003125 0.021875 0.00625
0 0.19921875 0.09921875 0.021875 0.021875
0 0.5296875 0.04140625 0.0171875 0.0203125
0 0.72109375 0.0125 0.0234375 0.025
0 0.57109375 0.0359375 0.03125 0.028125
0 0.58671875 0.03359375 0.0234375 0.03125
0 0.33828125 0.07734375 0.0171875 0.025
0 0.3546875 0.07421875 0.0125 0.0203125
0 0.2796875 0.60703125 0.1109375 0.103125
0 0.26171875 0.09296875 0.0109375 0.015625
0 0.4140625 0.06640625 0.015625 0.015625
0 0.31171875 0.08671875 0.0203125 0.0171875
0 0.43984375 0.0640625 0.0125 0.0203125
0 0.49453125 0.0546875 0.0328125 0.0328125
0 0.2984375 0.0890625 0.0171875 0.0203125
0 0.37578125 0.075 0.015625 0.0109375
0 0.225 0.1015625 0.0171875 0.0203125
0 0.75 0.5734375 0.0953125 0.1359375
0 0.0984375 0.68828125 0.103125 0.128125
0 0.4625 0.0625 0.01875 0.0296875
0 0.27578125 0.0953125 0.0171875 0.025
0 0.1234375 0.121875 0.015625 0.015625
0 0.6171875 0.62734375 0.1046875 0.1375
0 0.8125 0.0125 0.034375 0.025
0 0.059375 0.1359375 0.0171875 0.0203125
0 0.21640625 0.1078125 0.0171875 0.0203125
0 0.4265625 0.07109375 0.0171875 0.0203125
0 0.109375 0.1265625 0.021875 0.0265625
0 0.39453125 0.0765625 0.0171875 0.0203125
0 0.1484375 0.12265625 0.0171875 0.025
0 0.55 0.0515625 0.0171875 0.025
0 0.9296875 0.590625 0.109375 0.1390625
0 0.75546875 0.015625 0.021875 0.0265625
0 0.7828125 0.0125 0.03125 0.025
0 0.25390625 0.7265625 0.1234375 0.15
0 0.00625 0.15078125 0.0125 0.0296875
0 0.68515625 0.03046875 0.0109375 0.015625
0 0.52578125 0.0609375 0.028125 0.0359375
0 0.25078125 0.11171875 0.0171875 0.0203125
0 0.378125 0.0890625 0.0203125 0.0171875
0 0.571875 0.0546875 0.0171875 0.0203125
0 0.64453125 0.0421875 0.028125 0.03125
0 0.70234375 0.03203125 0.0328125 0.0359375
0 0.88671875 0.00859375 0.0328125 0.0171875
0 0.26484375 0.109375 0.0171875 0.025
0 0.33046875 0.09765625 0.028125 0.0359375
0 0.45625 0.07578125 0.0234375 0.034375
0 0.41015625 0.0859375 0.021875 0.0265625
0 0.0828125 0.14375 0.0171875 0.025
0 0.665625 0.040625 0.0296875 0.0453125
0 0.1 0.140625 0.0171875 0.025
0 0.834375 0.01953125 0.04375 0.0390625
0 0.20625 0.12421875 0.0171875 0.025
0 0.1671875 0.13125 0.0234375 0.03125
0 0.18828125 0.1296875 0.0171875 0.025
0 0.24296875 0.1203125 0.0234375 0.034375
0 0.35625 0.1 0.0234375 0.03125
0 0.0046875 0.16484375 0.009375 0.0203125
0 0.021875 0.16171875 0.0171875 0.025
0 0.34296875 0.1046875 0.01875 0.034375
0 0.32109375 0.10859375 0.021875 0.0265625
0 0.61953125 0.05625 0.0328125 0.0359375
0 0.73359375 0.03828125 0.0328125 0.0328125
0 0.06328125 0.15625 0.0296875 0.040625
0 0.85859375 0.01640625 0.028125 0.03125
0 0.91171875 0.0140625 0.0140625 0.028125
0 0.2984375 0.1171875 0.0234375 0.03125
0 0.46484375 0.884375 0.1625 0.0953125
0 0.60625 0.06328125 0.021875 0.0265625
0 0.7796875 0.03515625 0.0390625 0.046875
0 0.48359375 0.0875 0.0234375 0.03125
0 0.23046875 0.13203125 0.0234375 0.03125
0 0.44296875 0.096875 0.0234375 0.03125
0 0.709375 0.05 0.0234375 0.03125
0 0.2171875 0.13671875 0.01875 0.034375
0 0.38828125 0.10625 0.01875 0.0296875
0 0.559375 0.078125 0.028125 0.0359375
0 0.584375 0.07578125 0.021875 0.0265625
0 0.20234375 0.14296875 0.021875 0.021875
0 0.49375 0.09140625 0.0296875 0.0453125
0 0.65078125 0.0640625 0.0265625 0.0265625
0 0.00859375 0.17734375 0.0171875 0.025
0 0.1109375 0.16171875 0.0296875 0.040625
0 0.14765625 0.15546875 0.0234375 0.034375
0 0.87265625 0.02734375 0.028125 0.03125
0 0.27421875 0.13515625 0.0265625 0.0265625
0 0.3765625 0.1171875 0.0234375 0.03125
0 0.32421875 0.12890625 0.028125 0.03125
0 0.42421875 0.1109375 0.0234375 0.03125