0 0.36328125 0.10859375 0.046875 0.05625
0 0.490625 0.10859375 0.0703125 0.05625
0 0.20390625 0.12109375 0.0671875 0.0984375
0 0.62578125 0.12265625 0.0515625 0.046875
0 0.709375 0.12109375 0.0609375 0.0703125
0 0.25546875 0.1359375 0.046875 0.046875
0 0.8875 0.12734375 0.0515625 0.05625
0 0.84296875 0.13046875 0.0375 0.0421875
0 0.58671875 0.1375 0.028125 0.0421875
0 0.78984375 0.13359375 0.046875 0.0421875
0 0.66953125 0.15 0.0375 0.046875
0 0.04453125 0.1609375 0.05625 0.084375
0 0.62578125 0.16171875 0.065625 0.0515625
0 0.3671875 0.16875 0.0578125 0.09375
0 0.559375 0.1703125 0.0375 0.0609375
0 0.10078125 0.178125 0.071875 0.1359375
0 0.49921875 0.1734375 0.071875 0.09375
0 0.021875 0.190625 0.04375 0.09375
0 0.28828125 0.19140625 0.04375 0.096875
0 0.9625 0.18671875 0.0375 0.05625
0 0.74453125 0.20390625 0.071875 0.1078125
0 0.87734375 0.21171875 0.0671875 0.13125
0 0.6640625 0.228125 0.0765625 0.1125
0 0.5765625 0.23203125 0.065625 0.0609375
0 0.32890625 0.24140625 0.0515625 0.084375
0 0.221875 0.24296875 0.0765625 0.1359375
0 0.8171875 0.2375 0.0765625 0.1265625
0 0.96328125 0.2421875 0.05625 0.0796875
0 0.484375 0.26171875 0.0515625 0.0890625
0 0.43828125 0.26953125 0.0765625 0.103125
0 0.51953125 0.2734375 0.0296875 0.065625
0 0.74609375 0.26875 0.046875 0.0609375
0 0.14921875 0.28828125 0.05625 0.075
0 0.9171875 0.2796875 0.0421875 0.046875
0 0.58046875 0.3203125 0.0984375 0.1359375
0 0.328125 0.334375 0.071875 0.121875
0 0.08125 0.35 0.0671875 0.1453125
0 0.77578125 0.35390625 0.0859375 0.121875
0 0.409375 0.371875 0.0953125 0.16875
0 0.95859375 0.43046875 0.0828125 0.1546875
0 0.18671875 0.47109375 0.1046875 0.2109375
0 0.20078125 0.05625 0.0421875 0.0421875
0 0.27265625 0.059375 0.05625 0.084375
0 0.665625 0.5984375 0.11875 0.2203125
0 0.37734375 0.07890625 0.046875 0.0515625
0 0.04375 0.10703125 0.0234375 0.0375