0 0.73828125 0.15703125 0.05625 0.0859375
0 0.70625 0.15546875 0.0546875 0.08125
0 0.19453125 0.05625 0.0546875 0.0765625
0 0.53046875 0.1265625 0.0625 0.078125
0 0.60703125 0.153125 0.0625 0.078125
0 0.80390625 0.1984375 0.046875 0.065625
0 0.1203125 0.07265625 0.0640625 0.0828125
0 0.8640625 0.2265625 0.0609375 0.0859375
0 0.53203125 0.16640625 0.075 0.09375
0 0.82265625 0.225 0.0453125 0.075
0 0.33984375 0.1359375 0.0671875 0.096875
0 0.61171875 0.19140625 0.05 0.075
0 0.21640625 0.12890625 0.065625 0.0875
0 0.08046875 0.109375 0.0421875 0.0828125
0 0.490625 0.19453125 0.06875 0.0828125
0 0.63828125 0.22734375 0.046875 0.065625
0 0.1421875 0.1359375 0.071875 0.096875
0 0.99296875 0.3203125 0.0140625 0.0625
0 0.48125 0.02109375 0.05 0.0421875
0 0.796875 0.3078125 0.0578125 0.0765625
0 0.9640625 0.34296875 0.0640625 0.0828125
0 0.5640625 0.2671875 0.0625 0.078125
0 0.759375 0.31484375 0.05 0.053125
0 0.2 0.21328125 0.065625 0.0875
0 0.06953125 0.20390625 0.05625 0.090625
0 0.51640625 0.290625 0.065625 0.0921875
0 0.36796875 0.26875 0.08125 0.103125
0 0.12890625 0.225 0.0734375 0.0890625
0 0.25625 0.25234375 0.096875 0.1140625
0 0.76015625 0.37421875 0.071875 0.075
0 0.8671875 0.396875 0.08125 0.0984375
0 0.45 0.31875 0.0828125 0.1125
0 0.978125 0.425 0.04375 0.109375
0 0.5578125 0.34921875 0.0859375 0.1046875
0 0.68203125 0.3796875 0.071875 0.075
0 0.30390625 0.30859375 0.065625 0.0875
0 0.3921875 0.328125 0.05 0.0796875
0 0.36171875 0.01953125 0.0578125 0.0390625
0 0.05234375 0.28125 0.0484375 0.0703125
0 0.60546875 0.4078125 0.078125 0.0859375
0 0.93515625 0.48125 0.0546875 0.08125
0 0.503125 0.434375 0.0890625 0.1171875
0 0.11328125 0.378125 0.0828125 0.1125
0 0.61484375 0.478125 0.0609375 0.06875
0 0.453125 0.4484375 0.06875 0.0828125
0 0.2953125 0.4359375 0.071875 0.075
0 0.8125 0.54140625 0.065625 0.0875
0 0.56328125 0.50234375 0.0875 0.0921875
0 0.96796875 0.590625 0.0546875 0.10625
0 0.1828125 0.4453125 0.0875 0.1078125
0 0.2375 0.46796875 0.075 0.09375
0 0.85703125 0.590625 0.0671875 0.075
0 0.434375 0.521875 0.06875 0.0875
0 0.31484375 0.50625 0.0796875 0.115625
0 0.759375 0.1 0.0734375 0.0890625
0 0.03125 0.4875 0.0625 0.115625
0 0.734375 0.63046875 0.0609375 0.090625
0 0.24921875 0.02265625 0.0515625 0.0453125
0 0.8 0.6546875 0.0640625 0.0828125
0 0.41171875 0.6125 0.1078125 0.125
0 0.98359375 0.153125 0.0328125 0.0875
0 0.6359375 0.69609375 0.084375 0.1171875
0 0.8171875 0.7453125 0.0890625 0.1015625
0 0.30546875 0.0359375 0.0671875 0.071875
0 0.43359375 0.70703125 0.0796875 0.115625
0 0.55390625 0.07421875 0.0484375 0.0703125
0 0.0421875 0.63828125 0.084375 0.1296875
0 0.79375 0.7953125 0.075 0.115625
0 0.25 0.69375 0.0890625 0.121875
0 0.6984375 0.803125 0.0953125 0.1328125
0 0.3875 0.77734375 0.08125 0.0984375
0 0.12265625 0.73046875 0.1140625 0.1140625
0 0.5859375 0.8234375 0.0953125 0.128125
0 0.83125 0.8828125 0.0984375 0.1453125
0 0.45 0.06640625 0.071875 0.096875
0 0.35625 0.828125 0.1140625 0.1359375
0 0.9421875 0.16640625 0.0578125 0.071875
0 0.1078125 0.01484375 0.04375 0.0296875
0 0.50078125 0.0828125 0.0578125 0.071875
0 0.875 0.16015625 0.05625 0.0671875
0 0.64921875 0.12109375 0.053125 0.071875