0 0.33046875 0.20625 0.0296875 0.053125
0 0.928125 0.303125 0.0359375 0.0671875
0 0.8234375 0.29296875 0.03125 0.0671875
0 0.42578125 0.25078125 0.0296875 0.0578125
0 0.54453125 0.27265625 0.025 0.053125
0 0.77421875 0.30078125 0.0359375 0.0671875
0 0.1734375 0.234375 0.0359375 0.0671875
0 0.68984375 0.29765625 0.03125 0.0625
0 0.2828125 0.25390625 0.03125 0.0671875
0 0.06796875 0.25546875 0.0359375 0.0625
0 0.5546875 0.31796875 0.0359375 0.0625
0 0.1890625 0.29453125 0.046875 0.0921875
0 0.0875 0.29140625 0.028125 0.0484375
0 0.87265625 0.3875 0.040625 0.0734375
0 0.7078125 0.3671875 0.0359375 0.0671875
0 0.04140625 0.30859375 0.0453125 0.0828125
0 0.36328125 0.3546875 0.03125 0.0625
0 0.54375 0.42578125 0.0453125 0.0828125
0 0.74375 0.453125 0.0515625 0.0921875
0 0.28828125 0.42265625 0.0609375 0.125
0 0.08125 0.39765625 0.053125 0.10625
0 0.9109375 0.09296875 0.0109375 0.0203125
0 0.890625 0.09296875 0.0109375 0.015625
0 0.9484375 0.55 0.0515625 0.0921875
0 0.853125 0.090625 0.0109375 0.0203125
0 0.90625 0.096875 0.0109375 0.0203125
0 0.784375 0.084375 0.0109375 0.015625
0 0.834375 0.090625 0.00625 0.0140625
0 0.6328125 0.06640625 0.00625 0.0140625
0 0.64453125 0.0671875 0.00625 0.0140625
0 0.8 0.08671875 0.0109375 0.015625
0 0.94296875 0.10390625 0.0125 0.0296875
0 0.74296875 0.08203125 0.0109375 0.015625
0 0.84375 0.09453125 0.0109375 0.015625
0 0.6234375 0.0671875 0.00625 0.009375
0 0.5609375 0.06171875 0.00625 0.009375
0 0.66171875 0.07421875 0.00625 0.009375
0 0.7140625 0.08046875 0.00625 0.009375
0 0.6 0.06640625 0.00625 0.0140625
0 0.64609375 0.07265625 0.00625 0.0140625
0 0.6546875 0.0734375 0.0109375 0.0203125
0 0.6828125 0.0765625 0.0109375 0.015625
0 0.7015625 0.07890625 0.00625 0.009375
0 0.7234375 0.08203125 0.00625 0.009375
0 0.87578125 0.10078125 0.00625 0.0140625
0 0.84921875 0.6203125 0.0859375 0.1515625
0 0.58359375 0.0671875 0.00625 0.009375
0 0.7328125 0.08515625 0.0109375 0.015625
0 0.8953125 0.10546875 0.0109375 0.015625
0 0.64140625 0.07421875 0.00625 0.0140625
0 0.75859375 0.08828125 0.0109375 0.015625
0 0.8640625 0.1015625 0.00625 0.0140625
0 0.91875 0.10859375 0.0109375 0.0203125
0 0.553125 0.065625 0.00625 0.009375
0 0.76953125 0.0921875 0.0125 0.025
0 0.59453125 0.07109375 0.00625 0.0140625
0 0.67265625 0.08046875 0.00625 0.0140625
0 0.2015625 0.025 0.00625 0.009375
0 0.4078125 0.05 0.00625 0.009375
0 0.571875 0.0703125 0.00625 0.0140625
0 0.98984375 0.121875 0.0171875 0.0296875
0 0.5875 0.07265625 0.00625 0.009375
0 0.16171875 0.61484375 0.065625 0.125
0 0.3875 0.05 0.00625 0.0140625
0 0.4359375 0.05625 0.00625 0.009375
0 0.47890625 0.06171875 0.00625 0.009375
0 0.4859375 0.0625 0.00625 0.009375
0 0.490625 0.0625 0.00625 0.009375
0 0.51640625 0.065625 0.00625 0.009375
0 0.53203125 0.06796875 0.00625 0.009375
0 0.41953125 0.05390625 0.00625 0.0140625
0 0.44296875 0.05703125 0.00625 0.0140625
0 0.50703125 0.06484375 0.0109375 0.015625
0 0.52265625 0.06640625 0.00625 0.0140625
0 0.725 0.09140625 0.00625 0.0140625
0 0.46015625 0.06171875 0.00625 0.0140625
0 0.47421875 0.06328125 0.00625 0.009375
0 0.3359375 0.0484375 0.00625 0.009375
0 0.4140625 0.0578125 0.00625 0.0140625
0 0.7078125 0.096875 0.0109375 0.015625
0 0.34921875 0.05234375 0.00625 0.0140625
0 0.49453125 0.0703125 0.00625 0.009375
0 0.5234375 0.74765625 0.0484375 0.1
0 0.3078125 0.05 0.00625 0.0140625
0 0.36796875 0.05703125 0.0109375 0.0109375
0 0.375 0.0578125 0.0109375 0.0109375
0 0.42734375 0.06484375 0.0109375 0.015625
0 0.45078125 0.0671875 0.0109375 0.015625
0 0.4640625 0.06875 0.0109375 0.015625
0 0.396875 0.06328125 0.00625 0.0140625
0 0.60390625 0.08828125 0.00625 0.0140625
0 0.68671875 0.0984375 0.0109375 0.015625
0 0.746875 0.10625 0.0109375 0.0109375
0 0.80390625 0.11328125 0.0109375 0.0203125
0 0.5515625 0.08203125 0.00625 0.009375
0 0.6640625 0.09609375 0.0109375 0.0109375
0 0.71640625 0.10234375 0.0109375 0.0109375
0 0.29609375 0.053125 0.00625 0.009375
0 0.5875 0.0890625 0.0109375 0.015625
0 0.69375 0.1015625 0.00625 0.009375
0 0.47734375 0.075 0.0109375 0.015625
0 0.7921875 0.1140625 0.0125 0.025
0 0.97578125 0.13671875 0.0125 0.0296875
0 0.16015625 0.0390625 0.00625 0.0140625
0 0.2640625 0.0515625 0.00625 0.0140625
0 0.42890625 0.071875 0.0109375 0.015625
0 0.34375 0.0609375 0.00625 0.0140625
0 0.596875 0.0921875 0.0125 0.025
0 0.6171875 0.09453125 0.0125 0.025
0 0.64453125 0.0984375 0.00625 0.0140625
0 0.28359375 0.05625 0.0109375 0.015625
0 0.54609375 0.08828125 0.00625 0.009375
0 0.88828125 0.13046875 0.0109375 0.0203125
0 0.48828125 0.08125 0.0125 0.025
0 0.15234375 0.0421875 0.00625 0.009375
0 0.30703125 0.06171875 0.00625 0.0140625
0 0.56640625 0.09296875 0.0109375 0.015625
0 0.65078125 0.10390625 0.0109375 0.015625
0 0.8171875 0.12421875 0.0125 0.0296875
0 0.871875 0.13125 0.0109375 0.0203125
0 0.91796875 0.13671875 0.0109375 0.015625
0 0.32265625 0.06328125 0.0125 0.025
0 0.82890625 0.12578125 0.0125 0.025
0 0.85546875 0.12890625 0.0125 0.0296875
0 0.92734375 0.1375 0.0109375 0.0203125
0 0.515625 0.08984375 0.0109375 0.015625
0 0.62578125 0.103125 0.00625 0.0140625
0 0.7078125 0.11328125 0.0125 0.025
0 0.21875 0.053125 0.00625 0.01875
0 0.24453125 0.05625 0.0125 0.025
0 0.73125 0.115625 0.0109375 0.0203125
0 0.78203125 0.121875 0.0109375 0.0203125
0 0.84609375 0.1296875 0.0125 0.025
0 0.49453125 0.0890625 0.00625 0.0140625
0 0.80703125 0.12734375 0.0109375 0.0203125
0 0.86171875 0.1359375 0.0125 0.025
0 0.9078125 0.14140625 0.0109375 0.0203125
0 0.96484375 0.1484375 0.0125 0.025
0 0.99296875 0.15234375 0.0125 0.025
0 0.7671875 0.12421875 0.0109375 0.015625
0 0.5421875 0.096875 0.00625 0.0140625
0 0.83828125 0.1328125 0.0109375 0.015625
0 0.18359375 0.0546875 0.00625 0.0140625
0 0.35390625 0.07578125 0.0109375 0.015625
0 0.44375 0.08671875 0.00625 0.0140625
0 0.5078125 0.09453125 0.0109375 0.015625
0 0.38359375 0.0796875 0.0109375 0.015625
0 0.453125 0.08828125 0.0125 0.025
0 0.71875 0.12109375 0.0109375 0.0203125
0 0.16484375 0.0546875 0.0109375 0.0203125
0 0.20234375 0.059375 0.0109375 0.0203125
0 0.42265625 0.08671875 0.0109375 0.015625
0 0.53515625 0.10078125 0.0109375 0.015625
0 0.6703125 0.1171875 0.0125 0.0296875
0 0.7421875 0.12578125 0.0109375 0.015625
0 0.88203125 0.14296875 0.0125 0.0296875
0 0.93046875 0.14921875 0.0171875 0.0296875
0 0.946875 0.15078125 0.0125 0.025
0 0.75078125 0.1296875 0.0125 0.0296875
0 0.503125 0.09921875 0.0109375 0.015625
0 0.290625 0.075 0.00625 0.01875
0 0.47421875 0.09765625 0.0109375 0.015625
0 0.6421875 0.11875 0.00625 0.0140625
0 0.40546875 0.09140625 0.00625 0.01875
0 0.4578125 0.0984375 0.0109375 0.0203125
0 0.6359375 0.1203125 0.0125 0.025
0 0.4625 0.0984375 0.0109375 0.0203125
0 0.95625 0.159375 0.0125 0.0328125
0 0.46953125 0.1015625 0.00625 0.009375
0 0.984375 0.16484375 0.0171875 0.0328125
0 0.37109375 0.08984375 0.0125 0.0296875
0 0.39375 0.0921875 0.00625 0.01875
0 0.68359375 0.128125 0.0125 0.0296875
0 0.25546875 0.078125 0.0109375 0.0203125
0 0.48984375 0.10703125 0.00625 0.009375
0 0.69453125 0.13203125 0.0125 0.0296875
0 0.91015625 0.15859375 0.0125 0.0296875
0 0.38203125 0.09375 0.00625 0.0140625
0 0.41171875 0.096875 0.00625 0.0140625
0 0.41640625 0.09765625 0.00625 0.0140625
0 0.78359375 0.14296875 0.0171875 0.0328125
0 0.8 0.14453125 0.0125 0.0296875
0 0.3890625 0.096875 0.00625 0.009375
0 0.52890625 0.1140625 0.00625 0.01875
0 0.10625 0.06171875 0.0171875 0.0328125
0 0.65703125 0.1296875 0.0125 0.025
0 0.76328125 0.14296875 0.0109375 0.0203125
0 0.34921875 0.09453125 0.0109375 0.0203125
0 0.42265625 0.103125 0.0109375 0.0203125
0 0.45078125 0.10703125 0.0109375 0.0203125
0 0.8203125 0.15234375 0.0125 0.0296875
0 0.8640625 0.1578125 0.0109375 0.0203125
0 0.7328125 0.14140625 0.0171875 0.0328125
0 0.56484375 0.1234375 0.015625 0.0203125
0 0.31953125 0.09296875 0.0109375 0.0203125
0 0.396875 0.10234375 0.0109375 0.015625
0 0.70703125 0.140625 0.0125 0.0328125
0 0.21484375 0.0828125 0.0171875 0.025
0 0.29375 0.0921875 0.0125 0.025
0 0.30546875 0.09375 0.00625 0.01875
0 0.5203125 0.1203125 0.0125 0.025
0 0.27421875 0.0921875 0.0171875 0.025
0 0.48359375 0.11796875 0.0109375 0.015625
0 0.63984375 0.13671875 0.0078125 0.0234375
0 0.18515625 0.08359375 0.00625 0.0140625
0 0.7109375 0.1484375 0.0125 0.0296875
0 0.84453125 0.1640625 0.0125 0.025
0 0.4375 0.1171875 0.0125 0.025
0 0.6078125 0.1375 0.0125 0.0296875
0 0.834375 0.165625 0.0171875 0.0328125
0 0.30625 0.103125 0.00625 0.01875
0 0.38203125 0.1125 0.0125 0.0296875
0 0.46640625 0.125 0.0109375 0.0203125
0 0.61875 0.14375 0.0125 0.0296875
0 0.80703125 0.16953125 0.0125 0.0296875
0 0.97421875 0.18984375 0.01875 0.0375
0 0.5140625 0.13359375 0.00625 0.01875
0 0.6734375 0.153125 0.0109375 0.0203125
0 0.8640625 0.17890625 0.0171875 0.0328125
0 0.328125 0.1125 0.0078125 0.028125
0 0.5078125 0.13515625 0.0125 0.0296875
0 0.75390625 0.16484375 0.0171875 0.0328125
0 0.190625 0.0984375 0.015625 0.0203125
0 0.3484375 0.11796875 0.0109375 0.0203125
0 0.41953125 0.1265625 0.0125 0.0296875
0 0.18046875 0.09921875 0.0171875 0.0296875
0 0.203125 0.10234375 0.0171875 0.025
0 0.2953125 0.11328125 0.0109375 0.0203125
0 0.39140625 0.12578125 0.0125 0.0296875
0 0.40546875 0.12734375 0.0125 0.0296875
0 0.56953125 0.146875 0.0125 0.0296875
0 0.275 0.1109375 0.0125 0.0296875
0 0.334375 0.1203125 0.0171875 0.0296875
0 0.8515625 0.184375 0.0171875 0.0296875
0 0.37109375 0.12734375 0.0109375 0.015625
0 0.45546875 0.13828125 0.0125 0.0296875
0 0.9015625 0.19296875 0.0171875 0.0328125
0 0.4421875 0.13671875 0.0109375 0.0203125
0 0.56171875 0.15078125 0.0171875 0.0296875
0 0.10390625 0.09453125 0.0171875 0.0328125
0 0.315625 0.1234375 0.0234375 0.0390625
0 0.12734375 0.1 0.0171875 0.025
0 0.16796875 0.1046875 0.0171875 0.0296875
0 0.26484375 0.1171875 0.0171875 0.0328125
0 0.68671875 0.17578125 0.01875 0.0375
0 0.7671875 0.1859375 0.01875 0.0421875
0 0.22734375 0.12109375 0.0171875 0.0328125
0 0.62265625 0.16953125 0.01875 0.0375
0 0.1484375 0.1109375 0.0171875 0.0296875
0 0.0546875 0.10234375 0.0171875 0.0328125
0 0.196875 0.121875 0.0171875 0.0328125
0 0.94921875 0.21640625 0.025 0.0484375
0 0.28359375 0.1375 0.0171875 0.0296875
0 0.49296875 0.16328125 0.01875 0.0375
0 0.55703125 0.17109375 0.0109375 0.0203125
0 0.25390625 0.13359375 0.0171875 0.0328125
0 0.42578125 0.15703125 0.01875 0.0375
0 0.70078125 0.190625 0.0140625 0.0375
0 0.7171875 0.19296875 0.0234375 0.04375
0 0.884375 0.21328125 0.01875 0.0421875
0 0.63046875 0.18203125 0.0171875 0.0296875
0 0.1375 0.12421875 0.0171875 0.0328125
0 0.92578125 0.2234375 0.021875 0.034375
0 0.79453125 0.209375 0.0203125 0.046875
0 0.36015625 0.15625 0.0171875 0.0296875
0 0.48671875 0.171875 0.0171875 0.025
0 0.63515625 0.1921875 0.0125 0.0328125
0 0.3296875 0.15703125 0.01875 0.0375
0 0.5625 0.1859375 0.021875 0.0296875
0 0.24296875 0.14609375 0.0234375 0.0390625
0 0.16171875 0.14140625 0.01875 0.0375
0 0.08515625 0.13203125 0.0234375 0.04375
0 0.4046875 0.1734375 0.0234375 0.04375
0 0.071875 0.13515625 0.0140625 0.0375
0 0.99296875 0.2484375 0.0140625 0.04375
0 0.73515625 0.21640625 0.025 0.0484375
0 0.17890625 0.15078125 0.0234375 0.04375
0 0.6453125 0.21015625 0.0203125 0.046875
0 0.81328125 0.2328125 0.0234375 0.04375
0 0.47421875 0.19609375 0.021875 0.034375
0 0.1953125 0.16640625 0.0234375 0.04375
0 0.6671875 0.22421875 0.025 0.0484375
0 0.971875 0.26640625 0.034375 0.0578125
0 0.28046875 0.18203125 0.0234375 0.04375
0 0.55390625 0.21796875 0.0234375 0.0390625
0 0.37421875 0.19765625 0.0296875 0.053125
0 0.10703125 0.16796875 0.025 0.053125
0 0.453125 0.21640625 0.0296875 0.053125
0 0.9125 0.27265625 0.0265625 0.0671875
0 0.04375 0.16875 0.01875 0.0421875
0 0.228125 0.19140625 0.0296875 0.053125