0 0.6296875 0.28515625 0.0328125 0.0359375
0 0.05390625 0.37578125 0.0296875 0.0484375
0 0.38515625 0.32578125 0.0328125 0.0359375
0 0.44453125 0.31640625 0.0328125 0.0328125
0 0.86171875 0.253125 0.034375 0.0453125
0 0.34296875 0.3375 0.0359375 0.0546875
0 0.2453125 0.35546875 0.0390625 0.05
0 0.5546875 0.3109375 0.028125 0.040625
0 0.590625 0.30546875 0.0296875 0.0453125
0 0.090625 0.38671875 0.0328125 0.040625
0 0.49765625 0.32265625 0.025 0.04375
0 0.91015625 0.26171875 0.028125 0.040625
0 0.93359375 0.2625 0.028125 0.040625
0 0.84140625 0.28671875 0.0328125 0.040625
0 0.3296875 0.37421875 0.0296875 0.0453125
0 0.17265625 0.39921875 0.0375 0.0453125
0 0.78984375 0.30390625 0.040625 0.059375
0 0.38828125 0.371875 0.028125 0.03125
0 0.65859375 0.33203125 0.021875 0.0265625
0 0.7046875 0.32890625 0.025 0.0390625
0 0.53671875 0.025 0.028125 0.0359375
0 0.6328125 0.0125 0.028125 0.025
0 0.05 0.10234375 0.0234375 0.03125
0 0.6171875 0.35 0.0328125 0.040625
0 0.07109375 0.4390625 0.0296875 0.0453125
0 0.0140625 0.44765625 0.028125 0.0453125
0 0.571875 0.359375 0.0375 0.0453125
0 0.10546875 0.4359375 0.0296875 0.0484375
0 0.275 0.4140625 0.028125 0.040625
0 0.68359375 0.35625 0.0453125 0.0609375
0 0.01875 0.109375 0.028125 0.0359375
0 0.09375 0.09765625 0.0296875 0.0453125
0 0.7703125 0.0046875 0.025 0.009375
0 0.590625 0.02109375 0.028125 0.040625
0 0.9703125 0.33125 0.0234375 0.03125
0 0.00703125 0.48671875 0.0140625 0.0578125
0 0.34453125 0.43515625 0.0421875 0.06875
0 0.3390625 0.0609375 0.0328125 0.0359375
0 0.690625 0.0125 0.025 0.025
0 0.059375 0.4828125 0.0296875 0.0453125
0 0.37265625 0.43515625 0.0265625 0.0265625
0 0.175 0.08984375 0.028125 0.03125
0 0.40546875 0.053125 0.028125 0.040625
0 0.71640625 0.009375 0.0234375 0.01875
0 0.12421875 0.49375 0.0296875 0.0453125
0 0.25703125 0.475 0.0390625 0.05
0 0.1859375 0.48671875 0.0328125 0.040625
0 0.2890625 0.47265625 0.0375 0.040625
0 0.75390625 0.39921875 0.034375 0.05
0 0.13125 0.09609375 0.0234375 0.03125
0 0.28515625 0.0765625 0.028125 0.0359375
0 0.11484375 0.5421875 0.0375 0.0453125
0 0.5734375 0.471875 0.0359375 0.0546875
0 0.6234375 0.4640625 0.0328125 0.040625
0 0.178125 0.5390625 0.034375 0.0453125
0 0.978125 0.41484375 0.025 0.0484375
0 0.06015625 0.5625 0.0296875 0.0484375
0 0.52265625 0.49140625 0.0359375 0.0546875
0 0.25078125 0.53984375 0.028125 0.040625
0 0.9234375 0.43515625 0.034375 0.0453125
0 0.025 0.57734375 0.0359375 0.0546875
0 0.4484375 0.053125 0.0328125 0.0328125
0 0.809375 0.4578125 0.028125 0.040625
0 0.87734375 0.4546875 0.0296875 0.0453125
0 0.77109375 0.48046875 0.0296875 0.0453125
0 0.15703125 0.61015625 0.0421875 0.046875
0 0.08671875 0.6265625 0.034375 0.0453125
0 0.90546875 0.496875 0.0296875 0.0453125
0 0.459375 0.56953125 0.0390625 0.0546875
0 0.8390625 0.509375 0.0390625 0.0546875
0 0.28046875 0.60546875 0.0375 0.0453125
0 0.60234375 0.55390625 0.0390625 0.05
0 0.39921875 0.58671875 0.0375 0.0453125
0 0.0265625 0.6453125 0.025 0.04375
0 0.534375 0.56484375 0.0375 0.0453125
0 0.64609375 0.54921875 0.028125 0.0359375
0 0.2234375 0.61640625 0.0375 0.0453125
0 0.76015625 0.53125 0.0328125 0.040625
0 0.975 0.5203125 0.0359375 0.059375
0 0.56171875 0.04453125 0.028125 0.040625
0 0.190625 0.678125 0.0359375 0.0546875
0 0.11484375 0.69921875 0.034375 0.05
0 0.13515625 0.70078125 0.03125 0.0578125
0 0.26328125 0.68046875 0.05 0.0609375
0 0.3140625 0.675 0.028125 0.040625
0 0.5453125 0.63828125 0.025 0.04375
0 0.92890625 0.57734375 0.034375 0.05
0 0.43125 0.65859375 0.0296875 0.0484375
0 0.071875 0.715625 0.0390625 0.0546875
0 0.56875 0.63671875 0.03125 0.0578125
0 0.98125 0.5765625 0.0375 0.0453125
0 0.29296875 0.68515625 0.025 0.0390625
0 0.80078125 0.6046875 0.0390625 0.0546875
0 0.2390625 0.6984375 0.0296875 0.0484375
0 0.6453125 0.634375 0.03125 0.0578125
0 0.85859375 0.60234375 0.0390625 0.0546875
0 0.52890625 0.6546875 0.0359375 0.059375
0 0.60546875 0.64453125 0.05 0.065625
0 0.4578125 0.6796875 0.0296875 0.0484375
0 0.20078125 0.11875 0.028125 0.03125
0 0.63359375 0.05234375 0.0328125 0.040625
0 0.7859375 0.028125 0.0296875 0.0453125
0 0.26953125 0.03984375 0.0265625 0.021875
0 0.178125 0.12734375 0.0328125 0.0359375
0 0.51484375 0.0734375 0.028125 0.0359375
0 0.11875 0.13671875 0.028125 0.0359375
0 0.7453125 0.0375 0.0328125 0.0328125
0 0.91875 0.01484375 0.015625 0.0296875
0 0.33671875 0.10390625 0.028125 0.0359375
0 0.2546875 0.1171875 0.028125 0.040625
0 0.29765625 0.11015625 0.0328125 0.040625
0 0.590625 0.06875 0.0328125 0.0328125
0 0.7109375 0.05234375 0.028125 0.0359375
0 0.47421875 0.08984375 0.0296875 0.0453125
0 0.42734375 0.09921875 0.028125 0.0359375
0 0.3953125 0.10625 0.034375 0.0453125
0 0.0140625 0.17890625 0.028125 0.0453125
0 0.84609375 0.0515625 0.0234375 0.034375
0 0.47109375 0.01171875 0.0265625 0.0234375
0 0.165625 0.16875 0.028125 0.03125
0 0.65390625 0.09140625 0.028125 0.040625
0 0.765625 0.0734375 0.028125 0.040625
0 0.20078125 0.165625 0.028125 0.03125
0 0.3265625 0.1453125 0.028125 0.040625
0 0.2921875 0.15078125 0.03125 0.028125
0 0.60078125 0.1046875 0.028125 0.03125
0 0.15859375 0.06171875 0.0328125 0.0328125
0 0.1953125 0.05625 0.0328125 0.0328125
0 0.23203125 0.05078125 0.0328125 0.0328125
0 0.7203125 0.08984375 0.025 0.0390625
0 0.5453125 0.00703125 0.021875 0.0140625
0 0.4609375 0.1359375 0.028125 0.0359375
0 0.36484375 0.1515625 0.0296875 0.0453125
0 0.3953125 0.14609375 0.028125 0.0359375
0 0.509375 0.13046875 0.0234375 0.034375
0 0.575 0.00546875 0.028125 0.0109375
0 0.89453125 0.0765625 0.0328125 0.040625
0 0.1328125 0.209375 0.028125 0.040625
0 0.08046875 0.21953125 0.0234375 0.034375
0 0.03046875 0.22734375 0.028125 0.040625
0 0.19921875 0.2 0.028125 0.040625
0 0.26875 0.1921875 0.0375 0.040625
0 0.49453125 0.15625 0.025 0.0390625
0 0.8453125 0.103125 0.025 0.0390625
0 0.646875 0.13671875 0.0296875 0.0484375
0 0.7796875 0.11796875 0.0328125 0.040625
0 0.3859375 0.03046875 0.028125 0.040625
0 0.49921875 0.01484375 0.0328125 0.0296875
0 0.7328125 0.13515625 0.025 0.0390625
0 0.69296875 0.1484375 0.0328125 0.0359375
0 0.425 0.025 0.028125 0.0359375
0 0.62265625 0.16640625 0.028125 0.0359375
0 0.9328125 0.12421875 0.03125 0.0578125
0 0.078125 0.2625 0.0296875 0.0453125
0 0.45546875 0.2046875 0.0296875 0.0453125
0 0.0328125 0.27421875 0.025 0.04375
0 0.1203125 0.2625 0.028125 0.040625
0 0.1546875 0.25703125 0.028125 0.040625
0 0.74921875 0.165625 0.025 0.0390625
0 0.32890625 0.23203125 0.0375 0.040625
0 0.409375 0.221875 0.0375 0.0453125
0 0.20546875 0.25390625 0.028125 0.0359375
0 0.24609375 0.24765625 0.0171875 0.0203125
0 0.553125 0.19921875 0.0234375 0.034375
0 0.8640625 0.15234375 0.028125 0.040625
0 0.35859375 0.0375 0.0328125 0.040625
0 0.8046875 0.1640625 0.0234375 0.034375
0 0.70703125 0.17890625 0.028125 0.040625
0 0.66015625 0.190625 0.025 0.0390625
0 0.603125 0.2 0.028125 0.0359375
0 0.28515625 0.25234375 0.0265625 0.0265625
0 0.3671875 0.24140625 0.028125 0.040625
0 0.009375 0.31796875 0.01875 0.0453125
0 0.0375 0.315625 0.028125 0.040625
0 0.8046875 0.19375 0.0296875 0.0453125
0 0.85859375 0.1875 0.028125 0.040625
0 0.25703125 0.28515625 0.028125 0.0359375
0 0.1796875 0.29765625 0.0328125 0.040625
0 0.74453125 0.21015625 0.025 0.04375
0 0.11015625 0.315625 0.0296875 0.0453125
0 0.478125 0.2578125 0.0296875 0.0453125
0 0.4421875 0.26796875 0.0296875 0.0453125
0 0.65234375 0.234375 0.028125 0.03125
0 0.6046875 0.24453125 0.028125 0.040625
0 0.29140625 0.29375 0.028125 0.040625
0 0.5640625 0.253125 0.0296875 0.0453125
0 0.6921875 0.2328125 0.0375 0.0453125
0 0.528125 0.26171875 0.0296875 0.0453125
0 0.9203125 0.22421875 0.0234375 0.034375
0 0.0125 0.375 0.025 0.040625
0 0.74140625 0.2625 0.028125 0.040625
0 0.80546875 0.25234375 0.0296875 0.0453125
0 0.1890625 0.35234375 0.034375 0.05