0 0.72890625 0.09609375 0.0203125 0.0296875
0 0.3984375 0.115625 0.0203125 0.025
0 0.3484375 0.12578125 0.0203125 0.0296875
0 0.15390625 0.140625 0.015625 0.0234375
0 0.83125 0.10703125 0.015625 0.01875
0 0.009375 0.15390625 0.01875 0.0203125
0 0.41484375 0.01796875 0.015625 0.01875
0 0.740625 0.0046875 0.015625 0.009375
0 0.38828125 0.1421875 0.0203125 0.0203125
0 0.5875 0.13671875 0.0203125 0.0296875
0 0.0609375 0.1640625 0.025 0.0328125
0 0.775 0.12890625 0.0203125 0.0296875
0 0.13046875 0.16484375 0.00625 0.01875
0 0.678125 0.13828125 0.0203125 0.0375
0 0.69921875 0.1421875 0.0203125 0.0203125
0 0.9 0.13203125 0.0203125 0.025
0 0.21796875 0.16953125 0.015625 0.0234375
0 0.37109375 0.16171875 0.015625 0.0234375
0 0.31796875 0.16640625 0.0203125 0.0203125
0 0.04765625 0.1828125 0.025 0.0328125
0 0.246875 0.171875 0.015625 0.01875
0 0.18671875 0.17734375 0.0203125 0.0296875
0 0.56875 0.1671875 0.0203125 0.0328125
0 0.51953125 0.171875 0.0203125 0.0296875
0 0.59375 0.1703125 0.0203125 0.0296875
0 0.09453125 0.19921875 0.015625 0.0328125
0 0.12265625 0.19765625 0.015625 0.01875
0 0.00625 0.20625 0.0125 0.01875
0 0.82578125 0.165625 0.0203125 0.025
0 0.13671875 0.2015625 0.0203125 0.0296875
0 0.74453125 0.16953125 0.0203125 0.0296875
0 0.9546875 0.1609375 0.0203125 0.0296875
0 0.225 0.0328125 0.0140625 0.009375
0 0.01640625 0.21484375 0.015625 0.01875
0 0.27109375 0.20390625 0.0203125 0.0296875
0 0.865625 0.175 0.0203125 0.0296875
0 0.325 0.20546875 0.015625 0.028125
0 0.190625 0.03671875 0.0109375 0.01875
0 0.2203125 0.215625 0.015625 0.028125
0 0.4796875 0.20234375 0.015625 0.028125
0 0.91640625 0.18203125 0.0203125 0.0296875
0 0.6953125 0.19296875 0.0203125 0.0296875
0 0.43359375 0.20703125 0.0203125 0.0296875
0 0.83671875 0.0046875 0.0140625 0.009375
0 0.440625 0.0234375 0.0109375 0.01875
0 0.5015625 0.21015625 0.015625 0.01875
0 0.01640625 0.23828125 0.0203125 0.0296875
0 0.75625 0.2078125 0.015625 0.0234375
0 0.51171875 0.228125 0.025 0.0328125
0 0.25546875 0.0359375 0.0109375 0.01875
0 0.1 0.24921875 0.0203125 0.0328125
0 0.18125 0.2546875 0.015625 0.0234375
0 0.2484375 0.25078125 0.015625 0.0234375
0 0.82890625 0.2203125 0.015625 0.01875
0 0.94296875 0.00390625 0.0140625 0.0078125
0 0.96171875 0.00390625 0.0140625 0.0078125
0 0.14453125 0.04375 0.015625 0.01875
0 0.17734375 0.0421875 0.015625 0.01875
0 0.80546875 0.2265625 0.015625 0.01875
0 0.12109375 0.2625 0.015625 0.0234375
0 0.72265625 0.23359375 0.0203125 0.025
0 0.26015625 0.26015625 0.0203125 0.025
0 0.60703125 0.24609375 0.0203125 0.0296875
0 0.89609375 0.23359375 0.0203125 0.0328125
0 0.6421875 0.24921875 0.0203125 0.0328125
0 0.27421875 0.26875 0.015625 0.0234375
0 0.93359375 0.2359375 0.025 0.0421875
0 0.5734375 0.2578125 0.0296875 0.0375
0 0.953125 0.00390625 0.009375 0.0078125
0 0.2046875 0.04296875 0.015625 0.01875
0 0.38515625 0.03359375 0.009375 0.009375
0 0.2171875 0.2765625 0.015625 0.01875
0 0.26953125 0.03984375 0.0140625 0.0140625
0 0.46796875 0.02890625 0.009375 0.009375
0 0.83046875 0.0109375 0.0109375 0.021875
0 0.384375 0.27890625 0.0203125 0.025
0 0.81171875 0.25703125 0.015625 0.01875
0 0.228125 0.04140625 0.015625 0.01875
0 0.884375 0.26171875 0.0203125 0.0296875
0 0.659375 0.27578125 0.025 0.0421875
0 0.7078125 0.2734375 0.0203125 0.0296875
0 0.31796875 0.29609375 0.0203125 0.025
0 0.121875 0.30859375 0.0203125 0.0296875
0 0.43125 0.29453125 0.025 0.0296875
0 0.11015625 0.31171875 0.0203125 0.0203125
0 0.81953125 0.01328125 0.009375 0.0140625
0 0.8015625 0.27734375 0.025 0.0296875
0 0.84296875 0.27578125 0.0203125 0.0296875
0 0.90703125 0.271875 0.0203125 0.0296875
0 0.3484375 0.30390625 0.025 0.025
0 0.9265625 0.2734375 0.0203125 0.0328125
0 0.36953125 0.3046875 0.015625 0.0234375
0 0.21640625 0.315625 0.0203125 0.0296875
0 0.75078125 0.2875 0.025 0.0296875
0 0.39921875 0.03515625 0.015625 0.01875
0 0.7828125 0.28828125 0.015625 0.0234375
0 0.81796875 0.28828125 0.0203125 0.0328125
0 0.4734375 0.31328125 0.015625 0.0328125
0 0.2984375 0.325 0.0203125 0.025
0 0.96875 0.2921875 0.0203125 0.025
0 0.45390625 0.321875 0.025 0.025
0 0.49296875 0.32421875 0.0203125 0.0328125
0 0.23203125 0.33828125 0.0203125 0.0328125
0 0.58359375 0.31953125 0.015625 0.0234375
0 0.75 0.315625 0.0203125 0.025
0 0.68359375 0.3234375 0.025 0.0375
0 0.1171875 0.0515625 0.015625 0.01875
0 0.42734375 0.03515625 0.015625 0.01875
0 0.040625 0.05546875 0.0109375 0.0234375
0 0.1078125 0.35625 0.0203125 0.0328125
0 0.2734375 0.34765625 0.0203125 0.0203125
0 0.403125 0.340625 0.0203125 0.025
0 0.53046875 0.33671875 0.015625 0.0234375
0 0.31328125 0.34765625 0.025 0.0328125
0 0.76953125 0.3265625 0.0109375 0.0234375
0 0.62109375 0.334375 0.0203125 0.0328125
0 0.353125 0.35078125 0.025 0.0328125
0 0.51953125 0.34140625 0.0203125 0.0296875
0 0.45703125 0.0359375 0.0109375 0.01875
0 0.9265625 0.01171875 0.015625 0.01875
0 0.4390625 0.03671875 0.015625 0.01875
0 0.70703125 0.3359375 0.0203125 0.0328125
0 0.19609375 0.3625 0.0296875 0.0328125
0 0.48984375 0.3515625 0.0203125 0.0296875
0 0.6078125 0.03046875 0.0203125 0.0296875
0 0.26640625 0.36796875 0.025 0.025
0 0.053125 0.3796875 0.0203125 0.0375
0 0.63828125 0.3484375 0.0203125 0.025
0 0.603125 0.353125 0.0203125 0.0328125
0 0.0078125 0.38671875 0.015625 0.0328125
0 0.4515625 0.36328125 0.025 0.0421875
0 0.09453125 0.38203125 0.025 0.0296875
0 0.4234375 0.3671875 0.025 0.0296875
0 0.96171875 0.34140625 0.0203125 0.025
0 0.90546875 0.01484375 0.0046875 0.009375
0 0.4734375 0.0375 0.0140625 0.0140625
0 0.52890625 0.034375 0.015625 0.01875
0 0.6328125 0.02890625 0.0203125 0.025
0 0.7546875 0.3546875 0.0203125 0.0375
0 0.8125 0.35625 0.0203125 0.0296875
0 0.5546875 0.03359375 0.015625 0.01875
0 0.153125 0.3953125 0.0203125 0.0328125
0 0.55390625 0.37421875 0.015625 0.01875
0 0.03828125 0.40390625 0.0203125 0.0296875
0 0.2578125 0.3921875 0.025 0.0375
0 0.50546875 0.37890625 0.0203125 0.0296875
0 0.8984375 0.3609375 0.0203125 0.0375
0 0.63515625 0.37734375 0.025 0.0328125
0 0.2140625 0.39921875 0.0296875 0.0375
0 0.29296875 0.04921875 0.015625 0.01875
0 0.08828125 0.41484375 0.025 0.0375
0 0.125 0.415625 0.0296875 0.0375
0 0.68203125 0.38671875 0.0296875 0.025
0 0.55 0.39296875 0.0203125 0.0328125
0 0.4875 0.0390625 0.0203125 0.0203125
0 0.91328125 0.37890625 0.025 0.0375
0 0.97109375 0.378125 0.025 0.0375
0 0.284375 0.4140625 0.025 0.0328125
0 0.77890625 0.3921875 0.025 0.0421875
0 0.35390625 0.41484375 0.0203125 0.0375
0 0.38125 0.046875 0.015625 0.01875
0 0.40703125 0.41640625 0.0203125 0.0328125
0 0.0109375 0.43984375 0.021875 0.0328125
0 0.1671875 0.43125 0.0296875 0.0421875
0 0.8703125 0.39453125 0.0265625 0.046875
0 0.04453125 0.4375 0.0296875 0.0375
0 0.8125 0.40234375 0.025 0.0375
0 0.19609375 0.05703125 0.0140625 0.0140625
0 0.3203125 0.428125 0.034375 0.04375
0 0.75 0.40546875 0.025 0.0296875
0 0.49140625 0.41875 0.03125 0.046875
0 0.58671875 0.41640625 0.025 0.025
0 0.671875 0.4140625 0.025 0.0375
0 0.8046875 0.02734375 0.0109375 0.01875
0 0.83671875 0.41953125 0.0203125 0.025
0 0.78828125 0.028125 0.015625 0.028125
0 0.915625 0.02109375 0.0109375 0.01875
0 0.578125 0.4453125 0.025 0.0421875
0 0.17109375 0.0625 0.0109375 0.01875
0 0.24140625 0.47421875 0.0296875 0.0328125
0 0.98359375 0.4359375 0.0203125 0.0421875
0 0.74296875 0.45078125 0.0296875 0.0421875
0 0.6484375 0.4578125 0.0265625 0.046875
0 0.34765625 0.47578125 0.025 0.0375
0 0.93046875 0.4453125 0.0296875 0.0375
0 0.83828125 0.45 0.0296875 0.0375
0 0.78125 0.0328125 0.015625 0.01875
0 0.6765625 0.46484375 0.03125 0.046875
0 0.26328125 0.06015625 0.0203125 0.0203125
0 0.51796875 0.046875 0.015625 0.0234375
0 0.01640625 0.50859375 0.025 0.0421875
0 0.5625 0.04453125 0.015625 0.0234375
0 0.2890625 0.50625 0.015625 0.0234375
0 0.7578125 0.03671875 0.0203125 0.025
0 0.825 0.0328125 0.0140625 0.0140625
0 0.06328125 0.0734375 0.0203125 0.0296875
0 0.8390625 0.03203125 0.0109375 0.01875
0 0.16171875 0.06796875 0.0109375 0.01875
0 0.6640625 0.04140625 0.015625 0.0234375
0 0.0734375 0.54375 0.0296875 0.0328125
0 0.12421875 0.54296875 0.025 0.0421875
0 0.92734375 0.03046875 0.0109375 0.01875
0 0.4765625 0.05390625 0.0109375 0.01875
0 0.9640625 0.028125 0.015625 0.0234375
0 0.23359375 0.06640625 0.015625 0.0234375
0 0.375 0.54765625 0.025 0.0421875
0 0.8140625 0.0359375 0.0109375 0.01875
0 0.8703125 0.03515625 0.015625 0.01875
0 0.5140625 0.5453125 0.03125 0.046875
0 0.85859375 0.0359375 0.015625 0.0234375
0 0.88203125 0.03515625 0.009375 0.0140625
0 0.5046875 0.0546875 0.015625 0.01875
0 0.703125 0.04453125 0.0203125 0.025
0 0.0109375 0.5859375 0.015625 0.0421875
0 0.59375 0.56015625 0.034375 0.053125
0 0.7765625 0.5578125 0.03125 0.046875
0 0.93515625 0.034375 0.0203125 0.0296875
0 0.4578125 0.059375 0.0203125 0.025
0 0.6296875 0.05078125 0.015625 0.01875
0 0.18984375 0.59296875 0.034375 0.04375
0 0.7125 0.56796875 0.0296875 0.0421875
0 0.64296875 0.571875 0.0296875 0.0375
0 0.27578125 0.6 0.025 0.0421875
0 0.2921875 0.0703125 0.0203125 0.0296875
0 0.08984375 0.6234375 0.025 0.0375
0 0.128125 0.62109375 0.034375 0.04375
0 0.6015625 0.05390625 0.015625 0.0328125
0 0.74296875 0.046875 0.015625 0.0234375
0 0.85859375 0.5875 0.034375 0.053125
0 0.028125 0.08671875 0.0203125 0.025
0 0.45625 0.6296875 0.025 0.0375
0 0.284375 0.01796875 0.0140625 0.0140625
0 0.48828125 0.00703125 0.009375 0.0140625
0 0.68984375 0.0515625 0.0140625 0.0140625
0 0.13046875 0.08125 0.015625 0.0234375
0 0.92265625 0.61015625 0.034375 0.0484375
0 0.01953125 0.66171875 0.0265625 0.046875
0 0.31953125 0.64609375 0.034375 0.053125
0 0.4453125 0.0671875 0.015625 0.0234375
0 0.53046875 0.0625 0.0203125 0.0203125
0 0.109375 0.084375 0.015625 0.0234375
0 0.646875 0.64765625 0.034375 0.04375
0 0.90234375 0.04296875 0.009375 0.0140625
0 0.95078125 0.040625 0.015625 0.028125
0 0.36953125 0.67109375 0.034375 0.0484375
0 0.54765625 0.66875 0.03125 0.046875
0 0.178125 0.690625 0.034375 0.04375
0 0.2234375 0.6953125 0.03125 0.046875
0 0.7546875 0.66953125 0.034375 0.0484375
0 0.815625 0.68046875 0.0390625 0.053125
0 0.184375 0.08515625 0.0203125 0.0296875
0 0.05078125 0.73515625 0.03125 0.046875
0 0.95546875 0.69453125 0.034375 0.053125
0 0.634375 0.7171875 0.0296875 0.0421875
0 0.3015625 0.74453125 0.0296875 0.0421875
0 0.6859375 0.72890625 0.0296875 0.0421875
0 0.325 0.0828125 0.0203125 0.0296875
0 0.884375 0.053125 0.015625 0.0234375
0 0.09453125 0.7671875 0.034375 0.0484375
0 0.3515625 0.76015625 0.0296875 0.0421875
0 0.83125 0.05859375 0.0203125 0.0328125
0 0.17578125 0.78359375 0.0296875 0.0375
0 0.24296875 0.78046875 0.0296875 0.0375
0 0.5765625 0.7671875 0.034375 0.053125
0 0.79453125 0.06015625 0.0203125 0.025
0 0.97265625 0.75390625 0.021875 0.046875
0 0.740625 0.765625 0.034375 0.053125
0 0.3921875 0.790625 0.03125 0.046875
0 0.86875 0.77265625 0.0390625 0.053125
0 0.48515625 0.07890625 0.0140625 0.0140625
0 0.79921875 0.78046875 0.034375 0.053125
0 0.6359375 0.7984375 0.034375 0.053125
0 0.43984375 0.8140625 0.03125 0.046875
0 0.70390625 0.80703125 0.0390625 0.0484375
0 0.29140625 0.01953125 0.015625 0.01875
0 0.36328125 0.015625 0.015625 0.01875
0 0.58984375 0.00703125 0.0203125 0.0140625
0 0.071875 0.865625 0.0375 0.0296875
0 0.2453125 0.85859375 0.03125 0.046875
0 0.49921875 0.8453125 0.03125 0.0515625
0 0.31484375 0.86171875 0.03125 0.05625
0 0.034375 0.11015625 0.009375 0.0140625
0 0.53984375 0.8640625 0.0390625 0.04375
0 0.9453125 0.859375 0.0390625 0.0484375
0 0.834375 0.86484375 0.034375 0.04375
0 0.99609375 0.85859375 0.0078125 0.0328125
0 0.60859375 0.8859375 0.0421875 0.0296875
0 0.75390625 0.88359375 0.0296875 0.0203125
0 0.4140625 0.0984375 0.0203125 0.0203125
0 0.68515625 0.0890625 0.0203125 0.025
0 0.62265625 0.09453125 0.0203125 0.0296875
0 0.59453125 0.09609375 0.0203125 0.0328125
0 0.640625 0.09375 0.0203125 0.0296875
0 0.00625 0.12890625 0.0125 0.0140625