0 0.76953125 0.46328125 0.0203125 0.0296875
0 0.59375 0.45546875 0.021875 0.0375
0 0.66640625 0.4703125 0.0203125 0.025
0 0.740625 0.47734375 0.0203125 0.0328125
0 0.484375 0.459375 0.0203125 0.025
0 0.83984375 0.48671875 0.009375 0.009375
0 0.8140625 0.48984375 0.0109375 0.0140625
0 0.640625 0.4796875 0.0109375 0.0140625
0 0.7953125 0.48984375 0.0109375 0.0140625
0 0.82578125 0.4921875 0.0203125 0.0328125
0 0.45625 0.46875 0.021875 0.0375
0 0.5296875 0.47421875 0.0203125 0.0328125
0 0.50859375 0.475 0.00625 0.0140625
0 0.71953125 0.48984375 0.021875 0.0375
0 0.75625 0.4921875 0.021875 0.0375
0 0.79921875 0.4953125 0.0046875 0.009375
0 0.85703125 0.49921875 0.009375 0.009375
0 0.2109375 0.45390625 0.00625 0.0140625
0 0.29375 0.459375 0.0109375 0.01875
0 0.684375 0.48671875 0.00625 0.0140625
0 0.8390625 0.49765625 0.009375 0.009375
0 0.1828125 0.4546875 0.0203125 0.0328125
0 0.35859375 0.46640625 0.015625 0.025
0 0.70234375 0.490625 0.0046875 0.009375
0 0.80390625 0.49765625 0.009375 0.009375
0 0.9015625 0.5046875 0.00625 0.0140625
0 0.33046875 0.4671875 0.0203125 0.0328125
0 0.425 0.4734375 0.0265625 0.0375
0 0.7828125 0.4984375 0.009375 0.009375
0 0.93125 0.509375 0.00625 0.0140625
0 0.309375 0.465625 0.0109375 0.01875
0 0.6953125 0.4921875 0.0046875 0.009375
0 0.878125 0.50546875 0.00625 0.0140625
0 0.02109375 0.4453125 0.0109375 0.0140625
0 0.84140625 0.50234375 0.0046875 0.009375
0 0.85 0.503125 0.0109375 0.01875
0 0.14375 0.45625 0.00625 0.0140625
0 0.2015625 0.46015625 0.0046875 0.0046875
0 0.6234375 0.48984375 0.021875 0.0375
0 0.06953125 0.45078125 0.0109375 0.0140625
0 0.87578125 0.5078125 0.0109375 0.0140625
0 0.034375 0.45078125 0.0109375 0.0234375
0 0.49609375 0.48359375 0.0109375 0.01875
0 0.91171875 0.51484375 0.0203125 0.0328125
0 0.94453125 0.5171875 0.0109375 0.0140625
0 0.13125 0.46015625 0.0109375 0.0140625
0 0.36484375 0.4765625 0.015625 0.0296875
0 0.3859375 0.478125 0.025 0.0328125
0 0.1359375 0.4625 0.0109375 0.01875
0 0.228125 0.46953125 0.0203125 0.0328125
0 0.68984375 0.5015625 0.0109375 0.0140625
0 0.0828125 0.459375 0.0109375 0.0140625
0 0.6734375 0.503125 0.0265625 0.0421875
0 0.2421875 0.47265625 0.0109375 0.0140625
0 0.040625 0.45859375 0.0109375 0.01875
0 0.10078125 0.4625 0.015625 0.0203125
0 0.4796875 0.49140625 0.021875 0.0375
0 0.6484375 0.503125 0.021875 0.0375
0 0.890625 0.5203125 0.0109375 0.0140625
0 0.9734375 0.52578125 0.021875 0.0375
0 0.86953125 0.52109375 0.0109375 0.0140625
0 0.27421875 0.4796875 0.021875 0.0421875
0 0.59453125 0.5015625 0.0265625 0.0421875
0 0.69921875 0.509375 0.0109375 0.0140625
0 0.0546875 0.46640625 0.0046875 0.009375
0 0.86015625 0.52265625 0.0109375 0.0140625
0 0.21640625 0.48046875 0.00625 0.0140625
0 0.35390625 0.48984375 0.015625 0.0296875
0 0.70546875 0.5140625 0.0109375 0.0140625
0 0.88359375 0.5265625 0.0109375 0.01875
0 0.10703125 0.47265625 0.015625 0.0296875
0 0.1625 0.4765625 0.0265625 0.0515625
0 0.06328125 0.46953125 0.0109375 0.01875
0 0.92421875 0.53203125 0.015625 0.0296875
0 0.02421875 0.46875 0.0109375 0.0140625
0 0.07265625 0.475 0.0109375 0.0140625
0 0.8015625 0.528125 0.03125 0.053125
0 0.25859375 0.496875 0.0265625 0.0421875
0 0.0078125 0.48203125 0.015625 0.0515625
0 0.546875 0.521875 0.021875 0.0375
0 0.396875 0.5140625 0.0265625 0.0421875
0 0.8578125 0.553125 0.0203125 0.0328125
0 0.1765625 0.50546875 0.021875 0.0421875
0 0.41953125 0.52265625 0.0265625 0.0515625
0 0.1953125 0.5109375 0.021875 0.0375
0 0.0796875 0.503125 0.0265625 0.0421875
0 0.62421875 0.5828125 0.025 0.0328125
0 0.67109375 0.60546875 0.0203125 0.0328125