0 0.009375 0.096875 0.01875 0.071875
0 0.271875 0.47734375 0.0828125 0.140625
0 0.459375 0.4625 0.09375 0.15625
0 0.93203125 0.4265625 0.0765625 0.171875
0 0.11015625 0.0890625 0.0703125 0.1078125
0 0.97734375 0.46015625 0.0453125 0.2203125
0 0.78671875 0.48671875 0.078125 0.1359375
0 0.3890625 0.5484375 0.1015625 0.1828125
0 0.7046875 0.52265625 0.0890625 0.159375
0 0.11953125 0.60546875 0.096875 0.178125
0 0.5328125 0.56875 0.0578125 0.0796875
0 0.88359375 0.02890625 0.0328125 0.0578125
0 0.203125 0.09140625 0.0734375 0.13125
0 0.39453125 0.06875 0.0609375 0.1109375
0 0.834375 0.56015625 0.0515625 0.1
0 0.35546875 0.6265625 0.1109375 0.1796875
0 0.759375 0.621875 0.0953125 0.128125
0 0.81484375 0.61640625 0.0640625 0.1390625
0 0.44453125 0.6578125 0.071875 0.1625
0 0.2546875 0.090625 0.0578125 0.125
0 0.2078125 0.71015625 0.128125 0.228125
0 0.6625 0.6734375 0.1328125 0.2328125
0 0.08046875 0.73984375 0.134375 0.2421875
0 0.88671875 0.7015625 0.0875 0.1828125
0 0.846875 0.0578125 0.071875 0.115625
0 0.95546875 0.72265625 0.0890625 0.2859375
0 0.4234375 0.78984375 0.0625 0.1578125
0 0.5984375 0.7734375 0.078125 0.140625
0 0.3765625 0.81328125 0.103125 0.1921875
0 0.65703125 0.0625 0.0609375 0.1109375
0 0.91953125 0.04609375 0.0515625 0.0921875
0 0.8171875 0.81796875 0.1171875 0.2484375
0 0.0734375 0.91015625 0.084375 0.1796875
0 0.4890625 0.878125 0.096875 0.1828125
0 0.31328125 0.92734375 0.1078125 0.1453125
0 0.91171875 0.8734375 0.0953125 0.16875
0 0.7578125 0.89140625 0.1359375 0.16875
0 0.42109375 0.94140625 0.1234375 0.1171875
0 0.6015625 0.93828125 0.1296875 0.109375
0 0.18125 0.97421875 0.090625 0.0515625
0 0.29921875 0.11796875 0.0625 0.115625
0 0.04921875 0.146875 0.071875 0.121875
0 0.11328125 0.13984375 0.046875 0.0640625
0 0.63203125 0.09921875 0.065625 0.1484375
0 0.35546875 0.140625 0.075 0.1125
0 0.51640625 0.128125 0.08125 0.159375
0 0.4515625 0.1515625 0.053125 0.11875
0 0.15703125 0.1828125 0.04375 0.0734375
0 0.22890625 0.17734375 0.0546875 0.0828125
0 0.39453125 0.1625 0.0515625 0.1
0 0.75859375 0.13046875 0.0859375 0.1640625
0 0.01640625 0.215625 0.0328125 0.096875
0 0.6953125 0.14609375 0.0734375 0.13125
0 0.115625 0.209375 0.053125 0.0734375
0 0.9546875 0.13125 0.0375 0.21875
0 0.25390625 0.22109375 0.0453125 0.0453125
0 0.071875 0.23984375 0.0640625 0.0890625
0 0.60703125 0.190625 0.071875 0.1578125
0 0.90625 0.159375 0.078125 0.1359375
0 0.81328125 0.18359375 0.0609375 0.10625
0 0.5796875 0.22109375 0.0546875 0.0875
0 0.00625 0.28828125 0.0125 0.1140625
0 0.1203125 0.2765625 0.0421875 0.1
0 0.2015625 0.27265625 0.0609375 0.1484375
0 0.51640625 0.23984375 0.0609375 0.1109375
0 0.32421875 0.26953125 0.0640625 0.134375
0 0.4515625 0.2609375 0.0734375 0.1
0 0.5625 0.0265625 0.046875 0.053125
0 0.08515625 0.3203125 0.065625 0.1015625
0 0.1640625 0.31640625 0.08125 0.121875
0 0.44921875 0.31171875 0.0625 0.0796875
0 0.265625 0.33359375 0.078125 0.13125
0 0.65703125 0.2921875 0.0484375 0.0734375
0 0.7109375 0.0203125 0.0375 0.040625
0 0.90234375 0.27421875 0.0703125 0.1125
0 0.3828125 0.33359375 0.0765625 0.1578125
0 0.959375 0.28671875 0.04375 0.078125
0 0.05546875 0.409375 0.1 0.175
0 0.10625 0.40859375 0.0484375 0.078125
0 0.72109375 0.34609375 0.0921875 0.1875
0 0.78125 0.33984375 0.0671875 0.125
0 0.4671875 0.0453125 0.05625 0.090625
0 0.77109375 0.02890625 0.0609375 0.0578125
0 0.52578125 0.415625 0.0953125 0.2109375
0 0.3515625 0.43828125 0.0765625 0.121875
0 0.19765625 0.459375 0.0890625 0.15
0 0.6484375 0.41171875 0.065625 0.153125
0 0.8609375 0.39453125 0.1078125 0.2390625
0 0.6 0.43125 0.0859375 0.209375
0 0.01953125 0.4921875 0.0390625 0.1875