0 0.57421875 0.38359375 0.0171875 0.0171875
0 0.45703125 0.3578125 0.00625 0.009375
0 0.43671875 0.3609375 0.00625 0.009375
0 0.38515625 0.35 0.01875 0.0265625
0 0.44375 0.3625 0.0109375 0.0109375
0 0.5234375 0.3796875 0.0109375 0.0109375
0 0.48671875 0.37421875 0.00625 0.009375
0 0.48203125 0.3734375 0.00625 0.009375
0 0.5359375 0.38671875 0.0109375 0.0109375
0 0.47734375 0.37421875 0.0125 0.015625
0 0.4515625 0.36953125 0.0125 0.0203125
0 0.37421875 0.3546875 0.0125 0.015625
0 0.4671875 0.375 0.0125 0.015625
0 0.5515625 0.39296875 0.0109375 0.0109375
0 0.5671875 0.39609375 0.0078125 0.0140625
0 0.39921875 0.3625 0.0125 0.015625
0 0.41015625 0.36484375 0.0171875 0.021875
0 0.32890625 0.34765625 0.0125 0.015625
0 0.3703125 0.35625 0.0125 0.015625
0 0.42890625 0.36875 0.0171875 0.0171875
0 0.48984375 0.38203125 0.0125 0.015625
0 0.5046875 0.3875 0.00625 0.009375
0 0.33984375 0.35234375 0.0125 0.015625
0 0.6359375 0.415625 0.0125 0.015625
0 0.54296875 0.3984375 0.0125 0.0203125
0 0.41640625 0.37109375 0.0109375 0.0109375
0 0.590625 0.40859375 0.00625 0.009375
0 0.52265625 0.39375 0.0171875 0.021875
0 0.82109375 0.459375 0.0171875 0.0171875
0 0.64609375 0.425 0.0125 0.015625
0 0.5125 0.39609375 0.0125 0.015625
0 0.61015625 0.4171875 0.0171875 0.021875
0 0.4671875 0.38671875 0.0171875 0.0171875
0 0.575 0.4125 0.01875 0.0265625
0 0.3015625 0.35390625 0.028125 0.028125
0 0.79296875 0.45859375 0.01875 0.0265625
0 0.65703125 0.43203125 0.0171875 0.021875
0 0.36015625 0.36875 0.0296875 0.0359375
0 0.59765625 0.41953125 0.0125 0.015625
0 0.62421875 0.425 0.01875 0.0265625
0 0.68125 0.43671875 0.0109375 0.0109375
0 0.23984375 0.3453125 0.021875 0.021875
0 0.5625 0.41640625 0.0171875 0.0171875
0 0.784375 0.465625 0.01875 0.0265625
0 0.76640625 0.46171875 0.0171875 0.0171875
0 0.64140625 0.43515625 0.021875 0.0171875
0 0.321875 0.36953125 0.0234375 0.0265625
0 0.4328125 0.39296875 0.034375 0.0375
0 0.66640625 0.44296875 0.0125 0.015625
0 0.70234375 0.45 0.015625 0.0125
0 0.2859375 0.36171875 0.0234375 0.03125
0 0.396875 0.38515625 0.025 0.0359375
0 0.58671875 0.42578125 0.009375 0.0234375
0 0.88515625 0.49140625 0.01875 0.0265625
0 0.68828125 0.45 0.0125 0.015625
0 0.52734375 0.415625 0.0234375 0.0265625
0 0.67890625 0.44765625 0.0125 0.015625
0 0.81015625 0.478125 0.0234375 0.03125
0 0.18125 0.34453125 0.028125 0.028125
0 0.50859375 0.4140625 0.0234375 0.0265625
0 0.465625 0.4046875 0.0171875 0.021875
0 0.49921875 0.41171875 0.0234375 0.0265625
0 0.16171875 0.34296875 0.021875 0.021875
0 0.8609375 0.49140625 0.0375 0.0515625
0 0.0890625 0.32734375 0.178125 0.2984375
0 0.71875 0.4609375 0.01875 0.0265625
0 0.6296875 0.446875 0.0171875 0.021875
0 0.575 0.4375 0.0234375 0.03125
0 0.22421875 0.36328125 0.046875 0.0625
0 0.409375 0.40234375 0.01875 0.0265625
0 0.90546875 0.51015625 0.0234375 0.03125
0 0.2609375 0.37578125 0.0234375 0.03125
0 0.834375 0.49765625 0.0296875 0.0359375
0 0.30390625 0.38515625 0.0203125 0.0296875
0 0.471875 0.4203125 0.0171875 0.0171875
0 0.74609375 0.47890625 0.028125 0.053125
0 0.76796875 0.4859375 0.0234375 0.03125
0 0.6078125 0.459375 0.0234375 0.0265625
0 0.7078125 0.48046875 0.034375 0.0375
0 0.946875 0.5359375 0.028125 0.0328125
0 0.18671875 0.37890625 0.021875 0.021875
0 0.55703125 0.46484375 0.0296875 0.0359375
0 0.98046875 0.5546875 0.0375 0.0515625
0 0.16328125 0.38125 0.040625 0.046875
0 0.34375 0.421875 0.046875 0.0578125
0 0.27265625 0.41171875 0.03125 0.040625
0 0.7796875 0.521875 0.0328125 0.05
0 0.928125 0.56953125 0.0359375 0.046875
0 0.81171875 0.57109375 0.046875 0.0578125
0 0.47890625 0.5078125 0.14375 0.1640625
0 0.64375 0.5703125 0.15625 0.184375
0 0.96015625 0.6734375 0.0375 0.0953125
0 0.20234375 0.51953125 0.0796875 0.090625