0 0.0984375 0.275 0.0296875 0.0421875
0 0.04765625 0.28046875 0.034375 0.0390625
0 0.1390625 0.2828125 0.0296875 0.0328125
0 0.02734375 0.290625 0.0296875 0.0375
0 0.08203125 0.2953125 0.034375 0.034375
0 0.21484375 0.290625 0.0296875 0.0328125
0 0.1765625 0.296875 0.0296875 0.0296875
0 0.00703125 0.321875 0.0140625 0.046875
0 0.72890625 0.31640625 0.025 0.025
0 0.6390625 0.3234375 0.0203125 0.025
0 0.9671875 0.30625 0.015625 0.0234375
0 0.6671875 0.325 0.025 0.025
0 0.740625 0.32109375 0.0203125 0.0203125
0 0.00390625 0.371875 0.0078125 0.028125
0 0.840625 0.33125 0.015625 0.01875
0 0.55234375 0.35078125 0.0203125 0.0296875
0 0.496875 0.35625 0.0203125 0.025
0 0.59609375 0.35078125 0.025 0.025
0 0.684375 0.3484375 0.025 0.025
0 0.70546875 0.35 0.0203125 0.025
0 0.89765625 0.3421875 0.0203125 0.025
0 0.01953125 0.390625 0.0296875 0.0296875
0 0.58125 0.3609375 0.0203125 0.0203125
0 0.9109375 0.34609375 0.015625 0.0234375
0 0.92578125 0.34765625 0.01875 0.015625
0 0.525 0.36875 0.0109375 0.01875
0 0.4765625 0.3734375 0.0203125 0.0296875
0 0.91875 0.35078125 0.0109375 0.01875
0 0.5375 0.37265625 0.0203125 0.025
0 0.3640625 0.384375 0.025 0.0296875
0 0.49375 0.3796875 0.0203125 0.025
0 0.38515625 0.3875 0.025 0.025
0 0.7875 0.3671875 0.0203125 0.025
0 0.771875 0.36796875 0.015625 0.01875
0 0.85703125 0.365625 0.015625 0.01875
0 0.41328125 0.39140625 0.025 0.0328125
0 0.040625 0.4109375 0.0296875 0.0328125
0 0.81796875 0.36953125 0.015625 0.01875
0 0.2375 0.4 0.0390625 0.0484375
0 0.45078125 0.39140625 0.025 0.0328125
0 0.8734375 0.36953125 0.015625 0.01875
0 0.82734375 0.37421875 0.0203125 0.025
0 0.4296875 0.4 0.025 0.025
0 0.55 0.39296875 0.0203125 0.0296875
0 0.5984375 0.390625 0.0203125 0.0296875
0 0.5875 0.39140625 0.0296875 0.0328125
0 0.6171875 0.38984375 0.0203125 0.0203125
0 0.3484375 0.40625 0.0296875 0.0375
0 0.96640625 0.3765625 0.0203125 0.0328125
0 0.54296875 0.3984375 0.0296875 0.0328125
0 0.40234375 0.4140625 0.025 0.0328125
0 0.3109375 0.4265625 0.025 0.0328125
0 0.77578125 0.40859375 0.0203125 0.0296875
0 0.88203125 0.40546875 0.0203125 0.025
0 0.809375 0.4375 0.025 0.025
0 0.8609375 0.48359375 0.0203125 0.025
0 0.84296875 0.48671875 0.0203125 0.0328125
0 0.89140625 0.484375 0.0296875 0.0421875
0 0.98828125 0.48125 0.015625 0.0421875
0 0.81015625 0.4953125 0.0203125 0.0328125
0 0.9421875 0.4953125 0.025 0.0328125
0 0.76484375 0.50703125 0.0203125 0.0203125
0 0.9265625 0.50078125 0.034375 0.034375
0 0.9703125 0.50546875 0.0296875 0.0375
0 0.85078125 0.51875 0.0296875 0.0421875
0 0.7234375 0.52734375 0.0390625 0.034375
0 0.86953125 0.52421875 0.025 0.0375
0 0.80546875 0.53046875 0.0296875 0.0328125
0 0.89140625 0.53046875 0.034375 0.034375
0 0.75703125 0.5375 0.025 0.0328125
0 0.78046875 0.540625 0.04375 0.0484375
0 0.803125 0.5421875 0.025 0.0296875
0 0.546875 0.5625 0.0296875 0.0421875
0 0.42734375 0.58046875 0.0203125 0.0203125
0 0.99140625 0.553125 0.015625 0.0375
0 0.58515625 0.57421875 0.0296875 0.0296875
0 0.71953125 0.56953125 0.0484375 0.053125
0 0.890625 0.5609375 0.0328125 0.025
0 0.49765625 0.58359375 0.0296875 0.0375
0 0.47265625 0.59453125 0.025 0.0421875
0 0.96328125 0.57734375 0.0390625 0.053125
0 0.07109375 0.62421875 0.04375 0.0578125
0 0.80078125 0.5859375 0.04375 0.0578125
0 0.396875 0.60703125 0.04375 0.053125
0 0.20234375 0.61953125 0.04375 0.034375
0 0.42890625 0.61015625 0.025 0.0421875
0 0.121875 0.62890625 0.034375 0.04375
0 0.35546875 0.62109375 0.034375 0.04375
0 0.5703125 0.609375 0.034375 0.04375
0 0.65625 0.60546875 0.0390625 0.053125
0 0.88515625 0.6 0.05 0.0765625
0 0.62421875 0.6234375 0.0484375 0.053125
0 0.7703125 0.615625 0.05 0.071875
0 0.9296875 0.61171875 0.0546875 0.0671875
0 0.32265625 0.6484375 0.0390625 0.0625
0 0.109375 0.66171875 0.04375 0.034375
0 0.02734375 0.67109375 0.0375 0.0203125
0 0.2671875 0.65859375 0.04375 0.053125
0 0.203125 0.66640625 0.0640625 0.0765625
0 0.50078125 0.65078125 0.053125 0.04375
0 0.36484375 0.6734375 0.0484375 0.053125
0 0.5953125 0.67578125 0.06875 0.0921875
0 0.040625 0.70703125 0.04375 0.0625
0 0.09453125 0.71640625 0.0546875 0.0671875
0 0.309375 0.71640625 0.06875 0.0828125
0 0.5015625 0.715625 0.0703125 0.1046875
0 0.3796875 0.7734375 0.0984375 0.125
0 0.7828125 0.759375 0.0796875 0.1
0 0.27265625 0.8015625 0.0796875 0.11875
0 0.12421875 0.846875 0.1234375 0.1671875
0 0.953125 0.825 0.09375 0.10625