0 0.3390625 0.27421875 0.065625 0.04375
0 0.89296875 0.275 0.0765625 0.0625
0 0.43046875 0.29140625 0.0625 0.0484375
0 0.5765625 0.290625 0.0703125 0.04375
0 0.72265625 0.31640625 0.071875 0.053125
0 0.40546875 0.33203125 0.0703125 0.0390625
0 0.31875 0.3421875 0.065625 0.0390625
0 0.2609375 0.346875 0.090625 0.0578125
0 0.03359375 0.3546875 0.05625 0.034375
0 0.9 0.0203125 0.05625 0.0390625
0 0.6171875 0.34765625 0.0765625 0.0625
0 0.2890625 0.04140625 0.0515625 0.04375
0 0.39609375 0.371875 0.0703125 0.04375
0 0.30546875 0.3796875 0.0609375 0.0390625
0 0.96953125 0.021875 0.0203125 0.04375
0 0.20859375 0.046875 0.0578125 0.0484375
0 0.4671875 0.0375 0.0515625 0.0390625
0 0.58984375 0.0359375 0.0671875 0.0484375
0 0.11640625 0.4 0.0765625 0.053125
0 0.72734375 0.38359375 0.0859375 0.0671875
0 0.9703125 0.38203125 0.053125 0.0484375
0 0.46875 0.41015625 0.08125 0.053125
0 0.2890625 0.43515625 0.0796875 0.0484375
0 0.17578125 0.44140625 0.0859375 0.053125
0 0.678125 0.0375 0.05625 0.04375
0 0.03359375 0.45 0.0671875 0.0625
0 0.88203125 0.42890625 0.0671875 0.053125
0 0.6328125 0.4421875 0.0625 0.053125
0 0.55859375 0.446875 0.090625 0.0671875
0 0.72265625 0.4578125 0.0765625 0.0671875
0 0.5375 0.04453125 0.0625 0.0484375
0 0.809375 0.4796875 0.08125 0.071875
0 0.8203125 0.03671875 0.0515625 0.04375
0 0.93984375 0.48203125 0.0765625 0.0625
0 0.37734375 0.5109375 0.090625 0.053125
0 0.359375 0.05546875 0.0671875 0.053125
0 0.01171875 0.071875 0.0234375 0.046875
0 0.40546875 0.57265625 0.09375 0.05
0 0.6390625 0.56484375 0.071875 0.0671875
0 0.20703125 0.5890625 0.08125 0.0671875
0 0.040625 0.6109375 0.071875 0.0578125
0 0.9609375 0.5859375 0.078125 0.06875
0 0.425 0.615625 0.0953125 0.059375
0 0.078125 0.07734375 0.046875 0.0390625
0 0.678125 0.6421875 0.0765625 0.0671875
0 0.86953125 0.66328125 0.0953125 0.06875
0 0.03046875 0.70390625 0.046875 0.0390625
0 0.36796875 0.69453125 0.090625 0.0625
0 0.859375 0.05703125 0.05625 0.0390625
0 0.2203125 0.71171875 0.0953125 0.0640625
0 0.921875 0.0546875 0.0671875 0.0484375
0 0.72578125 0.0640625 0.0609375 0.034375
0 0.06875 0.75546875 0.0953125 0.059375
0 0.71484375 0.73359375 0.08125 0.0625
0 0.471875 0.74609375 0.090625 0.0671875
0 0.97578125 0.740625 0.0484375 0.08125
0 0.77890625 0.06640625 0.05625 0.0296875
0 0.328125 0.084375 0.0671875 0.053125
0 0.7328125 0.81875 0.0984375 0.0640625
0 0.02578125 0.84296875 0.0296875 0.0328125
0 0.2453125 0.84296875 0.1 0.0828125
0 0.4296875 0.0859375 0.0765625 0.0578125
0 0.09921875 0.89375 0.103125 0.0546875
0 0.025 0.89921875 0.025 0.0375
0 0.12265625 0.10390625 0.071875 0.0484375
0 0.490625 0.09296875 0.065625 0.0296875
0 0.18359375 0.925 0.1078125 0.06875
0 0.9203125 0.909375 0.1078125 0.06875
0 0.46015625 0.9578125 0.1125 0.0640625
0 0.6734375 0.96015625 0.0984375 0.0640625
0 0.23125 0.975 0.103125 0.05
0 0.71015625 0.09375 0.0703125 0.0390625
0 0.6203125 0.1015625 0.075 0.04375
0 0.1953125 0.11640625 0.0671875 0.0484375
0 0.43203125 0.0140625 0.0375 0.0203125
0 0.55625 0.11328125 0.046875 0.025
0 0.378125 0.11953125 0.046875 0.0296875
0 0.796875 0.10703125 0.0609375 0.034375
0 0.84765625 0.1078125 0.0515625 0.034375
0 0.89140625 0.0046875 0.0515625 0.009375
0 0.27890625 0.13515625 0.0609375 0.04375
0 0.83359375 0.00859375 0.0515625 0.0171875
0 0.02421875 0.14609375 0.0484375 0.0484375
0 0.48984375 0.13203125 0.0515625 0.0390625
0 0.10546875 0.1453125 0.0609375 0.034375
0 0.9203125 0.12421875 0.084375 0.0484375
0 0.36484375 0.02109375 0.0515625 0.034375
0 0.1828125 0.159375 0.084375 0.04375
0 0.56640625 0.1484375 0.075 0.04375
0 0.93671875 0.0078125 0.0328125 0.015625
0 0.04140625 0.16640625 0.0515625 0.025
0 0.69453125 0.1546875 0.0796875 0.04375
0 0.3890625 0.165625 0.0578125 0.0484375
0 0.09921875 0.178125 0.046875 0.0296875
0 0.1859375 0.19375 0.05625 0.0390625
0 0.27109375 0.19296875 0.0671875 0.053125
0 0.0828125 0.20859375 0.065625 0.04375
0 0.0359375 0.21328125 0.0703125 0.04375
0 0.12421875 0.2125 0.046875 0.0296875
0 0.75390625 0.19453125 0.0765625 0.053125
0 0.86953125 0.19296875 0.071875 0.053125
0 0.3515625 0.22265625 0.0515625 0.034375
0 0.4140625 0.225 0.0796875 0.0484375
0 0.71875 0.0203125 0.09375 0.040625
0 0.57421875 0.2234375 0.0671875 0.0484375
0 0.028125 0.25859375 0.05625 0.0515625
0 0.0390625 0.04140625 0.0515625 0.0390625
0 0.13515625 0.2578125 0.065625 0.04375
0 0.13203125 0.03828125 0.0671875 0.053125
0 0.93984375 0.234375 0.05625 0.04375