0 0.1734375 0.50703125 0.0125 0.015625
0 0.371875 0.4734375 0.00625 0.00625
0 0.38125 0.48125 0.0109375 0.0109375
0 0.36015625 0.48515625 0.0109375 0.0109375
0 0.42421875 0.475 0.00625 0.009375
0 0.40859375 0.48046875 0.00625 0.009375
0 0.459375 0.4703125 0.0109375 0.0109375
0 0.36796875 0.48828125 0.0109375 0.0109375
0 0.46796875 0.46875 0.00625 0.009375
0 0.45234375 0.471875 0.0109375 0.0109375
0 0.40234375 0.484375 0.00625 0.00625
0 0.3796875 0.48828125 0.00625 0.009375
0 0.3625 0.49609375 0.009375 0.00625
0 0.39453125 0.48984375 0.0109375 0.0109375
0 0.16484375 0.53671875 0.00625 0.009375
0 0.53125 0.46796875 0.00625 0.009375
0 0.4859375 0.4765625 0.00625 0.009375
0 0.50234375 0.4734375 0.00625 0.009375
0 0.425 0.490625 0.0109375 0.0109375
0 0.5359375 0.46875 0.00625 0.009375
0 0.55703125 0.46484375 0.00625 0.009375
0 0.57265625 0.46171875 0.00625 0.00625
0 0.184375 0.53984375 0.00625 0.00625
0 0.2640625 0.52421875 0.00625 0.009375
0 0.1640625 0.54375 0.00625 0.009375
0 0.1890625 0.5390625 0.00625 0.009375
0 0.4625 0.4859375 0.0109375 0.0109375
0 0.7640625 0.42734375 0.00625 0.00625
0 0.76875 0.4265625 0.00625 0.00625
0 0.1578125 0.5453125 0.00625 0.009375
0 0.18203125 0.540625 0.00625 0.00625
0 0.23515625 0.5328125 0.00625 0.00625
0 0.56953125 0.4671875 0.009375 0.00625
0 0.203125 0.53828125 0.00625 0.00625
0 0.196875 0.53984375 0.00625 0.00625
0 0.271875 0.525 0.00625 0.00625
0 0.5328125 0.4765625 0.00625 0.00625
0 0.54921875 0.4734375 0.00625 0.00625
0 0.22421875 0.53671875 0.00625 0.009375
0 0.75625 0.43359375 0.0109375 0.0109375
0 0.21796875 0.53828125 0.00625 0.009375
0 0.54453125 0.475 0.0109375 0.0109375
0 0.603125 0.46328125 0.0109375 0.0109375
0 0.61953125 0.46015625 0.0109375 0.0109375
0 0.16953125 0.55 0.00625 0.00625
0 0.7765625 0.43203125 0.00625 0.009375
0 0.2859375 0.52734375 0.00625 0.009375
0 0.58359375 0.46953125 0.00625 0.009375
0 0.596875 0.4671875 0.0109375 0.0109375
0 0.6109375 0.4640625 0.00625 0.00625
0 0.72890625 0.44140625 0.00625 0.009375
0 0.50859375 0.48359375 0.00625 0.009375
0 0.55390625 0.475 0.00625 0.009375
0 0.57734375 0.4703125 0.0078125 0.0140625
0 0.71328125 0.446875 0.0109375 0.0109375
0 0.184375 0.54921875 0.00625 0.009375
0 0.49296875 0.4890625 0.0109375 0.0109375
0 0.82265625 0.425 0.0109375 0.0109375
0 0.159375 0.55390625 0.00625 0.009375
0 0.1953125 0.546875 0.00625 0.009375
0 0.259375 0.53515625 0.00625 0.00625
0 0.525 0.4828125 0.0109375 0.0109375
0 0.540625 0.48046875 0.00625 0.009375
0 0.57265625 0.47421875 0.0109375 0.0109375
0 0.50546875 0.48984375 0.00625 0.009375
0 0.16640625 0.55546875 0.0109375 0.0109375
0 0.24375 0.540625 0.00625 0.00625
0 0.7484375 0.4421875 0.00625 0.009375
0 0.8140625 0.4296875 0.0109375 0.0109375
0 0.56640625 0.47734375 0.00625 0.009375
0 0.73984375 0.44609375 0.00625 0.00625
0 0.228125 0.54609375 0.0109375 0.0109375
0 0.76484375 0.44140625 0.0109375 0.0109375
0 0.78203125 0.43828125 0.0109375 0.0109375
0 0.84140625 0.4265625 0.0125 0.015625
0 0.74140625 0.44609375 0.00625 0.00625
0 0.2765625 0.53828125 0.00625 0.00625
0 0.3015625 0.53359375 0.0109375 0.0109375
0 0.48046875 0.49921875 0.00625 0.009375
0 0.50859375 0.49375 0.00625 0.009375
0 0.796875 0.4375 0.0125 0.015625
0 0.8265625 0.43203125 0.0109375 0.0109375
0 0.6078125 0.47421875 0.00625 0.009375
0 0.83359375 0.4328125 0.0125 0.015625
0 0.17421875 0.5609375 0.0125 0.015625
0 0.58359375 0.48125 0.0109375 0.0109375
0 0.18125 0.559375 0.0109375 0.0109375
0 0.22421875 0.5515625 0.0078125 0.0140625
0 0.2046875 0.55703125 0.0109375 0.0109375
0 0.725 0.45625 0.00625 0.009375
0 0.715625 0.4578125 0.0109375 0.0109375
0 0.75234375 0.45078125 0.0109375 0.0109375
0 0.68828125 0.46328125 0.0125 0.0203125
0 0.16171875 0.565625 0.00625 0.009375
0 0.16875 0.5671875 0.0109375 0.0109375
0 0.21875 0.55703125 0.0125 0.015625
0 0.61875 0.4796875 0.009375 0.00625
0 0.73671875 0.45625 0.0125 0.015625
0 0.1984375 0.5609375 0.0125 0.015625
0 0.2890625 0.54375 0.0109375 0.0109375
0 0.153125 0.571875 0.0109375 0.0109375
0 0.33046875 0.5375 0.0109375 0.0109375
0 0.32578125 0.53828125 0.0109375 0.0109375
0 0.14453125 0.57421875 0.00625 0.009375
0 0.228125 0.5578125 0.00625 0.009375
0 0.253125 0.553125 0.0109375 0.0109375
0 0.2390625 0.55546875 0.0078125 0.0140625
0 0.88125 0.4328125 0.0109375 0.0109375
0 0.1828125 0.56875 0.0109375 0.0109375
0 0.26484375 0.553125 0.0125 0.015625
0 0.28125 0.55 0.0125 0.015625
0 0.3921875 0.528125 0.0125 0.015625
0 0.11953125 0.58125 0.0125 0.015625
0 0.1265625 0.5796875 0.0171875 0.0171875
0 0.20390625 0.56484375 0.0078125 0.0140625
0 0.24453125 0.55703125 0.00625 0.009375
0 0.9 0.434375 0.0125 0.0203125
0 0.1390625 0.58203125 0.0078125 0.0140625
0 0.22890625 0.56484375 0.00625 0.009375
0 0.1640625 0.57734375 0.0125 0.015625
0 0.19296875 0.571875 0.0078125 0.0140625
0 0.175 0.575 0.0125 0.015625
0 0.18671875 0.575 0.0125 0.015625
0 0.3 0.553125 0.0125 0.015625
0 0.3140625 0.55078125 0.0109375 0.0109375
0 0.3640625 0.54296875 0.0125 0.015625
0 0.346875 0.546875 0.00625 0.009375
0 0.21484375 0.571875 0.0171875 0.0203125
0 0.53984375 0.51171875 0.0171875 0.0203125
0 0.28828125 0.56015625 0.0171875 0.0171875
0 0.37421875 0.54375 0.0125 0.0203125
0 0.3765625 0.54296875 0.0125 0.015625
0 0.93828125 0.43671875 0.0171875 0.0203125
0 0.4171875 0.5375 0.0171875 0.0171875
0 0.4046875 0.53984375 0.0125 0.015625
0 0.25703125 0.57109375 0.0171875 0.0171875
0 0.159375 0.58984375 0.0171875 0.0203125
0 0.1203125 0.59765625 0.0171875 0.0203125
0 0.2390625 0.57734375 0.0125 0.0203125
0 0.3546875 0.5546875 0.0265625 0.0234375
0 0.28046875 0.56875 0.0125 0.015625
0 0.36640625 0.55234375 0.0171875 0.0203125
0 0.46953125 0.534375 0.0171875 0.0203125
0 0.3984375 0.5484375 0.0171875 0.0171875
0 0.1921875 0.590625 0.0171875 0.0203125
0 0.33984375 0.56171875 0.0234375 0.0265625
0 0.32734375 0.56875 0.0171875 0.0203125
0 0.1546875 0.6046875 0.0171875 0.0203125
0 0.403125 0.55859375 0.021875 0.021875
0 0.30703125 0.57734375 0.0171875 0.0171875
0 0.43671875 0.55234375 0.0234375 0.03125
0 0.43515625 0.55703125 0.0171875 0.0203125
0 0.22890625 0.596875 0.028125 0.028125
0 0.3171875 0.5796875 0.01875 0.025
0 0.2890625 0.590625 0.0171875 0.0203125
0 0.38671875 0.5734375 0.028125 0.028125
0 0.14375 0.62109375 0.0125 0.0203125
0 0.24375 0.60390625 0.01875 0.0296875
0 0.728125 0.52421875 0.0234375 0.03125
0 0.2328125 0.62734375 0.0296875 0.040625
0 0.4125 0.59296875 0.025 0.034375
0 0.28828125 0.62421875 0.0296875 0.0359375
0 0.36015625 0.61484375 0.0296875 0.0359375
0 0.49765625 0.58828125 0.0296875 0.040625
0 0.2109375 0.65078125 0.0390625 0.046875
0 0.80625 0.53671875 0.0453125 0.05625
0 0.65703125 0.565625 0.0359375 0.0453125
0 0.7359375 0.5625 0.0453125 0.0515625
0 0.33828125 0.6609375 0.028125 0.0328125
0 0.14375 0.70625 0.0515625 0.0625
0 0.3609375 0.6921875 0.040625 0.05625
0 0.74765625 0.6546875 0.0640625 0.0828125
0 0.61796875 0.6921875 0.0546875 0.08125
0 0.45 0.859375 0.09375 0.1234375