0 0.80625 0.021875 0.0296875 0.025
0 0.996875 0.128125 0.00625 0.05625
0 0.175 0.10390625 0.0640625 0.1125
0 0.70703125 0.02109375 0.0296875 0.0296875
0 0.840625 0.028125 0.0296875 0.0328125
0 0.81015625 0.16796875 0.06875 0.1171875
0 0.62734375 0.165625 0.084375 0.1421875
0 0.421875 0.01484375 0.025 0.0296875
0 0.94140625 0.20234375 0.0546875 0.0984375
0 0.67578125 0.0265625 0.0328125 0.0421875
0 0.759375 0.0296875 0.0421875 0.0421875
0 0.16484375 0.01484375 0.0296875 0.0296875
0 0.33984375 0.02109375 0.0484375 0.0421875
0 0.4953125 0.02265625 0.034375 0.0453125
0 0.61328125 0.03203125 0.04375 0.05625
0 0.98671875 0.04921875 0.0265625 0.0515625
0 0.90703125 0.04609375 0.0578125 0.065625
0 0.278125 0.3671875 0.1015625 0.1515625
0 0.97421875 0.4 0.0515625 0.265625
0 0.65234375 0.04609375 0.0390625 0.05625
0 0.23671875 0.04296875 0.0734375 0.0859375
0 0.953125 0.06640625 0.04375 0.05625
0 0.52734375 0.05625 0.034375 0.0609375
0 0.5640625 0.0625 0.0390625 0.0609375
0 0.74140625 0.07265625 0.0484375 0.0796875
0 0.2546875 0.70234375 0.1375 0.221875
0 0.3015625 0.0671875 0.04375 0.0703125
0 0.59140625 0.78984375 0.15 0.209375
0 0.34375 0.0734375 0.0640625 0.0984375
0 0.071875 0.0734375 0.09375 0.146875
0 0.465625 0.09140625 0.078125 0.1328125