0 0.16640625 0.24375 0.0375 0.0515625
0 0.47265625 0.2515625 0.0234375 0.0328125
0 0.43671875 0.25390625 0.0375 0.0375
0 0.5734375 0.02734375 0.01875 0.0375
0 0.70546875 0.25859375 0.01875 0.0328125
0 0.20625 0.24921875 0.0375 0.0421875
0 0.51796875 0.2546875 0.0296875 0.046875
0 0.09765625 0.24765625 0.0375 0.05625
0 0.5734375 0.2609375 0.0296875 0.046875
0 0.5984375 0.2609375 0.01875 0.0375
0 0.2953125 0.26015625 0.0328125 0.05625
0 0.93671875 0.29921875 0.0328125 0.0328125
0 0.659375 0.296875 0.0296875 0.046875
0 0.46484375 0.29296875 0.0296875 0.046875
0 0.6984375 0.296875 0.0234375 0.0328125
0 0.984375 0.3046875 0.0296875 0.0515625
0 0.4296875 0.29453125 0.0296875 0.046875
0 0.75625 0.30078125 0.0328125 0.0375
0 0.4984375 0.03046875 0.0234375 0.0328125
0 0.7875 0.303125 0.025 0.046875
0 0.5078125 0.30078125 0.028125 0.0421875
0 0.85 0.3140625 0.0328125 0.0421875
0 0.3390625 0.30703125 0.0296875 0.046875
0 0.38046875 0.31015625 0.028125 0.0421875
0 0.28359375 0.31796875 0.0375 0.05625
0 0.575 0.3234375 0.0296875 0.0515625
0 0.0265625 0.315625 0.0328125 0.0609375
0 0.61171875 0.32578125 0.0234375 0.0421875
0 0.1671875 0.328125 0.0328125 0.0609375
0 0.128125 0.32734375 0.0328125 0.0515625
0 0.33671875 0.03125 0.01875 0.0328125
0 0.8796875 0.35546875 0.028125 0.0421875
0 0.2453125 0.346875 0.0328125 0.046875
0 0.8203125 0.03984375 0.01875 0.028125
0 0.096875 0.34921875 0.0328125 0.0515625
0 0.909375 0.36328125 0.0234375 0.0421875
0 0.7640625 0.3609375 0.0328125 0.05625
0 0.22421875 0.35390625 0.0328125 0.0515625
0 0.8078125 0.3640625 0.028125 0.0421875
0 0.86171875 0.04296875 0.01875 0.0421875
0 0.4375 0.36015625 0.0328125 0.0609375
0 0.990625 0.371875 0.0140625 0.0421875
0 0.6140625 0.03828125 0.0234375 0.0421875
0 0.72421875 0.371875 0.025 0.0515625
0 0.5765625 0.371875 0.0296875 0.0515625
0 0.65078125 0.37734375 0.0328125 0.05625
0 0.29375 0.3734375 0.0328125 0.0609375
0 0.615625 0.38203125 0.0296875 0.046875
0 0.6921875 0.3828125 0.025 0.046875
0 0.8265625 0.38984375 0.0234375 0.0421875
0 0.49296875 0.384375 0.025 0.046875
0 0.346875 0.38203125 0.0296875 0.0515625
0 0.52578125 0.38515625 0.0328125 0.0515625
0 0.95078125 0.39453125 0.0328125 0.0375
0 0.39375 0.38515625 0.025 0.0609375
0 0.690625 0.0421875 0.028125 0.0421875
0 0.56171875 0.00546875 0.01875 0.009375
0 0.1171875 0.40234375 0.0328125 0.0609375
0 0.9203125 0.42578125 0.0296875 0.0515625
0 0.24453125 0.41640625 0.0328125 0.0515625
0 0.9875 0.4296875 0.0203125 0.046875
0 0.86953125 0.4296875 0.0296875 0.0515625
0 0.7703125 0.4328125 0.0296875 0.0515625
0 0.06171875 0.425 0.0328125 0.0515625
0 0.175 0.42734375 0.0375 0.046875
0 0.8203125 0.43828125 0.0328125 0.0515625
0 0.69296875 0.43828125 0.025 0.046875
0 0.18828125 0.03828125 0.0234375 0.0421875
0 0.646875 0.446875 0.025 0.0515625
0 0.50078125 0.45390625 0.0296875 0.0609375
0 0.6234375 0.45625 0.0296875 0.0703125
0 0.7203125 0.4578125 0.01875 0.0421875
0 0.7859375 0.05078125 0.01875 0.028125
0 0.56796875 0.46484375 0.0296875 0.0515625
0 0.1421875 0.45703125 0.028125 0.0421875
0 0.45234375 0.4671875 0.0328125 0.0609375
0 0.02890625 0.459375 0.0421875 0.065625
0 0.3390625 0.46640625 0.0421875 0.0609375
0 0.73671875 0.05 0.028125 0.028125
0 0.96953125 0.484375 0.0328125 0.0515625
0 0.39609375 0.4796875 0.0375 0.0703125
0 0.9234375 0.49765625 0.0296875 0.046875
0 0.1140625 0.04140625 0.028125 0.0421875
0 0.88203125 0.51171875 0.0296875 0.046875
0 0.83359375 0.5125 0.0328125 0.046875
0 0.73359375 0.5109375 0.025 0.046875
0 0.78203125 0.5140625 0.0296875 0.0609375
0 0.1203125 0.503125 0.0328125 0.0609375
0 0.71328125 0.515625 0.0296875 0.0515625
0 0.29609375 0.51015625 0.0328125 0.0609375
0 0.3171875 0.5109375 0.025 0.075
0 0.6390625 0.51875 0.0296875 0.0515625
0 0.5921875 0.525 0.0328125 0.0609375
0 0.67265625 0.01015625 0.0234375 0.0140625
0 0.1796875 0.5203125 0.0328125 0.0609375
0 0.24921875 0.52578125 0.0296875 0.0515625
0 0.05703125 0.52421875 0.0375 0.0515625
0 0.0984375 0.53203125 0.0328125 0.0703125
0 0.55703125 0.54453125 0.0296875 0.0609375
0 0.08671875 0.0484375 0.0296875 0.046875
0 0.496875 0.55078125 0.0375 0.05625
0 0.45078125 0.5546875 0.0328125 0.0609375
0 0.40234375 0.55625 0.0328125 0.065625
0 0.9171875 0.57421875 0.0328125 0.046875
0 0.975 0.57578125 0.0328125 0.0515625
0 0.88515625 0.57890625 0.0328125 0.0421875
0 0.01953125 0.56796875 0.0375 0.065625
0 0.76015625 0.58828125 0.0375 0.0515625
0 0.84296875 0.59453125 0.0296875 0.0515625
0 0.32734375 0.60078125 0.0375 0.075
0 0.79921875 0.61171875 0.028125 0.0421875
0 0.60234375 0.61015625 0.0375 0.0609375
0 0.68046875 0.61875 0.0296875 0.05625
0 0.70625 0.62421875 0.0203125 0.0609375
0 0.38203125 0.6203125 0.0375 0.065625
0 0.17578125 0.621875 0.0296875 0.0609375
0 0.278125 0.628125 0.0328125 0.065625
0 0.5625 0.6328125 0.0296875 0.05625
0 0.23359375 0.634375 0.0421875 0.075
0 0.64140625 0.64140625 0.0328125 0.046875
0 0.5140625 0.64609375 0.0296875 0.0609375
0 0.19921875 0.640625 0.0328125 0.0609375
0 0.62421875 0.009375 0.01875 0.0140625
0 0.49296875 0.653125 0.0328125 0.065625
0 0.30390625 0.06171875 0.0234375 0.0375
0 0.134375 0.65078125 0.0375 0.0703125
0 0.871875 0.67734375 0.0296875 0.046875
0 0.81640625 0.68359375 0.0328125 0.046875
0 0.94609375 0.68828125 0.0375 0.05625
0 0.4484375 0.6890625 0.0328125 0.05625
0 0.09140625 0.68515625 0.0328125 0.065625
0 0.65 0.696875 0.0328125 0.0609375
0 0.1125 0.68984375 0.0328125 0.065625
0 0.68671875 0.7 0.0296875 0.0515625
0 0.75625 0.7015625 0.0375 0.0609375
0 0.3640625 0.71328125 0.0375 0.065625
0 0.5796875 0.72109375 0.0296875 0.065625
0 0.25078125 0.72421875 0.0515625 0.065625
0 0.31328125 0.72578125 0.046875 0.065625
0 0.60234375 0.7328125 0.0296875 0.0515625
0 0.38515625 0.071875 0.025 0.046875
0 0.80078125 0.0796875 0.025 0.046875
0 0.75234375 0.07890625 0.01875 0.0328125
0 0.0390625 0.746875 0.05625 0.0609375
0 0.071875 0.746875 0.0328125 0.084375
0 0.9421875 0.7625 0.0296875 0.05625
0 0.8515625 0.7609375 0.0375 0.0703125
0 0.48125 0.0765625 0.0234375 0.0328125
0 0.96953125 0.7703125 0.0296875 0.0609375
0 0.8984375 0.76875 0.0328125 0.0421875
0 0.23359375 0.759375 0.0609375 0.05625
0 0.471875 0.765625 0.0328125 0.046875
0 0.68984375 0.0796875 0.0234375 0.0375
0 0.57890625 0.7859375 0.0421875 0.0703125
0 0.7859375 0.79609375 0.0328125 0.065625
0 0.72890625 0.0828125 0.028125 0.0375
0 0.65859375 0.79921875 0.0328125 0.0421875
0 0.7328125 0.80234375 0.0328125 0.0515625
0 0.90390625 0.8078125 0.0296875 0.0515625
0 0.5015625 0.80546875 0.0375 0.065625
0 0.2140625 0.8078125 0.0421875 0.0796875
0 0.02109375 0.07265625 0.0203125 0.046875
0 0.0171875 0.8078125 0.034375 0.065625
0 0.44453125 0.08046875 0.025 0.046875
0 0.58046875 0.0109375 0.0234375 0.01875
0 0.8 0.01484375 0.0140625 0.01875
0 0.04765625 0.81875 0.0328125 0.075
0 0.240625 0.07890625 0.025 0.046875
0 0.7734375 0.08828125 0.0234375 0.0375
0 0.7203125 0.846875 0.0296875 0.065625
0 0.40546875 0.8453125 0.0375 0.05625
0 0.6671875 0.8546875 0.0328125 0.0609375
0 0.89609375 0.09296875 0.0234375 0.0375
0 0.3828125 0.85859375 0.0375 0.046875
0 0.9078125 0.87265625 0.0375 0.05625
0 0.475 0.86796875 0.0328125 0.065625
0 0.5703125 0.86953125 0.0375 0.0609375
0 0.63046875 0.87265625 0.0328125 0.0703125
0 0.959375 0.88046875 0.0296875 0.075
0 0.2546875 0.08359375 0.0140625 0.0328125
0 0.42109375 0.08671875 0.028125 0.0421875
0 0.6046875 0.87890625 0.0375 0.0703125
0 0.56953125 0.0890625 0.01875 0.0328125
0 0.24296875 0.88671875 0.05625 0.0890625
0 0.1078125 0.00546875 0.01875 0.0109375
0 0.8609375 0.9046875 0.0375 0.0703125
0 0.2171875 0.89375 0.0515625 0.065625
0 0.8125 0.9125 0.0421875 0.084375
0 0.5484375 0.91015625 0.0421875 0.0703125
0 0.39609375 0.91484375 0.05625 0.0609375
0 0.4953125 0.92109375 0.0375 0.0515625
0 0.7125 0.01328125 0.0234375 0.01875
0 0.5140625 0.09296875 0.028125 0.0375
0 0.3453125 0.08984375 0.0296875 0.0515625
0 0.20078125 0.92734375 0.0421875 0.065625
0 0.6015625 0.09609375 0.0234375 0.0375
0 0.73515625 0.01328125 0.0140625 0.01875
0 0.7375 0.95078125 0.0375 0.0796875
0 0.78359375 0.95625 0.0421875 0.075
0 0.32578125 0.9484375 0.0515625 0.065625
0 0.15625 0.9453125 0.046875 0.084375
0 0.37890625 0.9515625 0.0515625 0.0796875
0 0.978125 0.9625 0.0296875 0.0609375
0 0.64375 0.096875 0.0296875 0.046875
0 0.1234375 0.95859375 0.0421875 0.0703125
0 0.6828125 0.96640625 0.0375 0.0671875
0 0.51015625 0.971875 0.0375 0.05625
0 0.47734375 0.971875 0.0421875 0.05625
0 0.1953125 0.97578125 0.0515625 0.0375
0 0.93828125 0.9875 0.0421875 0.025
0 0.7703125 0.0140625 0.0234375 0.01875
0 0.86796875 0.1171875 0.025 0.046875
0 0.1734375 0.11015625 0.028125 0.0328125
0 0.33125 0.11484375 0.028125 0.0421875
0 0.83515625 0.12578125 0.0328125 0.0421875
0 0.0953125 0.11328125 0.0328125 0.046875
0 0.2171875 0.11796875 0.028125 0.0375
0 0.6984375 0.12578125 0.028125 0.0375
0 0.1296875 0.11640625 0.0234375 0.0421875
0 0.23671875 0.009375 0.0234375 0.01875
0 0.784375 0.134375 0.0234375 0.0375
0 0.48515625 0.13203125 0.025 0.046875
0 0.74453125 0.1359375 0.0234375 0.0421875
0 0.3859375 0.13203125 0.0234375 0.0328125
0 0.54765625 0.13515625 0.01875 0.0421875
0 0.50625 0.13671875 0.0234375 0.0421875
0 0.65234375 0.1390625 0.028125 0.0421875
0 0.2953125 0.13515625 0.028125 0.028125
0 0.5921875 0.14296875 0.0234375 0.0375
0 0.92265625 0.15078125 0.0234375 0.0421875
0 0.89296875 0.153125 0.028125 0.0328125
0 0.44375 0.14765625 0.0234375 0.0375
0 0.015625 0.153125 0.0203125 0.046875
0 0.40859375 0.015625 0.0234375 0.03125
0 0.87109375 0.17265625 0.01875 0.0375
0 0.0609375 0.16328125 0.0328125 0.046875
0 0.54453125 0.17421875 0.01875 0.028125
0 0.2140625 0.1734375 0.028125 0.0421875
0 0.94296875 0.1859375 0.025 0.0515625
0 0.9640625 0.1859375 0.025 0.0515625
0 0.30859375 0.175 0.0328125 0.0375
0 0.93125 0.1859375 0.01875 0.0421875
0 0.77421875 0.18984375 0.0234375 0.0375
0 0.5078125 0.18515625 0.028125 0.0375
0 0.671875 0.190625 0.01875 0.0328125
0 0.2671875 0.1859375 0.028125 0.0375
0 0.72109375 0.19375 0.0234375 0.0328125
0 0.396875 0.18828125 0.0234375 0.0421875
0 0.4453125 0.1890625 0.0296875 0.046875
0 0.8484375 0.1984375 0.01875 0.0328125
0 0.128125 0.1859375 0.0328125 0.05625
0 0.1765625 0.18671875 0.028125 0.0421875
0 0.575 0.19375 0.0234375 0.0375
0 0.63515625 0.196875 0.028125 0.0421875
0 0.4171875 0.1953125 0.0234375 0.0375
0 0.29296875 0.01796875 0.0234375 0.0359375
0 0.53359375 0.20234375 0.01875 0.0328125
0 0.9515625 0.23671875 0.0234375 0.0375
0 0.65546875 0.23359375 0.0296875 0.046875
0 0.05078125 0.22578125 0.0328125 0.046875
0 0.72890625 0.2375 0.028125 0.0375
0 0.32421875 0.2328125 0.0234375 0.0421875
0 0.91640625 0.24296875 0.025 0.046875
0 0.990625 0.24453125 0.01875 0.0421875
0 0.7828125 0.240625 0.025 0.0515625
0 0.3578125 0.02109375 0.01875 0.0328125
0 0.46484375 0.02265625 0.0234375 0.0328125
0 0.03984375 0.01953125 0.0296875 0.0390625
0 0.840625 0.24921875 0.0234375 0.0421875
0 0.8796875 0.2515625 0.0234375 0.0421875
0 0.3796875 0.2453125 0.025 0.046875