0 0.45078125 0.15625 0.0375 0.0515625
0 0.31640625 0.15859375 0.046875 0.0609375
0 0.4875 0.16171875 0.0515625 0.084375
0 0.69140625 0.16484375 0.0671875 0.09375
0 0.82265625 0.1765625 0.0390625 0.096875
0 0.38515625 0.1921875 0.0328125 0.05625
0 0.42890625 0.2046875 0.0421875 0.0703125
0 0.91640625 0.2265625 0.1078125 0.1078125
0 0.571875 0.22578125 0.0515625 0.0703125
0 0.24140625 0.3359375 0.090625 0.0984375
0 0.65390625 0.34296875 0.0484375 0.0984375
0 0.909375 0.35625 0.1 0.15
0 0.2875 0.440625 0.1171875 0.1125
0 0.6765625 0.065625 0.0375 0.046875
0 0.3515625 0.6296875 0.175 0.20625
0 0.56796875 0.06796875 0.0296875 0.046875
0 0.69765625 0.84765625 0.15625 0.225
0 0.44453125 0.0984375 0.0375 0.05625
0 0.59453125 0.14765625 0.0375 0.075