0 0.41953125 0.09140625 0.00625 0.009375
0 0.5171875 0.17734375 0.0046875 0.0046875
0 0.5015625 0.175 0.0046875 0.0046875
0 0.50546875 0.178125 0.0046875 0.0046875
0 0.5078125 0.178125 0.00625 0.009375
0 0.53203125 0.18671875 0.0046875 0.0046875
0 0.515625 0.184375 0.0046875 0.0046875
0 0.52265625 0.18515625 0.0046875 0.0046875
0 0.54140625 0.18984375 0.0046875 0.0046875
0 0.50703125 0.1875 0.0046875 0.0046875
0 0.5171875 0.19140625 0.0046875 0.0046875
0 0.25625 0.15703125 0.00625 0.009375
0 0.2515625 0.15625 0.00625 0.009375
0 0.51875 0.196875 0.0046875 0.0046875
0 0.2640625 0.1609375 0.0046875 0.0046875
0 0.5015625 0.19375 0.0046875 0.0046875
0 0.50546875 0.196875 0.0046875 0.0046875
0 0.278125 0.16484375 0.00625 0.009375
0 0.28984375 0.16640625 0.0109375 0.0109375
0 0.51015625 0.2 0.0046875 0.0046875
0 0.5296875 0.203125 0.0046875 0.0046875
0 0.3171875 0.17265625 0.0046875 0.0046875
0 0.4890625 0.196875 0.0046875 0.0046875
0 0.54140625 0.2046875 0.0046875 0.0046875
0 0.2984375 0.17265625 0.00625 0.009375
0 0.46484375 0.1984375 0.00625 0.009375
0 0.309375 0.17890625 0.0046875 0.0046875
0 0.32109375 0.18046875 0.0046875 0.0046875
0 0.471875 0.2015625 0.0046875 0.0046875
0 0.49453125 0.2046875 0.009375 0.00625
0 0.3453125 0.18671875 0.0046875 0.0046875
0 0.51484375 0.21015625 0.0046875 0.0046875
0 0.50625 0.2109375 0.00625 0.009375
0 0.27109375 0.178125 0.00625 0.009375
0 0.2921875 0.18359375 0.00625 0.009375
0 0.425 0.20234375 0.0046875 0.0046875
0 0.53515625 0.21796875 0.0046875 0.0046875
0 0.38203125 0.19609375 0.0046875 0.0046875
0 0.3171875 0.1875 0.0046875 0.0046875
0 0.40390625 0.19921875 0.0046875 0.0046875
0 0.415625 0.20078125 0.0046875 0.0046875
0 0.48203125 0.21015625 0.0046875 0.0046875
0 0.253125 0.18046875 0.0046875 0.0046875
0 0.54140625 0.22109375 0.0046875 0.0046875
0 0.3421875 0.19296875 0.00625 0.009375
0 0.38984375 0.2 0.009375 0.00625
0 0.45625 0.209375 0.0046875 0.0046875
0 0.51640625 0.2171875 0.0109375 0.0109375
0 0.30078125 0.1890625 0.0046875 0.0046875
0 0.43125 0.20703125 0.0046875 0.0046875
0 0.396875 0.20234375 0.0046875 0.0046875
0 0.42421875 0.20625 0.0046875 0.0046875
0 0.49375 0.215625 0.0046875 0.0046875
0 0.353125 0.19609375 0.0046875 0.0046875
0 0.3578125 0.196875 0.009375 0.00625
0 0.475 0.21328125 0.0046875 0.0046875
0 0.3765625 0.2015625 0.0046875 0.0046875
0 0.2796875 0.18828125 0.0046875 0.0046875
0 0.41484375 0.20703125 0.0046875 0.0046875
0 0.44921875 0.21171875 0.0046875 0.0046875
0 0.4125 0.20703125 0.00625 0.009375
0 0.5 0.21953125 0.0046875 0.0046875
0 0.39140625 0.20625 0.0046875 0.0046875
0 0.421875 0.21015625 0.0046875 0.0046875
0 0.5359375 0.2265625 0.0109375 0.0109375
0 0.5546875 0.22890625 0.00625 0.009375
0 0.28828125 0.19140625 0.00625 0.009375
0 0.36640625 0.203125 0.00625 0.009375
0 0.28359375 0.19375 0.0046875 0.0046875
0 0.21484375 0.18359375 0.00625 0.009375
0 0.34296875 0.2015625 0.0046875 0.0046875
0 0.27421875 0.19453125 0.0046875 0.0046875
0 0.4046875 0.2125 0.0046875 0.0046875
0 0.46640625 0.221875 0.0046875 0.0046875
0 0.57421875 0.23671875 0.0046875 0.0046875
0 0.57890625 0.2375 0.0046875 0.0046875
0 0.25625 0.1921875 0.00625 0.009375
0 0.409375 0.21328125 0.0046875 0.0046875
0 0.3546875 0.20546875 0.0046875 0.0046875
0 0.5234375 0.2296875 0.0046875 0.0046875
0 0.209375 0.18515625 0.00625 0.0140625
0 0.2671875 0.19375 0.00625 0.009375
0 0.48515625 0.22421875 0.00625 0.009375
0 0.478125 0.22578125 0.00625 0.009375
0 0.56328125 0.2375 0.00625 0.009375
0 0.19609375 0.1859375 0.00625 0.0140625
0 0.45625 0.225 0.00625 0.0140625
0 0.54609375 0.2375 0.00625 0.009375
0 0.3828125 0.21484375 0.0046875 0.0046875
0 0.40859375 0.21796875 0.0046875 0.0046875
0 0.10390625 0.175 0.015625 0.015625
0 0.18203125 0.18828125 0.00625 0.009375
0 0.50625 0.234375 0.0046875 0.0046875
0 0.47265625 0.2296875 0.0109375 0.0109375
0 0.559375 0.24375 0.00625 0.009375
0 0.490625 0.234375 0.0109375 0.015625
0 0.51328125 0.2375 0.00625 0.009375
0 0.52734375 0.23984375 0.00625 0.009375
0 0.43125 0.22578125 0.00625 0.009375
0 0.41484375 0.22578125 0.0046875 0.0046875
0 0.46484375 0.2328125 0.00625 0.009375
0 0.58203125 0.24921875 0.0046875 0.0046875
0 0.59140625 0.25078125 0.0046875 0.0046875
0 0.5359375 0.2453125 0.00625 0.009375
0 0.4234375 0.2296875 0.00625 0.009375
0 0.55 0.24765625 0.00625 0.009375
0 0.11640625 0.18671875 0.0109375 0.0109375
0 0.16875 0.19609375 0.00625 0.009375
0 0.40234375 0.22890625 0.0046875 0.0046875
0 0.13203125 0.19140625 0.015625 0.015625
0 0.4375 0.23359375 0.00625 0.009375
0 0.52421875 0.24609375 0.00625 0.009375
0 0.1734375 0.196875 0.00625 0.009375
0 0.565625 0.25234375 0.00625 0.009375
0 0.39296875 0.228125 0.0046875 0.0046875
0 0.6015625 0.259375 0.0046875 0.0046875
0 0.62890625 0.26328125 0.0046875 0.0046875
0 0.62734375 0.26328125 0.0046875 0.0046875
0 0.1515625 0.1984375 0.0109375 0.0109375
0 0.43203125 0.23828125 0.0109375 0.0109375
0 0.4609375 0.2421875 0.0109375 0.015625
0 0.6109375 0.26328125 0.0109375 0.0109375
0 0.57578125 0.2578125 0.00625 0.009375
0 0.51328125 0.2515625 0.0046875 0.0046875
0 0.10625 0.19453125 0.00625 0.009375
0 0.47734375 0.246875 0.0109375 0.0109375
0 0.56015625 0.25859375 0.0046875 0.0046875
0 0.59375 0.26328125 0.0046875 0.0046875
0 0.60546875 0.26484375 0.0046875 0.0046875
0 0.54140625 0.25546875 0.0046875 0.0046875
0 0.0734375 0.1921875 0.0109375 0.0109375
0 0.40546875 0.2390625 0.0109375 0.0109375
0 0.4703125 0.2484375 0.0046875 0.0046875
0 0.05078125 0.1890625 0.0109375 0.015625
0 0.3875 0.23671875 0.0046875 0.0046875
0 0.5 0.25234375 0.009375 0.00625
0 0.09140625 0.196875 0.0109375 0.0109375
0 0.1171875 0.20078125 0.0109375 0.0109375
0 0.084375 0.19609375 0.0046875 0.0046875
0 0.37578125 0.2375 0.0046875 0.0046875
0 0.56953125 0.2671875 0.0046875 0.0046875
0 0.44375 0.24921875 0.0109375 0.0109375
0 0.54453125 0.265625 0.00625 0.009375
0 0.5765625 0.2703125 0.00625 0.009375
0 0.5671875 0.27109375 0.00625 0.009375
0 0.62421875 0.28125 0.0046875 0.0046875
0 0.49609375 0.26328125 0.0109375 0.0109375
0 0.08046875 0.2078125 0.0109375 0.015625
0 0.1671875 0.221875 0.0109375 0.0109375
0 0.5109375 0.2703125 0.0109375 0.0109375
0 0.55703125 0.2765625 0.0109375 0.0109375
0 0.4265625 0.2609375 0.00625 0.009375
0 0.10078125 0.21484375 0.0125 0.0203125
0 0.41953125 0.26015625 0.0109375 0.0109375
0 0.09375 0.2140625 0.0046875 0.0046875
0 0.5453125 0.2796875 0.0109375 0.0109375
0 0.45078125 0.26640625 0.00625 0.0140625
0 0.3765625 0.25859375 0.0109375 0.015625
0 0.49921875 0.27578125 0.0109375 0.015625
0 0.5078125 0.27734375 0.0109375 0.0109375
0 0.5375 0.28125 0.00625 0.009375
0 0.61796875 0.2921875 0.009375 0.00625
0 0.56484375 0.2875 0.0109375 0.0109375
0 0.340625 0.25546875 0.0109375 0.0109375
0 0.0609375 0.21640625 0.0109375 0.015625
0 0.36328125 0.2609375 0.00625 0.009375
0 0.46640625 0.275 0.0109375 0.0109375
0 0.25234375 0.24765625 0.009375 0.00625
0 0.346875 0.2609375 0.0109375 0.0109375
0 0.29140625 0.253125 0.0109375 0.015625
0 0.303125 0.25703125 0.0109375 0.015625
0 0.14609375 0.2375 0.015625 0.015625
0 0.47890625 0.284375 0.009375 0.00625
0 0.21953125 0.24765625 0.0109375 0.015625
0 0.28359375 0.25859375 0.00625 0.009375
0 0.15546875 0.240625 0.0109375 0.015625
0 0.45078125 0.2828125 0.0109375 0.0109375
0 0.11875 0.23828125 0.0109375 0.015625
0 0.48515625 0.28984375 0.00625 0.0140625
0 0.1296875 0.23984375 0.0109375 0.015625
0 0.37109375 0.2734375 0.009375 0.00625
0 0.19140625 0.2484375 0.015625 0.015625
0 0.5125 0.29609375 0.0109375 0.015625
0 0.659375 0.31640625 0.0109375 0.015625
0 0.4328125 0.284375 0.00625 0.0140625
0 0.23046875 0.25859375 0.0109375 0.015625
0 0.56171875 0.30546875 0.0109375 0.015625
0 0.415625 0.284375 0.0109375 0.015625
0 0.81171875 0.340625 0.015625 0.015625
0 0.1359375 0.2453125 0.0109375 0.0109375
0 0.321875 0.27109375 0.00625 0.009375
0 0.53046875 0.30078125 0.0109375 0.0109375
0 0.3421875 0.2765625 0.0109375 0.0109375
0 0.628125 0.3171875 0.0109375 0.015625
0 0.04140625 0.23671875 0.0109375 0.015625
0 0.33671875 0.278125 0.0109375 0.015625
0 0.4609375 0.2953125 0.0109375 0.015625
0 0.36484375 0.28203125 0.0109375 0.015625
0 0.66953125 0.325 0.0109375 0.015625
0 0.50625 0.3046875 0.0109375 0.015625
0 0.17890625 0.25859375 0.015625 0.015625
0 0.11640625 0.25234375 0.0109375 0.015625
0 0.4265625 0.2953125 0.0109375 0.0109375
0 0.38671875 0.28984375 0.0109375 0.015625
0 0.590625 0.31875 0.00625 0.0140625
0 0.45546875 0.30234375 0.0109375 0.0109375
0 0.13828125 0.26015625 0.015625 0.015625
0 0.0859375 0.25234375 0.0109375 0.015625
0 0.40234375 0.29921875 0.0109375 0.015625
0 0.52109375 0.315625 0.0109375 0.015625
0 0.30390625 0.28515625 0.0125 0.0203125
0 0.6125 0.33125 0.0125 0.0203125
0 0.6375 0.334375 0.0109375 0.015625
0 0.53046875 0.31953125 0.0109375 0.015625
0 0.6515625 0.33671875 0.0109375 0.015625
0 0.64453125 0.33828125 0.0109375 0.0109375
0 0.378125 0.30078125 0.0109375 0.015625
0 0.45390625 0.3109375 0.0109375 0.015625
0 0.56640625 0.32734375 0.00625 0.0140625
0 0.7015625 0.3484375 0.0109375 0.015625
0 0.284375 0.28984375 0.00625 0.0140625
0 0.3734375 0.30234375 0.0109375 0.0109375
0 0.54296875 0.3265625 0.0109375 0.015625
0 0.421875 0.31171875 0.0109375 0.015625
0 0.4765625 0.31953125 0.0125 0.0203125
0 0.2484375 0.28984375 0.0109375 0.015625
0 0.39140625 0.309375 0.0109375 0.015625
0 0.83125 0.37109375 0.0171875 0.0203125
0 0.33359375 0.3015625 0.0109375 0.015625
0 0.62734375 0.34296875 0.0109375 0.015625
0 0.659375 0.34765625 0.0125 0.0203125
0 0.296875 0.2984375 0.0109375 0.015625
0 0.434375 0.31796875 0.0109375 0.015625
0 0.365625 0.3109375 0.0109375 0.015625
0 0.52578125 0.33359375 0.0109375 0.015625
0 0.58046875 0.340625 0.0109375 0.015625
0 0.46640625 0.325 0.00625 0.0140625
0 0.5515625 0.33671875 0.0109375 0.015625
0 0.45859375 0.3265625 0.0109375 0.015625
0 0.50234375 0.33203125 0.0109375 0.015625
0 0.915625 0.390625 0.0109375 0.0109375
0 0.03671875 0.26953125 0.0171875 0.0203125
0 0.0484375 0.27109375 0.0171875 0.0203125
0 0.5734375 0.34453125 0.0109375 0.015625
0 0.64375 0.35703125 0.0125 0.0203125
0 0.68984375 0.36328125 0.0109375 0.015625
0 0.34140625 0.3140625 0.0109375 0.015625
0 0.61484375 0.353125 0.0109375 0.0109375
0 0.69921875 0.36484375 0.015625 0.015625
0 0.14921875 0.2875 0.0109375 0.015625
0 0.63671875 0.35625 0.0109375 0.015625
0 0.721875 0.36796875 0.0109375 0.0109375
0 0.22734375 0.2984375 0.0109375 0.015625
0 0.41953125 0.32578125 0.0125 0.0203125
0 0.11015625 0.284375 0.0171875 0.025
0 0.59140625 0.3515625 0.0125 0.0203125
0 0.6796875 0.3640625 0.0125 0.0203125
0 0.0609375 0.2796875 0.0125 0.025
0 0.54765625 0.3484375 0.0109375 0.015625
0 0.58125 0.3546875 0.0125 0.0203125
0 0.27890625 0.31171875 0.00625 0.0140625
0 0.65703125 0.3671875 0.0109375 0.015625
0 0.66796875 0.36875 0.0109375 0.015625
0 0.61328125 0.3609375 0.0125 0.0203125
0 0.459375 0.33984375 0.0109375 0.015625
0 0.60625 0.3625 0.0109375 0.015625
0 0.91328125 0.40546875 0.015625 0.015625
0 0.33046875 0.32421875 0.0109375 0.015625
0 0.7203125 0.37890625 0.0109375 0.015625
0 0.25 0.3125 0.0109375 0.015625
0 0.1109375 0.2953125 0.0125 0.025
0 0.26875 0.3171875 0.0109375 0.015625
0 0.34453125 0.328125 0.0109375 0.015625
0 0.50703125 0.35078125 0.0109375 0.015625
0 0.06875 0.28984375 0.0109375 0.015625
0 0.5203125 0.353125 0.0109375 0.015625
0 0.165625 0.303125 0.015625 0.015625
0 0.08046875 0.29375 0.0125 0.025
0 0.36875 0.334375 0.0109375 0.015625
0 0.2984375 0.32421875 0.015625 0.015625
0 0.628125 0.3703125 0.0125 0.0203125
0 0.04375 0.290625 0.0109375 0.015625
0 0.55390625 0.3625 0.015625 0.015625
0 0.4125 0.34453125 0.015625 0.015625
0 0.69375 0.384375 0.015625 0.015625
0 0.3640625 0.33828125 0.0171875 0.0203125
0 0.44140625 0.34921875 0.015625 0.015625
0 0.1 0.30078125 0.0109375 0.015625
0 0.6203125 0.3765625 0.0109375 0.015625
0 0.85 0.40859375 0.0171875 0.0203125
0 0.14375 0.309375 0.0171875 0.0203125
0 0.21484375 0.31953125 0.015625 0.015625
0 0.4890625 0.3578125 0.0125 0.0203125
0 0.590625 0.37265625 0.015625 0.015625
0 0.640625 0.3796875 0.0125 0.0203125
0 0.67734375 0.384375 0.0109375 0.015625
0 0.33828125 0.3390625 0.0125 0.0203125
0 0.13125 0.31015625 0.0109375 0.015625
0 0.27578125 0.33046875 0.015625 0.015625
0 0.74375 0.39609375 0.0171875 0.025
0 0.56640625 0.3734375 0.0109375 0.015625
0 0.190625 0.32109375 0.0171875 0.0203125
0 0.175 0.31875 0.0125 0.0203125
0 0.6125 0.38046875 0.00625 0.0140625
0 0.80703125 0.41015625 0.0171875 0.0203125
0 0.52734375 0.3703125 0.0125 0.0203125
0 0.64921875 0.3875 0.0125 0.0203125
0 0.83515625 0.4140625 0.0171875 0.0203125
0 0.60078125 0.38125 0.0171875 0.0203125
0 0.240625 0.3328125 0.00625 0.0140625
0 0.3875 0.353125 0.0109375 0.015625
0 0.69921875 0.396875 0.0125 0.0203125
0 0.1625 0.32421875 0.0171875 0.0203125
0 0.55625 0.3796875 0.0109375 0.015625
0 0.2953125 0.34296875 0.0171875 0.0203125
0 0.41015625 0.35859375 0.0125 0.0203125
0 0.26015625 0.33984375 0.015625 0.015625
0 0.48125 0.37109375 0.0125 0.0203125
0 0.1203125 0.3203125 0.0109375 0.015625
0 0.21484375 0.33359375 0.0109375 0.015625
0 0.6578125 0.39609375 0.0125 0.0203125
0 0.53359375 0.378125 0.015625 0.015625
0 0.4390625 0.3671875 0.0109375 0.015625
0 0.12890625 0.3265625 0.0171875 0.0203125
0 0.6703125 0.40234375 0.0125 0.0203125
0 0.09765625 0.321875 0.0125 0.0203125
0 0.30546875 0.353125 0.015625 0.015625
0 0.5234375 0.384375 0.00625 0.0140625
0 0.5734375 0.39375 0.0171875 0.0203125
0 0.62578125 0.40078125 0.0171875 0.0203125
0 0.17265625 0.3375 0.0109375 0.015625
0 0.25 0.3484375 0.0109375 0.015625
0 0.0828125 0.325 0.0109375 0.015625
0 0.35546875 0.365625 0.0171875 0.0203125
0 0.0390625 0.32109375 0.0109375 0.015625
0 0.76328125 0.425 0.015625 0.015625
0 0.3640625 0.36875 0.0171875 0.0203125
0 0.64375 0.4078125 0.015625 0.015625
0 0.46484375 0.3828125 0.0171875 0.0203125
0 0.5078125 0.39140625 0.0171875 0.0203125
0 0.06796875 0.3296875 0.021875 0.021875
0 0.22890625 0.35234375 0.00625 0.0140625
0 0.1984375 0.34765625 0.015625 0.015625
0 0.2359375 0.353125 0.0125 0.0203125
0 0.253125 0.3578125 0.015625 0.015625
0 0.384375 0.3765625 0.0171875 0.0203125
0 0.5625 0.4015625 0.0171875 0.0203125
0 0.16171875 0.34765625 0.0171875 0.025
0 0.72109375 0.42578125 0.0171875 0.0203125
0 0.95703125 0.46171875 0.0171875 0.0203125
0 0.028125 0.33125 0.0171875 0.0203125
0 0.29375 0.37109375 0.0171875 0.0203125
0 0.4359375 0.390625 0.0171875 0.025
0 0.7640625 0.43671875 0.0171875 0.025
0 0.33671875 0.37890625 0.0125 0.025
0 0.6515625 0.4234375 0.015625 0.015625
0 0.68046875 0.42734375 0.015625 0.015625
0 0.11640625 0.3484375 0.0171875 0.025
0 0.61640625 0.41875 0.0171875 0.0203125
0 0.30625 0.37734375 0.0125 0.0203125
0 0.13203125 0.3546875 0.0171875 0.0203125
0 0.09375 0.34921875 0.0125 0.0203125
0 0.19453125 0.36328125 0.0171875 0.025
0 0.51328125 0.4078125 0.0171875 0.0203125
0 0.51953125 0.40859375 0.0109375 0.015625
0 0.6390625 0.428125 0.0125 0.0203125
0 0.3609375 0.39140625 0.0109375 0.015625
0 0.37421875 0.39296875 0.0171875 0.0203125
0 0.053125 0.3484375 0.0125 0.0203125
0 0.44765625 0.40625 0.015625 0.015625
0 0.1765625 0.3703125 0.0125 0.0203125
0 0.6515625 0.43671875 0.0171875 0.0203125
0 0.2453125 0.3796875 0.0171875 0.0203125
0 0.31171875 0.3890625 0.0171875 0.025
0 0.70625 0.44453125 0.0171875 0.025
0 0.18125 0.37109375 0.00625 0.0140625
0 0.2015625 0.37578125 0.0171875 0.025
0 0.678125 0.44296875 0.0171875 0.025
0 0.7515625 0.453125 0.0171875 0.0203125
0 0.3921875 0.40546875 0.0171875 0.0203125
0 0.98984375 0.49140625 0.0171875 0.0203125
0 0.8453125 0.47109375 0.0171875 0.025
0 0.9203125 0.484375 0.0171875 0.025
0 0.2765625 0.39375 0.0171875 0.0203125
0 0.3609375 0.40546875 0.0171875 0.0203125
0 0.41640625 0.41328125 0.0203125 0.0171875
0 0.7828125 0.4671875 0.0125 0.0203125
0 0.659375 0.45 0.0171875 0.025
0 0.69765625 0.4578125 0.0171875 0.025
0 0.5140625 0.43203125 0.0171875 0.025
0 0.72109375 0.4609375 0.0171875 0.025
0 0.74765625 0.46484375 0.0125 0.0203125
0 0.78828125 0.47265625 0.0171875 0.0203125
0 0.58515625 0.44375 0.0171875 0.025
0 0.02109375 0.36484375 0.0171875 0.0203125
0 0.8234375 0.4796875 0.015625 0.015625
0 0.52265625 0.4375 0.0125 0.0296875
0 0.86875 0.48671875 0.0171875 0.025
0 0.75625 0.47265625 0.0171875 0.025
0 0.28203125 0.40625 0.0125 0.0203125
0 0.15078125 0.38984375 0.0171875 0.025
0 0.59609375 0.45234375 0.0171875 0.025
0 0.2375 0.40234375 0.0171875 0.025
0 0.94296875 0.50625 0.021875 0.0265625
0 0.9890625 0.5125 0.0171875 0.025
0 0.60546875 0.4609375 0.015625 0.015625
0 0.34296875 0.42421875 0.0171875 0.025
0 0.66953125 0.47265625 0.0171875 0.025
0 0.45703125 0.44296875 0.0171875 0.025
0 0.740625 0.4828125 0.0171875 0.025
0 0.82109375 0.49609375 0.0171875 0.025
0 0.05703125 0.3890625 0.021875 0.0265625
0 0.909375 0.5109375 0.0171875 0.0203125
0 0.20390625 0.41171875 0.021875 0.0265625
0 0.65078125 0.475 0.0171875 0.025
0 0.11875 0.4 0.021875 0.021875
0 0.71796875 0.484375 0.021875 0.0265625
0 0.8984375 0.51171875 0.0171875 0.0203125
0 0.80625 0.49921875 0.0171875 0.025
0 0.49453125 0.45703125 0.0171875 0.0296875
0 0.5703125 0.46796875 0.0171875 0.025
0 0.1796875 0.41328125 0.0171875 0.025
0 0.3890625 0.44296875 0.0171875 0.0203125
0 0.846875 0.50703125 0.0171875 0.0203125
0 0.86328125 0.509375 0.0171875 0.025
0 0.2921875 0.42890625 0.0171875 0.025
0 0.6890625 0.48671875 0.021875 0.0265625
0 0.1390625 0.41015625 0.0171875 0.0203125
0 0.24375 0.4265625 0.021875 0.0265625
0 0.60078125 0.4796875 0.0171875 0.025
0 0.63984375 0.48515625 0.0171875 0.025
0 0.73125 0.5 0.0171875 0.025
0 0.83046875 0.5140625 0.021875 0.0265625
0 0.421875 0.45703125 0.0171875 0.025
0 0.43359375 0.45859375 0.0171875 0.025
0 0.1234375 0.41484375 0.021875 0.0265625
0 0.7953125 0.5109375 0.021875 0.0265625
0 0.48125 0.46640625 0.021875 0.0265625
0 0.934375 0.5375 0.021875 0.0265625
0 0.06953125 0.41796875 0.021875 0.0265625
0 0.16796875 0.43203125 0.0171875 0.0203125
0 0.71640625 0.51171875 0.015625 0.015625
0 0.76640625 0.52109375 0.0171875 0.025
0 0.8875 0.53984375 0.021875 0.0296875
0 0.34609375 0.4640625 0.021875 0.0296875
0 0.61875 0.5046875 0.0171875 0.0296875
0 0.2515625 0.45546875 0.021875 0.0265625
0 0.9875 0.559375 0.01875 0.034375
0 0.5390625 0.50078125 0.021875 0.0296875
0 0.7140625 0.525 0.0171875 0.0296875
0 0.8140625 0.5421875 0.01875 0.034375
0 0.41015625 0.48984375 0.021875 0.0296875
0 0.35703125 0.48671875 0.0171875 0.025
0 0.90859375 0.5671875 0.0171875 0.0296875
0 0.48046875 0.50703125 0.015625 0.015625
0 0.4296875 0.49921875 0.0171875 0.0296875
0 0.521875 0.51484375 0.021875 0.021875
0 0.2 0.471875 0.021875 0.021875
0 0.85078125 0.565625 0.021875 0.021875
0 0.57578125 0.5296875 0.021875 0.0296875
0 0.36875 0.50078125 0.021875 0.0296875
0 0.92578125 0.58125 0.028125 0.034375
0 0.6234375 0.53828125 0.0171875 0.025
0 0.2578125 0.4921875 0.021875 0.0296875
0 0.38671875 0.51015625 0.021875 0.0296875
0 0.453125 0.51953125 0.0265625 0.03125
0 0.61328125 0.5421875 0.0171875 0.0296875
0 0.8015625 0.56875 0.0234375 0.034375
0 0.28515625 0.4984375 0.0265625 0.03125
0 0.4796875 0.52578125 0.021875 0.0265625
0 0.30546875 0.503125 0.021875 0.0296875
0 0.33125 0.50703125 0.0171875 0.025
0 0.84765625 0.58359375 0.0265625 0.03125
0 0.64140625 0.56171875 0.021875 0.021875
0 0.665625 0.56484375 0.021875 0.021875
0 0.78046875 0.58125 0.021875 0.0265625
0 0.1546875 0.49296875 0.021875 0.0296875
0 0.7109375 0.5765625 0.0234375 0.034375
0 0.525 0.55234375 0.021875 0.0296875
0 0.58515625 0.56328125 0.021875 0.0296875
0 0.95625 0.625 0.0234375 0.034375
0 0.853125 0.61484375 0.021875 0.0296875
0 0.671875 0.58984375 0.028125 0.034375
0 0.209375 0.52734375 0.021875 0.0265625
0 0.4328125 0.56328125 0.0234375 0.0390625
0 0.40625 0.5640625 0.0234375 0.034375
0 0.31953125 0.5546875 0.0234375 0.034375
0 0.3609375 0.56015625 0.0171875 0.0296875
0 0.1078125 0.52890625 0.0234375 0.034375
0 0.9015625 0.6515625 0.0265625 0.03125
0 0.9296875 0.66796875 0.0265625 0.03125
0 0.76953125 0.6453125 0.0234375 0.034375
0 0.80390625 0.65234375 0.028125 0.034375
0 0.56875 0.62890625 0.028125 0.034375
0 0.26171875 0.61875 0.028125 0.0390625
0 0.315625 0.63125 0.028125 0.0390625
0 0.66640625 0.68203125 0.0328125 0.040625
0 0.915625 0.7359375 0.028125 0.0390625
0 0.45859375 0.67421875 0.0328125 0.040625
0 0.5578125 0.74140625 0.028125 0.0390625
0 0.00546875 0.66171875 0.0109375 0.0546875
0 0.215625 0.7265625 0.0375 0.05
0 0.29375 0.7375 0.028125 0.0390625
0 0.41015625 0.75625 0.0296875 0.04375
0 0.175 0.03125 0.00625 0.009375
0 0.16640625 0.03046875 0.0109375 0.0109375
0 0.19296875 0.0390625 0.00625 0.0140625
0 0.22265625 0.04296875 0.00625 0.009375
0 0.2484375 0.04609375 0.0078125 0.01875
0 0.23359375 0.04921875 0.00625 0.009375
0 0.2875 0.06328125 0.00625 0.009375
0 0.2671875 0.0625 0.00625 0.009375