0 0.87265625 0.26328125 0.040625 0.0375
0 0.58125 0.31875 0.0265625 0.0265625
0 0.95625 0.26171875 0.0234375 0.0609375
0 0.92109375 0.27421875 0.0609375 0.071875
0 0.4921875 0.34375 0.0484375 0.05625
0 0.525 0.34609375 0.028125 0.0359375
0 0.56640625 0.3390625 0.0265625 0.0265625
0 0.79765625 0.3046875 0.0421875 0.046875
0 0.22109375 0.39609375 0.0390625 0.05
0 0.40390625 0.38125 0.034375 0.05
0 0.7171875 0.33203125 0.040625 0.0375
0 0.34453125 0.39296875 0.0390625 0.05
0 0.38828125 0.3890625 0.025 0.0390625
0 0.3015625 0.40234375 0.0375 0.0453125
0 0.4546875 0.378125 0.0546875 0.0671875
0 0.8671875 0.315625 0.05625 0.071875
0 0.428125 0.38515625 0.028125 0.040625
0 0.83515625 0.325 0.0375 0.0453125
0 0.5359375 0.37265625 0.04375 0.05625
0 0.896875 0.315625 0.034375 0.05
0 0.59375 0.36796875 0.05625 0.071875
0 0.671875 0.35546875 0.0328125 0.0359375
0 0.38203125 0.40390625 0.028125 0.0359375
0 0.5625 0.37578125 0.034375 0.0453125
0 0.26171875 0.43046875 0.04375 0.0515625
0 0.03359375 0.4765625 0.0671875 0.0875
0 0.79140625 0.3578125 0.0703125 0.0828125
0 0.69765625 0.384375 0.0359375 0.0546875
0 0.74296875 0.39140625 0.05 0.065625
0 0.3046875 0.4796875 0.071875 0.0921875
0 0.3875 0.46875 0.0578125 0.08125
0 0.34921875 0.48203125 0.053125 0.0578125
0 0.23828125 0.50625 0.071875 0.0921875
0 0.175 0.5515625 0.0828125 0.0984375