0 0.31796875 0.06015625 0.0421875 0.06875
0 0.57109375 0.0265625 0.0421875 0.053125
0 0.7640625 0.009375 0.040625 0.01875
0 0.79140625 0.325 0.0484375 0.0796875
0 0.1046875 0.43359375 0.0578125 0.08125
0 0.3015625 0.4140625 0.040625 0.0640625
0 0.22109375 0.4296875 0.0421875 0.06875
0 0.58984375 0.37109375 0.0515625 0.0703125
0 0.69140625 0.0171875 0.0359375 0.034375
0 0.88984375 0.34296875 0.053125 0.084375
0 0.39453125 0.42734375 0.05 0.065625
0 0.83203125 0.3625 0.0390625 0.0546875
0 0.49296875 0.0390625 0.0375 0.0640625
0 0.95625 0.3625 0.0578125 0.084375
0 0.0234375 0.51171875 0.046875 0.0890625
0 0.76328125 0.4 0.0484375 0.0796875
0 0.521875 0.4453125 0.046875 0.0703125
0 0.4609375 0.45703125 0.0421875 0.06875
0 0.42421875 0.465625 0.046875 0.075
0 0.534375 0.0375 0.0421875 0.0734375
0 0.159375 0.528125 0.053125 0.084375
0 0.07890625 0.54765625 0.053125 0.0796875
0 0.29609375 0.515625 0.0625 0.08125
0 0.86640625 0.43046875 0.04375 0.0828125
0 0.36328125 0.5265625 0.053125 0.0796875
0 0.25859375 0.0859375 0.0421875 0.06875
0 0.68046875 0.48359375 0.0578125 0.084375
0 0.6125 0.503125 0.046875 0.075
0 0.834375 0.0140625 0.040625 0.028125
0 0.04296875 0.63359375 0.0640625 0.0953125
0 0.21953125 0.6078125 0.059375 0.0890625
0 0.77265625 0.53203125 0.0546875 0.09375
0 0.94765625 0.5140625 0.065625 0.1078125
0 0.5265625 0.59375 0.0484375 0.084375
0 0.85390625 0.54453125 0.0546875 0.0890625
0 0.609375 0.61171875 0.05625 0.1015625
0 0.3984375 0.65703125 0.059375 0.0890625
0 0.30859375 0.6828125 0.053125 0.0796875
0 0.68828125 0.62265625 0.0546875 0.0890625
0 0.15859375 0.71171875 0.053125 0.084375
0 0.47421875 0.67734375 0.046875 0.0703125
0 0.06953125 0.74609375 0.0671875 0.090625
0 0.1265625 0.12578125 0.0390625 0.05
0 0.98828125 0.61171875 0.0234375 0.0921875
0 0.86953125 0.6546875 0.065625 0.103125
0 0.26484375 0.778125 0.046875 0.0703125
0 0.740625 0.71484375 0.0640625 0.0953125
0 0.53984375 0.7515625 0.065625 0.1078125
0 0.18984375 0.12265625 0.046875 0.075
0 0.81328125 0.715625 0.0546875 0.0890625
0 0.34453125 0.80625 0.0640625 0.1
0 0.64921875 0.76171875 0.05625 0.1015625
0 0.2953125 0.83671875 0.053125 0.0796875
0 0.221875 0.86015625 0.0625 0.0859375
0 0.44375 0.8375 0.0640625 0.1
0 0.96015625 0.77578125 0.0484375 0.0796875
0 0.11875 0.91875 0.0765625 0.0921875
0 0.3125 0.11328125 0.0421875 0.06875
0 0.88046875 0.03359375 0.0421875 0.0671875
0 0.05625 0.16953125 0.05 0.065625
0 0.61171875 0.08359375 0.046875 0.075
0 0.1109375 0.06953125 0.0359375 0.0328125
0 0.2328125 0.14609375 0.0359375 0.0546875
0 0.43828125 0.125 0.028125 0.040625
0 0.3703125 0.13828125 0.0421875 0.06875
0 0.55546875 0.11171875 0.0421875 0.06875
0 0.4875 0.125 0.0421875 0.06875
0 0.6796875 0.09453125 0.040625 0.0640625
0 0.81953125 0.07421875 0.046875 0.075
0 0.7421875 0.0890625 0.046875 0.0703125
0 0.396875 0.0265625 0.0359375 0.0359375
0 0.16796875 0.19453125 0.034375 0.0453125
0 0.13125 0.2 0.040625 0.0640625
0 0.415625 0.1625 0.0359375 0.059375
0 0.446875 0.165625 0.034375 0.05
0 0.32109375 0.1859375 0.0328125 0.0671875
0 0.00703125 0.240625 0.0140625 0.084375
0 0.91171875 0.09921875 0.053125 0.084375
0 0.096875 0.23125 0.0421875 0.06875
0 0.51796875 0.17109375 0.0421875 0.0734375
0 0.23046875 0.05546875 0.028125 0.040625
0 0.1765625 0.23515625 0.040625 0.0640625
0 0.60234375 0.1671875 0.046875 0.0703125
0 0.25703125 0.2265625 0.03125 0.0578125
0 0.8484375 0.1359375 0.0515625 0.075
0 0.67734375 0.171875 0.040625 0.059375
0 0.028125 0.275 0.0421875 0.0734375
0 0.76484375 0.1609375 0.0484375 0.0796875
0 0.63828125 0.01015625 0.0390625 0.0203125
0 0.16953125 0.06953125 0.025 0.0484375
0 0.0390625 0.090625 0.04375 0.0515625
0 0.3453125 0.24765625 0.046875 0.075
0 0.4234375 0.2375 0.040625 0.0640625
0 0.73125 0.19609375 0.046875 0.0703125
0 0.2609375 0.2921875 0.0453125 0.0609375
0 0.50234375 0.26328125 0.0421875 0.0734375
0 0.3015625 0.296875 0.0296875 0.0484375
0 0.09140625 0.33046875 0.04375 0.0828125
0 0.659375 0.25 0.0515625 0.0703125
0 0.584375 0.2640625 0.046875 0.075
0 0.45625 0.03125 0.0375 0.0625
0 0.4265625 0.0375 0.0375 0.0671875
0 0.17578125 0.3453125 0.0515625 0.075
0 0.83671875 0.25703125 0.0546875 0.0890625
0 0.0125 0.39140625 0.025 0.0703125
0 0.9203125 0.25078125 0.0484375 0.0796875
0 0.35546875 0.3421875 0.0484375 0.084375
0 0.359375 0.0484375 0.0328125 0.0671875
0 0.4546875 0.35 0.0484375 0.0796875
0 0.52109375 0.3515625 0.046875 0.0703125
0 0.6890625 0.32890625 0.046875 0.075