0 0.56015625 0.50234375 0.0171875 0.0203125
0 0.68984375 0.5296875 0.0234375 0.034375
0 0.4359375 0.4921875 0.009375 0.00625
0 0.465625 0.49921875 0.0125 0.0203125
0 0.6453125 0.53046875 0.0171875 0.025
0 0.753125 0.546875 0.0171875 0.025
0 0.425 0.49765625 0.0171875 0.025
0 0.52890625 0.5140625 0.0171875 0.025
0 0.63359375 0.53046875 0.0171875 0.025
0 0.590625 0.5234375 0.01875 0.0296875
0 0.38828125 0.49453125 0.0171875 0.025
0 0.44296875 0.50546875 0.0109375 0.015625
0 0.49765625 0.5140625 0.0203125 0.0390625
0 0.54296875 0.52109375 0.0234375 0.03125
0 0.4859375 0.5140625 0.0125 0.0203125
0 0.66640625 0.5453125 0.0125 0.0203125
0 0.73046875 0.55546875 0.0125 0.025
0 0.6109375 0.5390625 0.0171875 0.025
0 0.71328125 0.55546875 0.025 0.0390625
0 0.453125 0.51640625 0.0125 0.0203125
0 0.4671875 0.52578125 0.01875 0.0296875
0 0.7421875 0.57109375 0.0234375 0.03125
0 0.4328125 0.52421875 0.0125 0.025
0 0.44140625 0.528125 0.0109375 0.015625
0 0.415625 0.5265625 0.0234375 0.03125
0 0.75859375 0.58515625 0.0234375 0.03125
0 0.79453125 0.59296875 0.01875 0.0296875
0 0.5546875 0.55546875 0.025 0.0390625
0 0.64140625 0.56875 0.0296875 0.0453125
0 0.61328125 0.5671875 0.01875 0.0296875
0 0.52578125 0.5578125 0.025 0.0484375
0 0.7765625 0.60234375 0.0234375 0.034375
0 0.46328125 0.5671875 0.025 0.0390625
0 0.4125 0.56328125 0.0328125 0.0328125
0 0.8421875 0.64609375 0.0359375 0.059375
0 0.65625 0.6203125 0.0328125 0.0359375
0 0.746875 0.6421875 0.046875 0.0703125
0 0.36953125 0.60078125 0.021875 0.0484375
0 0.86171875 0.68828125 0.05 0.065625
0 0.30078125 0.6046875 0.040625 0.059375
0 0.38515625 0.62265625 0.0375 0.06875
0 0.33125 0.61640625 0.0296875 0.0484375
0 0.66015625 0.67109375 0.0484375 0.05625
0 0.2328125 0.61875 0.0375 0.0453125
0 0.9390625 0.74296875 0.053125 0.084375
0 0.5265625 0.68671875 0.034375 0.0453125
0 0.65859375 0.7265625 0.04375 0.0515625
0 0.8265625 0.75859375 0.0609375 0.071875
0 0.76796875 0.7765625 0.046875 0.0703125
0 0.36328125 0.71484375 0.046875 0.075
0 0.2234375 0.6953125 0.059375 0.0890625
0 0.72734375 0.784375 0.0484375 0.05625
0 0.15234375 0.71484375 0.0671875 0.0859375
0 0.6734375 0.796875 0.059375 0.0671875
0 0.86328125 0.83671875 0.053125 0.0796875
0 0.28828125 0.7734375 0.059375 0.0890625
0 0.48828125 0.821875 0.090625 0.090625
0 0.71484375 0.8765625 0.0703125 0.078125
0 0.0578125 0.80234375 0.0984375 0.1140625
0 0.15859375 0.82109375 0.059375 0.0890625
0 0.76328125 0.9234375 0.0578125 0.08125