0 0.9625 0.29609375 0.015625 0.0203125
0 0.97109375 0.2984375 0.0109375 0.0140625
0 0.99375 0.30546875 0.0125 0.0203125
0 0.98203125 0.31328125 0.0203125 0.0203125
0 0.9171875 0.31796875 0.0203125 0.025
0 0.95546875 0.3296875 0.0109375 0.0140625
0 0.0515625 0.26875 0.0203125 0.025
0 0.90625 0.33125 0.0109375 0.01875
0 0.040625 0.275 0.025 0.0296875
0 0.89609375 0.34921875 0.015625 0.0203125
0 0.884375 0.35078125 0.0203125 0.025
0 0.8640625 0.36796875 0.0109375 0.01875
0 0.85390625 0.37578125 0.0109375 0.01875
0 0.84921875 0.38515625 0.0109375 0.01875
0 0.83984375 0.39375 0.0109375 0.01875
0 0.82734375 0.3953125 0.0109375 0.01875
0 0.8078125 0.4125 0.0109375 0.0140625
0 0.81953125 0.415625 0.0109375 0.0140625
0 0.8140625 0.41796875 0.0109375 0.0140625
0 0.79296875 0.4234375 0.0109375 0.01875
0 0.1390625 0.3859375 0.0109375 0.01875
0 0.14609375 0.39140625 0.015625 0.025
0 0.1796875 0.40078125 0.0109375 0.0140625
0 0.778125 0.44765625 0.0109375 0.0140625
0 0.15625 0.40625 0.015625 0.0203125
0 0.775 0.44921875 0.0109375 0.0140625
0 0.16484375 0.409375 0.0109375 0.01875
0 0.18515625 0.41796875 0.015625 0.015625
0 0.18984375 0.4203125 0.00625 0.0140625
0 0.78359375 0.4640625 0.009375 0.0046875
0 0.75546875 0.46953125 0.0109375 0.0140625
0 0.7453125 0.478125 0.0109375 0.0140625
0 0.740625 0.47734375 0.00625 0.0140625
0 0.20234375 0.4421875 0.0109375 0.01875
0 0.7375 0.4859375 0.0046875 0.009375
0 0.746875 0.48671875 0.0109375 0.01875
0 0.7328125 0.4859375 0.0046875 0.009375
0 0.2109375 0.4515625 0.00625 0.0140625
0 0.73984375 0.490625 0.0109375 0.01875
0 0.72578125 0.48984375 0.00625 0.0140625
0 0.215625 0.45625 0.0109375 0.0140625
0 0.7203125 0.496875 0.0046875 0.009375
0 0.21953125 0.4640625 0.00625 0.0140625
0 0.72734375 0.49921875 0.0109375 0.0140625
0 0.2328125 0.4671875 0.0046875 0.009375
0 0.709375 0.50078125 0.009375 0.009375
0 0.2375 0.471875 0.00625 0.0140625
0 0.71953125 0.50859375 0.0046875 0.009375
0 0.24140625 0.475 0.0046875 0.009375
0 0.2484375 0.47734375 0.0046875 0.009375
0 0.6828125 0.5078125 0.0046875 0.0046875
0 0.24375 0.47734375 0.0046875 0.009375
0 0.715625 0.51015625 0.00625 0.0140625
0 0.69921875 0.51171875 0.00625 0.0140625
0 0.70390625 0.51171875 0.009375 0.009375
0 0.71015625 0.51484375 0.0109375 0.0140625
0 0.25546875 0.48515625 0.00625 0.0140625
0 0.67734375 0.51484375 0.00625 0.0140625
0 0.684375 0.51796875 0.009375 0.009375
0 0.6796875 0.51953125 0.0046875 0.009375
0 0.2453125 0.4890625 0.0109375 0.01875
0 0.70546875 0.52109375 0.0109375 0.0140625
0 0.66796875 0.52109375 0.0109375 0.0140625
0 0.26171875 0.4953125 0.0109375 0.01875
0 0.7 0.52578125 0.009375 0.009375
0 0.69296875 0.525 0.00625 0.0140625
0 0.2703125 0.50078125 0.0109375 0.0140625
0 0.68828125 0.5296875 0.0109375 0.0140625
0 0.328125 0.509375 0.0109375 0.01875
0 0.32109375 0.50859375 0.009375 0.0046875
0 0.3109375 0.51015625 0.0109375 0.0140625
0 0.653125 0.534375 0.0109375 0.0140625
0 0.2828125 0.5109375 0.00625 0.0140625
0 0.29921875 0.51171875 0.0109375 0.0140625
0 0.63671875 0.53515625 0.0109375 0.0140625
0 0.4421875 0.6375 0.0109375 0.01875
0 0.54296875 0.646875 0.0109375 0.0140625
0 0.425 0.64140625 0.0109375 0.0140625
0 0.7 0.66015625 0.0109375 0.0140625
0 0.5984375 0.653125 0.0109375 0.0140625
0 0.478125 0.646875 0.0109375 0.01875
0 0.6765625 0.6609375 0.0109375 0.0140625
0 0.61640625 0.65703125 0.009375 0.009375
0 0.64453125 0.65859375 0.0109375 0.0140625
0 0.69296875 0.66484375 0.0109375 0.0140625
0 0.65078125 0.6640625 0.0109375 0.0140625
0 0.68359375 0.66640625 0.0109375 0.0140625
0 0.353125 0.64296875 0.0109375 0.0140625
0 0.52109375 0.6546875 0.0109375 0.0140625
0 0.65546875 0.6640625 0.0109375 0.0140625
0 0.37109375 0.646875 0.0109375 0.01875
0 0.42421875 0.65078125 0.0109375 0.01875
0 0.4546875 0.65234375 0.0109375 0.01875
0 0.49609375 0.65546875 0.0109375 0.0140625
0 0.47734375 0.65390625 0.0109375 0.0140625
0 0.5375 0.65859375 0.0109375 0.0140625
0 0.290625 0.64296875 0.0109375 0.0140625
0 0.2609375 0.640625 0.0109375 0.0140625
0 0.5171875 0.65859375 0.0109375 0.01875
0 0.6109375 0.6671875 0.0109375 0.0140625
0 0.3109375 0.646875 0.00625 0.0140625
0 0.5296875 0.6640625 0.0109375 0.0140625
0 0.3546875 0.65390625 0.0109375 0.0140625
0 0.46484375 0.66171875 0.015625 0.015625
0 0.39140625 0.659375 0.0109375 0.0140625
0 0.29921875 0.653125 0.0109375 0.01875
0 0.34296875 0.65546875 0.0109375 0.0140625
0 0.4421875 0.6625 0.0109375 0.01875
0 0.49296875 0.66875 0.0109375 0.0140625
0 0.42578125 0.6640625 0.0109375 0.01875
0 0.31953125 0.65625 0.0046875 0.009375
0 0.65859375 0.6828125 0.009375 0.009375
0 0.3078125 0.6578125 0.0046875 0.009375
0 0.56875 0.6765625 0.0109375 0.0140625
0 0.559375 0.678125 0.015625 0.015625
0 0.4484375 0.675 0.0109375 0.01875
0 0.53125 0.68046875 0.00625 0.0140625
0 0.26875 0.66484375 0.015625 0.0203125
0 0.30703125 0.6671875 0.00625 0.0140625
0 0.47109375 0.67890625 0.0109375 0.01875
0 0.25703125 0.6640625 0.0109375 0.0140625
0 0.4203125 0.67734375 0.0109375 0.0140625
0 0.49453125 0.6828125 0.0109375 0.01875
0 0.32578125 0.67109375 0.0109375 0.0140625
0 0.38359375 0.675 0.0109375 0.0140625
0 0.36015625 0.67578125 0.0109375 0.0140625
0 0.5421875 0.690625 0.0109375 0.0140625
0 0.4609375 0.6875 0.0109375 0.01875
0 0.39609375 0.6828125 0.0109375 0.01875
0 0.42890625 0.6875 0.015625 0.0203125
0 0.528125 0.69453125 0.00625 0.0140625
0 0.3734375 0.68359375 0.0109375 0.0140625
0 0.45234375 0.6890625 0.0109375 0.01875
0 0.31796875 0.68203125 0.0109375 0.01875
0 0.57421875 0.7 0.015625 0.015625
0 0.48359375 0.69609375 0.0109375 0.0140625
0 0.05 0.665625 0.015625 0.025
0 0.17421875 0.67421875 0.009375 0.009375
0 0.0734375 0.66953125 0.0109375 0.0140625
0 0.50703125 0.7 0.0109375 0.01875
0 0.378125 0.69140625 0.0109375 0.0140625
0 0.7671875 0.72109375 0.0109375 0.0140625
0 0.51640625 0.703125 0.0109375 0.01875
0 0.046875 0.6703125 0.015625 0.025
0 0.82578125 0.725 0.0109375 0.01875
0 0.60390625 0.709375 0.0109375 0.01875
0 0.11640625 0.67734375 0.0109375 0.0234375
0 0.384375 0.69609375 0.0109375 0.01875
0 0.33046875 0.6921875 0.0109375 0.01875
0 0.81875 0.7265625 0.0109375 0.0140625
0 0.7421875 0.72109375 0.015625 0.015625
0 0.79296875 0.725 0.0109375 0.01875
0 0.13515625 0.67890625 0.015625 0.015625
0 0.5625 0.70859375 0.0109375 0.0140625
0 0.153125 0.68046875 0.0109375 0.0140625
0 0.78359375 0.7265625 0.0109375 0.0140625
0 0.6609375 0.71796875 0.015625 0.0203125
0 0.58203125 0.7125 0.015625 0.0203125
0 0.73046875 0.72265625 0.009375 0.009375
0 0.00546875 0.671875 0.0109375 0.01875
0 0.0953125 0.68046875 0.015625 0.0203125
0 0.28671875 0.69453125 0.0109375 0.0140625
0 0.1453125 0.684375 0.015625 0.0203125
0 0.240625 0.69296875 0.0109375 0.0140625
0 0.16875 0.68828125 0.015625 0.0203125
0 0.18984375 0.68984375 0.0109375 0.01875
0 0.84765625 0.7359375 0.0109375 0.01875
0 0.81328125 0.73359375 0.0109375 0.01875
0 0.6515625 0.721875 0.0109375 0.0140625
0 0.1828125 0.6890625 0.0109375 0.01875
0 0.10625 0.68359375 0.015625 0.0203125
0 0.08046875 0.68203125 0.015625 0.015625
0 0.22890625 0.6921875 0.015625 0.0203125
0 0.75546875 0.73203125 0.0109375 0.01875
0 0.26796875 0.69765625 0.0109375 0.0140625
0 0.796875 0.734375 0.0109375 0.01875
0 0.178125 0.69375 0.015625 0.0203125
0 0.76484375 0.734375 0.0109375 0.0140625
0 0.725 0.73203125 0.0109375 0.0140625
0 0.734375 0.7328125 0.015625 0.015625
0 0.80625 0.7375 0.009375 0.009375
0 0.1390625 0.690625 0.0109375 0.01875
0 0.85703125 0.74140625 0.015625 0.025
0 0.0046875 0.68125 0.009375 0.01875
0 0.75078125 0.7359375 0.0109375 0.0140625
0 0.1546875 0.69453125 0.0109375 0.01875
0 0.1203125 0.6921875 0.015625 0.0203125
0 0.13984375 0.709375 0.015625 0.0203125
0 0.0703125 0.7109375 0.015625 0.0203125
0 0.90078125 0.77421875 0.0203125 0.0296875
0 0.05078125 0.71484375 0.015625 0.025
0 0.3046875 0.7390625 0.0109375 0.0140625
0 0.37421875 0.746875 0.009375 0.009375
0 0.62578125 0.7640625 0.015625 0.015625
0 0.51015625 0.75625 0.0109375 0.0140625
0 0.42421875 0.75234375 0.0109375 0.0140625
0 0.26484375 0.74140625 0.015625 0.015625
0 0.6578125 0.76875 0.009375 0.009375
0 0.45859375 0.7546875 0.0109375 0.0140625
0 0.36640625 0.75078125 0.0109375 0.0140625
0 0.22109375 0.740625 0.0109375 0.0140625
0 0.1984375 0.7390625 0.015625 0.015625
0 0.21171875 0.73984375 0.015625 0.0203125
0 0.5859375 0.765625 0.009375 0.009375
0 0.528125 0.76171875 0.0109375 0.0140625
0 0.54375 0.765625 0.0109375 0.01875
0 0.484375 0.7609375 0.0046875 0.009375
0 0.2578125 0.7453125 0.015625 0.015625
0 0.2875 0.74765625 0.0109375 0.0140625
0 0.37578125 0.75390625 0.0046875 0.009375
0 0.5390625 0.7671875 0.0046875 0.009375
0 0.24140625 0.746875 0.0109375 0.0140625
0 0.20390625 0.74375 0.0109375 0.0140625
0 0.27109375 0.7484375 0.0109375 0.0140625
0 0.3890625 0.75703125 0.0109375 0.0140625
0 0.18125 0.7421875 0.009375 0.009375
0 0.49296875 0.7640625 0.0109375 0.0140625
0 0.29921875 0.75078125 0.0109375 0.0140625
0 0.67578125 0.77734375 0.0109375 0.0140625
0 0.4171875 0.75859375 0.015625 0.0203125
0 0.5578125 0.76875 0.015625 0.0203125
0 0.36875 0.75546875 0.009375 0.009375
0 0.7078125 0.77890625 0.0109375 0.0140625
0 0.359375 0.75703125 0.009375 0.009375
0 0.28046875 0.7515625 0.0109375 0.0140625
0 0.428125 0.76171875 0.015625 0.015625
0 0.63828125 0.7765625 0.009375 0.009375
0 0.234375 0.7484375 0.015625 0.015625
0 0.471875 0.76484375 0.0109375 0.0140625
0 0.615625 0.775 0.009375 0.009375
0 0.60859375 0.77734375 0.0109375 0.0140625
0 0.665625 0.78125 0.0109375 0.0140625
0 0.51171875 0.7703125 0.00625 0.0140625
0 0.73046875 0.78515625 0.0109375 0.01875
0 0.34921875 0.75859375 0.009375 0.009375
0 0.384375 0.76171875 0.0109375 0.0140625
0 0.44453125 0.765625 0.009375 0.009375
0 0.3953125 0.7640625 0.009375 0.009375
0 0.4 0.76484375 0.0109375 0.0140625
0 0.14375 0.746875 0.015625 0.0203125
0 0.584375 0.77734375 0.0109375 0.0140625
0 0.50234375 0.771875 0.00625 0.0140625
0 0.65390625 0.7828125 0.0109375 0.0140625
0 0.6609375 0.7828125 0.0109375 0.0140625
0 0.1859375 0.75 0.0046875 0.009375
0 0.26328125 0.75546875 0.0140625 0.0109375
0 0.603125 0.77890625 0.0109375 0.0140625
0 0.621875 0.78046875 0.015625 0.015625
0 0.365625 0.7625 0.0140625 0.00625
0 0.375 0.76328125 0.015625 0.0203125
0 0.68671875 0.78515625 0.0109375 0.01875
0 0.52890625 0.77578125 0.0109375 0.01875
0 0.63359375 0.78359375 0.009375 0.009375
0 0.6796875 0.78671875 0.0109375 0.0140625
0 0.53828125 0.7765625 0.0109375 0.0140625
0 0.709375 0.7890625 0.0109375 0.0140625
0 0.28203125 0.75859375 0.015625 0.0203125
0 0.73984375 0.790625 0.015625 0.0203125
0 0.46640625 0.77421875 0.009375 0.009375
0 0.4640625 0.77421875 0.0109375 0.0140625
0 0.5640625 0.78125 0.015625 0.0203125
0 0.23828125 0.7578125 0.009375 0.009375
0 0.48515625 0.77578125 0.015625 0.015625
0 0.17578125 0.75390625 0.015625 0.015625
0 0.41875 0.77109375 0.009375 0.009375
0 0.4296875 0.77421875 0.015625 0.015625
0 0.15234375 0.7546875 0.015625 0.025
0 0.328125 0.76640625 0.0109375 0.0140625
0 0.5125 0.7796875 0.015625 0.0203125
0 0.59140625 0.78515625 0.015625 0.015625
0 0.75078125 0.79609375 0.015625 0.025
0 0.30078125 0.76484375 0.0109375 0.01875
0 0.3875 0.7734375 0.009375 0.009375
0 0.33671875 0.76953125 0.015625 0.0203125
0 0.3484375 0.7703125 0.015625 0.015625
0 0.3625 0.771875 0.0109375 0.0140625
0 0.7203125 0.796875 0.015625 0.0203125
0 0.1640625 0.759375 0.015625 0.025
0 0.609375 0.790625 0.015625 0.0203125
0 0.2546875 0.765625 0.015625 0.0203125
0 0.53359375 0.78515625 0.009375 0.009375
0 0.2265625 0.76328125 0.015625 0.0203125
0 0.778125 0.80234375 0.0203125 0.0203125
0 0.40625 0.77578125 0.0109375 0.0140625
0 0.4390625 0.778125 0.015625 0.0203125
0 0.09921875 0.75703125 0.015625 0.015625
0 0.1875 0.76328125 0.0109375 0.01875
0 0.6234375 0.79375 0.0109375 0.01875
0 0.290625 0.7703125 0.015625 0.015625
0 0.12734375 0.759375 0.0203125 0.0296875
0 0.47109375 0.7828125 0.0109375 0.0140625
0 0.3875 0.7796875 0.015625 0.015625
0 0.03671875 0.7546875 0.0203125 0.0296875
0 0.6328125 0.796875 0.015625 0.0203125
0 0.76796875 0.80625 0.0109375 0.01875
0 0.40078125 0.7828125 0.015625 0.0203125
0 0.41484375 0.78359375 0.015625 0.0203125
0 0.19609375 0.76875 0.0109375 0.01875
0 0.68125 0.80234375 0.015625 0.015625
0 0.79375 0.81015625 0.015625 0.0203125
0 0.2375 0.7734375 0.015625 0.0203125
0 0.51640625 0.79296875 0.0109375 0.01875
0 0.48671875 0.79140625 0.015625 0.025
0 0.64296875 0.8046875 0.015625 0.025
0 0.8171875 0.81640625 0.015625 0.025
0 0.59921875 0.8015625 0.015625 0.0203125
0 0.6109375 0.80234375 0.0109375 0.0140625
0 0.696875 0.80859375 0.015625 0.0203125
0 0.1703125 0.7734375 0.015625 0.025
0 0.3546875 0.78671875 0.0109375 0.0140625
0 0.5 0.796875 0.0109375 0.0140625
0 0.7359375 0.81328125 0.015625 0.015625
0 0.28046875 0.78125 0.015625 0.0296875
0 0.534375 0.8015625 0.015625 0.0203125
0 0.78359375 0.81875 0.015625 0.0203125
0 0.13671875 0.7734375 0.015625 0.0296875
0 0.0890625 0.7703125 0.015625 0.0203125
0 0.3640625 0.78984375 0.015625 0.0203125
0 0.83671875 0.82265625 0.0109375 0.01875
0 0.6296875 0.8109375 0.015625 0.0203125
0 0.5671875 0.80625 0.0203125 0.0296875
0 0.54609375 0.8046875 0.015625 0.0203125
0 0.43046875 0.79921875 0.0109375 0.0140625
0 0.38828125 0.79609375 0.0203125 0.0296875
0 0.84609375 0.828125 0.0203125 0.0296875
0 0.1140625 0.7765625 0.015625 0.025
0 0.39765625 0.796875 0.015625 0.0203125
0 0.82734375 0.8265625 0.015625 0.0203125
0 0.87109375 0.83203125 0.0203125 0.015625
0 0.59375 0.8125 0.015625 0.0203125
0 0.51328125 0.80703125 0.0109375 0.01875
0 0.06328125 0.77578125 0.015625 0.0296875
0 0.32578125 0.79375 0.0203125 0.0203125
0 0.69609375 0.82265625 0.0109375 0.0140625
0 0.60078125 0.815625 0.0109375 0.01875
0 0.29140625 0.79375 0.015625 0.0203125
0 0.30546875 0.7953125 0.015625 0.0203125
0 0.73671875 0.82734375 0.0203125 0.0296875
0 0.859375 0.8359375 0.015625 0.0203125
0 0.9171875 0.83984375 0.0203125 0.0328125
0 0.44140625 0.809375 0.0109375 0.0140625
0 0.7875 0.83359375 0.015625 0.0203125
0 0.71796875 0.82890625 0.0203125 0.0296875
0 0.01875 0.7796875 0.0203125 0.0296875
0 0.4734375 0.81171875 0.015625 0.015625
0 0.36015625 0.803125 0.0203125 0.0203125
0 0.66015625 0.8265625 0.0109375 0.0140625
0 0.43203125 0.8109375 0.015625 0.015625
0 0.61171875 0.8234375 0.0203125 0.0296875
0 0.496875 0.815625 0.0203125 0.0296875
0 0.55390625 0.82421875 0.0203125 0.0296875
0 0.875 0.846875 0.0203125 0.0296875
0 0.70390625 0.834375 0.0203125 0.0296875
0 0.6671875 0.83203125 0.0203125 0.015625
0 0.45859375 0.81953125 0.015625 0.015625
0 0.653125 0.83359375 0.015625 0.015625
0 0.175 0.8 0.015625 0.015625
0 0.00859375 0.78828125 0.0171875 0.0296875
0 0.32109375 0.81015625 0.0203125 0.0203125
0 0.5375 0.82734375 0.015625 0.0296875
0 0.33203125 0.81328125 0.0203125 0.0203125
0 0.21640625 0.80546875 0.025 0.0296875
0 0.04296875 0.7953125 0.0203125 0.025
0 0.0984375 0.79921875 0.0203125 0.025
0 0.1515625 0.803125 0.0203125 0.0296875
0 0.08671875 0.7984375 0.015625 0.0203125
0 0.1265625 0.8015625 0.0203125 0.0296875
0 0.2921875 0.8125 0.025 0.0296875
0 0.42421875 0.82421875 0.0203125 0.025
0 0.6921875 0.84296875 0.0203125 0.025
0 0.57109375 0.834375 0.0203125 0.0328125
0 0.3359375 0.81796875 0.0203125 0.015625
0 0.88984375 0.859375 0.0203125 0.025
0 0.5203125 0.83359375 0.0203125 0.0296875
0 0.359375 0.821875 0.0203125 0.025
0 0.8140625 0.85625 0.0203125 0.0296875
0 0.6734375 0.846875 0.0203125 0.025
0 0.18125 0.8125 0.015625 0.0203125
0 0.2390625 0.81640625 0.0203125 0.0203125
0 0.78359375 0.85390625 0.015625 0.0203125
0 0.64453125 0.846875 0.0203125 0.025
0 0.625 0.8453125 0.0203125 0.0296875
0 0.71640625 0.8515625 0.015625 0.0296875
0 0.90390625 0.86484375 0.0203125 0.015625
0 0.47421875 0.8375 0.015625 0.0296875
0 0.4578125 0.8359375 0.0203125 0.025
0 0.1671875 0.815625 0.0203125 0.0296875
0 0.7625 0.8578125 0.0203125 0.025
0 0.73515625 0.8578125 0.025 0.0296875
0 0.9359375 0.87421875 0.015625 0.0296875
0 0.50390625 0.84375 0.015625 0.0203125
0 0.38203125 0.83515625 0.0203125 0.0296875
0 0.8453125 0.86953125 0.025 0.0328125
0 0.6078125 0.853125 0.0203125 0.0296875
0 0.415625 0.8421875 0.0203125 0.0296875
0 0.32109375 0.83515625 0.0203125 0.0296875
0 0.58671875 0.85390625 0.0203125 0.0296875
0 0.1921875 0.8265625 0.0203125 0.0296875
0 0.86875 0.8734375 0.025 0.0296875
0 0.95390625 0.8796875 0.03125 0.0390625
0 0.9234375 0.8796875 0.0203125 0.0203125
0 0.334375 0.83828125 0.015625 0.0296875
0 0.15703125 0.828125 0.025 0.0328125
0 0.44375 0.85078125 0.0203125 0.025
0 0.01328125 0.81953125 0.0265625 0.0390625
0 0.55390625 0.85859375 0.015625 0.0328125
0 0.04609375 0.82265625 0.0296875 0.034375
0 0.71484375 0.871875 0.0203125 0.0296875
0 0.909375 0.8859375 0.0203125 0.0328125
0 0.69609375 0.8734375 0.0203125 0.0296875
0 0.54921875 0.86328125 0.0109375 0.0234375
0 0.23984375 0.84375 0.0265625 0.0375
0 0.38046875 0.853125 0.0203125 0.0296875
0 0.7984375 0.8828125 0.0265625 0.0375
0 0.52265625 0.865625 0.0203125 0.0328125
0 0.48203125 0.8625 0.025 0.0328125
0 0.8140625 0.88828125 0.0203125 0.0296875
0 0.5046875 0.8671875 0.0203125 0.0296875
0 0.76484375 0.8875 0.025 0.0328125
0 0.8296875 0.89453125 0.025 0.0296875
0 0.7234375 0.8890625 0.0265625 0.0375
0 0.8734375 0.9 0.0203125 0.0328125
0 0.6328125 0.88515625 0.025 0.0328125
0 0.42265625 0.87265625 0.0203125 0.025
0 0.39765625 0.87109375 0.0265625 0.0421875
0 0.06484375 0.8546875 0.0203125 0.0296875
0 0.10859375 0.8578125 0.025 0.0328125
0 0.89296875 0.91484375 0.0296875 0.0296875
0 0.209375 0.86953125 0.03125 0.04375
0 0.084375 0.86328125 0.0265625 0.0375
0 0.45625 0.8890625 0.0265625 0.0375
0 0.33828125 0.88359375 0.03125 0.04375
0 0.57421875 0.9 0.0265625 0.0421875
0 0.54375 0.9 0.0203125 0.0296875
0 0.24375 0.87890625 0.0265625 0.0375
0 0.9296875 0.9296875 0.0296875 0.034375
0 0.9546875 0.93125 0.025 0.0296875
0 0.4125 0.89296875 0.025 0.025
0 0.52265625 0.903125 0.021875 0.0375
0 0.59453125 0.9109375 0.0203125 0.0328125
0 0.68671875 0.91953125 0.040625 0.0484375
0 0.88203125 0.934375 0.0296875 0.0296875
0 0.77578125 0.93203125 0.021875 0.0375
0 0.63984375 0.92265625 0.03125 0.04375
0 0.478125 0.9109375 0.040625 0.053125
0 0.61015625 0.9203125 0.034375 0.04375
0 0.053125 0.88828125 0.03125 0.04375
0 0.8328125 0.94296875 0.03125 0.0484375
0 0.40546875 0.91796875 0.03125 0.04375
0 0.31484375 0.9140625 0.03125 0.053125
0 0.28125 0.91171875 0.03125 0.0484375
0 0.78203125 0.94921875 0.021875 0.0421875
0 0.7984375 0.95234375 0.03125 0.0484375
0 0.8828125 0.9609375 0.0328125 0.025
0 0.9546875 0.965625 0.021875 0.0515625
0 0.0796875 0.9046875 0.021875 0.0375
0 0.54375 0.94140625 0.0359375 0.0578125
0 0.3578125 0.93828125 0.0265625 0.0515625
0 0.46875 0.94609375 0.0359375 0.053125
0 0.93828125 0.98203125 0.0265625 0.0359375
0 0.13984375 0.93203125 0.0265625 0.0421875
0 0.01171875 0.92265625 0.0234375 0.0296875
0 0.88828125 0.98359375 0.0390625 0.0328125
0 0.11484375 0.93515625 0.034375 0.0390625
0 0.21796875 0.95078125 0.040625 0.0625
0 0.06484375 0.94765625 0.0484375 0.040625
0 0.71015625 0.99296875 0.0296875 0.0140625
0 0.0109375 0.95 0.021875 0.025
0 0.11328125 0.9625 0.0421875 0.0171875