0 0.48828125 0.43125 0.025 0.0296875
0 0.54765625 0.4578125 0.0046875 0.009375
0 0.6078125 0.453125 0.0046875 0.0046875
0 0.603125 0.45625 0.0046875 0.0046875
0 0.59140625 0.45703125 0.0046875 0.0046875
0 0.59375 0.45625 0.0046875 0.0046875
0 0.51640625 0.46640625 0.009375 0.0046875
0 0.3109375 0.48125 0.0046875 0.009375
0 0.34765625 0.48046875 0.0046875 0.0046875
0 0.296875 0.4859375 0.0046875 0.0046875
0 0.21171875 0.4921875 0.0046875 0.009375
0 0.55546875 0.46796875 0.0046875 0.009375
0 0.2234375 0.49375 0.0046875 0.0046875
0 0.2078125 0.49453125 0.0046875 0.009375
0 0.5078125 0.4734375 0.0046875 0.0046875
0 0.2171875 0.49609375 0.0046875 0.0046875
0 0.1984375 0.49765625 0.0046875 0.0046875
0 0.3828125 0.484375 0.0109375 0.0140625
0 0.4078125 0.4828125 0.0109375 0.0140625
0 0.18671875 0.50078125 0.0046875 0.0046875
0 0.39453125 0.4859375 0.0109375 0.0140625
0 0.37421875 0.4875 0.015625 0.015625
0 0.36484375 0.490625 0.0109375 0.0140625
0 0.9375 0.45078125 0.015625 0.015625
0 0.1609375 0.5046875 0.0046875 0.009375
0 0.94921875 0.45 0.0109375 0.0140625
0 0.9140625 0.4546875 0.015625 0.0203125
0 0.35546875 0.49375 0.015625 0.0203125
0 0.09453125 0.5140625 0.015625 0.015625
0 0.96953125 0.453125 0.015625 0.0203125
0 0.12734375 0.5140625 0.0109375 0.01875
0 0.14609375 0.51328125 0.0046875 0.009375
0 0.31953125 0.50078125 0.015625 0.0203125
0 0.259375 0.51015625 0.0203125 0.0296875
0 0.3359375 0.5046875 0.0109375 0.01875
0 0.59453125 0.4984375 0.0203125 0.0328125
0 0.565625 0.50703125 0.025 0.0296875
0 0.53125 0.51171875 0.0203125 0.0296875
0 0.640625 0.51796875 0.0203125 0.0296875
0 0.46328125 0.534375 0.025 0.0296875
0 0.66640625 0.52734375 0.03125 0.04375
0 0.6921875 0.528125 0.0203125 0.0328125
0 0.71796875 0.52890625 0.0359375 0.053125
0 0.11796875 0.584375 0.03125 0.0390625
0 0.7515625 0.5453125 0.03125 0.04375
0 0.13828125 0.59765625 0.040625 0.0578125
0 0.3734375 0.58125 0.0515625 0.071875
0 0.23671875 0.59296875 0.03125 0.0390625
0 0.28984375 0.5890625 0.040625 0.0578125
0 0.78984375 0.565625 0.0515625 0.08125
0 0.215625 0.60859375 0.034375 0.04375
0 0.6953125 0.57734375 0.0453125 0.0578125
0 0.2734375 0.609375 0.040625 0.0578125
0 0.49453125 0.62578125 0.05 0.0578125
0 0.07265625 0.6578125 0.065625 0.0921875
0 0.63203125 0.63046875 0.05625 0.078125
0 0.26328125 0.66328125 0.05625 0.078125
0 0.40234375 0.65546875 0.0453125 0.0625
0 0.59921875 0.6578125 0.08125 0.1109375
0 0.4390625 0.72421875 0.109375 0.13125