0 0.86875 0.14453125 0.053125 0.0625
0 0.79453125 0.1421875 0.04375 0.05625
0 0.984375 0.15390625 0.03125 0.0796875
0 0.459375 0.14453125 0.053125 0.0859375
0 0.89375 0.16640625 0.053125 0.071875
0 0.34765625 0.1609375 0.0484375 0.0671875
0 0.675 0.184375 0.053125 0.0765625
0 0.2375 0.17578125 0.053125 0.071875
0 0.79296875 0.19765625 0.04375 0.0609375
0 0.121875 0.1765625 0.0484375 0.0578125
0 0.4390625 0.1921875 0.053125 0.08125
0 0.57265625 0.19921875 0.0484375 0.0796875
0 0.5765625 0.0234375 0.0296875 0.0421875
0 0.11796875 0.015625 0.0328125 0.03125
0 0.77109375 0.0328125 0.0484375 0.0484375
0 0.13203125 0.21796875 0.04375 0.0609375
0 0.32890625 0.2296875 0.04375 0.0703125
0 0.83125 0.03671875 0.04375 0.0515625
0 0.60546875 0.24921875 0.0578125 0.08125
0 0.02578125 0.23359375 0.034375 0.065625
0 0.24453125 0.240625 0.04375 0.0515625
0 0.48359375 0.025 0.0390625 0.05
0 0.8140625 0.26796875 0.0484375 0.0765625
0 0.63671875 0.0328125 0.053125 0.0578125
0 0.2859375 0.27265625 0.034375 0.0703125
0 0.16328125 0.27265625 0.0578125 0.0859375
0 0.371875 0.0265625 0.04375 0.053125
0 0.7015625 0.29609375 0.053125 0.0671875
0 0.58359375 0.296875 0.053125 0.090625
0 0.7453125 0.3140625 0.0671875 0.0765625
0 0.05546875 0.29453125 0.04375 0.065625
0 0.88828125 0.3375 0.0578125 0.08125
0 0.52265625 0.3296875 0.053125 0.0859375
0 0.11484375 0.3203125 0.053125 0.0671875
0 0.92421875 0.04921875 0.0546875 0.0703125
0 0.64921875 0.3390625 0.0578125 0.0671875
0 0.25390625 0.32734375 0.0625 0.0859375
0 0.35703125 0.3328125 0.053125 0.0578125
0 0.27265625 0.0296875 0.0578125 0.059375
0 0.43515625 0.37265625 0.053125 0.08125
0 0.32421875 0.36875 0.053125 0.0765625
0 0.18046875 0.025 0.0484375 0.0484375
0 0.0625 0.3640625 0.04375 0.0609375
0 0.7515625 0.39296875 0.059375 0.0953125
0 0.378125 0.40078125 0.0578125 0.0671875
0 0.109375 0.39296875 0.0578125 0.090625
0 0.08125 0.028125 0.04375 0.05625
0 0.6515625 0.4171875 0.0578125 0.08125
0 0.503125 0.4140625 0.0578125 0.08125
0 0.2046875 0.40625 0.04375 0.084375
0 0.55234375 0.04296875 0.04375 0.075
0 0.44375 0.04140625 0.053125 0.0765625
0 0.14140625 0.42265625 0.053125 0.08125
0 0.24296875 0.4375 0.0578125 0.08125
0 0.01328125 0.45703125 0.025 0.0421875
0 0.384375 0.4890625 0.053125 0.0765625
0 0.44921875 0.49609375 0.0640625 0.0953125
0 0.73984375 0.05859375 0.04375 0.0703125
0 0.2421875 0.5140625 0.0578125 0.090625
0 0.6078125 0.52734375 0.0625 0.090625
0 0.03125 0.51171875 0.0625 0.0765625
0 0.11484375 0.51875 0.0578125 0.0859375
0 0.72265625 0.54921875 0.0546875 0.0953125
0 0.98125 0.071875 0.0375 0.0625
0 0.8828125 0.07109375 0.0484375 0.071875
0 0.58984375 0.59765625 0.059375 0.0984375
0 0.46328125 0.6234375 0.06875 0.1078125
0 0.30546875 0.625 0.059375 0.0953125
0 0.184375 0.65546875 0.06875 0.103125
0 0.04921875 0.66953125 0.0734375 0.1
0 0.353125 0.06640625 0.04375 0.065625
0 0.2546875 0.09296875 0.053125 0.0671875
0 0.05546875 0.08828125 0.0390625 0.05625
0 0.17109375 0.0921875 0.0484375 0.0625