0 0.53671875 0.1265625 0.0203125 0.0328125
0 0.34453125 0.13984375 0.025 0.0328125
0 0.2828125 0.15078125 0.0265625 0.0421875
0 0.60625 0.13046875 0.025 0.0328125
0 0.6453125 0.13046875 0.0265625 0.0375
0 0.4203125 0.1578125 0.025 0.0328125
0 0.596875 0.16328125 0.0265625 0.0375
0 0.2703125 0.20078125 0.0265625 0.0421875
0 0.36953125 0.19609375 0.025 0.0328125
0 0.51484375 0.190625 0.0265625 0.0421875
0 0.43125 0.21484375 0.03125 0.04375
0 0.55859375 0.20859375 0.0265625 0.0421875
0 0.3234375 0.23125 0.0265625 0.0421875
0 0.39375 0.2453125 0.03125 0.04375
0 0.5125 0.24375 0.03125 0.04375
0 0.64375 0.23671875 0.0265625 0.0421875
0 0.33515625 0.26796875 0.0265625 0.0375
0 0.27109375 0.28203125 0.0265625 0.0375
0 0.11953125 0.296875 0.04375 0.0484375
0 0.42421875 0.278125 0.03125 0.0390625
0 0.38359375 0.28828125 0.0265625 0.0515625
0 0.6328125 0.271875 0.025 0.0328125
0 0.58125 0.27578125 0.021875 0.0375
0 0.56640625 0.28359375 0.03125 0.0390625
0 0.4015625 0.2953125 0.0265625 0.046875
0 0.665625 0.2796875 0.03125 0.0390625
0 0.60078125 0.28359375 0.025 0.0328125
0 0.2453125 0.3109375 0.0265625 0.0375
0 0.49765625 0.29609375 0.0203125 0.0296875
0 0.46015625 0.30078125 0.0296875 0.025
0 0.28515625 0.31328125 0.0265625 0.0375
0 0.26015625 0.31953125 0.0265625 0.0421875
0 0.4859375 0.30390625 0.0265625 0.0375
0 0.54609375 0.3015625 0.0265625 0.0375
0 0.43828125 0.31171875 0.021875 0.0375
0 0.62109375 0.30625 0.03125 0.0484375
0 0.5015625 0.31640625 0.0265625 0.0421875
0 0.6484375 0.30625 0.021875 0.0375
0 0.06484375 0.346875 0.03125 0.04375
0 0.31875 0.3296875 0.0265625 0.0421875
0 0.77578125 0.29765625 0.0203125 0.0296875
0 0.21484375 0.34140625 0.0203125 0.0328125
0 0.33984375 0.3328125 0.0265625 0.0421875
0 0.11328125 0.35078125 0.0203125 0.0296875
0 0.67734375 0.3140625 0.0296875 0.034375
0 0.46015625 0.33125 0.03125 0.04375
0 0.0171875 0.36484375 0.034375 0.0484375
0 0.409375 0.33984375 0.03125 0.0390625
0 0.75 0.31796875 0.025 0.0328125
0 0.1453125 0.3625 0.025 0.0328125
0 0.175 0.3609375 0.03125 0.0484375
0 0.525 0.3359375 0.0265625 0.0421875
0 0.596875 0.33125 0.0359375 0.0484375
0 0.65234375 0.33203125 0.0296875 0.025
0 0.81015625 0.32265625 0.0265625 0.0421875
0 0.27421875 0.3625 0.0203125 0.025
0 0.43828125 0.35078125 0.0359375 0.0484375
0 0.096875 0.384375 0.025 0.0328125
0 0.23125 0.375 0.03125 0.0484375
0 0.39296875 0.36328125 0.0265625 0.0375
0 0.36328125 0.36796875 0.034375 0.04375
0 0.7328125 0.3421875 0.0203125 0.0328125
0 0.6265625 0.34921875 0.03125 0.0390625
0 0.7859375 0.340625 0.03125 0.053125
0 0.075 0.39296875 0.034375 0.04375
0 0.11875 0.3921875 0.03125 0.053125
0 0.31328125 0.378125 0.0265625 0.0421875
0 0.0375 0.39765625 0.040625 0.0625
0 0.2921875 0.3796875 0.015625 0.025
0 0.47421875 0.3671875 0.0359375 0.0484375
0 0.678125 0.35546875 0.03125 0.0484375
0 0.334375 0.37890625 0.0265625 0.0421875
0 0.4265625 0.375 0.034375 0.034375
0 0.509375 0.36953125 0.03125 0.0484375
0 0.7640625 0.35390625 0.03125 0.0484375
0 0.64375 0.3625 0.03125 0.0484375
0 0.459375 0.37734375 0.0265625 0.0375
0 0.14921875 0.4015625 0.0265625 0.0375
0 0.09375 0.4078125 0.0296875 0.034375
0 0.18203125 0.4015625 0.025 0.0328125
0 0.56796875 0.37734375 0.0265625 0.0421875
0 0.284375 0.40390625 0.0359375 0.0578125
0 0.46640625 0.39140625 0.0203125 0.0328125
0 0.05390625 0.42265625 0.03125 0.0390625
0 0.815625 0.36875 0.0265625 0.0421875
0 0.55 0.3875 0.0203125 0.0328125
0 0.728125 0.375 0.040625 0.053125
0 0.428125 0.3984375 0.025 0.0328125
0 0.6265625 0.384375 0.03125 0.04375
0 0.40703125 0.40234375 0.03125 0.0484375
0 0.26640625 0.4125 0.0359375 0.0484375
0 0.3796875 0.40859375 0.034375 0.0390625
0 0.70390625 0.38828125 0.0265625 0.0375
0 0.49375 0.40546875 0.03125 0.04375
0 0.325 0.41875 0.03125 0.0390625
0 0.19375 0.428125 0.0296875 0.034375
0 0.53984375 0.40390625 0.040625 0.0578125
0 0.17734375 0.434375 0.0203125 0.0328125
0 0.10390625 0.44140625 0.03125 0.0390625
0 0.246875 0.43359375 0.0359375 0.0484375
0 0.6671875 0.40703125 0.0359375 0.053125
0 0.34921875 0.4359375 0.025 0.0328125
0 0.43984375 0.43203125 0.0359375 0.053125
0 0.471875 0.4296875 0.0359375 0.0484375
0 0.8578125 0.40546875 0.040625 0.0578125
0 0.5625 0.428125 0.0265625 0.0515625
0 0.7859375 0.4125 0.03125 0.053125
0 0.58828125 0.43125 0.040625 0.0625
0 0.06171875 0.46796875 0.040625 0.0578125
0 0.2125 0.46015625 0.021875 0.0375
0 0.13359375 0.4703125 0.0359375 0.053125
0 0.32109375 0.45703125 0.0265625 0.0421875
0 0.83359375 0.42109375 0.040625 0.0671875
0 0.1796875 0.46640625 0.034375 0.04375
0 0.090625 0.47578125 0.0359375 0.0484375
0 0.50078125 0.44921875 0.03125 0.0484375
0 0.1484375 0.4734375 0.03125 0.04375
0 0.38828125 0.459375 0.03125 0.0484375
0 0.29609375 0.4703125 0.03125 0.0484375
0 0.2640625 0.47265625 0.0265625 0.046875
0 0.73515625 0.4421875 0.040625 0.0625
0 0.36328125 0.4703125 0.03125 0.0484375
0 0.41640625 0.46875 0.040625 0.053125
0 0.4765625 0.46953125 0.0359375 0.0578125
0 0.69453125 0.4625 0.040625 0.0625
0 0.0171875 0.51484375 0.034375 0.0671875
0 0.17578125 0.5109375 0.034375 0.04375
0 0.5203125 0.4890625 0.0515625 0.0765625
0 0.24296875 0.5109375 0.0359375 0.0671875
0 0.3125 0.50625 0.0359375 0.0625
0 0.09375 0.5234375 0.0359375 0.0484375
0 0.93125 0.46484375 0.03125 0.0390625
0 0.56484375 0.49296875 0.0359375 0.0578125
0 0.209375 0.5203125 0.03125 0.053125
0 0.41640625 0.5078125 0.04375 0.0484375
0 0.83046875 0.47890625 0.040625 0.0671875
0 0.36875 0.5140625 0.03125 0.0484375
0 0.334375 0.51875 0.0390625 0.034375
0 0.15 0.53359375 0.021875 0.0375
0 0.86328125 0.484375 0.0359375 0.0484375
0 0.63046875 0.50234375 0.0453125 0.0625
0 0.7296875 0.4984375 0.0359375 0.053125
0 0.5546875 0.51484375 0.03125 0.053125
0 0.65234375 0.52109375 0.04375 0.0484375
0 0.18359375 0.55625 0.0453125 0.0671875
0 0.85546875 0.5140625 0.0546875 0.06875
0 0.9328125 0.515625 0.034375 0.04375
0 0.415625 0.55703125 0.0453125 0.0671875
0 0.35625 0.57265625 0.05 0.0671875
0 0.68671875 0.5515625 0.040625 0.0625
0 0.1 0.5953125 0.0375 0.071875
0 0.53046875 0.56484375 0.040625 0.053125
0 0.05703125 0.6078125 0.0359375 0.0578125
0 0.76953125 0.56484375 0.05625 0.078125
0 0.14609375 0.61328125 0.0453125 0.0578125
0 0.25 0.60625 0.040625 0.0625
0 0.6546875 0.58359375 0.046875 0.0765625
0 0.97265625 0.5703125 0.0546875 0.078125
0 0.5078125 0.60859375 0.0515625 0.0765625
0 0.61015625 0.625 0.0453125 0.0625
0 0.19765625 0.65546875 0.0453125 0.0671875
0 0.06640625 0.6671875 0.040625 0.0578125
0 0.74296875 0.62265625 0.0515625 0.071875
0 0.88125 0.6125 0.05 0.0671875
0 0.03203125 0.6765625 0.046875 0.0765625
0 0.8390625 0.6296875 0.0609375 0.078125
0 0.365625 0.6765625 0.05625 0.078125
0 0.1375 0.69453125 0.046875 0.071875
0 0.2984375 0.71171875 0.0453125 0.0671875
0 0.5546875 0.69375 0.059375 0.06875
0 0.9546875 0.69296875 0.0609375 0.078125
0 0.084375 0.7984375 0.059375 0.06875
0 0.2859375 0.784375 0.0703125 0.0921875
0 0.54453125 0.76875 0.0453125 0.0625
0 0.68359375 0.76953125 0.059375 0.06875
0 0.58984375 0.7859375 0.0609375 0.078125
0 0.9640625 0.76875 0.0609375 0.0828125
0 0.0875 0.8421875 0.0703125 0.0734375
0 0.44375 0.82421875 0.0796875 0.0890625
0 0.728125 0.809375 0.0609375 0.078125
0 0.990625 0.79453125 0.01875 0.0859375
0 0.23125 0.9015625 0.075 0.0921875
0 0.11640625 0.91484375 0.0609375 0.0734375
0 0.740625 0.8875 0.05625 0.0875
0 0.93125 0.88984375 0.0765625 0.1015625
0 0.62890625 0.9203125 0.075 0.0921875
0 0.78359375 0.93984375 0.0828125 0.075
0 0.13671875 0.9828125 0.0828125 0.034375
0 0.36171875 0.97734375 0.0734375 0.0453125