0 0.609375 0.18125 0.034375 0.05625
0 0.35 0.18984375 0.0390625 0.0703125
0 0.7 0.178125 0.0390625 0.0515625
0 0.5703125 0.1875 0.04375 0.0515625
0 0.92890625 0.175 0.034375 0.046875
0 0.46171875 0.2046875 0.034375 0.05625
0 0.82578125 0.196875 0.0390625 0.0515625
0 0.39296875 0.275 0.0390625 0.0609375
0 0.0171875 0.5359375 0.015625 0.046875
0 0.28671875 0.58203125 0.0203125 0.0328125
0 0.04921875 0.6015625 0.0296875 0.0421875
0 0.27265625 0.6140625 0.0203125 0.028125
0 0.23828125 0.64140625 0.0203125 0.0375
0 0.271875 0.71640625 0.025 0.0328125
0 0.32578125 0.74921875 0.025 0.0375
0 0.11796875 0.76796875 0.0296875 0.046875
0 0.01875 0.77421875 0.0203125 0.065625
0 0.06796875 0.7890625 0.0390625 0.0515625
0 0.12734375 0.8328125 0.0390625 0.0515625
0 0.18984375 0.83515625 0.0390625 0.05625
0 0.25 0.83515625 0.025 0.0515625
0 0.11640625 0.85390625 0.034375 0.0515625
0 0.1703125 0.884375 0.0296875 0.0515625
0 0.2828125 0.896875 0.046875 0.0390625