0 0.365625 0.371875 0.04375 0.06875
0 0.82109375 0.3203125 0.021875 0.0296875
0 0.94609375 0.3125 0.05625 0.0890625
0 0.47265625 0.37265625 0.0484375 0.1
0 0.796875 0.3375 0.0390625 0.059375
0 0.35078125 0.42734375 0.0359375 0.0671875
0 0.5671875 0.403125 0.0421875 0.0546875
0 0.7375 0.38203125 0.05 0.0828125
0 0.9125 0.36484375 0.0453125 0.0828125
0 0.834375 0.37734375 0.0453125 0.078125
0 0.28125 0.45234375 0.0390625 0.06875
0 0.0984375 0.47890625 0.0453125 0.0734375
0 0.21484375 0.47890625 0.034375 0.0578125
0 0.16484375 0.4875 0.0265625 0.0671875
0 0.4640625 0.46015625 0.0390625 0.06875
0 0.1875 0.5015625 0.0453125 0.0828125
0 0.2546875 0.49296875 0.0453125 0.078125
0 0.56953125 0.45703125 0.040625 0.078125
0 0.96640625 0.4078125 0.0515625 0.0875
0 0.34140625 0.4875 0.05 0.0734375
0 0.61328125 0.45546875 0.053125 0.096875
0 0.28359375 0.5078125 0.0453125 0.0734375
0 0.75625 0.45703125 0.040625 0.078125
0 0.39375 0.50390625 0.053125 0.0703125
0 0.80234375 0.4578125 0.04375 0.06875
0 0.10859375 0.56015625 0.05625 0.09375
0 0.44296875 0.0546875 0.0390625 0.059375
0 0.46875 0.0515625 0.0234375 0.04375
0 0.8109375 0.021875 0.04375 0.04375
0 0.45078125 0.534375 0.0453125 0.0734375
0 0.85078125 0.4890625 0.0546875 0.0796875
0 0.67890625 0.51484375 0.0453125 0.0734375
0 0.73828125 0.5078125 0.0515625 0.0921875
0 0.421875 0.54921875 0.0546875 0.0796875
0 0.2640625 0.57265625 0.05 0.0828125
0 0.58671875 0.53828125 0.0546875 0.0796875
0 0.178125 0.5953125 0.0515625 0.0921875
0 0.20859375 0.59609375 0.0578125 0.0984375
0 0.54453125 0.0515625 0.046875 0.0546875
0 0.6671875 0.584375 0.0515625 0.0921875
0 0.484375 0.6328125 0.046875 0.0921875
0 0.428125 0.63984375 0.0578125 0.10625
0 0.88515625 0.6203125 0.05625 0.0890625
0 0.25546875 0.73515625 0.065625 0.0890625
0 0.5453125 0.7140625 0.0671875 0.1078125
0 0.07578125 0.7875 0.065625 0.09375
0 0.9546875 0.7078125 0.0546875 0.084375
0 0.71796875 0.04921875 0.0328125 0.040625
0 0.05234375 0.8234375 0.04375 0.1046875
0 0.2296875 0.80390625 0.0640625 0.1109375
0 0.62421875 0.7671875 0.0765625 0.109375
0 0.2875 0.81953125 0.05625 0.09375
0 0.18125 0.846875 0.084375 0.1328125
0 0.7140625 0.80234375 0.0796875 0.096875
0 0.6140625 0.06640625 0.034375 0.053125
0 0.6765625 0.0609375 0.0328125 0.0484375
0 0.8859375 0.8 0.0640625 0.1109375
0 0.61328125 0.85234375 0.065625 0.0984375
0 0.3421875 0.1046875 0.0375 0.05
0 0.10234375 0.93125 0.05625 0.09375
0 0.459375 0.8921875 0.0359375 0.071875
0 0.2765625 0.921875 0.06875 0.1125
0 0.07890625 0.93828125 0.0671875 0.1234375
0 0.70859375 0.87109375 0.0828125 0.11875
0 0.50078125 0.9015625 0.0703125 0.090625
0 0.94921875 0.853125 0.0703125 0.1359375
0 0.24140625 0.96640625 0.0578125 0.0671875
0 0.815625 0.05234375 0.0375 0.0453125
0 0.15 0.134375 0.0375 0.0546875
0 0.846875 0.9171875 0.0734375 0.0859375
0 0.4828125 0.9625 0.06875 0.075
0 0.3890625 0.9734375 0.053125 0.053125
0 0.55 0.96328125 0.0578125 0.0703125
0 0.5640625 0.09296875 0.04375 0.059375
0 0.52578125 0.1 0.0359375 0.0671875
0 0.6359375 0.08671875 0.0234375 0.04375
0 0.503125 0.11015625 0.034375 0.053125
0 0.209375 0.1484375 0.04375 0.059375
0 0.10625 0.1609375 0.0328125 0.04375
0 0.88125 0.0703125 0.04375 0.06875
0 0.16484375 0.16328125 0.0390625 0.059375
0 0.59765625 0.11484375 0.034375 0.053125
0 0.4484375 0.13828125 0.04375 0.06875
0 0.65 0.12265625 0.0375 0.0546875
0 0.26484375 0.1796875 0.034375 0.0578125
0 0.125 0.20078125 0.0390625 0.0640625
0 0.2078125 0.19296875 0.0484375 0.059375
0 0.3765625 0.18125 0.04375 0.06875
0 0.70234375 0.15546875 0.046875 0.0546875
0 0.5046875 0.18203125 0.0453125 0.0828125
0 0.6 0.1703125 0.0359375 0.0671875
0 0.1609375 0.22421875 0.05 0.0828125
0 0.428125 0.19375 0.0375 0.0546875
0 0.41328125 0.2125 0.0390625 0.06875
0 0.66484375 0.190625 0.04375 0.0640625
0 0.121875 0.2640625 0.0390625 0.0640625
0 0.31171875 0.24296875 0.0359375 0.0671875
0 0.37109375 0.24765625 0.03125 0.0625
0 0.246875 0.2765625 0.04375 0.06875
0 0.56015625 0.24296875 0.0453125 0.078125
0 0.33984375 0.27734375 0.04375 0.06875
0 0.46484375 0.27109375 0.034375 0.0578125
0 0.20546875 0.3078125 0.04375 0.06875
0 0.3 0.29609375 0.0375 0.0546875
0 0.5046875 0.2734375 0.0453125 0.078125
0 0.07578125 0.3328125 0.0546875 0.084375
0 0.42734375 0.2890625 0.0453125 0.0828125
0 0.85078125 0.2609375 0.040625 0.0734375
0 0.4609375 0.315625 0.04375 0.059375
0 0.27734375 0.340625 0.0484375 0.096875
0 0.328125 0.33671875 0.0453125 0.078125
0 0.596875 0.30390625 0.0546875 0.084375
0 0.696875 0.31328125 0.0453125 0.078125