0 0.2296875 0.48203125 0.021875 0.0296875
0 0.47109375 0.45703125 0.0109375 0.015625
0 0.88515625 0.40859375 0.0328125 0.040625
0 0.43046875 0.46484375 0.0109375 0.0203125
0 0.6625 0.440625 0.015625 0.0203125
0 0.6765625 0.4390625 0.0171875 0.025
0 0.44765625 0.46953125 0.0109375 0.015625
0 0.459375 0.46796875 0.0109375 0.0109375
0 0.6984375 0.44140625 0.015625 0.015625
0 0.78984375 0.4296875 0.00625 0.009375
0 0.4984375 0.465625 0.0203125 0.015625
0 0.728125 0.43984375 0.0109375 0.015625
0 0.92578125 0.415625 0.0109375 0.015625
0 0.68671875 0.44453125 0.015625 0.015625
0 0.8109375 0.4296875 0.00625 0.0140625
0 0.82265625 0.428125 0.015625 0.0203125
0 0.5765625 0.46015625 0.0109375 0.015625
0 0.7125 0.44296875 0.021875 0.025
0 0.7328125 0.440625 0.015625 0.0203125
0 0.76328125 0.43671875 0.0109375 0.015625
0 0.834375 0.428125 0.021875 0.025
0 0.775 0.43828125 0.0109375 0.015625
0 0.946875 0.41640625 0.00625 0.009375
0 0.75625 0.43984375 0.0109375 0.0109375
0 0.79765625 0.4375 0.0109375 0.015625
0 0.7859375 0.4390625 0.0109375 0.0203125
0 0.8484375 0.43125 0.0171875 0.025
0 0.759375 0.44453125 0.00625 0.009375
0 0.9703125 0.42109375 0.0109375 0.0109375
0 0.37421875 0.49921875 0.015625 0.0203125
0 0.425 0.4953125 0.015625 0.0109375
0 0.44765625 0.4921875 0.0203125 0.0203125
0 0.8203125 0.44921875 0.0109375 0.015625
0 0.4 0.50078125 0.015625 0.0203125
0 0.4640625 0.4921875 0.021875 0.025
0 0.5890625 0.48203125 0.015625 0.0203125
0 0.65546875 0.4765625 0.0171875 0.025
0 0.4421875 0.5046875 0.021875 0.025
0 0.6421875 0.48046875 0.015625 0.015625
0 0.55703125 0.490625 0.0171875 0.025
0 0.56875 0.49140625 0.0109375 0.015625
0 0.6078125 0.4890625 0.0171875 0.025
0 0.79921875 0.46796875 0.021875 0.0296875
0 0.7875 0.471875 0.021875 0.025
0 0.40703125 0.52109375 0.021875 0.0296875
0 0.384375 0.5234375 0.0171875 0.0296875
0 0.43203125 0.51796875 0.021875 0.025
0 0.32890625 0.53046875 0.0265625 0.03125
0 0.5203125 0.509375 0.015625 0.0203125
0 0.77734375 0.478125 0.021875 0.0296875
0 0.4765625 0.51953125 0.0265625 0.0265625
0 0.6421875 0.49921875 0.021875 0.0296875
0 0.703125 0.4984375 0.021875 0.034375
0 0.60625 0.515625 0.0265625 0.034375
0 0.68046875 0.51015625 0.021875 0.0296875