0 0.39921875 0.084375 0.0546875 0.0765625
0 0.75859375 0.16328125 0.04375 0.0703125
0 0.975 0.096875 0.0421875 0.034375
0 0.16015625 0.05390625 0.0546875 0.0546875
0 0.5390625 0.13046875 0.0578125 0.0765625
0 0.8046875 0.18203125 0.059375 0.08125
0 0.72421875 0.1828125 0.0484375 0.0703125
0 0.6296875 0.171875 0.0546875 0.0765625
0 0.98671875 0.246875 0.0265625 0.078125
0 0.671875 0.18671875 0.0671875 0.078125
0 0.41875 0.15390625 0.0765625 0.0984375
0 0.86328125 0.2453125 0.0578125 0.071875
0 0.95546875 0.26796875 0.0578125 0.0765625
0 0.47109375 0.1734375 0.065625 0.0875
0 0.35234375 0.16484375 0.065625 0.0875
0 0.53671875 0.20078125 0.0578125 0.071875
0 0.17265625 0.134375 0.065625 0.0921875
0 0.09140625 0.13046875 0.0625 0.0953125
0 0.671875 0.24765625 0.053125 0.05
0 0.3078125 0.17734375 0.065625 0.0921875
0 0.8171875 0.27578125 0.05625 0.0859375
0 0.715625 0.26328125 0.0484375 0.0703125
0 0.22109375 0.17421875 0.0515625 0.0671875
0 0.79609375 0.2984375 0.0484375 0.0703125
0 0.5640625 0.2671875 0.0609375 0.0859375
0 0.5046875 0.26015625 0.065625 0.0875
0 0.66796875 0.30390625 0.05625 0.0859375
0 0.8734375 0.09453125 0.0515625 0.0671875
0 0.409375 0.2625 0.059375 0.08125
0 0.45625 0.27421875 0.0578125 0.071875
0 0.90546875 0.10078125 0.0390625 0.0640625
0 0.34765625 0.26484375 0.065625 0.0875
0 0.90234375 0.384375 0.0640625 0.0828125
0 0.23515625 0.2625 0.059375 0.08125
0 0.7375 0.36015625 0.05625 0.0859375
0 0.29296875 0.28046875 0.06875 0.0828125
0 0.771875 0.3859375 0.05 0.075
0 0.81953125 0.39765625 0.0640625 0.0828125
0 0.1046875 0.27890625 0.08125 0.103125
0 0.6625 0.39453125 0.053125 0.071875
0 0.609375 0.38671875 0.0546875 0.08125
0 0.9359375 0.4625 0.059375 0.08125
0 0.50625 0.38359375 0.0734375 0.084375
0 0.540625 0.4 0.04375 0.0875
0 0.97734375 0.490625 0.0453125 0.090625
0 0.875 0.47421875 0.0546875 0.08125
0 0.3703125 0.378125 0.0578125 0.0765625
0 0.42421875 0.39296875 0.0671875 0.096875
0 0.0484375 0.32734375 0.0578125 0.071875
0 0.834375 0.4796875 0.059375 0.059375
0 0.27265625 0.3703125 0.071875 0.096875
0 0.5421875 0.04296875 0.053125 0.071875
0 0.81015625 0.515625 0.0671875 0.05625
0 0.703125 0.5 0.0578125 0.0765625
0 0.7640625 0.51171875 0.0625 0.078125
0 0.98515625 0.55703125 0.0296875 0.0453125
0 0.64296875 0.4953125 0.0484375 0.0703125
0 0.503125 0.46953125 0.065625 0.0875
0 0.17734375 0.42265625 0.065625 0.0875
0 0.6015625 0.51015625 0.0546875 0.08125
0 0.13515625 0.421875 0.059375 0.08125
0 0.02265625 0.40703125 0.0453125 0.096875
0 0.55546875 0.51796875 0.0546875 0.08125
0 0.07265625 0.43125 0.0765625 0.0984375
0 0.96484375 0.61640625 0.0546875 0.08125
0 0.38359375 0.50390625 0.0671875 0.096875
0 0.44453125 0.51796875 0.071875 0.096875
0 0.6828125 0.08046875 0.05 0.0796875
0 0.84921875 0.60546875 0.053125 0.09375
0 0.81484375 0.603125 0.05 0.075
0 0.890625 0.646875 0.0609375 0.0640625
0 0.284375 0.52890625 0.0609375 0.090625
0 0.7859375 0.63125 0.0671875 0.096875
0 0.22734375 0.5296875 0.0703125 0.0921875
0 0.72890625 0.634375 0.0546875 0.08125
0 0.17578125 0.5296875 0.059375 0.08125
0 0.66171875 0.62734375 0.05625 0.0859375
0 0.80390625 0.1109375 0.053125 0.071875
0 0.96328125 0.6890625 0.0328125 0.08125
0 0.6359375 0.08046875 0.05625 0.0859375
0 0.60234375 0.65234375 0.0578125 0.0765625
0 0.08984375 0.55703125 0.0765625 0.0984375
0 0.01953125 0.540625 0.0390625 0.1125
0 0.934375 0.72578125 0.05625 0.090625
0 0.55859375 0.66015625 0.0671875 0.096875
0 0.8890625 0.73125 0.071875 0.1015625
0 0.3890625 0.64296875 0.0765625 0.103125
0 0.50859375 0.6734375 0.0671875 0.096875
0 0.83359375 0.75078125 0.06875 0.1046875
0 0.79140625 0.76171875 0.0703125 0.11875
0 0.340625 0.6765625 0.078125 0.1109375
0 0.7578125 0.76015625 0.0671875 0.096875
0 0.49296875 0.0625 0.0546875 0.08125
0 0.17265625 0.66953125 0.0875 0.1078125
0 0.240625 0.6828125 0.08125 0.0984375
0 0.58125 0.08203125 0.0546875 0.0765625
0 0.7265625 0.79375 0.0703125 0.0921875
0 0.66640625 0.784375 0.0578125 0.0953125
0 0.55859375 0.76875 0.0734375 0.10625
0 0.52421875 0.8015625 0.0671875 0.096875
0 0.0828125 0.715625 0.0734375 0.10625
0 0.45625 0.8 0.0953125 0.109375
0 0.0328125 0.715625 0.065625 0.1125
0 0.37109375 0.7984375 0.0734375 0.10625
0 0.90390625 0.9203125 0.0546875 0.1015625
0 0.32734375 0.8171875 0.06875 0.1046875
0 0.7890625 0.91640625 0.0640625 0.103125
0 0.2546875 0.815625 0.0640625 0.103125
0 0.2140625 0.809375 0.0921875 0.0875
0 0.69453125 0.9078125 0.0703125 0.0921875
0 0.10546875 0.02421875 0.0515625 0.0484375
0 0.825 0.940625 0.0453125 0.0796875
0 0.61953125 0.90546875 0.078125 0.0671875
0 0.0640625 0.8140625 0.0734375 0.040625
0 0.5109375 0.90546875 0.05 0.03125
0 0.2921875 0.0421875 0.053125 0.071875
0 0.346875 0.06171875 0.05625 0.0859375
0 0.23828125 0.040625 0.0625 0.078125