0 0.41953125 0.1953125 0.0171875 0.0171875
0 0.90625 0.103125 0.0171875 0.0203125
0 0.4046875 0.20234375 0.0125 0.0203125
0 0.05 0.27421875 0.0171875 0.0171875
0 0.221875 0.2453125 0.0125 0.0203125
0 0.06953125 0.27734375 0.00625 0.009375
0 0.6625 0.16171875 0.0125 0.015625
0 0.0953125 0.27265625 0.00625 0.009375
0 0.23984375 0.24375 0.00625 0.009375
0 0.4515625 0.203125 0.0125 0.015625
0 0.15 0.26171875 0.0125 0.015625
0 0.4765625 0.1984375 0.0109375 0.0109375
0 0.190625 0.25625 0.0125 0.015625
0 0.0046875 0.2921875 0.00625 0.00625
0 0.375 0.2203125 0.0125 0.0203125
0 0.55859375 0.184375 0.0125 0.0203125
0 0.0296875 0.2875 0.00625 0.00625
0 0.08671875 0.2765625 0.00625 0.009375
0 0.25234375 0.24609375 0.00625 0.00625
0 0.11796875 0.27265625 0.00625 0.00625
0 0.13671875 0.26875 0.00625 0.00625
0 0.23203125 0.25078125 0.00625 0.00625
0 0.0125 0.2953125 0.015625 0.0125
0 0.0375 0.290625 0.0078125 0.0140625
0 0.128125 0.2734375 0.00625 0.00625
0 0.0234375 0.29296875 0.00625 0.009375
0 0.72890625 0.1609375 0.0109375 0.0109375
0 0.01015625 0.3078125 0.0109375 0.0109375
0 0.453125 0.2234375 0.00625 0.00625
0 0.12421875 0.28984375 0.00625 0.009375
0 0.471875 0.221875 0.0109375 0.0109375
0 0.1125 0.2921875 0.0078125 0.0140625
0 0.4828125 0.2203125 0.0078125 0.0140625
0 0.4609375 0.22421875 0.00625 0.00625
0 0.3609375 0.24609375 0.00625 0.009375
0 0.1359375 0.28984375 0.00625 0.009375
0 0.3109375 0.2578125 0.00625 0.00625
0 0.3 0.26015625 0.009375 0.00625
0 0.2796875 0.2640625 0.00625 0.009375
0 0.6046875 0.203125 0.0109375 0.0109375
0 0.09375 0.303125 0.00625 0.00625
0 0.32578125 0.2578125 0.0125 0.015625
0 0.5046875 0.22265625 0.00625 0.009375
0 0.61640625 0.2015625 0.0171875 0.0171875
0 0.203125 0.28125 0.0125 0.015625
0 0.25078125 0.27265625 0.0125 0.015625
0 0.59609375 0.20546875 0.0109375 0.0109375
0 0.084375 0.3046875 0.00625 0.00625
0 0.175 0.28671875 0.0078125 0.0140625
0 0.559375 0.2125 0.009375 0.00625
0 0.58515625 0.20703125 0.00625 0.00625
0 0.27421875 0.2703125 0.0109375 0.0109375
0 0.021875 0.31953125 0.00625 0.009375
0 0.3515625 0.25546875 0.0125 0.015625
0 0.51484375 0.2234375 0.0078125 0.0140625
0 0.578125 0.2109375 0.0078125 0.01875
0 0.1921875 0.2859375 0.0125 0.015625
0 0.653125 0.19609375 0.0125 0.015625
0 0.62578125 0.2015625 0.0109375 0.0109375
0 0.1015625 0.30625 0.00625 0.00625
0 0.52421875 0.22421875 0.0125 0.015625
0 0.3359375 0.2609375 0.00625 0.009375
0 0.5359375 0.221875 0.00625 0.009375
0 0.6375 0.2015625 0.0109375 0.0109375
0 0.34453125 0.25859375 0.00625 0.00625
0 0.2859375 0.27265625 0.0109375 0.0109375
0 0.03359375 0.321875 0.00625 0.009375
0 0.08828125 0.3109375 0.00625 0.009375
0 0.265625 0.2765625 0.009375 0.00625
0 0.57265625 0.2171875 0.0109375 0.0109375
0 0.7015625 0.19140625 0.0171875 0.0171875
0 0.13203125 0.3046875 0.00625 0.009375
0 0.315625 0.26953125 0.00625 0.009375
0 0.21171875 0.2890625 0.00625 0.009375
0 0.35703125 0.2609375 0.00625 0.009375
0 0.015625 0.32734375 0.0078125 0.0140625
0 0.025 0.32578125 0.00625 0.009375
0 0.3046875 0.27109375 0.0109375 0.0109375
0 0.4734375 0.23828125 0.00625 0.009375
0 0.690625 0.19609375 0.0171875 0.0203125
0 0.2734375 0.2796875 0.0109375 0.0109375
0 0.11640625 0.31015625 0.009375 0.00625
0 0.67734375 0.2015625 0.0078125 0.0140625
0 0.00390625 0.3328125 0.0078125 0.015625
0 0.58671875 0.21875 0.0125 0.0203125
0 0.4625 0.2453125 0.0125 0.015625
0 0.50546875 0.23671875 0.00625 0.009375
0 0.61640625 0.215625 0.0078125 0.0140625
0 0.73203125 0.19296875 0.0125 0.015625
0 0.74609375 0.190625 0.0078125 0.0140625
0 0.4015625 0.259375 0.0171875 0.0203125
0 0.24921875 0.2890625 0.00625 0.009375
0 0.75390625 0.19140625 0.0125 0.015625
0 0.45625 0.24921875 0.00625 0.009375
0 0.7765625 0.18671875 0.0125 0.015625
0 0.48984375 0.2421875 0.0125 0.015625
0 0.76484375 0.1890625 0.0125 0.015625
0 0.04296875 0.3296875 0.00625 0.00625
0 0.57890625 0.225 0.0125 0.015625
0 0.29296875 0.2828125 0.0109375 0.0109375
0 0.56796875 0.2296875 0.0125 0.015625
0 0.234375 0.29453125 0.0109375 0.0109375
0 0.36953125 0.26796875 0.0171875 0.0171875
0 0.415625 0.259375 0.0109375 0.0109375
0 0.11953125 0.3171875 0.00625 0.009375
0 0.796875 0.18515625 0.0171875 0.0203125
0 0.71875 0.203125 0.0171875 0.0203125
0 0.2046875 0.303125 0.0109375 0.0109375
0 0.52265625 0.240625 0.0078125 0.0140625
0 0.0296875 0.33671875 0.0125 0.015625
0 0.14296875 0.31484375 0.0171875 0.0171875
0 0.3203125 0.28046875 0.0109375 0.0109375
0 0.35 0.27421875 0.0125 0.015625
0 0.5453125 0.23671875 0.0140625 0.025
0 0.2703125 0.28984375 0.0125 0.015625
0 0.34140625 0.2765625 0.0125 0.015625
0 0.48046875 0.2515625 0.0125 0.015625
0 0.65078125 0.21875 0.0125 0.0203125
0 0.6640625 0.215625 0.0125 0.015625
0 0.1640625 0.31328125 0.0125 0.015625
0 0.0515625 0.3375 0.0125 0.015625
0 0.41953125 0.265625 0.0109375 0.0109375
0 0.453125 0.259375 0.0125 0.015625
0 0.26015625 0.296875 0.0109375 0.0109375
0 0.3828125 0.27265625 0.01875 0.025
0 0.68515625 0.2140625 0.0171875 0.0171875
0 0.07421875 0.33515625 0.0171875 0.0203125
0 0.3171875 0.28828125 0.0109375 0.0109375
0 0.63984375 0.225 0.0171875 0.0203125
0 0.15859375 0.31875 0.0125 0.015625
0 0.51015625 0.25078125 0.0171875 0.0203125
0 0.60625 0.23203125 0.0125 0.015625
0 0.3765625 0.27890625 0.0125 0.015625
0 0.465625 0.26171875 0.0171875 0.0171875
0 0.5609375 0.24296875 0.0125 0.0203125
0 0.33359375 0.2875 0.0125 0.015625
0 0.496875 0.25546875 0.00625 0.00625
0 0.1921875 0.31484375 0.00625 0.009375
0 0.3609375 0.28203125 0.0078125 0.0140625
0 0.6171875 0.23203125 0.0125 0.015625
0 0.52265625 0.253125 0.0078125 0.0140625
0 0.2796875 0.3 0.01875 0.025
0 0.29375 0.29765625 0.0125 0.0203125
0 0.58203125 0.24140625 0.0171875 0.0171875
0 0.18359375 0.31875 0.0171875 0.0203125
0 0.02265625 0.35 0.0125 0.0203125
0 0.7734375 0.20625 0.01875 0.025
0 0.14375 0.32890625 0.0125 0.0203125
0 0.2046875 0.3171875 0.0125 0.015625
0 0.125 0.3328125 0.0171875 0.0171875
0 0.35078125 0.290625 0.0171875 0.0171875
0 0.628125 0.2375 0.01875 0.025
0 0.74609375 0.2140625 0.0171875 0.0203125
0 0.26015625 0.30859375 0.0125 0.015625
0 0.01640625 0.35625 0.0125 0.0203125
0 0.24609375 0.31171875 0.0125 0.0203125
0 0.60078125 0.2421875 0.0171875 0.0203125
0 0.71484375 0.22265625 0.01875 0.025
0 0.1046875 0.34375 0.0125 0.0203125
0 0.04765625 0.3546875 0.0125 0.015625
0 0.4609375 0.27421875 0.021875 0.021875
0 0.65625 0.23671875 0.0125 0.0203125
0 0.7296875 0.22421875 0.0171875 0.0203125
0 0.67109375 0.2359375 0.0234375 0.0265625
0 0.21796875 0.32421875 0.0171875 0.0203125
0 0.17109375 0.3328125 0.0125 0.0203125
0 0.82734375 0.20546875 0.0171875 0.0171875
0 0.309375 0.30859375 0.01875 0.025
0 0.1203125 0.3453125 0.015625 0.0125
0 0.084375 0.35234375 0.01875 0.025
0 0.37265625 0.29609375 0.0234375 0.0265625
0 0.8484375 0.20625 0.01875 0.025
0 0.58984375 0.25625 0.0171875 0.0203125
0 0.18125 0.33828125 0.0171875 0.0203125
0 0.6921875 0.2390625 0.01875 0.025
0 0.79453125 0.21875 0.0234375 0.0265625
0 0.4328125 0.2890625 0.0234375 0.0265625
0 0.03984375 0.365625 0.0125 0.0203125
0 0.8625 0.20625 0.01875 0.0296875
0 0.5515625 0.26796875 0.021875 0.021875
0 0.41328125 0.29453125 0.0171875 0.0203125
0 0.31796875 0.315625 0.0234375 0.0265625
0 0.26171875 0.32890625 0.0234375 0.0265625
0 0.3546875 0.3109375 0.0234375 0.0265625
0 0.4890625 0.28515625 0.01875 0.025
0 0.0578125 0.36875 0.01875 0.025
0 0.7703125 0.23046875 0.01875 0.025
0 0.47109375 0.28828125 0.0140625 0.025
0 0.125 0.3578125 0.021875 0.021875
0 0.56640625 0.271875 0.01875 0.0296875
0 0.834375 0.2203125 0.01875 0.025
0 0.903125 0.20703125 0.01875 0.025
0 0.54765625 0.28046875 0.0234375 0.03125
0 0.746875 0.2421875 0.0234375 0.0265625
0 0.60625 0.26953125 0.0203125 0.0390625
0 0.8203125 0.2296875 0.01875 0.025
0 0.9453125 0.20546875 0.0109375 0.0375
0 0.24296875 0.3421875 0.01875 0.025
0 0.890625 0.21875 0.0234375 0.03125
0 0.8078125 0.23984375 0.028125 0.028125
0 0.01953125 0.39296875 0.021875 0.021875
0 0.78125 0.246875 0.0234375 0.0265625
0 0.621875 0.278125 0.025 0.034375
0 0.2015625 0.36015625 0.0171875 0.0171875
0 0.6375 0.275 0.0203125 0.0390625
0 0.2703125 0.3515625 0.0234375 0.0265625
0 0.85234375 0.23828125 0.025 0.0390625
0 0.30703125 0.34375 0.0296875 0.0359375
0 0.21640625 0.36171875 0.01875 0.025
0 0.1734375 0.37265625 0.0234375 0.0265625
0 0.009375 0.40390625 0.01875 0.0265625
0 0.4875 0.31171875 0.0328125 0.0328125
0 0.73046875 0.26640625 0.025 0.034375
0 0.05703125 0.40234375 0.0234375 0.03125
0 0.35 0.3453125 0.0296875 0.0359375
0 0.09765625 0.396875 0.0234375 0.0265625
0 0.0515625 0.41015625 0.01875 0.025
0 0.2625 0.371875 0.0359375 0.0453125
0 0.7921875 0.26875 0.0265625 0.0234375
0 0.33046875 0.35859375 0.03125 0.0453125
0 0.925 0.2453125 0.025 0.0390625
0 0.19296875 0.38984375 0.0234375 0.03125
0 0.43671875 0.34296875 0.0359375 0.0453125
0 0.12890625 0.4078125 0.034375 0.0421875
0 0.571875 0.32578125 0.034375 0.0421875
0 0.69765625 0.30546875 0.0359375 0.0453125
0 0.94609375 0.259375 0.0296875 0.040625
0 0.50546875 0.34765625 0.034375 0.0421875
0 0.86953125 0.28671875 0.04375 0.046875
0 0.32578125 0.39453125 0.0390625 0.046875
0 0.6671875 0.328125 0.040625 0.05625
0 0.80390625 0.30390625 0.05 0.053125
0 0.01171875 0.459375 0.0234375 0.046875
0 0.50625 0.3734375 0.034375 0.0421875
0 0.2140625 0.45 0.0453125 0.05625
0 0.08203125 0.4828125 0.040625 0.05625
0 0.4171875 0.42578125 0.0421875 0.0609375
0 0.4390625 0.4265625 0.028125 0.053125
0 0.52890625 0.409375 0.0453125 0.05625
0 0.0578125 0.5171875 0.0515625 0.0671875
0 0.40078125 0.45078125 0.05625 0.0671875
0 0.6734375 0.421875 0.040625 0.0515625
0 0.92578125 0.421875 0.05625 0.0671875
0 0.6421875 0.51484375 0.0625 0.078125
0 0.7765625 0.60234375 0.071875 0.096875
0 0.40390625 0.77109375 0.0640625 0.0828125
0 0.31484375 0.1046875 0.028125 0.0328125
0 0.66484375 0.82578125 0.0984375 0.11875
0 0.59921875 0.8625 0.1 0.084375
0 0.35546875 0.10859375 0.0234375 0.0265625