0 0.121875 0.18359375 0.075 0.0625
0 0.85859375 0.121875 0.0703125 0.0671875
0 0.5109375 0.165625 0.059375 0.084375
0 0.63671875 0.16640625 0.0390625 0.0671875
0 0.92109375 0.1390625 0.040625 0.0359375
0 0.40390625 0.2078125 0.0671875 0.0796875
0 0.76796875 0.16953125 0.053125 0.0734375
0 0.703125 0.1765625 0.059375 0.084375
0 0.6 0.1890625 0.078125 0.0859375
0 0.24921875 0.2359375 0.0828125 0.1
0 0.3140625 0.23125 0.0328125 0.04375
0 0.17578125 0.2484375 0.078125 0.0953125
0 0.659375 0.19765625 0.0375 0.053125
0 0.45859375 0.22109375 0.0421875 0.059375
0 0.8296875 0.18203125 0.06875 0.0890625
0 0.51328125 0.23046875 0.0671875 0.075
0 0.91015625 0.19609375 0.0734375 0.090625