0 0.4109375 0.4296875 0.0171875 0.025
0 0.50859375 0.4453125 0.0046875 0.0046875
0 0.515625 0.4484375 0.0046875 0.0046875
0 0.53828125 0.45234375 0.0046875 0.0046875
0 0.5265625 0.45078125 0.0046875 0.0046875
0 0.53125 0.453125 0.0046875 0.0046875
0 0.4625 0.44296875 0.00625 0.009375
0 0.5125 0.45078125 0.0046875 0.0046875
0 0.484375 0.4484375 0.0046875 0.0046875
0 0.50078125 0.45078125 0.0046875 0.0046875
0 0.54375 0.4578125 0.0046875 0.0046875
0 0.49375 0.45 0.00625 0.009375
0 0.4734375 0.44921875 0.00625 0.009375
0 0.5046875 0.45390625 0.0046875 0.0046875
0 0.44765625 0.4453125 0.0109375 0.015625
0 0.56875 0.4640625 0.0046875 0.0046875
0 0.4796875 0.45 0.00625 0.009375
0 0.534375 0.4609375 0.0046875 0.0046875
0 0.5453125 0.46328125 0.0046875 0.0046875
0 0.55234375 0.46640625 0.0046875 0.0046875
0 0.55859375 0.4671875 0.0046875 0.0046875
0 0.5796875 0.47109375 0.00625 0.009375
0 0.48359375 0.45546875 0.00625 0.009375
0 0.50390625 0.45859375 0.00625 0.009375
0 0.47421875 0.45625 0.00625 0.009375
0 0.51328125 0.4625 0.00625 0.009375
0 0.525 0.4640625 0.0046875 0.0046875
0 0.6546875 0.48515625 0.0390625 0.0546875
0 0.5203125 0.46328125 0.00625 0.009375
0 0.4234375 0.45078125 0.0046875 0.0046875
0 0.53984375 0.46875 0.0046875 0.0046875
0 0.571875 0.47421875 0.00625 0.009375
0 0.4390625 0.453125 0.0109375 0.015625
0 0.46953125 0.4578125 0.00625 0.009375
0 0.41328125 0.4515625 0.00625 0.009375
0 0.55078125 0.4734375 0.0109375 0.0109375
0 0.58828125 0.47890625 0.0046875 0.0046875
0 0.56484375 0.47578125 0.0046875 0.0046875
0 0.45234375 0.46015625 0.015625 0.015625
0 0.425 0.45546875 0.0046875 0.0046875
0 0.48671875 0.465625 0.0046875 0.0046875
0 0.4296875 0.45625 0.0046875 0.0046875
0 0.2390625 0.428125 0.04375 0.05625
0 0.59765625 0.48671875 0.0109375 0.015625
0 0.3671875 0.45078125 0.0109375 0.015625
0 0.5796875 0.484375 0.0046875 0.0046875
0 0.33046875 0.446875 0.0171875 0.025
0 0.47421875 0.46953125 0.00625 0.009375
0 0.496875 0.47578125 0.0171875 0.0203125
0 0.38046875 0.45703125 0.028125 0.0359375
0 0.77578125 0.5203125 0.0234375 0.03125
0 0.41640625 0.465625 0.0109375 0.015625
0 0.42734375 0.4671875 0.0109375 0.0109375
0 0.55546875 0.4875 0.0171875 0.0203125
0 0.4578125 0.471875 0.0171875 0.025
0 0.10703125 0.41875 0.0171875 0.025
0 0.57890625 0.49375 0.015625 0.015625
0 0.5671875 0.49140625 0.00625 0.009375
0 0.603125 0.49765625 0.0109375 0.0109375
0 0.59609375 0.4984375 0.0109375 0.015625
0 0.5328125 0.48828125 0.0234375 0.034375
0 0.475 0.4796875 0.0109375 0.015625
0 0.21953125 0.4390625 0.0171875 0.0203125
0 0.5140625 0.48828125 0.0234375 0.03125
0 0.13203125 0.42734375 0.0234375 0.034375
0 0.259375 0.45 0.01875 0.0296875
0 0.346875 0.4640625 0.0296875 0.0453125
0 0.32578125 0.4609375 0.0109375 0.015625
0 0.16796875 0.43515625 0.0171875 0.0203125
0 0.08984375 0.42578125 0.0234375 0.034375
0 0.021875 0.41484375 0.028125 0.0359375
0 0.446875 0.48203125 0.0171875 0.0203125
0 0.1609375 0.43671875 0.021875 0.0265625
0 0.21328125 0.44765625 0.015625 0.015625
0 0.2796875 0.4578125 0.028125 0.040625
0 0.61328125 0.5109375 0.0171875 0.025
0 0.80078125 0.540625 0.03125 0.053125
0 0.29921875 0.46328125 0.021875 0.0265625
0 0.42734375 0.48359375 0.0171875 0.025
0 0.8453125 0.55 0.021875 0.0265625
0 0.19453125 0.446875 0.0171875 0.0203125
0 0.58046875 0.5125 0.021875 0.021875
0 0.2125 0.4546875 0.015625 0.0109375
0 0.71953125 0.534375 0.0171875 0.0203125
0 0.28671875 0.46640625 0.0171875 0.0203125
0 0.03359375 0.4265625 0.0171875 0.025
0 0.74921875 0.53984375 0.0578125 0.08125
0 0.04921875 0.42890625 0.015625 0.015625
0 0.6 0.515625 0.0171875 0.0203125
0 0.93828125 0.57421875 0.0234375 0.03125
0 0.68203125 0.5359375 0.01875 0.034375
0 0.8125 0.55625 0.028125 0.040625
0 0.18046875 0.45859375 0.01875 0.0296875
0 0.6953125 0.540625 0.01875 0.0296875
0 0.40703125 0.49453125 0.028125 0.0359375
0 0.878125 0.571875 0.025 0.0390625
0 0.20078125 0.4671875 0.0171875 0.0203125
0 0.50703125 0.51796875 0.0234375 0.03125
0 0.9609375 0.5921875 0.0390625 0.0546875
0 0.03984375 0.44609375 0.0234375 0.03125
0 0.8921875 0.58359375 0.015625 0.015625
0 0.54453125 0.528125 0.034375 0.05
0 0.11875 0.465625 0.025 0.0390625
0 0.5671875 0.53671875 0.0234375 0.034375
0 0.97734375 0.60625 0.028125 0.040625
0 0.4265625 0.51953125 0.0296875 0.0453125
0 0.9109375 0.59609375 0.0390625 0.0546875
0 0.940625 0.60234375 0.0234375 0.03125
0 0.45625 0.528125 0.034375 0.0453125
0 0.61328125 0.55546875 0.0359375 0.0546875
0 0.671875 0.5671875 0.0390625 0.05
0 0.215625 0.5015625 0.04375 0.05625
0 0.58828125 0.5609375 0.0453125 0.0609375
0 0.84453125 0.61796875 0.0640625 0.0953125
0 0.07890625 0.5109375 0.046875 0.0703125
0 0.39296875 0.58359375 0.0515625 0.0703125
0 0.96875 0.67734375 0.021875 0.084375
0 0.89296875 0.6671875 0.0609375 0.0765625
0 0.33359375 0.60234375 0.0546875 0.0671875
0 0.9203125 0.73515625 0.0390625 0.05
0 0.12421875 0.609375 0.0390625 0.0546875