0 0.13359375 0.3859375 0.015625 0.0234375
0 0.0640625 0.3828125 0.015625 0.0234375
0 0.121875 0.38515625 0.0140625 0.01875
0 0.0109375 0.38359375 0.009375 0.01875
0 0.0921875 0.38671875 0.0140625 0.0140625
0 0.0453125 0.38515625 0.009375 0.0140625
0 0.1546875 0.390625 0.0046875 0.009375
0 0.02734375 0.38671875 0.009375 0.0140625
0 0.20234375 0.3953125 0.0140625 0.009375
0 0.078125 0.390625 0.0140625 0.0140625
0 0.171875 0.39375 0.009375 0.0140625
0 0.18125 0.39609375 0.0140625 0.009375
0 0.98203125 0.4234375 0.0140625 0.01875
0 0.57265625 0.409375 0.009375 0.0140625
0 0.2140625 0.396875 0.0140625 0.009375
0 0.55390625 0.40859375 0.009375 0.0140625
0 0.2484375 0.40078125 0.009375 0.009375
0 0.22734375 0.4 0.0140625 0.009375
0 0.296875 0.40234375 0.01875 0.01875
0 0.5421875 0.4109375 0.009375 0.009375
0 0.1953125 0.40078125 0.0046875 0.0140625
0 0.27421875 0.40390625 0.0140625 0.0140625
0 0.14921875 0.39921875 0.0046875 0.0140625
0 0.18828125 0.40078125 0.009375 0.0140625
0 0.628125 0.41640625 0.009375 0.009375
0 0.24140625 0.40234375 0.009375 0.009375
0 0.36171875 0.40703125 0.009375 0.009375
0 0.128125 0.40078125 0.009375 0.0140625
0 0.35703125 0.409375 0.0046875 0.0046875
0 0.59765625 0.4171875 0.009375 0.0140625
0 0.0515625 0.3984375 0.009375 0.01875
0 0.34609375 0.40859375 0.0046875 0.009375
0 0.58671875 0.4171875 0.0140625 0.0140625
0 0.26015625 0.40546875 0.0046875 0.0140625
0 0.325 0.4078125 0.015625 0.0234375
0 0.1625 0.4046875 0.0203125 0.028125
0 0.33671875 0.4109375 0.009375 0.009375
0 0.63984375 0.42109375 0.009375 0.0140625
0 0.46171875 0.41484375 0.0140625 0.0140625
0 0.6140625 0.4203125 0.0046875 0.009375
0 0.690625 0.42265625 0.0140625 0.0140625
0 0.09375 0.40234375 0.0140625 0.0140625
0 0.1046875 0.40234375 0.0140625 0.01875
0 0.47265625 0.415625 0.0140625 0.0140625
0 0.0125 0.4015625 0.0140625 0.01875
0 0.30390625 0.41171875 0.0140625 0.0140625
0 0.56796875 0.42109375 0.0046875 0.0046875
0 0.11640625 0.40546875 0.015625 0.0234375
0 0.903125 0.4328125 0.009375 0.0140625
0 0.18828125 0.4078125 0.0046875 0.0046875
0 0.35 0.41328125 0.009375 0.009375
0 0.4984375 0.41875 0.0140625 0.0140625
0 0.6234375 0.42265625 0.0140625 0.0140625
0 0.55390625 0.4203125 0.009375 0.0046875
0 0.73828125 0.42734375 0.0140625 0.01875
0 0.8078125 0.43203125 0.009375 0.0140625
0 0.07265625 0.40625 0.0203125 0.0234375
0 0.95625 0.43671875 0.009375 0.01875
0 0.2140625 0.4109375 0.009375 0.0140625
0 0.378125 0.41640625 0.009375 0.0140625
0 0.4453125 0.41875 0.0140625 0.0140625
0 0.13984375 0.40859375 0.015625 0.0234375
0 0.1765625 0.41171875 0.01875 0.01875
0 0.1953125 0.4125 0.0046875 0.009375
0 0.4140625 0.4203125 0.0140625 0.0140625
0 0.67109375 0.4296875 0.0140625 0.009375
0 0.7640625 0.4328125 0.0203125 0.0234375
0 0.3875 0.41953125 0.0140625 0.0140625
0 0.509375 0.4234375 0.0046875 0.0046875
0 0.25546875 0.41484375 0.0046875 0.009375
0 0.596875 0.4265625 0.0046875 0.0140625
0 0.2046875 0.415625 0.009375 0.0140625
0 0.28671875 0.41796875 0.0140625 0.0140625
0 0.03515625 0.409375 0.0140625 0.01875
0 0.22421875 0.41875 0.0203125 0.0234375
0 0.4953125 0.428125 0.009375 0.009375
0 0.57890625 0.43046875 0.0140625 0.0140625
0 0.60390625 0.43203125 0.009375 0.009375
0 0.3984375 0.42421875 0.0140625 0.01875
0 0.33125 0.421875 0.009375 0.009375
0 0.5140625 0.42890625 0.009375 0.009375
0 0.61328125 0.43203125 0.009375 0.009375
0 0.36796875 0.4234375 0.0140625 0.0140625
0 0.04921875 0.4125 0.0203125 0.0234375
0 0.4703125 0.42734375 0.0140625 0.0140625
0 0.42578125 0.42578125 0.0140625 0.0140625
0 0.6640625 0.43359375 0.0140625 0.009375
0 0.26640625 0.42265625 0.0203125 0.0234375
0 0.1921875 0.41953125 0.009375 0.009375
0 0.54609375 0.43203125 0.009375 0.009375
0 0.5234375 0.43125 0.0140625 0.0140625
0 0.634375 0.43515625 0.0140625 0.0140625
0 0.6828125 0.4390625 0.0140625 0.0140625
0 0.5859375 0.4359375 0.0140625 0.0140625
0 0.29375 0.42578125 0.0140625 0.0140625
0 0.5578125 0.43515625 0.0140625 0.01875
0 0.65078125 0.43828125 0.0140625 0.009375
0 0.8078125 0.44375 0.009375 0.0140625
0 0.6921875 0.43984375 0.0140625 0.01875
0 0.70859375 0.4421875 0.0140625 0.0140625
0 0.278125 0.42734375 0.0140625 0.0140625
0 0.45390625 0.43359375 0.015625 0.0234375
0 0.75703125 0.44375 0.0203125 0.0234375
0 0.7890625 0.4453125 0.0140625 0.0140625
0 0.62734375 0.43984375 0.0140625 0.0140625
0 0.3515625 0.43203125 0.01875 0.01875
0 0.009375 0.4203125 0.015625 0.0234375
0 0.56484375 0.43984375 0.0140625 0.0140625
0 0.50703125 0.4375 0.0140625 0.01875
0 0.72890625 0.4453125 0.0046875 0.0140625
0 0.096875 0.4234375 0.015625 0.028125
0 0.4375 0.43515625 0.0140625 0.0140625
0 0.5390625 0.4390625 0.009375 0.009375
0 0.1734375 0.428125 0.01875 0.01875
0 0.3171875 0.43359375 0.009375 0.009375
0 0.94140625 0.45546875 0.0203125 0.0234375
0 0.23828125 0.4328125 0.0296875 0.0296875
0 0.08125 0.42734375 0.015625 0.028125
0 0.60625 0.44609375 0.0140625 0.0140625
0 0.67265625 0.4484375 0.009375 0.0140625
0 0.9109375 0.45859375 0.025 0.0375
0 0.8234375 0.45546875 0.0203125 0.0234375
0 0.64765625 0.45 0.009375 0.0046875
0 0.496875 0.446875 0.0203125 0.0234375
0 0.52265625 0.44765625 0.0140625 0.01875
0 0.65859375 0.45234375 0.0140625 0.0140625
0 0.28671875 0.4390625 0.0140625 0.0140625
0 0.77734375 0.45625 0.015625 0.0234375
0 0.40859375 0.44375 0.0140625 0.01875
0 0.3 0.4421875 0.0140625 0.01875
0 0.4671875 0.4484375 0.01875 0.01875
0 0.746875 0.4578125 0.01875 0.01875
0 0.12734375 0.4359375 0.0203125 0.028125
0 0.1875 0.43828125 0.0203125 0.0328125
0 0.32578125 0.44296875 0.01875 0.01875
0 0.71015625 0.45625 0.0140625 0.01875
0 0.89765625 0.465625 0.0203125 0.0234375
0 0.85546875 0.4640625 0.015625 0.0234375
0 0.53828125 0.453125 0.0140625 0.01875
0 0.5546875 0.45546875 0.009375 0.0140625
0 0.1609375 0.4421875 0.0203125 0.0234375
0 0.69375 0.4609375 0.0140625 0.01875
0 0.33984375 0.4484375 0.0140625 0.0140625
0 0.45078125 0.45234375 0.0140625 0.0140625
0 0.76328125 0.46328125 0.0234375 0.0203125
0 0.56875 0.45625 0.0140625 0.01875
0 0.26328125 0.4453125 0.0203125 0.0328125
0 0.390625 0.45234375 0.0203125 0.0234375
0 0.88359375 0.471875 0.0203125 0.0234375
0 0.790625 0.46875 0.0203125 0.028125
0 0.42265625 0.45859375 0.0203125 0.0234375
0 0.03828125 0.44453125 0.025 0.0296875
0 0.4578125 0.459375 0.0140625 0.0140625
0 0.8296875 0.475 0.0140625 0.01875
0 0.66328125 0.46875 0.0203125 0.0234375
0 0.60703125 0.46953125 0.015625 0.0328125
0 0.6515625 0.47109375 0.0140625 0.01875
0 0.63046875 0.4703125 0.0296875 0.046875
0 0.6765625 0.471875 0.0203125 0.0234375
0 0.95703125 0.48359375 0.0203125 0.0234375
0 0.51015625 0.46796875 0.0296875 0.0328125
0 0.59140625 0.47109375 0.0203125 0.0328125
0 0.72734375 0.47578125 0.01875 0.01875
0 0.79921875 0.4796875 0.025 0.0328125
0 0.9359375 0.484375 0.025 0.0296875
0 0.27890625 0.4640625 0.0203125 0.0234375
0 0.5265625 0.47265625 0.015625 0.0234375
0 0.74140625 0.48046875 0.0203125 0.0328125
0 0.09609375 0.4578125 0.025 0.0328125
0 0.97265625 0.48828125 0.025 0.0328125
0 0.4453125 0.47265625 0.0203125 0.0234375
0 0.7625 0.48359375 0.01875 0.01875
0 0.34140625 0.46875 0.015625 0.0234375
0 0.21875 0.4640625 0.0296875 0.0421875
0 0.71171875 0.48125 0.015625 0.0234375
0 0.55390625 0.47578125 0.0203125 0.028125
0 0.01484375 0.459375 0.0296875 0.05625
0 0.171875 0.46484375 0.025 0.0328125
0 0.2484375 0.46796875 0.0375 0.0421875
0 0.575 0.47890625 0.0140625 0.01875
0 0.725 0.484375 0.01875 0.0140625
0 0.47265625 0.478125 0.0203125 0.028125
0 0.87578125 0.4921875 0.0203125 0.0328125
0 0.84921875 0.49609375 0.0296875 0.0375
0 0.315625 0.4796875 0.034375 0.0515625
0 0.6921875 0.49296875 0.025 0.0296875
0 0.0515625 0.475 0.025 0.0375
0 0.1953125 0.4796875 0.0328125 0.0375
0 0.384375 0.49140625 0.015625 0.028125
0 0.40546875 0.4921875 0.025 0.046875
0 0.93984375 0.51796875 0.0296875 0.0328125
0 0.5140625 0.50546875 0.0203125 0.0375
0 0.365625 0.5 0.0296875 0.0515625
0 0.4328125 0.5046875 0.025 0.046875
0 0.14609375 0.496875 0.0296875 0.0421875
0 0.77734375 0.52109375 0.0296875 0.046875
0 0.6609375 0.5171875 0.0296875 0.0515625
0 0.7328125 0.51953125 0.0296875 0.0421875
0 0.684375 0.5203125 0.01875 0.01875
0 0.34609375 0.5109375 0.0203125 0.0328125
0 0.96875 0.5375 0.0296875 0.0296875
0 0.228125 0.51171875 0.0421875 0.0421875
0 0.68828125 0.53671875 0.0328125 0.0203125
0 0.540625 0.53203125 0.034375 0.05625
0 0.79453125 0.5421875 0.025 0.0296875
0 0.48046875 0.53125 0.025 0.0421875
0 0.13828125 0.5265625 0.0328125 0.0375
0 0.06796875 0.52890625 0.0390625 0.05625
0 0.81328125 0.55703125 0.0203125 0.0375
0 0.1046875 0.5390625 0.0375 0.0421875
0 0.58828125 0.55859375 0.0203125 0.0375
0 0.75234375 0.57109375 0.0375 0.0421875
0 0.8515625 0.575 0.0296875 0.0421875
0 0.221875 0.553125 0.053125 0.0625
0 0.88203125 0.5828125 0.025 0.0296875
0 0.97109375 0.59296875 0.04375 0.0703125
0 0.13671875 0.56875 0.04375 0.05625
0 0.68671875 0.59453125 0.04375 0.065625
0 0.87109375 0.62890625 0.034375 0.05625
0 0.43828125 0.6203125 0.0390625 0.075
0 0.29921875 0.61796875 0.071875 0.090625
0 0.7546875 0.64765625 0.059375 0.0953125
0 0.934375 0.6546875 0.0640625 0.0984375
0 0.39609375 0.703125 0.071875 0.0765625
0 0.10546875 0.70859375 0.0921875 0.1140625
0 0.5515625 0.746875 0.0875 0.128125
0 0.72421875 0.771875 0.0640625 0.103125
0 0.42421875 0.8171875 0.1 0.1140625
0 0.346875 0.83046875 0.0453125 0.0984375
0 0.89453125 0.85703125 0.0875 0.1234375