0 0.68359375 0.278125 0.0375 0.05
0 0.1890625 0.2171875 0.028125 0.0390625
0 0.74921875 0.28828125 0.0328125 0.0484375
0 0.25 0.2359375 0.0328125 0.0484375
0 0.7921875 0.30546875 0.0328125 0.0484375
0 0.3671875 0.25546875 0.0328125 0.040625
0 0.45625 0.26875 0.0296875 0.053125
0 0.8859375 0.071875 0.0375 0.05
0 0.925 0.0765625 0.0328125 0.0484375
0 0.88125 0.334375 0.0390625 0.059375
0 0.92890625 0.34453125 0.028125 0.0484375
0 0.52109375 0.30859375 0.028125 0.0484375
0 0.45625 0.021875 0.028125 0.0390625
0 0.58203125 0.328125 0.0328125 0.0484375
0 0.6546875 0.34453125 0.034375 0.053125
0 0.71640625 0.3703125 0.028125 0.0390625
0 0.41328125 0.3375 0.0328125 0.040625
0 0.8234375 0.38984375 0.0328125 0.0484375
0 0.89453125 0.4015625 0.0375 0.0453125
0 0.27421875 0.32734375 0.028125 0.04375
0 0.26640625 0.01328125 0.0328125 0.0265625
0 0.29375 0.34140625 0.028125 0.04375
0 0.06953125 0.32109375 0.0421875 0.05
0 0.35 0.35546875 0.028125 0.0390625
0 0.9765625 0.09375 0.0328125 0.040625
0 0.153125 0.34296875 0.0375 0.0546875
0 0.4703125 0.38203125 0.0328125 0.04375
0 0.646875 0.40390625 0.0328125 0.0484375
0 0.56328125 0.04296875 0.034375 0.053125
0 0.21875 0.35859375 0.0328125 0.040625
0 0.4078125 0.38125 0.0328125 0.0484375
0 0.72265625 0.4203125 0.028125 0.04375
0 0.0234375 0.33671875 0.0171875 0.0296875
0 0.3109375 0.3828125 0.03125 0.03125
0 0.0484375 0.35546875 0.0328125 0.0484375
0 0.584375 0.42109375 0.0375 0.0453125
0 0.27578125 0.39296875 0.028125 0.0484375
0 0.196875 0.3859375 0.034375 0.053125
0 0.88125 0.471875 0.028125 0.04375
0 0.09296875 0.37734375 0.0421875 0.05
0 0.73203125 0.06875 0.028125 0.04375
0 0.81875 0.46875 0.0328125 0.0484375
0 0.35625 0.41484375 0.0328125 0.04375
0 0.675 0.4609375 0.028125 0.04375
0 0.72265625 0.47578125 0.03125 0.0359375
0 0.4671875 0.446875 0.03125 0.0625
0 0.74921875 0.484375 0.0328125 0.0484375
0 0.02734375 0.39765625 0.0390625 0.059375
0 0.31484375 0.4328125 0.0296875 0.053125
0 0.49140625 0.45703125 0.0328125 0.0484375
0 0.31875 0.0203125 0.028125 0.0390625
0 0.87578125 0.5140625 0.0375 0.0546875
0 0.60390625 0.48671875 0.028125 0.0484375
0 0.68359375 0.50390625 0.0359375 0.040625
0 0.34140625 0.46640625 0.04375 0.059375
0 0.13203125 0.440625 0.046875 0.0515625
0 0.6671875 0.065625 0.028125 0.0390625
0 0.79921875 0.5296875 0.0328125 0.040625
0 0.9296875 0.553125 0.0390625 0.0640625
0 0.2125 0.46953125 0.04375 0.0640625
0 0.48046875 0.5046875 0.0375 0.0546875
0 0.86796875 0.559375 0.0375 0.0546875
0 0.65 0.5328125 0.04375 0.0640625
0 0.70703125 0.5421875 0.0296875 0.053125
0 0.028125 0.4703125 0.0390625 0.0640625
0 0.14375 0.49765625 0.0375 0.0546875
0 0.28046875 0.025 0.021875 0.025
0 0.89609375 0.6 0.0453125 0.0828125
0 0.78828125 0.5984375 0.04375 0.059375
0 0.95703125 0.61875 0.0484375 0.0640625
0 0.81875 0.09140625 0.021875 0.034375
0 0.61328125 0.06875 0.028125 0.0484375
0 0.12578125 0.01640625 0.0328125 0.0328125
0 0.2171875 0.021875 0.028125 0.04375
0 0.86171875 0.64921875 0.053125 0.0703125
0 0.1453125 0.57734375 0.05 0.078125
0 0.03046875 0.58046875 0.0578125 0.0703125
0 0.37109375 0.0484375 0.0234375 0.04375
0 0.834375 0.7203125 0.05625 0.09375
0 0.25546875 0.65390625 0.0546875 0.084375
0 0.93203125 0.7609375 0.0515625 0.0921875
0 0.41953125 0.69765625 0.0609375 0.0890625
0 0.721875 0.746875 0.0671875 0.103125
0 0.1359375 0.68828125 0.0625 0.1015625
0 0.41875 0.0609375 0.0265625 0.034375
0 0.60234375 0.75234375 0.065625 0.09375
0 0.0421875 0.6953125 0.0703125 0.0953125
0 0.64609375 0.79375 0.0734375 0.1171875
0 0.47734375 0.07265625 0.028125 0.0484375
0 0.79453125 0.81640625 0.0625 0.1015625
0 0.3875 0.76640625 0.05625 0.0890625
0 0.93828125 0.859375 0.0421875 0.0921875
0 0.77109375 0.11171875 0.028125 0.0390625
0 0.87734375 0.1265625 0.0375 0.05
0 0.31953125 0.82734375 0.0671875 0.103125
0 0.69453125 0.8734375 0.071875 0.1078125
0 0.95234375 0.140625 0.034375 0.0578125
0 0.69453125 0.115625 0.028125 0.0484375
0 0.64296875 0.11171875 0.028125 0.04375
0 0.4203125 0.97265625 0.0734375 0.05
0 0.24609375 0.9515625 0.0515625 0.046875
0 0.06171875 0.0421875 0.0234375 0.0390625
0 0.5375 0.10078125 0.028125 0.04375
0 0.1328125 0.053125 0.03125 0.0359375
0 0.9875 0.15859375 0.025 0.0484375
0 0.19140625 0.06796875 0.0375 0.0546875
0 0.41875 0.00546875 0.021875 0.0109375
0 0.76640625 0.040625 0.021875 0.025
0 0.84296875 0.15234375 0.0375 0.05
0 0.36484375 0.0984375 0.0328125 0.04375
0 0.5875 0.128125 0.0328125 0.04375
0 0.2265625 0.08359375 0.028125 0.0390625
0 0.375 0.00546875 0.03125 0.0109375
0 0.9015625 0.1734375 0.0328125 0.0484375
0 0.5125 0.01328125 0.03125 0.0265625
0 0.82578125 0.05078125 0.03125 0.03125
0 0.290625 0.0984375 0.0328125 0.04375
0 0.75234375 0.1578125 0.0234375 0.0390625
0 0.7171875 0.03671875 0.0265625 0.03125
0 0.79453125 0.1703125 0.0375 0.05
0 0.9546875 0.196875 0.0375 0.0546875
0 0.43125 0.1328125 0.028125 0.0484375
0 0.49296875 0.13984375 0.028125 0.04375
0 0.12265625 0.09921875 0.034375 0.053125
0 0.06015625 0.096875 0.034375 0.053125
0 0.59921875 0.16875 0.0234375 0.04375
0 0.540625 0.16640625 0.028125 0.04375
0 0.9921875 0.228125 0.015625 0.059375
0 0.2171875 0.140625 0.034375 0.053125
0 0.725 0.203125 0.028125 0.04375
0 0.6625 0.203125 0.028125 0.04375
0 0.77265625 0.21640625 0.0234375 0.0390625
0 0.3109375 0.16171875 0.028125 0.04375
0 0.175 0.15 0.0375 0.0546875
0 0.83359375 0.2328125 0.0375 0.0546875
0 0.484375 0.19296875 0.0296875 0.053125
0 0.22890625 0.16328125 0.028125 0.04375
0 0.34765625 0.18046875 0.028125 0.04375
0 0.42265625 0.19921875 0.028125 0.0484375
0 0.62421875 0.23515625 0.0328125 0.040625
0 0.8875 0.26953125 0.0390625 0.0640625
0 0.53125 0.228125 0.028125 0.04375
0 0.97890625 0.28828125 0.028125 0.0390625
0 0.38984375 0.2203125 0.0328125 0.04375
0 0.9203125 0.28828125 0.0375 0.0546875
0 0.13359375 0.19375 0.034375 0.053125
0 0.06484375 0.18984375 0.0390625 0.059375
0 0.30859375 0.221875 0.028125 0.0484375