0 0.06796875 0.0703125 0.0171875 0.025
0 0.20078125 0.0515625 0.0171875 0.025
0 0.571875 0.00703125 0.021875 0.0140625
0 0.47890625 0.13125 0.0234375 0.034375
0 0.71953125 0.09765625 0.0265625 0.03125
0 0.834375 0.08359375 0.0171875 0.025
0 0.45859375 0.13671875 0.021875 0.0296875
0 0.8109375 0.08671875 0.021875 0.0296875
0 0.52265625 0.1296875 0.021875 0.0296875
0 0.4265625 0.14609375 0.028125 0.034375
0 0.67890625 0.1125 0.0265625 0.03125
0 0.8515625 0.08828125 0.021875 0.0265625
0 0.63125 0.11953125 0.0234375 0.034375
0 0.2578125 0.1765625 0.0296875 0.04375
0 0.49921875 0.1453125 0.021875 0.021875
0 0.86640625 0.09609375 0.0265625 0.03125
0 0.45234375 0.15859375 0.0234375 0.034375
0 0.83984375 0.1046875 0.0171875 0.0296875
0 0.7640625 0.11640625 0.0234375 0.034375
0 0.07890625 0.21484375 0.021875 0.0296875
0 0.03359375 0.221875 0.0234375 0.034375
0 0.7375 0.12734375 0.021875 0.0296875
0 0.8109375 0.11953125 0.0234375 0.034375
0 0.025 0.2296875 0.01875 0.0390625
0 0.65546875 0.14140625 0.028125 0.034375
0 0.78828125 0.12265625 0.021875 0.021875
0 0.06640625 0.2265625 0.028125 0.0390625
0 0.1 0.06796875 0.0234375 0.034375
0 0.13046875 0.21953125 0.028125 0.0390625
0 0.53046875 0.165625 0.028125 0.034375
0 0.28515625 0.203125 0.028125 0.0390625
0 0.0109375 0.24375 0.021875 0.04375
0 0.38046875 0.03046875 0.0125 0.0203125
0 0.61875 0.00546875 0.021875 0.0109375
0 0.18984375 0.22578125 0.028125 0.0390625
0 0.51640625 0.18671875 0.0296875 0.04375
0 0.2125 0.23203125 0.028125 0.0390625
0 0.73046875 0.159375 0.021875 0.0296875
0 0.79453125 0.15 0.028125 0.0390625
0 0.6484375 0.00390625 0.021875 0.0078125
0 0.328125 0.040625 0.021875 0.0265625
0 0.09140625 0.2515625 0.0234375 0.0390625
0 0.10390625 0.25703125 0.0234375 0.034375
0 0.69453125 0.1734375 0.034375 0.0453125
0 0.11953125 0.25703125 0.0234375 0.0390625
0 0.48515625 0.21015625 0.034375 0.0453125
0 0.85 0.15859375 0.028125 0.0390625
0 0.059375 0.27734375 0.021875 0.0296875
0 0.30078125 0.046875 0.021875 0.021875
0 0.4859375 0.0203125 0.021875 0.0265625
0 0.67109375 0.2 0.028125 0.034375
0 0.95078125 0.165625 0.0125 0.0296875
0 0.13515625 0.28203125 0.0328125 0.040625
0 0.034375 0.29609375 0.0296875 0.053125
0 0.13359375 0.0703125 0.0171875 0.025
0 0.1703125 0.2796875 0.028125 0.034375
0 0.19453125 0.2765625 0.0328125 0.0359375
0 0.0734375 0.2953125 0.03125 0.03125
0 0.7765625 0.20625 0.028125 0.0390625
0 0.91640625 0.18671875 0.0296875 0.04375
0 0.6859375 0.2265625 0.028125 0.034375
0 0.25 0.29921875 0.028125 0.034375
0 0.26796875 0.296875 0.034375 0.05
0 0.025 0.3328125 0.028125 0.0390625
0 0.00546875 0.09296875 0.0109375 0.0265625
0 0.85703125 0.22578125 0.0328125 0.0359375
0 0.6734375 0.2515625 0.0328125 0.0359375
0 0.11640625 0.33203125 0.0328125 0.040625
0 0.821875 0.2328125 0.0328125 0.040625
0 0.134375 0.33125 0.028125 0.034375
0 0.0796875 0.34140625 0.04375 0.0546875
0 0.19140625 0.0671875 0.0171875 0.025
0 0.95625 0.2203125 0.025 0.04375
0 0.29140625 0.3140625 0.0265625 0.0265625
0 0.040625 0.35859375 0.0328125 0.0359375
0 0.86484375 0.24765625 0.0296875 0.053125
0 0.7546875 0.26796875 0.0390625 0.0546875
0 0.84921875 0.25703125 0.028125 0.0390625
0 0.23515625 0.3453125 0.028125 0.034375
0 0.21015625 0.06796875 0.0171875 0.025
0 0.28359375 0.0578125 0.021875 0.0265625
0 0.38671875 0.04296875 0.0171875 0.0203125
0 0.73515625 0.27734375 0.04375 0.0546875
0 0.2546875 0.34765625 0.0296875 0.04375
0 0.69453125 0.290625 0.0328125 0.040625
0 0.88984375 0.26796875 0.034375 0.05
0 0.07265625 0.0875 0.0171875 0.0203125
0 0.084375 0.0859375 0.0171875 0.0203125
0 0.33671875 0.05078125 0.021875 0.0265625
0 0.35 0.0484375 0.0171875 0.025
0 0.91875 0.26640625 0.034375 0.0546875
0 0.30390625 0.35234375 0.0390625 0.0546875
0 0.80859375 0.28359375 0.034375 0.0453125
0 0.7859375 0.28671875 0.0171875 0.025
0 0.11015625 0.384375 0.0375 0.040625
0 0.3375 0.359375 0.03125 0.03125
0 0.52578125 0.3328125 0.0328125 0.040625
0 0.775 0.29765625 0.0296875 0.0484375
0 0.01171875 0.41328125 0.0234375 0.0546875
0 0.59375 0.334375 0.04375 0.059375
0 0.14375 0.39765625 0.034375 0.05
0 0.06484375 0.4109375 0.0390625 0.0546875
0 0.25859375 0.0640625 0.021875 0.0265625
0 0.53125 0.02578125 0.0171875 0.025
0 0.80703125 0.3234375 0.034375 0.0546875
0 0.8765625 0.31640625 0.03125 0.0265625
0 0.12578125 0.42890625 0.034375 0.0546875
0 0.03828125 0.096875 0.021875 0.0296875
0 0.4265625 0.0421875 0.021875 0.0265625
0 0.4421875 0.040625 0.021875 0.0296875
0 0.2 0.0765625 0.021875 0.0265625
0 0.37421875 0.05234375 0.021875 0.0296875
0 0.3453125 0.39765625 0.0390625 0.059375
0 0.453125 0.3875 0.0390625 0.0546875
0 0.6421875 0.365625 0.0390625 0.0546875
0 0.6796875 0.3625 0.04375 0.0546875
0 0.23125 0.0375 0.0109375 0.0109375
0 0.07578125 0.059375 0.0109375 0.0109375
0 0.4953125 0.03515625 0.0171875 0.0203125
0 0.97734375 0.3390625 0.015625 0.0421875
0 0.88203125 0.35703125 0.0453125 0.0640625
0 0.46171875 0.04453125 0.0171875 0.025
0 0.375 0.45703125 0.0390625 0.0546875
0 0.9609375 0.37421875 0.03125 0.0265625
0 0.1453125 0.0890625 0.0171875 0.0296875
0 0.48125 0.4515625 0.0421875 0.05
0 0.40078125 0.05546875 0.021875 0.021875
0 0.96953125 0.4015625 0.0421875 0.046875
0 0.11171875 0.0984375 0.0078125 0.01875
0 0.096875 0.5421875 0.05 0.065625
0 0.44375 0.49609375 0.0421875 0.046875
0 0.6390625 0.47578125 0.0375 0.05
0 0.76796875 0.46015625 0.0453125 0.0640625
0 0.0234375 0.56484375 0.0421875 0.05
0 0.85703125 0.44765625 0.0375 0.040625
0 0.96953125 0.4484375 0.0296875 0.0484375
0 0.940625 0.45703125 0.034375 0.05
0 0.87890625 0.46796875 0.028125 0.034375
0 0.31875 0.025 0.0203125 0.0125
0 0.2640625 0.03515625 0.0109375 0.015625
0 0.30703125 0.0734375 0.021875 0.0265625
0 0.078125 0.1078125 0.0171875 0.0203125
0 0.80546875 0.48046875 0.0484375 0.05625
0 0.98828125 0.46328125 0.0234375 0.0671875
0 0.5296875 0.04453125 0.0171875 0.0203125
0 0.80390625 0.0078125 0.0171875 0.015625
0 0.12109375 0.1015625 0.021875 0.0265625
0 0.22890625 0.08671875 0.0171875 0.0296875
0 0.72421875 0.0171875 0.021875 0.0296875
0 0.9046875 0.48046875 0.0296875 0.053125
0 0.415625 0.5515625 0.040625 0.06875
0 0.1390625 0.5921875 0.0359375 0.0359375
0 0.26015625 0.57578125 0.04375 0.059375
0 0.6109375 0.5265625 0.0453125 0.0640625
0 0.44140625 0.55 0.0546875 0.065625
0 0.68828125 0.025 0.0171875 0.0203125
0 0.984375 0.48671875 0.03125 0.0453125
0 0.4640625 0.5609375 0.0375 0.0453125
0 0.51953125 0.553125 0.05 0.0703125
0 0.33359375 0.5796875 0.0453125 0.06875
0 0.48125 0.05390625 0.0171875 0.0203125
0 0.240625 0.60390625 0.0390625 0.059375
0 0.03125 0.63828125 0.0421875 0.0828125
0 0.6671875 0.0296875 0.0171875 0.025
0 0.07578125 0.64140625 0.0453125 0.0640625
0 0.071875 0.115625 0.021875 0.0296875
0 0.1453125 0.63671875 0.0296875 0.0484375
0 0.87890625 0.009375 0.0234375 0.01875
0 0.46640625 0.60703125 0.0609375 0.08125
0 0.64375 0.5921875 0.0546875 0.0703125
0 0.2390625 0.0921875 0.0125 0.0203125
0 0.3328125 0.64296875 0.0328125 0.040625
0 0.8359375 0.0109375 0.0203125 0.0171875
0 0.4984375 0.05859375 0.021875 0.0296875
0 0.1671875 0.675 0.05 0.075
0 0.659375 0.03828125 0.0171875 0.0203125
0 0.309375 0.67421875 0.046875 0.078125
0 0.2640625 0.6828125 0.0359375 0.0640625
0 0.11953125 0.05546875 0.015625 0.015625
0 0.4078125 0.01484375 0.0109375 0.015625
0 0.7921875 0.01953125 0.021875 0.0296875
0 0.86484375 0.0109375 0.0265625 0.021875
0 0.24921875 0.09609375 0.0171875 0.025
0 0.334375 0.08359375 0.01875 0.034375
0 0.4671875 0.06484375 0.021875 0.0265625
0 0.6296875 0.0421875 0.0171875 0.025
0 0.24296875 0.696875 0.040625 0.06875
0 0.94375 0.5984375 0.04375 0.0546875
0 0.2796875 0.09375 0.021875 0.0265625
0 0.496875 0.68046875 0.0546875 0.0703125
0 0.9046875 0.6328125 0.046875 0.078125
0 0.74609375 0.65703125 0.05625 0.0796875
0 0.6421875 0.67890625 0.05 0.0703125
0 0.3484375 0.7203125 0.05 0.075
0 0.903125 0.0125 0.021875 0.025
0 0.92109375 0.0125 0.0234375 0.025
0 0.7015625 0.0390625 0.0171875 0.025
0 0.10234375 0.76171875 0.0640625 0.0453125
0 0.73515625 0.6890625 0.034375 0.0546875
0 0.82421875 0.678125 0.059375 0.04375
0 0.60390625 0.7234375 0.0703125 0.08125
0 0.15234375 0.11875 0.021875 0.0296875
0 0.48359375 0.74765625 0.053125 0.09375
0 0.88671875 0.69296875 0.0609375 0.0859375
0 0.115625 0.80625 0.0640625 0.0765625
0 0.725 0.040625 0.021875 0.0265625
0 0.08828125 0.13046875 0.021875 0.0265625
0 0.203125 0.1140625 0.021875 0.0265625
0 0.42265625 0.08359375 0.021875 0.0296875
0 0.83828125 0.7265625 0.0640625 0.0671875
0 0.39296875 0.01953125 0.0171875 0.0203125
0 0.459375 0.01015625 0.0171875 0.0203125
0 0.35625 0.0953125 0.0171875 0.025
0 0.546875 0.8015625 0.0578125 0.0890625
0 0.7296875 0.7859375 0.05625 0.084375
0 0.82734375 0.03125 0.021875 0.0296875
0 0.4875 0.08125 0.0234375 0.034375
0 0.7625 0.78828125 0.046875 0.078125
0 0.1328125 0.13125 0.0265625 0.03125
0 0.8859375 0.79609375 0.0625 0.09375
0 0.85703125 0.03203125 0.0265625 0.03125
0 0.95234375 0.8390625 0.065625 0.1125
0 0.1453125 0.0546875 0.021875 0.021875
0 0.90234375 0.0359375 0.0234375 0.0390625
0 0.81328125 0.0515625 0.028125 0.034375
0 0.88203125 0.04140625 0.021875 0.0296875
0 0.334375 0.11875 0.028125 0.0390625
0 0.278125 0.13125 0.028125 0.034375
0 0.7640625 0.06796875 0.021875 0.0296875
0 0.45 0.11171875 0.021875 0.0265625
0 0.88828125 0.05234375 0.0171875 0.0296875
0 0.35859375 0.1296875 0.028125 0.0390625
0 0.26875 0.1515625 0.0265625 0.03125
0 0.346875 0.14296875 0.028125 0.034375