0 0.24453125 0.19375 0.0296875 0.040625
0 0.765625 0.09296875 0.0265625 0.0484375
0 0.19296875 0.20625 0.03125 0.0453125
0 0.17265625 0.21015625 0.028125 0.053125
0 0.6796875 0.1140625 0.0375 0.059375
0 0.15546875 0.21796875 0.0328125 0.0546875
0 0.2125 0.20625 0.0328125 0.0546875
0 0.65703125 0.12265625 0.01875 0.0296875
0 0.45 0.16953125 0.0359375 0.0453125
0 0.02109375 0.25546875 0.040625 0.0515625
0 0.2890625 0.20625 0.0359375 0.0453125
0 0.2671875 0.2125 0.0296875 0.040625
0 0.790625 0.115625 0.03125 0.0453125
0 0.00390625 0.26953125 0.0078125 0.0359375
0 0.08046875 0.25625 0.040625 0.05625
0 0.14140625 0.24453125 0.0421875 0.0609375
0 0.32890625 0.21484375 0.03125 0.05
0 0.2453125 0.23359375 0.0296875 0.0359375
0 0.184375 0.24765625 0.0421875 0.0609375
0 0.4390625 0.20078125 0.025 0.0390625
0 0.36484375 0.2171875 0.0375 0.0546875
0 0.2859375 0.2328125 0.025 0.0390625
0 0.56015625 0.1796875 0.040625 0.0515625
0 0.046875 0.28203125 0.040625 0.05625
0 0.815625 0.13203125 0.0359375 0.0453125
0 0.0203125 0.28671875 0.0359375 0.05
0 0.46875 0.20234375 0.0328125 0.059375
0 0.6703125 0.16328125 0.025 0.0390625
0 0.52578125 0.19375 0.0515625 0.0625
0 0.6421875 0.1734375 0.03125 0.0453125
0 0.396875 0.03203125 0.03125 0.0453125
0 0.6265625 0.18125 0.0375 0.059375
0 0.7 0.16875 0.03125 0.0453125
0 0.41015625 0.23046875 0.0375 0.0546875
0 0.878125 0.1390625 0.046875 0.065625
0 0.36171875 0.04140625 0.0265625 0.04375
0 0.24765625 0.2703125 0.034375 0.0421875
0 0.44609375 0.23671875 0.040625 0.05625
0 0.78125 0.17421875 0.0359375 0.0453125
0 0.83203125 0.16875 0.0359375 0.05
0 0.23203125 0.28515625 0.0296875 0.040625
0 0.29140625 0.27421875 0.046875 0.065625
0 0.72578125 0.1921875 0.0359375 0.05
0 0.06484375 0.325 0.040625 0.05625
0 0.85703125 0.178125 0.0359375 0.05
0 0.375 0.271875 0.0375 0.0546875
0 0.49375 0.24921875 0.025 0.0390625
0 0.1671875 0.31484375 0.0421875 0.0609375
0 0.40390625 0.27109375 0.0296875 0.040625
0 0.9328125 0.178125 0.0296875 0.0625
0 0.60546875 0.24140625 0.040625 0.05625
0 0.2515625 0.31484375 0.0375 0.0546875
0 0.3515625 0.30703125 0.03125 0.05
0 0.43359375 0.29296875 0.0359375 0.05
0 0.4984375 0.28515625 0.028125 0.053125
0 0.1046875 0.36953125 0.040625 0.0515625
0 0.0046875 0.38984375 0.009375 0.0546875
0 0.346875 0.0515625 0.0359375 0.0453125
0 0.125 0.36953125 0.0375 0.059375
0 0.90546875 0.23046875 0.040625 0.0515625
0 0.7890625 0.253125 0.0390625 0.046875
0 0.3875 0.0453125 0.0328125 0.0546875
0 0.34609375 0.3390625 0.0375 0.0546875
0 0.48359375 0.3171875 0.0359375 0.05
0 0.4296875 0.3296875 0.0265625 0.04375
0 0.19921875 0.37421875 0.0328125 0.0546875
0 0.08671875 0.39921875 0.040625 0.05625
0 0.53125 0.321875 0.0375 0.0546875
0 0.64296875 0.30234375 0.0359375 0.05
0 0.890625 0.2546875 0.040625 0.05625
0 0.45859375 0.3484375 0.046875 0.065625
0 0.77734375 0.2875 0.040625 0.05625
0 0.815625 0.2828125 0.0359375 0.0453125
0 0.00546875 0.4421875 0.0109375 0.05
0 0.92109375 0.26484375 0.0359375 0.0453125
0 0.69765625 0.31484375 0.0296875 0.040625
0 0.2234375 0.41171875 0.034375 0.0421875
0 0.90546875 0.29375 0.0359375 0.05
0 0.1265625 0.4453125 0.0359375 0.05
0 0.7234375 0.3390625 0.0296875 0.040625
0 0.7 0.00390625 0.025 0.0078125
0 0.20390625 0.44453125 0.05 0.0578125
0 0.42734375 0.40390625 0.040625 0.0515625
0 0.7609375 0.3390625 0.0359375 0.05
0 0.26171875 0.43828125 0.03125 0.05
0 0.3265625 0.43046875 0.0375 0.0546875
0 0.678125 0.36171875 0.0359375 0.0453125
0 0.71015625 0.3578125 0.0359375 0.05
0 0.48515625 0.4109375 0.0390625 0.046875
0 0.95625 0.32578125 0.0375 0.059375
0 0.821875 0.35 0.040625 0.0515625
0 0.66328125 0.3828125 0.0375 0.0546875
0 0.30078125 0.45625 0.0359375 0.0453125
0 0.7484375 0.37109375 0.0359375 0.0453125
0 0.64609375 0.39140625 0.046875 0.0609375
0 0.7359375 0.37890625 0.0328125 0.0546875
0 0.86484375 0.3609375 0.0375 0.0546875
0 0.5984375 0.4125 0.03125 0.05
0 0.9125 0.36796875 0.0359375 0.05
0 0.24921875 0.50859375 0.0359375 0.0453125
0 0.6265625 0.4359375 0.0375 0.0546875
0 0.790625 0.40859375 0.0453125 0.0515625
0 0.33046875 0.49765625 0.03125 0.05
0 0.71640625 0.4265625 0.0375 0.0546875
0 0.24765625 0.52265625 0.03125 0.05
0 0.30390625 0.51171875 0.040625 0.05625
0 0.68671875 0.4421875 0.0359375 0.0453125
0 0.975 0.39609375 0.0296875 0.0625
0 0.884375 0.41328125 0.0453125 0.05625
0 0.93671875 0.40546875 0.0375 0.0546875
0 0.34609375 0.52265625 0.0328125 0.0546875
0 0.85625 0.43046875 0.0421875 0.065625
0 0.76953125 0.4546875 0.04375 0.04375
0 0.95703125 0.4234375 0.0375 0.0546875
0 0.58671875 0.4953125 0.0453125 0.05625
0 0.36484375 0.54765625 0.0359375 0.05
0 0.78046875 0.47421875 0.0375 0.0546875
0 0.72109375 0.4859375 0.0359375 0.0453125
0 0.6921875 0.49375 0.0421875 0.065625
0 0.57890625 0.5171875 0.0328125 0.0546875
0 0.98125 0.4578125 0.0375 0.065625
0 0.7734375 0.0046875 0.028125 0.009375
0 0.4859375 0.56171875 0.046875 0.065625
0 0.55234375 0.553125 0.046875 0.0609375
0 0.2625 0.61484375 0.0375 0.0546875
0 0.64296875 0.5453125 0.0484375 0.0703125
0 0.4140625 0.58984375 0.0359375 0.0453125
0 0.9078125 0.49609375 0.0515625 0.0625
0 0.7703125 0.53046875 0.040625 0.05625
0 0.38203125 0.6078125 0.040625 0.05625
0 0.98984375 0.49296875 0.0203125 0.0671875
0 0.6890625 0.01875 0.03125 0.0375
0 0.83984375 0.54921875 0.0390625 0.046875
0 0.71484375 0.5859375 0.053125 0.071875
0 0.45859375 0.63984375 0.0421875 0.0609375
0 0.57890625 0.6265625 0.05 0.0796875
0 0.3921875 0.67421875 0.04375 0.0703125
0 0.43671875 0.6703125 0.0515625 0.084375
0 0.7796875 0.60546875 0.046875 0.065625
0 0.0453125 0.15 0.0359375 0.05
0 0.16875 0.7625 0.046875 0.065625
0 0.90078125 0.62265625 0.053125 0.071875
0 0.778125 0.65859375 0.046875 0.065625
0 0.51015625 0.7203125 0.040625 0.06875
0 0.85703125 0.00703125 0.0296875 0.0140625
0 0.5625 0.05390625 0.0359375 0.0453125
0 0.9625 0.6484375 0.046875 0.0609375
0 0.55078125 0.73515625 0.05625 0.0859375
0 0.753125 0.69609375 0.05625 0.0859375
0 0.584375 0.05 0.0375 0.0546875
0 0.46640625 0.07265625 0.0359375 0.05
0 0.75 0.01953125 0.03125 0.0390625
0 0.98828125 0.6578125 0.0234375 0.090625
0 0.68046875 0.72421875 0.0359375 0.05
0 0.39375 0.0890625 0.025 0.034375
0 0.50390625 0.06796875 0.046875 0.0609375
0 0.678125 0.771875 0.0546875 0.08125
0 0.878125 0.7328125 0.0484375 0.0703125
0 0.44296875 0.084375 0.0234375 0.03125
0 0.5859375 0.79453125 0.04375 0.0703125
0 0.00859375 0.17421875 0.0171875 0.0515625
0 0.8265625 0.015625 0.0375 0.03125
0 0.0953125 0.90390625 0.0546875 0.0765625
0 0.91796875 0.746875 0.046875 0.0609375
0 0.6421875 0.8046875 0.05 0.0796875
0 0.484375 0.85625 0.059375 0.08125
0 0.8734375 0.7953125 0.053125 0.071875
0 0.39921875 0.91328125 0.0578125 0.071875
0 0.47265625 0.915625 0.0671875 0.096875
0 0.86640625 0.84375 0.0453125 0.05625
0 0.9546875 0.8265625 0.0546875 0.059375
0 0.54296875 0.07890625 0.03125 0.0453125
0 0.96640625 0.86015625 0.0515625 0.0671875
0 0.78203125 0.90546875 0.0578125 0.0765625
0 0.89296875 0.88359375 0.0484375 0.0703125
0 0.284375 0.13359375 0.0375 0.0546875
0 0.58984375 0.97265625 0.0546875 0.0375
0 0.865625 0.02578125 0.034375 0.0421875
0 0.36328125 0.12578125 0.0359375 0.0453125
0 0.903125 0.02578125 0.0375 0.0515625
0 0.61640625 0.07890625 0.0296875 0.040625
0 0.67734375 0.06640625 0.034375 0.0421875
0 0.4140625 0.1203125 0.0359375 0.05
0 0.153125 0.1734375 0.040625 0.05625
0 0.0109375 0.20234375 0.021875 0.0453125
0 0.30546875 0.153125 0.0375 0.0546875
0 0.071875 0.2015625 0.040625 0.05625
0 0.83046875 0.05625 0.0359375 0.05
0 0.54609375 0.12109375 0.0265625 0.04375
0 0.11015625 0.20546875 0.03125 0.0453125
0 0.81015625 0.06953125 0.0359375 0.05
0 0.6359375 0.10625 0.025 0.034375
0 0.275 0.178125 0.025 0.034375
0 0.02734375 0.2265625 0.0359375 0.0453125
0 0.48203125 0.140625 0.0375 0.0546875