0 0.684375 0.01484375 0.0234375 0.0234375
0 0.63203125 0.10859375 0.0234375 0.0375
0 0.5390625 0.10703125 0.01875 0.0375
0 0.5953125 0.11015625 0.01875 0.0375
0 0.73125 0.11484375 0.01875 0.0328125
0 0.875 0.11953125 0.0234375 0.0328125
0 0.6734375 0.11875 0.01875 0.0375
0 0.0859375 0.10859375 0.0234375 0.0375
0 0.42578125 0.1140625 0.0234375 0.028125
0 0.4953125 0.11796875 0.028125 0.0375
0 0.178125 0.1125 0.01875 0.0421875
0 0.38671875 0.11796875 0.0234375 0.0375
0 0.221875 0.11796875 0.01875 0.028125
0 0.12890625 0.11875 0.0234375 0.0328125
0 0.97578125 0.15 0.028125 0.0421875
0 0.92734375 0.15078125 0.028125 0.0375
0 0.65703125 0.153125 0.01875 0.0375
0 0.77265625 0.1578125 0.0234375 0.0421875
0 0.82109375 0.15859375 0.0234375 0.0375
0 0.4671875 0.15234375 0.0234375 0.0375
0 0.72578125 0.1609375 0.01875 0.0328125
0 0.5203125 0.15703125 0.01875 0.0328125
0 0.63125 0.159375 0.0234375 0.0328125
0 0.41796875 0.1578125 0.0234375 0.0328125
0 0.1453125 0.15546875 0.028125 0.0421875
0 0.23515625 0.15703125 0.0328125 0.0328125
0 0.05703125 0.15390625 0.0296875 0.046875
0 0.86875 0.1703125 0.028125 0.0375
0 0.5796875 0.165625 0.028125 0.0375
0 0.2796875 0.16015625 0.0234375 0.0421875
0 0.3203125 0.16328125 0.0140625 0.0375
0 0.09375 0.16171875 0.0234375 0.0421875
0 0.46015625 0.01796875 0.0234375 0.0359375
0 0.5390625 0.0171875 0.01875 0.0328125
0 0.30703125 0.015625 0.01875 0.028125
0 0.190625 0.165625 0.01875 0.0421875
0 0.36640625 0.1734375 0.01875 0.0375
0 0.99765625 0.19296875 0.0046875 0.0421875
0 0.95 0.1953125 0.0234375 0.0328125
0 0.63046875 0.19921875 0.0328125 0.046875
0 0.896875 0.20625 0.0234375 0.0375
0 0.73203125 0.203125 0.028125 0.0421875
0 0.38046875 0.19921875 0.028125 0.0375
0 0.68359375 0.20703125 0.0296875 0.046875
0 0.4265625 0.20234375 0.0328125 0.0421875
0 0.24140625 0.2015625 0.028125 0.0421875
0 0.52890625 0.20703125 0.0328125 0.046875
0 0.82890625 0.21171875 0.0234375 0.0421875
0 0.7859375 0.2109375 0.01875 0.0421875
0 0.57421875 0.21484375 0.0328125 0.0421875
0 0.47890625 0.21484375 0.0328125 0.0421875
0 0.14375 0.21171875 0.0234375 0.0421875
0 0.009375 0.209375 0.009375 0.0421875
0 0.33125 0.21484375 0.028125 0.0421875
0 0.08828125 0.2125 0.0234375 0.0421875
0 0.1875 0.22109375 0.0328125 0.0421875
0 0.2828125 0.22265625 0.0234375 0.0375
0 0.965625 0.24609375 0.0234375 0.0421875
0 0.44140625 0.025 0.01875 0.028125
0 0.7453125 0.2515625 0.028125 0.0375
0 0.91015625 0.25703125 0.028125 0.0421875
0 0.384375 0.24765625 0.025 0.046875
0 0.85390625 0.25625 0.028125 0.0421875
0 0.64296875 0.25703125 0.01875 0.0328125
0 0.70078125 0.2578125 0.028125 0.0421875
0 0.80234375 0.2625 0.01875 0.0375
0 0.58515625 0.26328125 0.028125 0.0375
0 0.53203125 0.2625 0.028125 0.0375
0 0.4296875 0.2625 0.0234375 0.0328125
0 0.3625 0.02578125 0.01875 0.0375
0 0.4875 0.26640625 0.0234375 0.0421875
0 0.00859375 0.2625 0.009375 0.0234375
0 0.13359375 0.26484375 0.0234375 0.0375
0 0.23046875 0.26640625 0.01875 0.0375
0 0.096875 0.26640625 0.028125 0.0375
0 0.19140625 0.26796875 0.028125 0.0421875
0 0.4828125 0.028125 0.01875 0.0375
0 0.04765625 0.26796875 0.028125 0.0328125
0 0.12890625 0.02421875 0.0234375 0.028125
0 0.80625 0.3015625 0.0328125 0.0421875
0 0.4046875 0.02890625 0.01875 0.0328125
0 0.91953125 0.30546875 0.028125 0.0421875
0 0.6515625 0.30546875 0.028125 0.0421875
0 0.76015625 0.3125 0.0328125 0.0421875
0 0.06875 0.02265625 0.01875 0.0234375
0 0.9890625 0.32109375 0.01875 0.0421875
0 0.3921875 0.3109375 0.0234375 0.0421875
0 0.59375 0.31875 0.0328125 0.0421875
0 0.24609375 0.3125 0.0234375 0.0375
0 0.4984375 0.31953125 0.0234375 0.0421875
0 0.0296875 0.0234375 0.01875 0.028125
0 0.34609375 0.3171875 0.0234375 0.0375
0 0.70234375 0.32265625 0.028125 0.0375
0 0.5515625 0.32265625 0.01875 0.0421875
0 0.03515625 0.31640625 0.028125 0.0421875
0 0.87578125 0.33046875 0.028125 0.0421875
0 0.45234375 0.32578125 0.028125 0.0375
0 0.09140625 0.321875 0.0234375 0.0328125
0 0.29453125 0.3296875 0.0234375 0.0375
0 0.1234375 0.33828125 0.0234375 0.0421875
0 0.85078125 0.040625 0.028125 0.0375
0 0.16640625 0.34375 0.028125 0.028125
0 0.778125 0.37265625 0.0234375 0.0375
0 0.990625 0.38359375 0.0140625 0.0375
0 0.93984375 0.3828125 0.028125 0.0375
0 0.659375 0.378125 0.028125 0.0375
0 0.83125 0.38046875 0.028125 0.0421875
0 0.61328125 0.37734375 0.0234375 0.0375
0 0.096875 0.375 0.028125 0.0328125
0 0.55078125 0.3828125 0.028125 0.0375
0 0.87265625 0.390625 0.028125 0.0421875
0 0.721875 0.38828125 0.0328125 0.0421875
0 0.18984375 0.38125 0.028125 0.0421875
0 0.23828125 0.38203125 0.0234375 0.0328125
0 0.33828125 0.3859375 0.0234375 0.028125
0 0.1359375 0.38515625 0.0234375 0.0375
0 0.48984375 0.39140625 0.028125 0.0375
0 0.3 0.390625 0.028125 0.0375
0 0.03359375 0.38828125 0.0234375 0.0421875
0 0.93359375 0.046875 0.0234375 0.0375
0 0.878125 0.04765625 0.028125 0.0375
0 0.990625 0.05 0.01875 0.0375
0 0.95078125 0.43359375 0.0234375 0.0421875
0 0.51328125 0.428125 0.028125 0.0421875
0 0.6265625 0.4328125 0.028125 0.0421875
0 0.7875 0.4375 0.0296875 0.046875
0 0.3453125 0.4328125 0.0375 0.046875
0 0.72734375 0.44140625 0.028125 0.0421875
0 0.56796875 0.4390625 0.0234375 0.0375
0 0.0890625 0.43046875 0.028125 0.0421875
0 0.896875 0.446875 0.0328125 0.046875
0 0.14921875 0.4359375 0.028125 0.0421875
0 0.4015625 0.440625 0.028125 0.0421875
0 0.45703125 0.44609375 0.01875 0.0375
0 0.19765625 0.44375 0.028125 0.0421875
0 0.67890625 0.4546875 0.028125 0.0421875
0 0.296875 0.44765625 0.0234375 0.0421875
0 0.825 0.459375 0.0296875 0.046875
0 0.25078125 0.4515625 0.0234375 0.0421875
0 0.0328125 0.4484375 0.028125 0.0421875
0 0.24609375 0.04140625 0.01875 0.028125
0 0.7765625 0.053125 0.028125 0.0375
0 0.08828125 0.47421875 0.028125 0.0421875
0 0.30078125 0.48515625 0.0234375 0.0421875
0 0.59375 0.05 0.0234375 0.0375
0 0.91875 0.49765625 0.0296875 0.046875
0 0.41171875 0.4890625 0.028125 0.0421875
0 0.57890625 0.49453125 0.028125 0.0421875
0 0.52109375 0.4953125 0.028125 0.0421875
0 0.7546875 0.5 0.0296875 0.046875
0 0.86328125 0.5015625 0.0328125 0.0421875
0 0.34453125 0.4953125 0.0296875 0.046875
0 0.02109375 0.49140625 0.0328125 0.0421875
0 0.47421875 0.50390625 0.028125 0.0421875
0 0.78046875 0.51171875 0.0328125 0.0375
0 0.6875 0.5125 0.0328125 0.0375
0 0.6390625 0.5140625 0.028125 0.0421875
0 0.1921875 0.50625 0.028125 0.0421875
0 0.14609375 0.5078125 0.0296875 0.046875
0 0.68359375 0.05390625 0.0234375 0.0375
0 0.22421875 0.51640625 0.028125 0.0421875
0 0.74140625 0.05703125 0.01875 0.028125
0 0.70078125 0.5609375 0.0375 0.046875
0 0.87890625 0.56640625 0.0328125 0.0421875
0 0.4046875 0.5609375 0.0328125 0.0421875
0 0.18671875 0.55703125 0.028125 0.0421875
0 0.81328125 0.5703125 0.0328125 0.0421875
0 0.35546875 0.5625 0.0234375 0.0421875
0 0.25859375 0.56328125 0.0296875 0.0515625
0 0.628125 0.56953125 0.0328125 0.0421875
0 0.9703125 0.57578125 0.0296875 0.0515625
0 0.57734375 0.57109375 0.0328125 0.046875
0 0.0890625 0.56484375 0.0328125 0.0375
0 0.74375 0.578125 0.0328125 0.0515625
0 0.53984375 0.05859375 0.01875 0.0375
0 0.1375 0.56796875 0.028125 0.0375
0 0.51015625 0.5765625 0.0328125 0.0421875
0 0.44296875 0.57578125 0.0328125 0.0421875
0 0.03984375 0.57109375 0.0375 0.0328125
0 0.29921875 0.58046875 0.028125 0.0421875
0 0.6421875 0.0625 0.01875 0.0375
0 0.70859375 0.6265625 0.028125 0.0421875
0 0.034375 0.6171875 0.028125 0.0421875
0 0.64609375 0.6296875 0.028125 0.0421875
0 0.3609375 0.62734375 0.028125 0.0421875
0 0.840625 0.63828125 0.0375 0.0421875
0 0.78203125 0.6390625 0.028125 0.0421875
0 0.0921875 0.62734375 0.028125 0.0421875
0 0.48125 0.634375 0.0234375 0.0375
0 0.81640625 0.0125 0.01875 0.0140625
0 0.73046875 0.0109375 0.01875 0.0140625
0 0.2671875 0.0609375 0.0140625 0.028125
0 0.3078125 0.6359375 0.0234375 0.0421875
0 0.14375 0.6328125 0.028125 0.0421875
0 0.43046875 0.6375 0.028125 0.0421875
0 0.196875 0.6359375 0.028125 0.0375
0 0.54609375 0.6421875 0.028125 0.0375
0 0.9515625 0.6515625 0.0328125 0.05625
0 0.58828125 0.64765625 0.028125 0.0375
0 0.25 0.64609375 0.028125 0.0421875
0 0.503125 0.06484375 0.01875 0.0375
0 0.37109375 0.06484375 0.0234375 0.0375
0 0.20078125 0.68671875 0.0296875 0.046875
0 0.13828125 0.69296875 0.0328125 0.0515625
0 0.02890625 0.69375 0.0328125 0.0421875
0 0.3578125 0.69921875 0.028125 0.0421875
0 0.06796875 0.06171875 0.01875 0.0234375
0 0.41328125 0.7 0.028125 0.0421875
0 0.59296875 0.70546875 0.0328125 0.046875
0 0.25078125 0.7015625 0.028125 0.0421875
0 0.72734375 0.7125 0.0328125 0.0515625
0 0.31328125 0.70546875 0.028125 0.0421875
0 0.5421875 0.709375 0.0375 0.046875
0 0.66484375 0.7140625 0.0375 0.046875
0 0.40625 0.0703125 0.0234375 0.0375
0 0.08203125 0.70625 0.028125 0.0328125
0 0.47734375 0.71953125 0.028125 0.0421875
0 0.21875 0.0671875 0.01875 0.0328125
0 0.84765625 0.73046875 0.0328125 0.0515625
0 0.45 0.0734375 0.0234375 0.0328125
0 0.77421875 0.74296875 0.0328125 0.0421875
0 0.3265625 0.0734375 0.01875 0.0375
0 0.259375 0.76484375 0.0328125 0.05625
0 0.0140625 0.759375 0.028125 0.046875
0 0.4859375 0.778125 0.0328125 0.046875
0 0.375 0.778125 0.028125 0.0421875
0 0.43046875 0.7828125 0.0296875 0.046875
0 0.68046875 0.7875 0.0328125 0.0421875
0 0.2546875 0.07421875 0.01875 0.028125
0 0.5625 0.7875 0.0328125 0.0421875
0 0.08984375 0.7796875 0.0328125 0.0421875
0 0.3171875 0.7859375 0.0328125 0.0421875
0 0.8140625 0.796875 0.0296875 0.0515625
0 0.6125 0.79375 0.0328125 0.046875
0 0.73515625 0.7953125 0.0328125 0.05625
0 0.1890625 0.79296875 0.028125 0.0421875
0 0.084375 0.83359375 0.0328125 0.0375
0 0.03515625 0.8328125 0.028125 0.0375
0 0.69765625 0.84609375 0.0328125 0.0515625
0 0.63515625 0.846875 0.0328125 0.046875
0 0.5125 0.846875 0.0328125 0.0515625
0 0.32265625 0.84375 0.0328125 0.0375
0 0.1375 0.84296875 0.028125 0.0421875
0 0.16953125 0.00625 0.0234375 0.0125
0 0.028125 0.07734375 0.0234375 0.0375
0 0.25546875 0.8453125 0.0328125 0.046875
0 0.38515625 0.85234375 0.0375 0.0421875
0 0.98203125 0.86953125 0.025 0.0515625
0 0.1765625 0.85546875 0.0328125 0.0375
0 0.440625 0.86015625 0.0375 0.0421875
0 0.56328125 0.86171875 0.0375 0.0421875
0 0.9265625 0.8734375 0.0328125 0.0421875
0 0.58515625 0.0109375 0.01875 0.01875
0 0.840625 0.103125 0.01875 0.0375
0 0.9859375 0.1078125 0.01875 0.0328125
0 0.79140625 0.10625 0.028125 0.0328125
0 0.9375 0.109375 0.01875 0.0375