0 0.34296875 0.1609375 0.046875 0.0953125
0 0.54765625 0.1703125 0.0453125 0.08125
0 0.65703125 0.18125 0.05625 0.1
0 0.434375 0.22265625 0.046875 0.0984375
0 0.20625 0.2484375 0.05625 0.1046875
0 0.63359375 0.25234375 0.040625 0.0859375
0 0.50390625 0.2609375 0.0453125 0.090625
0 0.1328125 0.30546875 0.05 0.0859375
0 0.5609375 0.29296875 0.0453125 0.0765625
0 0.7734375 0.2859375 0.040625 0.090625
0 0.38828125 0.31328125 0.05625 0.1
0 0.2890625 0.32109375 0.05625 0.0953125
0 0.71875 0.30546875 0.046875 0.0984375
0 0.67109375 0.40703125 0.0515625 0.103125
0 0.43828125 0.42890625 0.046875 0.0953125
0 0.853125 0.4328125 0.0453125 0.08125
0 0.77734375 0.4390625 0.0453125 0.0765625
0 0.2296875 0.4703125 0.05 0.090625
0 0.34375 0.48671875 0.0515625 0.0953125
0 0.69296875 0.47109375 0.0453125 0.08125
0 0.60078125 0.478125 0.0515625 0.0953125
0 0.53125 0.484375 0.0515625 0.0953125
0 0.17421875 0.5171875 0.05 0.090625
0 0.2109375 0.6453125 0.05625 0.1
0 0.784375 0.6171875 0.046875 0.0984375
0 0.5625 0.63359375 0.05625 0.109375
0 0.28984375 0.65 0.05625 0.1
0 0.45625 0.64140625 0.0453125 0.0859375
0 0.3484375 0.64921875 0.0515625 0.1078125
0 0.140625 0.66953125 0.05 0.0765625
0 0.66328125 0.6484375 0.05625 0.1
0 0.2171875 0.1 0.05 0.090625
0 0.28671875 0.1078125 0.0515625 0.103125
0 0.6015625 0.09296875 0.0453125 0.08125
0 0.47890625 0.1046875 0.040625 0.08125
0 0.3984375 0.11328125 0.05625 0.0953125
0 0.13125 0.13671875 0.0453125 0.08125
0 0.725 0.10546875 0.05 0.0859375
0 0.80859375 0.1109375 0.05 0.08125