0 0.92109375 0.0390625 0.021875 0.05625
0 0.10546875 0.1734375 0.0765625 0.11875
0 0.74140625 0.11484375 0.0828125 0.125
0 0.5609375 0.14765625 0.1 0.15
0 0.33125 0.0375 0.028125 0.0359375
0 0.8765625 0.12421875 0.065625 0.103125
0 0.5828125 0.0125 0.0375 0.025
0 0.6640625 0.00625 0.046875 0.0125
0 0.078125 0.08203125 0.034375 0.0453125
0 0.2515625 0.05703125 0.053125 0.053125
0 0.4046875 0.0328125 0.0390625 0.05
0 0.521875 0.02421875 0.05 0.0484375
0 0.25703125 0.41171875 0.11875 0.1625
0 0.95 0.31171875 0.0921875 0.26875
0 0.56328125 0.028125 0.0453125 0.05625
0 0.1546875 0.09765625 0.0828125 0.103125
0 0.8609375 0.00859375 0.05 0.0171875
0 0.4421875 0.059375 0.040625 0.0640625
0 0.47890625 0.0578125 0.0453125 0.065625
0 0.65546875 0.03828125 0.0578125 0.0765625
0 0.29765625 0.7453125 0.1625 0.2359375
0 0.22265625 0.1125 0.0515625 0.075
0 0.6453125 0.7671875 0.1734375 0.2234375
0 0.26484375 0.1109375 0.075 0.1046875
0 0.0265625 0.16015625 0.053125 0.1609375
0 0.38828125 0.10546875 0.09375 0.1390625