0 0.3828125 0.0859375 0.028125 0.034375
0 0.80234375 0.14453125 0.0328125 0.040625
0 0.6796875 0.13515625 0.034375 0.05
0 0.72578125 0.03828125 0.03125 0.0265625
0 0.23671875 0.075 0.0375 0.0453125
0 0.871875 0.1640625 0.0375 0.05
0 0.36484375 0.0953125 0.0265625 0.03125
0 0.70703125 0.1453125 0.028125 0.0390625
0 0.0859375 0.05859375 0.0375 0.05
0 0.490625 0.11796875 0.04375 0.0546875
0 0.3984375 0.10703125 0.034375 0.0453125
0 0.728125 0.15546875 0.04375 0.059375
0 0.75546875 0.1640625 0.0375 0.0453125
0 0.61015625 0.14609375 0.04375 0.0546875
0 0.65234375 0.03046875 0.03125 0.03125
0 0.534375 0.13828125 0.0390625 0.0546875
0 0.8390625 0.18046875 0.0375 0.05
0 0.19765625 0.09296875 0.0484375 0.05625
0 0.34609375 0.1140625 0.028125 0.0390625
0 0.30234375 0.1078125 0.0296875 0.04375
0 0.1140625 0.08359375 0.0421875 0.05
0 0.4484375 0.13515625 0.034375 0.05
0 0.896875 0.20078125 0.04375 0.059375
0 0.3671875 0.12890625 0.0328125 0.040625
0 0.50234375 0.15234375 0.0375 0.040625
0 0.2765625 0.12734375 0.04375 0.0546875
0 0.6203125 0.17734375 0.04375 0.0546875
0 0.621875 0.03125 0.0328125 0.040625
0 0.4265625 0.16015625 0.034375 0.0546875
0 0.75859375 0.20625 0.0421875 0.05
0 0.55390625 0.1828125 0.04375 0.059375
0 0.734375 0.2125 0.034375 0.0453125
0 0.98203125 0.24765625 0.0359375 0.0703125
0 0.64453125 0.2 0.04375 0.0546875
0 0.45859375 0.17890625 0.04375 0.0546875
0 0.97421875 0.0828125 0.0421875 0.046875
0 0.80625 0.234375 0.0375 0.0453125
0 0.2609375 0.16015625 0.0359375 0.0328125
0 0.125 0.14140625 0.0421875 0.0421875
0 0.54609375 0.02265625 0.0328125 0.040625
0 0.69296875 0.04375 0.0375 0.0453125
0 0.190625 0.1578125 0.0484375 0.05625
0 0.8390625 0.25078125 0.05 0.065625
0 0.4921875 0.20703125 0.04375 0.059375
0 0.69609375 0.2359375 0.0578125 0.0625
0 0.38203125 0.19609375 0.05 0.075
0 0.35078125 0.1984375 0.034375 0.0453125
0 0.615625 0.2421875 0.0453125 0.06875
0 0.7546875 0.2640625 0.0484375 0.05625
0 0.31484375 0.20703125 0.05 0.065625
0 0.07734375 0.1765625 0.0546875 0.0703125
0 0.65078125 0.259375 0.04375 0.059375
0 0.87890625 0.29609375 0.0453125 0.0640625
0 0.5828125 0.25703125 0.04375 0.059375
0 0.99453125 0.09296875 0.0109375 0.0546875
0 0.12421875 0.196875 0.053125 0.0609375
0 0.2484375 0.21484375 0.0359375 0.059375
0 0.9515625 0.31328125 0.040625 0.06875
0 0.70703125 0.28828125 0.0453125 0.06875
0 0.26875 0.22890625 0.05 0.075
0 0.828125 0.31015625 0.0453125 0.0640625
0 0.8578125 0.31875 0.0453125 0.0734375
0 0.9078125 0.32578125 0.0578125 0.0890625
0 0.78984375 0.3203125 0.065625 0.0859375
0 0.4984375 0.2796875 0.059375 0.0671875
0 0.54765625 0.29375 0.05625 0.084375
0 0.36484375 0.284375 0.05625 0.0796875
0 0.615625 0.3265625 0.0671875 0.090625
0 0.3890625 0.015625 0.028125 0.03125
0 0.4421875 0.309375 0.059375 0.0765625
0 0.30859375 0.29296875 0.0375 0.05
0 0.978125 0.390625 0.04375 0.071875
0 0.1875 0.27890625 0.065625 0.0859375
0 0.8671875 0.37890625 0.046875 0.0515625
0 0.690625 0.35625 0.05 0.0703125
0 0.50078125 0.35703125 0.0625 0.090625
0 0.08125 0.30078125 0.0609375 0.0859375
0 0.67890625 0.05703125 0.021875 0.0296875
0 0.49765625 0.03203125 0.0296875 0.04375
0 0.15546875 0.325 0.0703125 0.1125
0 0.2859375 0.34609375 0.08125 0.096875
0 0.85078125 0.08125 0.0375 0.0453125
0 0.04140625 0.32109375 0.053125 0.09375
0 0.7546875 0.0703125 0.0421875 0.046875
0 0.66328125 0.4203125 0.0625 0.090625
0 0.5734375 0.046875 0.0328125 0.040625
0 0.865625 0.45625 0.084375 0.0890625
0 0.92109375 0.4640625 0.0609375 0.08125
0 0.96484375 0.47109375 0.0703125 0.08125
0 0.28828125 0.01328125 0.0328125 0.0265625
0 0.5625 0.41953125 0.0625 0.090625
0 0.76171875 0.45234375 0.0765625 0.096875
0 0.3375 0.39296875 0.04375 0.059375
0 0.4078125 0.409375 0.0671875 0.090625
0 0.978125 0.5203125 0.04375 0.125
0 0.41875 0.03046875 0.021875 0.0265625
0 0.19609375 0.41796875 0.0640625 0.0765625
0 0.634375 0.06015625 0.0421875 0.0421875
0 0.47734375 0.4734375 0.084375 0.115625
0 0.67109375 0.52890625 0.0734375 0.1046875
0 0.0296875 0.4421875 0.059375 0.090625
0 0.34765625 0.4859375 0.0609375 0.08125
0 0.8515625 0.5734375 0.0875 0.10625
0 0.37421875 0.03125 0.034375 0.05
0 0.10390625 0.47265625 0.0796875 0.0875
0 0.46328125 0.04609375 0.034375 0.0453125
0 0.53203125 0.05546875 0.028125 0.034375
0 0.22734375 0.52734375 0.0828125 0.10625
0 0.54296875 0.590625 0.078125 0.1046875
0 0.1984375 0.01875 0.034375 0.0375
0 0.03671875 0.54921875 0.0734375 0.1296875
0 0.3203125 0.60078125 0.084375 0.0890625
0 0.140625 0.58046875 0.0890625 0.0890625
0 0.48515625 0.05625 0.028125 0.0390625
0 0.14375 0.01875 0.04375 0.0375
0 0.434375 0.0515625 0.028125 0.0390625
0 0.440625 0.64375 0.078125 0.1046875
0 0.665625 0.0859375 0.034375 0.0453125
0 0.2390625 0.02890625 0.0421875 0.05
0 0.796875 0.7359375 0.1046875 0.13125
0 0.73828125 0.10078125 0.034375 0.05
0 0.5890625 0.0828125 0.0390625 0.0546875
0 0.76796875 0.0421875 0.0265625 0.021875
0 0.38515625 0.05390625 0.0234375 0.034375
0 0.16328125 0.70234375 0.1015625 0.1171875
0 0.53984375 0.78203125 0.1140625 0.1421875
0 0.21015625 0.83359375 0.10625 0.0828125
0 0.29765625 0.0578125 0.034375 0.05
0 0.5546875 0.09453125 0.034375 0.0546875
0 0.628125 0.1046875 0.0421875 0.046875
0 0.83203125 0.13359375 0.0359375 0.0359375
0 0.0734375 0.02890625 0.03125 0.0578125
0 0.78515625 0.13046875 0.0375 0.05
0 0.5171875 0.00859375 0.021875 0.0171875
0 0.4375 0.003125 0.021875 0.00625
0 0.45546875 0.084375 0.028125 0.034375
0 0.51953125 0.0953125 0.034375 0.0546875
0 0.3421875 0.0734375 0.028125 0.0390625
0 0.75546875 0.13125 0.0328125 0.040625
0 0.42421875 0.0890625 0.0296875 0.04375