0 0.8390625 0.15234375 0.0390625 0.0546875
0 0.8078125 0.15234375 0.0359375 0.0546875
0 0.38046875 0.0875 0.0328125 0.040625
0 0.65234375 0.1328125 0.034375 0.05
0 0.54140625 0.1171875 0.0328125 0.0359375
0 0.69453125 0.14609375 0.040625 0.0640625
0 0.49765625 0.11484375 0.03125 0.028125
0 0.78515625 0.16328125 0.04375 0.0515625
0 0.728125 0.15390625 0.028125 0.0359375
0 0.66875 0.14453125 0.03125 0.053125
0 0.24296875 0.0796875 0.0328125 0.040625
0 0.42578125 0.10859375 0.0265625 0.0265625
0 0.6078125 0.1421875 0.040625 0.059375
0 0.4 0.1140625 0.0234375 0.034375
0 0.9859375 0.20703125 0.028125 0.0359375
0 0.3265625 0.10234375 0.0421875 0.046875
0 0.934375 0.20078125 0.0375 0.0453125
0 0.2109375 0.09140625 0.04375 0.05625
0 0.41875 0.1265625 0.0453125 0.034375
0 0.95703125 0.2140625 0.0328125 0.040625
0 0.12578125 0.08203125 0.0328125 0.0328125
0 0.56015625 0.1515625 0.0375 0.0453125
0 0.525 0.14765625 0.028125 0.040625
0 0.8109375 0.1953125 0.0375 0.040625
0 0.99453125 0.22890625 0.0109375 0.0484375
0 0.175 0.09765625 0.0296875 0.0453125
0 0.08359375 0.0828125 0.0453125 0.0609375
0 0.89453125 0.21328125 0.0375 0.0453125
0 0.84375 0.20546875 0.0421875 0.046875
0 0.26640625 0.1140625 0.05 0.0609375
0 0.7046875 0.18515625 0.0375 0.0453125
0 0.37734375 0.13359375 0.034375 0.0453125
0 0.48203125 0.15234375 0.0296875 0.0484375
0 0.60546875 0.02734375 0.0328125 0.0359375
0 0.2890625 0.13125 0.0375 0.0640625
0 0.5015625 0.1671875 0.034375 0.0453125
0 0.7484375 0.20625 0.046875 0.0421875
0 0.6515625 0.19296875 0.0359375 0.0546875
0 0.34921875 0.14765625 0.040625 0.0640625
0 0.19453125 0.1234375 0.0453125 0.0609375
0 0.384375 0.00625 0.028125 0.0125
0 0.63046875 0.19453125 0.0375 0.06875
0 0.24375 0.1359375 0.040625 0.0328125
0 0.4125 0.1625 0.040625 0.059375
0 0.440625 0.1671875 0.0390625 0.0546875
0 0.31171875 0.14921875 0.03125 0.053125
0 0.9203125 0.2453125 0.0421875 0.046875
0 0.79921875 0.2265625 0.0375 0.0453125
0 0.140625 0.12421875 0.0453125 0.0609375
0 0.971875 0.25625 0.040625 0.0375
0 0.5875 0.19765625 0.0421875 0.0421875
0 0.68125 0.21484375 0.0390625 0.0546875
0 0.83125 0.24296875 0.034375 0.05
0 0.2546875 0.15390625 0.0453125 0.0375
0 0.8953125 0.26484375 0.0359375 0.0546875
0 0.53671875 0.20859375 0.0421875 0.0421875
0 0.49765625 0.2046875 0.0328125 0.040625
0 0.3875 0.18984375 0.0421875 0.046875
0 0.58828125 0.2234375 0.0359375 0.0328125
0 0.734375 0.246875 0.034375 0.0453125
0 0.87578125 0.27421875 0.0375 0.0453125
0 0.61015625 0.23203125 0.0234375 0.034375
0 0.96875 0.290625 0.0375 0.040625
0 0.69921875 0.24765625 0.0375 0.0453125
0 0.9234375 0.28515625 0.040625 0.0375
0 0.7765625 0.26484375 0.034375 0.0453125
0 0.46484375 0.215625 0.0390625 0.0546875
0 0.32578125 0.1953125 0.0328125 0.0328125
0 0.8609375 0.28046875 0.0375 0.0453125
0 0.634375 0.24453125 0.0359375 0.0328125
0 0.434375 0.0109375 0.028125 0.021875
0 0.56796875 0.028125 0.034375 0.0453125
0 0.990625 0.3078125 0.01875 0.046875
0 0.50546875 0.22890625 0.046875 0.0421875
0 0.2921875 0.2 0.04375 0.05625
0 0.5484375 0.02734375 0.0328125 0.0328125
0 0.74453125 0.27578125 0.0390625 0.0546875
0 0.53359375 0.2453125 0.0296875 0.0453125
0 0.10546875 0.1796875 0.0484375 0.05625
0 0.82734375 0.29375 0.0421875 0.046875
0 0.4234375 0.2296875 0.04375 0.05625
0 0.44375 0.23828125 0.034375 0.05
0 0.3125 0.221875 0.0296875 0.0453125
0 0.16796875 0.19921875 0.0484375 0.05625
0 0.6453125 0.275 0.05 0.0390625
0 0.7046875 0.28671875 0.040625 0.0375
0 0.25625 0.2203125 0.053125 0.084375
0 0.05234375 0.18828125 0.025 0.04375
0 0.2078125 0.21484375 0.04375 0.05625
0 0.3375 0.23515625 0.040625 0.0375
0 0.8765625 0.3234375 0.0421875 0.0421875
0 0.95 0.33671875 0.0328125 0.040625
0 0.78671875 0.31640625 0.034375 0.05
0 0.70546875 0.31171875 0.05 0.0609375
0 0.7578125 0.32265625 0.0390625 0.0546875
0 0.55859375 0.2953125 0.0515625 0.075
0 0.81171875 0.3359375 0.0484375 0.05625
0 0.4140625 0.275 0.034375 0.05
0 0.29453125 0.25859375 0.0390625 0.05
0 0.490625 0.29453125 0.0359375 0.0546875
0 0.2109375 0.25 0.0328125 0.0328125
0 0.68046875 0.3265625 0.0390625 0.05
0 0.9203125 0.36484375 0.05 0.065625
0 0.5921875 0.31796875 0.0421875 0.0734375
0 0.459375 0.29921875 0.0390625 0.05
0 0.44609375 0.30390625 0.03125 0.053125
0 0.32265625 0.28671875 0.059375 0.0625
0 0.646875 0.34296875 0.0578125 0.084375
0 0.37421875 0.30234375 0.0625 0.08125
0 0.9921875 0.4046875 0.015625 0.059375
0 0.71484375 0.35859375 0.0296875 0.0453125
0 0.96796875 0.40078125 0.053125 0.084375
0 0.7453125 0.3703125 0.0484375 0.0515625
0 0.79765625 0.38359375 0.059375 0.0671875
0 0.490625 0.33984375 0.0421875 0.046875
0 0.24140625 0.3 0.0546875 0.0359375
0 0.68046875 0.05703125 0.0375 0.0453125
0 0.8625 0.40234375 0.053125 0.0796875
0 0.153125 0.29453125 0.059375 0.09375
0 0.4265625 0.3453125 0.0625 0.090625
0 0.04609375 0.30390625 0.05 0.065625
0 0.90625 0.4375 0.05625 0.071875
0 0.678125 0.40859375 0.0625 0.0859375
0 0.7609375 0.421875 0.0625 0.08125
0 0.53828125 0.39375 0.0578125 0.08125
0 0.71640625 0.421875 0.05 0.065625
0 0.09609375 0.32578125 0.0625 0.059375
0 0.96953125 0.4671875 0.0453125 0.034375
0 0.57890625 0.41796875 0.0515625 0.075
0 0.23984375 0.36484375 0.0484375 0.084375
0 0.878125 0.0953125 0.0328125 0.040625
0 0.3890625 0.01796875 0.028125 0.03125
0 0.2828125 0.3765625 0.0625 0.1171875
0 0.4578125 0.4109375 0.0515625 0.1015625
0 0.9921875 0.50625 0.015625 0.084375
0 0.34140625 0.409375 0.06875 0.1
0 0.49296875 0.43828125 0.0578125 0.08125
0 0.1984375 0.39375 0.08125 0.1203125
0 0.8125 0.49375 0.06875 0.1
0 0.1078125 0.384375 0.06875 0.0953125
0 0.7734375 0.48984375 0.046875 0.075
0 0.871875 0.50546875 0.0609375 0.071875
0 0.74765625 0.07734375 0.028125 0.03125
0 0.3 0.0140625 0.0375 0.028125
0 0.15 0.40234375 0.0359375 0.0546875
0 0.96015625 0.5421875 0.0625 0.0859375
0 0.703125 0.50390625 0.075 0.1046875
0 0.053125 0.40546875 0.0875 0.125
0 0.75546875 0.52890625 0.059375 0.0625
0 0.65 0.51875 0.071875 0.0875
0 0.18984375 0.00546875 0.0234375 0.0109375
0 0.49453125 0.04453125 0.0234375 0.034375
0 0.86484375 0.5765625 0.0703125 0.0734375
0 0.5921875 0.5359375 0.059375 0.0890625
0 0.56015625 0.53359375 0.065625 0.1078125
0 0.26796875 0.01640625 0.0296875 0.0328125
0 0.125 0.48515625 0.0765625 0.0609375
0 0.36875 0.0265625 0.028125 0.040625
0 0.284375 0.5125 0.065625 0.078125
0 0.9109375 0.61171875 0.0671875 0.090625
0 0.6078125 0.0671875 0.0234375 0.034375
0 0.81875 0.10078125 0.034375 0.0453125
0 0.84765625 0.6109375 0.0625 0.090625
0 0.428125 0.55625 0.075 0.1046875
0 0.6953125 0.61328125 0.059375 0.0984375
0 0.35 0.03125 0.028125 0.0359375
0 0.5 0.5890625 0.0625 0.0859375
0 0.95859375 0.6640625 0.053125 0.0796875
0 0.51875 0.0578125 0.0328125 0.040625
0 0.81875 0.65078125 0.075 0.1046875
0 0.75 0.63984375 0.0859375 0.115625
0 0.35390625 0.5796875 0.08125 0.1203125
0 0.26015625 0.57890625 0.0859375 0.09375
0 0.446875 0.05078125 0.0328125 0.040625
0 0.11640625 0.5828125 0.0734375 0.1234375
0 0.3140625 0.0296875 0.0328125 0.040625
0 0.78515625 0.1046875 0.0328125 0.040625
0 0.21171875 0.0203125 0.0359375 0.040625
0 0.634375 0.68515625 0.0765625 0.11875
0 0.25 0.021875 0.0234375 0.034375
0 0.94296875 0.7484375 0.065625 0.13125
0 0.2328125 0.01953125 0.028125 0.0390625
0 0.74296875 0.1046875 0.0375 0.0453125
0 0.04921875 0.6375 0.0859375 0.1203125
0 0.390625 0.05390625 0.0265625 0.0265625
0 0.95546875 0.14375 0.034375 0.0453125
0 0.196875 0.71015625 0.1 0.121875
0 0.72578125 0.109375 0.034375 0.05
0 0.36171875 0.05625 0.028125 0.040625
0 0.91953125 0.14453125 0.034375 0.0453125
0 0.33125 0.05859375 0.0328125 0.040625
0 0.09140625 0.02109375 0.0359375 0.0359375
0 0.56796875 0.0984375 0.034375 0.05
0 0.29609375 0.05546875 0.0328125 0.040625
0 0.51328125 0.09140625 0.028125 0.040625
0 0.47578125 0.08828125 0.0390625 0.05
0 0.4234375 0.0796875 0.028125 0.03125
0 0.76015625 0.1328125 0.0296875 0.0453125
0 0.86875 0.15234375 0.034375 0.05
0 0.26953125 0.06015625 0.034375 0.05
0 0.13046875 0.03828125 0.04375 0.05625
0 0.63515625 0.1203125 0.021875 0.0265625