0 0.00859375 0.28515625 0.009375 0.009375
0 0.03203125 0.2875 0.0046875 0.009375
0 0.015625 0.28984375 0.0046875 0.009375
0 0.02734375 0.28984375 0.0046875 0.009375
0 0.0359375 0.29296875 0.009375 0.009375
0 0.0078125 0.29921875 0.009375 0.009375
0 0.03515625 0.30234375 0.009375 0.0140625
0 0.02421875 0.3015625 0.009375 0.0140625
0 0.05625 0.30234375 0.009375 0.0046875
0 0.171875 0.309375 0.009375 0.0140625
0 0.04921875 0.309375 0.009375 0.0140625
0 0.06328125 0.309375 0.0140625 0.0140625
0 0.190625 0.3140625 0.009375 0.01875
0 0.20703125 0.3140625 0.0046875 0.0140625
0 0.2046875 0.31640625 0.0046875 0.0140625
0 0.21640625 0.31953125 0.009375 0.01875
0 0.09765625 0.3171875 0.0140625 0.01875
0 0.225 0.31953125 0.009375 0.0140625
0 0.0078125 0.315625 0.009375 0.0234375
0 0.10703125 0.3171875 0.009375 0.0140625
0 0.03359375 0.31640625 0.009375 0.0140625
0 0.075 0.31875 0.009375 0.0140625
0 0.1515625 0.3203125 0.009375 0.0140625
0 0.18359375 0.32109375 0.009375 0.0140625
0 0.0890625 0.321875 0.009375 0.01875
0 0.05390625 0.32109375 0.009375 0.01875
0 0.1234375 0.32265625 0.009375 0.01875
0 0.03984375 0.3234375 0.009375 0.0140625
0 0.36640625 0.32890625 0.009375 0.0140625
0 0.0265625 0.32265625 0.0140625 0.01875
0 0.25078125 0.3265625 0.009375 0.0140625
0 0.13515625 0.3296875 0.0140625 0.0234375
0 0.11171875 0.33125 0.009375 0.0140625
0 0.16953125 0.3328125 0.009375 0.0140625
0 0.15625 0.33203125 0.009375 0.0140625
0 0.3875 0.3359375 0.0140625 0.0140625
0 0.4015625 0.33671875 0.0140625 0.01875
0 0.08203125 0.3359375 0.009375 0.0140625
0 0.09765625 0.3359375 0.0140625 0.0140625
0 0.06796875 0.33515625 0.0140625 0.01875
0 0.23203125 0.33984375 0.0140625 0.0234375
0 0.1859375 0.3390625 0.009375 0.0140625
0 0.2484375 0.33984375 0.0046875 0.01875
0 0.0421875 0.33671875 0.01875 0.0234375
0 0.26640625 0.34296875 0.0140625 0.0234375
0 0.06015625 0.34375 0.0140625 0.01875
0 0.29140625 0.35 0.01875 0.01875
0 0.10390625 0.34921875 0.0140625 0.0234375
0 0.1390625 0.35 0.01875 0.028125
0 0.42109375 0.3546875 0.0140625 0.0234375
0 0.12265625 0.35234375 0.0234375 0.0375
0 0.39140625 0.359375 0.01875 0.028125
0 0.18046875 0.3578125 0.009375 0.0140625
0 0.20625 0.3578125 0.0234375 0.0375
0 0.0140625 0.35703125 0.0140625 0.0140625
0 0.06484375 0.3578125 0.0140625 0.01875
0 0.0234375 0.35703125 0.0140625 0.0234375
0 0.40546875 0.36640625 0.0140625 0.0234375
0 0.92578125 0.375 0.01875 0.028125
0 0.18984375 0.36484375 0.01875 0.028125
0 0.2984375 0.36640625 0.009375 0.0234375
0 0.87734375 0.3765625 0.01875 0.028125
0 0.04375 0.3625 0.028125 0.0375
0 0.08359375 0.36796875 0.0234375 0.0328125
0 0.26171875 0.3734375 0.0140625 0.01875
0 0.66171875 0.38515625 0.0234375 0.0328125
0 0.64375 0.384375 0.01875 0.01875
0 0.240625 0.37734375 0.0234375 0.028125
0 0.28046875 0.38046875 0.0140625 0.0140625
0 0.009375 0.378125 0.0140625 0.0421875
0 0.4390625 0.38828125 0.0140625 0.0234375
0 0.1609375 0.3875 0.0296875 0.046875
0 0.42265625 0.3921875 0.028125 0.0375
0 0.25390625 0.39140625 0.0140625 0.01875
0 0.71484375 0.4 0.009375 0.0140625
0 0.8140625 0.40390625 0.0140625 0.0234375
0 0.79765625 0.40625 0.0140625 0.0234375
0 0.68203125 0.40390625 0.0140625 0.01875
0 0.83515625 0.40859375 0.0140625 0.0328125
0 0.140625 0.396875 0.0234375 0.0328125
0 0.78203125 0.4078125 0.0234375 0.0328125
0 0.4578125 0.40234375 0.0140625 0.0234375
0 0.3328125 0.40390625 0.0234375 0.0328125
0 0.746875 0.4109375 0.0234375 0.0421875
0 0.6171875 0.409375 0.01875 0.0234375
0 0.28359375 0.41484375 0.0234375 0.0421875
0 0.63125 0.42109375 0.028125 0.0421875
0 0.72578125 0.42265625 0.0203125 0.046875
0 0.88125 0.42734375 0.0234375 0.028125
0 0.703125 0.42734375 0.0234375 0.0375
0 0.58515625 0.425 0.0296875 0.05625
0 0.2515625 0.42109375 0.0375 0.046875
0 0.75390625 0.4328125 0.009375 0.0234375
0 0.3671875 0.428125 0.01875 0.0234375
0 0.66796875 0.43359375 0.0234375 0.0421875
0 0.4828125 0.4328125 0.0375 0.0515625
0 0.8546875 0.4390625 0.028125 0.028125
0 0.94296875 0.440625 0.0296875 0.046875
0 0.82734375 0.4453125 0.01875 0.0328125
0 0.79453125 0.45 0.0296875 0.046875
0 0.3203125 0.44609375 0.028125 0.0375
0 0.96640625 0.46875 0.0328125 0.0515625
0 0.38046875 0.45859375 0.0234375 0.0375
0 0.51484375 0.46328125 0.028125 0.0375
0 0.9890625 0.4765625 0.015625 0.046875
0 0.8640625 0.47578125 0.0296875 0.046875
0 0.896875 0.47890625 0.0375 0.0515625
0 0.0171875 0.46328125 0.0328125 0.084375
0 0.6734375 0.4796875 0.0203125 0.046875
0 0.6296875 0.48125 0.0296875 0.0515625
0 0.57421875 0.4828125 0.0421875 0.065625
0 0.75 0.490625 0.0421875 0.065625
0 0.7015625 0.496875 0.0375 0.0515625
0 0.9375 0.51015625 0.028125 0.028125
0 0.8328125 0.5421875 0.0421875 0.075
0 0.49453125 0.54375 0.0375 0.065625
0 0.9578125 0.55625 0.046875 0.0703125
0 0.18515625 0.62421875 0.0375 0.046875
0 0.1078125 0.68046875 0.0609375 0.0890625
0 0.30390625 0.703125 0.0375 0.0703125
0 0.55859375 0.71640625 0.046875 0.065625
0 0.63671875 0.89140625 0.09375 0.034375
0 0.70859375 0.8953125 0.0515625 0.0328125