0 0.1484375 0.89609375 0.0484375 0.05625
0 0.2578125 0.8890625 0.04375 0.0546875
0 0.0703125 0.9203125 0.0390625 0.0546875
0 0.78828125 0.82421875 0.0578125 0.0578125
0 0.47109375 0.87578125 0.04375 0.0546875
0 0.3640625 0.8953125 0.053125 0.0609375
0 0.56171875 0.87265625 0.0515625 0.046875
0 0.8875 0.82890625 0.0578125 0.0578125
0 0.65859375 0.86328125 0.046875 0.046875
0 0.81015625 0.0453125 0.0421875 0.0421875
0 0.334375 0.978125 0.046875 0.04375
0 0.23984375 0.9875 0.0421875 0.025
0 0.88046875 0.91171875 0.0578125 0.0625
0 0.3453125 0.11484375 0.046875 0.0515625
0 0.7703125 0.940625 0.046875 0.046875
0 0.4359375 0.990625 0.053125 0.01875
0 0.678125 0.96796875 0.0390625 0.028125
0 0.559375 0.98984375 0.0390625 0.01875
0 0.0734375 0.1578125 0.0484375 0.05625
0 0.42578125 0.1078125 0.04375 0.0546875
0 0.1421875 0.15 0.046875 0.0515625
0 0.53046875 0.10078125 0.0421875 0.05
0 0.81171875 0.09140625 0.046875 0.046875
0 0.496875 0.1453125 0.0375 0.05
0 0.215625 0.20546875 0.0484375 0.05625
0 0.3484375 0.18671875 0.046875 0.046875
0 0.9328125 0.1046875 0.0390625 0.0546875
0 0.6078125 0.15 0.0375 0.0453125
0 0.12578125 0.06640625 0.0453125 0.034375
0 0.26875 0.04921875 0.0515625 0.046875
0 0.72109375 0.16015625 0.0484375 0.05625
0 0.8078125 0.1625 0.0375 0.0453125
0 0.896875 0.1609375 0.0421875 0.0421875
0 0.59765625 0.2265625 0.0546875 0.04375
0 0.7171875 0.009375 0.053125 0.01875
0 0.3984375 0.29296875 0.0359375 0.0359375
0 0.134375 0.33125 0.0421875 0.046875
0 0.04921875 0.35 0.0421875 0.05
0 0.2234375 0.328125 0.0421875 0.05
0 0.25 0.33359375 0.0375 0.0453125
0 0.51640625 0.3015625 0.05625 0.053125
0 0.334375 0.3359375 0.04375 0.0546875
0 0.303125 0.34296875 0.0375 0.05
0 0.3984375 0.34140625 0.0484375 0.05625
0 0.69921875 0.30390625 0.0421875 0.05
0 0.6140625 0.3296875 0.0359375 0.0359375
0 0.50546875 0.35625 0.0484375 0.05625
0 0.284375 0.39453125 0.053125 0.05625
0 0.11328125 0.4234375 0.0515625 0.0515625
0 0.7921875 0.3328125 0.0515625 0.0515625
0 0.196875 0.42109375 0.05625 0.0484375
0 0.90234375 0.321875 0.04375 0.0546875
0 0.60703125 0.36328125 0.0515625 0.0515625
0 0.02109375 0.4484375 0.0421875 0.05625
0 0.9375 0.34921875 0.0578125 0.0578125
0 0.59453125 0.409375 0.046875 0.046875
0 0.71015625 0.40234375 0.046875 0.0515625
0 0.80390625 0.4015625 0.0375 0.040625
0 0.38125 0.46796875 0.0546875 0.04375
0 0.29140625 0.4828125 0.0453125 0.0375
0 0.2015625 0.5046875 0.046875 0.0515625
0 0.01328125 0.53125 0.0265625 0.053125
0 0.103125 0.5234375 0.0421875 0.046875
0 0.50703125 0.48046875 0.046875 0.0421875
0 0.090625 0.54375 0.034375 0.0453125
0 0.28984375 0.52265625 0.0578125 0.0578125
0 0.39296875 0.51953125 0.0515625 0.0515625
0 0.48828125 0.515625 0.046875 0.046875
0 0.15625 0.09921875 0.05 0.034375
0 0.76796875 0.52578125 0.0484375 0.05625
0 0.1640625 0.6171875 0.046875 0.046875
0 0.5046875 0.56953125 0.0515625 0.0515625
0 0.28359375 0.6078125 0.0375 0.0453125
0 0.38125 0.60546875 0.0421875 0.046875
0 0.58359375 0.5796875 0.04375 0.0296875
0 0.0546875 0.6578125 0.0578125 0.0578125
0 0.659375 0.58515625 0.046875 0.0515625
0 0.88515625 0.56015625 0.0484375 0.05625
0 0.5796875 0.6171875 0.046875 0.046875
0 0.48671875 0.6375 0.046875 0.046875
0 0.28671875 0.6796875 0.046875 0.0515625
0 0.97578125 0.5875 0.0484375 0.05625
0 0.3765625 0.671875 0.046875 0.0515625
0 0.78984375 0.61640625 0.046875 0.0515625
0 0.18203125 0.703125 0.046875 0.046875
0 0.0890625 0.71875 0.0546875 0.0703125
0 0.70078125 0.64921875 0.04375 0.0546875
0 0.24296875 0.1015625 0.053125 0.0609375
0 0.04921875 0.76484375 0.0390625 0.059375
0 0.44609375 0.71796875 0.05625 0.053125
0 0.17890625 0.76015625 0.046875 0.046875
0 0.82734375 0.7015625 0.0484375 0.0609375
0 0.46875 0.0765625 0.0375 0.0453125
0 0.66796875 0.7609375 0.046875 0.046875
0 0.54609375 0.7921875 0.053125 0.05625
0 0.3578125 0.83359375 0.0515625 0.046875
0 0.9703125 0.7515625 0.053125 0.0609375
0 0.2625 0.8515625 0.0375 0.040625
0 0.2046875 0.86171875 0.05 0.065625
0 0.45234375 0.83203125 0.0421875 0.0421875