0 0.475 0.10546875 0.0375 0.0453125
0 0.53203125 0.09609375 0.0234375 0.034375
0 0.228125 0.14921875 0.0421875 0.046875
0 0.015625 0.18828125 0.03125 0.0515625
0 0.9203125 0.046875 0.034375 0.05
0 0.08125 0.1796875 0.0359375 0.0546875
0 0.88203125 0.05546875 0.025 0.0484375
0 0.76328125 0.0765625 0.0234375 0.034375
0 0.73359375 0.08359375 0.0328125 0.040625
0 0.425 0.13203125 0.034375 0.05
0 0.571875 0.10859375 0.028125 0.040625
0 0.690625 0.0921875 0.0328125 0.040625
0 0.5546875 0.11875 0.0328125 0.040625
0 0.05625 0.2 0.040625 0.0640625
0 0.790625 0.08828125 0.034375 0.05
0 0.91015625 0.071875 0.0375 0.06875
0 0.175 0.06171875 0.028125 0.0359375
0 0.47890625 0.015625 0.0328125 0.03125
0 0.1625 0.20234375 0.05 0.0609375
0 0.8390625 0.0953125 0.0359375 0.059375
0 0.52890625 0.1484375 0.0390625 0.0546875
0 0.725 0.11953125 0.034375 0.05
0 0.2734375 0.19375 0.034375 0.05
0 0.74609375 0.11875 0.034375 0.05
0 0.609375 0.1421875 0.0296875 0.0484375
0 0.32265625 0.1953125 0.040625 0.059375
0 0.215625 0.2140625 0.0453125 0.0609375
0 0.10234375 0.23671875 0.05 0.0390625
0 0.3171875 0.04140625 0.025 0.0390625
0 0.88671875 0.11484375 0.034375 0.05
0 0.490625 0.178125 0.040625 0.0375
0 0.65390625 0.1546875 0.046875 0.075
0 0.7015625 0.15859375 0.0359375 0.0546875
0 0.5875 0.17890625 0.040625 0.059375
0 0.7578125 0.159375 0.040625 0.0375
0 0.12890625 0.2609375 0.0390625 0.0546875
0 0.503125 0.209375 0.046875 0.046875
0 0.06953125 0.284375 0.0421875 0.046875
0 0.00703125 0.29765625 0.0140625 0.0453125
0 0.41328125 0.234375 0.0453125 0.065625
0 0.93828125 0.15859375 0.0296875 0.0765625
0 0.33359375 0.04375 0.028125 0.040625
0 0.8671875 0.171875 0.0359375 0.0546875
0 0.7671875 0.18828125 0.0453125 0.065625
0 0.18828125 0.2796875 0.046875 0.0421875
0 0.16640625 0.28515625 0.025 0.04375
0 0.72890625 0.1984375 0.040625 0.059375
0 0.30625 0.26796875 0.04375 0.05625
0 0.12109375 0.3 0.0421875 0.06875
0 0.24296875 0.0609375 0.0359375 0.028125
0 0.26875 0.2859375 0.034375 0.0453125
0 0.90390625 0.1921875 0.0359375 0.0546875
0 0.2 0.06953125 0.0265625 0.0265625
0 0.15234375 0.31640625 0.0421875 0.046875
0 0.515625 0.2609375 0.053125 0.084375
0 0.2453125 0.30859375 0.0296875 0.0484375
0 0.3734375 0.0421875 0.028125 0.0359375
0 0.7 0.2390625 0.0328125 0.0671875
0 0.07578125 0.3375 0.05 0.0609375
0 0.67734375 0.2421875 0.0453125 0.0609375
0 0.353125 0.2984375 0.046875 0.046875
0 0.43984375 0.03203125 0.025 0.0484375
0 0.21640625 0.32421875 0.0375 0.06875
0 0.875 0.221875 0.040625 0.059375
0 0.02578125 0.378125 0.0453125 0.034375
0 0.94453125 0.2328125 0.0421875 0.0734375
0 0.4296875 0.31875 0.03125 0.028125
0 0.0078125 0.38984375 0.015625 0.0921875
0 0.77578125 0.27109375 0.0453125 0.0296875
0 0.1515625 0.3703125 0.0515625 0.075
0 0.3609375 0.34609375 0.0546875 0.0671875
0 0.10234375 0.3875 0.053125 0.0796875
0 0.2578125 0.3625 0.05 0.065625
0 0.78046875 0.2890625 0.0421875 0.046875
0 0.57265625 0.32265625 0.059375 0.0671875
0 0.93046875 0.27265625 0.0578125 0.084375
0 0.278125 0.0640625 0.028125 0.040625
0 0.03828125 0.1015625 0.028125 0.03125
0 0.81796875 0.2921875 0.0359375 0.059375
0 0.53203125 0.346875 0.046875 0.075
0 0.72421875 0.31640625 0.0484375 0.05625
0 0.30390625 0.38359375 0.0828125 0.0984375
0 0.46640625 0.3625 0.0515625 0.075
0 0.9578125 0.28671875 0.0234375 0.065625
0 0.06015625 0.43125 0.065625 0.1078125
0 0.1578125 0.08515625 0.028125 0.0359375
0 0.6875 0.33671875 0.0515625 0.04375
0 0.409375 0.0453125 0.0234375 0.03125
0 0.21328125 0.42109375 0.0703125 0.1046875
0 0.76953125 0.33828125 0.0609375 0.0765625
0 0.359375 0.4125 0.0359375 0.0359375
0 0.41875 0.4171875 0.075 0.1046875
0 0.71171875 0.37265625 0.0609375 0.071875
0 0.01953125 0.4828125 0.0390625 0.065625
0 0.634375 0.38671875 0.0515625 0.075
0 0.39453125 0.05234375 0.028125 0.0359375
0 0.546875 0.41015625 0.053125 0.084375
0 0.11953125 0.478125 0.06875 0.1
0 0.7125 0.41015625 0.040625 0.0328125
0 0.48515625 0.45078125 0.05625 0.071875
0 0.3671875 0.06171875 0.0234375 0.03125
0 0.5140625 0.03828125 0.0234375 0.034375
0 0.028125 0.55625 0.05625 0.103125
0 0.77421875 0.43984375 0.05625 0.0765625
0 0.215625 0.5359375 0.0671875 0.1125
0 0.42734375 0.0546875 0.0296875 0.0453125
0 0.73046875 0.47578125 0.0546875 0.09375
0 0.89140625 0.45234375 0.0578125 0.053125
0 0.4921875 0.53828125 0.0703125 0.0828125
0 0.20390625 0.09453125 0.028125 0.040625
0 0.69375 0.5421875 0.06875 0.0953125
0 0.24296875 0.09296875 0.0375 0.040625
0 0.30078125 0.08359375 0.034375 0.0453125
0 0.1015625 0.115625 0.0390625 0.05
0 0.175 0.10390625 0.0234375 0.034375
0 0.93203125 0.51875 0.0609375 0.134375
0 0.64453125 0.56875 0.065625 0.08125
0 0.1421875 0.65078125 0.084375 0.1375
0 0.8546875 0.53828125 0.0703125 0.078125
0 0.53828125 0.0484375 0.0234375 0.034375
0 0.50234375 0.0546875 0.0296875 0.0453125
0 0.03984375 0.68515625 0.05625 0.15625
0 0.2171875 0.66640625 0.0796875 0.10625
0 0.403125 0.64453125 0.0796875 0.10625
0 0.07734375 0.703125 0.075 0.1375
0 0.01171875 0.13671875 0.0234375 0.0453125
0 0.7546875 0.021875 0.034375 0.04375
0 0.47578125 0.6703125 0.075 0.1046875
0 0.65390625 0.0375 0.0234375 0.03125
0 0.79375 0.01796875 0.0328125 0.0328125
0 0.57734375 0.05234375 0.025 0.0390625
0 0.74765625 0.64609375 0.08125 0.1203125
0 0.55703125 0.6953125 0.0859375 0.115625
0 0.4828125 0.06953125 0.028125 0.040625
0 0.9765625 0.64921875 0.046875 0.0953125
0 0.38046875 0.75078125 0.0890625 0.1390625
0 0.925 0.6671875 0.071875 0.11875
0 0.67578125 0.04140625 0.021875 0.0265625
0 0.68359375 0.7265625 0.071875 0.1140625
0 0.03984375 0.14375 0.0375 0.0453125
0 0.69921875 0.03984375 0.0328125 0.040625
0 0.0921875 0.8734375 0.09375 0.121875
0 0.5046875 0.825 0.0921875 0.1296875
0 0.91796875 0.77421875 0.078125 0.1234375
0 0.334375 0.1046875 0.028125 0.040625
0 0.27734375 0.11328125 0.028125 0.040625
0 0.334375 0.8734375 0.103125 0.11875
0 0.56796875 0.83828125 0.0875 0.134375
0 0.215625 0.89609375 0.1375 0.1375
0 0.96640625 0.80703125 0.0671875 0.0703125
0 0.703125 0.86171875 0.084375 0.053125
0 0.06953125 0.0734375 0.0265625 0.0265625
0 0.83203125 0.03671875 0.0296875 0.0453125
0 0.3109375 0.11953125 0.03125 0.028125
0 0.359375 0.1140625 0.034375 0.0453125
0 0.896875 0.02890625 0.028125 0.040625
0 0.86015625 0.03515625 0.028125 0.040625
0 0.80234375 0.04375 0.034375 0.05
0 0.678125 0.07109375 0.0328125 0.0359375