0 0.909375 0.1296875 0.03125 0.046875
0 0.43671875 0.10703125 0.04375 0.0625
0 0.471875 0.1109375 0.0296875 0.0421875
0 0.878125 0.13515625 0.034375 0.0625
0 0.74375 0.128125 0.0296875 0.0375
0 0.66328125 0.128125 0.0296875 0.0421875
0 0.7 0.1375 0.034375 0.0484375
0 0.12421875 0.109375 0.0390625 0.053125
0 0.30625 0.11875 0.0390625 0.0578125
0 0.16796875 0.1140625 0.04375 0.0625
0 0.93515625 0.15703125 0.034375 0.034375
0 0.36875 0.1296875 0.034375 0.0578125
0 0.33359375 0.13203125 0.040625 0.071875
0 0.80703125 0.16171875 0.0390625 0.053125
0 0.8421875 0.1703125 0.0546875 0.071875
0 0.0671875 0.1296875 0.0984375 0.0515625
0 0.24765625 0.14140625 0.0578125 0.0625
0 0.19296875 0.1640625 0.0640625 0.071875
0 0.7109375 0.19375 0.0578125 0.0578125
0 0.984375 0.209375 0.03125 0.159375
0 0.57734375 0.21484375 0.125 0.1765625
0 0.21015625 0.2 0.0578125 0.0578125
0 0.425 0.24375 0.065625 0.109375
0 0.52421875 0.26015625 0.11875 0.1453125
0 0.10390625 0.240625 0.090625 0.14375
0 0.90078125 0.29140625 0.08125 0.128125
0 0.26953125 0.30234375 0.115625 0.18125
0 0.35390625 0.3234375 0.08125 0.1515625
0 0.715625 0.36953125 0.0953125 0.1296875
0 0.56640625 0.42421875 0.1140625 0.1625
0 0.51953125 0.08203125 0.025 0.0328125
0 0.678125 0.09453125 0.0296875 0.0328125
0 0.9515625 0.11640625 0.034375 0.04375
0 0.24609375 0.07890625 0.05 0.071875
0 0.6203125 0.10234375 0.03125 0.046875
0 0.775 0.115625 0.0296875 0.0421875
0 0.053125 0.0796875 0.0328125 0.0296875