0 0.24765625 0.325 0.0046875 0.0046875
0 0.32890625 0.33046875 0.009375 0.0046875
0 0.36953125 0.33359375 0.0046875 0.0046875
0 0.19921875 0.3234375 0.009375 0.0046875
0 0.26640625 0.328125 0.00625 0.0140625
0 0.2984375 0.3296875 0.0046875 0.0046875
0 0.3125 0.33125 0.0109375 0.0140625
0 0.09765625 0.31640625 0.009375 0.009375
0 0.27109375 0.328125 0.0046875 0.009375
0 0.43671875 0.33984375 0.0109375 0.0140625
0 0.23359375 0.32578125 0.0046875 0.0046875
0 0.2921875 0.3296875 0.0046875 0.009375
0 0.2515625 0.32890625 0.0046875 0.009375
0 0.16875 0.3234375 0.0046875 0.009375
0 0.11328125 0.31953125 0.0046875 0.009375
0 0.153125 0.321875 0.0046875 0.009375
0 0.1734375 0.3234375 0.0046875 0.0046875
0 0.40703125 0.33984375 0.009375 0.009375
0 0.06953125 0.31640625 0.009375 0.0046875
0 0.25859375 0.3296875 0.0046875 0.009375
0 0.21015625 0.32890625 0.00625 0.0140625
0 0.28203125 0.33359375 0.0046875 0.009375
0 0.328125 0.33671875 0.009375 0.009375
0 0.41640625 0.34296875 0.0046875 0.009375
0 0.07421875 0.31875 0.0046875 0.009375
0 0.0859375 0.31953125 0.0046875 0.0046875
0 0.1203125 0.32265625 0.00625 0.0140625
0 0.125 0.32265625 0.0109375 0.0140625
0 0.0140625 0.31484375 0.00625 0.0140625
0 0.18203125 0.3265625 0.00625 0.0140625
0 0.10625 0.32109375 0.0109375 0.0140625
0 0.0328125 0.31640625 0.0046875 0.009375
0 0.46484375 0.34609375 0.015625 0.0203125
0 0.20078125 0.328125 0.0046875 0.009375
0 0.140625 0.32578125 0.0109375 0.0140625
0 0.21484375 0.33125 0.0046875 0.009375
0 0.35390625 0.340625 0.00625 0.0140625
0 0.42734375 0.34609375 0.009375 0.009375
0 0.19375 0.33203125 0.0046875 0.009375
0 0.3140625 0.340625 0.009375 0.0046875
0 0.159375 0.3296875 0.00625 0.0140625
0 0.3421875 0.3421875 0.0046875 0.009375
0 0.059375 0.32265625 0.0046875 0.009375
0 0.1015625 0.32578125 0.009375 0.009375
0 0.18671875 0.33203125 0.009375 0.009375
0 0.28671875 0.33828125 0.0109375 0.0140625
0 0.0453125 0.321875 0.0109375 0.0140625
0 0.0921875 0.325 0.009375 0.009375
0 0.35703125 0.34609375 0.0109375 0.0140625
0 0.2703125 0.33984375 0.009375 0.009375
0 0.1359375 0.33046875 0.015625 0.015625
0 0.21953125 0.3359375 0.009375 0.009375
0 0.23046875 0.33671875 0.009375 0.009375
0 0.03671875 0.3234375 0.0046875 0.0046875
0 0.025 0.325 0.0109375 0.01875
0 0.16796875 0.33515625 0.00625 0.0140625
0 0.30390625 0.34453125 0.0046875 0.009375
0 0.4796875 0.35703125 0.015625 0.0203125
0 0.50078125 0.35859375 0.025 0.025
0 0.34609375 0.34765625 0.009375 0.009375
0 0.15703125 0.334375 0.0109375 0.0140625
0 0.3296875 0.34609375 0.0109375 0.0140625
0 0.0203125 0.325 0.0109375 0.0140625
0 0.20546875 0.3375 0.015625 0.015625
0 0.2140625 0.340625 0.0109375 0.0140625
0 0.25078125 0.34296875 0.00625 0.0140625
0 0.24140625 0.3421875 0.015625 0.015625
0 0.0828125 0.33125 0.0109375 0.0140625
0 0.31328125 0.34765625 0.0109375 0.0140625
0 0.54140625 0.36328125 0.015625 0.015625
0 0.01328125 0.32890625 0.00625 0.0140625
0 0.26015625 0.34609375 0.0109375 0.0140625
0 0.2921875 0.3484375 0.0109375 0.0140625
0 0.33671875 0.3515625 0.009375 0.009375
0 0.07109375 0.3328125 0.0109375 0.0140625
0 0.171875 0.33984375 0.0109375 0.0140625
0 0.3921875 0.35546875 0.015625 0.025
0 0.10078125 0.3375 0.0046875 0.009375
0 0.1421875 0.340625 0.0109375 0.0140625
0 0.3703125 0.35625 0.0109375 0.0140625
0 0.18359375 0.34296875 0.015625 0.015625
0 0.19296875 0.34375 0.015625 0.015625
0 0.046875 0.33359375 0.0140625 0.00625
0 0.109375 0.33828125 0.015625 0.015625
0 0.4859375 0.3640625 0.015625 0.0203125
0 0.05859375 0.334375 0.0109375 0.0140625
0 0.3796875 0.359375 0.015625 0.0203125
0 0.128125 0.34140625 0.015625 0.0203125
0 0.26953125 0.3515625 0.009375 0.009375
0 0.4421875 0.36328125 0.0203125 0.0203125
0 0.428125 0.36484375 0.015625 0.015625
0 0.28046875 0.35703125 0.015625 0.0203125
0 0.0984375 0.34453125 0.0109375 0.0140625
0 0.32421875 0.3625 0.009375 0.009375
0 0.06796875 0.34453125 0.009375 0.009375
0 0.02890625 0.34140625 0.0109375 0.01875
0 0.34765625 0.3640625 0.015625 0.025
0 0.540625 0.3796875 0.0203125 0.025
0 0.23828125 0.35859375 0.015625 0.0203125
0 0.0484375 0.3453125 0.0109375 0.01875
0 0.3046875 0.365625 0.015625 0.0203125
0 0.01640625 0.3453125 0.015625 0.025
0 0.07890625 0.35 0.0109375 0.01875
0 0.41171875 0.3734375 0.015625 0.025
0 0.115625 0.3546875 0.015625 0.025
0 0.33984375 0.3703125 0.015625 0.0203125
0 0.25390625 0.36484375 0.0203125 0.025
0 0.10390625 0.35625 0.015625 0.0203125
0 0.03984375 0.3515625 0.0203125 0.025
0 0.13203125 0.35859375 0.025 0.0203125
0 0.4 0.37734375 0.015625 0.025
0 0.0625 0.35546875 0.0109375 0.01875
0 0.08984375 0.3578125 0.015625 0.025
0 0.628125 0.3953125 0.0203125 0.0296875
0 0.1546875 0.36484375 0.0203125 0.0296875
0 0.52421875 0.39296875 0.0203125 0.025
0 0.46640625 0.39140625 0.0203125 0.0203125
0 0.2234375 0.37421875 0.015625 0.015625
0 0.696875 0.40703125 0.04375 0.0484375
0 0.5046875 0.39609375 0.025 0.025
0 0.33125 0.3890625 0.025 0.025
0 0.25703125 0.3859375 0.0203125 0.025
0 0.2828125 0.3875 0.0265625 0.0375
0 0.17890625 0.38046875 0.0203125 0.025
0 0.05859375 0.371875 0.025 0.0328125
0 0.03359375 0.37265625 0.0203125 0.025
0 0.35 0.39453125 0.0203125 0.0296875
0 0.57109375 0.41171875 0.0203125 0.0296875
0 0.89921875 0.434375 0.05625 0.0734375
0 0.365625 0.4 0.015625 0.0203125
0 0.7484375 0.42890625 0.03125 0.053125
0 0.134375 0.3859375 0.025 0.0328125
0 0.68359375 0.42421875 0.040625 0.0484375
0 0.01875 0.3828125 0.0265625 0.046875
0 0.2125 0.3984375 0.025 0.0296875
0 0.646875 0.42890625 0.0453125 0.0578125
0 0.19375 0.396875 0.015625 0.0328125
0 0.3296875 0.41171875 0.025 0.025
0 0.0921875 0.39453125 0.025 0.0328125
0 0.234375 0.409375 0.0203125 0.025
0 0.26015625 0.4109375 0.025 0.0328125
0 0.3109375 0.41484375 0.025 0.025
0 0.77578125 0.446875 0.040625 0.0484375
0 0.16953125 0.409375 0.0203125 0.0296875
0 0.49765625 0.43515625 0.0296875 0.0296875
0 0.37421875 0.43828125 0.025 0.0328125
0 0.39765625 0.4421875 0.03125 0.0390625
0 0.30234375 0.4375 0.034375 0.034375
0 0.34765625 0.45 0.034375 0.04375
0 0.1046875 0.440625 0.0203125 0.025
0 0.8421875 0.49375 0.05 0.053125
0 0.465625 0.4671875 0.040625 0.0625
0 0.6125 0.4796875 0.05625 0.0875
0 0.68203125 0.4890625 0.040625 0.0578125
0 0.515625 0.47734375 0.0453125 0.0671875
0 0.9140625 0.51015625 0.0515625 0.0765625
0 0.7734375 0.51171875 0.05 0.053125
0 0.15234375 0.46875 0.03125 0.053125
0 0.12109375 0.4734375 0.03125 0.0578125
0 0.0375 0.4703125 0.0359375 0.053125
0 0.08359375 0.48046875 0.05 0.0671875
0 0.98359375 0.5453125 0.0328125 0.0625
0 0.009375 0.48828125 0.01875 0.0515625
0 0.3015625 0.51640625 0.0546875 0.06875
0 0.79140625 0.5734375 0.0515625 0.090625
0 0.34765625 0.55 0.053125 0.0453125
0 0.11953125 0.56171875 0.0890625 0.0796875
0 0.03671875 0.55625 0.0734375 0.05625
0 0.51953125 0.5921875 0.065625 0.078125
0 0.325 0.61328125 0.0796875 0.09375
0 0.571875 0.6421875 0.0828125 0.065625
0 0.06796875 0.64375 0.1046875 0.121875
0 0.51640625 0.75625 0.0875 0.134375
0 0.009375 0.79375 0.01875 0.13125
0 0.14765625 0.82578125 0.20625 0.125
0 0.82265625 0.8890625 0.134375 0.0875