0 0.0375 0.1765625 0.075 0.11875
0 0.42265625 0.13828125 0.0953125 0.1234375
0 0.234375 0.2046875 0.090625 0.128125
0 0.52734375 0.1828125 0.0953125 0.128125
0 0.08984375 0.2546875 0.0828125 0.1
0 0.69140625 0.19765625 0.1046875 0.125
0 0.35234375 0.26640625 0.0921875 0.1015625
0 0.94609375 0.20859375 0.0625 0.115625
0 0.48203125 0.26484375 0.0890625 0.109375
0 0.8609375 0.23671875 0.0921875 0.096875
0 0.6359375 0.30625 0.0875 0.1
0 0.15546875 0.3890625 0.109375 0.1390625
0 0.2625 0.38515625 0.096875 0.1421875
0 0.81640625 0.34375 0.1015625 0.1421875
0 0.04296875 0.46796875 0.0859375 0.1734375
0 0.478125 0.42734375 0.10625 0.1484375
0 0.71171875 0.43125 0.0921875 0.1421875
0 0.3546875 0.065625 0.0890625 0.109375
0 0.38828125 0.5625 0.1046875 0.1296875
0 0.1015625 0.09453125 0.0828125 0.090625
0 0.9546875 0.50546875 0.090625 0.1890625
0 0.58671875 0.5515625 0.096875 0.1375
0 0.17734375 0.0890625 0.078125 0.0859375
0 0.16875 0.665625 0.121875 0.1640625
0 0.80078125 0.62265625 0.10625 0.14375
0 0.69921875 0.73984375 0.14375 0.15625
0 0.07265625 0.86875 0.0890625 0.159375
0 0.925 0.8203125 0.1421875 0.178125
0 0.528125 0.8765625 0.15 0.1703125
0 0.28671875 0.90078125 0.1546875 0.1984375
0 0.859375 0.0640625 0.090625 0.11875
0 0.7421875 0.08125 0.1078125 0.115625
0 0.58359375 0.10234375 0.0953125 0.1234375