0 0.34375 0.65234375 0.059375 0.0859375
0 0.78046875 0.75703125 0.0890625 0.1109375
0 0.58125 0.771875 0.0703125 0.096875
0 0.2671875 0.79296875 0.0609375 0.0953125
0 0.096875 0.80390625 0.065625 0.0953125
0 0.96484375 0.759375 0.0703125 0.109375
0 0.42734375 0.80234375 0.0546875 0.0859375
0 0.73828125 0.09296875 0.05 0.071875
0 0.9421875 0.0875 0.053125 0.0625
0 0.8328125 0.0953125 0.0546875 0.0765625
0 0.653125 0.1046875 0.0453125 0.0765625
0 0.0140625 0.140625 0.028125 0.071875
0 0.5453125 0.11953125 0.05 0.0671875
0 0.4390625 0.13203125 0.04375 0.0578125
0 0.36328125 0.14140625 0.0453125 0.071875
0 0.2265625 0.1484375 0.0546875 0.0765625
0 0.1203125 0.15625 0.0484375 0.0625
0 0.94609375 0.1546875 0.05 0.071875
0 0.03515625 0.209375 0.0484375 0.0625
0 0.64765625 0.1796875 0.0453125 0.0671875
0 0.45546875 0.1890625 0.0453125 0.071875
0 0.26015625 0.2046875 0.05 0.071875
0 0.14140625 0.215625 0.059375 0.0765625
0 0.36171875 0.2109375 0.0546875 0.071875
0 0.778125 0.19140625 0.059375 0.0859375
0 0.85703125 0.1875 0.0546875 0.0671875
0 0.53046875 0.20625 0.040625 0.071875
0 0.19921875 0.28203125 0.0546875 0.0765625
0 0.06015625 0.29140625 0.0546875 0.0765625
0 0.66328125 0.2625 0.059375 0.08125
0 0.315625 0.28984375 0.0546875 0.08125
0 0.92109375 0.26171875 0.059375 0.0765625
0 0.41484375 0.29765625 0.05 0.0765625
0 0.53125 0.29921875 0.0546875 0.0671875
0 0.81796875 0.28359375 0.0546875 0.0671875
0 0.6890625 0.34609375 0.0546875 0.0765625
0 0.17578125 0.375 0.059375 0.090625
0 0.5578125 0.3578125 0.0453125 0.071875
0 0.03671875 0.38515625 0.059375 0.090625
0 0.3078125 0.3734375 0.05 0.0859375
0 0.82890625 0.3578125 0.0546875 0.0765625
0 0.965625 0.36484375 0.0546875 0.0765625
0 0.434375 0.39453125 0.05 0.071875
0 0.540625 0.4421875 0.0640625 0.0765625
0 0.253125 0.47578125 0.0640625 0.08125
0 0.8515625 0.45078125 0.0734375 0.0921875
0 0.70234375 0.4703125 0.0640625 0.090625
0 0.09921875 0.5046875 0.059375 0.090625
0 0.38671875 0.5015625 0.059375 0.0671875
0 0.97265625 0.4796875 0.0546875 0.08125
0 0.94140625 0.56796875 0.0828125 0.0921875
0 0.79375 0.57734375 0.0796875 0.109375
0 0.234375 0.6109375 0.059375 0.0859375
0 0.6328125 0.6015625 0.0609375 0.1046875
0 0.47734375 0.61015625 0.0703125 0.096875
0 0.04609375 0.64921875 0.065625 0.0953125