0 0.01328125 0.25078125 0.009375 0.009375
0 0.1125 0.25234375 0.0046875 0.0046875
0 0.03828125 0.2515625 0.009375 0.0140625
0 0.05 0.2515625 0.0046875 0.009375
0 0.05703125 0.2515625 0.009375 0.0046875
0 0.0296875 0.25078125 0.0046875 0.0046875
0 0.06640625 0.2515625 0.009375 0.0046875
0 0.096875 0.25703125 0.0046875 0.009375
0 0.0359375 0.2609375 0.0046875 0.009375
0 0.059375 0.2703125 0.009375 0.0046875
0 0.00859375 0.2734375 0.009375 0.01875
0 0.04765625 0.27421875 0.0046875 0.0046875
0 0.06875 0.2765625 0.009375 0.0140625
0 0.1125 0.28203125 0.009375 0.0140625
0 0.025 0.28046875 0.009375 0.0140625
0 0.0546875 0.28125 0.0046875 0.009375
0 0.078125 0.28203125 0.0046875 0.0140625
0 0.0109375 0.2921875 0.009375 0.0140625
0 0.0921875 0.29375 0.009375 0.0140625
0 0.1953125 0.30234375 0.0046875 0.0140625
0 0.23203125 0.303125 0.0046875 0.01875
0 0.16015625 0.30390625 0.0046875 0.0140625
0 0.21875 0.30546875 0.0140625 0.01875
0 0.10703125 0.30546875 0.009375 0.01875
0 0.07265625 0.30703125 0.009375 0.0140625
0 0.14921875 0.30859375 0.009375 0.0140625
0 0.17890625 0.31171875 0.009375 0.01875
0 0.01484375 0.3109375 0.009375 0.0140625
0 0.25078125 0.31484375 0.0140625 0.01875
0 0.0515625 0.31640625 0.0140625 0.01875
0 0.09140625 0.31953125 0.009375 0.009375
0 0.271875 0.325 0.009375 0.01875
0 0.22265625 0.32890625 0.0046875 0.0140625
0 0.1515625 0.3296875 0.0046875 0.0140625
0 0.2296875 0.33125 0.0046875 0.0140625
0 0.19296875 0.3328125 0.0140625 0.0234375
0 0.1421875 0.33203125 0.0046875 0.0140625
0 0.01484375 0.33203125 0.0140625 0.0234375
0 0.1375 0.334375 0.009375 0.0234375
0 0.21875 0.3359375 0.0046875 0.01875
0 0.1625 0.33671875 0.009375 0.0234375
0 0.36640625 0.340625 0.0140625 0.01875
0 0.35234375 0.340625 0.0140625 0.01875
0 0.06796875 0.33515625 0.009375 0.0140625
0 0.09375 0.3375 0.009375 0.01875
0 0.03125 0.33828125 0.009375 0.01875
0 0.18046875 0.34140625 0.0140625 0.01875
0 0.2890625 0.3453125 0.009375 0.01875
0 0.303125 0.34609375 0.009375 0.01875
0 0.33828125 0.34609375 0.009375 0.01875
0 0.08125 0.34453125 0.009375 0.0140625
0 0.05078125 0.34609375 0.009375 0.0234375
0 0.06015625 0.3484375 0.009375 0.01875
0 0.12734375 0.35234375 0.009375 0.0234375
0 0.3984375 0.35703125 0.009375 0.01875
0 0.134375 0.3546875 0.0046875 0.0140625
0 0.0671875 0.353125 0.009375 0.0234375
0 0.0140625 0.35234375 0.0140625 0.01875
0 0.10390625 0.35625 0.009375 0.01875
0 0.3890625 0.3609375 0.0140625 0.01875
0 0.1875 0.3578125 0.009375 0.01875
0 0.22890625 0.3609375 0.009375 0.0234375
0 0.04140625 0.3578125 0.009375 0.01875
0 0.15078125 0.36171875 0.009375 0.01875
0 0.45859375 0.3671875 0.009375 0.01875
0 0.2109375 0.36328125 0.0140625 0.0234375
0 0.26875 0.36640625 0.0046875 0.01875
0 0.29609375 0.36640625 0.0140625 0.01875
0 0.11796875 0.36328125 0.0140625 0.0234375
0 0.17578125 0.36484375 0.0140625 0.0234375
0 0.321875 0.36953125 0.009375 0.01875
0 0.259375 0.37109375 0.009375 0.01875
0 0.278125 0.3734375 0.009375 0.0234375
0 0.3453125 0.375 0.0140625 0.028125
0 0.04375 0.37421875 0.009375 0.01875
0 0.490625 0.38203125 0.0140625 0.0234375
0 0.409375 0.38046875 0.0140625 0.0234375
0 0.06953125 0.37890625 0.009375 0.01875
0 0.50703125 0.38671875 0.009375 0.0234375
0 0.24296875 0.384375 0.009375 0.0234375
0 0.0953125 0.384375 0.0140625 0.0234375
0 0.43671875 0.390625 0.009375 0.0234375
0 0.01640625 0.3828125 0.009375 0.01875
0 0.14765625 0.38515625 0.0140625 0.028125
0 0.03828125 0.390625 0.0140625 0.01875
0 0.34453125 0.39609375 0.0140625 0.0234375
0 0.1078125 0.39140625 0.0140625 0.0375
0 0.3046875 0.39765625 0.0140625 0.0328125
0 0.33046875 0.39765625 0.0140625 0.0234375
0 0.05703125 0.39296875 0.01875 0.028125
0 0.36953125 0.40078125 0.0140625 0.01875
0 0.246875 0.40078125 0.0140625 0.0234375
0 0.184375 0.4 0.0140625 0.0234375
0 0.13359375 0.40078125 0.0140625 0.0375
0 0.3578125 0.4046875 0.0140625 0.0234375
0 0.26328125 0.403125 0.0140625 0.01875
0 0.39296875 0.40546875 0.0140625 0.0234375
0 0.40859375 0.4078125 0.0140625 0.0234375
0 0.5203125 0.41171875 0.0140625 0.01875
0 0.02734375 0.403125 0.0140625 0.01875
0 0.56171875 0.4125 0.01875 0.0328125
0 0.72578125 0.415625 0.0140625 0.01875
0 0.07109375 0.40625 0.009375 0.0234375
0 0.21484375 0.4140625 0.0140625 0.01875
0 0.47109375 0.41796875 0.009375 0.0140625
0 0.08515625 0.4140625 0.0140625 0.0328125
0 0.58046875 0.42265625 0.0140625 0.0328125
0 0.4578125 0.4203125 0.0140625 0.028125
0 0.60546875 0.425 0.009375 0.0234375
0 0.6359375 0.428125 0.0140625 0.028125
0 0.35078125 0.4234375 0.0140625 0.0375
0 0.00859375 0.41953125 0.0140625 0.0234375
0 0.4203125 0.4265625 0.01875 0.0328125
0 0.79921875 0.4359375 0.0140625 0.01875
0 0.51796875 0.43046875 0.01875 0.028125
0 0.6703125 0.43359375 0.0140625 0.01875
0 0.2859375 0.4265625 0.0140625 0.0328125
0 0.728125 0.434375 0.0140625 0.0234375
0 0.18203125 0.42734375 0.0140625 0.0328125
0 0.0640625 0.42734375 0.009375 0.0234375
0 0.7390625 0.4390625 0.0140625 0.0234375
0 0.49140625 0.43515625 0.01875 0.0234375
0 0.3921875 0.43359375 0.0140625 0.0328125
0 0.58671875 0.43671875 0.0140625 0.0328125
0 0.26015625 0.43125 0.0046875 0.01875
0 0.27421875 0.43125 0.01875 0.0234375
0 0.31796875 0.434375 0.0140625 0.028125
0 0.61171875 0.4390625 0.0140625 0.028125
0 0.22265625 0.4328125 0.009375 0.028125
0 0.77890625 0.4421875 0.0140625 0.028125
0 0.234375 0.43515625 0.0203125 0.046875
0 0.2484375 0.4375 0.0140625 0.0234375
0 0.75546875 0.4515625 0.0140625 0.0234375
0 0.146875 0.440625 0.0203125 0.046875
0 0.4078125 0.4453125 0.0140625 0.028125
0 0.11640625 0.4421875 0.0140625 0.0234375
0 0.61875 0.4515625 0.01875 0.0328125
0 0.03984375 0.44140625 0.0234375 0.0421875
0 0.19765625 0.44375 0.01875 0.028125
0 0.475 0.4484375 0.0140625 0.0328125
0 0.45 0.45078125 0.01875 0.0328125
0 0.71875 0.45546875 0.01875 0.0234375
0 0.084375 0.446875 0.0140625 0.0328125
0 0.68125 0.45703125 0.0140625 0.01875
0 0.378125 0.4515625 0.009375 0.0328125
0 0.5265625 0.4546875 0.0140625 0.0328125
0 0.76484375 0.4609375 0.009375 0.01875
0 0.1 0.4515625 0.0140625 0.0328125
0 0.834375 0.46640625 0.01875 0.0328125
0 0.8875 0.46796875 0.0140625 0.0328125
0 0.31796875 0.4578125 0.0140625 0.0234375
0 0.79921875 0.47109375 0.01875 0.028125
0 0.6953125 0.47109375 0.0140625 0.0234375
0 0.0703125 0.46171875 0.01875 0.0234375
0 0.77890625 0.47421875 0.0234375 0.0328125
0 0.709375 0.4734375 0.0140625 0.0234375
0 0.3453125 0.4671875 0.01875 0.028125
0 0.12578125 0.46796875 0.01875 0.0328125
0 0.1765625 0.46875 0.01875 0.0421875
0 0.39921875 0.47265625 0.01875 0.0421875
0 0.7484375 0.47890625 0.01875 0.028125
0 0.86328125 0.4828125 0.01875 0.0328125
0 0.90703125 0.48359375 0.01875 0.0421875
0 0.56484375 0.4796875 0.01875 0.0375
0 0.7640625 0.48828125 0.01875 0.0328125
0 0.84296875 0.48984375 0.01875 0.0328125
0 0.4140625 0.48671875 0.01875 0.0421875
0 0.48125 0.48828125 0.01875 0.0375
0 0.58359375 0.4921875 0.01875 0.0234375
0 0.965625 0.4984375 0.0140625 0.0375
0 0.89140625 0.49765625 0.0140625 0.0328125
0 0.07421875 0.48515625 0.0140625 0.0234375
0 0.27109375 0.4890625 0.01875 0.028125
0 0.3078125 0.48984375 0.01875 0.0234375
0 0.43046875 0.49609375 0.0140625 0.0234375
0 0.465625 0.49921875 0.0234375 0.0328125
0 0.8265625 0.50546875 0.01875 0.0421875
0 0.70390625 0.50390625 0.0234375 0.0375
0 0.10625 0.4953125 0.0140625 0.0328125
0 0.21328125 0.49765625 0.01875 0.0421875
0 0.73125 0.50625 0.01875 0.0328125
0 0.91640625 0.51171875 0.0140625 0.028125
0 0.01875 0.4984375 0.01875 0.0421875
0 0.24296875 0.50234375 0.025 0.046875
0 0.44921875 0.50859375 0.01875 0.0375
0 0.54140625 0.51015625 0.01875 0.0421875
0 0.18984375 0.50625 0.0140625 0.0375
0 0.03671875 0.50390625 0.0140625 0.028125
0 0.62734375 0.5140625 0.01875 0.0421875
0 0.77578125 0.51875 0.0140625 0.0375
0 0.096875 0.50703125 0.01875 0.0375
0 0.1296875 0.5125 0.0203125 0.046875
0 0.6828125 0.521875 0.0203125 0.046875
0 0.38203125 0.51640625 0.01875 0.0375
0 0.93203125 0.52890625 0.01875 0.0421875
0 0.43984375 0.5203125 0.0234375 0.028125
0 0.8484375 0.52734375 0.01875 0.0328125
0 0.790625 0.52890625 0.01875 0.0421875
0 0.3359375 0.5203125 0.0234375 0.0328125
0 0.053125 0.515625 0.01875 0.0421875
0 0.0765625 0.51640625 0.0234375 0.0421875
0 0.15 0.51953125 0.01875 0.0421875
0 0.1703125 0.5203125 0.025 0.0515625
0 0.30234375 0.52265625 0.0234375 0.0421875
0 0.7421875 0.53203125 0.0234375 0.0421875
0 0.95546875 0.5359375 0.0203125 0.0515625
0 0.36953125 0.528125 0.025 0.0515625
0 0.40234375 0.52890625 0.0234375 0.028125
0 0.9671875 0.53984375 0.0140625 0.028125
0 0.265625 0.528125 0.0140625 0.0234375
0 0.50390625 0.53671875 0.01875 0.0375
0 0.5921875 0.53828125 0.01875 0.01875
0 0.01171875 0.5296875 0.0234375 0.05625
0 0.2796875 0.5421875 0.0234375 0.0375
0 0.87890625 0.5546875 0.025 0.0515625
0 0.98984375 0.55703125 0.015625 0.0515625
0 0.03828125 0.540625 0.025 0.046875
0 0.0984375 0.54375 0.01875 0.0421875
0 0.31875 0.54765625 0.0234375 0.0421875
0 0.41328125 0.55390625 0.0234375 0.028125
0 0.85546875 0.5640625 0.01875 0.0328125
0 0.7515625 0.56953125 0.01875 0.0421875
0 0.44140625 0.5640625 0.025 0.046875
0 0.7 0.5703125 0.01875 0.0375
0 0.8296875 0.575 0.0296875 0.0515625
0 0.1953125 0.56640625 0.028125 0.0421875
0 0.5375 0.57265625 0.0203125 0.046875
0 0.91484375 0.57890625 0.025 0.046875
0 0.6 0.5734375 0.0140625 0.0421875
0 0.96171875 0.5796875 0.01875 0.0421875
0 0.13984375 0.56796875 0.025 0.0515625
0 0.76953125 0.57890625 0.028125 0.0421875
0 0.5796875 0.57578125 0.0234375 0.0421875
0 0.4890625 0.5765625 0.0234375 0.0421875
0 0.24609375 0.57421875 0.0234375 0.0421875
0 0.2625 0.57734375 0.0234375 0.0375
0 0.3828125 0.590625 0.025 0.05625
0 0.9859375 0.6171875 0.015625 0.0515625
0 0.65390625 0.60859375 0.025 0.0609375
0 0.7 0.609375 0.028125 0.0421875
0 0.2 0.603125 0.0296875 0.046875
0 0.3546875 0.60859375 0.025 0.0515625
0 0.5703125 0.6125 0.0203125 0.0515625
0 0.33671875 0.6078125 0.0296875 0.0609375
0 0.73828125 0.61484375 0.0203125 0.0609375
0 0.2546875 0.61171875 0.028125 0.0375
0 0.54375 0.61875 0.0296875 0.0515625
0 0.6390625 0.6203125 0.025 0.0515625
0 0.85625 0.6359375 0.0296875 0.0515625
0 0.9328125 0.63984375 0.0203125 0.046875
0 0.9515625 0.6421875 0.01875 0.0421875
0 0.16875 0.63125 0.0296875 0.046875
0 0.8984375 0.64375 0.0296875 0.0515625
0 0.0109375 0.6296875 0.021875 0.046875
0 0.46953125 0.63828125 0.0328125 0.0609375
0 0.48828125 0.64140625 0.0234375 0.0421875
0 0.03203125 0.63828125 0.0234375 0.028125
0 0.2546875 0.64453125 0.0234375 0.0375
0 0.7109375 0.6546875 0.0234375 0.0421875
0 0.115625 0.64375 0.0328125 0.0515625
0 0.2796875 0.6515625 0.0234375 0.0421875
0 0.76796875 0.66015625 0.0203125 0.046875
0 0.67734375 0.6625 0.0203125 0.05625
0 0.96875 0.66796875 0.0296875 0.05625
0 0.3953125 0.6578125 0.0296875 0.046875
0 0.65625 0.66484375 0.025 0.065625
0 0.06640625 0.65390625 0.0328125 0.0515625
0 0.58515625 0.66796875 0.0296875 0.0609375
0 0.80234375 0.671875 0.025 0.05625
0 0.20078125 0.66328125 0.0296875 0.0515625
0 0.23046875 0.678125 0.0203125 0.046875
0 0.55703125 0.68828125 0.0296875 0.0515625
0 0.15234375 0.68359375 0.0375 0.0609375
0 0.3328125 0.69140625 0.0375 0.075
0 0.25859375 0.69296875 0.0296875 0.0609375
0 0.0359375 0.69140625 0.0328125 0.0515625
0 0.1046875 0.69921875 0.0328125 0.0375
0 0.01015625 0.69765625 0.0203125 0.0515625
0 0.7140625 0.7125 0.0203125 0.0515625
0 0.7921875 0.71875 0.0296875 0.0515625
0 0.74140625 0.7234375 0.0328125 0.05625
0 0.8453125 0.728125 0.0296875 0.065625
0 0.59765625 0.7234375 0.0328125 0.05625
0 0.5265625 0.725 0.0296875 0.075
0 0.67421875 0.7296875 0.0328125 0.046875
0 0.36875 0.7265625 0.025 0.065625
0 0.1 0.73125 0.028125 0.0421875
0 0.98125 0.75390625 0.0296875 0.075
0 0.4265625 0.74375 0.0296875 0.0609375
0 0.27578125 0.753125 0.0328125 0.065625
0 0.39609375 0.7578125 0.0328125 0.0515625
0 0.5921875 0.7796875 0.0375 0.075
0 0.678125 0.78125 0.0328125 0.0703125
0 0.490625 0.778125 0.025 0.0609375
0 0.45390625 0.78125 0.0421875 0.0421875
0 0.071875 0.7765625 0.0328125 0.075
0 0.2359375 0.78203125 0.0328125 0.0515625
0 0.7953125 0.79921875 0.0375 0.065625
0 0.1109375 0.78671875 0.0375 0.075
0 0.75390625 0.7984375 0.0375 0.075
0 0.203125 0.79296875 0.0375 0.0609375
0 0.65 0.803125 0.0296875 0.0609375
0 0.9484375 0.81328125 0.0375 0.084375
0 0.3375 0.809375 0.0421875 0.0703125
0 0.8390625 0.8234375 0.0421875 0.075
0 0.9109375 0.82890625 0.0421875 0.084375
0 0.515625 0.82421875 0.0328125 0.0703125
0 0.4546875 0.83984375 0.0328125 0.075
0 0.21796875 0.83984375 0.0375 0.075
0 0.028125 0.8390625 0.0421875 0.084375
0 0.628125 0.8515625 0.0375 0.0796875
0 0.85234375 0.86015625 0.046875 0.0796875
0 0.26484375 0.85703125 0.0421875 0.0890625
0 0.12578125 0.859375 0.0328125 0.0890625
0 0.73203125 0.871875 0.0375 0.065625
0 0.57734375 0.87890625 0.0484375 0.09375
0 0.15234375 0.878125 0.0421875 0.0890625
0 0.33359375 0.890625 0.046875 0.084375
0 0.70390625 0.9109375 0.0375 0.075
0 0.95625 0.9171875 0.0515625 0.075
0 0.51640625 0.91171875 0.0421875 0.0796875
0 0.384375 0.91171875 0.046875 0.075
0 0.76640625 0.9234375 0.0421875 0.0609375