0 0.159375 0.30859375 0.0046875 0.0046875
0 0.1640625 0.3109375 0.00625 0.009375
0 0.18515625 0.31015625 0.009375 0.00625
0 0.2265625 0.30546875 0.00625 0.0140625
0 0.1765625 0.3140625 0.00625 0.0140625
0 0.15546875 0.31640625 0.00625 0.009375
0 0.16953125 0.31484375 0.0109375 0.0109375
0 0.4203125 0.2859375 0.0109375 0.0203125
0 0.146875 0.321875 0.0046875 0.0046875
0 0.215625 0.3140625 0.0046875 0.0046875
0 0.02734375 0.33671875 0.0046875 0.0046875
0 0.3703125 0.29609375 0.00625 0.0140625
0 0.08515625 0.33125 0.0109375 0.015625
0 0.19765625 0.31953125 0.00625 0.009375
0 0.07109375 0.33515625 0.00625 0.009375
0 0.13828125 0.32734375 0.009375 0.00625
0 0.2640625 0.31171875 0.0046875 0.0046875
0 0.31328125 0.3078125 0.0109375 0.0109375
0 0.09453125 0.33515625 0.00625 0.009375
0 0.28359375 0.31171875 0.0046875 0.0046875
0 0.12734375 0.3328125 0.0046875 0.0046875
0 0.43125 0.29609375 0.00625 0.0140625
0 0.1640625 0.32890625 0.0046875 0.0046875
0 0.23515625 0.3203125 0.00625 0.009375
0 0.24921875 0.31796875 0.00625 0.009375
0 0.01484375 0.346875 0.0046875 0.0046875
0 0.1046875 0.33828125 0.0109375 0.0203125
0 0.3 0.3140625 0.00625 0.009375
0 0.06796875 0.34296875 0.0109375 0.015625
0 0.07421875 0.3421875 0.00625 0.009375
0 0.1953125 0.3296875 0.00625 0.009375
0 0.04765625 0.34765625 0.0109375 0.015625
0 0.15078125 0.33515625 0.0046875 0.0046875
0 0.27734375 0.321875 0.00625 0.009375
0 0.084375 0.3453125 0.0109375 0.015625
0 0.009375 0.35703125 0.00625 0.0140625
0 0.328125 0.31796875 0.0109375 0.0109375
0 0.3421875 0.31640625 0.0109375 0.0109375
0 0.2640625 0.32578125 0.0109375 0.0109375
0 0.2890625 0.32265625 0.0109375 0.0109375
0 0.3125 0.3203125 0.0109375 0.0109375
0 0.14453125 0.34296875 0.00625 0.009375
0 0.11015625 0.346875 0.00625 0.009375
0 0.25546875 0.3296875 0.00625 0.009375
0 0.259375 0.32890625 0.00625 0.009375
0 0.4046875 0.3109375 0.00625 0.009375
0 0.0296875 0.35703125 0.00625 0.0140625
0 0.21640625 0.33671875 0.00625 0.0140625
0 0.35390625 0.31953125 0.0109375 0.0109375
0 0.41171875 0.3125 0.0046875 0.0046875
0 0.1796875 0.340625 0.00625 0.0140625
0 0.38828125 0.315625 0.00625 0.0140625
0 0.13828125 0.3484375 0.00625 0.009375
0 0.0234375 0.3625 0.00625 0.0140625
0 0.12734375 0.35 0.00625 0.0140625
0 0.19375 0.34140625 0.0109375 0.0203125
0 0.228125 0.3375 0.0046875 0.0046875
0 0.44453125 0.31328125 0.00625 0.009375
0 0.20546875 0.3421875 0.00625 0.0140625
0 0.0703125 0.359375 0.0109375 0.0203125
0 0.1234375 0.3546875 0.0078125 0.0234375
0 0.05625 0.36328125 0.00625 0.0140625
0 0.15546875 0.353125 0.00625 0.009375
0 0.3296875 0.33203125 0.0109375 0.0109375
0 0.4609375 0.315625 0.0109375 0.0109375
0 0.54375 0.30546875 0.0109375 0.0109375
0 0.04765625 0.36640625 0.0109375 0.0203125
0 0.240625 0.34296875 0.0109375 0.015625
0 0.18828125 0.3515625 0.0109375 0.015625
0 0.2890625 0.3390625 0.0109375 0.015625
0 0.1125 0.36328125 0.0109375 0.015625
0 0.25078125 0.34609375 0.00625 0.0140625
0 0.2578125 0.3453125 0.00625 0.009375
0 0.28203125 0.3421875 0.0109375 0.015625
0 0.2640625 0.346875 0.00625 0.009375
0 0.16796875 0.35859375 0.0109375 0.0203125
0 0.27578125 0.34609375 0.0109375 0.015625
0 0.08984375 0.36875 0.015625 0.0109375
0 0.315625 0.34296875 0.00625 0.0140625
0 0.21171875 0.35625 0.0109375 0.015625
0 0.30859375 0.34375 0.0109375 0.0203125
0 0.4046875 0.33203125 0.0109375 0.0109375
0 0.4234375 0.3296875 0.00625 0.0140625
0 0.07578125 0.37265625 0.0109375 0.015625
0 0.21875 0.3578125 0.00625 0.0140625
0 0.29921875 0.34765625 0.00625 0.009375
0 0.4765625 0.32578125 0.00625 0.0140625
0 0.03515625 0.3796875 0.0203125 0.0203125
0 0.43046875 0.33125 0.00625 0.009375
0 0.453125 0.32890625 0.00625 0.0140625
0 0.46953125 0.3265625 0.00625 0.009375
0 0.33828125 0.34296875 0.015625 0.0203125
0 0.35 0.34140625 0.0109375 0.0203125
0 0.02109375 0.38203125 0.015625 0.0203125
0 0.3828125 0.3375 0.0109375 0.015625
0 0.359375 0.3421875 0.0109375 0.015625
0 0.48359375 0.32734375 0.0109375 0.015625
0 0.3265625 0.346875 0.0109375 0.015625
0 0.4375 0.3328125 0.0109375 0.0203125
0 0.44765625 0.334375 0.00625 0.0140625
0 0.0515625 0.3828125 0.0109375 0.015625
0 0.23828125 0.36015625 0.00625 0.0140625
0 0.553125 0.32109375 0.0109375 0.0109375
0 0.6421875 0.31015625 0.0109375 0.0109375
0 0.4609375 0.33515625 0.0109375 0.0203125
0 0.67734375 0.30859375 0.0109375 0.015625
0 0.26328125 0.359375 0.00625 0.0140625
0 0.515625 0.328125 0.0109375 0.015625
0 0.07109375 0.3828125 0.0203125 0.0203125
0 0.0859375 0.38046875 0.0109375 0.0203125
0 0.009375 0.39296875 0.015625 0.0203125
0 0.38984375 0.34609375 0.0109375 0.015625
0 0.54140625 0.32734375 0.0109375 0.015625
0 0.1765625 0.371875 0.0171875 0.025
0 0.73046875 0.30390625 0.0046875 0.0046875
0 0.1265625 0.38046875 0.015625 0.0203125
0 0.190625 0.37265625 0.015625 0.0203125
0 0.20390625 0.37109375 0.00625 0.0140625
0 0.25546875 0.36484375 0.0109375 0.015625
0 0.42265625 0.34453125 0.015625 0.015625
0 0.578125 0.325 0.0109375 0.0203125
0 0.27265625 0.3625 0.00625 0.01875
0 0.16796875 0.378125 0.0109375 0.0203125
0 0.29453125 0.3625 0.0109375 0.0203125
0 0.61796875 0.32265625 0.0109375 0.015625
0 0.696875 0.31328125 0.00625 0.009375
0 0.71640625 0.31015625 0.0109375 0.015625
0 0.73984375 0.3078125 0.00625 0.009375
0 0.746875 0.30703125 0.0109375 0.0109375
0 0.1078125 0.38515625 0.0203125 0.0203125
0 0.15390625 0.3796875 0.00625 0.01875
0 0.33046875 0.3578125 0.0109375 0.0203125
0 0.35625 0.3546875 0.0109375 0.0203125
0 0.36796875 0.353125 0.0109375 0.015625
0 0.38203125 0.3515625 0.0109375 0.0203125
0 0.6546875 0.3203125 0.0109375 0.015625
0 0.75625 0.3078125 0.0046875 0.0046875
0 0.146875 0.3828125 0.00625 0.01875
0 0.5265625 0.3359375 0.0109375 0.0109375
0 0.67578125 0.31796875 0.0109375 0.015625
0 0.0578125 0.39375 0.0171875 0.025
0 0.771875 0.30625 0.00625 0.009375
0 0.66875 0.31875 0.00625 0.009375
0 0.72421875 0.31171875 0.0109375 0.0109375
0 0.80234375 0.30234375 0.0046875 0.0046875
0 0.3453125 0.3609375 0.0109375 0.0203125
0 0.49453125 0.3421875 0.0109375 0.0203125
0 0.68828125 0.31875 0.009375 0.00625
0 0.61171875 0.328125 0.0109375 0.0203125
0 0.71015625 0.315625 0.0046875 0.0046875
0 0.47421875 0.346875 0.00625 0.01875
0 0.59375 0.33203125 0.0109375 0.015625
0 0.603125 0.33046875 0.015625 0.0203125
0 0.453125 0.34921875 0.015625 0.0203125
0 0.51484375 0.34140625 0.0109375 0.0109375
0 0.63515625 0.3265625 0.00625 0.009375
0 0.64609375 0.32578125 0.0109375 0.015625
0 0.78203125 0.30859375 0.0046875 0.0046875
0 0.8078125 0.30546875 0.0046875 0.0046875
0 0.2171875 0.38046875 0.00625 0.01875
0 0.69921875 0.32109375 0.00625 0.009375
0 0.76328125 0.31328125 0.00625 0.009375
0 0.24921875 0.3765625 0.0125 0.025
0 0.28125 0.37265625 0.015625 0.0203125
0 0.4421875 0.353125 0.0125 0.025
0 0.5046875 0.3453125 0.015625 0.0203125
0 0.6265625 0.33046875 0.0109375 0.0109375
0 0.775 0.31171875 0.00625 0.009375
0 0.1296875 0.39140625 0.0109375 0.0203125
0 0.25625 0.37578125 0.00625 0.01875
0 0.46484375 0.35 0.0109375 0.0109375
0 0.33671875 0.36796875 0.015625 0.015625
0 0.734375 0.31953125 0.0109375 0.0109375
0 0.78984375 0.3125 0.00625 0.009375
0 0.79609375 0.31171875 0.0046875 0.0046875
0 0.0265625 0.40625 0.0203125 0.0203125
0 0.48359375 0.35 0.015625 0.0203125
0 0.690625 0.325 0.0109375 0.0109375
0 0.7484375 0.31796875 0.0109375 0.015625
0 0.20234375 0.38671875 0.0171875 0.025
0 0.578125 0.340625 0.015625 0.015625
0 0.421875 0.36015625 0.015625 0.0203125
0 0.53671875 0.34609375 0.0109375 0.015625
0 0.7828125 0.315625 0.0109375 0.0109375
0 0.103125 0.4015625 0.0171875 0.025
0 0.24140625 0.384375 0.0171875 0.0296875
0 0.32421875 0.37421875 0.0109375 0.0203125
0 0.6609375 0.3328125 0.00625 0.0140625
0 0.40625 0.3640625 0.0171875 0.025
0 0.37265625 0.37109375 0.0171875 0.025
0 0.27109375 0.38359375 0.015625 0.015625
0 0.51640625 0.353125 0.0109375 0.015625
0 0.01171875 0.41484375 0.0125 0.0296875
0 0.63671875 0.33828125 0.0109375 0.0203125
0 0.9359375 0.30390625 0.0109375 0.0109375
0 0.9515625 0.3046875 0.00625 0.009375
0 0.3015625 0.384375 0.021875 0.025
0 0.390625 0.3734375 0.0171875 0.0296875
0 0.71015625 0.334375 0.0109375 0.0203125
0 0.85078125 0.3171875 0.0109375 0.015625
0 0.49296875 0.36328125 0.015625 0.0203125
0 0.74296875 0.33203125 0.0109375 0.015625
0 0.76328125 0.3296875 0.015625 0.0203125
0 0.19375 0.4 0.015625 0.0203125
0 0.04921875 0.41796875 0.0203125 0.0203125
0 0.61875 0.34765625 0.0109375 0.0203125
0 0.17578125 0.40234375 0.0171875 0.025
0 0.75 0.33125 0.015625 0.015625
0 0.7984375 0.32578125 0.0109375 0.015625
0 0.86015625 0.31796875 0.0046875 0.0046875
0 0.871875 0.31640625 0.0125 0.025
0 0.8875 0.31484375 0.0109375 0.015625
0 0.6078125 0.3515625 0.015625 0.0203125
0 0.6484375 0.34609375 0.0109375 0.0203125
0 0.15703125 0.40703125 0.021875 0.025
0 0.3140625 0.3875 0.015625 0.0203125
0 0.46953125 0.36796875 0.0171875 0.025
0 0.51171875 0.36328125 0.0109375 0.015625
0 0.7015625 0.33984375 0.0109375 0.0203125
0 0.725 0.33671875 0.0109375 0.0203125
0 0.9015625 0.315625 0.015625 0.0203125
0 0.259375 0.396875 0.0171875 0.025
0 0.5046875 0.36640625 0.0109375 0.0203125
0 0.59140625 0.35546875 0.0171875 0.0296875
0 0.6796875 0.3453125 0.0109375 0.0203125
0 0.92265625 0.31484375 0.0046875 0.0046875
0 0.83984375 0.325 0.015625 0.0203125
0 0.4453125 0.3734375 0.0109375 0.015625
0 0.53203125 0.36328125 0.021875 0.025
0 0.78515625 0.33203125 0.0109375 0.0203125
0 0.82578125 0.32890625 0.015625 0.0203125
0 0.63359375 0.353125 0.015625 0.0203125
0 0.12421875 0.41796875 0.0203125 0.0203125
0 0.215625 0.40703125 0.0171875 0.025
0 0.6609375 0.3515625 0.0171875 0.025
0 0.91640625 0.3203125 0.00625 0.01875
0 0.4609375 0.3765625 0.0171875 0.025
0 0.56015625 0.3640625 0.0109375 0.0203125
0 0.80625 0.334375 0.015625 0.0203125
0 0.96484375 0.31484375 0.0109375 0.0203125
0 0.68984375 0.35078125 0.0171875 0.025
0 0.97421875 0.315625 0.0125 0.025
0 0.14453125 0.4203125 0.0171875 0.0296875
0 0.425 0.3859375 0.0109375 0.0203125
0 0.62734375 0.3609375 0.0109375 0.0203125
0 0.7765625 0.3421875 0.015625 0.0203125
0 0.95078125 0.32109375 0.0109375 0.0203125
0 0.11015625 0.42421875 0.0125 0.025
0 0.18203125 0.415625 0.0171875 0.025
0 0.93828125 0.325 0.0109375 0.0203125
0 0.4328125 0.38671875 0.015625 0.0203125
0 0.003125 0.43984375 0.00625 0.0296875
0 0.34296875 0.40078125 0.021875 0.034375
0 0.84375 0.3390625 0.0109375 0.015625
0 0.5734375 0.371875 0.0109375 0.0203125
0 0.6140625 0.3671875 0.015625 0.0203125
0 0.3640625 0.4 0.0125 0.025
0 0.7109375 0.3578125 0.015625 0.0203125
0 0.41484375 0.39375 0.015625 0.0203125
0 0.49765625 0.38359375 0.0125 0.0296875
0 0.853125 0.33984375 0.0109375 0.015625
0 0.88125 0.33671875 0.0109375 0.0203125
0 0.92734375 0.33125 0.0109375 0.015625
0 0.7484375 0.35546875 0.0125 0.025
0 0.76484375 0.353125 0.0109375 0.0203125
0 0.77109375 0.35234375 0.0109375 0.015625
0 0.09296875 0.4359375 0.034375 0.053125
0 0.20390625 0.42421875 0.021875 0.0296875
0 0.81796875 0.34921875 0.015625 0.0203125
0 0.27734375 0.415625 0.021875 0.0296875
0 0.79453125 0.35234375 0.0109375 0.0109375
0 0.6796875 0.36875 0.0171875 0.025
0 0.45 0.396875 0.015625 0.0203125
0 0.9046875 0.340625 0.0171875 0.025
0 0.8359375 0.3515625 0.021875 0.025
0 0.89375 0.34453125 0.0171875 0.025
0 0.58125 0.38515625 0.0171875 0.025
0 0.971875 0.3375 0.0109375 0.015625
0 0.3796875 0.41015625 0.021875 0.0296875
0 0.9578125 0.3390625 0.0109375 0.0203125
0 0.2625 0.42421875 0.0234375 0.0390625
0 0.12265625 0.44375 0.015625 0.0203125
0 0.24609375 0.42890625 0.021875 0.0296875
0 0.54296875 0.3921875 0.0078125 0.0234375
0 0.4 0.41015625 0.021875 0.0296875
0 0.9171875 0.3484375 0.0109375 0.0203125
0 0.32734375 0.4234375 0.0171875 0.025
0 0.13671875 0.446875 0.0125 0.025
0 0.18515625 0.44140625 0.0234375 0.0390625
0 0.5046875 0.4015625 0.0171875 0.025
0 0.9390625 0.3484375 0.0109375 0.0203125
0 0.690625 0.38125 0.015625 0.0203125
0 0.0703125 0.4578125 0.015625 0.0203125
0 0.9484375 0.35 0.0171875 0.025
0 0.4796875 0.40859375 0.0171875 0.025
0 0.42421875 0.415625 0.0171875 0.0296875
0 0.8171875 0.3671875 0.015625 0.0203125
0 0.72578125 0.38125 0.015625 0.0203125
0 0.0453125 0.46484375 0.0234375 0.0390625
0 0.65859375 0.3890625 0.021875 0.0296875
0 0.978125 0.35 0.0109375 0.0203125
0 0.03203125 0.46875 0.021875 0.0296875
0 0.61796875 0.396875 0.0234375 0.0390625
0 0.85703125 0.3671875 0.0171875 0.025
0 0.20703125 0.44921875 0.0265625 0.034375
0 0.175 0.45546875 0.0265625 0.03125
0 0.29921875 0.440625 0.021875 0.0296875
0 0.0046875 0.47890625 0.009375 0.0421875
0 0.765625 0.3828125 0.0171875 0.025
0 0.7859375 0.38046875 0.015625 0.015625
0 0.35234375 0.43828125 0.03125 0.03125
0 0.46015625 0.42578125 0.0171875 0.025
0 0.834375 0.3796875 0.015625 0.0203125
0 0.75234375 0.38984375 0.0171875 0.025
0 0.92890625 0.36796875 0.0171875 0.025
0 0.89296875 0.37421875 0.0109375 0.0203125
0 0.4453125 0.43203125 0.015625 0.0203125
0 0.39921875 0.43984375 0.021875 0.0296875
0 0.94375 0.3734375 0.015625 0.0203125
0 0.60859375 0.4140625 0.021875 0.034375
0 0.15546875 0.471875 0.0203125 0.0203125
0 0.7328125 0.4015625 0.021875 0.034375
0 0.971875 0.371875 0.0109375 0.0203125
0 0.2625 0.46171875 0.0171875 0.0328125
0 0.26015625 0.4640625 0.0234375 0.0390625
0 0.02734375 0.49296875 0.021875 0.0296875
0 0.8234375 0.3953125 0.021875 0.034375
0 0.984375 0.37734375 0.0125 0.025
0 0.2765625 0.4671875 0.021875 0.034375
0 0.9609375 0.3828125 0.0125 0.025
0 0.55703125 0.43203125 0.0171875 0.025
0 0.134375 0.48671875 0.0234375 0.0390625
0 0.196875 0.48125 0.03125 0.0265625
0 0.63359375 0.42734375 0.028125 0.04375
0 0.71328125 0.41796875 0.0171875 0.0328125
0 0.896875 0.3953125 0.0171875 0.025
0 0.57421875 0.4375 0.0265625 0.034375
0 0.17890625 0.48828125 0.028125 0.0390625
0 0.78984375 0.41328125 0.021875 0.0296875
0 0.6703125 0.428125 0.0234375 0.04375
0 0.85703125 0.4046875 0.0234375 0.0390625
0 0.93984375 0.39453125 0.015625 0.0203125
0 0.5125 0.45 0.021875 0.0296875
0 0.36328125 0.46796875 0.01875 0.0375
0 0.41796875 0.4609375 0.0171875 0.0296875
0 0.21640625 0.490625 0.025 0.0484375
0 0.16171875 0.5 0.028125 0.0390625
0 0.24921875 0.49140625 0.0375 0.0453125
0 0.91796875 0.409375 0.0265625 0.0265625
0 0.76484375 0.43046875 0.01875 0.0421875
0 0.95546875 0.40703125 0.021875 0.0296875
0 0.74375 0.43515625 0.0328125 0.040625
0 0.9859375 0.409375 0.0078125 0.0328125
0 0.88203125 0.42109375 0.021875 0.0296875
0 0.81328125 0.42890625 0.0234375 0.04375
0 0.3765625 0.484375 0.028125 0.04375
0 0.775 0.4359375 0.0234375 0.0390625
0 0.40390625 0.48359375 0.028125 0.0390625
0 0.565625 0.46328125 0.0265625 0.03125
0 0.72578125 0.44375 0.028125 0.04375
0 0.9765625 0.41328125 0.021875 0.0296875
0 0.32421875 0.49296875 0.0265625 0.03125
0 0.59296875 0.46015625 0.0265625 0.03125
0 0.0484375 0.52734375 0.0375 0.0546875
0 0.853125 0.43046875 0.0234375 0.04375
0 0.5453125 0.46875 0.034375 0.0578125
0 0.48125 0.47890625 0.028125 0.04375
0 0.83515625 0.43515625 0.028125 0.04375
0 0.203125 0.5125 0.0375 0.0453125
0 0.94140625 0.4265625 0.021875 0.025
0 0.45390625 0.48671875 0.0296875 0.053125
0 0.34375 0.50234375 0.028125 0.04375
0 0.6390625 0.47109375 0.028125 0.04375
0 0.61875 0.478125 0.021875 0.025
0 0.5734375 0.48828125 0.025 0.0484375
0 0.68359375 0.475 0.0265625 0.034375
0 0.29765625 0.525 0.021875 0.0296875
0 0.509375 0.5015625 0.0296875 0.053125
0 0.15859375 0.546875 0.034375 0.053125
0 0.32578125 0.52578125 0.0375 0.0453125
0 0.190625 0.5453125 0.0390625 0.0640625
0 0.74453125 0.47734375 0.028125 0.04375
0 0.87109375 0.46171875 0.03125 0.0359375
0 0.2390625 0.54140625 0.0375 0.0546875
0 0.93828125 0.4578125 0.0265625 0.034375
0 0.7859375 0.4765625 0.021875 0.034375
0 0.975 0.45625 0.0328125 0.04375
0 0.38046875 0.53125 0.028125 0.0390625
0 0.4328125 0.525 0.0265625 0.034375
0 0.40546875 0.528125 0.0421875 0.05
0 0.26640625 0.55 0.0234375 0.04375
0 0.66328125 0.5015625 0.025 0.0484375
0 0.72421875 0.50703125 0.0328125 0.04375
0 0.3203125 0.559375 0.0359375 0.0625
0 0.6859375 0.5140625 0.028125 0.04375
0 0.2875 0.5703125 0.046875 0.0546875
0 0.60390625 0.53125 0.03125 0.0625
0 0.8 0.51171875 0.025 0.0484375
0 0.9890625 0.48828125 0.021875 0.0390625
0 0.99296875 0.49296875 0.0140625 0.0515625
0 0.7734375 0.5203125 0.028125 0.04375
0 0.8171875 0.5171875 0.034375 0.053125
0 0.45390625 0.56171875 0.03125 0.0625
0 0.959375 0.49921875 0.0296875 0.053125
0 0.8453125 0.51796875 0.034375 0.053125
0 0.884375 0.51328125 0.0375 0.0546875
0 0.94140625 0.50625 0.0390625 0.0640625
0 0.7546875 0.54140625 0.0328125 0.04375
0 0.540625 0.5671875 0.0296875 0.053125
0 0.41875 0.584375 0.05 0.078125
0 0.5140625 0.5734375 0.040625 0.0328125
0 0.6421875 0.5765625 0.0484375 0.096875
0 0.37578125 0.61015625 0.04375 0.06875
0 0.28046875 0.6265625 0.0578125 0.0984375
0 0.14140625 0.65546875 0.0734375 0.1125
0 0.728125 0.5859375 0.0359375 0.0625
0 0.69296875 0.59296875 0.0359375 0.071875
0 0.5265625 0.61796875 0.040625 0.0734375
0 0.575 0.61875 0.0390625 0.06875
0 0.975 0.5703125 0.0484375 0.0640625
0 0.240625 0.6671875 0.0671875 0.103125
0 0.50390625 0.64921875 0.0359375 0.0359375
0 0.05 0.7046875 0.0625 0.10625
0 0.78984375 0.61875 0.04375 0.06875
0 0.86171875 0.62109375 0.0234375 0.04375
0 0.9265625 0.61328125 0.0390625 0.0640625
0 0.6140625 0.66328125 0.053125 0.1015625
0 0.9734375 0.6171875 0.053125 0.071875
0 0.83359375 0.67421875 0.046875 0.0875
0 0.4046875 0.72890625 0.0578125 0.0984375
0 0.7515625 0.69296875 0.05625 0.09375
0 0.5359375 0.73359375 0.071875 0.103125
0 0.1203125 0.821875 0.0921875 0.125
0 0.66171875 0.77109375 0.0703125 0.1265625
0 0.2921875 0.81875 0.0625 0.14375
0 0.9609375 0.74296875 0.078125 0.1453125
0 0.50625 0.83515625 0.0671875 0.1078125
0 0.7953125 0.85078125 0.0890625 0.128125
0 0.33984375 0.91171875 0.1140625 0.1765625
0 0.54140625 0.91640625 0.0734375 0.121875