0 0.90078125 0.08203125 0.025 0.0390625
0 0.7203125 0.221875 0.0484375 0.0796875
0 0.565625 0.196875 0.0296875 0.0625
0 0.50234375 0.0171875 0.0296875 0.034375
0 0.99609375 0.103125 0.0078125 0.040625
0 0.2984375 0.1640625 0.0390625 0.06875
0 0.7859375 0.25 0.0390625 0.06875
0 0.98984375 0.29296875 0.0203125 0.0734375
0 0.425 0.19296875 0.0265625 0.053125
0 0.16171875 0.14921875 0.046875 0.0921875
0 0.50859375 0.2125 0.0390625 0.06875
0 0.8671875 0.08125 0.03125 0.05
0 0.94296875 0.09453125 0.03125 0.05
0 0.12734375 0.14921875 0.0375 0.0640625
0 0.82890625 0.2734375 0.0421875 0.06875
0 0.2265625 0.16953125 0.0375 0.059375
0 0.1921875 0.165625 0.04375 0.078125
0 0.3515625 0.19609375 0.0484375 0.0796875
0 0.40078125 0.209375 0.0375 0.059375
0 0.8703125 0.2921875 0.0390625 0.06875
0 0.4484375 0.2203125 0.04375 0.0734375
0 0.6234375 0.25390625 0.03125 0.0546875
0 0.6484375 0.2703125 0.0421875 0.0640625
0 0.73046875 0.284375 0.0453125 0.0828125
0 0.5734375 0.26640625 0.05 0.084375
0 0.7875 0.3109375 0.040625 0.0609375
0 0.5609375 0.03125 0.0375 0.059375
0 0.26171875 0.228125 0.0375 0.059375
0 0.9703125 0.353125 0.04375 0.0734375
0 0.92421875 0.346875 0.0484375 0.075
0 0.5265625 0.28203125 0.0515625 0.0703125
0 0.1015625 0.21328125 0.046875 0.0921875
0 0.446875 0.02265625 0.0375 0.0453125
0 0.9890625 0.38046875 0.021875 0.0734375
0 0.821875 0.35234375 0.0421875 0.06875
0 0.68671875 0.33515625 0.0484375 0.075
0 0.1359375 0.24296875 0.0390625 0.0515625
0 0.390625 0.29296875 0.0421875 0.0640625
0 0.59296875 0.33046875 0.040625 0.078125
0 0.4546875 0.315625 0.0484375 0.075
0 0.2015625 0.2734375 0.040625 0.0609375
0 0.74453125 0.36953125 0.04375 0.0734375
0 0.621875 0.35234375 0.04375 0.0734375
0 0.3109375 0.0078125 0.034375 0.015625
0 0.51953125 0.34765625 0.040625 0.0609375
0 0.87578125 0.42265625 0.0546875 0.0890625
0 0.81328125 0.41640625 0.0484375 0.075
0 0.25859375 0.32109375 0.0421875 0.0640625
0 0.9078125 0.4421875 0.0515625 0.0984375
0 0.3484375 0.34609375 0.040625 0.078125
0 0.70546875 0.06796875 0.0328125 0.059375
0 0.13515625 0.31328125 0.0609375 0.0953125
0 0.3109375 0.34453125 0.0375 0.0640625
0 0.565625 0.3921875 0.0390625 0.0515625
0 0.41640625 0.37734375 0.0390625 0.06875
0 0.684375 0.42734375 0.053125 0.075
0 0.96953125 0.47734375 0.0453125 0.0828125
0 0.2125 0.0078125 0.0375 0.015625
0 0.646875 0.425 0.0484375 0.075
0 0.82890625 0.4734375 0.05 0.084375
0 0.98828125 0.5046875 0.0234375 0.08125
0 0.22265625 0.36875 0.0515625 0.0703125
0 0.715625 0.4625 0.04375 0.078125
0 0.36796875 0.40625 0.05 0.0890625
0 0.4859375 0.4296875 0.0515625 0.09375
0 0.4359375 0.4203125 0.05 0.084375
0 0.078125 0.359375 0.05 0.084375
0 0.04453125 0.365625 0.0609375 0.0953125
0 0.775 0.49921875 0.04375 0.0734375
0 0.55390625 0.46015625 0.0484375 0.075
0 0.165625 0.41015625 0.0578125 0.1078125
0 0.86875 0.553125 0.0515625 0.09375
0 0.6578125 0.52109375 0.0453125 0.0828125
0 0.9578125 0.5734375 0.0484375 0.0796875
0 0.265625 0.45859375 0.05625 0.09375
0 0.81953125 0.10234375 0.0375 0.059375
0 0.40625 0.509375 0.0421875 0.06875
0 0.709375 0.57890625 0.0484375 0.0796875
0 0.35859375 0.02734375 0.0296875 0.0546875
0 0.52109375 0.55546875 0.0546875 0.084375
0 0.21875 0.509375 0.0515625 0.09375
0 0.10625 0.49140625 0.071875 0.109375
0 0.79609375 0.63203125 0.0515625 0.09375
0 0.9953125 0.1421875 0.009375 0.05
0 0.46875 0.05 0.034375 0.0671875
0 0.85859375 0.68046875 0.053125 0.1015625
0 0.95078125 0.7015625 0.05625 0.09375
0 0.1921875 0.01640625 0.0375 0.0328125
0 0.7671875 0.103125 0.0390625 0.06875
0 0.24375 0.01640625 0.025 0.0328125
0 0.6234375 0.0796875 0.0296875 0.040625
0 0.59765625 0.6515625 0.0578125 0.103125
0 0.15078125 0.6 0.0515625 0.0984375
0 0.38125 0.03984375 0.0328125 0.0640625
0 0.08203125 0.61640625 0.0546875 0.084375
0 0.303125 0.6578125 0.0609375 0.1
0 0.303125 0.028125 0.0359375 0.05
0 0.88203125 0.1328125 0.0359375 0.0546875
0 0.46875 0.70390625 0.04375 0.078125
0 0.80859375 0.77578125 0.0625 0.103125
0 0.72734375 0.03984375 0.0203125 0.0171875
0 0.73046875 0.78046875 0.05 0.084375
0 0.4078125 0.73046875 0.05625 0.0984375
0 0.64140625 0.77890625 0.059375 0.0859375
0 0.10390625 0.01796875 0.0390625 0.0359375
0 0.040625 0.6921875 0.053125 0.075
0 0.5046875 0.80859375 0.046875 0.0921875
0 0.89140625 0.87890625 0.05625 0.09375
0 0.55 0.84296875 0.0625 0.103125
0 0.115625 0.7734375 0.05 0.084375
0 0.73515625 0.1234375 0.0390625 0.06875
0 0.6734375 0.11484375 0.0359375 0.0546875
0 0.51640625 0.0875 0.034375 0.071875
0 0.25859375 0.8828125 0.0546875 0.0890625
0 0.203125 0.89453125 0.0625 0.103125
0 0.80078125 0.97890625 0.0703125 0.0421875
0 0.828125 0.14609375 0.0390625 0.06875
0 0.9859375 0.18046875 0.028125 0.0546875
0 0.31796875 0.065625 0.03125 0.0546875
0 0.62734375 0.12265625 0.0328125 0.059375
0 0.66015625 0.0328125 0.021875 0.0265625
0 0.56953125 0.1171875 0.0390625 0.06875
0 0.253125 0.06171875 0.0375 0.059375
0 0.1296875 0.0421875 0.040625 0.0828125
0 0.53515625 0.115625 0.03125 0.0546875
0 0.4453125 0.10234375 0.03125 0.05
0 0.79140625 0.165625 0.0328125 0.0640625
0 0.59296875 0.13359375 0.0328125 0.0640625
0 0.67578125 0.0375 0.01875 0.0296875
0 0.92734375 0.196875 0.0390625 0.0734375
0 0.95859375 0.20703125 0.0375 0.0640625
0 0.20546875 0.07890625 0.0421875 0.06875
0 0.22109375 0.08203125 0.0265625 0.0703125
0 0.84296875 0.19375 0.0359375 0.05
0 0.40078125 0.11875 0.0390625 0.06875
0 0.6296875 0.0296875 0.028125 0.03125
0 0.76484375 0.18515625 0.040625 0.0828125
0 0.26015625 0.10078125 0.0375 0.059375
0 0.34375 0.1203125 0.0359375 0.0546875
0 0.66484375 0.1765625 0.03125 0.0546875
0 0.9859375 0.2359375 0.028125 0.059375
0 0.48828125 0.1546875 0.0484375 0.0796875
0 0.75234375 0.053125 0.028125 0.03125
0 0.8390625 0.06875 0.0328125 0.0359375
0 0.68828125 0.04453125 0.034375 0.040625
0 0.85859375 0.22421875 0.03125 0.0546875
0 0.7015625 0.196875 0.034375 0.071875
0 0.459375 0.15859375 0.0296875 0.0453125
0 0.53671875 0.17265625 0.0375 0.059375
0 0.07578125 0.09375 0.034375 0.071875
0 0.6203125 0.1921875 0.0359375 0.05