0 0.821875 0.090625 0.0296875 0.0359375
0 0.88125 0.10546875 0.0265625 0.0234375
0 0.9234375 0.10625 0.0203125 0.0171875
0 0.5984375 0.171875 0.0171875 0.0203125
0 0.1859375 0.2546875 0.01875 0.0296875
0 0.47265625 0.2015625 0.0359375 0.05
0 0.29765625 0.23515625 0.0125 0.015625
0 0.6375 0.17421875 0.0359375 0.0453125
0 0.4109375 0.2203125 0.025 0.0390625
0 0.165625 0.2703125 0.0203125 0.034375
0 0.2234375 0.26640625 0.0296875 0.0359375
0 0.9078125 0.1375 0.0359375 0.05
0 0.36953125 0.2421875 0.021875 0.021875
0 0.52265625 0.21484375 0.025 0.034375
0 0.77734375 0.16484375 0.04375 0.0703125
0 0.85390625 0.15 0.0234375 0.03125
0 0.9296875 0.13828125 0.015625 0.0375
0 0.50234375 0.22109375 0.025 0.034375
0 0.0796875 0.303125 0.025 0.034375
0 0.03515625 0.3140625 0.025 0.01875
0 0.28515625 0.265625 0.0203125 0.0171875
0 0.25703125 0.27109375 0.0234375 0.0265625
0 0.1328125 0.29765625 0.0234375 0.0265625
0 0.0578125 0.31484375 0.01875 0.025
0 0.55859375 0.21953125 0.021875 0.04375
0 0.30859375 0.2703125 0.0171875 0.0171875
0 0.65546875 0.20546875 0.03125 0.0234375
0 0.70546875 0.1984375 0.0359375 0.05
0 0.8125 0.1796875 0.0328125 0.059375
0 0.73984375 0.19375 0.040625 0.05625
0 0.0078125 0.33828125 0.015625 0.0265625
0 0.62421875 0.21875 0.0375 0.0375
0 0.58671875 0.228125 0.040625 0.05625
0 0.4796875 0.24921875 0.0359375 0.05
0 0.37734375 0.271875 0.028125 0.028125
0 0.12109375 0.3234375 0.0515625 0.040625
0 0.84140625 0.190625 0.0359375 0.05
0 0.15703125 0.32421875 0.0265625 0.04375
0 0.6703125 0.22421875 0.040625 0.0296875
0 0.0390625 0.34921875 0.025 0.0390625
0 0.32578125 0.29609375 0.0265625 0.04375
0 0.5125 0.259375 0.0234375 0.0265625
0 0.35546875 0.28984375 0.0375 0.034375
0 0.02734375 0.3609375 0.0265625 0.0234375
0 0.8640625 0.203125 0.028125 0.028125
0 0.0671875 0.36171875 0.025 0.0390625
0 0.4421875 0.2890625 0.040625 0.05625
0 0.66953125 0.2546875 0.0375 0.059375
0 0.528125 0.28203125 0.01875 0.025
0 0.24296875 0.33984375 0.0578125 0.071875
0 0.30390625 0.328125 0.046875 0.0609375
0 0.5765625 0.27734375 0.0328125 0.0546875
0 0.78125 0.246875 0.046875 0.04375
0 0.1296875 0.38125 0.04375 0.0703125
0 0.35546875 0.3390625 0.028125 0.053125
0 0.63359375 0.30234375 0.05625 0.0859375
0 0.1875 0.39375 0.05 0.075
0 0.4171875 0.3515625 0.0421875 0.0609375
0 0.740625 0.29296875 0.0328125 0.0328125
0 0.01171875 0.43515625 0.0234375 0.0328125
0 0.45625 0.35 0.040625 0.0515625
0 0.51640625 0.34296875 0.040625 0.0734375
0 0.228125 0.4109375 0.0515625 0.084375
0 0.11015625 0.434375 0.0625 0.0515625
0 0.87421875 0.29296875 0.0265625 0.0484375
0 0.590625 0.36015625 0.0328125 0.028125
0 0.825 0.31875 0.0515625 0.0625
0 0.73046875 0.33984375 0.0359375 0.05
0 0.33984375 0.415625 0.05 0.0578125
0 0.3 0.428125 0.046875 0.065625
0 0.05 0.47890625 0.0328125 0.059375
0 0.47109375 0.4 0.0265625 0.04375
0 0.1796875 0.465625 0.0453125 0.05625
0 0.33046875 0.44296875 0.01875 0.025
0 0.03046875 0.51171875 0.0609375 0.0921875
0 0.9671875 0.33125 0.03125 0.0671875
0 0.6875 0.38515625 0.071875 0.096875
0 0.14609375 0.4953125 0.040625 0.0515625
0 0.95 0.35390625 0.0375 0.059375
0 0.459375 0.45859375 0.06875 0.1046875
0 0.8375 0.3921875 0.0421875 0.1046875
0 0.1875 0.528125 0.040625 0.05625
0 0.3265625 0.503125 0.05 0.0796875
0 0.25234375 0.521875 0.040625 0.0515625
0 0.8671875 0.409375 0.053125 0.09375
0 0.12109375 0.5546875 0.059375 0.08125
0 0.8109375 0.4375 0.109375 0.178125
0 0.55859375 0.4859375 0.078125 0.128125
0 0.98359375 0.42265625 0.0328125 0.0859375
0 0.8125 0.48359375 0.115625 0.1625
0 0.67265625 0.51796875 0.0765625 0.103125
0 0.4 0.578125 0.065625 0.0875
0 0.2421875 0.61875 0.084375 0.0953125
0 0.0515625 0.65546875 0.0765625 0.0984375
0 0.978125 0.5859375 0.04375 0.10625
0 0.37578125 0.75703125 0.08125 0.1296875
0 0.60078125 0.728125 0.0703125 0.11875
0 0.1578125 0.82578125 0.08125 0.1296875
0 0.53828125 0.77109375 0.0875 0.134375
0 0.1015625 0.86484375 0.0609375 0.090625
0 0.08828125 0.90546875 0.0625 0.14375
0 0.2515625 0.8734375 0.0671875 0.1015625
0 0.28515625 0.9234375 0.1 0.0421875
0 0.72890625 0.8421875 0.065625 0.065625
0 0.5640625 0.87890625 0.090625 0.0609375