0 0.575 0.1203125 0.0109375 0.015625
0 0.5578125 0.125 0.0109375 0.015625
0 0.7453125 0.153125 0.0109375 0.015625
0 0.75234375 0.1546875 0.00625 0.0140625
0 0.80234375 0.1640625 0.0109375 0.015625
0 0.63515625 0.140625 0.0109375 0.015625
0 0.4765625 0.11796875 0.0109375 0.0109375
0 0.815625 0.16796875 0.0109375 0.0109375
0 0.565625 0.13515625 0.0109375 0.015625
0 0.675 0.15078125 0.015625 0.0109375
0 0.4578125 0.1203125 0.0109375 0.0109375
0 0.7140625 0.15625 0.0109375 0.0109375
0 0.7921875 0.1671875 0.0109375 0.0109375
0 0.6203125 0.14296875 0.00625 0.009375
0 0.8265625 0.17421875 0.0109375 0.015625
0 0.646875 0.14921875 0.015625 0.0109375
0 0.1546875 0.0796875 0.015625 0.015625
0 0.65859375 0.15078125 0.0109375 0.015625
0 0.8078125 0.171875 0.0109375 0.015625
0 0.784375 0.17109375 0.0125 0.0203125
0 0.72265625 0.16171875 0.0125 0.0203125
0 0.5765625 0.14140625 0.0171875 0.0203125
0 0.83671875 0.18046875 0.0109375 0.015625
0 0.140625 0.0828125 0.015625 0.015625
0 0.259375 0.09921875 0.009375 0.00625
0 0.41015625 0.1203125 0.0109375 0.015625
0 0.66953125 0.15703125 0.0109375 0.015625
0 0.803125 0.17578125 0.0125 0.0203125
0 0.45234375 0.12890625 0.0046875 0.0046875
0 0.62109375 0.15234375 0.0109375 0.015625
0 0.6328125 0.15390625 0.0109375 0.015625
0 0.7546875 0.17109375 0.015625 0.015625
0 0.38046875 0.11875 0.0109375 0.015625
0 0.696875 0.165625 0.0109375 0.015625
0 0.765625 0.175 0.0171875 0.0203125
0 0.28828125 0.1078125 0.0125 0.0203125
0 0.1875 0.09375 0.015625 0.015625
0 0.259375 0.10390625 0.015625 0.0109375
0 0.46015625 0.13203125 0.0046875 0.0046875
0 0.490625 0.13671875 0.0171875 0.0203125
0 0.7359375 0.17109375 0.015625 0.015625
0 0.65078125 0.159375 0.0109375 0.015625
0 0.8203125 0.18515625 0.0109375 0.015625
0 0.86171875 0.19140625 0.0109375 0.015625
0 0.21953125 0.10078125 0.0109375 0.015625
0 0.428125 0.13046875 0.0171875 0.0203125
0 0.44921875 0.1328125 0.009375 0.00625
0 0.21015625 0.09921875 0.0109375 0.015625
0 0.06796875 0.08203125 0.021875 0.021875
0 0.44140625 0.134375 0.015625 0.0109375
0 0.24140625 0.10859375 0.015625 0.015625
0 0.1984375 0.10234375 0.0125 0.0203125
0 0.4796875 0.1421875 0.0109375 0.015625
0 0.634375 0.1640625 0.0109375 0.015625
0 0.6953125 0.175 0.0125 0.0203125
0 0.7796875 0.18671875 0.0171875 0.0203125
0 0.84140625 0.19765625 0.0109375 0.0109375
0 0.4703125 0.1453125 0.0171875 0.0203125
0 0.165625 0.10234375 0.015625 0.0109375
0 0.22734375 0.11171875 0.0109375 0.015625
0 0.253125 0.11484375 0.015625 0.015625
0 0.39375 0.1375 0.0265625 0.03125
0 0.1171875 0.0984375 0.021875 0.0265625
0 0.4125 0.13984375 0.0171875 0.025
0 0.275 0.1203125 0.0109375 0.015625
0 0.13046875 0.1015625 0.0171875 0.0203125
0 0.17890625 0.10859375 0.0171875 0.0203125
0 0.88515625 0.2078125 0.0125 0.0203125
0 0.7671875 0.19140625 0.0171875 0.0203125
0 0.80234375 0.19609375 0.021875 0.021875
0 0.14609375 0.10390625 0.0171875 0.0203125
0 0.36171875 0.134375 0.0171875 0.0203125
0 0.703125 0.184375 0.0109375 0.015625
0 0.85 0.20546875 0.021875 0.021875
0 0.45390625 0.14921875 0.0171875 0.0203125
0 0.86640625 0.2078125 0.0171875 0.0203125
0 0.33828125 0.13359375 0.0171875 0.025
0 0.659375 0.18046875 0.0171875 0.025
0 0.37265625 0.140625 0.015625 0.015625
0 0.478125 0.15546875 0.015625 0.015625
0 0.434375 0.1515625 0.021875 0.021875
0 0.684375 0.18671875 0.0125 0.0296875
0 0.0703125 0.1 0.021875 0.0265625
0 0.209375 0.121875 0.0171875 0.0203125
0 0.25546875 0.13125 0.015625 0.015625
0 0.54375 0.171875 0.0171875 0.0203125
0 0.69765625 0.1953125 0.0171875 0.0203125
0 0.7546875 0.20390625 0.015625 0.015625
0 0.73828125 0.20390625 0.015625 0.015625
0 0.89609375 0.22578125 0.0265625 0.0265625
0 0.51484375 0.175 0.021875 0.0265625
0 0.178125 0.12734375 0.0171875 0.0203125
0 0.4875 0.17109375 0.015625 0.015625
0 0.49921875 0.175 0.021875 0.021875
0 0.8015625 0.2171875 0.0171875 0.0203125
0 0.46875 0.1703125 0.0171875 0.0203125
0 0.7625 0.21171875 0.021875 0.021875
0 0.865625 0.22890625 0.021875 0.0265625
0 0.4203125 0.16875 0.0171875 0.025
0 0.225 0.14375 0.021875 0.021875
0 0.3859375 0.16875 0.021875 0.0296875
0 0.45 0.17734375 0.0265625 0.0265625
0 0.171875 0.140625 0.0203125 0.0171875
0 0.2953125 0.1578125 0.015625 0.015625
0 0.7453125 0.22109375 0.021875 0.021875
0 0.25625 0.1546875 0.021875 0.0265625
0 0.40546875 0.17578125 0.021875 0.0265625
0 0.5546875 0.196875 0.021875 0.0265625
0 0.378125 0.171875 0.021875 0.0265625
0 0.3640625 0.17265625 0.0171875 0.025
0 0.48046875 0.19140625 0.021875 0.0296875
0 0.425 0.1859375 0.021875 0.021875
0 0.69765625 0.22421875 0.028125 0.034375
0 0.46171875 0.190625 0.021875 0.0296875
0 0.78671875 0.24140625 0.021875 0.0265625
0 0.23203125 0.16328125 0.0171875 0.0203125
0 0.77265625 0.2390625 0.021875 0.0265625
0 0.49296875 0.2 0.0171875 0.0203125
0 0.715625 0.23125 0.028125 0.034375
0 0.11484375 0.14921875 0.0125 0.0203125
0 0.275 0.171875 0.0171875 0.0203125
0 0.29296875 0.17421875 0.0203125 0.0171875
0 0.89375 0.25859375 0.0328125 0.040625
0 0.63359375 0.22890625 0.021875 0.0296875
0 0.92734375 0.27265625 0.0421875 0.05
0 0.175 0.16953125 0.0265625 0.03125
0 0.596875 0.22890625 0.021875 0.0296875
0 0.24375 0.17890625 0.021875 0.021875
0 0.0671875 0.1546875 0.021875 0.0296875
0 0.0484375 0.153125 0.0125 0.025
0 0.38359375 0.20078125 0.021875 0.0296875
0 0.121875 0.16328125 0.021875 0.0296875
0 0.84375 0.2671875 0.03125 0.03125
0 0.27734375 0.1875 0.0171875 0.0203125
0 0.14140625 0.17109375 0.0328125 0.0359375
0 0.67578125 0.24609375 0.03125 0.03125
0 0.790625 0.2625 0.0265625 0.03125
0 0.55234375 0.23125 0.0328125 0.0359375
0 0.87109375 0.27578125 0.0265625 0.03125
0 0.10234375 0.16796875 0.021875 0.0296875
0 0.4828125 0.2234375 0.021875 0.021875
0 0.40234375 0.2125 0.021875 0.0265625
0 0.32578125 0.20625 0.028125 0.0390625
0 0.6171875 0.24765625 0.0234375 0.034375
0 0.81796875 0.278125 0.0265625 0.03125
0 0.25546875 0.19921875 0.021875 0.0265625
0 0.72265625 0.26484375 0.0203125 0.0171875
0 0.07578125 0.1734375 0.021875 0.021875
0 0.2296875 0.1953125 0.0265625 0.0265625
0 0.66484375 0.25859375 0.021875 0.021875
0 0.29765625 0.209375 0.028125 0.034375
0 0.19453125 0.19765625 0.028125 0.0390625
0 0.16171875 0.1953125 0.0171875 0.0296875
0 0.346875 0.22578125 0.034375 0.05
0 0.103125 0.196875 0.028125 0.034375
0 0.5265625 0.25859375 0.034375 0.0453125
0 0.70234375 0.2875 0.0265625 0.0265625
0 0.47109375 0.25546875 0.028125 0.0390625
0 0.76015625 0.29609375 0.0390625 0.0546875
0 0.06484375 0.20546875 0.0375 0.040625
0 0.1125 0.21171875 0.0296875 0.0484375
0 0.38046875 0.25234375 0.028125 0.034375
0 0.7359375 0.30234375 0.0375 0.05
0 0.04375 0.20703125 0.0203125 0.0421875
0 0.625 0.2890625 0.034375 0.0453125
0 0.990625 0.34375 0.01875 0.059375
0 0.246875 0.24296875 0.034375 0.0453125
0 0.83984375 0.32578125 0.053125 0.0609375
0 0.796875 0.3203125 0.0484375 0.05625
0 0.21171875 0.2390625 0.0375 0.05
0 0.64921875 0.30078125 0.040625 0.06875
0 0.9296875 0.340625 0.0375 0.05
0 0.140625 0.2296875 0.034375 0.0546875
0 0.678125 0.3140625 0.034375 0.0546875
0 0.89453125 0.3515625 0.05 0.0703125
0 0.54609375 0.30546875 0.0375 0.0453125
0 0.6046875 0.3203125 0.0546875 0.075
0 0.5765625 0.32109375 0.0390625 0.0546875
0 0.71640625 0.34140625 0.046875 0.0515625
0 0.9890625 0.39453125 0.021875 0.0546875
0 0.5046875 0.33046875 0.0421875 0.046875
0 0.440625 0.32109375 0.06875 0.0765625
0 0.8203125 0.384375 0.0453125 0.0640625
0 0.0453125 0.27890625 0.0453125 0.0640625
0 0.85234375 0.40703125 0.0546875 0.075
0 0.321875 0.33671875 0.0421875 0.05
0 0.778125 0.40078125 0.0546875 0.065625
0 0.678125 0.39609375 0.0546875 0.0703125
0 0.88125 0.4296875 0.0375 0.05
0 0.22109375 0.3390625 0.0828125 0.075
0 0.62421875 0.39609375 0.059375 0.071875
0 0.50390625 0.3859375 0.0453125 0.06875
0 0.1484375 0.340625 0.065625 0.08125
0 0.98125 0.46796875 0.0375 0.0734375
0 0.28515625 0.36953125 0.0671875 0.0953125
0 0.5265625 0.41484375 0.0546875 0.065625
0 0.7625 0.47890625 0.0765625 0.096875
0 0.58828125 0.45625 0.065625 0.08125
0 0.88828125 0.51484375 0.0703125 0.0859375
0 0.9828125 0.53046875 0.034375 0.0953125
0 0.31015625 0.4359375 0.0671875 0.0953125
0 0.66875 0.509375 0.0875 0.1109375
0 0.22265625 0.45859375 0.0890625 0.115625
0 0.5375 0.51484375 0.0765625 0.1015625
0 0.36171875 0.534375 0.0671875 0.0953125
0 0.84140625 0.6296875 0.0890625 0.1203125
0 0.746875 0.621875 0.0875 0.1109375
0 0.04765625 0.54375 0.0828125 0.10625