0 0.6828125 0.1 0.034375 0.0515625
0 0.77734375 0.103125 0.0328125 0.0375
0 0.7296875 0.11171875 0.0296875 0.0375
0 0.8828125 0.11875 0.0390625 0.0609375
0 0.59296875 0.12890625 0.034375 0.05625
0 0.48046875 0.13984375 0.0375 0.0421875
0 0.38828125 0.14765625 0.034375 0.046875
0 0.54296875 0.14921875 0.034375 0.046875
0 0.78125 0.14296875 0.04375 0.0515625
0 0.1828125 0.1640625 0.0390625 0.05625
0 0.66875 0.15078125 0.0390625 0.065625
0 0.32421875 0.16328125 0.04375 0.065625
0 0.7125 0.165625 0.04375 0.065625
0 0.96953125 0.1640625 0.040625 0.1078125
0 0.47734375 0.190625 0.0375 0.0328125
0 0.53515625 0.19296875 0.034375 0.0515625
0 0.4296875 0.20390625 0.034375 0.046875
0 0.13359375 0.22578125 0.059375 0.1171875
0 0.58671875 0.2125 0.04375 0.05625
0 0.19921875 0.22578125 0.0484375 0.0796875
0 0.6515625 0.2140625 0.0390625 0.0515625
0 0.1640625 0.23359375 0.0390625 0.0703125
0 0.9 0.21953125 0.0390625 0.065625
0 0.48828125 0.2359375 0.04375 0.0703125
0 0.303125 0.2453125 0.053125 0.0671875
0 0.8171875 0.22734375 0.0671875 0.0765625
0 0.3921875 0.24921875 0.0390625 0.0609375
0 0.6859375 0.24140625 0.0484375 0.0671875
0 0.01484375 0.2734375 0.0296875 0.065625
0 0.715625 0.25390625 0.04375 0.084375
0 0.9265625 0.246875 0.0546875 0.0953125
0 0.4578125 0.26796875 0.04375 0.05625
0 0.425 0.2734375 0.0484375 0.0625
0 0.559375 0.278125 0.04375 0.0515625
0 0.62265625 0.28671875 0.0484375 0.0765625
0 0.071875 0.30859375 0.0734375 0.109375
0 0.35625 0.30078125 0.04375 0.0609375
0 0.840625 0.03828125 0.0390625 0.05625
0 0.40546875 0.05625 0.0296875 0.046875
0 0.50078125 0.06015625 0.0390625 0.046875
0 0.58359375 0.059375 0.04375 0.0609375
0 0.32578125 0.07265625 0.0390625 0.05625
0 0.65859375 0.0640625 0.04375 0.046875
0 0.3625 0.08359375 0.0390625 0.046875
0 0.27265625 0.10078125 0.0328125 0.0421875
0 0.125 0.10703125 0.0484375 0.0578125
0 0.18515625 0.11015625 0.034375 0.046875