0 0.378125 0.19453125 0.08125 0.1453125
0 0.67734375 0.25546875 0.1 0.140625
0 0.48984375 0.27578125 0.0859375 0.13125
0 0.3234375 0.2859375 0.071875 0.1578125
0 0.78515625 0.3078125 0.090625 0.1359375
0 0.55078125 0.36640625 0.071875 0.1171875
0 0.3609375 0.38203125 0.0765625 0.13125
0 0.4671875 0.4203125 0.090625 0.15
0 0.24375 0.4328125 0.109375 0.1546875
0 0.81015625 0.48203125 0.0765625 0.1546875
0 0.1296875 0.48203125 0.1046875 0.16875
0 0.6203125 0.50703125 0.128125 0.1546875
0 0.325 0.57578125 0.090625 0.1359375
0 0.44296875 0.703125 0.0953125 0.159375
0 0.5734375 0.14296875 0.08125 0.1359375
0 0.721875 0.1453125 0.08125 0.1078125