0 0.15078125 0.85546875 0.0984375 0.10625
0 0.11875 0.2328125 0.0890625 0.1546875
0 0.821875 0.20078125 0.0859375 0.128125
0 0.91640625 0.228125 0.075 0.1125
0 0.43359375 0.2859375 0.0796875 0.1125
0 0.303125 0.30859375 0.078125 0.1359375
0 0.734375 0.27265625 0.0921875 0.1421875
0 0.58359375 0.30234375 0.096875 0.1421875
0 0.028125 0.54453125 0.05625 0.0703125
0 0.23203125 0.546875 0.090625 0.1234375
0 0.62734375 0.53984375 0.0984375 0.1515625
0 0.7703125 0.525 0.096875 0.1375
0 0.47421875 0.584375 0.0765625 0.1265625
0 0.04296875 0.6453125 0.0703125 0.103125
0 0.94765625 0.615625 0.0671875 0.1203125
0 0.9828125 0.70078125 0.034375 0.1296875
0 0.39921875 0.78046875 0.09375 0.0640625
0 0.64140625 0.7625 0.09375 0.06875