0 0.040625 0.17109375 0.015625 0.0296875
0 0.1296875 0.18671875 0.0203125 0.0296875
0 0.203125 0.19453125 0.015625 0.015625
0 0.5078125 0.215625 0.025 0.0328125
0 0.184375 0.1953125 0.0203125 0.025
0 0.22890625 0.1984375 0.015625 0.0203125
0 0.275 0.2015625 0.025 0.0296875
0 0.56328125 0.2234375 0.0203125 0.0328125
0 0.3625 0.21171875 0.0203125 0.0328125
0 0.16640625 0.19765625 0.0109375 0.01875
0 0.21953125 0.2015625 0.015625 0.025
0 0.10625 0.19609375 0.0203125 0.025
0 0.38515625 0.215625 0.025 0.0328125
0 0.74296875 0.240625 0.0203125 0.0328125
0 0.08515625 0.196875 0.009375 0.009375
0 0.54921875 0.23203125 0.03125 0.04375
0 0.32265625 0.21796875 0.0203125 0.0203125
0 0.2375 0.2125 0.0203125 0.0203125
0 0.45625 0.2296875 0.0203125 0.0296875
0 0.6359375 0.24453125 0.034375 0.0390625
0 0.20234375 0.21484375 0.025 0.025
0 0.78125 0.259375 0.0203125 0.0203125
0 0.90390625 0.2703125 0.03125 0.0484375
0 0.9265625 0.271875 0.0265625 0.0375
0 0.9453125 0.2734375 0.0203125 0.0296875
0 0.48125 0.24140625 0.015625 0.0203125
0 0.85234375 0.271875 0.015625 0.025
0 0.8703125 0.275 0.0203125 0.025
0 0.57734375 0.259375 0.0296875 0.034375
0 0.7734375 0.27578125 0.0203125 0.025
0 0.6203125 0.26484375 0.03125 0.04375
0 0.97890625 0.2921875 0.0203125 0.025
0 0.4265625 0.25390625 0.0203125 0.025
0 0.79140625 0.290625 0.03125 0.04375
0 0.6796875 0.2828125 0.015625 0.015625
0 0.21328125 0.253125 0.0296875 0.025
0 0.32890625 0.2609375 0.0203125 0.025
0 0.95703125 0.3046875 0.03125 0.04375
0 0.7296875 0.30234375 0.025 0.0296875
0 0.9875 0.3265625 0.025 0.04375
0 0.70859375 0.31015625 0.0203125 0.025
0 0.85546875 0.334375 0.03125 0.0390625
0 0.79453125 0.3609375 0.03125 0.0390625
0 0.10546875 0.32578125 0.0296875 0.025
0 0.321875 0.3625 0.03125 0.0390625
0 0.753125 0.3921875 0.025 0.0328125
0 0.409375 0.37578125 0.034375 0.0390625
0 0.0234375 0.3484375 0.03125 0.0390625
0 0.11875 0.36953125 0.0359375 0.053125
0 0.6015625 0.40546875 0.03125 0.0484375
0 0.5140625 0.40390625 0.0453125 0.053125
0 0.22265625 0.3859375 0.0359375 0.053125
0 0.28671875 0.39921875 0.03125 0.0484375
0 0.98984375 0.45 0.0203125 0.046875
0 0.9 0.45390625 0.0453125 0.0578125
0 0.81640625 0.45 0.03125 0.0390625
0 0.94765625 0.46640625 0.0453125 0.0578125
0 0.775 0.45625 0.034375 0.0296875
0 0.6890625 0.453125 0.040625 0.0625
0 0.0234375 0.4109375 0.040625 0.0671875
0 0.71640625 0.46171875 0.0328125 0.0671875
0 0.6046875 0.4609375 0.040625 0.0578125
0 0.5171875 0.459375 0.040625 0.0484375
0 0.37109375 0.45390625 0.04375 0.0484375
0 0.828125 0.48828125 0.0359375 0.0484375
0 0.7609375 0.4875 0.0453125 0.053125
0 0.66796875 0.48359375 0.0453125 0.0625
0 0.46015625 0.4734375 0.040625 0.053125
0 0.18984375 0.45703125 0.0453125 0.053125
0 0.31875 0.4734375 0.040625 0.0484375
0 0.27421875 0.4796875 0.0359375 0.0578125
0 0.38984375 0.4875 0.0546875 0.0640625
0 0.2453125 0.49375 0.05 0.0671875
0 0.58671875 0.52734375 0.053125 0.040625
0 0.86484375 0.55390625 0.065625 0.0734375
0 0.321875 0.52890625 0.05 0.0625
0 0.678125 0.56796875 0.0515625 0.0765625
0 0.71328125 0.5703125 0.0359375 0.0578125
0 0.75234375 0.58046875 0.05 0.053125
0 0.27734375 0.55625 0.05625 0.078125
0 0.0703125 0.5421875 0.075 0.078125
0 0.5734375 0.584375 0.0640625 0.06875
0 0.9515625 0.61796875 0.0546875 0.06875
0 0.41796875 0.60546875 0.065625 0.0828125
0 0.234375 0.65078125 0.071875 0.1015625