0 0.396875 0.02421875 0.021875 0.0296875
0 0.47734375 0.01640625 0.021875 0.0296875
0 0.88671875 0.10546875 0.0203125 0.0203125
0 0.95390625 0.10078125 0.0171875 0.0375
0 0.5671875 0.1484375 0.021875 0.0296875
0 0.8625 0.1171875 0.021875 0.0296875
0 0.31796875 0.0328125 0.021875 0.025
0 0.46484375 0.16328125 0.0171875 0.0296875
0 0.49296875 0.1609375 0.021875 0.034375
0 0.81953125 0.1359375 0.021875 0.025
0 0.54453125 0.16953125 0.021875 0.0296875
0 0.16328125 0.21640625 0.0265625 0.034375
0 0.4140625 0.1921875 0.021875 0.0296875
0 0.690625 0.16796875 0.021875 0.025
0 0.82265625 0.16328125 0.021875 0.025
0 0.6671875 0.18203125 0.0171875 0.025
0 0.31640625 0.221875 0.021875 0.0296875
0 0.934375 0.15625 0.025 0.021875
0 0.06640625 0.25234375 0.021875 0.025
0 0.3734375 0.22265625 0.0265625 0.034375
0 0.73671875 0.184375 0.021875 0.025
0 0.51171875 0.21484375 0.021875 0.0296875
0 0.77734375 0.19140625 0.021875 0.025
0 0.1078125 0.26640625 0.021875 0.0390625
0 0.6046875 0.2140625 0.021875 0.0296875
0 0.5546875 0.221875 0.0171875 0.0296875
0 0.00859375 0.27890625 0.0171875 0.0296875
0 0.084375 0.06484375 0.021875 0.0296875
0 0.05625 0.28125 0.0265625 0.0296875
0 0.3609375 0.26328125 0.021875 0.025
0 0.2640625 0.2734375 0.0265625 0.0390625
0 0.4078125 0.265625 0.021875 0.025
0 0.9265625 0.21328125 0.021875 0.034375
0 0.5375 0.25859375 0.021875 0.025
0 0.33984375 0.03984375 0.0171875 0.025
0 0.4546875 0.26953125 0.021875 0.025
0 0.18125 0.2984375 0.021875 0.025
0 0.6390625 0.25078125 0.021875 0.0296875
0 0.153125 0.30390625 0.0265625 0.0296875
0 0.08046875 0.3234375 0.025 0.025
0 0.190625 0.06015625 0.021875 0.0296875
0 0.89296875 0.25390625 0.0265625 0.034375
0 0.31171875 0.321875 0.021875 0.0296875
0 0.49609375 0.309375 0.021875 0.0296875
0 0.95234375 0.26875 0.021875 0.0296875
0 0.4078125 0.33046875 0.021875 0.025
0 0.46484375 0.32421875 0.021875 0.034375
0 0.67734375 0.30234375 0.021875 0.034375
0 0.8765625 0.29296875 0.0265625 0.0296875
0 0.12890625 0.37890625 0.0265625 0.034375
0 0.03203125 0.3890625 0.025 0.025
0 0.3234375 0.3671875 0.0265625 0.034375
0 0.05859375 0.396875 0.021875 0.0296875
0 0.853125 0.315625 0.0265625 0.0296875
0 0.42734375 0.36328125 0.021875 0.0296875
0 0.19765625 0.3875 0.021875 0.0296875
0 0.4734375 0.36328125 0.021875 0.0296875
0 0.08984375 0.40546875 0.021875 0.0296875
0 0.26796875 0.3890625 0.021875 0.034375
0 0.159375 0.403125 0.021875 0.025
0 0.2375 0.396875 0.021875 0.025
0 0.9671875 0.3203125 0.0265625 0.0296875
0 0.57265625 0.36640625 0.021875 0.034375
0 0.73671875 0.3609375 0.0265625 0.034375
0 0.703125 0.3671875 0.0265625 0.034375
0 0.51015625 0.3921875 0.021875 0.025
0 0.64765625 0.3796875 0.021875 0.025
0 0.4578125 0.40703125 0.021875 0.025
0 0.9203125 0.3609375 0.021875 0.0296875
0 0.0640625 0.45078125 0.0265625 0.0296875
0 0.41640625 0.415625 0.021875 0.0296875
0 0.34375 0.43203125 0.0265625 0.0296875
0 0.3 0.4390625 0.021875 0.034375
0 0.36796875 0.43671875 0.021875 0.025
0 0.4921875 0.42421875 0.021875 0.034375
0 0.54765625 0.42265625 0.021875 0.025
0 0.12265625 0.47421875 0.0265625 0.034375
0 0.5859375 0.428125 0.021875 0.0296875
0 0.90078125 0.4 0.021875 0.0296875
0 0.4421875 0.4546875 0.021875 0.034375
0 0.23828125 0.07109375 0.021875 0.0296875
0 0.23984375 0.48359375 0.021875 0.0296875
0 0.2703125 0.48046875 0.021875 0.0296875
0 0.815625 0.42265625 0.021875 0.0296875
0 0.93984375 0.4125 0.0171875 0.0296875
0 0.39921875 0.47109375 0.0265625 0.0296875
0 0.51796875 0.465625 0.021875 0.0296875
0 0.390625 0.0578125 0.021875 0.0296875
0 0.13203125 0.521875 0.021875 0.025
0 0.16953125 0.52734375 0.0171875 0.025
0 0.096875 0.53984375 0.0265625 0.034375
0 0.13984375 0.0859375 0.021875 0.025
0 0.98359375 0.4515625 0.021875 0.0296875
0 0.590625 0.49765625 0.021875 0.0296875
0 0.47578125 0.5140625 0.0265625 0.034375
0 0.69453125 0.49140625 0.021875 0.034375
0 0.3359375 0.53359375 0.021875 0.0296875
0 0.75390625 0.49921875 0.021875 0.0296875
0 0.07578125 0.0953125 0.025 0.025
0 0.828125 0.49609375 0.021875 0.0296875
0 0.2484375 0.56328125 0.0171875 0.0296875
0 0.39609375 0.55234375 0.025 0.025
0 0.9921875 0.50078125 0.015625 0.0296875
0 0.44140625 0.5640625 0.021875 0.0296875
0 0.28828125 0.075 0.021875 0.0296875
0 0.28828125 0.58515625 0.021875 0.0296875
0 0.32265625 0.58125 0.021875 0.025
0 0.65703125 0.5484375 0.03125 0.0390625
0 0.52421875 0.56953125 0.0265625 0.0390625
0 0.49140625 0.57578125 0.021875 0.034375
0 0.5515625 0.56953125 0.021875 0.0296875
0 0.109375 0.61796875 0.0265625 0.0296875
0 0.07578125 0.62890625 0.0265625 0.0296875
0 0.58515625 0.57734375 0.021875 0.034375
0 0.121875 0.0953125 0.021875 0.025
0 0.26953125 0.61328125 0.021875 0.0296875
0 0.38046875 0.60625 0.021875 0.0296875
0 0.759375 0.57734375 0.0265625 0.034375
0 0.41484375 0.615625 0.021875 0.0296875
0 0.1625 0.64921875 0.021875 0.0296875
0 0.45234375 0.61875 0.021875 0.0296875
0 0.20390625 0.65 0.021875 0.0296875
0 0.7921875 0.59765625 0.0265625 0.034375
0 0.03515625 0.68125 0.021875 0.025
0 0.55 0.62734375 0.021875 0.0296875
0 0.9078125 0.58984375 0.0265625 0.034375
0 0.36875 0.64921875 0.0265625 0.0390625
0 0.69375 0.6171875 0.021875 0.0390625
0 0.11953125 0.69140625 0.0265625 0.0296875
0 0.58515625 0.64296875 0.021875 0.0296875
0 0.63046875 0.6375 0.021875 0.0296875
0 0.50078125 0.06484375 0.021875 0.025
0 0.91796875 0.6234375 0.0265625 0.0296875
0 0.07109375 0.71953125 0.021875 0.0296875
0 0.48984375 0.67578125 0.0265625 0.0296875
0 0.16640625 0.71171875 0.021875 0.0296875
0 0.28828125 0.7015625 0.025 0.025
0 0.36015625 0.69375 0.0265625 0.0296875
0 0.215625 0.71640625 0.0265625 0.034375
0 0.03125 0.73515625 0.021875 0.0296875
0 0.5796875 0.6828125 0.021875 0.0296875
0 0.62421875 0.68515625 0.021875 0.025
0 0.3203125 0.71953125 0.021875 0.0296875
0 0.765625 0.67734375 0.0265625 0.0296875
0 0.2734375 0.090625 0.021875 0.0296875
0 0.478125 0.71171875 0.021875 0.034375
0 0.784375 0.6796875 0.021875 0.0296875
0 0.11875 0.75234375 0.0265625 0.0296875
0 0.66796875 0.69921875 0.021875 0.025
0 0.53359375 0.065625 0.021875 0.025
0 0.52578125 0.7203125 0.021875 0.0296875
0 0.42734375 0.7328125 0.021875 0.0296875
0 0.60703125 0.72109375 0.021875 0.0296875
0 0.68515625 0.71796875 0.021875 0.0296875
0 0.07734375 0.80078125 0.021875 0.0296875
0 0.128125 0.7953125 0.0265625 0.0296875
0 0.3203125 0.7890625 0.0265625 0.034375
0 0.184375 0.81484375 0.021875 0.0390625
0 0.375 0.7953125 0.021875 0.034375
0 0.48828125 0.7875 0.021875 0.0390625
0 0.50625 0.78515625 0.021875 0.0296875
0 0.1359375 0.8265625 0.021875 0.0296875
0 0.10859375 0.8296875 0.021875 0.0296875
0 0.240625 0.8203125 0.021875 0.034375
0 0.65234375 0.06328125 0.021875 0.034375
0 0.41328125 0.80703125 0.021875 0.0296875
0 0.79609375 0.76875 0.0265625 0.0296875
0 0.00625 0.13125 0.0125 0.025
0 0.56875 0.071875 0.0265625 0.0296875
0 0.465625 0.81328125 0.021875 0.0296875
0 0.06953125 0.88046875 0.021875 0.0296875
0 0.3390625 0.8546875 0.021875 0.0296875
0 0.5421875 0.8359375 0.021875 0.0296875
0 0.56953125 0.83515625 0.0265625 0.0296875
0 0.62578125 0.82890625 0.021875 0.0296875
0 0.23671875 0.8703125 0.021875 0.025
0 0.6 0.834375 0.021875 0.0296875
0 0.05078125 0.89375 0.0265625 0.034375
0 0.68203125 0.83671875 0.0265625 0.034375
0 0.2703125 0.88203125 0.021875 0.0296875
0 0.8140625 0.82734375 0.0265625 0.034375
0 0.65234375 0.84453125 0.021875 0.0296875
0 0.4734375 0.865625 0.021875 0.0296875
0 0.19921875 0.896875 0.021875 0.034375
0 0.41640625 0.87890625 0.021875 0.025
0 0.2921875 0.89453125 0.021875 0.034375
0 0.3828125 0.88671875 0.0265625 0.0296875
0 0.32734375 0.89765625 0.021875 0.0296875
0 0.4546875 0.09296875 0.0171875 0.025
0 0.5140625 0.90390625 0.021875 0.0296875
0 0.44609375 0.9109375 0.021875 0.0296875
0 0.8796875 0.87421875 0.021875 0.0296875
0 0.21875 0.9484375 0.0265625 0.0296875
0 0.66328125 0.9015625 0.021875 0.025
0 0.3234375 0.109375 0.021875 0.0296875
0 0.4890625 0.92890625 0.021875 0.0296875
0 0.72265625 0.9140625 0.021875 0.034375
0 0.5390625 0.93828125 0.0265625 0.0296875
0 0.7484375 0.91640625 0.0265625 0.034375
0 0.13203125 0.98515625 0.0265625 0.0296875
0 0.2703125 0.978125 0.021875 0.034375
0 0.590625 0.94453125 0.0171875 0.0296875
0 0.6078125 0.94765625 0.021875 0.034375
0 0.1953125 0.98984375 0.021875 0.0203125
0 0.29453125 0.99296875 0.0265625 0.0140625
0 0.346875 0.9890625 0.021875 0.021875
0 0.375 0.98828125 0.021875 0.0234375
0 0.67890625 0.078125 0.021875 0.034375
0 0.47265625 0.98828125 0.0265625 0.0234375
0 0.51484375 0.99140625 0.0203125 0.0109375
0 0.7875 0.06875 0.021875 0.0296875
0 0.028125 0.15390625 0.021875 0.0296875
0 0.30546875 0.13359375 0.025 0.025
0 0.60078125 0.103125 0.021875 0.025
0 0.42890625 0.13046875 0.021875 0.0296875
0 0.2234375 0.15234375 0.021875 0.0296875
0 0.5421875 0.12109375 0.021875 0.034375
0 0.3375 0.14921875 0.021875 0.025
0 0.103125 0.17890625 0.021875 0.034375
0 0.19296875 0.171875 0.021875 0.025
0 0.66328125 0.12734375 0.021875 0.034375