0 0.86171875 0.03671875 0.0421875 0.0609375
0 0.84921875 0.3578125 0.078125 0.1953125
0 0.05234375 0.0375 0.0421875 0.075
0 0.1453125 0.41015625 0.0875 0.2234375
0 0.6796875 0.4265625 0.0765625 0.171875
0 0.22578125 0.43046875 0.071875 0.1625
0 0.221875 0.04140625 0.046875 0.0828125
0 0.32421875 0.04375 0.0515625 0.0875
0 0.475 0.44140625 0.0859375 0.1765625
0 0.82734375 0.459375 0.0734375 0.190625
0 0.5265625 0.47265625 0.04375 0.14375
0 0.9640625 0.48984375 0.071875 0.1671875
0 0.36328125 0.48828125 0.1015625 0.2375
0 0.5125 0.053125 0.090625 0.10625
0 0.7328125 0.534375 0.0625 0.140625
0 0.13515625 0.0546875 0.0484375 0.109375
0 0.68125 0.06328125 0.04375 0.1203125
0 0.66875 0.61640625 0.0921875 0.1953125
0 0.16875 0.6515625 0.0921875 0.246875
0 0.95546875 0.67421875 0.0734375 0.18125
0 0.26796875 0.6859375 0.078125 0.190625
0 0.86875 0.71953125 0.078125 0.190625
0 0.075 0.71953125 0.0921875 0.1953125
0 0.45234375 0.7421875 0.0828125 0.190625
0 0.6296875 0.0859375 0.0625 0.1671875
0 0.95546875 0.83671875 0.0703125 0.075
0 0.77421875 0.8453125 0.0625 0.15
0 0.71328125 0.853125 0.08125 0.1359375
0 0.61875 0.865625 0.0671875 0.0984375
0 0.35 0.86796875 0.0703125 0.0609375
0 0.96484375 0.8875 0.05625 0.0609375
0 0.51171875 0.884375 0.0703125 0.0609375
0 0.0203125 0.09296875 0.03125 0.1859375
0 0.3796875 0.1015625 0.0875 0.2
0 0.8 0.14921875 0.08125 0.171875
0 0.52265625 0.159375 0.078125 0.2046875
0 0.9796875 0.16953125 0.040625 0.2359375
0 0.103125 0.15703125 0.0921875 0.2046875
0 0.16875 0.23046875 0.0671875 0.1671875
0 0.68671875 0.28125 0.090625 0.1671875
0 0.275 0.28046875 0.0734375 0.1859375