0 0.40234375 0.4171875 0.0140625 0.0140625
0 0.4421875 0.43046875 0.0046875 0.009375
0 0.32421875 0.43671875 0.009375 0.009375
0 0.63671875 0.42578125 0.0140625 0.01875
0 0.33359375 0.44296875 0.009375 0.01875
0 0.4046875 0.4453125 0.009375 0.0140625
0 0.2921875 0.45625 0.0046875 0.0140625
0 0.38984375 0.453125 0.009375 0.0140625
0 0.5078125 0.4515625 0.009375 0.009375
0 0.3640625 0.45625 0.009375 0.0140625
0 0.38046875 0.4578125 0.0046875 0.0140625
0 0.315625 0.46484375 0.009375 0.0140625
0 0.46796875 0.46171875 0.009375 0.0140625
0 0.4265625 0.46328125 0.009375 0.0140625
0 0.60234375 0.45703125 0.0140625 0.0140625
0 0.53984375 0.46171875 0.0140625 0.0140625
0 0.36640625 0.46796875 0.009375 0.01875
0 0.56796875 0.4609375 0.009375 0.01875
0 0.6375 0.4609375 0.015625 0.0234375
0 0.453125 0.4671875 0.0140625 0.0140625
0 0.30234375 0.475 0.0140625 0.01875
0 0.3375 0.4734375 0.009375 0.0140625
0 0.3859375 0.47578125 0.009375 0.01875
0 0.353125 0.48671875 0.009375 0.01875
0 0.2171875 0.49375 0.01875 0.0140625
0 0.684375 0.47734375 0.015625 0.0234375
0 0.5828125 0.48046875 0.0140625 0.01875
0 0.74921875 0.47734375 0.015625 0.0234375
0 0.40234375 0.4890625 0.0140625 0.01875
0 0.453125 0.4875 0.015625 0.0234375
0 0.59921875 0.4875 0.009375 0.01875
0 0.46953125 0.49140625 0.009375 0.01875
0 0.5390625 0.4890625 0.015625 0.0234375
0 0.55546875 0.4890625 0.0140625 0.01875
0 0.24296875 0.5015625 0.0140625 0.0140625
0 0.15703125 0.50703125 0.0140625 0.01875
0 0.20390625 0.50546875 0.0140625 0.0140625
0 0.17578125 0.50859375 0.0203125 0.0234375
0 0.1484375 0.5125 0.0140625 0.01875
0 0.52109375 0.49921875 0.0140625 0.01875
0 0.56953125 0.49765625 0.015625 0.028125
0 0.715625 0.4921875 0.0140625 0.01875
0 0.29375 0.509375 0.0203125 0.0234375
0 0.3359375 0.5078125 0.015625 0.0234375
0 0.37265625 0.50703125 0.015625 0.0234375
0 0.26171875 0.51328125 0.015625 0.028125
0 0.2734375 0.5125 0.0140625 0.01875
0 0.409375 0.5078125 0.0140625 0.0140625
0 0.18828125 0.51796875 0.015625 0.0234375
0 0.13046875 0.52265625 0.0109375 0.0234375
0 0.4953125 0.509375 0.015625 0.0234375
0 0.47265625 0.5125 0.0140625 0.01875
0 0.20703125 0.521875 0.0140625 0.01875
0 0.43125 0.5140625 0.0140625 0.01875
0 0.63984375 0.509375 0.015625 0.0234375
0 0.359375 0.51875 0.0140625 0.01875
0 0.30390625 0.52578125 0.015625 0.028125
0 0.8921875 0.50546875 0.0140625 0.01875
0 0.1625 0.5328125 0.009375 0.01875
0 0.23203125 0.53046875 0.01875 0.01875
0 0.69765625 0.5140625 0.009375 0.01875
0 0.1421875 0.5359375 0.0203125 0.028125
0 0.7578125 0.5140625 0.0140625 0.01875
0 0.11171875 0.5390625 0.0140625 0.01875
0 0.6671875 0.5203125 0.0140625 0.01875
0 0.60703125 0.521875 0.01875 0.01875
0 0.8546875 0.515625 0.015625 0.028125
0 0.2671875 0.5359375 0.0203125 0.028125
0 0.3921875 0.534375 0.015625 0.028125
0 0.71171875 0.5234375 0.015625 0.028125
0 0.7296875 0.52265625 0.015625 0.0234375
0 0.37890625 0.53828125 0.0203125 0.028125
0 0.79921875 0.52421875 0.015625 0.028125
0 0.9640625 0.5203125 0.0109375 0.028125
0 0.55 0.53515625 0.0203125 0.0375
0 0.81328125 0.52578125 0.015625 0.028125
0 0.76328125 0.5296875 0.015625 0.0328125
0 0.4625 0.54296875 0.0203125 0.028125
0 0.51796875 0.540625 0.0140625 0.01875
0 0.228125 0.553125 0.0140625 0.01875
0 0.94375 0.528125 0.01875 0.01875
0 0.59609375 0.54296875 0.009375 0.01875
0 0.5015625 0.54609375 0.015625 0.0234375
0 0.20078125 0.55625 0.009375 0.01875
0 0.25390625 0.5546875 0.0140625 0.01875
0 0.90859375 0.53203125 0.0203125 0.028125
0 0.15 0.5609375 0.015625 0.0234375
0 0.4203125 0.5515625 0.015625 0.0234375
0 0.11484375 0.56171875 0.015625 0.028125
0 0.675 0.5421875 0.01875 0.01875
0 0.78359375 0.53828125 0.0140625 0.01875
0 0.1265625 0.56171875 0.015625 0.0234375
0 0.3 0.5578125 0.01875 0.01875
0 0.39296875 0.55703125 0.0203125 0.0234375
0 0.18515625 0.56640625 0.015625 0.028125
0 0.346875 0.56328125 0.025 0.0328125
0 0.26171875 0.56640625 0.0203125 0.028125
0 0.28671875 0.565625 0.015625 0.028125
0 0.684375 0.5515625 0.0140625 0.01875
0 0.94140625 0.54453125 0.0203125 0.028125
0 0.4765625 0.56328125 0.0109375 0.0234375
0 0.53671875 0.5609375 0.015625 0.0234375
0 0.44453125 0.5671875 0.0203125 0.028125
0 0.92578125 0.55234375 0.01875 0.01875
0 0.740625 0.5609375 0.0203125 0.028125
0 0.5140625 0.56875 0.0203125 0.0328125
0 0.65078125 0.56640625 0.0203125 0.028125
0 0.75703125 0.56328125 0.0140625 0.01875
0 0.22734375 0.58359375 0.0140625 0.01875
0 0.2390625 0.58359375 0.0140625 0.01875
0 0.60859375 0.57265625 0.0203125 0.0375
0 0.1234375 0.58984375 0.015625 0.028125
0 0.1953125 0.58984375 0.0140625 0.01875
0 0.32265625 0.58515625 0.0203125 0.028125
0 0.43125 0.58125 0.0203125 0.0328125
0 0.67109375 0.57265625 0.01875 0.01875
0 0.10703125 0.59296875 0.009375 0.01875
0 0.3828125 0.5828125 0.015625 0.0328125
0 0.62734375 0.57421875 0.0203125 0.0328125
0 0.34140625 0.58671875 0.025 0.0328125
0 0.48671875 0.58203125 0.015625 0.0375
0 0.56328125 0.58125 0.0203125 0.028125
0 0.8171875 0.57265625 0.0203125 0.028125
0 0.21171875 0.59375 0.015625 0.028125
0 0.40859375 0.5890625 0.0203125 0.0375
0 0.58671875 0.5828125 0.0203125 0.0421875
0 0.25546875 0.59453125 0.015625 0.028125
0 0.30859375 0.59296875 0.01875 0.01875
0 0.36640625 0.59296875 0.015625 0.0375
0 0.46171875 0.58984375 0.0109375 0.028125
0 0.79453125 0.578125 0.015625 0.028125
0 0.80859375 0.57734375 0.0140625 0.01875
0 0.78359375 0.5828125 0.0203125 0.0375
0 0.84609375 0.5828125 0.025 0.0375
0 0.72265625 0.58671875 0.0203125 0.028125
0 0.14765625 0.60703125 0.0203125 0.0375
0 0.1890625 0.6078125 0.01875 0.0140625
0 0.99296875 0.57890625 0.0140625 0.0234375
0 0.709375 0.58984375 0.0203125 0.028125
0 0.02265625 0.615625 0.0203125 0.0515625
0 0.4359375 0.6015625 0.025 0.0375
0 0.6375 0.59453125 0.0203125 0.028125
0 0.68828125 0.59296875 0.0203125 0.0328125
0 0.16328125 0.6109375 0.0203125 0.0375
0 0.66484375 0.59375 0.01875 0.01875
0 0.35078125 0.609375 0.0203125 0.0375
0 0.015625 0.62109375 0.025 0.065625
0 0.765625 0.596875 0.025 0.0375
0 0.525 0.60546875 0.015625 0.0328125
0 0.746875 0.59765625 0.025 0.0328125
0 0.86953125 0.59609375 0.0203125 0.0375
0 0.97109375 0.5921875 0.0203125 0.0515625
0 0.121875 0.621875 0.0203125 0.028125
0 0.290625 0.61796875 0.0203125 0.0328125
0 0.26796875 0.61875 0.0203125 0.028125
0 0.54765625 0.609375 0.0203125 0.0375
0 0.20546875 0.6234375 0.0203125 0.0328125
0 0.1703125 0.62734375 0.025 0.0375
0 0.37890625 0.61953125 0.025 0.0375
0 0.8375 0.60390625 0.0203125 0.028125
0 0.22578125 0.62734375 0.0203125 0.046875
0 0.1109375 0.63125 0.0203125 0.028125
0 0.23984375 0.62734375 0.015625 0.0328125
0 0.25625 0.6265625 0.015625 0.0234375
0 0.9296875 0.60546875 0.025 0.0328125
0 0.390625 0.62421875 0.015625 0.0375
0 0.66328125 0.61484375 0.025 0.025
0 0.7375 0.6140625 0.0203125 0.0328125
0 0.19453125 0.63359375 0.025 0.0328125
0 0.321875 0.63125 0.025 0.046875
0 0.95546875 0.61171875 0.025 0.0421875
0 0.44453125 0.63203125 0.025 0.0328125
0 0.8265625 0.61875 0.025 0.0328125
0 0.70625 0.625 0.025 0.0375
0 0.92109375 0.62421875 0.0296875 0.0375
0 0.46796875 0.64296875 0.0296875 0.0296875
0 0.884375 0.6328125 0.025 0.0375
0 0.51015625 0.65078125 0.0203125 0.028125
0 0.2765625 0.65859375 0.0234375 0.0203125
0 0.61171875 0.646875 0.0296875 0.0296875
0 0.6625 0.64765625 0.034375 0.046875
0 0.80625 0.6421875 0.025 0.0296875
0 0.3546875 0.6609375 0.025 0.0296875
0 0.4453125 0.659375 0.0234375 0.0203125
0 0.575 0.6546875 0.025 0.0328125
0 0.2484375 0.665625 0.025 0.0375
0 0.2859375 0.66953125 0.025 0.025
0 0.4984375 0.66171875 0.025 0.0296875
0 0.771875 0.6546875 0.0296875 0.0328125
0 0.5421875 0.66484375 0.0203125 0.028125
0 0.85703125 0.65390625 0.0296875 0.0328125
0 0.04765625 0.684375 0.0375 0.0375
0 0.98671875 0.6515625 0.025 0.0421875
0 0.70546875 0.66640625 0.034375 0.0515625
0 0.34453125 0.68359375 0.0296875 0.0375
0 0.83046875 0.66640625 0.025 0.0328125
0 0.47421875 0.67890625 0.0296875 0.0375
0 0.74453125 0.66953125 0.025 0.0421875
0 0.0203125 0.69765625 0.0296875 0.046875
0 0.39765625 0.68671875 0.0390625 0.0515625
0 0.68203125 0.67890625 0.0296875 0.0421875
0 0.49453125 0.6875 0.025 0.0375
0 0.27578125 0.69765625 0.0375 0.0421875
0 0.63359375 0.68515625 0.0203125 0.0421875
0 0.6109375 0.690625 0.0296875 0.0375
0 0.4375 0.7015625 0.0390625 0.065625
0 0.759375 0.69296875 0.025 0.0515625
0 0.65546875 0.69609375 0.0296875 0.0421875
0 0.553125 0.7 0.0296875 0.0421875
0 0.9328125 0.68671875 0.034375 0.0515625
0 0.58125 0.7015625 0.034375 0.046875
0 0.79375 0.69375 0.0296875 0.0421875
0 0.16875 0.71796875 0.0421875 0.0421875
0 0.53046875 0.7078125 0.034375 0.0609375
0 0.96328125 0.69453125 0.034375 0.046875
0 0.50078125 0.72421875 0.0296875 0.0328125
0 0.80859375 0.71328125 0.0296875 0.0375
0 0.84609375 0.71484375 0.0375 0.0328125
0 0.7140625 0.721875 0.025 0.0296875
0 0.1453125 0.74375 0.0296875 0.0421875
0 0.08515625 0.7484375 0.0390625 0.0515625
0 0.21484375 0.74375 0.0328125 0.0375
0 0.33515625 0.746875 0.034375 0.0609375
0 0.621875 0.74609375 0.034375 0.05625
0 0.275 0.7578125 0.04375 0.05625
0 0.053125 0.76796875 0.0296875 0.0328125
0 0.17109375 0.7640625 0.0296875 0.0421875
0 0.3765625 0.759375 0.034375 0.0609375
0 0.31484375 0.765625 0.025 0.0515625
0 0.96484375 0.74296875 0.0390625 0.0609375
0 0.42109375 0.7671875 0.0328125 0.0421875
0 0.196875 0.77734375 0.04375 0.0609375
0 0.5859375 0.76796875 0.04375 0.0609375
0 0.93046875 0.75625 0.0296875 0.0421875
0 0.23203125 0.78984375 0.0484375 0.0671875
0 0.02421875 0.803125 0.03125 0.084375
0 0.1515625 0.8015625 0.053125 0.0578125
0 0.0640625 0.81171875 0.0484375 0.0671875
0 0.1171875 0.8140625 0.0390625 0.0609375
0 0.72890625 0.8 0.0390625 0.0703125
0 0.4921875 0.8109375 0.04375 0.0609375
0 0.3046875 0.82421875 0.0390625 0.046875
0 0.44609375 0.81953125 0.0484375 0.0765625
0 0.96015625 0.80390625 0.034375 0.046875
0 0.98046875 0.803125 0.0390625 0.065625
0 0.778125 0.82421875 0.034375 0.075
0 0.87734375 0.825 0.04375 0.075
0 0.5765625 0.83828125 0.053125 0.0671875
0 0.32734375 0.85546875 0.0484375 0.071875
0 0.50546875 0.85625 0.0484375 0.053125
0 0.359375 0.8640625 0.0390625 0.0703125
0 0.71640625 0.865625 0.04375 0.065625
0 0.278125 0.896875 0.0390625 0.0703125
0 0.0484375 0.909375 0.0546875 0.0953125
0 0.53515625 0.8953125 0.053125 0.0671875
0 0.24296875 0.91484375 0.053125 0.0859375
0 0.68515625 0.90546875 0.0484375 0.084375
0 0.0890625 0.9265625 0.04375 0.084375
0 0.60859375 0.91015625 0.0578125 0.08125
0 0.84375 0.909375 0.059375 0.0953125
0 0.41875 0.93828125 0.0625 0.0671875
0 0.959375 0.921875 0.059375 0.0984375
0 0.54921875 0.95390625 0.0578125 0.090625
0 0.32421875 0.97109375 0.0671875 0.0578125
0 0.46328125 0.97109375 0.0625 0.053125
0 0.70859375 0.97421875 0.065625 0.0390625