0 0.36171875 0.02265625 0.0546875 0.0453125
0 0.26640625 0.0078125 0.0421875 0.015625
0 0.56328125 0.06171875 0.05625 0.0859375
0 0.2171875 0.0203125 0.046875 0.040625
0 0.1796875 0.01953125 0.05 0.0390625
0 0.13359375 0.0234375 0.0703125 0.046875
0 0.48671875 0.0609375 0.0546875 0.08125
0 0.60859375 0.09921875 0.0640625 0.0828125
0 0.7171875 0.125 0.0453125 0.0796875
0 0.8890625 0.1625 0.0421875 0.065625
0 0.97109375 0.18515625 0.0578125 0.0953125
0 0.41171875 0.084375 0.090625 0.1265625
0 0.85546875 0.175 0.040625 0.0734375
0 0.8046875 0.16796875 0.040625 0.0515625
0 0.5203125 0.12890625 0.06875 0.1046875
0 0.27890625 0.084375 0.0890625 0.14375
0 0.76328125 0.18828125 0.03125 0.05
0 0.66640625 0.1765625 0.0671875 0.1015625
0 0.82578125 0.21015625 0.0265625 0.04375
0 0.7890625 0.2140625 0.046875 0.0609375
0 0.7140625 0.2234375 0.05625 0.090625
0 0.97890625 0.28125 0.0421875 0.1125
0 0.91640625 0.28671875 0.0859375 0.1265625
0 0.79921875 0.28203125 0.065625 0.0921875
0 0.58359375 0.2875 0.0859375 0.1265625