0 0.33828125 0.453125 0.05625 0.071875
0 0.11484375 0.5046875 0.06875 0.0875
0 0.834375 0.384375 0.053125 0.0796875
0 0.7671875 0.39921875 0.0546875 0.084375
0 0.2453125 0.49375 0.0578125 0.08125
0 0.4015625 0.465625 0.05 0.0578125
0 0.53671875 0.44453125 0.0421875 0.0640625
0 0.69609375 0.4234375 0.0453125 0.0609375
0 0.18515625 0.51328125 0.0578125 0.0765625
0 0.6234375 0.440625 0.05625 0.071875
0 0.46953125 0.47421875 0.0578125 0.0765625
0 0.09453125 0.54296875 0.0578125 0.0765625
0 0.89609375 0.40390625 0.053125 0.0796875
0 0.69609375 0.53359375 0.0515625 0.09375
0 0.403125 0.5875 0.05625 0.071875
0 0.7953125 0.5234375 0.0609375 0.0734375
0 0.32265625 0.6140625 0.06875 0.0875
0 0.5015625 0.5890625 0.05625 0.071875
0 0.5921875 0.5796875 0.0421875 0.06875
0 0.22421875 0.66875 0.059375 0.0859375