0 0.07734375 0.221875 0.0234375 0.034375
0 0.2140625 0.2625 0.0171875 0.025
0 0.1015625 0.24921875 0.0171875 0.025
0 0.40703125 0.30234375 0.0046875 0.0046875
0 0.04140625 0.24453125 0.0203125 0.04375
0 0.40234375 0.3015625 0.0046875 0.0046875
0 0.1671875 0.26484375 0.025 0.0390625
0 0.35859375 0.29765625 0.0109375 0.015625
0 0.1109375 0.2625 0.028125 0.0359375
0 0.3421875 0.29921875 0.0109375 0.0109375
0 0.4765625 0.3234375 0.0046875 0.0046875
0 0.453125 0.31953125 0.0046875 0.0046875
0 0.490625 0.325 0.0046875 0.0046875
0 0.4625 0.32109375 0.0046875 0.0046875
0 0.4484375 0.32109375 0.0046875 0.0046875
0 0.521875 0.3328125 0.0046875 0.0046875
0 0.48515625 0.3265625 0.0046875 0.0046875
0 0.5125 0.33125 0.0046875 0.0046875
0 0.41640625 0.31796875 0.0109375 0.0109375
0 0.53046875 0.33671875 0.0046875 0.0046875
0 0.50078125 0.33125 0.0046875 0.0046875
0 0.13671875 0.2765625 0.0234375 0.034375
0 0.41171875 0.31953125 0.0109375 0.0109375
0 0.4953125 0.3328125 0.00625 0.009375
0 0.5234375 0.3375 0.0046875 0.0046875
0 0.58046875 0.34921875 0.0046875 0.0046875
0 0.390625 0.31875 0.0109375 0.015625
0 0.42265625 0.32421875 0.0125 0.0203125
0 0.43515625 0.328125 0.0109375 0.015625
0 0.575 0.35078125 0.0046875 0.0046875
0 0.2046875 0.2921875 0.0171875 0.0203125
0 0.51328125 0.340625 0.00625 0.009375
0 0.40546875 0.32578125 0.0109375 0.015625
0 0.59765625 0.35625 0.0046875 0.0046875
0 0.45859375 0.334375 0.0171875 0.0203125
0 0.32265625 0.31484375 0.0265625 0.0265625
0 0.44609375 0.334375 0.0109375 0.015625
0 0.59296875 0.35703125 0.0046875 0.0046875
0 0.6140625 0.3609375 0.0046875 0.0046875
0 0.36953125 0.321875 0.0171875 0.025
0 0.48828125 0.340625 0.0109375 0.015625
0 0.58359375 0.3578125 0.00625 0.0140625
0 0.3984375 0.32890625 0.0109375 0.015625
0 0.34609375 0.3203125 0.0234375 0.034375
0 0.52109375 0.35078125 0.0109375 0.015625
0 0.53984375 0.35390625 0.0125 0.0203125
0 0.4953125 0.34921875 0.0109375 0.0109375
0 0.528125 0.35390625 0.0109375 0.015625
0 0.628125 0.3703125 0.015625 0.0109375
0 0.16015625 0.29609375 0.0265625 0.0265625
0 0.5546875 0.35859375 0.00625 0.0140625
0 0.54609375 0.35703125 0.0109375 0.015625
0 0.5984375 0.36796875 0.0109375 0.015625
0 0.5890625 0.36640625 0.0109375 0.0109375
0 0.61171875 0.371875 0.009375 0.00625
0 0.471875 0.35234375 0.0171875 0.025
0 0.684375 0.3859375 0.0109375 0.015625
0 0.5703125 0.36796875 0.0171875 0.0203125
0 0.5125 0.3609375 0.021875 0.021875
0 0.728125 0.3953125 0.0171875 0.0203125
0 0.44375 0.35 0.0171875 0.0203125
0 0.61953125 0.38046875 0.0109375 0.015625
0 0.6421875 0.384375 0.0171875 0.0203125
0 0.6109375 0.37890625 0.0109375 0.015625
0 0.4953125 0.36328125 0.0171875 0.0203125
0 0.55703125 0.37265625 0.0109375 0.015625
0 0.58515625 0.37734375 0.0171875 0.0203125
0 0.6671875 0.39296875 0.015625 0.015625
0 0.53203125 0.37109375 0.021875 0.0265625
0 0.69609375 0.4 0.0171875 0.0203125
0 0.421875 0.35859375 0.0171875 0.025
0 0.18828125 0.321875 0.025 0.0390625
0 0.71875 0.40546875 0.0171875 0.025
0 0.36796875 0.35234375 0.021875 0.0265625
0 0.04921875 0.30234375 0.04375 0.0515625
0 0.1578125 0.321875 0.0328125 0.040625
0 0.109375 0.31875 0.0296875 0.0453125
0 0.3078125 0.35 0.0390625 0.0546875
0 0.3875 0.36484375 0.0234375 0.034375
0 0.57265625 0.39453125 0.0203125 0.0171875
0 0.434375 0.3796875 0.0234375 0.034375
0 0.521875 0.39375 0.021875 0.0265625
0 0.78046875 0.434375 0.0171875 0.025
0 0.50703125 0.39375 0.0234375 0.034375
0 0.55703125 0.40390625 0.0171875 0.025
0 0.6375 0.41640625 0.0171875 0.0203125
0 0.85625 0.45390625 0.0453125 0.065625
0 0.48125 0.396875 0.028125 0.0359375
0 0.5703125 0.4109375 0.021875 0.0265625
0 0.7265625 0.446875 0.0234375 0.03125
0 0.8765625 0.47265625 0.0390625 0.0546875
0 0.553125 0.42890625 0.021875 0.0265625
0 0.3703125 0.4140625 0.0390625 0.05
0 0.46640625 0.43359375 0.0328125 0.040625
0 0.0390625 0.38046875 0.0671875 0.1171875
0 0.540625 0.4625 0.0390625 0.05
0 0.3828125 0.4578125 0.053125 0.0578125
0 0.21484375 0.4359375 0.078125 0.1015625
0 0.59375 0.540625 0.0625 0.090625
0 0.3390625 0.5234375 0.10625 0.1109375
0 0.584375 0.66328125 0.1046875 0.128125
0 0.86875 0.7625 0.0515625 0.075