0 0.046875 0.503125 0.03125 0.034375
0 0.528125 0.47421875 0.00625 0.009375
0 0.48828125 0.47734375 0.0046875 0.0046875
0 0.48203125 0.48046875 0.00625 0.009375
0 0.52421875 0.4765625 0.0046875 0.0046875
0 0.484375 0.48046875 0.0046875 0.0046875
0 0.4984375 0.48125 0.0046875 0.0046875
0 0.5171875 0.4796875 0.0046875 0.0046875
0 0.4703125 0.48359375 0.0046875 0.0046875
0 0.49375 0.484375 0.0046875 0.0046875
0 0.52890625 0.48125 0.00625 0.009375
0 0.484375 0.48515625 0.00625 0.009375
0 0.46640625 0.48671875 0.00625 0.009375
0 0.51015625 0.4828125 0.0109375 0.0109375
0 0.55625 0.48125 0.00625 0.009375
0 0.4734375 0.48828125 0.00625 0.009375
0 0.50078125 0.4859375 0.00625 0.009375
0 0.47109375 0.490625 0.00625 0.009375
0 0.51796875 0.48671875 0.00625 0.009375
0 0.53828125 0.48515625 0.00625 0.009375
0 0.5203125 0.48671875 0.00625 0.009375
0 0.478125 0.4921875 0.00625 0.009375
0 0.48984375 0.49140625 0.00625 0.009375
0 0.57109375 0.484375 0.00625 0.0140625
0 0.5828125 0.48359375 0.00625 0.009375
0 0.5640625 0.48515625 0.00625 0.009375
0 0.59765625 0.48203125 0.0109375 0.0109375
0 0.578125 0.4859375 0.0109375 0.0109375
0 0.4828125 0.49453125 0.00625 0.009375
0 0.45078125 0.496875 0.0109375 0.0109375
0 0.54765625 0.4890625 0.009375 0.00625
0 0.5546875 0.48828125 0.00625 0.009375
0 0.46953125 0.49765625 0.00625 0.0140625
0 0.50390625 0.49453125 0.0109375 0.0109375
0 0.53359375 0.4921875 0.0109375 0.0109375
0 0.52265625 0.49296875 0.00625 0.009375
0 0.5 0.49765625 0.0109375 0.0140625
0 0.5921875 0.48984375 0.0109375 0.0140625
0 0.4765625 0.5 0.00625 0.009375
0 0.528125 0.49765625 0.0109375 0.0109375
0 0.48125 0.5015625 0.00625 0.009375
0 0.5140625 0.4984375 0.00625 0.009375
0 0.59921875 0.49140625 0.0109375 0.0109375
0 0.51875 0.4984375 0.00625 0.009375
0 0.58125 0.4953125 0.0109375 0.0140625
0 0.54609375 0.4984375 0.0109375 0.0140625
0 0.490625 0.503125 0.0109375 0.0140625
0 0.50703125 0.50390625 0.00625 0.0140625
0 0.59453125 0.4984375 0.00625 0.009375
0 0.5328125 0.50390625 0.0109375 0.0140625
0 0.45234375 0.5109375 0.0109375 0.01875
0 0.52421875 0.50703125 0.0109375 0.0140625
0 0.5125 0.50859375 0.0109375 0.0140625
0 0.6484375 0.49609375 0.0109375 0.0140625
0 0.4640625 0.51484375 0.0109375 0.0140625
0 0.4703125 0.5140625 0.0109375 0.0140625
0 0.58203125 0.5046875 0.0109375 0.0109375
0 0.5609375 0.50625 0.00625 0.0140625
0 0.5515625 0.50703125 0.0109375 0.0140625
0 0.60703125 0.50234375 0.0109375 0.0109375
0 0.59140625 0.50390625 0.0109375 0.0140625
0 0.57734375 0.509375 0.0109375 0.0140625
0 0.47578125 0.51875 0.0109375 0.0140625
0 0.48515625 0.51796875 0.0109375 0.0140625
0 0.61484375 0.50859375 0.0109375 0.0140625
0 0.2640625 0.5390625 0.0171875 0.0296875
0 0.6328125 0.50703125 0.015625 0.0203125
0 0.53828125 0.515625 0.0109375 0.0140625
0 0.25546875 0.5453125 0.015625 0.0203125
0 0.51171875 0.525 0.0109375 0.0140625
0 0.50234375 0.52578125 0.015625 0.0203125
0 0.728125 0.50625 0.021875 0.0328125
0 0.3734375 0.53671875 0.0171875 0.0296875
0 0.60546875 0.51640625 0.0109375 0.01875
0 0.24140625 0.55078125 0.0203125 0.025
0 0.75859375 0.50546875 0.0171875 0.0328125
0 0.5953125 0.51953125 0.0109375 0.01875
0 0.42421875 0.5390625 0.0203125 0.0203125
0 0.6578125 0.51796875 0.0203125 0.015625
0 0.53984375 0.53125 0.015625 0.0203125
0 0.39921875 0.54296875 0.015625 0.0203125
0 0.56796875 0.53359375 0.0109375 0.0140625
0 0.4828125 0.54296875 0.015625 0.0203125
0 0.1 0.5765625 0.0359375 0.04375
0 0.78359375 0.51875 0.0203125 0.0203125
0 0.79375 0.51796875 0.021875 0.0296875
0 0.4921875 0.54453125 0.0203125 0.015625
0 0.62109375 0.53359375 0.015625 0.0203125
0 0.55703125 0.5390625 0.015625 0.0203125
0 0.578125 0.5375 0.0171875 0.0296875
0 0.1625 0.57578125 0.03125 0.04375
0 0.8640625 0.51640625 0.021875 0.0296875
0 0.93984375 0.51015625 0.0265625 0.0296875
0 0.5921875 0.540625 0.015625 0.0203125
0 0.63828125 0.53671875 0.015625 0.0203125
0 0.1328125 0.5828125 0.03125 0.0390625
0 0.659375 0.53671875 0.0171875 0.0296875
0 0.57109375 0.54453125 0.0109375 0.0140625
0 0.6078125 0.54140625 0.021875 0.0296875
0 0.50234375 0.55078125 0.015625 0.0203125
0 0.3015625 0.5703125 0.0265625 0.04375
0 0.44921875 0.5578125 0.0203125 0.0203125
0 0.74453125 0.53203125 0.021875 0.0328125
0 0.91015625 0.5171875 0.03125 0.034375
0 0.3734375 0.56640625 0.0265625 0.0296875
0 0.31328125 0.571875 0.0265625 0.034375
0 0.48828125 0.55703125 0.0203125 0.0203125
0 0.4125 0.565625 0.0203125 0.0203125
0 0.2328125 0.58359375 0.03125 0.034375
0 0.86015625 0.52890625 0.03125 0.03125
0 0.54453125 0.55859375 0.015625 0.025
0 0.55390625 0.5578125 0.021875 0.0296875
0 0.5265625 0.5625 0.021875 0.0296875
0 0.5703125 0.55859375 0.015625 0.0203125
0 0.8125 0.5375 0.0203125 0.0203125
0 0.7265625 0.54765625 0.0265625 0.0296875
0 0.2828125 0.58671875 0.0265625 0.0296875
0 0.5984375 0.55859375 0.021875 0.0296875
0 0.7890625 0.5421875 0.025 0.0203125
0 0.478125 0.571875 0.0171875 0.0296875
0 0.671875 0.5546875 0.0265625 0.04375
0 0.5890625 0.56171875 0.021875 0.0296875
0 0.35859375 0.584375 0.021875 0.0296875
0 0.9921875 0.52890625 0.015625 0.0328125
0 0.509375 0.57578125 0.0171875 0.0296875
0 0.20703125 0.60234375 0.0265625 0.0296875
0 0.621875 0.56875 0.021875 0.0328125
0 0.4328125 0.58515625 0.0265625 0.034375
0 0.5625 0.5734375 0.0203125 0.025
0 0.65234375 0.56796875 0.0265625 0.0390625
0 0.40859375 0.5921875 0.0203125 0.025
0 0.7171875 0.56484375 0.03125 0.03125
0 0.9734375 0.5421875 0.0265625 0.0296875
0 0.92265625 0.54921875 0.0328125 0.0484375
0 0.1203125 0.62421875 0.03125 0.034375
0 0.778125 0.56640625 0.03125 0.03125
0 0.178125 0.621875 0.0359375 0.0484375
0 0.3953125 0.60390625 0.025 0.0203125
0 0.26171875 0.615625 0.025 0.0203125
0 0.8359375 0.565625 0.0359375 0.053125
0 0.37421875 0.60859375 0.0265625 0.034375
0 0.33125 0.61171875 0.028125 0.0484375
0 0.7390625 0.5765625 0.0265625 0.034375
0 0.86328125 0.565625 0.0328125 0.0484375
0 0.88203125 0.56640625 0.03125 0.0390625
0 0.4765625 0.6015625 0.0203125 0.0203125
0 0.35390625 0.61484375 0.0265625 0.034375
0 0.94921875 0.5625 0.0359375 0.04375
0 0.5390625 0.5984375 0.03125 0.04375
0 0.71484375 0.58515625 0.03125 0.04375
0 0.45390625 0.61328125 0.0265625 0.034375
0 0.9734375 0.57265625 0.03125 0.04375
0 0.22421875 0.6375 0.040625 0.053125
0 0.56796875 0.61015625 0.021875 0.0328125
0 0.20546875 0.6421875 0.021875 0.0328125
0 0.19453125 0.6453125 0.028125 0.0484375
0 0.26640625 0.64140625 0.0265625 0.04375
0 0.40234375 0.63203125 0.0265625 0.04375
0 0.61875 0.6125 0.0328125 0.053125
0 0.99609375 0.58359375 0.0078125 0.0609375
0 0.7859375 0.603125 0.0328125 0.053125
0 0.68203125 0.6140625 0.046875 0.0640625
0 0.13125 0.671875 0.0359375 0.04375
0 0.7109375 0.62109375 0.021875 0.0375
0 0.03046875 0.6828125 0.0359375 0.053125
0 0.8171875 0.61640625 0.040625 0.053125
0 0.48671875 0.6453125 0.0515625 0.06875
0 0.103125 0.6859375 0.025 0.025
0 0.25625 0.6859375 0.05625 0.0640625
0 0.07890625 0.70390625 0.0375 0.0578125
0 0.46484375 0.6796875 0.0328125 0.0484375
0 0.65390625 0.66796875 0.0359375 0.04375
0 0.75078125 0.66171875 0.0375 0.0625
0 0.115625 0.73359375 0.0453125 0.059375
0 0.4484375 0.709375 0.05625 0.06875
0 0.5296875 0.70234375 0.040625 0.053125
0 0.0390625 0.75234375 0.04375 0.0765625
0 0.85078125 0.6859375 0.053125 0.0875
0 0.92890625 0.6828125 0.0578125 0.0921875
0 0.5703125 0.72109375 0.0359375 0.053125
0 0.26953125 0.75703125 0.05625 0.0734375
0 0.97109375 0.73359375 0.0421875 0.071875
0 0.73359375 0.828125 0.0796875 0.13125
0 0.909375 0.85 0.0984375 0.128125