0 0.04921875 0.45546875 0.028125 0.0328125
0 0.53125 0.47734375 0.0046875 0.009375
0 0.49140625 0.4765625 0.0046875 0.0046875
0 0.48359375 0.47890625 0.0046875 0.009375
0 0.52578125 0.4796875 0.0046875 0.0046875
0 0.4859375 0.47890625 0.0046875 0.0046875
0 0.5 0.48125 0.0046875 0.0046875
0 0.51875 0.48125 0.0046875 0.0046875
0 0.471875 0.48046875 0.0046875 0.0046875
0 0.4953125 0.48359375 0.0046875 0.0046875
0 0.53046875 0.484375 0.0046875 0.009375
0 0.4859375 0.48359375 0.0046875 0.009375
0 0.46796875 0.4828125 0.0046875 0.009375
0 0.51171875 0.48359375 0.009375 0.009375
0 0.5578125 0.48671875 0.0046875 0.009375
0 0.47421875 0.48515625 0.0046875 0.009375
0 0.50234375 0.4859375 0.0046875 0.009375
0 0.471875 0.4875 0.0046875 0.009375
0 0.51875 0.48828125 0.0046875 0.009375
0 0.5390625 0.4890625 0.0046875 0.009375
0 0.52109375 0.48828125 0.0046875 0.009375
0 0.47890625 0.490625 0.0046875 0.009375
0 0.490625 0.490625 0.0046875 0.009375
0 0.571875 0.4921875 0.0046875 0.0140625
0 0.58359375 0.4921875 0.0046875 0.009375
0 0.56484375 0.49140625 0.0046875 0.009375
0 0.59921875 0.4921875 0.009375 0.009375
0 0.57890625 0.49453125 0.009375 0.009375
0 0.48359375 0.49296875 0.0046875 0.009375
0 0.4515625 0.4921875 0.009375 0.009375
0 0.5484375 0.49375 0.009375 0.0046875
0 0.55546875 0.49375 0.0046875 0.009375
0 0.46953125 0.49453125 0.0046875 0.0140625
0 0.5046875 0.4953125 0.009375 0.009375
0 0.534375 0.49609375 0.009375 0.009375
0 0.5234375 0.49609375 0.0046875 0.009375
0 0.5 0.49765625 0.009375 0.0140625
0 0.59296875 0.49921875 0.009375 0.0140625
0 0.4765625 0.496875 0.0046875 0.009375
0 0.528125 0.50078125 0.009375 0.009375
0 0.48125 0.5 0.0046875 0.009375
0 0.5140625 0.5 0.0046875 0.009375
0 0.59921875 0.5015625 0.009375 0.009375
0 0.51875 0.5 0.0046875 0.009375
0 0.58125 0.50390625 0.009375 0.0140625
0 0.54609375 0.503125 0.009375 0.0140625
0 0.490625 0.50234375 0.009375 0.0140625
0 0.50703125 0.5046875 0.0046875 0.0140625
0 0.59453125 0.50859375 0.0046875 0.009375
0 0.53203125 0.5078125 0.009375 0.0140625
0 0.4515625 0.50625 0.009375 0.01875
0 0.5234375 0.51015625 0.009375 0.0140625
0 0.51171875 0.509375 0.009375 0.0140625
0 0.6484375 0.51171875 0.009375 0.0140625
0 0.46328125 0.5109375 0.009375 0.0140625
0 0.46953125 0.5109375 0.009375 0.0140625
0 0.58125 0.51328125 0.009375 0.009375
0 0.56015625 0.5125 0.0046875 0.0140625
0 0.55078125 0.5125 0.009375 0.0140625
0 0.60625 0.51328125 0.009375 0.009375
0 0.590625 0.51328125 0.009375 0.0140625
0 0.5765625 0.51796875 0.009375 0.0140625
0 0.47421875 0.515625 0.009375 0.0140625
0 0.48359375 0.51640625 0.009375 0.0140625
0 0.61328125 0.52109375 0.009375 0.0140625
0 0.26171875 0.51484375 0.0140625 0.028125
0 0.63203125 0.52109375 0.0140625 0.01875
0 0.53671875 0.51953125 0.009375 0.0140625
0 0.25234375 0.51875 0.0140625 0.01875
0 0.50859375 0.52578125 0.009375 0.0140625
0 0.49921875 0.52578125 0.0140625 0.01875
0 0.72578125 0.5296875 0.01875 0.0328125
0 0.36953125 0.5234375 0.0140625 0.028125
0 0.603125 0.52734375 0.009375 0.01875
0 0.2375 0.5234375 0.01875 0.0234375
0 0.75625 0.5328125 0.0140625 0.0328125
0 0.5921875 0.5296875 0.009375 0.01875
0 0.4203125 0.53046875 0.01875 0.01875
0 0.6546875 0.534375 0.01875 0.0140625
0 0.5359375 0.53515625 0.0140625 0.01875
0 0.3953125 0.5328125 0.0140625 0.01875
0 0.5640625 0.53984375 0.009375 0.0140625
0 0.478125 0.54140625 0.0140625 0.01875
0 0.09375 0.534375 0.0328125 0.0421875
0 0.7796875 0.5484375 0.01875 0.01875
0 0.790625 0.54921875 0.01875 0.028125
0 0.4875 0.54375 0.01875 0.0140625
0 0.6171875 0.54609375 0.0140625 0.01875
0 0.55234375 0.54453125 0.0140625 0.01875
0 0.5734375 0.5453125 0.0140625 0.028125
0 0.15625 0.53984375 0.028125 0.0421875
0 0.86015625 0.5546875 0.01875 0.028125
0 0.93671875 0.55625 0.0234375 0.028125
0 0.5875 0.55 0.0140625 0.01875
0 0.63359375 0.55078125 0.0140625 0.01875
0 0.1265625 0.54453125 0.028125 0.0375
0 0.6546875 0.553125 0.0140625 0.028125
0 0.56640625 0.5515625 0.009375 0.0140625
0 0.603125 0.55234375 0.01875 0.028125
0 0.496875 0.55078125 0.0140625 0.01875
0 0.2953125 0.54921875 0.0234375 0.0421875
0 0.44375 0.55234375 0.01875 0.01875
0 0.73984375 0.55703125 0.01875 0.0328125
0 0.90625 0.56015625 0.028125 0.0328125
0 0.3671875 0.553125 0.0234375 0.028125
0 0.30703125 0.55234375 0.0234375 0.0328125
0 0.4828125 0.55546875 0.01875 0.01875
0 0.40625 0.55625 0.01875 0.01875
0 0.22578125 0.55546875 0.028125 0.0328125
0 0.85546875 0.56640625 0.028125 0.028125
0 0.53828125 0.56328125 0.0140625 0.0234375
0 0.54765625 0.56328125 0.01875 0.028125
0 0.5203125 0.56484375 0.01875 0.028125
0 0.5640625 0.565625 0.0140625 0.01875
0 0.80625 0.5703125 0.01875 0.01875
0 0.7203125 0.57109375 0.0234375 0.028125
0 0.275 0.56328125 0.0234375 0.028125
0 0.59140625 0.56875 0.01875 0.028125
0 0.7828125 0.571875 0.0234375 0.01875
0 0.4703125 0.56875 0.0140625 0.028125
0 0.66484375 0.57265625 0.0234375 0.0421875
0 0.58203125 0.57109375 0.01875 0.028125
0 0.35 0.56953125 0.01875 0.028125
0 0.98671875 0.58046875 0.0140625 0.0328125
0 0.50078125 0.5765625 0.0140625 0.028125
0 0.19765625 0.57109375 0.0234375 0.028125
0 0.6140625 0.58125 0.01875 0.0328125
0 0.42421875 0.57734375 0.0234375 0.0328125
0 0.55390625 0.5796875 0.01875 0.0234375
0 0.64453125 0.58359375 0.0234375 0.0375
0 0.39921875 0.58203125 0.01875 0.0234375
0 0.709375 0.5875 0.028125 0.028125
0 0.96640625 0.59140625 0.0234375 0.028125
0 0.91484375 0.59296875 0.0296875 0.046875
0 0.109375 0.58359375 0.028125 0.0328125
0 0.76953125 0.5953125 0.028125 0.028125
0 0.1671875 0.5875 0.0328125 0.046875
0 0.38515625 0.5921875 0.0234375 0.01875
0 0.25078125 0.58984375 0.0234375 0.01875
0 0.82734375 0.6 0.0328125 0.0515625
0 0.3640625 0.59453125 0.0234375 0.0328125
0 0.3203125 0.59375 0.025 0.046875
0 0.7296875 0.60078125 0.0234375 0.0328125
0 0.8546875 0.603125 0.0296875 0.046875
0 0.8734375 0.60546875 0.028125 0.0375
0 0.46640625 0.5984375 0.01875 0.01875
0 0.34296875 0.59921875 0.0234375 0.0328125
0 0.940625 0.609375 0.0328125 0.0421875
0 0.52890625 0.60234375 0.028125 0.0421875
0 0.7046875 0.6078125 0.028125 0.0421875
0 0.44296875 0.6078125 0.0234375 0.0328125
0 0.96328125 0.62109375 0.028125 0.0421875
0 0.21171875 0.60859375 0.0375 0.0515625
0 0.55546875 0.61640625 0.01875 0.0328125
0 0.1921875 0.61015625 0.01875 0.0328125
0 0.18046875 0.6125 0.025 0.046875
0 0.25234375 0.615625 0.0234375 0.0421875
0 0.3890625 0.62109375 0.0234375 0.0421875
0 0.60625 0.62421875 0.0296875 0.0515625
0 0.990625 0.6359375 0.015625 0.0609375
0 0.7734375 0.63203125 0.0296875 0.0515625
0 0.66875 0.6328125 0.0421875 0.0609375
0 0.115625 0.63203125 0.0328125 0.0421875
0 0.696875 0.6421875 0.01875 0.0375
0 0.01484375 0.63203125 0.0296875 0.0515625
0 0.803125 0.64921875 0.0375 0.0515625
0 0.471875 0.64296875 0.046875 0.065625
0 0.0859375 0.64375 0.0234375 0.0234375
0 0.2375 0.659375 0.0515625 0.0609375
0 0.059375 0.65859375 0.0328125 0.05625
0 0.44609375 0.675 0.0296875 0.046875
0 0.6359375 0.6828125 0.0328125 0.0421875
0 0.7328125 0.68671875 0.0328125 0.0609375
0 0.09375 0.6921875 0.0421875 0.05625
0 0.4265625 0.70234375 0.0515625 0.065625
0 0.5078125 0.70390625 0.0375 0.0515625
0 0.01640625 0.7015625 0.0328125 0.075
0 0.8296875 0.72109375 0.046875 0.084375
0 0.9078125 0.7265625 0.0515625 0.0890625
0 0.546875 0.72734375 0.0328125 0.0515625
0 0.24375 0.73125 0.0515625 0.0703125
0 0.94453125 0.78125 0.0375 0.0703125
0 0.69765625 0.85 0.071875 0.1265625
0 0.8703125 0.890625 0.090625 0.121875