0 0.87578125 0.096875 0.0203125 0.015625
0 0.9828125 0.10703125 0.025 0.015625
0 0.0671875 0.69609375 0.134375 0.1015625
0 0.70703125 0.0875 0.0140625 0.0109375
0 0.940625 0.10390625 0.0203125 0.015625
0 0.6828125 0.0859375 0.0140625 0.0109375
0 0.71640625 0.090625 0.01875 0.0109375
0 0.9015625 0.10390625 0.0203125 0.015625
0 0.8 0.096875 0.0140625 0.0109375
0 0.7046875 0.09453125 0.0234375 0.0109375
0 0.675 0.0921875 0.0140625 0.0109375
0 0.7578125 0.0984375 0.01875 0.0109375
0 0.81953125 0.10234375 0.0203125 0.015625
0 0.73515625 0.09921875 0.009375 0.009375
0 0.68359375 0.09765625 0.0140625 0.0109375
0 0.8546875 0.109375 0.0203125 0.015625
0 0.71796875 0.10234375 0.0140625 0.0109375
0 0.27734375 0.8578125 0.2890625 0.1390625
0 0.64375 0.1 0.009375 0.009375
0 0.66015625 0.10078125 0.0140625 0.0109375
0 0.8359375 0.11328125 0.025 0.015625
0 0.909375 0.11796875 0.0203125 0.0203125
0 0.7296875 0.1078125 0.01875 0.0109375
0 0.67890625 0.1046875 0.01875 0.0109375
0 0.96953125 0.125 0.0328125 0.025
0 0.7890625 0.1140625 0.0296875 0.0203125
0 0.65078125 0.10390625 0.0140625 0.00625
0 0.92109375 0.12265625 0.015625 0.015625
0 0.934375 0.1265625 0.0203125 0.015625
0 0.88359375 0.12265625 0.0296875 0.015625
0 0.66015625 0.10703125 0.009375 0.009375
0 0.7703125 0.1171875 0.0203125 0.015625
0 0.6203125 0.10703125 0.01875 0.0109375
0 0.740625 0.1171875 0.0203125 0.015625
0 0.64765625 0.11328125 0.0140625 0.0109375
0 0.58984375 0.109375 0.0203125 0.015625
0 0.85078125 0.13203125 0.0296875 0.0203125
0 0.81796875 0.1296875 0.0296875 0.025
0 0.56640625 0.11484375 0.0203125 0.015625
0 0.60546875 0.1171875 0.0140625 0.0109375
0 0.628125 0.11875 0.0203125 0.015625
0 0.66796875 0.121875 0.01875 0.0109375
0 0.99375 0.1453125 0.0125 0.03125
0 0.5109375 0.11328125 0.0140625 0.00625
0 0.540625 0.1171875 0.01875 0.0109375
0 0.7921875 0.13515625 0.0296875 0.0203125
0 0.88203125 0.14375 0.0328125 0.0203125
0 0.5890625 0.1234375 0.01875 0.0109375
0 0.7296875 0.13515625 0.0203125 0.025
0 0.55859375 0.1234375 0.01875 0.0109375
0 0.60546875 0.1265625 0.0203125 0.015625
0 0.7109375 0.13671875 0.0296875 0.0203125
0 0.53984375 0.1265625 0.01875 0.00625
0 0.74140625 0.140625 0.0203125 0.0203125
0 0.45234375 0.12109375 0.01875 0.0109375
0 0.4875 0.1234375 0.0203125 0.0203125
0 0.47734375 0.125 0.009375 0.009375
0 0.62734375 0.13515625 0.0234375 0.0109375
0 0.50234375 0.12890625 0.0203125 0.0203125
0 0.52109375 0.13046875 0.025 0.0203125
0 0.67578125 0.14375 0.0375 0.0265625
0 0.8953125 0.15859375 0.0375 0.0265625
0 0.64296875 0.14140625 0.0296875 0.0203125
0 0.46328125 0.12890625 0.01875 0.0109375
0 0.5421875 0.13671875 0.0203125 0.015625
0 0.5625 0.1375 0.015625 0.015625
0 0.7609375 0.1515625 0.0203125 0.0203125
0 0.78671875 0.15390625 0.0296875 0.0203125
0 0.82578125 0.15625 0.0375 0.021875
0 0.41015625 0.1296875 0.0140625 0.00625
0 0.43515625 0.13125 0.009375 0.009375
0 0.6109375 0.14375 0.0296875 0.0203125
0 0.44609375 0.134375 0.0140625 0.00625
0 0.4125 0.13203125 0.0140625 0.00625
0 0.3859375 0.1328125 0.0140625 0.0109375
0 0.471875 0.13828125 0.0140625 0.0109375
0 0.5875 0.146875 0.01875 0.0109375
0 0.94765625 0.171875 0.0625 0.0453125
0 0.3609375 0.1328125 0.0203125 0.015625
0 0.37890625 0.134375 0.0140625 0.0109375
0 0.57109375 0.14765625 0.0203125 0.015625
0 0.3515625 0.1328125 0.0140625 0.00625
0 0.54140625 0.1484375 0.028125 0.0109375
0 0.40703125 0.1390625 0.009375 0.0046875
0 0.328125 0.1359375 0.0140625 0.00625
0 0.41875 0.1421875 0.01875 0.0109375
0 0.4625 0.1453125 0.025 0.0203125
0 0.4453125 0.14609375 0.025 0.015625
0 0.33984375 0.1390625 0.0140625 0.0109375
0 0.29140625 0.1375 0.009375 0.0046875
0 0.3234375 0.13984375 0.009375 0.0046875
0 0.646875 0.1625 0.0328125 0.025
0 0.59140625 0.1609375 0.0296875 0.0203125
0 0.39453125 0.146875 0.0203125 0.015625
0 0.34375 0.1453125 0.0140625 0.0109375
0 0.41328125 0.15 0.0203125 0.015625
0 0.53828125 0.15859375 0.025 0.0203125
0 0.3875 0.1484375 0.01875 0.00625
0 0.5125 0.15703125 0.0328125 0.0203125
0 0.79453125 0.17890625 0.0390625 0.03125
0 0.30625 0.1453125 0.0140625 0.0109375
0 0.3828125 0.15 0.0203125 0.015625
0 0.62734375 0.1671875 0.0296875 0.025
0 0.83046875 0.18203125 0.04375 0.03125
0 0.2953125 0.14453125 0.009375 0.009375
0 0.3203125 0.14609375 0.0140625 0.00625
0 0.271875 0.1453125 0.0046875 0.009375
0 0.91171875 0.18984375 0.0328125 0.0203125
0 0.25078125 0.14609375 0.0140625 0.00625
0 0.26484375 0.146875 0.0140625 0.0109375
0 0.3703125 0.15390625 0.0203125 0.015625
0 0.475 0.16171875 0.0296875 0.0203125
0 0.75390625 0.18125 0.0375 0.0265625
0 0.3265625 0.153125 0.0140625 0.0109375
0 0.36171875 0.15625 0.0203125 0.015625
0 0.42890625 0.1609375 0.0296875 0.0203125
0 0.55703125 0.171875 0.0296875 0.025
0 0.21875 0.1484375 0.0234375 0.0109375
0 0.384375 0.1625 0.015625 0.015625
0 0.44921875 0.16640625 0.0296875 0.0203125
0 0.2453125 0.1546875 0.0140625 0.0109375
0 0.23671875 0.15390625 0.0140625 0.0109375
0 0.34296875 0.16171875 0.025 0.0203125
0 0.296875 0.1609375 0.025 0.0203125
0 0.31953125 0.1625 0.025 0.0203125
0 0.18984375 0.153125 0.01875 0.0109375
0 0.71171875 0.1921875 0.0484375 0.03125
0 0.26875 0.1609375 0.01875 0.0109375
0 0.5921875 0.18359375 0.04375 0.03125
0 0.20390625 0.15859375 0.01875 0.0109375
0 0.33046875 0.16796875 0.015625 0.015625
0 0.67734375 0.1921875 0.0328125 0.015625
0 0.25390625 0.1625 0.025 0.015625
0 0.159375 0.15859375 0.0140625 0.00625
0 0.40703125 0.17578125 0.0328125 0.0203125
0 0.540625 0.18515625 0.0203125 0.015625
0 0.16640625 0.16328125 0.01875 0.0109375
0 0.46640625 0.18671875 0.0375 0.021875
0 0.19140625 0.1671875 0.009375 0.0046875
0 0.8984375 0.2171875 0.0578125 0.040625
0 0.30859375 0.17578125 0.025 0.015625
0 0.14765625 0.16640625 0.0203125 0.015625
0 0.209375 0.17109375 0.025 0.015625
0 0.32734375 0.18203125 0.01875 0.0109375
0 0.23984375 0.178125 0.0296875 0.0203125
0 0.128125 0.1703125 0.025 0.015625
0 0.18359375 0.17421875 0.0296875 0.015625
0 0.26953125 0.1796875 0.0296875 0.0203125
0 0.54453125 0.19921875 0.0421875 0.021875
0 0.09609375 0.16796875 0.0140625 0.0109375
0 0.44453125 0.1921875 0.0328125 0.0203125
0 0.6734375 0.2109375 0.0484375 0.03125
0 0.35 0.18828125 0.034375 0.0296875
0 0.72890625 0.21953125 0.04375 0.03125
0 0.0796875 0.17578125 0.0140625 0.0109375
0 0.0703125 0.17578125 0.015625 0.015625
0 0.77421875 0.225 0.0578125 0.040625
0 0.12265625 0.18125 0.0140625 0.00625
0 0.30546875 0.19453125 0.0296875 0.0203125
0 0.10703125 0.1828125 0.015625 0.015625
0 0.0375 0.178125 0.01875 0.00625
0 0.134375 0.18671875 0.0234375 0.0109375
0 0.05546875 0.18125 0.01875 0.0109375
0 0.33046875 0.20078125 0.0328125 0.025
0 0.2703125 0.19921875 0.0328125 0.0203125
0 0.17109375 0.19609375 0.0375 0.0265625
0 0.48046875 0.2171875 0.053125 0.040625
0 0.03984375 0.18671875 0.0203125 0.015625
0 0.54296875 0.22421875 0.04375 0.03125
0 0.6234375 0.2296875 0.04375 0.03125
0 0.23125 0.2046875 0.034375 0.0296875
0 0.38046875 0.21484375 0.04375 0.03125
0 0.06875 0.19375 0.025 0.0203125
0 0.2078125 0.203125 0.0328125 0.025
0 0.67421875 0.2359375 0.0671875 0.040625
0 0.446875 0.22421875 0.053125 0.0453125
0 0.14921875 0.20390625 0.0328125 0.0203125
0 0.415625 0.22265625 0.04375 0.03125
0 0.09453125 0.2 0.0328125 0.0203125
0 0.03203125 0.1953125 0.025 0.015625
0 0.11640625 0.20390625 0.0140625 0.0109375
0 0.94296875 0.26875 0.078125 0.05625
0 0.8203125 0.2625 0.0578125 0.0359375
0 0.296875 0.228125 0.034375 0.034375
0 0.2640625 0.22578125 0.0390625 0.03125
0 0.0671875 0.21171875 0.015625 0.015625
0 0.08359375 0.215625 0.025 0.015625
0 0.1 0.21875 0.025 0.025
0 0.12265625 0.22265625 0.0328125 0.015625
0 0.21953125 0.23203125 0.0484375 0.03125
0 0.53828125 0.259375 0.0625 0.0359375
0 0.0296875 0.2234375 0.021875 0.0375
0 0.63203125 0.265625 0.0390625 0.0390625
0 0.0828125 0.23203125 0.0296875 0.015625
0 0.128125 0.23515625 0.0296875 0.025
0 0.33828125 0.2546875 0.0484375 0.0484375
0 0.3796875 0.2578125 0.0484375 0.03125
0 0.25859375 0.26484375 0.0390625 0.034375
0 0.20078125 0.26328125 0.0484375 0.0359375
0 0.11953125 0.259375 0.0421875 0.0265625
0 0.865625 0.3140625 0.0828125 0.05625
0 0.0296875 0.2578125 0.0296875 0.0296875
0 0.06875 0.26328125 0.053125 0.040625
0 0.6671875 0.30703125 0.053125 0.0453125
0 0.49765625 0.29765625 0.034375 0.0390625
0 0.85625 0.05390625 0.009375 0.0046875
0 0.5328125 0.3046875 0.0671875 0.05
0 0.403125 0.29609375 0.04375 0.0390625
0 0.78828125 0.3296875 0.0578125 0.05
0 0.4390625 0.3078125 0.053125 0.040625
0 0.9234375 0.06015625 0.009375 0.009375
0 0.6375 0.32890625 0.0578125 0.0453125
0 0.94140625 0.06171875 0.0140625 0.0109375
0 0.18203125 0.3015625 0.0390625 0.034375
0 0.7265625 0.35390625 0.078125 0.05625
0 0.37734375 0.3296875 0.0578125 0.040625
0 0.25 0.325 0.053125 0.040625
0 0.03515625 0.31171875 0.04375 0.04375
0 0.071875 0.31640625 0.04375 0.03125
0 0.4015625 0.34921875 0.0671875 0.0453125
0 0.90625 0.0640625 0.009375 0.009375
0 0.85546875 0.38515625 0.0828125 0.0609375
0 0.31328125 0.35234375 0.0625 0.05
0 0.0296875 0.35625 0.04375 0.0390625
0 0.50703125 0.40078125 0.0828125 0.0609375
0 0.18515625 0.3921875 0.0875 0.0609375
0 0.69296875 0.42734375 0.0875 0.0703125
0 0.09765625 0.3859375 0.0828125 0.05625
0 0.87578125 0.06640625 0.0140625 0.0109375
0 0.38828125 0.4109375 0.0875 0.05625
0 0.8703125 0.44921875 0.0859375 0.046875
0 0.03125 0.4 0.0546875 0.0640625
0 0.85546875 0.0671875 0.009375 0.009375
0 0.92421875 0.075 0.009375 0.009375
0 0.321875 0.45703125 0.078125 0.0609375
0 0.84765625 0.071875 0.009375 0.0046875
0 0.83359375 0.0703125 0.009375 0.009375
0 0.9375 0.51875 0.115625 0.0859375
0 0.47265625 0.48671875 0.0921875 0.0703125
0 0.0546875 0.46640625 0.078125 0.065625
0 0.88671875 0.07890625 0.0140625 0.0109375
0 0.91015625 0.08046875 0.0140625 0.0109375
0 0.17578125 0.52109375 0.1203125 0.0734375
0 0.33203125 0.54609375 0.10625 0.08125
0 0.92578125 0.084375 0.0140625 0.0109375
0 0.85390625 0.08125 0.0140625 0.00625
0 0.771875 0.5984375 0.140625 0.096875
0 0.796875 0.07734375 0.009375 0.009375
0 0.87421875 0.0828125 0.0140625 0.0109375
0 0.78203125 0.08125 0.01875 0.0109375
0 0.81875 0.08359375 0.01875 0.0109375
0 0.52890625 0.65078125 0.1359375 0.096875
0 0.75859375 0.08671875 0.01875 0.0109375
0 0.85078125 0.09296875 0.0140625 0.0109375
0 0.72890625 0.084375 0.0140625 0.0109375
0 0.66875 0.0828125 0.009375 0.0046875