0 0.75625 0.64375 0.1078125 0.146875
0 0.615625 0.64453125 0.1296875 0.1765625
0 0.5984375 0.21796875 0.0796875 0.10625
0 0.13671875 0.1609375 0.1125 0.146875
0 0.384375 0.21171875 0.11875 0.1578125
0 0.62421875 0.2640625 0.06875 0.1
0 0.49140625 0.2453125 0.11875 0.1625
0 0.71015625 0.28046875 0.090625 0.1171875
0 0.925 0.31640625 0.0859375 0.0890625
0 0.26640625 0.2421875 0.096875 0.1359375
0 0.959375 0.3625 0.08125 0.134375
0 0.56015625 0.3125 0.096875 0.1359375
0 0.89375 0.3984375 0.065625 0.103125
0 0.74140625 0.42578125 0.090625 0.1171875
0 0.23046875 0.36796875 0.0953125 0.1484375
0 0.978125 0.52265625 0.04375 0.1734375
0 0.315625 0.41953125 0.115625 0.14375
0 0.68828125 0.525 0.090625 0.1171875
0 0.56953125 0.5203125 0.1109375 0.1109375