0 0.278125 0.29609375 0.046875 0.096875
0 0.39609375 0.31015625 0.01875 0.03125
0 0.4234375 0.3125 0.028125 0.065625
0 0.1828125 0.31484375 0.059375 0.1015625
0 0.3171875 0.3265625 0.03125 0.05
0 0.35390625 0.33125 0.0234375 0.05625
0 0.49765625 0.33828125 0.0234375 0.05625
0 0.37734375 0.34296875 0.0234375 0.06875
0 0.571875 0.34296875 0.0140625 0.0234375
0 0.65703125 0.34453125 0.009375 0.0140625
0 0.6203125 0.346875 0.0234375 0.03125
0 0.7265625 0.34921875 0.009375 0.0140625
0 0.51171875 0.34921875 0.028125 0.059375
0 0.6828125 0.34921875 0.009375 0.0140625
0 0.4515625 0.3515625 0.03125 0.05
0 0.53046875 0.35390625 0.01875 0.028125
0 0.7546875 0.35390625 0.0140625 0.01875
0 0.5578125 0.35859375 0.0140625 0.0234375
0 0.64140625 0.3609375 0.0140625 0.03125
0 0.33359375 0.36328125 0.028125 0.05
0 0.54609375 0.36328125 0.0140625 0.0140625
0 0.59921875 0.365625 0.028125 0.0375
0 0.6921875 0.36796875 0.0140625 0.0234375
0 0.46953125 0.3703125 0.028125 0.05
0 0.7265625 0.375 0.0234375 0.0234375
0 0.70625 0.3796875 0.0140625 0.0140625