0 0.675 0.34765625 0.021875 0.0265625
0 0.303125 0.284375 0.03125 0.0546875
0 0.42578125 0.3109375 0.0296875 0.040625
0 0.08984375 0.25390625 0.0296875 0.0453125
0 0.8234375 0.3859375 0.01875 0.034375
0 0.3640625 0.3140625 0.0296875 0.040625
0 0.60234375 0.36015625 0.0359375 0.0546875
0 0.69765625 0.37734375 0.0265625 0.053125
0 0.8453125 0.41015625 0.0453125 0.0609375
0 0.80234375 0.40234375 0.0421875 0.0375
0 0.51328125 0.35625 0.0359375 0.0546875
0 0.7515625 0.403125 0.0359375 0.05
0 0.72421875 0.41484375 0.0296875 0.0453125
0 0.4125 0.36953125 0.040625 0.05625
0 0.79453125 0.44375 0.0453125 0.05625
0 0.04296875 0.32109375 0.0359375 0.0546875
0 0.59375 0.421875 0.0546875 0.084375
0 0.96015625 0.49140625 0.0390625 0.0734375
0 0.734375 0.4609375 0.046875 0.065625
0 0.521875 0.43046875 0.0484375 0.053125
0 0.23359375 0.38515625 0.0484375 0.0796875
0 0.834375 0.4953125 0.053125 0.075
0 0.67890625 0.47265625 0.046875 0.065625
0 0.92890625 0.521875 0.05 0.0890625
0 0.41328125 0.44765625 0.0578125 0.0765625
0 0.509375 0.4875 0.059375 0.0859375
0 0.0859375 0.4484375 0.0484375 0.053125
0 0.97421875 0.61015625 0.0453125 0.13125
0 0.85546875 0.59140625 0.0578125 0.08125
0 0.27734375 0.5078125 0.053125 0.0796875
0 0.67421875 0.5796875 0.0484375 0.0796875
0 0.45 0.5453125 0.0390625 0.06875
0 0.7796875 0.603125 0.0609375 0.1
0 0.60625 0.575 0.0609375 0.0953125
0 0.12421875 0.51171875 0.0421875 0.06875
0 0.1625 0.5203125 0.0609375 0.1203125
0 0.47109375 0.5953125 0.065625 0.0953125
0 0.57109375 0.61796875 0.04375 0.046875
0 0.01875 0.5546875 0.0375 0.084375
0 0.075 0.57578125 0.071875 0.0796875
0 0.378125 0.6453125 0.084375 0.1296875
0 0.15234375 0.63125 0.0546875 0.0578125
0 0.525 0.7609375 0.084375 0.1296875
0 0.2390625 0.71484375 0.071875 0.1359375
0 0.70625 0.81171875 0.084375 0.1515625
0 0.0390625 0.8203125 0.078125 0.165625
0 0.83515625 0.94921875 0.1078125 0.1015625
0 0.3671875 0.16171875 0.0140625 0.0296875
0 0.38671875 0.171875 0.0234375 0.03125
0 0.52578125 0.20625 0.01875 0.0296875
0 0.45 0.19765625 0.01875 0.0296875
0 0.74375 0.24921875 0.021875 0.021875
0 0.725 0.25078125 0.025 0.0390625
0 0.57890625 0.22890625 0.01875 0.0296875
0 0.4796875 0.21640625 0.01875 0.034375
0 0.540625 0.22734375 0.01875 0.0296875
0 0.4953125 0.221875 0.0171875 0.025
0 0.40546875 0.2078125 0.01875 0.0296875
0 0.35703125 0.20234375 0.0140625 0.0296875
0 0.69765625 0.26171875 0.01875 0.0296875
0 0.3453125 0.20234375 0.0140625 0.025
0 0.68359375 0.26171875 0.01875 0.034375
0 0.5265625 0.24140625 0.0171875 0.025
0 0.45234375 0.23515625 0.0171875 0.0203125
0 0.12890625 0.1953125 0.03125 0.05
0 0.5109375 0.26484375 0.01875 0.034375
0 0.6890625 0.29609375 0.021875 0.021875
0 0.58046875 0.28203125 0.01875 0.034375
0 0.62421875 0.28984375 0.01875 0.0296875
0 0.82109375 0.32890625 0.034375 0.040625
0 0.86953125 0.3375 0.0375 0.059375
0 0.35390625 0.24921875 0.0140625 0.025
0 0.40390625 0.2578125 0.0234375 0.034375
0 0.63828125 0.3015625 0.0171875 0.025
0 0.53125 0.2828125 0.01875 0.034375
0 0.565625 0.28984375 0.01875 0.034375
0 0.5515625 0.28984375 0.0140625 0.0328125
0 0.59609375 0.30078125 0.025 0.04375
0 0.67578125 0.3171875 0.0171875 0.025
0 0.4265625 0.27734375 0.021875 0.0265625
0 0.48125 0.2875 0.0234375 0.03125
0 0.734375 0.33203125 0.034375 0.040625
0 0.78359375 0.34296875 0.0328125 0.0359375
0 0.6390625 0.321875 0.0171875 0.025