0 0.44609375 0.175 0.028125 0.0359375
0 0.36640625 0.17421875 0.0265625 0.021875
0 0.06953125 0.12734375 0.0359375 0.0328125
0 0.503125 0.1984375 0.028125 0.0359375
0 0.571875 0.21171875 0.028125 0.03125
0 0.68828125 0.2296875 0.01875 0.0296875
0 0.834375 0.253125 0.0234375 0.03125
0 0.70546875 0.23515625 0.0328125 0.040625
0 0.19140625 0.15625 0.021875 0.021875
0 0.60703125 0.221875 0.021875 0.0265625
0 0.990625 0.28359375 0.01875 0.0328125
0 0.87734375 0.26484375 0.0171875 0.0203125
0 0.89296875 0.2671875 0.0328125 0.0359375
0 0.7421875 0.24296875 0.028125 0.0359375
0 0.62578125 0.22734375 0.021875 0.021875
0 0.91328125 0.27265625 0.0234375 0.034375
0 0.45546875 0.2 0.028125 0.040625
0 0.2890625 0.17421875 0.0328125 0.0359375
0 0.5453125 0.21484375 0.0296875 0.0453125
0 0.49453125 0.20859375 0.0328125 0.040625
0 0.97890625 0.28828125 0.021875 0.021875
0 0.309375 0.18203125 0.028125 0.040625
0 0.8125 0.26171875 0.0328125 0.040625
0 0.9453125 0.2828125 0.0234375 0.03125
0 0.7890625 0.2578125 0.021875 0.021875
0 0.26328125 0.17734375 0.0328125 0.0328125
0 0.23046875 0.171875 0.028125 0.0359375
0 0.41796875 0.2015625 0.0296875 0.0453125
0 0.34921875 0.1921875 0.0171875 0.0203125
0 0.83828125 0.26953125 0.0234375 0.03125
0 0.66484375 0.2421875 0.025 0.04375
0 0.325 0.18828125 0.0171875 0.0203125
0 0.64453125 0.2390625 0.025 0.0390625
0 0.4359375 0.20859375 0.034375 0.05
0 0.36484375 0.19921875 0.028125 0.040625
0 0.85859375 0.27734375 0.0234375 0.03125
0 0.7625 0.2625 0.021875 0.0265625
0 0.125 0.16171875 0.03125 0.028125
0 0.47421875 0.21640625 0.028125 0.0359375
0 0.18828125 0.17421875 0.01875 0.0296875
0 0.57421875 0.2375 0.0265625 0.0265625
0 0.971875 0.3 0.0234375 0.034375
0 0.9859375 0.3046875 0.028125 0.040625
0 0.93125 0.29609375 0.034375 0.0453125
0 0.21484375 0.1828125 0.0265625 0.0265625
0 0.3953125 0.21171875 0.028125 0.0359375
0 0.85078125 0.28359375 0.021875 0.021875
0 0.059375 0.1625 0.0296875 0.0484375
0 0.16171875 0.17890625 0.0265625 0.0265625
0 0.3375 0.20703125 0.028125 0.0359375
0 0.95703125 0.3046875 0.0328125 0.0359375
0 0.2046875 0.1859375 0.0234375 0.034375
0 0.5296875 0.23984375 0.0328125 0.0359375
0 0.78125 0.2796875 0.021875 0.0265625
0 0.6 0.25078125 0.0328125 0.040625
0 0.68515625 0.26640625 0.0328125 0.040625
0 0.875 0.296875 0.034375 0.0453125
0 0.23671875 0.1953125 0.0328125 0.040625
0 0.62734375 0.26015625 0.0359375 0.0546875
0 0.378125 0.22265625 0.028125 0.03125
0 0.11953125 0.18203125 0.028125 0.040625
0 0.2609375 0.20703125 0.028125 0.040625
0 0.72890625 0.28046875 0.0296875 0.0484375
0 0.16640625 0.19140625 0.028125 0.0359375
0 0.140625 0.18984375 0.0234375 0.034375
0 0.57734375 0.26171875 0.0234375 0.034375
0 0.54765625 0.259375 0.034375 0.0453125
0 0.1765625 0.203125 0.0328125 0.040625
0 0.759375 0.2953125 0.025 0.04375
0 0.85 0.31640625 0.0375 0.040625
0 0.3390625 0.27265625 0.0453125 0.0609375
0 0.63828125 0.32265625 0.0328125 0.0359375
0 0.67265625 0.328125 0.0390625 0.05
0 0.578125 0.315625 0.0390625 0.05
0 0.74609375 0.3421875 0.028125 0.0359375
0 0.38515625 0.30625 0.0453125 0.0609375
0 0.95625 0.4015625 0.034375 0.0453125
0 0.9046875 0.40078125 0.0453125 0.0375
0 0.534375 0.34140625 0.028125 0.040625
0 0.62109375 0.35546875 0.04375 0.0515625
0 0.9828125 0.4265625 0.034375 0.05
0 0.7515625 0.3921875 0.034375 0.0453125
0 0.821875 0.403125 0.0390625 0.0546875
0 0.65078125 0.37578125 0.0359375 0.0546875
0 0.10859375 0.2921875 0.0390625 0.0546875
0 0.68203125 0.38359375 0.0421875 0.046875
0 0.4125 0.34296875 0.021875 0.0265625
0 0.4578125 0.35 0.0390625 0.0546875
0 0.54765625 0.3640625 0.0359375 0.0546875
0 0.0484375 0.28984375 0.04375 0.05625
0 0.42890625 0.353125 0.028125 0.0359375
0 0.50703125 0.3671875 0.028125 0.040625
0 0.296875 0.334375 0.04375 0.05625
0 0.48203125 0.365625 0.034375 0.05
0 0.3375 0.34296875 0.0484375 0.0515625
0 0.90703125 0.4328125 0.0421875 0.046875
0 0.26796875 0.33671875 0.0234375 0.034375
0 0.86171875 0.4328125 0.034375 0.05
0 0.41796875 0.36796875 0.0375 0.0453125
0 0.828125 0.08515625 0.028125 0.040625
0 0.3921875 0.3828125 0.0484375 0.0515625
0 0.43515625 0.3890625 0.028125 0.03125
0 0.13828125 0.3421875 0.03125 0.028125
0 0.23984375 0.36328125 0.0328125 0.040625
0 0.9625 0.48125 0.034375 0.0453125
0 0.7515625 0.45078125 0.028125 0.0359375
0 0.56640625 0.42109375 0.0328125 0.0359375
0 0.1265625 0.35390625 0.0171875 0.025
0 0.8359375 0.46875 0.0375 0.040625
0 0.9421875 0.10546875 0.0328125 0.040625
0 0.8875 0.47890625 0.0328125 0.040625
0 0.090625 0.3625 0.0359375 0.0359375
0 0.615625 0.45 0.034375 0.0453125
0 0.49375 0.43359375 0.0328125 0.040625
0 0.68359375 0.465625 0.034375 0.05
0 0.1390625 0.3796875 0.034375 0.0453125
0 0.27421875 0.40078125 0.04375 0.05625
0 0.7515625 0.47890625 0.0359375 0.0359375
0 0.903125 0.503125 0.028125 0.03125
0 0.97890625 0.52421875 0.0328125 0.0359375
0 0.7546875 0.49140625 0.0359375 0.0546875
0 0.1734375 0.39921875 0.028125 0.03125
0 0.47109375 0.4484375 0.0328125 0.040625
0 0.5046875 0.45625 0.04375 0.0515625
0 0.5671875 0.47578125 0.0421875 0.046875
0 0.05703125 0.39765625 0.0296875 0.0453125
0 0.0796875 0.40078125 0.034375 0.05
0 0.65859375 0.49296875 0.0390625 0.05
0 0.86328125 0.5265625 0.028125 0.040625
0 0.88359375 0.534375 0.025 0.04375
0 0.709375 0.51171875 0.0390625 0.05
0 0.178125 0.42734375 0.0375 0.040625
0 0.96015625 0.55625 0.04375 0.0515625
0 0.825 0.53515625 0.0375 0.0453125
0 0.021875 0.41015625 0.034375 0.05
0 0.11328125 0.4265625 0.034375 0.05
0 0.6015625 0.50859375 0.034375 0.0453125
0 0.990625 0.1234375 0.01875 0.034375
0 0.88984375 0.5828125 0.0390625 0.0546875
0 0.46640625 0.51875 0.0546875 0.0671875
0 0.5546875 0.53984375 0.04375 0.05625
0 0.6953125 0.56796875 0.0421875 0.046875
0 0.08046875 0.4734375 0.0375 0.040625
0 0.784375 0.584375 0.046875 0.046875
0 0.96171875 0.6171875 0.0390625 0.0546875
0 0.5890625 0.55859375 0.0375 0.0453125
0 0.853125 0.60703125 0.0375 0.0453125
0 0.7609375 0.6 0.0390625 0.0546875
0 0.1515625 0.5078125 0.046875 0.046875
0 0.79296875 0.09609375 0.0328125 0.0359375
0 0.62109375 0.5921875 0.0421875 0.046875
0 0.01015625 0.496875 0.0203125 0.040625
0 0.0765625 0.5125 0.034375 0.0453125
0 0.69921875 0.61875 0.0375 0.040625
0 0.8453125 0.64375 0.0390625 0.0546875
0 0.7828125 0.63671875 0.04375 0.05625
0 0.93984375 0.6703125 0.04375 0.0515625
0 0.16328125 0.5515625 0.0421875 0.046875
0 0.86796875 0.66328125 0.0484375 0.05625
0 0.91484375 0.67578125 0.0453125 0.0609375
0 0.25 0.57265625 0.04375 0.05625
0 0.609375 0.63671875 0.05 0.065625
0 0.00234375 0.54375 0.0046875 0.053125
0 0.7046875 0.65625 0.0453125 0.0609375
0 0.096875 0.56015625 0.05 0.065625
0 0.01640625 0.55234375 0.0328125 0.0453125
0 0.17109375 0.59375 0.0421875 0.046875
0 0.91484375 0.73671875 0.05 0.0609375
0 0.740625 0.71640625 0.0484375 0.05625
0 0.83671875 0.740625 0.05 0.065625
0 0.06640625 0.61875 0.0390625 0.0546875
0 0.18359375 0.6375 0.0453125 0.065625
0 0.77265625 0.73046875 0.0609375 0.071875
0 0.08828125 0.62734375 0.046875 0.0703125
0 0.0109375 0.62109375 0.021875 0.0703125
0 0.24453125 0.66328125 0.0453125 0.0609375
0 0.68203125 0.7421875 0.05 0.065625
0 0.15078125 0.66328125 0.034375 0.0453125
0 0.6296875 0.7453125 0.04375 0.0515625
0 0.31953125 0.703125 0.0453125 0.065625
0 0.92734375 0.80390625 0.0421875 0.046875
0 0.825 0.80234375 0.0390625 0.0546875
0 0.88203125 0.13203125 0.0328125 0.0359375
0 0.00859375 0.67734375 0.0171875 0.0421875
0 0.265625 0.72109375 0.0390625 0.05
0 0.8515625 0.82578125 0.059375 0.0625
0 0.9046875 0.84609375 0.0515625 0.0703125
0 0.65546875 0.80625 0.0453125 0.0609375
0 0.28203125 0.765625 0.05 0.0609375
0 0.12890625 0.740625 0.040625 0.0640625
0 0.0171875 0.721875 0.034375 0.05625
0 0.9171875 0.9109375 0.04375 0.05625
0 0.3171875 0.825 0.0453125 0.0609375
0 0.840625 0.92421875 0.0609375 0.071875
0 0.26796875 0.840625 0.0515625 0.0703125
0 0.12890625 0.83046875 0.046875 0.046875