0 0.653125 0.1140625 0.0375 0.059375
0 0.60390625 0.12421875 0.034375 0.0421875
0 0.6921875 0.10703125 0.0265625 0.04375
0 0.51640625 0.14609375 0.0359375 0.0453125
0 0.5546875 0.13984375 0.0359375 0.0453125
0 0.734375 0.1046875 0.034375 0.0375
0 0.0625 0.240625 0.0359375 0.0453125
0 0.10390625 0.23515625 0.0359375 0.0453125
0 0.4546875 0.16640625 0.0296875 0.040625
0 0.8796875 0.0984375 0.03125 0.0453125
0 0.91953125 0.1 0.0265625 0.04375
0 0.56796875 0.16875 0.0296875 0.040625
0 0.64140625 0.15859375 0.0359375 0.05
0 0.78671875 0.13046875 0.0359375 0.05
0 0.521875 0.18671875 0.0359375 0.0453125
0 0.6828125 0.15546875 0.040625 0.0515625
0 0.4359375 0.20859375 0.0375 0.0546875
0 0.834375 0.13125 0.0359375 0.05
0 0.02734375 0.2875 0.0296875 0.040625
0 0.571875 0.21484375 0.03125 0.0453125
0 0.1265625 0.3015625 0.0359375 0.0453125
0 0.89453125 0.1515625 0.0359375 0.05
0 0.07421875 0.3140625 0.040625 0.05625
0 0.80703125 0.1734375 0.0359375 0.05
0 0.7453125 0.1859375 0.0359375 0.0453125
0 0.61640625 0.215625 0.0359375 0.0453125
0 0.69609375 0.2 0.0265625 0.04375
0 0.45 0.0265625 0.034375 0.0421875
0 0.51328125 0.24296875 0.03125 0.05
0 0.4484375 0.26953125 0.03125 0.0453125
0 0.684375 0.246875 0.040625 0.05625
0 0.94140625 0.19921875 0.021875 0.04375
0 0.73125 0.24296875 0.0265625 0.04375
0 0.78515625 0.23203125 0.034375 0.0421875
0 0.51015625 0.2875 0.025 0.0390625
0 0.840625 0.2234375 0.0265625 0.04375
0 0.58125 0.2765625 0.03125 0.05
0 0.9046875 0.2140625 0.03125 0.0453125
0 0.01171875 0.39765625 0.0234375 0.0546875
0 0.446875 0.3125 0.025 0.034375
0 0.5890625 0.0125 0.025 0.025
0 0.65625 0.0046875 0.028125 0.009375
0 0.07734375 0.4125 0.0359375 0.05
0 0.03671875 0.42265625 0.0375 0.0546875
0 0.53828125 0.01796875 0.0203125 0.034375
0 0.921875 0.25546875 0.0359375 0.0453125
0 0.571875 0.3234375 0.0359375 0.0453125
0 0.5171875 0.334375 0.03125 0.05
0 0.62421875 0.315625 0.034375 0.0421875
0 0.88359375 0.2671875 0.0359375 0.0453125
0 0.71875 0.3015625 0.0375 0.059375
0 0.2484375 0.39296875 0.028125 0.0328125
0 0.75703125 0.29609375 0.034375 0.0421875
0 0.4171875 0.36484375 0.0296875 0.040625
0 0.00390625 0.4515625 0.0078125 0.05
0 0.82109375 0.29609375 0.034375 0.0421875
0 0.66484375 0.32890625 0.0359375 0.05
0 0.5546875 0.01796875 0.025 0.0359375
0 0.528125 0.025 0.0234375 0.03125
0 0.96171875 0.315625 0.025 0.0578125
0 0.45078125 0.41328125 0.0359375 0.05
0 0.76796875 0.353125 0.0359375 0.05
0 0.7140625 0.3640625 0.040625 0.0515625
0 0.8078125 0.3453125 0.03125 0.05
0 0.8625 0.33984375 0.0359375 0.05
0 0.046875 0.50078125 0.034375 0.0421875
0 0.90859375 0.3328125 0.03125 0.05
0 0.66796875 0.3796875 0.040625 0.0515625
0 0.43203125 0.43046875 0.0390625 0.046875
0 0.503125 0.41875 0.0328125 0.0546875
0 0.628125 0.39453125 0.0421875 0.0609375
0 0.32578125 0.4890625 0.0296875 0.040625
0 0.4078125 0.478125 0.040625 0.0515625
0 0.8890625 0.38671875 0.0359375 0.0453125
0 0.65234375 0.43515625 0.046875 0.0609375
0 0.19375 0.52421875 0.0359375 0.0453125
0 0.7546875 0.415625 0.040625 0.05625
0 0.15078125 0.53515625 0.0296875 0.040625
0 0.0625 0.55390625 0.0359375 0.0453125
0 0.4625 0.4765625 0.03125 0.0453125
0 0.521875 0.4671875 0.040625 0.05625
0 0.02890625 0.5625 0.040625 0.05625
0 0.9828125 0.425 0.03125 0.0671875
0 0.46484375 0.52578125 0.0296875 0.040625
0 0.3703125 0.54921875 0.03125 0.0453125
0 0.025 0.61640625 0.03125 0.0453125
0 0.84609375 0.46171875 0.0296875 0.040625
0 0.653125 0.49921875 0.0296875 0.040625
0 0.7625 0.47734375 0.0375 0.0546875
0 0.59453125 0.51015625 0.0375 0.0546875
0 0.9453125 0.4484375 0.0390625 0.046875
0 0.709375 0.496875 0.0390625 0.046875
0 0.18515625 0.6296875 0.0375 0.0546875
0 0.81953125 0.50625 0.0359375 0.05
0 0.57890625 0.56484375 0.0359375 0.05
0 0.26015625 0.6265625 0.0359375 0.0453125
0 0.9453125 0.49609375 0.040625 0.05625
0 0.30078125 0.62421875 0.0375 0.0546875
0 0.53671875 0.04453125 0.0359375 0.0453125
0 0.09765625 0.67265625 0.0359375 0.0453125
0 0.63828125 0.56953125 0.0359375 0.05
0 0.73828125 0.55234375 0.0359375 0.05
0 0.61171875 0.03046875 0.0234375 0.03125
0 0.75859375 0.00859375 0.0234375 0.0171875
0 0.16796875 0.6703125 0.0390625 0.0421875
0 0.8859375 0.5328125 0.0359375 0.0453125
0 0.10625 0.71796875 0.0390625 0.046875
0 0.971875 0.55 0.0359375 0.05
0 0.91171875 0.56640625 0.040625 0.05625
0 0.5375 0.64375 0.0359375 0.05
0 0.2171875 0.70625 0.040625 0.0515625
0 0.17109375 0.72265625 0.040625 0.0515625
0 0.86640625 0.5890625 0.040625 0.0515625
0 0.4890625 0.66171875 0.040625 0.0515625
0 0.696875 0.6265625 0.040625 0.05625
0 0.7453125 0.61953125 0.0359375 0.0453125
0 0.81328125 0.60859375 0.0421875 0.0609375
0 0.65625 0.02890625 0.0359375 0.0453125
0 0.9640625 0.61953125 0.0375 0.0546875
0 0.7578125 0.6625 0.0359375 0.0453125
0 0.40625 0.7328125 0.0421875 0.0609375
0 0.90234375 0.64140625 0.0421875 0.0609375
0 0.2125 0.7796875 0.0265625 0.04375
0 0.66015625 0.69453125 0.0359375 0.05
0 0.70625 0.68828125 0.0359375 0.0453125
0 0.85390625 0.659375 0.040625 0.05625
0 0.23359375 0.78046875 0.0375 0.0546875
0 0.58203125 0.05 0.0296875 0.040625
0 0.50859375 0.7359375 0.0359375 0.0453125
0 0.45078125 0.7546875 0.0328125 0.0546875
0 0.99296875 0.68125 0.0140625 0.065625
0 0.7171875 0.02890625 0.0359375 0.0453125
0 0.68828125 0.75078125 0.046875 0.0609375
0 0.93359375 0.703125 0.0453125 0.05625
0 0.30546875 0.83203125 0.0375 0.0546875
0 0.53671875 0.7875 0.03125 0.05
0 0.1328125 0.865625 0.040625 0.0515625
0 0.365625 0.828125 0.040625 0.0515625
0 0.2359375 0.853125 0.0453125 0.05625
0 0.88203125 0.72734375 0.0359375 0.0453125
0 0.8453125 0.73671875 0.0359375 0.0453125
0 0.496875 0.809375 0.0375 0.0546875
0 0.17890625 0.87578125 0.0484375 0.0703125
0 0.7734375 0.7625 0.0421875 0.0609375
0 0.6328125 0.79296875 0.046875 0.0609375
0 0.4421875 0.83203125 0.040625 0.05625
0 0.7421875 0.77578125 0.0375 0.059375
0 0.91328125 0.78515625 0.0359375 0.05
0 0.9828125 0.775 0.034375 0.046875
0 0.54375 0.86171875 0.0421875 0.0609375
0 0.2921875 0.92265625 0.025 0.0390625
0 0.34296875 0.9171875 0.0375 0.059375
0 0.6546875 0.85703125 0.0375 0.059375
0 0.47734375 0.89140625 0.0546875 0.059375
0 0.7234375 0.8484375 0.0390625 0.0640625
0 0.26640625 0.946875 0.0375 0.0546875
0 0.39375 0.93515625 0.0421875 0.0609375
0 0.990625 0.83671875 0.01875 0.0703125
0 0.84296875 0.0203125 0.034375 0.0375
0 0.921875 0.8640625 0.0375 0.059375
0 0.87421875 0.87265625 0.040625 0.0515625
0 0.740625 0.90390625 0.0359375 0.0453125
0 0.215625 0.98828125 0.046875 0.0234375
0 0.82109375 0.89296875 0.046875 0.0609375
0 0.88125 0.0171875 0.03125 0.034375
0 0.2953125 0.9859375 0.040625 0.028125
0 0.34921875 0.98046875 0.0453125 0.0390625
0 0.49921875 0.9734375 0.0546875 0.053125
0 0.55546875 0.9671875 0.046875 0.0609375
0 0.45390625 0.984375 0.0453125 0.03125
0 0.79375 0.03203125 0.040625 0.0515625
0 0.75859375 0.04375 0.0375 0.0546875
0 0.575 0.084375 0.03125 0.0453125
0 0.53984375 0.0984375 0.03125 0.0453125
0 0.45625 0.1265625 0.0359375 0.05
0 0.48203125 0.01171875 0.0234375 0.0234375
0 0.91015625 0.05 0.0234375 0.053125
0 0.0140625 0.22890625 0.028125 0.0453125
0 0.8640625 0.06640625 0.0359375 0.0453125
0 0.81640625 0.078125 0.0359375 0.0453125