0 0.378125 0.11796875 0.0171875 0.025
0 0.81015625 0.0671875 0.015625 0.015625
0 0.68203125 0.08359375 0.0171875 0.025
0 0.63828125 0.08828125 0.0203125 0.0203125
0 0.57421875 0.096875 0.021875 0.025
0 0.6984375 0.08125 0.0109375 0.0203125
0 0.40703125 0.11953125 0.021875 0.025
0 0.42265625 0.1171875 0.0171875 0.025
0 0.50078125 0.1078125 0.021875 0.025
0 0.74609375 0.078125 0.021875 0.025
0 0.71484375 0.08359375 0.0171875 0.0328125
0 0.26953125 0.14140625 0.021875 0.034375
0 0.61171875 0.09921875 0.0265625 0.0265625
0 0.29921875 0.1421875 0.0203125 0.0203125
0 0.45859375 0.125 0.021875 0.025
0 0.690625 0.0984375 0.015625 0.0109375
0 0.59921875 0.1125 0.021875 0.025
0 0.4890625 0.128125 0.021875 0.034375
0 0.5859375 0.11640625 0.0265625 0.0265625
0 0.67734375 0.1078125 0.0265625 0.03125
0 0.76796875 0.09609375 0.025 0.021875
0 0.37890625 0.14375 0.0171875 0.0328125
0 0.8140625 0.09296875 0.0234375 0.04375
0 0.56328125 0.12421875 0.021875 0.0296875
0 0.62578125 0.11875 0.021875 0.034375
0 0.2703125 0.16953125 0.021875 0.025
0 0.33984375 0.16328125 0.0171875 0.0328125
0 0.61328125 0.13203125 0.021875 0.0296875
0 0.36484375 0.16484375 0.0265625 0.034375
0 0.70546875 0.12265625 0.0265625 0.03125
0 0.41875 0.16015625 0.021875 0.025
0 0.4484375 0.15703125 0.021875 0.0296875
0 0.4671875 0.1546875 0.021875 0.034375
0 0.13125 0.19609375 0.0359375 0.040625
0 0.39609375 0.165625 0.0265625 0.034375
0 0.5203125 0.1546875 0.0265625 0.034375
0 0.30703125 0.1828125 0.0265625 0.034375
0 0.76953125 0.13046875 0.0328125 0.040625
0 0.58828125 0.15546875 0.03125 0.0359375
0 0.2328125 0.19921875 0.0265625 0.0265625
0 0.6484375 0.15078125 0.021875 0.0296875
0 0.66953125 0.15 0.021875 0.034375
0 0.2609375 0.20703125 0.0265625 0.034375
0 0.41796875 0.19296875 0.028125 0.0390625
0 0.21875 0.21953125 0.040625 0.0328125
0 0.28828125 0.21796875 0.0328125 0.0484375
0 0.37578125 0.21015625 0.03125 0.0359375
0 0.628125 0.18125 0.021875 0.034375
0 0.578125 0.18984375 0.0328125 0.040625
0 0.56015625 0.1921875 0.0265625 0.034375
0 0.3375 0.22421875 0.0375 0.05
0 0.540625 0.2015625 0.0203125 0.0203125
0 0.73515625 0.18828125 0.0328125 0.04375
0 0.47265625 0.22109375 0.028125 0.04375
0 0.66640625 0.19921875 0.034375 0.053125
0 0.10390625 0.27578125 0.0203125 0.0203125
0 0.22890625 0.26484375 0.040625 0.0734375
0 0.50078125 0.240625 0.0328125 0.0484375
0 0.415625 0.2515625 0.0375 0.0546875
0 0.078125 0.2953125 0.0375 0.05
0 0.2734375 0.27109375 0.034375 0.0265625
0 0.59765625 0.25 0.0390625 0.059375
0 0.1203125 0.3109375 0.028125 0.0390625
0 0.553125 0.26328125 0.0375 0.0546875
0 0.81328125 0.2359375 0.0453125 0.078125
0 0.35 0.30390625 0.0421875 0.0546875
0 0.271875 0.315625 0.0375 0.05
0 0.478125 0.30234375 0.0484375 0.0640625
0 0.165625 0.34296875 0.0421875 0.0828125
0 0.09609375 0.365625 0.0390625 0.059375
0 0.14453125 0.378125 0.04375 0.059375
0 0.78515625 0.334375 0.04375 0.0640625
0 0.29296875 0.46953125 0.075 0.090625
0 0.7265625 0.4484375 0.0703125 0.090625
0 0.0953125 0.5328125 0.0703125 0.090625
0 0.5390625 0.4953125 0.053125 0.0703125
0 0.52421875 0.090625 0.015625 0.0203125
0 0.625 0.078125 0.0203125 0.015625
0 0.6625 0.0765625 0.0203125 0.0203125
0 0.45859375 0.10390625 0.015625 0.015625
0 0.51640625 0.09921875 0.021875 0.025
0 0.6515625 0.08203125 0.0171875 0.0296875
0 0.559375 0.09375 0.015625 0.0203125