0 0.96015625 0.1046875 0.00625 0.0234375
0 0.934375 0.12265625 0.015625 0.015625
0 0.9140625 0.13359375 0.015625 0.015625
0 0.87734375 0.1390625 0.015625 0.0203125
0 0.83828125 0.14765625 0.015625 0.015625
0 0.94921875 0.13984375 0.0109375 0.0140625
0 0.94296875 0.1453125 0.0109375 0.0140625
0 0.96640625 0.1453125 0.0109375 0.01875
0 0.90234375 0.16015625 0.0109375 0.0140625
0 0.875 0.16328125 0.0109375 0.0140625
0 0.81875 0.16796875 0.0109375 0.0140625
0 0.95078125 0.15859375 0.015625 0.015625
0 0.8109375 0.17109375 0.0109375 0.0140625
0 0.96484375 0.15703125 0.0109375 0.0140625
0 0.7953125 0.1796875 0.0109375 0.0140625
0 0.859375 0.1734375 0.0109375 0.0140625
0 0.86953125 0.175 0.0109375 0.0140625
0 0.925 0.17265625 0.0109375 0.01875
0 0.915625 0.1734375 0.015625 0.015625
0 0.88515625 0.178125 0.0109375 0.0140625
0 0.84375 0.18203125 0.0109375 0.0140625
0 0.853125 0.18359375 0.0109375 0.0140625
0 0.9390625 0.17578125 0.015625 0.0203125
0 0.8234375 0.1859375 0.015625 0.015625
0 0.95 0.175 0.015625 0.0203125
0 0.8921875 0.1828125 0.0109375 0.0140625
0 0.80078125 0.19453125 0.0109375 0.0140625
0 0.96484375 0.18046875 0.0109375 0.01875
0 0.87734375 0.18984375 0.015625 0.015625
0 0.83046875 0.19453125 0.0109375 0.0140625
0 0.81328125 0.20078125 0.0109375 0.0140625
0 0.85703125 0.196875 0.015625 0.015625
0 0.8890625 0.19609375 0.015625 0.0203125
0 0.77421875 0.20859375 0.015625 0.015625
0 0.93359375 0.19453125 0.015625 0.015625
0 0.78359375 0.2078125 0.0109375 0.01875
0 0.75625 0.21015625 0.0109375 0.0140625
0 0.79296875 0.209375 0.015625 0.015625
0 0.6828125 0.21875 0.015625 0.015625
0 0.82265625 0.20703125 0.015625 0.0203125
0 0.809375 0.2078125 0.0109375 0.01875
0 0.9703125 0.19609375 0.0109375 0.01875
0 0.871875 0.2046875 0.0109375 0.0140625
0 0.70078125 0.21953125 0.0109375 0.0140625
0 0.740625 0.21640625 0.0109375 0.0140625
0 0.90390625 0.20234375 0.015625 0.015625
0 0.771875 0.21328125 0.0109375 0.0109375
0 0.9515625 0.19765625 0.015625 0.0203125
0 0.66171875 0.228125 0.0109375 0.0140625
0 0.84453125 0.21171875 0.015625 0.015625
0 0.83515625 0.21484375 0.0109375 0.0140625
0 0.75234375 0.221875 0.0109375 0.0140625
0 0.72421875 0.225 0.0109375 0.0140625
0 0.87734375 0.2140625 0.015625 0.015625
0 0.91875 0.2125 0.0109375 0.0140625
0 0.96015625 0.20859375 0.015625 0.0203125
0 0.7921875 0.2234375 0.015625 0.0203125
0 0.77578125 0.22734375 0.0109375 0.01875
0 0.7390625 0.23046875 0.015625 0.0203125
0 0.82421875 0.2234375 0.015625 0.015625
0 0.8546875 0.22265625 0.0109375 0.0140625
0 0.71328125 0.23515625 0.0109375 0.0140625
0 0.72734375 0.23359375 0.0109375 0.0140625
0 0.8890625 0.221875 0.015625 0.015625
0 0.64453125 0.24375 0.0109375 0.0109375
0 0.7640625 0.2328125 0.0109375 0.0140625
0 0.6796875 0.240625 0.0109375 0.0140625
0 0.94296875 0.21953125 0.015625 0.025
0 0.69609375 0.24375 0.0109375 0.0140625
0 0.9265625 0.2234375 0.015625 0.0203125
0 0.68984375 0.246875 0.0109375 0.0109375
0 0.77421875 0.2390625 0.0109375 0.0140625
0 0.85078125 0.23515625 0.0109375 0.0109375
0 0.65 0.25234375 0.0109375 0.0109375
0 0.63203125 0.25390625 0.0109375 0.0109375
0 0.83671875 0.2359375 0.015625 0.015625
0 0.81640625 0.2375 0.015625 0.0203125
0 0.86484375 0.23359375 0.015625 0.0203125
0 0.7546875 0.2453125 0.0109375 0.0140625
0 0.9109375 0.23203125 0.015625 0.0203125
0 0.6046875 0.25859375 0.0109375 0.0140625
0 0.5859375 0.2625 0.0109375 0.0140625
0 0.6234375 0.259375 0.0109375 0.0109375
0 0.65546875 0.25703125 0.0109375 0.0109375
0 0.73359375 0.25234375 0.015625 0.0203125
0 0.80078125 0.24609375 0.0109375 0.01875
0 0.9640625 0.23203125 0.0203125 0.025
0 0.8953125 0.23828125 0.015625 0.0203125
0 0.5765625 0.265625 0.0109375 0.0109375
0 0.66953125 0.26015625 0.0109375 0.0140625
0 0.6625 0.2609375 0.0109375 0.0140625
0 0.7109375 0.25625 0.0109375 0.0140625
0 0.56171875 0.271875 0.00625 0.0140625
0 0.61953125 0.26953125 0.0109375 0.0140625
0 0.715625 0.2609375 0.015625 0.015625
0 0.646875 0.2671875 0.0109375 0.0109375
0 0.903125 0.24609375 0.015625 0.025
0 0.76015625 0.25859375 0.0109375 0.0140625
0 0.8828125 0.24765625 0.0109375 0.01875
0 0.5546875 0.2765625 0.0109375 0.0140625
0 0.85234375 0.25 0.015625 0.0203125
0 0.65625 0.2671875 0.0109375 0.0140625
0 0.525 0.28125 0.0109375 0.0140625
0 0.76953125 0.26015625 0.015625 0.0203125
0 0.82734375 0.25703125 0.015625 0.0203125
0 0.54140625 0.28203125 0.00625 0.0140625
0 0.95390625 0.24609375 0.021875 0.0296875
0 0.63984375 0.2734375 0.0109375 0.0140625
0 0.57421875 0.2796875 0.0109375 0.0109375
0 0.6984375 0.26875 0.0109375 0.0140625
0 0.67578125 0.27265625 0.015625 0.015625
0 0.61328125 0.28046875 0.0109375 0.0109375
0 0.81171875 0.26328125 0.015625 0.0203125
0 0.66875 0.27578125 0.0109375 0.0109375
0 0.7359375 0.27265625 0.015625 0.0203125
0 0.60390625 0.28359375 0.0109375 0.0140625
0 0.5375 0.28984375 0.00625 0.009375
0 0.634375 0.28125 0.0109375 0.0140625
0 0.75 0.27109375 0.015625 0.025
0 0.6921875 0.27578125 0.0109375 0.0140625
0 0.59296875 0.2875 0.0109375 0.0140625
0 0.7984375 0.26953125 0.015625 0.0203125
0 0.65 0.28203125 0.0109375 0.0140625
0 0.503125 0.2953125 0.00625 0.0140625
0 0.48671875 0.2984375 0.0109375 0.0140625
0 0.765625 0.27421875 0.015625 0.0203125
0 0.5859375 0.28984375 0.0109375 0.0140625
0 0.78671875 0.275 0.0109375 0.0234375
0 0.56328125 0.29453125 0.00625 0.0140625
0 0.92109375 0.26328125 0.0203125 0.025
0 0.715625 0.28125 0.0109375 0.01875
0 0.54296875 0.2984375 0.0046875 0.0046875
0 0.5546875 0.29765625 0.00625 0.009375
0 0.6234375 0.29140625 0.0109375 0.0140625
0 0.8375 0.27265625 0.015625 0.015625
0 0.66484375 0.28828125 0.0109375 0.0140625
0 0.59140625 0.296875 0.0109375 0.0109375
0 0.6171875 0.29453125 0.0109375 0.0140625
0 0.725 0.28515625 0.0109375 0.0109375
0 0.4765625 0.309375 0.00625 0.009375
0 0.48125 0.30859375 0.00625 0.009375
0 0.6078125 0.29765625 0.015625 0.0203125
0 0.51484375 0.30546875 0.00625 0.009375
0 0.46484375 0.31015625 0.00625 0.009375
0 0.446875 0.3140625 0.0109375 0.0109375
0 0.54609375 0.30546875 0.0109375 0.0140625
0 0.8265625 0.28046875 0.015625 0.025
0 0.52734375 0.30703125 0.00625 0.009375
0 0.859375 0.278125 0.0203125 0.025
0 0.4578125 0.31328125 0.0109375 0.0109375
0 0.56015625 0.30625 0.0109375 0.0140625
0 0.6359375 0.3 0.0109375 0.0140625
0 0.50703125 0.3109375 0.00625 0.009375
0 0.51171875 0.3109375 0.00625 0.009375
0 0.42890625 0.3203125 0.00625 0.0140625
0 0.59453125 0.30625 0.0109375 0.0140625
0 0.4359375 0.321875 0.0109375 0.0109375
0 0.53671875 0.31328125 0.0109375 0.0140625
0 0.55078125 0.31171875 0.0109375 0.0109375
0 0.69921875 0.29921875 0.015625 0.0203125
0 0.7515625 0.29453125 0.015625 0.0203125
0 0.4890625 0.3171875 0.0109375 0.0109375
0 0.76328125 0.29375 0.015625 0.0203125
0 0.50078125 0.31875 0.0109375 0.0109375
0 0.72890625 0.29921875 0.015625 0.015625
0 0.79140625 0.29609375 0.015625 0.025
0 0.67109375 0.30625 0.0109375 0.0140625
0 0.40390625 0.33203125 0.00625 0.009375
0 0.475 0.32578125 0.0109375 0.0140625
0 0.51640625 0.321875 0.00625 0.009375
0 0.83984375 0.29375 0.0171875 0.0296875
0 0.87890625 0.290625 0.021875 0.0296875
0 0.5609375 0.3203125 0.0109375 0.0140625
0 0.3921875 0.33515625 0.00625 0.009375
0 0.48515625 0.32734375 0.0109375 0.0109375
0 0.6578125 0.31171875 0.0109375 0.0140625
0 0.50390625 0.328125 0.00625 0.009375
0 0.41328125 0.3359375 0.0109375 0.0109375
0 0.54296875 0.32421875 0.0109375 0.0140625
0 0.578125 0.3234375 0.0109375 0.0140625
0 0.46171875 0.33359375 0.0109375 0.0109375
0 0.51328125 0.3296875 0.0109375 0.0109375
0 0.45390625 0.33671875 0.00625 0.0140625
0 0.5984375 0.32421875 0.0109375 0.0140625
0 0.44453125 0.3375 0.0109375 0.0109375
0 0.61953125 0.325 0.0109375 0.0140625
0 0.52265625 0.3359375 0.0109375 0.0140625
0 0.4671875 0.340625 0.00625 0.0140625
0 0.63359375 0.32578125 0.0109375 0.0140625
0 0.92421875 0.30078125 0.0265625 0.0296875
0 0.4859375 0.3390625 0.0109375 0.0109375
0 0.7609375 0.31484375 0.015625 0.0203125
0 0.5046875 0.3375 0.0109375 0.0140625
0 0.553125 0.33515625 0.0109375 0.0140625
0 0.65390625 0.3265625 0.0109375 0.0140625
0 0.73046875 0.31953125 0.0203125 0.025
0 0.6984375 0.32265625 0.015625 0.025
0 0.4265625 0.34609375 0.0109375 0.0109375
0 0.4359375 0.34765625 0.0109375 0.0109375
0 0.64765625 0.3296875 0.0109375 0.0140625
0 0.97265625 0.30078125 0.0265625 0.0296875
0 0.615625 0.33203125 0.0109375 0.0140625
0 0.45859375 0.34765625 0.0109375 0.0140625
0 0.4125 0.3515625 0.0109375 0.0109375
0 0.43125 0.35 0.00625 0.009375
0 0.3625 0.35859375 0.0046875 0.0046875
0 0.5921875 0.33828125 0.0109375 0.0140625
0 0.36875 0.3578125 0.00625 0.009375
0 0.41953125 0.353125 0.00625 0.009375
0 0.6015625 0.3375 0.0109375 0.0140625
0 0.465625 0.34921875 0.0109375 0.0109375
0 0.484375 0.34765625 0.0109375 0.0140625
0 0.62265625 0.33515625 0.0109375 0.0140625
0 0.45 0.353125 0.00625 0.009375
0 0.37421875 0.359375 0.00625 0.009375
0 0.44296875 0.35390625 0.00625 0.0140625
0 0.38828125 0.35859375 0.00625 0.009375
0 0.65703125 0.33515625 0.015625 0.0203125
0 0.3484375 0.3640625 0.0109375 0.0109375
0 0.33671875 0.365625 0.00625 0.009375
0 0.40859375 0.359375 0.00625 0.009375
0 0.34375 0.3671875 0.00625 0.009375
0 0.53515625 0.35 0.015625 0.0203125
0 0.43203125 0.359375 0.0046875 0.0046875
0 0.515625 0.35234375 0.0109375 0.0140625
0 0.5703125 0.346875 0.0109375 0.01875
0 0.63984375 0.34375 0.015625 0.025
0 0.38671875 0.36796875 0.0109375 0.0109375
0 0.47109375 0.3609375 0.0109375 0.0140625
0 0.3703125 0.36953125 0.00625 0.009375
0 0.521875 0.35625 0.015625 0.015625
0 0.42109375 0.3671875 0.0109375 0.0140625
0 0.4515625 0.36484375 0.0109375 0.0140625
0 0.37734375 0.37109375 0.0109375 0.0109375
0 0.3953125 0.371875 0.00625 0.009375
0 0.94765625 0.3234375 0.0265625 0.034375
0 0.3609375 0.375 0.0109375 0.0109375
0 0.6125 0.353125 0.015625 0.025
0 0.7921875 0.3375 0.015625 0.025
0 0.621875 0.35234375 0.015625 0.025
0 0.34921875 0.37578125 0.0109375 0.0109375
0 0.54765625 0.35859375 0.0109375 0.0109375
0 0.33828125 0.37890625 0.00625 0.009375
0 0.40234375 0.3734375 0.00625 0.009375
0 0.35703125 0.37734375 0.00625 0.009375
0 0.3734375 0.37890625 0.0046875 0.0046875
0 0.49296875 0.36796875 0.0109375 0.0140625
0 0.43125 0.3734375 0.0109375 0.0109375
0 0.4625 0.37109375 0.0109375 0.0109375
0 0.47421875 0.36953125 0.0046875 0.0046875
0 0.57890625 0.3609375 0.015625 0.0203125
0 0.509375 0.36640625 0.0109375 0.0140625
0 0.6890625 0.35078125 0.015625 0.0203125
0 0.41484375 0.37734375 0.0109375 0.0140625
0 0.35 0.3828125 0.0046875 0.0046875
0 0.36640625 0.38359375 0.0109375 0.0109375
0 0.32578125 0.3875 0.00625 0.009375
0 0.41953125 0.37890625 0.0109375 0.0109375
0 0.3765625 0.38515625 0.0109375 0.0109375
0 0.396875 0.38359375 0.0109375 0.0140625
0 0.4796875 0.37890625 0.0109375 0.0140625
0 0.3484375 0.3921875 0.0109375 0.0140625
0 0.759375 0.35625 0.015625 0.0203125
0 0.31640625 0.3953125 0.0046875 0.0046875
0 0.4640625 0.38203125 0.0109375 0.0109375
0 0.47578125 0.38125 0.0109375 0.0109375
0 0.44140625 0.384375 0.0109375 0.0140625
0 0.496875 0.3796875 0.0109375 0.0140625
0 0.546875 0.375 0.0109375 0.0234375
0 0.3125 0.39765625 0.0046875 0.0046875
0 0.29609375 0.39921875 0.0046875 0.0046875
0 0.3078125 0.3984375 0.0046875 0.0046875
0 0.575 0.375 0.015625 0.0203125
0 0.453125 0.3859375 0.0109375 0.0140625
0 0.70234375 0.3640625 0.0171875 0.0296875
0 0.89140625 0.35 0.0203125 0.025
0 0.32890625 0.39921875 0.00625 0.009375
0 0.3375 0.3984375 0.0109375 0.0109375
0 0.42265625 0.390625 0.0109375 0.0140625
0 0.51796875 0.38203125 0.015625 0.0203125
0 0.39765625 0.39296875 0.00625 0.0140625
0 0.67890625 0.36796875 0.015625 0.025
0 0.61953125 0.37578125 0.015625 0.025
0 0.2296875 0.41015625 0.00625 0.009375
0 0.28203125 0.40546875 0.00625 0.009375
0 0.43515625 0.3921875 0.015625 0.015625
0 0.665625 0.371875 0.015625 0.0203125
0 0.35859375 0.3984375 0.00625 0.009375
0 0.36796875 0.4 0.0109375 0.0140625
0 0.23671875 0.41171875 0.0046875 0.0046875
0 0.3109375 0.40546875 0.0046875 0.0046875
0 0.34921875 0.4015625 0.0109375 0.0109375
0 0.5890625 0.38046875 0.015625 0.025
0 0.28984375 0.40703125 0.0109375 0.0109375
0 0.840625 0.3609375 0.025 0.025
0 0.29921875 0.40859375 0.0109375 0.0109375
0 0.65390625 0.37734375 0.0203125 0.025
0 0.215625 0.415625 0.0109375 0.0109375
0 0.38203125 0.4015625 0.0109375 0.0140625
0 0.40703125 0.39921875 0.0109375 0.0140625
0 0.48828125 0.3921875 0.015625 0.0203125
0 0.22265625 0.415625 0.0046875 0.0046875
0 0.20546875 0.41953125 0.009375 0.00625
0 0.3359375 0.4078125 0.0046875 0.0046875
0 0.29453125 0.4109375 0.0109375 0.0109375
0 0.5046875 0.39296875 0.015625 0.0203125
0 0.2421875 0.41796875 0.0109375 0.0109375
0 0.3453125 0.409375 0.0109375 0.0109375
0 0.4453125 0.40078125 0.015625 0.015625
0 0.25390625 0.4171875 0.0109375 0.0109375
0 0.55546875 0.390625 0.015625 0.025
0 0.37578125 0.40859375 0.0109375 0.0140625
0 0.396875 0.409375 0.015625 0.015625
0 0.353125 0.41328125 0.00625 0.009375
0 0.71484375 0.38125 0.021875 0.0296875
0 0.328125 0.415625 0.0109375 0.0140625
0 0.221875 0.42734375 0.0109375 0.0109375
0 0.17578125 0.43125 0.0046875 0.0046875
0 0.19453125 0.4296875 0.00625 0.009375
0 0.7640625 0.3796875 0.0203125 0.025
0 0.16640625 0.43203125 0.0046875 0.0046875
0 0.2703125 0.42265625 0.00625 0.009375
0 0.2953125 0.4203125 0.0109375 0.0109375
0 0.18046875 0.4328125 0.0046875 0.0046875
0 0.1875 0.4328125 0.009375 0.00625
0 0.18984375 0.43203125 0.00625 0.009375
0 0.33515625 0.41953125 0.00625 0.009375
0 0.40625 0.41328125 0.0109375 0.0140625
0 0.25703125 0.428125 0.00625 0.009375
0 0.390625 0.41640625 0.0109375 0.0140625
0 0.45546875 0.4109375 0.015625 0.015625
0 0.34921875 0.421875 0.00625 0.0140625
0 0.21484375 0.43359375 0.00625 0.009375
0 0.29609375 0.4265625 0.0109375 0.0109375
0 0.35859375 0.42109375 0.0109375 0.0140625
0 0.23359375 0.434375 0.0046875 0.0046875
0 0.3265625 0.4265625 0.0109375 0.0140625
0 0.496875 0.41171875 0.015625 0.015625
0 0.22421875 0.43515625 0.0109375 0.0109375
0 0.51328125 0.41015625 0.00625 0.01875
0 0.1421875 0.4453125 0.0046875 0.0046875
0 0.153125 0.44375 0.00625 0.009375
0 0.16484375 0.44296875 0.00625 0.009375
0 0.2625 0.434375 0.00625 0.009375
0 0.2046875 0.43984375 0.00625 0.009375
0 0.28671875 0.43203125 0.00625 0.009375
0 0.38203125 0.42421875 0.015625 0.015625
0 0.43515625 0.41953125 0.015625 0.015625
0 0.1578125 0.44609375 0.00625 0.009375
0 0.24375 0.43828125 0.0109375 0.0109375
0 0.525 0.4140625 0.015625 0.0203125
0 0.31796875 0.43203125 0.0109375 0.0140625
0 0.1859375 0.44609375 0.0046875 0.0046875
0 0.22734375 0.4421875 0.0046875 0.0046875
0 0.234375 0.44140625 0.0046875 0.0046875
0 0.26953125 0.43828125 0.0109375 0.0140625
0 0.15 0.44921875 0.0046875 0.0046875
0 0.6515625 0.40546875 0.0203125 0.025
0 0.2203125 0.44296875 0.0046875 0.0046875
0 0.5765625 0.41171875 0.015625 0.025
0 0.27578125 0.43828125 0.00625 0.009375
0 0.32265625 0.43359375 0.00625 0.009375
0 0.62421875 0.4078125 0.015625 0.025
0 0.17265625 0.44921875 0.0046875 0.0046875
0 0.253125 0.4421875 0.00625 0.009375
0 0.1609375 0.45078125 0.00625 0.009375
0 0.2828125 0.43984375 0.00625 0.009375
0 0.334375 0.43515625 0.015625 0.015625
0 0.1359375 0.45234375 0.00625 0.009375
0 0.11953125 0.45625 0.0046875 0.0046875
0 0.3109375 0.43984375 0.0109375 0.0140625
0 0.14765625 0.45390625 0.0046875 0.0046875
0 0.16796875 0.45234375 0.00625 0.009375
0 0.12890625 0.45546875 0.0046875 0.0046875
0 0.175 0.4515625 0.00625 0.009375
0 0.2125 0.45078125 0.00625 0.009375
0 0.459375 0.42890625 0.0203125 0.0203125
0 0.19609375 0.45234375 0.0046875 0.0046875
0 0.20546875 0.4515625 0.00625 0.009375
0 0.51015625 0.425 0.015625 0.015625
0 0.23046875 0.44921875 0.00625 0.009375
0 0.246875 0.44765625 0.00625 0.009375
0 0.115625 0.459375 0.0046875 0.0046875
0 0.21875 0.45 0.0109375 0.0140625
0 0.18046875 0.45546875 0.0046875 0.0046875
0 0.38359375 0.43828125 0.0109375 0.01875
0 0.95546875 0.38828125 0.03125 0.034375
0 0.2375 0.45078125 0.0109375 0.0140625
0 0.1296875 0.46015625 0.0046875 0.0046875
0 0.184375 0.45546875 0.00625 0.009375
0 0.1546875 0.4578125 0.0046875 0.0046875
0 0.1640625 0.45703125 0.0046875 0.0046875
0 0.290625 0.4484375 0.00625 0.009375
0 0.28359375 0.44921875 0.00625 0.0140625
0 0.196875 0.45703125 0.00625 0.009375
0 0.30234375 0.44765625 0.0109375 0.0109375
0 0.15234375 0.46328125 0.00625 0.009375
0 0.20859375 0.4578125 0.0109375 0.0109375
0 0.2546875 0.45390625 0.0109375 0.0140625
0 0.3140625 0.4484375 0.0109375 0.0140625
0 0.0953125 0.4703125 0.0046875 0.0046875
0 0.10703125 0.46953125 0.00625 0.009375
0 0.1046875 0.46953125 0.0046875 0.0046875
0 0.15703125 0.46484375 0.0046875 0.0046875
0 0.090625 0.47109375 0.0046875 0.0046875
0 0.7890625 0.409375 0.0203125 0.025
0 0.1 0.4703125 0.0046875 0.0046875
0 0.17890625 0.465625 0.00625 0.009375
0 0.3359375 0.4515625 0.0109375 0.0140625
0 0.196875 0.4640625 0.00625 0.009375
0 0.34921875 0.45078125 0.015625 0.0203125
0 0.52890625 0.434375 0.015625 0.025
0 0.9046875 0.4015625 0.0265625 0.034375
0 0.0890625 0.4734375 0.00625 0.009375
0 0.41328125 0.44453125 0.015625 0.025
0 0.13046875 0.471875 0.0046875 0.0046875
0 0.65 0.4265625 0.015625 0.025
0 0.20703125 0.465625 0.00625 0.009375
0 0.07734375 0.4765625 0.0046875 0.0046875
0 0.84765625 0.409375 0.0203125 0.025
0 0.11875 0.47265625 0.0046875 0.0046875
0 0.16953125 0.46875 0.00625 0.009375
0 0.2796875 0.45859375 0.0109375 0.0140625
0 0.1375 0.47109375 0.00625 0.009375
0 0.15546875 0.46953125 0.00625 0.009375
0 0.23203125 0.46328125 0.0109375 0.0140625
0 0.55703125 0.434375 0.0171875 0.0296875
0 0.0828125 0.478125 0.00625 0.009375
0 0.14453125 0.4734375 0.00625 0.009375
0 0.24375 0.4640625 0.00625 0.0140625
0 0.365625 0.45390625 0.015625 0.0203125
0 0.50625 0.44140625 0.0203125 0.0203125
0 0.07578125 0.47890625 0.0109375 0.0109375
0 0.1859375 0.46953125 0.00625 0.009375
0 0.39140625 0.45390625 0.0203125 0.025
0 0.61015625 0.434375 0.0203125 0.0203125
0 0.225 0.46875 0.0109375 0.0140625
0 0.165625 0.47578125 0.0109375 0.0109375
0 0.0640625 0.48515625 0.00625 0.009375
0 0.74453125 0.425 0.021875 0.0296875
0 0.378125 0.45703125 0.015625 0.025
0 0.1078125 0.48125 0.00625 0.009375
0 0.215625 0.471875 0.00625 0.0140625
0 0.1984375 0.4734375 0.0109375 0.0140625
0 0.10078125 0.48359375 0.0046875 0.0046875
0 0.05078125 0.48828125 0.00625 0.009375
0 0.140625 0.48046875 0.00625 0.009375
0 0.28046875 0.46796875 0.0109375 0.01875
0 0.3015625 0.46640625 0.015625 0.025
0 0.121875 0.48203125 0.00625 0.009375
0 0.059375 0.4875 0.00625 0.009375
0 0.70078125 0.43125 0.0203125 0.025
0 0.08359375 0.4875 0.0109375 0.0109375
0 0.1453125 0.48203125 0.0046875 0.0046875
0 0.096875 0.48671875 0.00625 0.009375
0 0.18671875 0.47890625 0.00625 0.009375
0 0.115625 0.4875 0.0046875 0.0046875
0 0.2703125 0.4734375 0.00625 0.0140625
0 0.15703125 0.48359375 0.00625 0.009375
0 0.49609375 0.45390625 0.015625 0.025
0 0.1796875 0.48203125 0.00625 0.009375
0 0.04375 0.49375 0.0046875 0.0046875
0 0.290625 0.471875 0.015625 0.015625
0 0.03203125 0.49453125 0.0109375 0.0109375
0 0.1296875 0.48828125 0.0046875 0.0046875
0 0.071875 0.49375 0.0046875 0.0046875
0 0.2421875 0.47890625 0.015625 0.015625
0 0.07890625 0.49296875 0.0046875 0.0046875
0 0.1015625 0.490625 0.0046875 0.0046875
0 0.028125 0.49765625 0.0046875 0.0046875
0 0.465625 0.459375 0.015625 0.025
0 0.1484375 0.4890625 0.0046875 0.0046875
0 0.1640625 0.4875 0.00625 0.009375
0 0.221875 0.4828125 0.0109375 0.0140625
0 0.22890625 0.48203125 0.0109375 0.0140625
0 0.3375 0.47265625 0.015625 0.0203125
0 0.065625 0.4984375 0.0046875 0.0046875
0 0.1203125 0.49375 0.00625 0.009375
0 0.2359375 0.48359375 0.0109375 0.0140625
0 0.66953125 0.44609375 0.0203125 0.025
0 0.1546875 0.490625 0.00625 0.009375
0 0.17109375 0.48984375 0.00625 0.009375
0 0.21328125 0.4859375 0.015625 0.015625
0 0.1421875 0.49453125 0.00625 0.009375
0 0.4390625 0.46875 0.015625 0.025
0 0.1375 0.49453125 0.00625 0.009375
0 0.35859375 0.47578125 0.015625 0.025
0 0.05859375 0.5015625 0.00625 0.009375
0 0.10703125 0.5 0.0109375 0.0109375
0 0.3171875 0.48125 0.015625 0.0203125
0 0.61484375 0.45546875 0.021875 0.0328125
0 0.05234375 0.50703125 0.0046875 0.0046875
0 0.075 0.5046875 0.0046875 0.0046875
0 0.0109375 0.5109375 0.0046875 0.0046875
0 0.26484375 0.48828125 0.015625 0.0203125
0 0.08203125 0.5046875 0.0109375 0.0140625
0 0.09140625 0.50390625 0.0109375 0.0140625
0 0.41171875 0.47578125 0.015625 0.0203125
0 0.03359375 0.50859375 0.009375 0.00625
0 0.03828125 0.50859375 0.0046875 0.0046875
0 0.04296875 0.5078125 0.009375 0.00625
0 0.11875 0.5015625 0.00625 0.0140625
0 0.17421875 0.49609375 0.0046875 0.0046875
0 0.93984375 0.43125 0.0328125 0.0484375
0 0.38203125 0.4796875 0.015625 0.0203125
0 0.1609375 0.5015625 0.0109375 0.0109375
0 0.04765625 0.51171875 0.0046875 0.0046875
0 0.253125 0.49375 0.015625 0.0203125
0 0.06875 0.509375 0.0109375 0.0109375
0 0.18359375 0.49921875 0.00625 0.0140625
0 0.22265625 0.49609375 0.015625 0.015625
0 0.2765625 0.49375 0.015625 0.0203125
0 0.3453125 0.4875 0.015625 0.0203125
0 0.1078125 0.50859375 0.0109375 0.0109375
0 0.23671875 0.496875 0.0109375 0.0140625
0 0.13359375 0.50859375 0.00625 0.0140625
0 0.03046875 0.5171875 0.00625 0.009375
0 0.05078125 0.515625 0.0109375 0.0109375
0 0.0734375 0.5140625 0.0109375 0.0109375
0 0.04609375 0.51875 0.00625 0.009375
0 0.0578125 0.5171875 0.00625 0.009375
0 0.09453125 0.5140625 0.0109375 0.0109375
0 0.04140625 0.51875 0.00625 0.009375
0 0.1015625 0.5140625 0.0109375 0.0109375
0 0.75859375 0.45625 0.0265625 0.034375
0 0.15859375 0.50859375 0.0109375 0.0109375
0 0.17265625 0.5078125 0.00625 0.0140625
0 0.03671875 0.51953125 0.00625 0.009375
0 0.071875 0.51640625 0.0109375 0.0109375
0 0.0234375 0.52265625 0.00625 0.009375
0 0.08828125 0.5171875 0.0109375 0.0109375
0 0.1828125 0.5109375 0.00625 0.0140625
0 0.2015625 0.509375 0.015625 0.0203125
0 0.25625 0.5046875 0.015625 0.0203125
0 0.11328125 0.5171875 0.0109375 0.0109375
0 0.01484375 0.52578125 0.00625 0.009375
0 0.14140625 0.51484375 0.0109375 0.0140625
0 0.30234375 0.50078125 0.0140625 0.0109375
0 0.05859375 0.52421875 0.00625 0.009375
0 0.02890625 0.52734375 0.0109375 0.0109375
0 0.03515625 0.5265625 0.0109375 0.0109375
0 0.13203125 0.51796875 0.00625 0.009375
0 0.10703125 0.52265625 0.00625 0.009375
0 0.16875 0.5171875 0.0109375 0.0109375
0 0.12109375 0.52109375 0.0109375 0.0140625
0 0.1 0.5234375 0.0109375 0.0109375
0 0.40234375 0.496875 0.015625 0.025
0 0.47578125 0.490625 0.0203125 0.025
0 0.0796875 0.525 0.0109375 0.0109375
0 0.07265625 0.528125 0.0109375 0.0140625
0 0.0421875 0.53046875 0.0109375 0.0109375
0 0.1515625 0.52109375 0.00625 0.0140625
0 0.021875 0.53203125 0.00625 0.009375
0 0.23203125 0.51640625 0.015625 0.0203125
0 0.03515625 0.53359375 0.009375 0.00625
0 0.0296875 0.53671875 0.0109375 0.0109375
0 0.346875 0.50859375 0.015625 0.025
0 0.1578125 0.525 0.00625 0.0140625
0 0.3265625 0.51015625 0.0203125 0.025
0 0.00625 0.53828125 0.0109375 0.0109375
0 0.1375 0.52734375 0.0109375 0.0140625
0 0.20703125 0.52109375 0.015625 0.0203125
0 0.01328125 0.53984375 0.0046875 0.0046875
0 0.05234375 0.53671875 0.0109375 0.0140625
0 0.30390625 0.51484375 0.015625 0.015625
0 0.0875 0.53359375 0.0109375 0.0109375
0 0.43984375 0.50546875 0.015625 0.0203125
0 0.040625 0.53984375 0.0109375 0.0140625
0 0.86171875 0.4703125 0.03125 0.0390625
0 0.0234375 0.54375 0.0046875 0.0046875
0 0.16796875 0.53125 0.0109375 0.0140625
0 0.00703125 0.5453125 0.0046875 0.0046875
0 0.1078125 0.53671875 0.015625 0.015625
0 0.07578125 0.5390625 0.0109375 0.0109375
0 0.04609375 0.54453125 0.00625 0.009375
0 0.15703125 0.534375 0.00625 0.009375
0 0.03046875 0.54609375 0.0109375 0.0140625
0 0.18203125 0.53515625 0.015625 0.025
0 0.0140625 0.5515625 0.00625 0.009375
0 0.3140625 0.52578125 0.015625 0.0203125
0 0.096875 0.54453125 0.0109375 0.0140625
0 0.2375 0.53203125 0.015625 0.0203125
0 0.28203125 0.528125 0.015625 0.0203125
0 0.053125 0.5484375 0.0109375 0.0140625
0 0.14609375 0.54296875 0.015625 0.015625
0 0.37421875 0.52265625 0.015625 0.0203125
0 0.4890625 0.5125 0.021875 0.0296875
0 0.13203125 0.54375 0.0109375 0.0140625
0 0.66640625 0.496875 0.021875 0.0328125
0 0.4703125 0.5140625 0.0203125 0.025
0 0.26875 0.534375 0.015625 0.0203125
0 0.11796875 0.54765625 0.015625 0.0203125
0 0.10703125 0.55078125 0.0109375 0.0140625
0 0.09375 0.5546875 0.015625 0.0203125
0 0.14453125 0.55234375 0.015625 0.015625
0 0.025 0.5625 0.00625 0.009375
0 0.01796875 0.56328125 0.0109375 0.0140625
0 0.05 0.5609375 0.0109375 0.0140625
0 0.08515625 0.56015625 0.015625 0.015625
0 0.171875 0.5546875 0.015625 0.0203125
0 0.0109375 0.56875 0.0109375 0.0109375
0 0.03828125 0.56640625 0.0109375 0.0140625
0 0.43046875 0.53203125 0.0203125 0.025
0 0.00625 0.56875 0.00625 0.0140625
0 0.0734375 0.565625 0.0109375 0.0140625
0 0.378125 0.5390625 0.015625 0.0203125
0 0.03203125 0.56953125 0.0109375 0.0109375
0 0.56484375 0.525 0.021875 0.0328125
0 0.18671875 0.559375 0.0203125 0.0203125
0 0.3 0.55 0.0203125 0.0203125
0 0.325 0.54765625 0.021875 0.0296875
0 0.26796875 0.5546875 0.0203125 0.0203125
0 0.115625 0.5703125 0.0109375 0.0140625
0 0.053125 0.57578125 0.0109375 0.0140625
0 0.35546875 0.54921875 0.0203125 0.025
0 0.1296875 0.56953125 0.015625 0.015625
0 0.09765625 0.57421875 0.015625 0.015625
0 0.046875 0.57890625 0.0109375 0.01875
0 0.22890625 0.565625 0.0203125 0.0203125
0 0.60703125 0.53203125 0.021875 0.0296875
0 0.07265625 0.57890625 0.0109375 0.01875
0 0.0375 0.58203125 0.015625 0.0203125
0 0.0609375 0.5796875 0.0109375 0.01875
0 0.06796875 0.58203125 0.0109375 0.0140625
0 0.01015625 0.58671875 0.0109375 0.0140625
0 0.01953125 0.5859375 0.0109375 0.0140625
0 0.02890625 0.58515625 0.0109375 0.0140625
0 0.2546875 0.565625 0.0203125 0.0203125
0 0.95390625 0.50625 0.03125 0.0390625
0 0.171875 0.57734375 0.015625 0.0203125
0 0.73671875 0.528125 0.0359375 0.04375
0 0.20234375 0.57734375 0.015625 0.0203125
0 0.1359375 0.58515625 0.0109375 0.0140625
0 0.1125 0.5875 0.015625 0.015625
0 0.159375 0.5828125 0.015625 0.0203125
0 0.37578125 0.56640625 0.021875 0.0296875
0 0.31796875 0.571875 0.0203125 0.0203125
0 0.0140625 0.5984375 0.015625 0.0203125
0 0.5046875 0.5578125 0.021875 0.0296875
0 0.07890625 0.59453125 0.0109375 0.0140625
0 0.02578125 0.6015625 0.0109375 0.01875
0 0.090625 0.59609375 0.015625 0.015625
0 0.12734375 0.59765625 0.0109375 0.0140625
0 0.62109375 0.55703125 0.021875 0.0421875
0 0.0359375 0.61015625 0.015625 0.0203125
0 0.04453125 0.609375 0.015625 0.0203125
0 0.8796875 0.5390625 0.0265625 0.0390625
0 0.11875 0.60546875 0.015625 0.0203125
0 0.05859375 0.61328125 0.0109375 0.0140625
0 0.57578125 0.5703125 0.021875 0.0375
0 0.3359375 0.59140625 0.0203125 0.0203125
0 0.4375 0.584375 0.0171875 0.0296875
0 0.13125 0.61171875 0.015625 0.0203125
0 0.078125 0.61640625 0.0109375 0.0140625
0 0.228125 0.61015625 0.0203125 0.025
0 0.0671875 0.62421875 0.015625 0.0203125
0 0.24453125 0.6109375 0.015625 0.025
0 0.26328125 0.609375 0.0203125 0.025
0 0.03984375 0.62890625 0.015625 0.0203125
0 0.02578125 0.63046875 0.015625 0.0203125
0 0.20625 0.61640625 0.0203125 0.0203125
0 0.678125 0.575 0.0265625 0.034375
0 0.1828125 0.62109375 0.015625 0.0203125
0 0.76640625 0.5703125 0.03125 0.04375
0 0.70703125 0.57890625 0.0359375 0.04375
0 0.1234375 0.6328125 0.015625 0.0203125
0 0.06796875 0.6375 0.015625 0.015625
0 0.0546875 0.640625 0.015625 0.015625
0 0.146875 0.63515625 0.015625 0.0203125
0 0.96640625 0.56796875 0.040625 0.053125
0 0.16640625 0.640625 0.021875 0.0296875
0 0.31171875 0.6328125 0.0265625 0.034375
0 0.028125 0.65703125 0.015625 0.0203125
0 0.0609375 0.659375 0.0203125 0.025
0 0.0796875 0.6578125 0.015625 0.025
0 0.12734375 0.653125 0.015625 0.025
0 0.27109375 0.64296875 0.021875 0.0328125
0 0.021875 0.6671875 0.021875 0.0296875
0 0.24296875 0.64765625 0.021875 0.0296875
0 0.06484375 0.68203125 0.0203125 0.025
0 0.1734375 0.675 0.021875 0.0296875
0 0.12265625 0.6796875 0.0203125 0.0203125
0 0.521875 0.64453125 0.03125 0.0390625
0 0.33125 0.66640625 0.0265625 0.0296875
0 0.3125 0.6703125 0.021875 0.0296875
0 0.36796875 0.665625 0.021875 0.0296875
0 0.471875 0.65625 0.0265625 0.034375
0 0.56171875 0.65078125 0.0328125 0.053125
0 0.4171875 0.66484375 0.0265625 0.034375
0 0.0421875 0.709375 0.025 0.025
0 0.02421875 0.715625 0.0171875 0.0296875
0 0.10546875 0.71796875 0.025 0.025
0 0.6546875 0.67265625 0.0359375 0.0484375
0 0.17734375 0.71640625 0.021875 0.0296875
0 0.0640625 0.7265625 0.021875 0.0296875
0 0.14296875 0.71953125 0.0265625 0.0296875
0 0.334375 0.7046875 0.0265625 0.034375
0 0.61015625 0.68828125 0.0359375 0.04375
0 0.10625 0.7484375 0.0265625 0.0296875
0 0.4921875 0.7328125 0.0265625 0.04375
0 0.2328125 0.7625 0.03125 0.034375
0 0.2671875 0.759375 0.03125 0.0390625
0 0.803125 0.74296875 0.0375 0.0578125
0 0.3671875 0.7859375 0.0328125 0.0484375
0 0.5328125 0.7921875 0.0265625 0.04375