0 0.95078125 0.215625 0.0796875 0.1734375
0 0.79453125 0.234375 0.0984375 0.1890625
0 0.50625 0.34375 0.10625 0.1765625
0 0.0421875 0.41796875 0.084375 0.1609375
0 0.23984375 0.409375 0.1203125 0.2
0 0.81796875 0.03359375 0.0796875 0.0671875
0 0.915625 0.38359375 0.121875 0.21875
0 0.771875 0.46953125 0.1203125 0.1953125
0 0.63828125 0.48125 0.1078125 0.209375
0 0.4703125 0.540625 0.1 0.14375
0 0.55546875 0.053125 0.0796875 0.10625
0 0.03125 0.084375 0.0625 0.125
0 0.28046875 0.59296875 0.1015625 0.1578125
0 0.0328125 0.64765625 0.0578125 0.1328125
0 0.2203125 0.68125 0.121875 0.2140625
0 0.95625 0.6515625 0.0875 0.240625
0 0.49765625 0.68046875 0.1 0.14375
0 0.70859375 0.7109375 0.1078125 0.209375
0 0.50390625 0.84921875 0.1109375 0.1953125
0 0.446875 0.89921875 0.1328125 0.1640625
0 0.89765625 0.8828125 0.1625 0.196875
0 0.6140625 0.1046875 0.0953125 0.134375
0 0.46796875 0.11875 0.10625 0.1765625
0 0.2515625 0.13984375 0.08125 0.146875
0 0.78359375 0.1140625 0.09375 0.115625
0 0.32890625 0.16171875 0.1203125 0.2
0 0.14140625 0.2109375 0.0921875 0.1609375