0 0.559375 0.31875 0.0078125 0.0140625
0 0.50546875 0.334375 0.0125 0.015625
0 0.7171875 0.29296875 0.0125 0.015625
0 0.48359375 0.340625 0.0125 0.0203125
0 0.4125 0.3546875 0.0109375 0.0109375
0 0.5265625 0.33515625 0.0125 0.015625
0 0.38828125 0.36171875 0.0078125 0.0140625
0 0.5015625 0.34140625 0.0125 0.015625
0 0.3953125 0.36171875 0.00625 0.009375
0 0.540625 0.33359375 0.0171875 0.0203125
0 0.4703125 0.34765625 0.0125 0.015625
0 0.40703125 0.359375 0.0125 0.015625
0 0.72734375 0.29765625 0.0125 0.015625
0 0.32265625 0.378125 0.0109375 0.0109375
0 0.37109375 0.36875 0.0109375 0.0109375
0 0.74140625 0.296875 0.01875 0.025
0 0.35703125 0.371875 0.01875 0.025
0 0.59609375 0.325 0.0125 0.015625
0 0.5625 0.334375 0.00625 0.009375
0 0.41484375 0.36328125 0.0109375 0.0109375
0 0.4578125 0.3546875 0.0171875 0.0171875
0 0.6625 0.3171875 0.0140625 0.025
0 0.346875 0.37890625 0.0109375 0.0109375
0 0.33515625 0.38046875 0.0109375 0.0109375
0 0.55859375 0.3375 0.0125 0.015625
0 0.37734375 0.375 0.0125 0.015625
0 0.4359375 0.36328125 0.0125 0.0203125
0 0.7671875 0.29921875 0.01875 0.025
0 0.5765625 0.3359375 0.0171875 0.0203125
0 0.64765625 0.325 0.0125 0.015625
0 0.56796875 0.340625 0.0125 0.015625
0 0.81328125 0.29296875 0.0234375 0.0265625
0 0.325 0.38984375 0.0125 0.0203125
0 0.3984375 0.378125 0.0125 0.015625
0 0.3171875 0.39375 0.0125 0.0203125
0 0.35078125 0.3875 0.00625 0.009375
0 0.38046875 0.38125 0.0125 0.015625
0 0.29375 0.3984375 0.0171875 0.0203125
0 0.478125 0.3625 0.0125 0.015625
0 0.6234375 0.334375 0.0125 0.015625
0 0.553125 0.34765625 0.0140625 0.025
0 0.48984375 0.3625 0.0125 0.015625
0 0.6375 0.334375 0.0125 0.0203125
0 0.4484375 0.37109375 0.0125 0.015625
0 0.46484375 0.36796875 0.0125 0.015625
0 0.42890625 0.37421875 0.0171875 0.0203125
0 0.59921875 0.34140625 0.0125 0.0203125
0 0.8328125 0.29609375 0.0234375 0.0265625
0 0.33984375 0.39453125 0.0171875 0.0171875
0 0.415625 0.3796875 0.0171875 0.0203125
0 0.5453125 0.35703125 0.0125 0.015625
0 0.88359375 0.290625 0.025 0.0390625
0 0.40625 0.38359375 0.0078125 0.0140625
0 0.5359375 0.35859375 0.01875 0.025
0 0.309375 0.40234375 0.0125 0.015625
0 0.65 0.33671875 0.0171875 0.0203125
0 0.61640625 0.3453125 0.0125 0.0203125
0 0.58671875 0.35078125 0.0171875 0.0203125
0 0.63203125 0.34453125 0.0125 0.0203125
0 0.91171875 0.28984375 0.0140625 0.025
0 0.52578125 0.365625 0.01875 0.025
0 0.2640625 0.41640625 0.01875 0.025
0 0.79140625 0.31328125 0.01875 0.025
0 0.21015625 0.42890625 0.0125 0.015625
0 0.37890625 0.39609375 0.0125 0.015625
0 0.24453125 0.42265625 0.0234375 0.03125
0 0.446875 0.38515625 0.0125 0.015625
0 0.4265625 0.3890625 0.0171875 0.0203125
0 0.48125 0.37890625 0.0125 0.0203125
0 0.28359375 0.4171875 0.0171875 0.0203125
0 0.56953125 0.36171875 0.01875 0.025
0 0.3453125 0.4078125 0.0140625 0.025
0 0.934375 0.29296875 0.0296875 0.040625
0 0.45625 0.3859375 0.01875 0.025
0 0.4890625 0.38203125 0.01875 0.025
0 0.5796875 0.3640625 0.0125 0.015625
0 0.2296875 0.43203125 0.01875 0.0296875
0 0.3234375 0.4140625 0.01875 0.025
0 0.82734375 0.31640625 0.028125 0.0328125
0 0.51640625 0.37890625 0.0234375 0.0265625
0 0.35078125 0.4109375 0.0140625 0.025
0 0.95703125 0.29296875 0.0296875 0.040625
0 0.47109375 0.3875 0.01875 0.025
0 0.5078125 0.38046875 0.0234375 0.03125
0 0.403125 0.403125 0.0234375 0.03125
0 0.65078125 0.35546875 0.01875 0.0296875
0 0.38984375 0.40859375 0.0171875 0.0203125
0 0.58515625 0.3703125 0.0109375 0.0109375
0 0.1703125 0.453125 0.025 0.034375
0 0.74765625 0.34140625 0.025 0.0390625
0 0.184375 0.45078125 0.01875 0.025
0 0.2046875 0.44921875 0.0234375 0.0265625
0 0.63671875 0.36796875 0.01875 0.025
0 0.2734375 0.43828125 0.0234375 0.03125
0 0.2140625 0.45 0.0171875 0.0203125
0 0.778125 0.3421875 0.0234375 0.0265625
0 0.08125 0.478125 0.0203125 0.0390625
0 0.33984375 0.4296875 0.0234375 0.0265625
0 0.621875 0.375 0.025 0.034375
0 0.2953125 0.44140625 0.025 0.0390625
0 0.6046875 0.38359375 0.0234375 0.03125
0 0.2640625 0.44921875 0.025 0.0390625
0 0.4484375 0.4140625 0.01875 0.025
0 0.57734375 0.390625 0.0171875 0.0203125
0 0.55703125 0.39375 0.025 0.0390625
0 0.43203125 0.41875 0.0234375 0.03125
0 0.38984375 0.4265625 0.01875 0.025
0 0.8171875 0.34609375 0.025 0.0390625
0 0.6984375 0.37890625 0.0296875 0.040625
0 0.11640625 0.49140625 0.03125 0.0453125
0 0.4640625 0.42421875 0.0234375 0.03125
0 0.8390625 0.35390625 0.0265625 0.04375
0 0.19921875 0.478125 0.025 0.034375
0 0.1765625 0.48515625 0.040625 0.0515625
0 0.66484375 0.38984375 0.0234375 0.0265625
0 0.24296875 0.47421875 0.025 0.034375
0 0.21953125 0.47890625 0.025 0.0390625
0 0.78828125 0.37109375 0.025 0.0390625
0 0.290625 0.4671875 0.025 0.034375
0 0.36171875 0.45625 0.0234375 0.03125
0 0.31875 0.4640625 0.0234375 0.03125
0 0.90078125 0.35390625 0.0390625 0.0640625
0 0.028125 0.5234375 0.0359375 0.05
0 0.51484375 0.42890625 0.0234375 0.03125
0 0.58984375 0.41640625 0.025 0.0390625
0 0.728125 0.38984375 0.0296875 0.0359375
0 0.0546875 0.525 0.03125 0.0453125
0 0.63984375 0.41640625 0.0234375 0.03125
0 0.7625 0.3921875 0.040625 0.0515625
0 0.62421875 0.421875 0.025 0.0390625
0 0.8203125 0.38828125 0.0359375 0.05
0 0.21796875 0.50546875 0.025 0.0390625
0 0.10625 0.52734375 0.0359375 0.05
0 0.67421875 0.42421875 0.025 0.034375
0 0.009375 0.5546875 0.01875 0.034375
0 0.87265625 0.38984375 0.0484375 0.0703125
0 0.159375 0.53125 0.040625 0.05625
0 0.9375 0.38359375 0.0625 0.078125
0 0.05390625 0.56015625 0.03125 0.05
0 0.13203125 0.54765625 0.0421875 0.0609375
0 0.26015625 0.52734375 0.03125 0.05
0 0.2375 0.54609375 0.040625 0.0515625
0 0.71328125 0.45625 0.0375 0.0546875
0 0.4578125 0.51328125 0.025 0.0390625
0 0.6390625 0.48515625 0.0359375 0.05
0 0.3203125 0.55859375 0.0296875 0.040625
0 0.3609375 0.55078125 0.0296875 0.040625
0 0.790625 0.4671875 0.040625 0.0515625
0 0.28203125 0.56640625 0.0296875 0.040625
0 0.4375 0.540625 0.03125 0.0453125
0 0.553125 0.51875 0.0296875 0.040625
0 0.98046875 0.4375 0.0390625 0.078125
0 0.090625 0.6125 0.040625 0.05625
0 0.4859375 0.5375 0.0375 0.0546875
0 0.04453125 0.63046875 0.0578125 0.071875
0 0.5953125 0.52578125 0.025 0.0390625
0 0.20546875 0.609375 0.0421875 0.0609375
0 0.51875 0.5578125 0.0296875 0.040625
0 0.3875 0.58828125 0.040625 0.05625
0 0.86875 0.49453125 0.053125 0.071875
0 0.634375 0.546875 0.025 0.0390625
0 0.471875 0.5859375 0.0375 0.0546875
0 0.33046875 0.634375 0.0453125 0.05625
0 0.6703125 0.57265625 0.0546875 0.0765625
0 0.29453125 0.653125 0.0375 0.0546875
0 0.7875 0.58125 0.0484375 0.0703125
0 0.71796875 0.62734375 0.053125 0.071875
0 0.2421875 0.7265625 0.0515625 0.0671875
0 0.134375 0.75234375 0.0484375 0.0703125