0 0.403125 0.23984375 0.00625 0.0140625
0 0.3015625 0.25078125 0.00625 0.009375
0 0.2421875 0.26171875 0.00625 0.0140625
0 0.26953125 0.25859375 0.00625 0.0140625
0 0.33203125 0.25234375 0.0109375 0.0109375
0 0.3203125 0.253125 0.0109375 0.015625
0 0.47265625 0.2375 0.0109375 0.0109375
0 0.2328125 0.2625 0.0046875 0.0046875
0 0.31171875 0.25390625 0.0109375 0.015625
0 0.29296875 0.25859375 0.00625 0.009375
0 0.48671875 0.23828125 0.0109375 0.0109375
0 0.3875 0.2484375 0.0109375 0.0109375
0 0.2078125 0.2671875 0.0109375 0.0109375
0 0.52578125 0.234375 0.00625 0.009375
0 0.2171875 0.26875 0.0109375 0.0109375
0 0.1984375 0.27109375 0.009375 0.00625
0 0.25625 0.26484375 0.00625 0.0140625
0 0.41796875 0.24765625 0.015625 0.0203125
0 0.5515625 0.23359375 0.0109375 0.015625
0 0.396875 0.25234375 0.0109375 0.015625
0 0.47109375 0.24453125 0.0109375 0.015625
0 0.44296875 0.25 0.015625 0.015625
0 0.51953125 0.2421875 0.0046875 0.0046875
0 0.28203125 0.26640625 0.00625 0.009375
0 0.5125 0.2453125 0.0109375 0.0109375
0 0.30078125 0.2671875 0.0109375 0.015625
0 0.3640625 0.265625 0.0171875 0.025
0 0.209375 0.28125 0.00625 0.009375
0 0.16796875 0.2859375 0.0109375 0.015625
0 0.259375 0.2765625 0.0109375 0.015625
0 0.31796875 0.2703125 0.00625 0.009375
0 0.5671875 0.24609375 0.0109375 0.015625
0 0.246875 0.28203125 0.0109375 0.0203125
0 0.309375 0.27578125 0.0109375 0.015625
0 0.37578125 0.26875 0.0109375 0.015625
0 0.5296875 0.25234375 0.00625 0.0140625
0 0.1453125 0.2953125 0.015625 0.0203125
0 0.4125 0.2671875 0.0109375 0.0203125
0 0.6546875 0.2421875 0.0109375 0.015625
0 0.3390625 0.275 0.0109375 0.0109375
0 0.27890625 0.28359375 0.00625 0.0140625
0 0.5828125 0.2515625 0.0109375 0.0109375
0 0.19453125 0.29453125 0.0109375 0.015625
0 0.33203125 0.28046875 0.00625 0.0140625
0 0.3515625 0.28046875 0.0171875 0.025
0 0.60703125 0.25390625 0.015625 0.0109375
0 0.66875 0.24765625 0.015625 0.015625
0 0.634375 0.253125 0.0109375 0.0203125
0 0.2109375 0.29765625 0.00625 0.0140625
0 0.55859375 0.2609375 0.015625 0.0203125
0 0.5453125 0.2625 0.0125 0.025
0 0.296875 0.29140625 0.0046875 0.0046875
0 0.23671875 0.3 0.00625 0.0140625
0 0.4671875 0.27578125 0.015625 0.0203125
0 0.61484375 0.26015625 0.0109375 0.015625
0 0.315625 0.29375 0.0109375 0.0203125
0 0.19375 0.309375 0.0109375 0.0203125
0 0.32421875 0.2953125 0.0109375 0.015625
0 0.403125 0.28671875 0.015625 0.0203125
0 0.1109375 0.3203125 0.015625 0.0203125
0 0.684375 0.26015625 0.034375 0.0265625
0 0.1015625 0.32109375 0.0171875 0.025
0 0.25390625 0.30703125 0.015625 0.015625
0 0.384375 0.29296875 0.015625 0.0203125
0 0.7328125 0.25625 0.021875 0.0296875
0 0.946875 0.2359375 0.0265625 0.034375
0 0.159375 0.31875 0.0109375 0.0203125
0 0.396875 0.29375 0.00625 0.0140625
0 0.52578125 0.28046875 0.021875 0.025
0 0.284375 0.30859375 0.021875 0.034375
0 0.50546875 0.28515625 0.0171875 0.025
0 0.5953125 0.27578125 0.0171875 0.025
0 0.2171875 0.315625 0.0109375 0.015625
0 0.7125 0.265625 0.03125 0.0390625
0 0.47578125 0.29296875 0.0265625 0.0296875
0 0.5546875 0.284375 0.0203125 0.0203125
0 0.14453125 0.3296875 0.0171875 0.025
0 0.00625 0.34375 0.0125 0.025
0 0.62578125 0.2796875 0.0109375 0.0203125
0 0.25546875 0.31796875 0.015625 0.0203125
0 0.0796875 0.33671875 0.0171875 0.025
0 0.5125 0.29375 0.015625 0.0203125
0 0.18203125 0.33046875 0.015625 0.0203125
0 0.22578125 0.328125 0.015625 0.0203125
0 0.03203125 0.34921875 0.0171875 0.025
0 0.55078125 0.29453125 0.021875 0.025
0 0.89375 0.2609375 0.0328125 0.04375
0 0.58046875 0.29375 0.021875 0.034375
0 0.7421875 0.2765625 0.0171875 0.025
0 0.43828125 0.3109375 0.0328125 0.0484375
0 0.4015625 0.31484375 0.021875 0.0296875
0 0.31875 0.32578125 0.021875 0.0296875
0 0.10234375 0.3484375 0.0171875 0.025
0 0.0046875 0.36171875 0.009375 0.0203125
0 0.66171875 0.2921875 0.0328125 0.0484375
0 0.6390625 0.296875 0.015625 0.0203125
0 0.26328125 0.3359375 0.0171875 0.0296875
0 0.33046875 0.33125 0.021875 0.034375
0 0.165625 0.3515625 0.0265625 0.0296875
0 0.35859375 0.33125 0.0171875 0.025
0 0.93046875 0.2734375 0.0359375 0.0484375
0 0.7921875 0.2875 0.0265625 0.0296875
0 0.0671875 0.36640625 0.040625 0.05
0 0.41484375 0.33203125 0.021875 0.0390625
0 0.6109375 0.31171875 0.0171875 0.0296875
0 0.28828125 0.34765625 0.0328125 0.04375
0 0.23828125 0.353125 0.0171875 0.025
0 0.7671875 0.30234375 0.03125 0.0390625
0 0.73125 0.30859375 0.0359375 0.0484375
0 0.190625 0.36484375 0.0328125 0.04375
0 0.20859375 0.365625 0.0359375 0.0484375
0 0.5265625 0.33203125 0.0328125 0.04375
0 0.50625 0.334375 0.0265625 0.0296875
0 0.57734375 0.33125 0.03125 0.0390625
0 0.359375 0.35703125 0.021875 0.0296875
0 0.3875 0.35546875 0.0484375 0.06875
0 0.63359375 0.3296875 0.0328125 0.0484375
0 0.6953125 0.33984375 0.0609375 0.0984375
0 0.45546875 0.36484375 0.040625 0.05
0 0.13359375 0.3984375 0.0421875 0.0640625
0 0.2734375 0.3859375 0.0421875 0.059375
0 0.03125 0.4234375 0.0625 0.09375
0 0.47578125 0.43046875 0.0484375 0.0734375
0 0.79140625 0.4203125 0.0421875 0.0640625
0 0.59765625 0.5359375 0.059375 0.09375