0 0.87734375 0.56171875 0.0125 0.0203125
0 0.8921875 0.5625 0.0109375 0.015625
0 0.890625 0.5671875 0.0109375 0.0109375
0 0.79921875 0.58359375 0.0171875 0.025
0 0.38515625 0.64921875 0.0109375 0.015625
0 0.875 0.57421875 0.0171875 0.0203125
0 0.125 0.69296875 0.0171875 0.0203125
0 0.57578125 0.62421875 0.00625 0.009375
0 0.85078125 0.5828125 0.0125 0.0203125
0 0.5671875 0.628125 0.0109375 0.015625
0 0.82734375 0.58671875 0.0109375 0.015625
0 0.84453125 0.5859375 0.0109375 0.015625
0 0.225 0.684375 0.0234375 0.03125
0 0.09453125 0.70703125 0.01875 0.0296875
0 0.3828125 0.66640625 0.0171875 0.0203125
0 0.76328125 0.60859375 0.0109375 0.015625
0 0.4046875 0.665625 0.015625 0.015625
0 0.5953125 0.63984375 0.0109375 0.015625
0 0.1921875 0.70390625 0.0109375 0.015625
0 0.76640625 0.61484375 0.0109375 0.0109375
0 0.3875 0.6765625 0.0171875 0.0203125
0 0.72109375 0.62421875 0.0109375 0.015625
0 0.21640625 0.70625 0.0171875 0.025
0 0.86953125 0.603125 0.0109375 0.015625
0 0.86171875 0.60390625 0.0109375 0.0109375
0 0.73125 0.625 0.0109375 0.015625
0 0.55546875 0.6546875 0.00625 0.009375
0 0.24453125 0.70390625 0.021875 0.0265625
0 0.14765625 0.71953125 0.0109375 0.015625
0 0.81796875 0.61328125 0.015625 0.0109375
0 0.76328125 0.621875 0.0109375 0.015625
0 0.40625 0.67890625 0.0171875 0.0203125
0 0.05234375 0.73671875 0.0234375 0.03125
0 0.5640625 0.65625 0.0109375 0.0109375
0 0.1328125 0.7265625 0.0171875 0.025
0 0.75234375 0.62890625 0.0125 0.0203125
0 0.74296875 0.6296875 0.0109375 0.015625
0 0.68359375 0.6390625 0.0109375 0.015625
0 0.6953125 0.6375 0.0109375 0.0109375
0 0.8828125 0.6078125 0.015625 0.015625
0 0.196875 0.71875 0.0171875 0.025
0 0.1859375 0.7203125 0.0171875 0.025
0 0.2890625 0.7046875 0.0171875 0.0203125
0 0.08515625 0.73671875 0.021875 0.0265625
0 0.37265625 0.690625 0.021875 0.0265625
0 0.35546875 0.69609375 0.01875 0.0296875
0 0.81484375 0.6234375 0.015625 0.015625
0 0.659375 0.64765625 0.0109375 0.0109375
0 0.7234375 0.6375 0.0109375 0.015625
0 0.87421875 0.6140625 0.0109375 0.015625
0 0.64765625 0.65 0.015625 0.015625
0 0.20859375 0.71953125 0.0234375 0.03125
0 0.590625 0.65859375 0.0109375 0.015625
0 0.7 0.64140625 0.0109375 0.015625
0 0.6 0.65703125 0.0125 0.0203125
0 0.31171875 0.703125 0.021875 0.0265625
0 0.3296875 0.7 0.021875 0.021875
0 0.6140625 0.6578125 0.015625 0.015625
0 0.86328125 0.61796875 0.015625 0.015625
0 0.71484375 0.64140625 0.0109375 0.015625
0 0.7375 0.63828125 0.015625 0.015625
0 0.840625 0.621875 0.015625 0.015625
0 0.6734375 0.6484375 0.0109375 0.015625
0 0.11328125 0.73671875 0.0171875 0.025
0 0.890625 0.6140625 0.0109375 0.0109375
0 0.3671875 0.696875 0.0171875 0.0203125
0 0.5796875 0.66328125 0.0125 0.0203125
0 0.14296875 0.734375 0.01875 0.0296875
0 0.771875 0.63515625 0.015625 0.015625
0 0.790625 0.63203125 0.0109375 0.015625
0 0.7515625 0.63828125 0.0109375 0.015625
0 0.62578125 0.66015625 0.015625 0.015625
0 0.56875 0.66953125 0.0109375 0.015625
0 0.79765625 0.6328125 0.015625 0.015625
0 0.696875 0.64921875 0.0109375 0.015625
0 0.12109375 0.740625 0.0171875 0.0203125
0 0.74296875 0.6421875 0.0109375 0.015625
0 0.6609375 0.6546875 0.0109375 0.0109375
0 0.38359375 0.70078125 0.0171875 0.0203125
0 0.68203125 0.65390625 0.0109375 0.015625
0 0.825 0.63125 0.0109375 0.015625
0 0.30234375 0.7140625 0.0171875 0.0203125
0 0.56015625 0.6734375 0.00625 0.009375
0 0.81171875 0.6359375 0.015625 0.015625
0 0.275 0.72109375 0.0171875 0.025
0 0.7640625 0.6453125 0.0109375 0.015625
0 0.65 0.6640625 0.0125 0.0203125
0 0.67578125 0.659375 0.0109375 0.0109375
0 0.81875 0.63671875 0.0109375 0.015625
0 0.86328125 0.6296875 0.0109375 0.015625
0 0.61875 0.66875 0.0109375 0.015625
0 0.69140625 0.659375 0.0171875 0.0203125
0 0.7828125 0.6453125 0.0109375 0.0109375
0 0.609375 0.67265625 0.015625 0.015625
0 0.55703125 0.68046875 0.0109375 0.015625
0 0.7171875 0.65546875 0.0125 0.0203125
0 0.85 0.63671875 0.009375 0.00625
0 0.875 0.6328125 0.015625 0.015625
0 0.77421875 0.6484375 0.015625 0.015625
0 0.08359375 0.7578125 0.015625 0.015625
0 0.75546875 0.6515625 0.015625 0.0109375
0 0.703125 0.66015625 0.015625 0.015625
0 0.2421875 0.7328125 0.021875 0.021875
0 0.2921875 0.725 0.0171875 0.0203125
0 0.3015625 0.7234375 0.021875 0.021875
0 0.3703125 0.7125 0.021875 0.0265625
0 0.39765625 0.7109375 0.0171875 0.0203125
0 0.72890625 0.65859375 0.0109375 0.0109375
0 0.6625 0.66875 0.0109375 0.015625
0 0.07734375 0.76171875 0.0125 0.025
0 0.2625 0.73203125 0.021875 0.021875
0 0.63046875 0.6765625 0.0125 0.0203125
0 0.74140625 0.65859375 0.015625 0.015625
0 0.56640625 0.68671875 0.015625 0.015625
0 0.83203125 0.64453125 0.015625 0.015625
0 0.79140625 0.65078125 0.0109375 0.0109375
0 0.86953125 0.63828125 0.0109375 0.015625
0 0.71171875 0.665625 0.0125 0.0203125
0 0.80546875 0.65078125 0.015625 0.015625
0 0.35234375 0.72265625 0.0171875 0.0203125
0 0.70234375 0.6671875 0.0109375 0.015625
0 0.59921875 0.68359375 0.0171875 0.0203125
0 0.64765625 0.67578125 0.0109375 0.0109375
0 0.3390625 0.72734375 0.0171875 0.025
0 0.84453125 0.646875 0.0109375 0.0109375
0 0.5859375 0.68828125 0.015625 0.0109375
0 0.68828125 0.671875 0.0109375 0.0109375
0 0.6734375 0.67421875 0.0171875 0.0203125
0 0.4171875 0.71484375 0.015625 0.015625
0 0.21796875 0.74609375 0.021875 0.0265625
0 0.72578125 0.66796875 0.015625 0.015625
0 0.28203125 0.73828125 0.0109375 0.015625
0 0.6234375 0.68671875 0.015625 0.015625
0 0.1296875 0.76484375 0.0171875 0.025
0 0.209375 0.75234375 0.01875 0.0296875
0 0.10234375 0.76953125 0.0125 0.0203125
0 0.8125 0.65703125 0.0171875 0.025
0 0.38515625 0.725 0.0171875 0.025
0 0.31015625 0.73671875 0.0203125 0.0171875
0 0.740625 0.66875 0.015625 0.015625
0 0.89765625 0.64375 0.015625 0.015625
0 0.36328125 0.728125 0.0171875 0.0203125
0 0.59140625 0.6921875 0.015625 0.0109375
0 0.66484375 0.68046875 0.0109375 0.0109375
0 0.328125 0.73359375 0.0234375 0.03125
0 0.565625 0.69609375 0.015625 0.015625
0 0.20078125 0.75625 0.021875 0.0265625
0 0.6375 0.68671875 0.0109375 0.0109375
0 0.29453125 0.74140625 0.021875 0.021875
0 0.7703125 0.66640625 0.0125 0.0203125
0 0.25546875 0.75 0.0171875 0.025
0 0.79375 0.66484375 0.0171875 0.0203125
0 0.7109375 0.678125 0.015625 0.015625
0 0.85546875 0.6546875 0.0171875 0.0203125
0 0.8296875 0.6609375 0.0125 0.0203125
0 0.271875 0.75 0.0171875 0.025
0 0.04609375 0.78515625 0.0171875 0.0203125
0 0.84140625 0.659375 0.0109375 0.0109375
0 0.775 0.6703125 0.0125 0.0203125
0 0.64765625 0.6921875 0.0171875 0.0203125
0 0.625 0.69609375 0.015625 0.015625
0 0.7828125 0.67109375 0.0109375 0.015625
0 0.67109375 0.6890625 0.0171875 0.0203125
0 0.35078125 0.7421875 0.021875 0.021875
0 0.70703125 0.68515625 0.0109375 0.015625
0 0.6890625 0.68828125 0.0171875 0.025
0 0.08984375 0.78359375 0.0234375 0.03125
0 0.728125 0.68203125 0.0171875 0.0203125
0 0.70078125 0.6890625 0.0125 0.0203125
0 0.5984375 0.70546875 0.0203125 0.0171875
0 0.1 0.784375 0.01875 0.0296875
0 0.24453125 0.7625 0.021875 0.0265625
0 0.57265625 0.7109375 0.021875 0.021875
0 0.80234375 0.67421875 0.015625 0.015625
0 0.3125 0.7515625 0.0171875 0.0203125
0 0.0703125 0.790625 0.021875 0.021875
0 0.6125 0.70703125 0.0171875 0.025
0 0.63984375 0.70234375 0.0171875 0.0203125
0 0.58515625 0.7109375 0.0109375 0.015625
0 0.4203125 0.7375 0.021875 0.021875
0 0.2671875 0.76171875 0.028125 0.0359375
0 0.528125 0.72265625 0.015625 0.015625
0 0.29765625 0.759375 0.0234375 0.03125
0 0.1328125 0.78515625 0.0234375 0.03125
0 0.84140625 0.67265625 0.015625 0.015625
0 0.628125 0.70703125 0.015625 0.015625
0 0.38828125 0.74453125 0.0171875 0.0203125
0 0.28359375 0.7609375 0.01875 0.0296875
0 0.40703125 0.74375 0.028125 0.0359375
0 0.87421875 0.6703125 0.015625 0.015625
0 0.32734375 0.75703125 0.0234375 0.03125
0 0.71796875 0.69453125 0.0203125 0.0171875
0 0.1125 0.790625 0.01875 0.0296875
0 0.22890625 0.77265625 0.021875 0.0265625
0 0.66171875 0.70625 0.0234375 0.03125
0 0.37578125 0.7515625 0.028125 0.03125
0 0.59765625 0.71640625 0.0171875 0.0203125
0 0.896875 0.66875 0.0125 0.0203125
0 0.7375 0.69453125 0.0171875 0.0203125
0 0.41953125 0.74453125 0.021875 0.021875
0 0.559375 0.725 0.0171875 0.025
0 0.746875 0.6953125 0.0171875 0.0203125
0 0.15859375 0.78828125 0.0171875 0.025
0 0.68515625 0.7046875 0.0171875 0.025
0 0.81328125 0.68671875 0.0171875 0.0203125
0 0.79296875 0.68984375 0.021875 0.0265625
0 0.76015625 0.6953125 0.0171875 0.0203125
0 0.39453125 0.753125 0.021875 0.0265625
0 0.85703125 0.68203125 0.01875 0.0296875
0 0.52265625 0.73515625 0.021875 0.021875
0 0.7765625 0.6953125 0.0171875 0.025
0 0.80703125 0.690625 0.0171875 0.0203125
0 0.05 0.81015625 0.01875 0.034375
0 0.55078125 0.7328125 0.021875 0.021875
0 0.63046875 0.7203125 0.0109375 0.015625
0 0.64453125 0.71875 0.021875 0.021875
0 0.20546875 0.78828125 0.0203125 0.0171875
0 0.5765625 0.73125 0.021875 0.021875
0 0.74609375 0.7046875 0.0109375 0.0109375
0 0.83671875 0.690625 0.0171875 0.0203125
0 0.5125 0.74375 0.021875 0.0265625
0 0.34609375 0.7703125 0.0296875 0.0453125
0 0.90859375 0.68125 0.0171875 0.0203125
0 0.61328125 0.728125 0.0203125 0.0171875
0 0.7328125 0.709375 0.0171875 0.0203125
0 0.878125 0.6859375 0.0171875 0.0203125
0 0.31953125 0.77734375 0.0265625 0.0265625
0 0.58203125 0.73984375 0.021875 0.0265625
0 0.6328125 0.73203125 0.021875 0.021875
0 0.703125 0.72109375 0.0171875 0.0203125
0 0.7609375 0.71171875 0.0171875 0.0203125
0 0.671875 0.728125 0.0203125 0.0171875
0 0.38203125 0.77421875 0.01875 0.0296875
0 0.871875 0.69921875 0.0265625 0.021875
0 0.1625 0.8109375 0.0171875 0.0203125
0 0.75078125 0.71796875 0.0171875 0.0203125
0 0.5609375 0.75078125 0.021875 0.021875
0 0.7875 0.71484375 0.021875 0.0265625
0 0.71875 0.728125 0.028125 0.0359375
0 0.73046875 0.72578125 0.0171875 0.025
0 0.53359375 0.75703125 0.0171875 0.0203125
0 0.7421875 0.72421875 0.021875 0.021875
0 0.80859375 0.7140625 0.0234375 0.03125
0 0.846875 0.7078125 0.0171875 0.0203125
0 0.21328125 0.8078125 0.0265625 0.021875
0 0.590625 0.7484375 0.0125 0.0203125
0 0.39375 0.7796875 0.028125 0.03125
0 0.6578125 0.73984375 0.021875 0.021875
0 0.62109375 0.74609375 0.0203125 0.0171875
0 0.27578125 0.80078125 0.0234375 0.03125
0 0.60234375 0.7484375 0.021875 0.0265625
0 0.76484375 0.7234375 0.0203125 0.0171875
0 0.12265625 0.825 0.0234375 0.03125
0 0.5484375 0.759375 0.025 0.0171875
0 0.67421875 0.73984375 0.021875 0.021875
0 0.64609375 0.74453125 0.0203125 0.0171875
0 0.821875 0.71640625 0.0234375 0.03125
0 0.2578125 0.80546875 0.021875 0.0265625
0 0.69921875 0.73828125 0.028125 0.03125
0 0.425 0.78125 0.0234375 0.03125
0 0.0953125 0.83359375 0.01875 0.0296875
0 0.9625 0.696875 0.0265625 0.021875
0 0.29921875 0.8015625 0.015625 0.015625
0 0.1078125 0.834375 0.0234375 0.03125
0 0.1578125 0.8265625 0.0234375 0.03125
0 0.62421875 0.75234375 0.0203125 0.0171875
0 0.91015625 0.70703125 0.0234375 0.03125
0 0.57265625 0.765625 0.0234375 0.03125
0 0.871875 0.71796875 0.021875 0.021875
0 0.515625 0.7765625 0.028125 0.0359375
0 0.746875 0.73984375 0.028125 0.03125
0 0.7921875 0.7328125 0.021875 0.021875
0 0.6484375 0.75546875 0.015625 0.015625
0 0.5484375 0.77421875 0.015625 0.015625
0 0.1390625 0.8390625 0.0203125 0.0171875
0 0.43828125 0.79140625 0.021875 0.0265625
0 0.94375 0.7109375 0.0234375 0.034375
0 0.06796875 0.85 0.021875 0.0265625
0 0.85234375 0.728125 0.0265625 0.021875
0 0.2875 0.81796875 0.021875 0.021875
0 0.81640625 0.73359375 0.0171875 0.0203125
0 0.7609375 0.74453125 0.021875 0.021875
0 0.96015625 0.7125 0.021875 0.021875
0 0.66328125 0.759375 0.028125 0.03125
0 0.625 0.76796875 0.0234375 0.034375
0 0.0578125 0.8578125 0.01875 0.0296875
0 0.684375 0.75859375 0.0234375 0.034375
0 0.334375 0.81640625 0.0234375 0.03125
0 0.12421875 0.85 0.021875 0.021875
0 0.590625 0.77578125 0.0234375 0.03125
0 0.234375 0.834375 0.0234375 0.03125
0 0.215625 0.8375 0.0234375 0.034375
0 0.41953125 0.80546875 0.021875 0.0265625
0 0.8375 0.7390625 0.0171875 0.0203125
0 0.778125 0.7484375 0.0234375 0.034375
0 0.2734375 0.83125 0.0234375 0.03125
0 0.86328125 0.7375 0.021875 0.021875
0 0.5734375 0.78359375 0.021875 0.021875
0 0.703125 0.7625 0.0234375 0.03125
0 0.540625 0.78828125 0.021875 0.021875
0 0.0796875 0.8640625 0.0171875 0.025
0 0.315625 0.8265625 0.028125 0.03125
0 0.5578125 0.790625 0.0171875 0.025
0 0.93046875 0.73125 0.021875 0.0265625
0 0.43515625 0.8125 0.021875 0.0265625
0 0.50078125 0.80234375 0.021875 0.021875
0 0.90625 0.740625 0.0265625 0.0265625
0 0.60625 0.7875 0.0234375 0.03125
0 0.14921875 0.8625 0.028125 0.0359375
0 0.24609375 0.846875 0.021875 0.021875
0 0.7234375 0.77421875 0.0359375 0.0359375
0 0.06796875 0.87734375 0.021875 0.0265625
0 0.525 0.80546875 0.0171875 0.0203125
0 0.415625 0.825 0.021875 0.021875
0 0.64375 0.7890625 0.0390625 0.0546875
0 0.75859375 0.7703125 0.0328125 0.040625
0 0.0953125 0.87578125 0.028125 0.040625
0 0.1203125 0.871875 0.0265625 0.021875
0 0.815625 0.76171875 0.0328125 0.040625
0 0.58515625 0.80078125 0.0203125 0.0171875
0 0.834375 0.76328125 0.01875 0.0296875
0 0.84375 0.76171875 0.0234375 0.03125
0 0.2015625 0.86328125 0.021875 0.021875
0 0.2953125 0.84921875 0.0375 0.0453125
0 0.5703125 0.8078125 0.015625 0.015625
0 0.88359375 0.7578125 0.021875 0.021875
0 0.92890625 0.75078125 0.021875 0.021875
0 0.5515625 0.8109375 0.0265625 0.021875
0 0.6703125 0.79140625 0.0203125 0.0171875
0 0.90625 0.75703125 0.021875 0.0265625
0 0.17890625 0.871875 0.0265625 0.0265625
0 0.52421875 0.8171875 0.028125 0.03125
0 0.25234375 0.86015625 0.0265625 0.0265625
0 0.0875 0.88671875 0.0203125 0.0171875
0 0.79921875 0.77578125 0.0265625 0.0265625
0 0.8609375 0.76640625 0.0375 0.0453125
0 0.50703125 0.82265625 0.0171875 0.0203125
0 0.96796875 0.74921875 0.01875 0.034375
0 0.31953125 0.8546875 0.028125 0.03125
0 0.27578125 0.8640625 0.028125 0.0359375
0 0.13515625 0.8859375 0.0234375 0.03125
0 0.41875 0.84375 0.0234375 0.03125
0 0.22421875 0.87421875 0.0265625 0.021875
0 0.44140625 0.83984375 0.0265625 0.021875
0 0.9265625 0.765625 0.021875 0.0265625
0 0.06484375 0.90234375 0.0171875 0.0203125
0 0.715625 0.7984375 0.03125 0.028125
0 0.675 0.8078125 0.03125 0.028125
0 0.575 0.8234375 0.021875 0.0265625
0 0.59296875 0.82265625 0.0234375 0.034375
0 0.08359375 0.90390625 0.03125 0.0234375
0 0.91796875 0.771875 0.0234375 0.03125
0 0.51796875 0.83515625 0.021875 0.021875
0 0.8921875 0.77578125 0.0328125 0.0328125
0 0.13203125 0.90078125 0.0328125 0.0328125
0 0.54140625 0.8359375 0.0234375 0.03125
0 0.33125 0.86953125 0.028125 0.03125
0 0.61015625 0.82734375 0.0359375 0.028125
0 0.5578125 0.8359375 0.0265625 0.0265625
0 0.5078125 0.84609375 0.0171875 0.0203125
0 0.7 0.815625 0.0171875 0.0203125
0 0.82109375 0.79609375 0.028125 0.0359375
0 0.79375 0.80078125 0.0328125 0.0359375
0 0.94765625 0.78046875 0.0375 0.0453125
0 0.98203125 0.775 0.0296875 0.0484375
0 0.07265625 0.92109375 0.028125 0.03125
0 0.090625 0.91875 0.0265625 0.0265625
0 0.84296875 0.8015625 0.0375 0.0453125
0 0.6875 0.8265625 0.021875 0.0265625
0 0.75234375 0.81875 0.0609375 0.05
0 0.1234375 0.91796875 0.0359375 0.0359375
0 0.71796875 0.8265625 0.0234375 0.03125
0 0.3328125 0.8921875 0.028125 0.03125
0 0.16328125 0.91875 0.0296875 0.0453125
0 0.92265625 0.80078125 0.028125 0.0359375
0 0.89453125 0.8125 0.0421875 0.046875
0 0.43671875 0.88515625 0.0453125 0.0609375
0 0.2703125 0.91171875 0.0625 0.08125
0 0.47578125 0.88359375 0.053125 0.0796875
0 0.575 0.86796875 0.04375 0.0515625
0 0.6640625 0.85625 0.0390625 0.0546875
0 0.6046875 0.865625 0.025 0.04375
0 0.70859375 0.8515625 0.0234375 0.03125
0 0.54375 0.8796875 0.0484375 0.05625
0 0.5140625 0.884375 0.03125 0.0578125
0 0.1234375 0.9484375 0.059375 0.040625
0 0.409375 0.90625 0.0421875 0.046875
0 0.80546875 0.8453125 0.0390625 0.0546875
0 0.62265625 0.87421875 0.04375 0.05625
0 0.3078125 0.92890625 0.0390625 0.0546875
0 0.08203125 0.96484375 0.0375 0.06875
0 0.9515625 0.83203125 0.0296875 0.0484375
0 0.33203125 0.93203125 0.0296875 0.0484375
0 0.36640625 0.9296875 0.0578125 0.084375
0 0.753125 0.8703125 0.0515625 0.0703125
0 0.97109375 0.8421875 0.040625 0.059375
0 0.69921875 0.88515625 0.05 0.0390625
0 0.84765625 0.8640625 0.065625 0.08125
0 0.5453125 0.93359375 0.040625 0.059375
0 0.23125 0.96484375 0.075 0.0703125
0 0.4546875 0.95234375 0.0421875 0.06875
0 0.409375 0.96171875 0.046875 0.0703125
0 0.15703125 0.9828125 0.0953125 0.034375
0 0.92265625 0.89453125 0.0671875 0.096875
0 0.60546875 0.9453125 0.0796875 0.084375
0 0.95625 0.8921875 0.0375 0.0640625
0 0.71640625 0.934375 0.078125 0.075
0 0.98828125 0.9046875 0.0234375 0.05
0 0.86953125 0.9265625 0.0734375 0.0421875
0 0.52265625 0.98203125 0.0734375 0.0359375