0 0.8671875 0.053125 0.00625 0.009375
0 0.7640625 0.06796875 0.00625 0.009375
0 0.86015625 0.05390625 0.0046875 0.0046875
0 0.78046875 0.06796875 0.0109375 0.0109375
0 0.81953125 0.0625 0.0046875 0.0046875
0 0.7890625 0.06640625 0.0109375 0.015625
0 0.72578125 0.078125 0.009375 0.00625
0 0.796875 0.0703125 0.0046875 0.0046875
0 0.80625 0.06875 0.0046875 0.0046875
0 0.88203125 0.06015625 0.00625 0.009375
0 0.73515625 0.08125 0.0046875 0.0046875
0 0.91015625 0.05625 0.00625 0.009375
0 0.90078125 0.0578125 0.00625 0.009375
0 0.91640625 0.05546875 0.0046875 0.0046875
0 0.8890625 0.059375 0.0109375 0.0109375
0 0.73046875 0.08203125 0.00625 0.009375
0 0.75625 0.08046875 0.00625 0.009375
0 0.9359375 0.0578125 0.0046875 0.0046875
0 0.8078125 0.078125 0.0046875 0.0046875
0 0.8578125 0.07109375 0.0046875 0.0046875
0 0.92421875 0.06171875 0.0046875 0.0046875
0 0.79140625 0.0828125 0.0046875 0.0046875
0 0.78515625 0.08359375 0.0046875 0.0046875
0 0.82421875 0.078125 0.0046875 0.0046875
0 0.7984375 0.08203125 0.00625 0.0140625
0 0.8515625 0.0765625 0.0046875 0.0046875
0 0.875 0.07578125 0.0109375 0.015625
0 0.775 0.0921875 0.00625 0.009375
0 0.6734375 0.10859375 0.0109375 0.0109375
0 0.9421875 0.07109375 0.00625 0.0140625
0 0.89921875 0.0796875 0.0109375 0.0109375
0 0.80546875 0.0953125 0.0046875 0.0046875
0 0.8671875 0.0859375 0.0125 0.0203125
0 0.9359375 0.0765625 0.0109375 0.0109375
0 0.76953125 0.10234375 0.0046875 0.0046875
0 0.7875 0.1 0.0046875 0.0046875
0 0.93125 0.0796875 0.009375 0.00625
0 0.915625 0.084375 0.0109375 0.0109375
0 0.75859375 0.1109375 0.0125 0.0203125
0 0.784375 0.1078125 0.009375 0.00625
0 0.8484375 0.0984375 0.021875 0.0296875
0 0.715625 0.11953125 0.0125 0.0203125
0 0.77578125 0.11328125 0.0109375 0.0109375
0 0.81875 0.10703125 0.00625 0.009375
0 0.90625 0.0953125 0.0109375 0.015625
0 0.740625 0.11796875 0.0109375 0.015625
0 0.675 0.13125 0.0171875 0.0203125
0 0.89296875 0.103125 0.0109375 0.015625
0 0.93671875 0.096875 0.015625 0.0109375
0 0.73671875 0.125 0.0109375 0.0109375
0 0.92265625 0.1015625 0.0109375 0.0109375
0 0.4390625 0.16953125 0.0125 0.0203125
0 0.484375 0.16796875 0.0109375 0.015625
0 0.809375 0.121875 0.021875 0.0265625
0 0.60546875 0.15078125 0.0109375 0.0109375
0 0.38984375 0.18359375 0.0046875 0.0046875
0 0.4515625 0.175 0.0109375 0.0109375
0 0.4015625 0.18203125 0.0109375 0.015625
0 0.7359375 0.13671875 0.0125 0.0203125
0 0.77578125 0.13125 0.0109375 0.015625
0 0.73828125 0.13671875 0.0109375 0.0109375
0 0.91796875 0.1140625 0.015625 0.015625
0 0.47109375 0.1765625 0.0109375 0.015625
0 0.93828125 0.1109375 0.0171875 0.0203125
0 0.5578125 0.16484375 0.00625 0.0140625
0 0.49375 0.1734375 0.0109375 0.015625
0 0.409375 0.1875 0.0046875 0.0046875
0 0.56953125 0.16484375 0.0109375 0.0109375
0 0.88125 0.12109375 0.0125 0.0203125
0 0.3546875 0.1953125 0.0046875 0.0046875
0 0.51015625 0.17578125 0.00625 0.009375
0 0.68046875 0.1546875 0.0171875 0.0203125
0 0.31796875 0.20546875 0.0046875 0.0046875
0 0.48359375 0.18203125 0.0109375 0.015625
0 0.3 0.2078125 0.0046875 0.0046875
0 0.33203125 0.203125 0.0109375 0.015625
0 0.34140625 0.20234375 0.0046875 0.0046875
0 0.36640625 0.1984375 0.0109375 0.0109375
0 0.63203125 0.1609375 0.0171875 0.0296875
0 0.55234375 0.175 0.00625 0.0140625
0 0.475 0.1859375 0.00625 0.009375
0 0.284375 0.21484375 0.0109375 0.015625
0 0.4015625 0.1984375 0.00625 0.0140625
0 0.48828125 0.1859375 0.0125 0.0203125
0 0.41796875 0.19609375 0.00625 0.009375
0 0.4109375 0.19921875 0.00625 0.0140625
0 0.72265625 0.15546875 0.0171875 0.0203125
0 0.278125 0.21796875 0.0046875 0.0046875
0 0.28984375 0.21640625 0.0046875 0.0046875
0 0.4640625 0.19453125 0.0046875 0.0046875
0 0.19765625 0.23125 0.0109375 0.015625
0 0.3515625 0.21015625 0.0046875 0.0046875
0 0.51875 0.18671875 0.0171875 0.0203125
0 0.5671875 0.1796875 0.015625 0.015625
0 0.25546875 0.22578125 0.00625 0.009375
0 0.42578125 0.20234375 0.0046875 0.0046875
0 0.71171875 0.16171875 0.0125 0.0203125
0 0.92265625 0.13203125 0.0125 0.025
0 0.334375 0.2171875 0.009375 0.00625
0 0.74453125 0.16171875 0.0171875 0.0203125
0 0.61171875 0.18046875 0.015625 0.015625
0 0.46015625 0.2015625 0.0125 0.0203125
0 0.4265625 0.20859375 0.0046875 0.0046875
0 0.44921875 0.20546875 0.0171875 0.025
0 0.6578125 0.1765625 0.0171875 0.0203125
0 0.21796875 0.23828125 0.0046875 0.0046875
0 0.059375 0.2609375 0.0109375 0.0109375
0 0.2390625 0.23515625 0.0046875 0.0046875
0 0.4015625 0.2125 0.0125 0.0203125
0 0.90859375 0.14375 0.01875 0.0390625
0 0.24765625 0.23671875 0.00625 0.009375
0 0.2546875 0.23515625 0.0046875 0.0046875
0 0.2640625 0.234375 0.0046875 0.0046875
0 0.4109375 0.21328125 0.0109375 0.0109375
0 0.9515625 0.1375 0.0078125 0.01875
0 0.17734375 0.24609375 0.0046875 0.0046875
0 0.86484375 0.15234375 0.0296875 0.021875
0 0.415625 0.21484375 0.0109375 0.015625
0 0.37421875 0.22109375 0.0109375 0.015625
0 0.115625 0.25703125 0.0046875 0.0046875
0 0.2328125 0.240625 0.0125 0.0203125
0 0.2734375 0.23515625 0.0109375 0.015625
0 0.18828125 0.24921875 0.0046875 0.0046875
0 0.50703125 0.2046875 0.0125 0.0203125
0 0.47578125 0.21171875 0.0171875 0.0203125
0 0.49609375 0.20859375 0.0171875 0.0296875
0 0.16875 0.2546875 0.0046875 0.0046875
0 0.159375 0.25625 0.0109375 0.0109375
0 0.3203125 0.2359375 0.021875 0.0296875
0 0.24296875 0.246875 0.00625 0.009375
0 0.1125 0.2671875 0.0046875 0.0046875
0 0.68515625 0.18671875 0.0125 0.0203125
0 0.6765625 0.18828125 0.0109375 0.015625
0 0.25390625 0.24765625 0.00625 0.0140625
0 0.353125 0.23359375 0.0125 0.0203125
0 0.1390625 0.26328125 0.0046875 0.0046875
0 0.5453125 0.20625 0.0109375 0.015625
0 0.71953125 0.18203125 0.0109375 0.015625
0 0.38984375 0.23046875 0.009375 0.00625
0 0.534375 0.21015625 0.0171875 0.0203125
0 0.078125 0.27421875 0.00625 0.009375
0 0.1234375 0.26796875 0.00625 0.009375
0 0.1328125 0.2671875 0.00625 0.009375
0 0.3390625 0.2375 0.0109375 0.015625
0 0.7015625 0.18671875 0.025 0.04375
0 0.14453125 0.26484375 0.0046875 0.0046875
0 0.83203125 0.1703125 0.0171875 0.0203125
0 0.09921875 0.2734375 0.0046875 0.0046875
0 0.4328125 0.2265625 0.0171875 0.0203125
0 0.66953125 0.19296875 0.0171875 0.0203125
0 0.17734375 0.2625 0.0109375 0.0109375
0 0.21796875 0.25625 0.0125 0.0203125
0 0.93359375 0.15859375 0.021875 0.021875
0 0.82109375 0.17421875 0.0171875 0.0203125
0 0.10625 0.27421875 0.0046875 0.0046875
0 0.11796875 0.27265625 0.0046875 0.0046875
0 0.18359375 0.26328125 0.0078125 0.01875
0 0.56171875 0.21015625 0.0234375 0.034375
0 0.7796875 0.1796875 0.046875 0.046875
0 0.1609375 0.26640625 0.0171875 0.0203125
0 0.58515625 0.20703125 0.0171875 0.0296875
0 0.371875 0.23984375 0.0109375 0.015625
0 0.03984375 0.2859375 0.009375 0.00625
0 0.86484375 0.1703125 0.0390625 0.028125
0 0.75078125 0.18828125 0.021875 0.0296875
0 0.11171875 0.278125 0.0046875 0.0046875
0 0.40234375 0.2375 0.0109375 0.0109375
0 0.71875 0.1953125 0.0109375 0.0109375
0 0.090625 0.28359375 0.00625 0.009375
0 0.134375 0.27734375 0.0109375 0.0109375
0 0.29296875 0.2578125 0.0234375 0.0390625
0 0.14375 0.27890625 0.00625 0.009375
0 0.9234375 0.16875 0.01875 0.0390625
0 0.12734375 0.28125 0.00625 0.009375
0 0.515625 0.22890625 0.0125 0.0203125
0 0.15078125 0.2796875 0.0046875 0.0046875
0 0.0109375 0.3 0.0109375 0.015625
0 0.0203125 0.2984375 0.0046875 0.0046875
0 0.02734375 0.29765625 0.00625 0.009375
0 0.53671875 0.228125 0.0171875 0.0203125
0 0.47265625 0.2375 0.028125 0.034375
0 0.053125 0.29609375 0.0078125 0.01875
0 0.0640625 0.29453125 0.0109375 0.0109375
0 0.115625 0.28984375 0.00625 0.009375
0 0.396875 0.25 0.0109375 0.0109375
0 0.1015625 0.29140625 0.0109375 0.0109375
0 0.596875 0.22421875 0.0171875 0.0203125
0 0.6859375 0.21171875 0.0171875 0.0203125
0 0.3859375 0.25390625 0.0171875 0.0203125
0 0.41796875 0.24921875 0.0125 0.0203125
0 0.20703125 0.27890625 0.0234375 0.034375
0 0.9046875 0.18359375 0.0265625 0.021875
0 0.02421875 0.30703125 0.0109375 0.0109375
0 0.14296875 0.290625 0.0109375 0.015625
0 0.17109375 0.28671875 0.0171875 0.0203125
0 0.04453125 0.3046875 0.0109375 0.015625
0 0.87890625 0.1875 0.04375 0.0296875
0 0.12421875 0.29296875 0.00625 0.009375
0 0.409375 0.25546875 0.0078125 0.01875
0 0.95078125 0.1796875 0.021875 0.0265625
0 0.08125 0.3015625 0.0171875 0.025
0 0.0953125 0.3 0.0109375 0.015625
0 0.1171875 0.3015625 0.00625 0.009375
0 0.00390625 0.3171875 0.00625 0.009375
0 0.13046875 0.29921875 0.0109375 0.015625
0 0.53203125 0.24296875 0.0203125 0.0171875
0 0.66953125 0.2234375 0.0265625 0.021875
0 0.36484375 0.26875 0.021875 0.021875
0 0.0140625 0.31796875 0.0109375 0.0109375
0 0.0625 0.3140625 0.0109375 0.015625
0 0.0234375 0.31953125 0.009375 0.00625
0 0.046875 0.315625 0.009375 0.00625
0 0.59921875 0.240625 0.0125 0.025
0 0.3765625 0.27421875 0.0125 0.0203125
0 0.83828125 0.21171875 0.0359375 0.0359375
0 0.03359375 0.325 0.0125 0.0203125
0 0.10234375 0.315625 0.00625 0.009375
0 0.65234375 0.23828125 0.015625 0.015625
0 0.0453125 0.32578125 0.0171875 0.0203125
0 0.00234375 0.33203125 0.0046875 0.0140625
0 0.68359375 0.23828125 0.021875 0.021875
0 0.59140625 0.25390625 0.0109375 0.0109375
0 0.95625 0.2046875 0.0171875 0.0203125
0 0.628125 0.2484375 0.03125 0.0265625
0 0.33984375 0.29140625 0.0171875 0.0203125
0 0.13359375 0.32265625 0.015625 0.015625
0 0.425 0.28203125 0.0265625 0.0265625
0 0.65625 0.24921875 0.015625 0.0109375
0 0.18515625 0.31796875 0.00625 0.0140625
0 0.0171875 0.34140625 0.015625 0.0109375
0 0.0046875 0.34609375 0.009375 0.0203125
0 0.3796875 0.29296875 0.015625 0.0109375
0 0.1765625 0.3234375 0.0171875 0.025
0 0.5859375 0.26640625 0.021875 0.021875
0 0.0359375 0.34375 0.0109375 0.015625
0 0.1125 0.334375 0.0125 0.0203125
0 0.121875 0.3328125 0.0109375 0.015625
0 0.0546875 0.3421875 0.0109375 0.0109375
0 0.0796875 0.34140625 0.0171875 0.025
0 0.15859375 0.33046875 0.015625 0.015625
0 0.7609375 0.2453125 0.021875 0.0265625
0 0.54609375 0.27578125 0.021875 0.021875
0 0.60546875 0.2671875 0.021875 0.021875
0 0.7015625 0.25390625 0.04375 0.0296875
0 0.13515625 0.3359375 0.0171875 0.0203125
0 0.38125 0.30390625 0.015625 0.015625
0 0.4015625 0.30078125 0.015625 0.015625
0 0.0375 0.35234375 0.0109375 0.0109375
0 0.959375 0.225 0.0171875 0.0296875
0 0.01953125 0.35703125 0.015625 0.0109375
0 0.0046875 0.3609375 0.009375 0.015625
0 0.571875 0.28359375 0.0171875 0.0203125
0 0.86171875 0.2453125 0.0421875 0.046875
0 0.6296875 0.278125 0.0265625 0.03125
0 0.034375 0.3640625 0.015625 0.015625
0 0.815625 0.2546875 0.040625 0.0375
0 0.621875 0.284375 0.0265625 0.021875
0 0.165625 0.35078125 0.0203125 0.0171875
0 0.90859375 0.2484375 0.0375 0.06875
0 0.26015625 0.3421875 0.0359375 0.0640625
0 0.0171875 0.378125 0.0109375 0.0109375
0 0.1234375 0.365625 0.0125 0.0203125
0 0.5 0.31328125 0.025 0.053125
0 0.309375 0.33984375 0.021875 0.0265625
0 0.678125 0.28828125 0.0390625 0.0546875
0 0.22734375 0.35390625 0.0234375 0.034375
0 0.42421875 0.32578125 0.03125 0.0265625
0 0.56171875 0.30703125 0.021875 0.0296875
0 0.14921875 0.3671875 0.0171875 0.0203125
0 0.63515625 0.2984375 0.021875 0.0265625
0 0.95859375 0.25546875 0.0171875 0.025
0 0.25078125 0.35546875 0.0171875 0.0296875
0 0.13203125 0.37421875 0.00625 0.009375
0 0.18203125 0.3671875 0.021875 0.0265625
0 0.60234375 0.31015625 0.0546875 0.034375
0 0.809375 0.2859375 0.0265625 0.03125
0 0.34375 0.3515625 0.021875 0.0296875
0 0.85546875 0.284375 0.0640625 0.0453125
0 0.01484375 0.409375 0.015625 0.015625
0 0.36796875 0.36015625 0.034375 0.0453125
0 0.32109375 0.37265625 0.03125 0.0265625
0 0.0015625 0.4171875 0.003125 0.015625
0 0.403125 0.36171875 0.021875 0.0265625
0 0.284375 0.38046875 0.03125 0.0265625
0 0.13203125 0.40625 0.015625 0.015625
0 0.95234375 0.29375 0.04375 0.0546875
0 0.17109375 0.403125 0.0265625 0.0265625
0 0.2234375 0.3984375 0.021875 0.021875
0 0.26171875 0.39765625 0.0296875 0.021875
0 0.6765625 0.33984375 0.021875 0.0265625
0 0.44296875 0.375 0.0421875 0.046875
0 0.19375 0.4125 0.034375 0.0234375
0 0.5765625 0.36328125 0.040625 0.06875
0 0.76953125 0.33828125 0.078125 0.078125
0 0.14296875 0.4265625 0.03125 0.0265625
0 0.0203125 0.4484375 0.034375 0.0453125
0 0.00234375 0.45390625 0.0046875 0.0390625
0 0.35078125 0.40390625 0.0359375 0.0359375
0 0.30859375 0.4171875 0.0296875 0.0484375
0 0.4140625 0.40703125 0.0390625 0.028125
0 0.6484375 0.37890625 0.0546875 0.1015625
0 0.8984375 0.34375 0.065625 0.08125
0 0.15 0.45546875 0.0265625 0.021875
0 0.55625 0.3984375 0.0375 0.05
0 0.10625 0.46171875 0.06875 0.103125
0 0.2765625 0.4421875 0.034375 0.0453125
0 0.478125 0.4140625 0.0265625 0.03125
0 0.24296875 0.4515625 0.0265625 0.0625
0 0.97265625 0.35625 0.025 0.0796875
0 0.5734375 0.42421875 0.0453125 0.0375
0 0.86015625 0.3859375 0.06875 0.0375
0 0.0171875 0.50703125 0.0203125 0.0421875
0 0.16328125 0.4984375 0.034375 0.05
0 0.54375 0.44765625 0.025 0.053125
0 0.0328125 0.51953125 0.0296875 0.021875
0 0.36171875 0.4796875 0.034375 0.0546875
0 0.4421875 0.46875 0.0546875 0.04375
0 0.40390625 0.4828125 0.0296875 0.053125
0 0.19453125 0.52421875 0.0296875 0.0484375
0 0.76640625 0.4484375 0.0625 0.0984375
0 0.296875 0.51875 0.0375 0.05
0 0.25078125 0.5421875 0.0265625 0.03125
0 0.5984375 0.5328125 0.0671875 0.1
0 0.909375 0.4890625 0.075 0.11875
0 0.18359375 0.59609375 0.0390625 0.0828125
0 0.44765625 0.5609375 0.0625 0.0578125
0 0.40078125 0.575 0.05 0.075
0 0.73515625 0.5765625 0.0703125 0.121875
0 0.33125 0.68203125 0.071875 0.0953125
0 0.49921875 0.67734375 0.059375 0.10625
0 0.19609375 0.753125 0.08125 0.0921875
0 0.628125 0.71328125 0.071875 0.1265625
0 0.38359375 0.8484375 0.0890625 0.125
0 0.928125 0.021875 0.0109375 0.0109375
0 0.8640625 0.03046875 0.0046875 0.0046875
0 0.92109375 0.02265625 0.0046875 0.0046875
0 0.2171875 0.90390625 0.075 0.0875
0 0.90703125 0.03203125 0.00625 0.009375
0 0.915625 0.03046875 0.00625 0.0140625
0 0.87890625 0.0375 0.00625 0.009375
0 0.89375 0.0375 0.00625 0.009375
0 0.84765625 0.04609375 0.00625 0.009375
0 0.85390625 0.0453125 0.0046875 0.0046875
0 0.8609375 0.04453125 0.0109375 0.0109375
0 0.928125 0.03515625 0.00625 0.009375
0 0.815625 0.053125 0.0046875 0.0046875
0 0.8875 0.0453125 0.0046875 0.0046875
0 0.7703125 0.06171875 0.009375 0.00625
0 0.8390625 0.05234375 0.00625 0.009375
0 0.878125 0.046875 0.00625 0.009375
0 0.7953125 0.0609375 0.0046875 0.0046875
0 0.81171875 0.05859375 0.0046875 0.0046875
0 0.92421875 0.04296875 0.00625 0.009375
0 0.828125 0.05859375 0.00625 0.009375