0 0.66171875 0.33125 0.028125 0.03125
0 0.946875 0.40234375 0.04375 0.0515625
0 0.56328125 0.33984375 0.0453125 0.05625
0 0.86640625 0.39765625 0.0390625 0.0515625
0 0.9109375 0.40859375 0.0453125 0.05625
0 0.43125 0.3296875 0.028125 0.0359375
0 0.99609375 0.43125 0.0078125 0.04375
0 0.53359375 0.35078125 0.0328125 0.0359375
0 0.690625 0.378125 0.0421875 0.0421875
0 0.80078125 0.39765625 0.0390625 0.0515625
0 0.653125 0.3765625 0.0421875 0.0640625
0 0.584375 0.36875 0.0359375 0.05
0 0.2234375 0.3078125 0.0453125 0.05625
0 0.084375 0.2828125 0.0578125 0.08125
0 0.309375 0.325 0.05 0.0578125
0 0.41796875 0.3515625 0.0484375 0.053125
0 0.125 0.30703125 0.0453125 0.05625
0 0.7703125 0.42109375 0.0390625 0.046875
0 0.50546875 0.3765625 0.05 0.0578125
0 0.478125 0.37421875 0.0453125 0.05625
0 0.15625 0.3171875 0.040625 0.05625
0 0.24921875 0.33359375 0.04375 0.046875
0 0.4453125 0.3703125 0.0390625 0.0515625
0 0.7390625 0.42265625 0.028125 0.0359375
0 0.82265625 0.4421875 0.04375 0.046875
0 0.9390625 0.4625 0.04375 0.0515625
0 0.5984375 0.41171875 0.0453125 0.0609375
0 0.2703125 0.3609375 0.040625 0.0609375
0 0.71796875 0.43984375 0.0453125 0.05625
0 0.290625 0.3671875 0.0359375 0.0546875
0 0.48828125 0.40390625 0.0296875 0.0453125
0 0.23828125 0.37109375 0.0421875 0.0640625
0 0.3234375 0.39375 0.046875 0.065625
0 0.3640625 0.41484375 0.0453125 0.05625
0 0.8703125 0.50625 0.08125 0.0859375
0 0.0734375 0.41484375 0.046875 0.065625
0 0.08359375 0.5046875 0.040625 0.05625
0 0.759375 0.64375 0.0515625 0.0703125
0 0.9421875 0.68828125 0.05 0.0578125
0 0.86171875 0.6765625 0.059375 0.0640625
0 0.3234375 0.58359375 0.0453125 0.0609375
0 0.6703125 0.65234375 0.04375 0.0515625
0 0.5953125 0.65078125 0.05 0.0578125
0 0.56953125 0.6484375 0.025 0.0390625
0 0.428125 0.62890625 0.05 0.0578125
0 0.6390625 0.66796875 0.0484375 0.053125
0 0.02265625 0.5640625 0.0359375 0.0546875
0 0.1875 0.59296875 0.0453125 0.05625
0 0.07421875 0.578125 0.0390625 0.046875
0 0.11640625 0.58515625 0.0390625 0.046875
0 0.53515625 0.66171875 0.0453125 0.05625
0 0.3265625 0.62734375 0.0453125 0.0609375
0 0.68203125 0.69609375 0.0390625 0.0515625
0 0.00546875 0.58046875 0.0109375 0.0453125
0 0.2421875 0.628125 0.0359375 0.05