0 0.8265625 0.43515625 0.04375 0.075
0 0.1578125 0.42109375 0.0203125 0.0375
0 0.871875 0.46015625 0.0046875 0.0046875
0 0.19453125 0.4359375 0.0046875 0.009375
0 0.00703125 0.4296875 0.0109375 0.0234375
0 0.9578125 0.46484375 0.009375 0.009375
0 0.8953125 0.465625 0.009375 0.009375
0 0.3046875 0.44453125 0.0203125 0.028125
0 0.54296875 0.453125 0.034375 0.05625
0 0.94140625 0.4671875 0.009375 0.009375
0 0.7125 0.45859375 0.009375 0.0140625
0 0.88359375 0.4671875 0.0046875 0.009375
0 0.6265625 0.45859375 0.0046875 0.009375
0 0.91796875 0.46875 0.009375 0.009375
0 0.059375 0.43828125 0.034375 0.046875
0 0.0828125 0.44375 0.015625 0.0234375
0 0.89296875 0.47265625 0.009375 0.0140625
0 0.12890625 0.4453125 0.015625 0.0234375
0 0.925 0.4734375 0.009375 0.0140625
0 0.425 0.45859375 0.0046875 0.009375
0 0.0359375 0.44453125 0.0203125 0.028125
0 0.69140625 0.46796875 0.009375 0.0140625
0 0.6703125 0.4671875 0.009375 0.0140625
0 0.775 0.4703125 0.09375 0.1421875
0 0.47578125 0.46015625 0.0046875 0.009375
0 0.6984375 0.46796875 0.0046875 0.009375
0 0.4875 0.4625 0.0046875 0.009375
0 0.6265625 0.46796875 0.009375 0.009375
0 0.0109375 0.4484375 0.0203125 0.0328125
0 0.371875 0.45859375 0.0296875 0.0375
0 0.4578125 0.4640625 0.0046875 0.009375
0 0.6515625 0.47109375 0.0296875 0.0609375
0 0.10546875 0.4515625 0.025 0.0375
0 0.26328125 0.45703125 0.025 0.025
0 0.57265625 0.46796875 0.06875 0.0984375
0 0.025 0.44921875 0.0203125 0.0234375
0 0.85234375 0.48046875 0.009375 0.009375
0 0.4125 0.46484375 0.0203125 0.0234375
0 0.51015625 0.46796875 0.0484375 0.0765625
0 0.86171875 0.48203125 0.009375 0.009375
0 0.2078125 0.459375 0.0203125 0.028125
0 0.25078125 0.46328125 0.015625 0.0234375
0 0.28984375 0.46953125 0.0203125 0.0328125
0 0.22265625 0.471875 0.0203125 0.0328125
0 0.34140625 0.48046875 0.053125 0.0859375
0 0.43125 0.48359375 0.025 0.0421875
0 0.2390625 0.47890625 0.025 0.0375
0 0.378125 0.484375 0.025 0.046875
0 0.26640625 0.48515625 0.025 0.0375
0 0.12578125 0.4796875 0.0328125 0.0375
0 0.72421875 0.5078125 0.0390625 0.065625
0 0.9484375 0.525 0.0484375 0.0671875
0 0.196875 0.4984375 0.053125 0.0765625
0 0.64921875 0.5421875 0.04375 0.05625