0 0.08046875 0.37421875 0.0453125 0.0546875
0 0.01484375 0.38671875 0.0296875 0.0578125
0 0.740625 0.3296875 0.0453125 0.059375
0 0.61875 0.34296875 0.0515625 0.0640625
0 0.8421875 0.3234375 0.046875 0.0734375
0 0.26015625 0.3859375 0.0546875 0.0546875
0 0.70546875 0.346875 0.05 0.0546875
0 0.146875 0.4125 0.046875 0.0734375
0 0.35859375 0.39609375 0.05 0.0546875
0 0.06328125 0.078125 0.046875 0.0640625
0 0.59921875 0.39140625 0.05 0.059375
0 0.44765625 0.40703125 0.05625 0.0734375
0 0.0875 0.4390625 0.0625 0.078125
0 0.9015625 0.3703125 0.0421875 0.071875
0 0.51328125 0.4125 0.0609375 0.0640625
0 0.9765625 0.37421875 0.034375 0.0765625
0 0.9296875 0.01796875 0.0375 0.0359375
0 0.1921875 0.459375 0.0625 0.0828125
0 0.94921875 0.39765625 0.046875 0.0640625
0 0.753125 0.41484375 0.0515625 0.0734375
0 0.27421875 0.4640625 0.0578125 0.078125
0 0.87578125 0.41171875 0.0578125 0.078125
0 0.34765625 0.46015625 0.0421875 0.071875
0 0.61171875 0.45078125 0.046875 0.0734375
0 0.8265625 0.43203125 0.053125 0.0828125
0 0.5359375 0.46015625 0.0609375 0.0734375
0 0.1234375 0.0796875 0.0328125 0.0578125
0 0.259375 0.56015625 0.0546875 0.05
0 0.184375 0.58359375 0.0484375 0.078125
0 0.20546875 0.0796875 0.0421875 0.0578125
0 0.70078125 0.0359375 0.0421875 0.0578125
0 0.28671875 0.61171875 0.0625 0.078125
0 0.97890625 0.58984375 0.0421875 0.0734375
0 0.3734375 0.65078125 0.0578125 0.078125
0 0.09375 0.69140625 0.0515625 0.06875
0 0.41015625 0.665625 0.0453125 0.059375
0 0.21875 0.684375 0.0703125 0.0796875
0 0.78515625 0.040625 0.0359375 0.053125
0 0.04453125 0.70703125 0.0625 0.0875
0 0.13828125 0.75078125 0.0625 0.0921875
0 0.66953125 0.7078125 0.0578125 0.0921875
0 0.4546875 0.7265625 0.053125 0.078125
0 0.5078125 0.721875 0.0625 0.0921875
0 0.4 0.740625 0.0625 0.0875
0 0.33125 0.0875 0.0421875 0.0578125
0 0.23046875 0.09609375 0.0265625 0.0390625
0 0.34140625 0.7578125 0.0625 0.0875
0 0.56953125 0.7375 0.053125 0.0875
0 0.165625 0.10390625 0.040625 0.0484375
0 0.8875 0.04375 0.0359375 0.0484375
0 0.9203125 0.7328125 0.0546875 0.059375
0 0.84375 0.04921875 0.0421875 0.0578125
0 0.98203125 0.77421875 0.0359375 0.0734375
0 0.79375 0.79765625 0.06875 0.1015625
0 0.9265625 0.8 0.0515625 0.0734375
0 0.8140625 0.05703125 0.05 0.0546875
0 0.9484375 0.04765625 0.034375 0.0671875
0 0.27265625 0.10625 0.0421875 0.0671875
0 0.05625 0.92265625 0.0484375 0.0875
0 0.1140625 0.12265625 0.0359375 0.053125
0 0.009375 0.13828125 0.01875 0.0484375
0 0.15078125 0.14453125 0.0421875 0.0578125
0 0.61015625 0.10703125 0.040625 0.04375
0 0.73203125 0.0984375 0.0359375 0.053125
0 0.5203125 0.11953125 0.0328125 0.053125
0 0.3125 0.1421875 0.0453125 0.059375
0 0.38671875 0.13828125 0.0328125 0.0484375
0 0.24921875 0.15234375 0.040625 0.0484375
0 0.18046875 0.1609375 0.040625 0.053125
0 0.42109375 0.15390625 0.0359375 0.0484375
0 0.55078125 0.1453125 0.0375 0.0578125
0 0.37734375 0.1625 0.040625 0.0484375
0 0.4859375 0.153125 0.0328125 0.0484375
0 0.65859375 0.13828125 0.0359375 0.0484375
0 0.21640625 0.17890625 0.0390625 0.0390625
0 0.08515625 0.1921875 0.046875 0.0734375
0 0.853125 0.12734375 0.0484375 0.078125
0 0.0109375 0.059375 0.021875 0.0375
0 0.31953125 0.1953125 0.034375 0.0390625
0 0.578125 0.17734375 0.0515625 0.06875
0 0.80078125 0.1625 0.0421875 0.0625
0 0.02109375 0.2375 0.0328125 0.0625
0 0.11171875 0.23203125 0.0421875 0.0578125
0 0.7375 0.01015625 0.040625 0.0203125
0 0.04140625 0.059375 0.0359375 0.04375
0 0.25703125 0.22421875 0.0421875 0.0625
0 0.5 0.203125 0.0453125 0.05
0 0.42578125 0.21171875 0.0453125 0.05
0 0.22421875 0.2453125 0.0484375 0.078125
0 0.21171875 0.046875 0.0359375 0.04375
0 0.6734375 0.221875 0.0375 0.0671875
0 0.31171875 0.2609375 0.0484375 0.0828125
0 0.60546875 0.24453125 0.040625 0.0484375
0 0.4234375 0.2625 0.046875 0.0734375
0 0.3640625 0.27265625 0.0515625 0.06875
0 0.8046875 0.23671875 0.05625 0.06875
0 0.1359375 0.0578125 0.0421875 0.0578125
0 0.9453125 0.00703125 0.028125 0.0140625
0 0.09453125 0.06171875 0.0375 0.0578125
0 0.70625 0.259375 0.040625 0.053125
0 0.86640625 0.0140625 0.0421875 0.028125
0 0.87734375 0.2671875 0.040625 0.053125
0 0.22265625 0.32890625 0.05625 0.0734375
0 0.76640625 0.28125 0.040625 0.053125
0 0.9359375 0.2734375 0.0515625 0.06875
0 0.65703125 0.303125 0.0421875 0.071875
0 0.475 0.32109375 0.05625 0.0640625
0 0.04921875 0.365625 0.0421875 0.0625
0 0.9 0.2953125 0.0453125 0.0546875