0 0.38046875 0.48671875 0.0203125 0.0171875
0 0.60703125 0.45234375 0.0171875 0.0203125
0 0.69921875 0.4375 0.0171875 0.025
0 0.2671875 0.50859375 0.0171875 0.025
0 0.790625 0.428125 0.0171875 0.025
0 0.6859375 0.446875 0.0171875 0.025
0 0.028125 0.55078125 0.0171875 0.025
0 0.38515625 0.496875 0.015625 0.015625
0 0.715625 0.44453125 0.0171875 0.0203125
0 0.20234375 0.528125 0.021875 0.0265625
0 0.73046875 0.44453125 0.0171875 0.025
0 0.67109375 0.45859375 0.01875 0.0296875
0 0.2984375 0.51796875 0.0171875 0.025
0 0.3515625 0.509375 0.0171875 0.0203125
0 0.91171875 0.42265625 0.0234375 0.03125
0 0.81640625 0.440625 0.021875 0.0265625
0 0.6171875 0.471875 0.0171875 0.025
0 0.753125 0.453125 0.0171875 0.025
0 0.39140625 0.51015625 0.0171875 0.0203125
0 0.71484375 0.4609375 0.01875 0.0296875
0 0.96640625 0.4265625 0.0234375 0.03125
0 0.76796875 0.46015625 0.0171875 0.025
0 0.94609375 0.43203125 0.0171875 0.0203125
0 0.365625 0.5234375 0.0171875 0.0203125
0 0.86875 0.44375 0.01875 0.0296875
0 0.8546875 0.4484375 0.0171875 0.0203125
0 0.72890625 0.46875 0.028125 0.03125
0 0.8375 0.45390625 0.0171875 0.025
0 0.34140625 0.534375 0.021875 0.0265625
0 0.35234375 0.5328125 0.0171875 0.025
0 0.01484375 0.58671875 0.0171875 0.025
0 0.1515625 0.56484375 0.0234375 0.03125
0 0.12421875 0.57109375 0.021875 0.0265625
0 0.40390625 0.5296875 0.0171875 0.025
0 0.38125 0.5328125 0.0171875 0.0203125
0 0.8890625 0.45234375 0.021875 0.021875
0 0.31953125 0.54296875 0.0234375 0.03125
0 0.24140625 0.5578125 0.0234375 0.03125
0 0.29921875 0.5484375 0.025 0.0390625
0 0.93671875 0.44765625 0.01875 0.0296875
0 0.81171875 0.46953125 0.01875 0.0296875
0 0.39140625 0.5359375 0.0171875 0.0203125
0 0.7953125 0.471875 0.0171875 0.0203125
0 0.7578125 0.4828125 0.021875 0.0265625
0 0.8578125 0.4671875 0.0234375 0.03125
0 0.77421875 0.4828125 0.0234375 0.03125
0 0.36953125 0.54921875 0.021875 0.0265625
0 0.9828125 0.45625 0.0171875 0.025
0 0.415625 0.5484375 0.01875 0.0296875
0 0.3515625 0.55859375 0.0234375 0.03125
0 0.3890625 0.5546875 0.01875 0.0296875
0 0.10625 0.6046875 0.01875 0.0296875
0 0.80390625 0.49609375 0.0234375 0.03125
0 0.27421875 0.5828125 0.01875 0.034375
0 0.96015625 0.4734375 0.0234375 0.03125
0 0.84140625 0.4953125 0.021875 0.021875
0 0.41171875 0.56328125 0.0234375 0.03125
0 0.31328125 0.57890625 0.0234375 0.03125
0 0.90546875 0.48515625 0.0234375 0.03125
0 0.521875 0.54765625 0.01875 0.0296875
0 0.9328125 0.4828125 0.0234375 0.03125
0 0.35078125 0.57734375 0.0171875 0.025
0 0.590625 0.5390625 0.01875 0.0296875
0 0.87890625 0.49375 0.01875 0.0296875
0 0.215625 0.5984375 0.0234375 0.03125
0 0.38046875 0.57265625 0.021875 0.0265625
0 0.24765625 0.59609375 0.021875 0.0265625
0 0.98828125 0.4828125 0.0234375 0.03125
0 0.4 0.5765625 0.0234375 0.03125
0 0.459375 0.5671875 0.0234375 0.03125
0 0.82109375 0.5125 0.0234375 0.034375
0 0.609375 0.03515625 0.009375 0.00625
0 0.85078125 0.5125 0.0234375 0.03125
0 0.87421875 0.50859375 0.0171875 0.0203125
0 0.9390625 0.503125 0.0171875 0.0203125
0 0.440625 0.58203125 0.0171875 0.0203125
0 0.35390625 0.5984375 0.0234375 0.03125
0 0.42265625 0.5921875 0.0234375 0.034375
0 0.93046875 0.51171875 0.0234375 0.034375
0 0.965625 0.50859375 0.0234375 0.03125
0 0.31640625 0.61640625 0.0234375 0.034375
0 0.33046875 0.6140625 0.0234375 0.03125
0 0.9203125 0.5203125 0.0234375 0.03125
0 0.27578125 0.625 0.0234375 0.03125
0 0.38828125 0.60703125 0.0234375 0.034375
0 0.875 0.53203125 0.021875 0.0265625
0 0.18046875 0.64453125 0.0234375 0.03125
0 0.90859375 0.53359375 0.0234375 0.03125
0 0.2453125 0.63828125 0.0234375 0.034375
0 0.0515625 0.66875 0.028125 0.0359375
0 0.44453125 0.609375 0.0171875 0.0203125
0 0.47734375 0.60625 0.021875 0.021875
0 0.13828125 0.66015625 0.0234375 0.034375
0 0.2140625 0.1 0.0109375 0.0109375
0 0.6328125 0.584375 0.0171875 0.0203125
0 0.409375 0.62421875 0.0234375 0.03125
0 0.22421875 0.65390625 0.028125 0.0359375
0 0.38828125 0.07265625 0.00625 0.009375
0 0.496875 0.6125 0.021875 0.0265625
0 0.4546875 0.6265625 0.021875 0.0265625
0 0.63515625 0.0359375 0.00625 0.009375
0 0.084375 0.68984375 0.0234375 0.034375
0 0.26484375 0.6734375 0.025 0.0390625
0 0.43125 0.646875 0.0234375 0.034375
0 0.63046875 0.615625 0.0234375 0.03125
0 0.48046875 0.64140625 0.0234375 0.03125
0 0.49609375 0.64140625 0.021875 0.0265625
0 0.15859375 0.69453125 0.028125 0.03125
0 0.51484375 0.640625 0.0234375 0.03125
0 0.44453125 0.65234375 0.0234375 0.034375
0 0.54765625 0.63828125 0.0171875 0.025
0 0.6265625 0.0390625 0.0109375 0.0109375
0 0.53203125 0.64296875 0.028125 0.0359375
0 0.40234375 0.665625 0.0234375 0.034375
0 0.07265625 0.71796875 0.0234375 0.034375
0 0.5609375 0.64765625 0.0234375 0.03125
0 0.5046875 0.665625 0.0234375 0.03125
0 0.65625 0.64140625 0.028125 0.040625
0 0.04609375 0.740625 0.0234375 0.034375
0 0.17890625 0.71953125 0.0234375 0.034375
0 0.8390625 0.0078125 0.0109375 0.0109375
0 0.6953125 0.03046875 0.00625 0.009375
0 0.5296875 0.6734375 0.021875 0.021875
0 0.56640625 0.6671875 0.0234375 0.034375
0 0.42734375 0.6921875 0.028125 0.040625
0 0.49375 0.0625 0.00625 0.009375
0 0.628125 0.66015625 0.0234375 0.03125
0 0.58828125 0.67109375 0.0234375 0.03125
0 0.4953125 0.68828125 0.0296875 0.0453125
0 0.11484375 0.7578125 0.028125 0.040625
0 0.70078125 0.0328125 0.00625 0.009375
0 0.26796875 0.7359375 0.025 0.0390625
0 0.53828125 0.69765625 0.028125 0.040625
0 0.90625 0.63984375 0.065625 0.103125
0 0.45625 0.7109375 0.0296875 0.0453125
0 0.64609375 0.68125 0.025 0.0390625
0 0.4171875 0.7171875 0.028125 0.040625
0 0.7171875 0.671875 0.028125 0.03125
0 0.37890625 0.728125 0.0296875 0.0453125
0 0.2125 0.759375 0.0296875 0.0453125
0 0.684375 0.0375 0.00625 0.009375
0 0.5734375 0.71328125 0.025 0.04375
0 0.8015625 0.684375 0.025 0.0390625
0 0.53671875 0.73046875 0.0203125 0.0390625
0 0.5234375 0.7375 0.025 0.04375
0 0.3203125 0.76953125 0.0296875 0.0484375
0 0.8609375 0.01171875 0.009375 0.00625
0 0.4171875 0.76171875 0.0296875 0.0484375
0 0.896875 0.00625 0.00625 0.009375
0 0.484375 0.75546875 0.028125 0.040625
0 0.07265625 0.82109375 0.0265625 0.0265625
0 0.35390625 0.77890625 0.0296875 0.0453125
0 0.453125 0.76796875 0.0234375 0.034375
0 0.81796875 0.71484375 0.034375 0.0453125
0 0.78984375 0.71875 0.0234375 0.03125
0 0.30078125 0.796875 0.028125 0.040625
0 0.8390625 0.71640625 0.01875 0.0296875
0 0.8890625 0.009375 0.0046875 0.0046875
0 0.91640625 0.00546875 0.0046875 0.0046875
0 0.384375 0.790625 0.021875 0.0265625
0 0.853125 0.71875 0.0234375 0.034375
0 0.8796875 0.0109375 0.009375 0.00625
0 0.69375 0.74609375 0.0328125 0.040625
0 0.90546875 0.72109375 0.0328125 0.040625
0 0.32890625 0.8125 0.021875 0.0265625
0 0.078125 0.8546875 0.0296875 0.0484375
0 0.77421875 0.7515625 0.0328125 0.040625
0 0.29765625 0.834375 0.0296875 0.0453125
0 0.8171875 0.76875 0.028125 0.0359375
0 0.259375 0.859375 0.034375 0.0453125
0 0.79140625 0.78671875 0.0359375 0.0328125
0 0.75625 0.796875 0.028125 0.040625
0 0.19765625 0.8859375 0.034375 0.0453125
0 0.16171875 0.89375 0.0296875 0.0484375
0 0.140625 0.9078125 0.028125 0.040625
0 0.621875 0.8390625 0.0625 0.0859375
0 0.78515625 0.82265625 0.040625 0.059375
0 0.0703125 0.940625 0.021875 0.053125
0 0.22578125 0.915625 0.0390625 0.05
0 0.82421875 0.83046875 0.046875 0.0703125
0 0.678125 0.85390625 0.0375 0.040625
0 0.71484375 0.85078125 0.0515625 0.0703125
0 0.3765625 0.90625 0.1125 0.16875
0 0.8734375 0.83203125 0.0828125 0.1296875
0 0.08984375 0.95625 0.0234375 0.034375
0 0.490625 0.08671875 0.00625 0.009375
0 0.309375 0.9265625 0.0296875 0.0453125
0 0.1453125 0.9546875 0.0328125 0.040625
0 0.57265625 0.89921875 0.025 0.0390625
0 0.55546875 0.91015625 0.0453125 0.0609375
0 0.1109375 0.98359375 0.034375 0.0328125
0 0.46796875 0.94765625 0.059375 0.0890625
0 0.66796875 0.928125 0.1578125 0.11875
0 0.5625 0.96796875 0.0484375 0.05625
0 0.3484375 0.29921875 0.0171875 0.0203125
0 0.659375 0.25 0.0125 0.025
0 0.3109375 0.309375 0.0171875 0.0203125
0 0.221875 0.328125 0.0125 0.0203125
0 0.40078125 0.3046875 0.0125 0.025
0 0.28203125 0.3234375 0.0171875 0.0203125
0 0.5109375 0.2890625 0.0109375 0.015625
0 0.08125 0.36015625 0.0171875 0.0203125
0 0.09140625 0.3609375 0.0109375 0.015625
0 0.57109375 0.28671875 0.0171875 0.0203125
0 0.35703125 0.32109375 0.0125 0.0203125
0 0.58046875 0.28515625 0.0109375 0.015625
0 0.33671875 0.3265625 0.0171875 0.0203125
0 0.684375 0.27109375 0.0109375 0.015625
0 0.6 0.2875 0.0125 0.0203125
0 0.6546875 0.27890625 0.0125 0.0203125
0 0.4953125 0.30625 0.0171875 0.0203125
0 0.4703125 0.31015625 0.0125 0.0203125
0 0.2 0.35546875 0.00625 0.009375
0 0.5109375 0.30625 0.00625 0.0140625
0 0.43203125 0.32109375 0.0109375 0.015625
0 0.35390625 0.33359375 0.0171875 0.0203125
0 0.2078125 0.35625 0.015625 0.015625
0 0.19921875 0.3625 0.0109375 0.015625
0 0.66796875 0.28828125 0.0171875 0.0203125
0 0.32734375 0.34453125 0.0109375 0.015625
0 0.18828125 0.36640625 0.015625 0.0109375
0 0.3796875 0.3359375 0.0125 0.0203125
0 0.23203125 0.359375 0.015625 0.015625
0 0.39609375 0.33359375 0.0125 0.025
0 0.25078125 0.359375 0.0171875 0.025
0 0.3125 0.34921875 0.0171875 0.0203125
0 0.26171875 0.3578125 0.0171875 0.0203125
0 0.78046875 0.275 0.015625 0.015625
0 0.165625 0.37265625 0.0171875 0.0203125
0 0.22578125 0.36796875 0.0125 0.0203125
0 0.06640625 0.3953125 0.0125 0.0203125
0 0.1921875 0.37578125 0.0125 0.0203125
0 0.48515625 0.33125 0.0171875 0.0203125
0 0.36171875 0.35078125 0.0109375 0.015625
0 0.52890625 0.32734375 0.0078125 0.01875
0 0.33671875 0.359375 0.0171875 0.0203125
0 0.50859375 0.3328125 0.0109375 0.015625
0 0.05390625 0.4046875 0.0171875 0.0203125
0 0.0703125 0.4046875 0.0125 0.0203125
0 0.1796875 0.38671875 0.021875 0.0265625
0 0.80625 0.2875 0.0109375 0.015625
0 0.4359375 0.34609375 0.0171875 0.025
0 0.4109375 0.35234375 0.0125 0.0203125
0 0.13828125 0.39609375 0.015625 0.015625
0 0.67890625 0.3125 0.0125 0.025
0 0.37109375 0.36328125 0.0171875 0.025
0 0.0078125 0.41953125 0.015625 0.0203125
0 0.93828125 0.27578125 0.0171875 0.0203125
0 0.31171875 0.375 0.0171875 0.0203125
0 0.121875 0.40703125 0.0171875 0.025
0 0.259375 0.38515625 0.0171875 0.025
0 0.2890625 0.38046875 0.0171875 0.0203125
0 0.82109375 0.29609375 0.0125 0.0203125
0 0.15625 0.4015625 0.0171875 0.0203125
0 0.63203125 0.32890625 0.0171875 0.025
0 0.609375 0.33203125 0.0171875 0.0203125
0 0.7953125 0.30546875 0.0125 0.0203125
0 0.1453125 0.40859375 0.0171875 0.025
0 0.22109375 0.3984375 0.0171875 0.025
0 0.171875 0.4109375 0.0171875 0.0203125
0 0.50390625 0.3609375 0.0171875 0.0203125
0 0.69453125 0.3328125 0.0171875 0.0203125
0 0.471875 0.36875 0.0171875 0.0203125
0 0.709375 0.33046875 0.0125 0.0203125
0 0.74453125 0.325 0.0125 0.025
0 0.20625 0.41015625 0.021875 0.0265625
0 0.4203125 0.37890625 0.0125 0.0203125
0 0.4359375 0.3765625 0.0171875 0.025
0 0.55 0.35859375 0.0125 0.0203125
0 0.1640625 0.421875 0.0171875 0.0203125
0 0.0734375 0.4359375 0.021875 0.0265625
0 0.484375 0.3734375 0.0171875 0.0203125
0 0.85703125 0.31484375 0.0171875 0.025
0 0.290625 0.40390625 0.0171875 0.025
0 0.60625 0.35625 0.0171875 0.0203125
0 0.13515625 0.43125 0.0171875 0.0203125
0 0.528125 0.36875 0.0171875 0.025
0 0.05390625 0.44921875 0.0125 0.0203125
0 0.35078125 0.4015625 0.015625 0.015625
0 0.9296875 0.31015625 0.021875 0.021875
0 0.7421875 0.3421875 0.0171875 0.025
0 0.57734375 0.3703125 0.0171875 0.025
0 0.37734375 0.40234375 0.0171875 0.0203125
0 0.3171875 0.41171875 0.021875 0.0265625
0 0.503125 0.38515625 0.0234375 0.034375
0 0.196875 0.4359375 0.0125 0.025
0 0.171875 0.4421875 0.0171875 0.025
0 0.55234375 0.384375 0.0171875 0.025
0 0.70234375 0.36015625 0.021875 0.0265625
0 0.35078125 0.41875 0.0171875 0.0203125
0 0.4015625 0.4125 0.0171875 0.025
0 0.53671875 0.39140625 0.021875 0.021875
0 0.65078125 0.37578125 0.0171875 0.025
0 0.51875 0.39921875 0.0125 0.0203125
0 0.28828125 0.4375 0.0171875 0.025
0 0.96953125 0.3296875 0.021875 0.0265625
0 0.9359375 0.33671875 0.0171875 0.025
0 0.86953125 0.34765625 0.0125 0.0203125
0 0.328125 0.43515625 0.0171875 0.0203125
0 0.115625 0.47109375 0.0171875 0.025
0 0.33515625 0.43671875 0.0109375 0.015625
0 0.56875 0.4 0.0171875 0.0203125
0 0.09765625 0.47421875 0.0109375 0.015625
0 0.63046875 0.3921875 0.0171875 0.0203125
0 0.3515625 0.4390625 0.0171875 0.0203125
0 0.4109375 0.4296875 0.0125 0.0203125
0 0.39140625 0.4328125 0.0171875 0.0203125
0 0.47265625 0.41953125 0.0171875 0.0203125
0 0.37265625 0.43515625 0.015625 0.0109375
0 0.534375 0.41015625 0.0171875 0.0203125
0 0.21015625 0.4609375 0.0171875 0.0203125
0 0.2703125 0.45390625 0.0171875 0.0203125
0 0.5921875 0.403125 0.0171875 0.025
0 0.50859375 0.41875 0.0171875 0.025
0 0.559375 0.41328125 0.021875 0.0265625
0 0.8375 0.36875 0.0171875 0.025
0 0.87265625 0.36328125 0.0125 0.0203125
0 0.328125 0.45 0.0171875 0.0203125
0 0.44296875 0.43359375 0.0125 0.0203125
0 0.90234375 0.3609375 0.0234375 0.03125
0 0.73984375 0.38671875 0.0234375 0.03125
0 0.09453125 0.4890625 0.01875 0.0296875
0 0.64609375 0.40390625 0.0171875 0.0203125
0 0.71328125 0.39609375 0.0171875 0.025
0 0.40625 0.44453125 0.0125 0.0203125
0 0.88515625 0.37109375 0.0171875 0.025
0 0.375 0.4515625 0.0171875 0.025
0 0.48984375 0.43359375 0.0171875 0.025
0 0.2453125 0.475 0.00625 0.0140625
0 0.60859375 0.4171875 0.015625 0.015625
0 0.7578125 0.39609375 0.0171875 0.025
0 0.46484375 0.4421875 0.0171875 0.0203125
0 0.21328125 0.484375 0.0125 0.0203125
0 0.2625 0.4765625 0.021875 0.0265625
0 0.6234375 0.421875 0.0171875 0.0203125
0 0.39296875 0.45859375 0.0171875 0.025
0 0.64453125 0.42109375 0.015625 0.015625
0 0.69765625 0.4125 0.0171875 0.0203125
0 0.6765625 0.415625 0.0171875 0.025
0 0.80234375 0.3984375 0.0171875 0.025
0 0.9125 0.38359375 0.01875 0.0296875
0 0.52421875 0.446875 0.0171875 0.0203125
0 0.6046875 0.434375 0.0171875 0.0203125
0 0.884375 0.3921875 0.0171875 0.025
0 0.38125 0.471875 0.0125 0.0203125
0 0.371875 0.4734375 0.0171875 0.025
0 0.24609375 0.49609375 0.0171875 0.025
0 0.06796875 0.52421875 0.0125 0.025
0 0.95703125 0.38359375 0.021875 0.0265625
0 0.84296875 0.40390625 0.0171875 0.025
0 0.5828125 0.4453125 0.021875 0.0265625
0 0.70625 0.425 0.0109375 0.0109375
0 0.10703125 0.52265625 0.0125 0.025
0 0.0546875 0.53125 0.0171875 0.025
0 0.55546875 0.4515625 0.021875 0.0265625
0 0.77265625 0.41953125 0.01875 0.0296875
0 0.64609375 0.4421875 0.021875 0.0265625
0 0.3140625 0.49453125 0.0171875 0.0203125
0 0.30078125 0.49921875 0.0171875 0.025
0 0.75546875 0.42734375 0.0171875 0.025