0 0.50078125 0.13125 0.040625 0.0671875
0 0.20390625 0.13046875 0.09375 0.1203125
0 0.88203125 0.23515625 0.0953125 0.134375
0 0.33359375 0.221875 0.075 0.1234375
0 0.73046875 0.2640625 0.0921875 0.1578125
0 0.16171875 0.2390625 0.075 0.1046875
0 0.665625 0.03828125 0.0625 0.0625
0 0.98203125 0.325 0.0359375 0.159375
0 0.93984375 0.328125 0.090625 0.1484375
0 0.54765625 0.33359375 0.08125 0.1328125
0 0.471875 0.334375 0.0921875 0.184375
0 0.09453125 0.321875 0.0796875 0.109375
0 0.31015625 0.40859375 0.090625 0.1296875
0 0.19921875 0.0359375 0.0546875 0.071875
0 0.07578125 0.4546875 0.08125 0.1515625
0 0.18828125 0.48125 0.1265625 0.21875
0 0.3765625 0.04765625 0.05625 0.0953125
0 0.55 0.51640625 0.1046875 0.1578125
0 0.07421875 0.04453125 0.0796875 0.0890625
0 0.7375 0.56328125 0.1140625 0.171875
0 0.871875 0.07890625 0.084375 0.125
0 0.453125 0.64375 0.096875 0.1703125
0 0.95859375 0.1015625 0.0828125 0.153125
0 0.45703125 0.08046875 0.0796875 0.1140625
0 0.30546875 0.09765625 0.08125 0.128125