0 0.12421875 0.72734375 0.0328125 0.0203125
0 0.17265625 0.85 0.0375 0.0203125
0 0.77109375 0.87734375 0.0421875 0.0375
0 0.2828125 0.88671875 0.0328125 0.025
0 0.9765625 0.915625 0.0203125 0.0328125
0 0.34453125 0.9 0.0515625 0.0296875
0 0.47421875 0.90859375 0.0328125 0.0296875
0 0.50234375 0.91171875 0.0375 0.0296875
0 0.62421875 0.928125 0.0609375 0.0203125
0 0.35 0.10078125 0.01875 0.009375
0 0.32265625 0.00546875 0.009375 0.0046875
0 0.340625 0.103125 0.0140625 0.009375
0 0.32734375 0.01015625 0.009375 0.0046875
0 0.2359375 0.1640625 0.009375 0.0046875
0 0.24765625 0.1640625 0.0046875 0.0046875
0 0.24296875 0.16875 0.009375 0.0046875
0 0.390625 0.17421875 0.0140625 0.0046875
0 0.6703125 0.18359375 0.0140625 0.0046875
0 0.30234375 0.1734375 0.009375 0.009375
0 0.43671875 0.178125 0.009375 0.0046875
0 0.45078125 0.17890625 0.009375 0.009375
0 0.24921875 0.171875 0.0046875 0.0046875
0 0.684375 0.18671875 0.0140625 0.0046875
0 0.48984375 0.1796875 0.0140625 0.0046875
0 0.63125 0.1875 0.009375 0.0046875
0 0.29140625 0.175 0.0046875 0.0046875
0 0.3140625 0.17578125 0.009375 0.0046875
0 0.6453125 0.1875 0.009375 0.0046875
0 0.2375 0.17578125 0.0046875 0.0046875
0 0.2796875 0.17734375 0.0046875 0.0046875
0 0.33515625 0.17890625 0.009375 0.0046875
0 0.4578125 0.18359375 0.0046875 0.0046875
0 0.7421875 0.19375 0.009375 0.0046875
0 0.3953125 0.18125 0.009375 0.0046875
0 0.4296875 0.1828125 0.0140625 0.0046875
0 0.328125 0.17890625 0.009375 0.0046875
0 0.50859375 0.18515625 0.0046875 0.0046875
0 0.36015625 0.18046875 0.009375 0.0046875
0 0.86015625 0.2 0.01875 0.009375
0 0.27734375 0.1796875 0.0046875 0.0046875
0 0.309375 0.18046875 0.0140625 0.009375
0 0.34921875 0.18203125 0.0140625 0.009375
0 0.4671875 0.1859375 0.0046875 0.009375
0 0.496875 0.1875 0.0140625 0.0046875
0 0.38125 0.1828125 0.009375 0.009375
0 0.41640625 0.184375 0.0140625 0.009375
0 0.56171875 0.18984375 0.0140625 0.009375
0 0.62890625 0.1921875 0.009375 0.009375
0 0.66640625 0.1953125 0.009375 0.0046875
0 0.371875 0.18515625 0.009375 0.0046875
0 0.51796875 0.190625 0.0046875 0.0046875
0 0.68671875 0.19609375 0.009375 0.0046875
0 0.5828125 0.1921875 0.0140625 0.0140625
0 0.765625 0.19921875 0.0140625 0.0046875
0 0.40234375 0.1859375 0.0140625 0.009375
0 0.4578125 0.18828125 0.009375 0.0046875
0 0.47421875 0.19140625 0.009375 0.0046875
0 0.55234375 0.19375 0.0140625 0.0046875
0 0.60546875 0.1953125 0.0140625 0.009375
0 0.6171875 0.19609375 0.009375 0.0046875
0 0.44609375 0.18984375 0.009375 0.0046875
0 0.48515625 0.19140625 0.009375 0.0046875
0 0.64296875 0.196875 0.009375 0.0046875
0 0.52734375 0.19296875 0.009375 0.009375
0 0.23515625 0.18515625 0.009375 0.0046875
0 0.728125 0.20234375 0.01875 0.009375
0 0.57109375 0.196875 0.0140625 0.009375
0 0.74609375 0.203125 0.0140625 0.009375
0 0.596875 0.19765625 0.0140625 0.009375
0 0.69609375 0.2015625 0.0140625 0.009375
0 0.53671875 0.19765625 0.0140625 0.0046875
0 0.51328125 0.196875 0.0140625 0.0046875
0 0.709375 0.20390625 0.009375 0.0046875
0 0.86640625 0.209375 0.01875 0.009375
0 0.90625 0.2109375 0.0140625 0.0140625
0 0.25390625 0.190625 0.0140625 0.009375
0 0.76484375 0.20859375 0.01875 0.0140625
0 0.6375 0.20390625 0.0140625 0.009375
0 0.62109375 0.20546875 0.0140625 0.0046875
0 0.6671875 0.20703125 0.01875 0.009375
0 0.65390625 0.20703125 0.0140625 0.0140625
0 0.60703125 0.20546875 0.0140625 0.009375
0 0.79453125 0.21171875 0.01875 0.009375
0 0.6765625 0.2078125 0.0140625 0.0046875
0 0.70234375 0.2109375 0.0140625 0.009375
0 0.8875 0.2171875 0.01875 0.009375
0 0.92890625 0.22109375 0.009375 0.009375
0 0.74609375 0.21484375 0.0140625 0.009375
0 0.85703125 0.22109375 0.0140625 0.0046875
0 0.93828125 0.2234375 0.0140625 0.009375
0 0.78359375 0.2203125 0.0140625 0.0140625
0 0.97265625 0.2296875 0.01875 0.0140625
0 0.896875 0.2265625 0.0140625 0.0140625
0 0.95390625 0.23125 0.01875 0.0140625
0 0.33828125 0.0171875 0.0140625 0.009375
0 0.4515625 0.02578125 0.009375 0.0046875
0 0.4609375 0.0265625 0.0046875 0.009375
0 0.37265625 0.02578125 0.0140625 0.009375
0 0.53984375 0.03125 0.0046875 0.0046875
0 0.59296875 0.03515625 0.0046875 0.0046875
0 0.6390625 0.03671875 0.0046875 0.0046875
0 0.05234375 0.30859375 0.009375 0.009375
0 0.025 0.3078125 0.0140625 0.0140625
0 0.58125 0.034375 0.009375 0.009375
0 0.04765625 0.31796875 0.009375 0.009375
0 0.60234375 0.0375 0.009375 0.0046875
0 0.4796875 0.03359375 0.009375 0.009375
0 0.49765625 0.034375 0.009375 0.0046875
0 0.5484375 0.0359375 0.0046875 0.0046875
0 0.253125 0.340625 0.0140625 0.009375
0 0.7640625 0.04296875 0.009375 0.009375
0 0.571875 0.03671875 0.0140625 0.009375
0 0.14453125 0.3390625 0.009375 0.009375
0 0.15390625 0.34375 0.0140625 0.0046875
0 0.53515625 0.0375 0.009375 0.0046875
0 0.49296875 0.0359375 0.0140625 0.009375
0 0.59765625 0.03984375 0.0046875 0.0046875
0 0.625 0.040625 0.0046875 0.0046875
0 0.12734375 0.35234375 0.0140625 0.009375
0 0.5625 0.03828125 0.0046875 0.0046875
0 0.68515625 0.04296875 0.0140625 0.0046875
0 0.1578125 0.35625 0.01875 0.009375
0 0.02578125 0.35390625 0.0140625 0.009375
0 0.1109375 0.35703125 0.01875 0.009375
0 0.134375 0.36015625 0.0140625 0.009375
0 0.08828125 0.36484375 0.0140625 0.0140625
0 0.115625 0.36875 0.0140625 0.0046875
0 0.08125 0.3671875 0.0140625 0.0140625
0 0.1015625 0.36796875 0.009375 0.009375
0 0.26796875 0.37890625 0.0140625 0.009375
0 0.0203125 0.371875 0.0140625 0.009375
0 0.3046875 0.38203125 0.0140625 0.009375
0 0.1171875 0.37578125 0.0140625 0.009375
0 0.328125 0.38984375 0.01875 0.009375
0 0.31171875 0.39375 0.009375 0.009375
0 0.3390625 0.4015625 0.0140625 0.0046875
0 0.315625 0.403125 0.0140625 0.009375
0 0.12578125 0.4125 0.0140625 0.009375
0 0.090625 0.41875 0.01875 0.0140625
0 0.18984375 0.4265625 0.01875 0.009375
0 0.196875 0.43828125 0.01875 0.009375
0 0.034375 0.43515625 0.01875 0.0140625
0 0.175 0.4421875 0.0140625 0.009375
0 0.15703125 0.446875 0.01875 0.0140625
0 0.61953125 0.4671875 0.01875 0.0140625
0 0.7140625 0.47109375 0.01875 0.0140625
0 0.515625 0.46640625 0.01875 0.009375
0 0.434375 0.46328125 0.0234375 0.0109375
0 0.4703125 0.4671875 0.01875 0.009375
0 0.3578125 0.46328125 0.01875 0.0140625
0 0.5703125 0.47421875 0.0140625 0.009375
0 0.3875 0.46796875 0.01875 0.0140625
0 0.503125 0.47421875 0.01875 0.009375
0 0.39296875 0.04453125 0.0140625 0.0140625
0 0.7203125 0.48671875 0.01875 0.0140625
0 0.5171875 0.48671875 0.01875 0.0140625
0 0.42421875 0.4859375 0.0234375 0.015625
0 0.590625 0.49140625 0.01875 0.0140625
0 0.45859375 0.4890625 0.009375 0.0046875
0 0.56953125 0.4953125 0.01875 0.009375
0 0.875 0.50625 0.028125 0.0203125
0 0.64609375 0.50546875 0.0140625 0.0140625
0 0.5625 0.50234375 0.01875 0.0140625
0 0.35859375 0.4953125 0.01875 0.0140625
0 0.46796875 0.5015625 0.0234375 0.015625
0 0.5859375 0.50546875 0.0140625 0.009375
0 0.375 0.5 0.028125 0.015625
0 0.65859375 0.5171875 0.0234375 0.0203125
0 0.9390625 0.5296875 0.0375 0.0203125
0 0.621875 0.51796875 0.0234375 0.015625
0 0.55234375 0.515625 0.01875 0.0140625
0 0.5109375 0.5171875 0.028125 0.015625
0 0.44609375 0.51484375 0.0234375 0.015625
0 0.7421875 0.5296875 0.0234375 0.00625
0 0.9921875 0.540625 0.0046875 0.01875
0 0.746875 0.534375 0.01875 0.0140625
0 0.51328125 0.53125 0.0140625 0.0140625
0 0.3671875 0.52734375 0.0234375 0.0203125
0 0.2375 0.525 0.028125 0.0203125
0 0.521875 0.53515625 0.0234375 0.015625
0 0.03125 0.525 0.01875 0.009375
0 0.89375 0.5671875 0.0234375 0.0203125
0 0.03046875 0.53671875 0.028125 0.015625
0 0.86328125 0.5703125 0.028125 0.0203125
0 0.95625 0.58046875 0.01875 0.0140625
0 0.75234375 0.578125 0.028125 0.0203125
0 0.01171875 0.55703125 0.0234375 0.0203125
0 0.571875 0.5765625 0.028125 0.0203125
0 0.91328125 0.59375 0.01875 0.0140625
0 0.66796875 0.58984375 0.0234375 0.015625
0 0.89296875 0.59765625 0.0234375 0.0203125
0 0.06875 0.57578125 0.0234375 0.0109375
0 0.5890625 0.60234375 0.028125 0.0203125
0 0.06171875 0.58828125 0.0234375 0.015625
0 0.734375 0.61484375 0.028125 0.0203125
0 0.5234375 0.628125 0.0375 0.0203125
0 0.43515625 0.634375 0.028125 0.0203125
0 0.1390625 0.6265625 0.028125 0.0203125
0 0.70390625 0.6484375 0.028125 0.0203125
0 0.765625 0.65546875 0.028125 0.0203125
0 0.16875 0.63671875 0.0234375 0.0203125
0 0.1984375 0.646875 0.028125 0.0203125
0 0.65859375 0.6625 0.0234375 0.0203125
0 0.890625 0.6734375 0.01875 0.01875
0 0.2703125 0.65625 0.0234375 0.0203125
0 0.78984375 0.67421875 0.028125 0.0203125
0 0.61171875 0.6703125 0.0328125 0.0203125
0 0.165625 0.66171875 0.0234375 0.0203125
0 0.94296875 0.69140625 0.0234375 0.015625
0 0.153125 0.66875 0.01875 0.01875
0 0.8296875 0.6921875 0.0234375 0.0203125
0 0.190625 0.67421875 0.028125 0.0203125
0 0.946875 0.71015625 0.028125 0.0203125