0 0.4765625 0.1015625 0.0234375 0.034375
0 0.3 0.07890625 0.028125 0.0390625
0 0.39609375 0.09453125 0.0328125 0.040625
0 0.30234375 0.1125 0.0296875 0.0484375
0 0.4296875 0.13515625 0.0265625 0.03125
0 0.52578125 0.1484375 0.0203125 0.0171875
0 0.653125 0.175 0.028125 0.034375
0 0.46484375 0.15078125 0.0171875 0.0203125
0 0.56328125 0.16484375 0.0171875 0.0203125
0 0.68984375 0.1828125 0.0375 0.040625
0 0.89921875 0.2171875 0.0328125 0.0359375
0 0.534375 0.1703125 0.0375 0.040625
0 0.34140625 0.14765625 0.0453125 0.0734375
0 0.39140625 0.15703125 0.0390625 0.0546875
0 0.359375 0.15546875 0.034375 0.0546875
0 0.5875 0.18984375 0.0234375 0.034375
0 0.76640625 0.2171875 0.021875 0.0296875
0 0.8625 0.23046875 0.03125 0.03125
0 0.43359375 0.17265625 0.028125 0.034375
0 0.45859375 0.17890625 0.0265625 0.021875
0 0.6328125 0.20546875 0.034375 0.05
0 0.19765625 0.14453125 0.0375 0.05
0 0.240625 0.15 0.0328125 0.040625
0 0.07890625 0.13203125 0.0546875 0.075
0 0.125 0.14140625 0.0484375 0.0609375
0 0.27109375 0.16171875 0.0328125 0.0359375
0 0.41875 0.1828125 0.028125 0.034375
0 0.55390625 0.2015625 0.021875 0.0296875
0 0.30625 0.16640625 0.0265625 0.03125
0 0.140625 0.14609375 0.0390625 0.0546875
0 0.5671875 0.2078125 0.0171875 0.0296875
0 0.66953125 0.225 0.0328125 0.0359375
0 0.80234375 0.24609375 0.05 0.065625
0 0.69609375 0.23359375 0.0296875 0.04375
0 0.9140625 0.26640625 0.0234375 0.0390625
0 0.615625 0.2265625 0.028125 0.034375
0 0.65 0.23125 0.0328125 0.040625
0 0.70703125 0.2421875 0.0390625 0.059375
0 0.2328125 0.175 0.0375 0.0453125
0 0.51171875 0.21484375 0.03125 0.0578125
0 0.1703125 0.16875 0.0375 0.0453125
0 0.475 0.21171875 0.040625 0.0640625
0 0.58984375 0.228125 0.0328125 0.040625
0 0.95390625 0.28046875 0.05 0.065625
0 0.5390625 0.221875 0.04375 0.0546875
0 0.7453125 0.25625 0.04375 0.0546875
0 0.43984375 0.215625 0.040625 0.0640625
0 0.20859375 0.1921875 0.04375 0.0546875
0 0.98984375 0.3046875 0.0203125 0.021875
0 0.3890625 0.225 0.05 0.0703125
0 0.88125 0.2984375 0.05 0.075
0 0.67734375 0.27265625 0.0390625 0.059375
0 0.27734375 0.21875 0.05 0.0703125
0 0.8203125 0.3 0.034375 0.0453125
0 0.984375 0.3296875 0.028125 0.034375
0 0.62578125 0.28203125 0.046875 0.0515625
0 0.903125 0.328125 0.025 0.04375
0 0.17109375 0.23203125 0.0453125 0.0640625
0 0.7359375 0.3390625 0.04375 0.059375
0 0.4828125 0.3109375 0.0484375 0.05625
0 0.984375 0.41171875 0.03125 0.0453125
0 0.53359375 0.36171875 0.04375 0.0546875
0 0.840625 0.47265625 0.053125 0.0890625
0 0.96796875 0.53359375 0.059375 0.071875
0 0.7375 0.50703125 0.053125 0.05625
0 0.46015625 0.4703125 0.0546875 0.075
0 0.63515625 0.5046875 0.0546875 0.075
0 0.20390625 0.44453125 0.0484375 0.05625
0 0.34375 0.48515625 0.05625 0.0796875
0 0.04609375 0.45078125 0.05625 0.0796875
0 0.15390625 0.46796875 0.0390625 0.0546875
0 0.29609375 0.4875 0.05 0.065625
0 0.47421875 0.51328125 0.0453125 0.06875
0 0.80625 0.5640625 0.05 0.0703125
0 0.67890625 0.55625 0.0625 0.090625
0 0.19609375 0.49921875 0.0546875 0.075
0 0.95078125 0.62421875 0.05 0.0703125
0 0.02109375 0.4921875 0.0421875 0.065625
0 0.0984375 0.51171875 0.0546875 0.075
0 0.82421875 0.625 0.0515625 0.084375
0 0.16171875 0.56171875 0.065625 0.08125
0 0.7203125 0.6453125 0.0546875 0.075
0 0.415625 0.60234375 0.0671875 0.090625
0 0.30546875 0.5890625 0.0671875 0.090625
0 0.60234375 0.63828125 0.065625 0.08125
0 0.4921875 0.63671875 0.0671875 0.090625