0 0.28515625 0.33359375 0.0515625 0.1140625
0 0.0515625 0.39609375 0.071875 0.159375
0 0.3390625 0.34765625 0.0609375 0.125
0 0.83515625 0.26953125 0.05625 0.1203125
0 0.22265625 0.3796875 0.0578125 0.103125
0 0.0203125 0.41875 0.040625 0.190625
0 0.30625 0.37265625 0.0390625 0.090625
0 0.49609375 0.34140625 0.0640625 0.134375
0 0.26640625 0.38828125 0.053125 0.1234375
0 0.71953125 0.3203125 0.0328125 0.0859375
0 0.953125 0.2859375 0.053125 0.171875
0 0.38515625 0.390625 0.0578125 0.103125
0 0.6140625 0.3578125 0.059375 0.1125
0 0.11328125 0.45078125 0.06875 0.140625
0 0.47890625 0.40546875 0.0828125 0.1953125
0 0.73984375 0.36796875 0.0625 0.1578125
0 0.784375 0.3671875 0.0671875 0.1578125
0 0.68671875 0.384375 0.0640625 0.134375
0 0.525 0.41796875 0.05 0.1109375
0 0.14921875 0.48671875 0.0640625 0.1390625
0 0.409375 0.440625 0.0640625 0.1390625
0 0.4578125 0.43671875 0.053125 0.128125
0 0.259375 0.48125 0.0734375 0.1671875
0 0.3625 0.465625 0.08125 0.1609375
0 0.8828125 0.38828125 0.0984375 0.2078125
0 0.590625 0.4421875 0.065625 0.1484375
0 0.85625 0.41328125 0.0609375 0.16875
0 0.68046875 0.48515625 0.0890625 0.20625
0 0.240625 0.56484375 0.075 0.15
0 0.86484375 0.67265625 0.0703125 0.1265625