0 0.4265625 0.0875 0.028125 0.040625
0 0.95703125 0.17578125 0.0234375 0.034375
0 0.4359375 0.00390625 0.021875 0.0078125
0 0.12734375 0.05625 0.028125 0.03125
0 0.2515625 0.0859375 0.028125 0.0359375
0 0.76328125 0.16953125 0.0234375 0.03125
0 0.6625 0.153125 0.028125 0.0359375
0 0.18671875 0.08046875 0.0328125 0.0328125
0 0.42265625 0.00390625 0.0171875 0.0078125
0 0.35 0.11328125 0.034375 0.0453125
0 0.44375 0.13046875 0.028125 0.0359375
0 0.79296875 0.18828125 0.0328125 0.0359375
0 0.9671875 0.084375 0.0328125 0.0359375
0 0.68984375 0.17421875 0.028125 0.040625
0 0.3921875 0.134375 0.028125 0.040625
0 0.8484375 0.2078125 0.025 0.04375
0 0.8265625 0.2140625 0.028125 0.03125
0 0.10546875 0.1046875 0.0328125 0.0359375
0 0.665625 0.19296875 0.0234375 0.034375
0 0.99140625 0.25 0.0171875 0.040625
0 0.909375 0.23671875 0.0296875 0.0453125
0 0.93828125 0.2484375 0.0296875 0.0453125
0 0.7046875 0.21328125 0.0328125 0.040625
0 0.45390625 0.17421875 0.0296875 0.0453125
0 0.8828125 0.24453125 0.025 0.0390625
0 0.78359375 0.23125 0.0265625 0.0265625
0 0.0734375 0.11875 0.0203125 0.0171875
0 0.0625 0.12421875 0.025 0.04375
0 0.521875 0.19921875 0.0234375 0.034375
0 0.9921875 0.275 0.015625 0.025
0 0.2609375 0.1625 0.0296875 0.0453125
0 0.08828125 0.1375 0.0328125 0.0328125
0 0.22109375 0.1609375 0.0234375 0.03125
0 0.99140625 0.28671875 0.0171875 0.0453125
0 0.49765625 0.20703125 0.0375 0.0453125
0 0.1484375 0.15625 0.0296875 0.0453125
0 0.246875 0.17421875 0.025 0.0390625
0 0.3015625 0.184375 0.028125 0.0359375
0 0.78125 0.26328125 0.0328125 0.0359375
0 0.83984375 0.27734375 0.0296875 0.0453125
0 0.071875 0.15546875 0.0328125 0.040625
0 0.728125 0.259375 0.028125 0.0359375
0 0.96328125 0.29921875 0.0375 0.040625
0 0.846875 0.07265625 0.0234375 0.03125
0 0.365625 0.209375 0.028125 0.040625
0 0.228125 0.1875 0.0375 0.0453125
0 0.6625 0.25625 0.025 0.04375
0 0.6859375 0.26171875 0.025 0.0390625
0 0.521875 0.240625 0.028125 0.040625
0 0.1078125 0.17734375 0.028125 0.03125
0 0.92890625 0.3078125 0.028125 0.040625
0 0.40546875 0.225 0.0296875 0.0484375
0 0.88046875 0.30234375 0.0328125 0.040625
0 0.46171875 0.23828125 0.028125 0.040625
0 0.1703125 0.196875 0.028125 0.040625
0 0.57578125 0.2734375 0.0234375 0.034375
0 0.1109375 0.20625 0.0234375 0.03125
0 0.809375 0.32421875 0.034375 0.0453125
0 0.60078125 0.29375 0.025 0.0390625
0 0.76015625 0.31875 0.0234375 0.034375
0 0.7046875 0.3140625 0.034375 0.0453125
0 0.4359375 0.271875 0.034375 0.05
0 0.48984375 0.2828125 0.0296875 0.0453125
0 0.1703125 0.23203125 0.028125 0.0359375
0 0.31640625 0.2546875 0.028125 0.0359375
0 0.73046875 0.3203125 0.028125 0.0359375
0 0.62421875 0.30859375 0.025 0.0390625
0 0.0890625 0.2234375 0.025 0.0390625
0 0.40234375 0.2734375 0.028125 0.040625
0 0.12265625 0.23359375 0.0328125 0.040625
0 0.9515625 0.371875 0.0328125 0.0359375
0 0.528125 0.3078125 0.0328125 0.040625
0 0.353125 0.28671875 0.0296875 0.0453125
0 0.8921875 0.37734375 0.034375 0.0453125
0 0.2015625 0.26796875 0.021875 0.0265625
0 0.6609375 0.34296875 0.034375 0.0453125
0 0.578125 0.3296875 0.0328125 0.040625
0 0.7265625 0.35546875 0.0390625 0.05
0 0.18515625 0.271875 0.021875 0.0265625
0 0.8640625 0.3796875 0.0296875 0.0484375
0 0.4125 0.315625 0.028125 0.03125
0 0.8390625 0.3875 0.0328125 0.0359375
0 0.26796875 0.30625 0.021875 0.0265625
0 0.31328125 0.315625 0.028125 0.0359375
0 0.61484375 0.36796875 0.028125 0.0359375
0 0.93125 0.42265625 0.0375 0.040625
0 0.359375 0.33671875 0.034375 0.0453125
0 0.54296875 0.365625 0.025 0.04375
0 0.35234375 0.0140625 0.0328125 0.028125
0 0.6296875 0.0515625 0.0328125 0.0328125
0 0.71328125 0.41171875 0.034375 0.05
0 0.68125 0.40703125 0.034375 0.05
0 0.27109375 0.346875 0.028125 0.0359375
0 0.965625 0.4640625 0.034375 0.05
0 0.884375 0.45546875 0.028125 0.03125
0 0.23671875 0.3578125 0.028125 0.0359375
0 0.84453125 0.45859375 0.028125 0.0359375
0 0.04609375 0.334375 0.0375 0.040625
0 0.08203125 0.3421875 0.0328125 0.040625
0 0.8984375 0.48828125 0.034375 0.05
0 0.6484375 0.453125 0.034375 0.0453125
0 0.22734375 0.3890625 0.0296875 0.0453125
0 0.6 0.45 0.0296875 0.0453125
0 0.84296875 0.4984375 0.0328125 0.040625
0 0.703125 0.47578125 0.0234375 0.03125
0 0.7578125 0.484375 0.021875 0.0265625
0 0.52265625 0.44765625 0.0234375 0.03125
0 0.42109375 0.43359375 0.021875 0.0265625
0 0.625 0.465625 0.028125 0.0359375
0 0.33671875 0.42265625 0.028125 0.03125
0 0.91171875 0.103125 0.0328125 0.0359375
0 0.7796875 0.4953125 0.025 0.0390625
0 0.18984375 0.4015625 0.0328125 0.040625
0 0.7453125 0.48984375 0.021875 0.021875
0 0.08203125 0.38515625 0.034375 0.0453125
0 0.9296875 0.5234375 0.034375 0.0453125
0 0.4359375 0.4453125 0.021875 0.0265625
0 0.53828125 0.4640625 0.0328125 0.0328125
0 0.54296875 0.04765625 0.028125 0.03125
0 0.8203125 0.51953125 0.0328125 0.0328125
0 0.80859375 0.5203125 0.01875 0.034375
0 0.6484375 0.4953125 0.025 0.0390625
0 0.3578125 0.4515625 0.028125 0.0359375
0 0.02109375 0.403125 0.0265625 0.0578125
0 0.98125 0.5546875 0.0234375 0.034375
0 0.15625 0.42421875 0.025 0.0390625
0 0.74296875 0.5171875 0.028125 0.040625
0 0.40703125 0.46640625 0.03125 0.053125
0 0.52109375 0.48671875 0.034375 0.0453125
0 0.68671875 0.51796875 0.034375 0.0453125
0 0.20703125 0.44140625 0.0328125 0.040625
0 0.4625 0.484375 0.028125 0.0359375
0 0.8484375 0.5484375 0.025 0.0390625
0 0.55625 0.5015625 0.0296875 0.0453125
0 0.08046875 0.4265625 0.0390625 0.05
0 0.7609375 0.54140625 0.025 0.0390625
0 0.3828125 0.48359375 0.028125 0.03125
0 0.27109375 0.46640625 0.028125 0.040625
0 0.78046875 0.54921875 0.025 0.04375
0 0.61328125 0.52265625 0.025 0.0390625
0 0.82109375 0.5578125 0.025 0.0390625
0 0.1125 0.44609375 0.034375 0.05
0 0.90078125 0.57265625 0.0296875 0.0453125
0 0.34921875 0.48828125 0.0328125 0.0359375
0 0.3234375 0.4890625 0.034375 0.0453125
0 0.7328125 0.553125 0.028125 0.040625
0 0.18828125 0.46953125 0.0328125 0.0359375
0 0.43984375 0.51171875 0.0328125 0.0328125
0 0.65625 0.54609375 0.034375 0.0453125
0 0.22890625 0.0125 0.0328125 0.025
0 0.01796875 0.45 0.0265625 0.0265625
0 0.56875 0.5390625 0.025 0.0390625
0 0.39296875 0.5140625 0.028125 0.03125
0 0.13203125 0.47265625 0.034375 0.0453125
0 0.85859375 0.5890625 0.028125 0.03125
0 0.75546875 0.57265625 0.025 0.0390625
0 0.284375 0.4984375 0.028125 0.040625
0 0.58125 0.55 0.025 0.0390625
0 0.08515625 0.4734375 0.0328125 0.040625
0 0.82265625 0.59296875 0.0234375 0.03125
0 0.2125 0.4984375 0.034375 0.0453125
0 0.4171875 0.53125 0.028125 0.03125
0 0.734375 0.5859375 0.028125 0.040625
0 0.31171875 0.521875 0.0328125 0.040625
0 0.03203125 0.4796875 0.04375 0.0515625
0 0.153125 0.4984375 0.0328125 0.040625
0 0.01171875 0.47578125 0.0234375 0.0453125
0 0.53203125 0.5609375 0.0234375 0.03125
0 0.17265625 0.50703125 0.0328125 0.0359375
0 0.93203125 0.62734375 0.0328125 0.040625
0 0.66171875 0.58671875 0.025 0.0390625
0 0.35546875 0.540625 0.028125 0.040625
0 0.70546875 0.5984375 0.034375 0.0453125
0 0.825 0.62421875 0.028125 0.03125
0 0.24765625 0.5375 0.028125 0.03125
0 0.634375 0.59921875 0.0328125 0.040625
0 0.971875 0.6546875 0.0171875 0.046875
0 0.33203125 0.55546875 0.0328125 0.0359375
0 0.7390625 0.6203125 0.028125 0.0359375
0 0.5171875 0.5875 0.028125 0.0359375
0 0.85234375 0.64296875 0.0296875 0.0453125
0 0.465625 0.58125 0.028125 0.040625
0 0.503125 0.5875 0.0234375 0.034375
0 0.67578125 0.6171875 0.0234375 0.034375
0 0.5609375 0.60390625 0.0359375 0.0328125
0 0.615625 0.6140625 0.0234375 0.034375
0 0.3828125 0.57734375 0.0328125 0.040625
0 0.69609375 0.6265625 0.0234375 0.03125
0 0.9125 0.66328125 0.021875 0.0265625
0 0.63515625 0.07578125 0.0234375 0.034375
0 0.0453125 0.528125 0.034375 0.0453125
0 0.1640625 0.54765625 0.028125 0.040625
0 0.22109375 0.55859375 0.0328125 0.040625
0 0.1109375 0.54375 0.0203125 0.04375
0 0.14453125 0.5515625 0.0296875 0.0453125
0 0.87890625 0.66796875 0.01875 0.0296875
0 0.34765625 0.5859375 0.025 0.0390625
0 0.73125 0.6515625 0.0234375 0.03125
0 0.43671875 0.60703125 0.028125 0.040625
0 0.6859375 0.64609375 0.028125 0.03125
0 0.57109375 0.63046875 0.0234375 0.03125
0 0.26640625 0.58203125 0.0296875 0.0453125
0 0.925 0.6890625 0.0328125 0.040625
0 0.0171875 0.5453125 0.0328125 0.040625
0 0.8125 0.67578125 0.028125 0.03125
0 0.46171875 0.62265625 0.0265625 0.0265625
0 0.70859375 0.66171875 0.0234375 0.034375
0 0.3203125 0.60078125 0.0296875 0.0453125
0 0.8859375 0.06171875 0.0203125 0.0171875
0 0.96171875 0.7046875 0.03125 0.0578125
0 0.60234375 0.6546875 0.034375 0.0453125
0 0.3953125 0.6265625 0.028125 0.0359375
0 0.86640625 0.70390625 0.028125 0.03125
0 0.56953125 0.65625 0.025 0.0390625
0 0.228125 0.6046875 0.0328125 0.040625
0 0.565625 0.06953125 0.0171875 0.025
0 0.75078125 0.6921875 0.0296875 0.0453125
0 0.734375 0.6921875 0.0296875 0.0453125
0 0.153125 0.60234375 0.03125 0.053125
0 0.10703125 0.596875 0.034375 0.05
0 0.6671875 0.68515625 0.028125 0.040625
0 0.646875 0.68203125 0.025 0.0390625
0 0.10390625 0.0109375 0.0390625 0.021875
0 0.35859375 0.6390625 0.028125 0.040625
0 0.584375 0.675 0.025 0.0390625
0 0.78125 0.70625 0.034375 0.0453125
0 0.446875 0.65546875 0.028125 0.0359375
0 0.7171875 0.6984375 0.0234375 0.034375
0 0.8109375 0.71328125 0.025 0.04375
0 0.0734375 0.60078125 0.0328125 0.040625
0 0.0484375 0.6015625 0.0296875 0.0484375
0 0.50078125 0.67578125 0.034375 0.0453125
0 0.0265625 0.603125 0.0296875 0.0453125
0 0.24375 0.6375 0.028125 0.040625
0 0.42890625 0.66875 0.025 0.0390625
0 0.384375 0.6640625 0.034375 0.05
0 0.171875 0.6328125 0.0296875 0.0484375
0 0.3171875 0.65859375 0.034375 0.0453125
0 0.86171875 0.746875 0.025 0.0390625
0 0.94375 0.76015625 0.025 0.0484375
0 0.45546875 0.6921875 0.0296875 0.0453125
0 0.0625 0.63203125 0.034375 0.0453125
0 0.759375 0.10546875 0.028125 0.0359375
0 0.95234375 0.78046875 0.015625 0.0421875
0 0.1109375 0.646875 0.0328125 0.040625
0 0.90703125 0.7734375 0.034375 0.0453125
0 0.25859375 0.675 0.0296875 0.0484375
0 0.5828125 0.0796875 0.028125 0.03125
0 0.73203125 0.75234375 0.028125 0.0359375
0 0.478125 0.71484375 0.0296875 0.0484375
0 0.41171875 0.70390625 0.0328125 0.040625
0 0.35390625 0.69921875 0.0359375 0.0546875
0 0.753125 0.7625 0.01875 0.034375
0 0.88359375 0.78515625 0.0171875 0.025
0 0.0875 0.66171875 0.0234375 0.03125
0 0.4984375 0.73125 0.0234375 0.034375
0 0.18515625 0.684375 0.0296875 0.0453125
0 0.628125 0.7546875 0.025 0.04375
0 0.43984375 0.7296875 0.028125 0.0359375
0 0.1359375 0.68125 0.0328125 0.040625
0 0.65546875 0.76328125 0.0328125 0.0359375
0 0.2359375 0.7015625 0.028125 0.040625
0 0.5 0.06875 0.028125 0.0359375
0 0.015625 0.66953125 0.0296875 0.0484375
0 0.47734375 0.746875 0.0328125 0.0328125
0 0.703125 0.7875 0.0296875 0.0453125
0 0.303125 0.7265625 0.034375 0.0453125
0 0.5453125 0.76484375 0.0328125 0.0328125
0 0.00390625 0.67734375 0.0078125 0.0453125
0 0.07578125 0.69296875 0.034375 0.0453125
0 0.79140625 0.80859375 0.034375 0.0453125
0 0.58515625 0.77578125 0.0328125 0.0328125
0 0.9390625 0.83203125 0.0296875 0.0484375
0 0.14609375 0.70625 0.0234375 0.03125
0 0.5140625 0.7671875 0.0296875 0.0453125
0 0.21171875 0.721875 0.0296875 0.0453125
0 0.9484375 0.1421875 0.021875 0.0265625
0 0.7328125 0.80625 0.040625 0.0640625
0 0.05078125 0.703125 0.0296875 0.0453125
0 0.12578125 0.71484375 0.0328125 0.0359375
0 0.64140625 0.80390625 0.0328125 0.040625
0 0.88125 0.84453125 0.034375 0.0453125
0 0.85390625 0.83984375 0.034375 0.0453125
0 0.23203125 0.74296875 0.028125 0.040625
0 0.46953125 0.7828125 0.0234375 0.034375
0 0.55 0.08125 0.028125 0.0359375
0 0.1671875 0.7375 0.034375 0.0453125
0 0.07265625 0.725 0.0234375 0.034375
0 0.1890625 0.74375 0.034375 0.05
0 0.825 0.84609375 0.0359375 0.0359375
0 0.0953125 0.73125 0.0328125 0.0359375
0 0.578125 0.80703125 0.028125 0.040625
0 0.28515625 0.76328125 0.04375 0.05625
0 0.30234375 0.76875 0.028125 0.040625
0 0.5296875 0.8046875 0.034375 0.0453125
0 0.24296875 0.03515625 0.0328125 0.040625
0 0.4390625 0.7921875 0.028125 0.0359375
0 0.5078125 0.80546875 0.0265625 0.021875
0 0.3609375 0.7828125 0.0375 0.0453125
0 0.00546875 0.72890625 0.0109375 0.0453125
0 0.14140625 0.75234375 0.0328125 0.040625
0 0.01484375 0.7390625 0.0296875 0.040625
0 0.10859375 0.7546875 0.025 0.0390625
0 0.8125 0.865625 0.0375 0.0453125
0 0.39140625 0.8015625 0.028125 0.0359375
0 0.48046875 0.81796875 0.0328125 0.040625
0 0.3609375 0.79921875 0.0296875 0.0453125
0 0.2484375 0.78359375 0.0296875 0.0453125
0 0.66328125 0.84921875 0.034375 0.0453125
0 0.05390625 0.75546875 0.034375 0.0453125
0 0.93203125 0.89453125 0.0296875 0.0453125
0 0.57578125 0.8375 0.01875 0.0296875
0 0.1984375 0.778125 0.034375 0.0453125
0 0.4375 0.81875 0.0328125 0.0359375
0 0.0828125 0.76484375 0.0234375 0.03125
0 0.67890625 0.8640625 0.0296875 0.0453125
0 0.30859375 0.8046875 0.0359375 0.0546875
0 0.84765625 0.8953125 0.0421875 0.0421875
0 0.584375 0.85625 0.025 0.0390625
0 0.03125 0.76796875 0.034375 0.0453125
0 0.8859375 0.90625 0.034375 0.0453125
0 0.74609375 0.88359375 0.025 0.04375
0 0.11953125 0.784375 0.028125 0.040625
0 0.90859375 0.91171875 0.025 0.04375
0 0.3984375 0.8328125 0.0328125 0.0359375
0 0.7265625 0.88671875 0.0328125 0.0359375
0 0.49140625 0.85 0.0296875 0.0484375
0 0.4609375 0.85 0.034375 0.0453125
0 0.609375 0.8734375 0.034375 0.0453125
0 0.546875 0.865625 0.0421875 0.046875
0 0.7734375 0.90625 0.028125 0.040625
0 0.21796875 0.81875 0.0328125 0.0359375
0 0.15546875 0.8109375 0.028125 0.040625
0 0.51171875 0.86953125 0.034375 0.05
0 0.5734375 0.88203125 0.034375 0.0453125
0 0.2484375 0.83046875 0.0265625 0.021875
0 0.8078125 0.92109375 0.0328125 0.040625
0 0.7140625 0.9109375 0.034375 0.05
0 0.828125 0.9296875 0.028125 0.0359375
0 0.621875 0.9015625 0.0375 0.0453125
0 0.85390625 0.940625 0.0375 0.0453125
0 0.32421875 0.85625 0.0375 0.040625
0 0.13203125 0.82578125 0.025 0.0390625
0 0.6640625 0.91015625 0.034375 0.05
0 0.5328125 0.08828125 0.0234375 0.03125
0 0.08359375 0.82109375 0.0359375 0.0328125
0 0.103125 0.8265625 0.0296875 0.0453125
0 0.378125 0.86953125 0.0328125 0.040625
0 0.6796875 0.91796875 0.028125 0.0359375
0 0.03359375 0.815625 0.0375 0.040625
0 0.72734375 0.925 0.0171875 0.0203125
0 0.878125 0.95390625 0.034375 0.0453125
0 0.01484375 0.81640625 0.0296875 0.0359375
0 0.23515625 0.85234375 0.0328125 0.0359375
0 0.37890625 0.0640625 0.025 0.04375
0 0.68125 0.11171875 0.034375 0.05
0 0.48671875 0.89453125 0.0359375 0.0359375
0 0.534375 0.9015625 0.0328125 0.0359375
0 0.14375 0.83984375 0.0359375 0.028125
0 0.35546875 0.87578125 0.0265625 0.021875
0 0.7515625 0.93828125 0.028125 0.0359375
0 0.06796875 0.83046875 0.03125 0.028125
0 0.20078125 0.8515625 0.028125 0.0359375
0 0.56171875 0.9109375 0.028125 0.03125
0 0.171875 0.8515625 0.0265625 0.021875
0 0.26640625 0.86640625 0.034375 0.0234375
0 0.33515625 0.06328125 0.0359375 0.0546875
0 0.5359375 0.0953125 0.0171875 0.025
0 0.66171875 0.11484375 0.025 0.04375
0 0.821875 0.140625 0.025 0.0390625
0 0.78359375 0.14140625 0.0234375 0.034375