0 0.55625 0.3484375 0.0625 0.078125
0 0.84296875 0.33046875 0.065625 0.115625
0 0.0734375 0.4 0.0578125 0.0875
0 0.65 0.35703125 0.059375 0.1015625
0 0.17265625 0.3984375 0.0484375 0.078125
0 0.475 0.37421875 0.053125 0.078125
0 0.0203125 0.4171875 0.040625 0.096875
0 0.79375 0.35390625 0.053125 0.0921875
0 0.12890625 0.428125 0.0578125 0.0921875
0 0.7375 0.37734375 0.0734375 0.1015625
0 0.446875 0.42109375 0.053125 0.0921875
0 0.28984375 0.44140625 0.0734375 0.1109375
0 0.94375 0.01875 0.025 0.0375
0 0.53828125 0.43359375 0.0515625 0.0734375
0 0.96015625 0.41328125 0.0640625 0.1015625
0 0.80078125 0.48515625 0.0671875 0.09375
0 0.1171875 0.56171875 0.053125 0.0875
0 0.57421875 0.52421875 0.0578125 0.078125
0 0.66484375 0.5296875 0.06875 0.0984375
0 0.39609375 0.55546875 0.065625 0.0796875
0 0.99296875 0.51953125 0.0140625 0.0796875
0 0.8765625 0.53203125 0.0734375 0.1109375
0 0.35078125 0.5921875 0.0625 0.0921875
0 0.71328125 0.56796875 0.0484375 0.0875
0 0.3046875 0.61015625 0.071875 0.09375
0 0.2046875 0.62578125 0.0875 0.1171875
0 0.55 0.6 0.071875 0.09375
0 0.45 0.06484375 0.0265625 0.0296875
0 0.7578125 0.60546875 0.0734375 0.1109375
0 0.53125 0.06015625 0.0328125 0.053125
0 0.040625 0.74453125 0.053125 0.1375
0 0.31796875 0.72734375 0.0890625 0.121875
0 0.1421875 0.74296875 0.06875 0.1109375
0 0.91875 0.68828125 0.0828125 0.1125
0 0.57265625 0.72109375 0.075 0.1296875
0 0.4796875 0.771875 0.0859375 0.1359375
0 0.69609375 0.06015625 0.0375 0.0578125
0 0.43515625 0.08515625 0.0265625 0.0390625
0 0.71484375 0.0609375 0.040625 0.053125
0 0.95390625 0.78046875 0.0921875 0.1234375
0 0.7734375 0.8109375 0.090625 0.15
0 0.20859375 0.8921875 0.084375 0.1265625
0 0.303125 0.93203125 0.1125 0.1359375
0 0.9671875 0.8984375 0.065625 0.109375
0 0.7296875 0.92109375 0.125 0.1203125
0 0.55859375 0.0875 0.046875 0.0640625
0 0.28515625 0.11640625 0.03125 0.04375
0 0.19765625 0.12421875 0.0359375 0.053125
0 0.465625 0.103125 0.0359375 0.0484375
0 0.42890625 0.10859375 0.0359375 0.053125
0 0.01875 0.15078125 0.0375 0.0671875
0 0.0875 0.1453125 0.0359375 0.0484375
0 0.2515625 0.1359375 0.0328125 0.0484375
0 0.85859375 0.0828125 0.046875 0.0734375
0 0.953125 0.07421875 0.0203125 0.065625
0 0.3125 0.13984375 0.0421875 0.0578125
0 0.1921875 0.0390625 0.0265625 0.0296875
0 0.21875 0.153125 0.0359375 0.0484375
0 0.625 0.1265625 0.0375 0.0671875
0 0.16640625 0.1671875 0.0390625 0.0390625
0 0.24296875 0.16484375 0.0421875 0.0578125
0 0.3125 0.03125 0.034375 0.034375
0 0.17421875 0.04296875 0.03125 0.034375
0 0.2734375 0.03671875 0.03125 0.0390625
0 0.50625 0.18125 0.0421875 0.0625
0 0.128125 0.22578125 0.0375 0.0578125
0 0.94140625 0.15703125 0.0375 0.0578125
0 0.840625 0.16796875 0.0359375 0.04375
0 0.79296875 0.18671875 0.05625 0.0734375
0 0.69375 0.2 0.05625 0.06875
0 0.875 0.18828125 0.0375 0.0625
0 0.6234375 0.21015625 0.0359375 0.053125
0 0.92421875 0.190625 0.046875 0.0640625
0 0.9609375 0.18984375 0.025 0.065625
0 0.225 0.25390625 0.0734375 0.10625
0 0.0890625 0.27109375 0.053125 0.078125
0 0.596875 0.23125 0.0578125 0.0875
0 0.35078125 0.25703125 0.0453125 0.0453125
0 0.50859375 0.24609375 0.0421875 0.0578125
0 0.459375 0.25 0.04375 0.0765625
0 0.82578125 0.2203125 0.0484375 0.078125
0 0.57109375 0.25 0.0328125 0.0625
0 0.7671875 0.2375 0.021875 0.0421875
0 0.36953125 0.28359375 0.0546875 0.059375
0 0.7890625 0.24765625 0.0515625 0.0640625
0 0.6578125 0.2609375 0.0578125 0.0875
0 0.93515625 0.24296875 0.0609375 0.0734375
0 0.19296875 0.31015625 0.0515625 0.0734375
0 0.75234375 0.27109375 0.0484375 0.0828125
0 0.01875 0.340625 0.0375 0.06875
0 0.240625 0.0515625 0.0359375 0.0484375
0 0.3078125 0.32421875 0.0375 0.0578125
0 0.3375 0.32109375 0.0421875 0.0578125
0 0.43203125 0.33203125 0.0578125 0.078125
0 0.37578125 0.35078125 0.05625 0.0734375
0 0.50546875 0.34375 0.046875 0.0640625
0 0.94375 0.31015625 0.0625 0.078125
0 0.10625 0.38515625 0.0453125 0.05