0 0.6734375 0.23046875 0.0109375 0.015625
0 0.6015625 0.225 0.0109375 0.015625
0 0.9109375 0.2703125 0.0265625 0.021875
0 0.5875 0.22734375 0.0171875 0.0203125
0 0.60546875 0.2296875 0.0109375 0.015625
0 0.15859375 0.1671875 0.028125 0.034375
0 0.83515625 0.2625 0.021875 0.0265625
0 0.9921875 0.290625 0.015625 0.034375
0 0.09921875 0.19140625 0.0359375 0.0359375
0 0.1421875 0.2 0.0265625 0.03125
0 0.04609375 0.20234375 0.021875 0.0296875
0 0.21953125 0.23203125 0.03125 0.03125
0 0.09765625 0.21953125 0.03125 0.03125
0 0.35390625 0.259375 0.0375 0.05
0 0.25546875 0.25703125 0.034375 0.0453125
0 0.3109375 0.2671875 0.0328125 0.0359375
0 0.45234375 0.28984375 0.0328125 0.0359375
0 0.5046875 0.29921875 0.03125 0.03125
0 0.23125 0.265625 0.034375 0.0453125
0 0.72109375 0.34140625 0.04375 0.0546875
0 0.7734375 0.34921875 0.046875 0.0421875
0 0.51484375 0.3125 0.01875 0.0390625
0 0.1015625 0.25703125 0.0390625 0.0546875
0 0.36015625 0.30078125 0.034375 0.0546875
0 0.853125 0.38125 0.05 0.065625
0 0.4 0.33125 0.0390625 0.059375
0 0.49765625 0.34765625 0.0296875 0.0484375
0 0.56640625 0.35703125 0.04375 0.0546875
0 0.77265625 0.38828125 0.021875 0.021875
0 0.334375 0.32890625 0.05 0.065625
0 0.16484375 0.3078125 0.0296875 0.053125
0 0.31953125 0.33671875 0.0390625 0.059375
0 0.53046875 0.36640625 0.05 0.065625
0 0.6328125 0.3828125 0.0484375 0.0609375
0 0.8140625 0.40859375 0.0453125 0.06875
0 0.38046875 0.35234375 0.0390625 0.0546875
0 0.03671875 0.30625 0.0375 0.0734375
0 0.2265625 0.33515625 0.0375 0.040625
0 0.64765625 0.396875 0.05 0.0703125
0 0.17265625 0.33984375 0.0375 0.05
0 0.775 0.42421875 0.0390625 0.059375
0 0.78828125 0.43046875 0.021875 0.0296875
0 0.89140625 0.4453125 0.0484375 0.05625
0 0.4765625 0.38671875 0.034375 0.05
0 0.26328125 0.37265625 0.0421875 0.05
0 0.12265625 0.35546875 0.0390625 0.059375
0 0.2109375 0.37734375 0.0390625 0.0546875
0 0.33515625 0.42578125 0.0546875 0.075
0 0.784375 0.51875 0.059375 0.0671875
0 0.93515625 0.60078125 0.059375 0.071875
0 0.04375 0.48515625 0.0609375 0.08125
0 0.70390625 0.58203125 0.071875 0.0953125
0 0.2890625 0.53359375 0.0625 0.090625
0 0.48125 0.5671875 0.071875 0.090625
0 0.42890625 0.5875 0.0671875 0.0953125
0 0.21015625 0.56171875 0.0671875 0.090625
0 0.96171875 0.671875 0.05 0.096875
0 0.85703125 0.9171875 0.0984375 0.0953125