0 0.9796875 0.33046875 0.00625 0.009375
0 0.48515625 0.38515625 0.0453125 0.05
0 0.9671875 0.34765625 0.00625 0.009375
0 0.934375 0.3625 0.00625 0.009375
0 0.9640625 0.3625 0.00625 0.009375
0 0.75703125 0.38046875 0.0046875 0.0046875
0 0.9734375 0.3640625 0.0109375 0.0109375
0 0.6484375 0.3921875 0.0046875 0.0046875
0 0.8890625 0.37109375 0.0046875 0.0046875
0 0.65546875 0.39296875 0.0046875 0.0046875
0 0.9 0.371875 0.0046875 0.0046875
0 0.9578125 0.36640625 0.0046875 0.0046875
0 0.84453125 0.37890625 0.0046875 0.0046875
0 0.80546875 0.38203125 0.00625 0.009375
0 0.9140625 0.37265625 0.00625 0.009375
0 0.9234375 0.371875 0.00625 0.009375
0 0.98515625 0.36640625 0.0109375 0.0109375
0 0.928125 0.371875 0.00625 0.009375
0 0.771875 0.3875 0.0046875 0.0046875
0 0.66015625 0.39765625 0.00625 0.009375
0 0.73203125 0.39140625 0.0046875 0.0046875
0 0.825 0.3828125 0.0046875 0.0046875
0 0.71796875 0.3921875 0.00625 0.009375
0 0.875 0.37890625 0.0046875 0.0046875
0 0.63984375 0.39921875 0.0046875 0.0046875
0 0.72265625 0.39453125 0.0046875 0.0046875
0 0.8828125 0.38046875 0.0046875 0.0046875
0 0.90703125 0.378125 0.0046875 0.0046875
0 0.94453125 0.375 0.0046875 0.0046875
0 0.7578125 0.39140625 0.0046875 0.0046875
0 0.83203125 0.384375 0.00625 0.009375
0 0.83828125 0.384375 0.00625 0.009375
0 0.92109375 0.3765625 0.00625 0.009375
0 0.96015625 0.3734375 0.0046875 0.0046875
0 0.94921875 0.37421875 0.00625 0.009375
0 0.6890625 0.39921875 0.00625 0.009375
0 0.7140625 0.39765625 0.00625 0.009375
0 0.77578125 0.3921875 0.0046875 0.0046875
0 0.85703125 0.38515625 0.0109375 0.0109375
0 0.59375 0.4078125 0.015625 0.015625
0 0.76484375 0.39296875 0.0046875 0.0046875
0 0.78984375 0.390625 0.0109375 0.0109375
0 0.74140625 0.3953125 0.00625 0.009375
0 0.8640625 0.38671875 0.009375 0.00625
0 0.81328125 0.390625 0.009375 0.00625
0 0.85 0.3875 0.0046875 0.0046875
0 0.63828125 0.40625 0.00625 0.009375
0 0.64765625 0.40546875 0.0046875 0.0046875
0 0.675 0.403125 0.0046875 0.0046875
0 0.79453125 0.39296875 0.0046875 0.0046875
0 0.9703125 0.37734375 0.009375 0.00625
0 0.75859375 0.39609375 0.0046875 0.0046875
0 0.88046875 0.3875 0.00625 0.009375
0 0.88515625 0.38671875 0.00625 0.009375
0 0.68671875 0.4046875 0.00625 0.009375
0 0.89453125 0.3859375 0.0109375 0.0109375
0 0.90546875 0.38515625 0.0109375 0.0109375
0 0.921875 0.38359375 0.009375 0.00625
0 0.940625 0.38203125 0.0109375 0.0109375
0 0.74921875 0.39921875 0.00625 0.009375
0 0.75390625 0.3984375 0.0109375 0.0109375
0 0.4078125 0.43125 0.025 0.025
0 0.678125 0.4078125 0.00625 0.009375
0 0.8046875 0.396875 0.0046875 0.0046875
0 0.92890625 0.3859375 0.0109375 0.0109375
0 0.9359375 0.38515625 0.0109375 0.0109375
0 0.7703125 0.39921875 0.0109375 0.0109375
0 0.65234375 0.41015625 0.0109375 0.0140625
0 0.67109375 0.40859375 0.0109375 0.0140625
0 0.91484375 0.38671875 0.00625 0.009375
0 0.9609375 0.3828125 0.0109375 0.0140625
0 0.659375 0.41171875 0.0109375 0.0109375
0 0.740625 0.4046875 0.0046875 0.0046875
0 0.69921875 0.4078125 0.0203125 0.015625
0 0.7765625 0.4015625 0.0109375 0.0109375
0 0.95234375 0.3859375 0.0109375 0.0109375
0 0.7171875 0.40625 0.0109375 0.0109375
0 0.89921875 0.390625 0.0109375 0.0109375
0 0.61328125 0.415625 0.0109375 0.0109375
0 0.63203125 0.4140625 0.009375 0.00625
0 0.73125 0.40546875 0.0109375 0.0109375
0 0.8671875 0.39609375 0.0109375 0.0140625
0 0.871875 0.3953125 0.00625 0.009375
0 0.625 0.4171875 0.00625 0.009375
0 0.7734375 0.40390625 0.0046875 0.0046875
0 0.6203125 0.4171875 0.0109375 0.0109375
0 0.8171875 0.40234375 0.015625 0.0203125
0 0.8375 0.40078125 0.0109375 0.0109375
0 0.9734375 0.39140625 0.015625 0.015625
0 0.7359375 0.41171875 0.0046875 0.0046875
0 0.66015625 0.41875 0.0109375 0.0140625
0 0.66953125 0.41796875 0.0046875 0.0046875
0 0.5703125 0.4265625 0.0109375 0.0109375
0 0.725 0.415625 0.0109375 0.0109375
0 0.98046875 0.39296875 0.00625 0.009375
0 0.54921875 0.43046875 0.0140625 0.0109375
0 0.715625 0.41640625 0.0109375 0.0109375
0 0.58046875 0.43046875 0.00625 0.009375
0 0.92578125 0.4 0.015625 0.0203125
0 0.653125 0.42421875 0.0109375 0.01875
0 0.9515625 0.39765625 0.015625 0.015625
0 0.79921875 0.4109375 0.0109375 0.01875
0 0.5890625 0.4296875 0.015625 0.015625
0 0.36796875 0.45078125 0.025 0.0203125
0 0.6171875 0.4296875 0.015625 0.0203125
0 0.89609375 0.4046875 0.015625 0.025
0 0.63359375 0.428125 0.0109375 0.0140625
0 0.88203125 0.40625 0.0140625 0.0109375
0 0.665625 0.42734375 0.015625 0.015625
0 0.734375 0.42109375 0.0109375 0.0140625
0 0.540625 0.43828125 0.0109375 0.01875
0 0.9859375 0.4015625 0.00625 0.01875
0 0.7828125 0.41953125 0.0109375 0.01875
0 0.965625 0.40390625 0.015625 0.025
0 0.71640625 0.42578125 0.0203125 0.0203125
0 0.91953125 0.41015625 0.015625 0.025
0 0.74921875 0.425 0.015625 0.015625
0 0.79296875 0.4234375 0.015625 0.0203125
0 0.88125 0.41796875 0.015625 0.0203125
0 0.62734375 0.440625 0.0109375 0.01875
0 0.34375 0.4671875 0.025 0.015625
0 0.84609375 0.42578125 0.015625 0.0203125
0 0.93203125 0.41796875 0.0109375 0.0140625
0 0.56328125 0.45078125 0.015625 0.0203125
0 0.76171875 0.4328125 0.0109375 0.0234375
0 0.44375 0.46328125 0.015625 0.0203125
0 0.671875 0.44375 0.015625 0.0203125
0 0.61640625 0.45078125 0.015625 0.0203125
0 0.7734375 0.43671875 0.0203125 0.025
0 0.63984375 0.4484375 0.015625 0.015625
0 0.7453125 0.4390625 0.0109375 0.0140625
0 0.81015625 0.4359375 0.015625 0.025
0 0.70703125 0.4453125 0.0203125 0.025
0 0.9140625 0.42890625 0.0296875 0.0265625
0 0.753125 0.44296875 0.015625 0.0203125
0 0.83203125 0.43671875 0.0203125 0.025
0 0.86796875 0.43359375 0.015625 0.015625
0 0.95390625 0.428125 0.021875 0.0296875
0 0.58515625 0.46015625 0.0203125 0.0203125
0 0.28203125 0.48671875 0.025 0.0203125
0 0.734375 0.44765625 0.015625 0.0203125
0 0.31796875 0.4875 0.025 0.025
0 0.65234375 0.45859375 0.015625 0.025
0 0.48359375 0.4734375 0.05625 0.06875
0 0.22734375 0.49765625 0.0296875 0.0171875
0 0.98671875 0.43125 0.0125 0.0328125
0 0.5578125 0.4734375 0.034375 0.0265625
0 0.61328125 0.47109375 0.0203125 0.025
0 0.8 0.4546875 0.025 0.025
0 0.575 0.475 0.0203125 0.025
0 0.628125 0.47265625 0.0265625 0.034375
0 0.3671875 0.49765625 0.0390625 0.0390625
0 0.978125 0.44375 0.025 0.025
0 0.33515625 0.5 0.0265625 0.0390625
0 0.85859375 0.4546875 0.021875 0.0328125
0 0.2640625 0.50625 0.0203125 0.0203125
0 0.32109375 0.5015625 0.0109375 0.0140625
0 0.23828125 0.5109375 0.025 0.025
0 0.16484375 0.5203125 0.03125 0.03125
0 0.7390625 0.471875 0.03125 0.03125
0 0.21640625 0.52265625 0.0328125 0.021875
0 0.71015625 0.47890625 0.0265625 0.034375
0 0.66328125 0.4859375 0.0203125 0.025
0 0.79296875 0.4765625 0.0296875 0.0265625
0 0.25078125 0.52421875 0.0265625 0.0390625
0 0.2875 0.52109375 0.0390625 0.0390625
0 0.64609375 0.4921875 0.03125 0.04375
0 0.125 0.53984375 0.034375 0.03125
0 0.4109375 0.51953125 0.0265625 0.0390625
0 0.5640625 0.5109375 0.0359375 0.0484375
0 0.340625 0.53515625 0.03125 0.03125
0 0.2140625 0.5484375 0.0359375 0.04375
0 0.6171875 0.515625 0.040625 0.04375
0 0.0984375 0.5609375 0.034375 0.0390625
0 0.98203125 0.4859375 0.021875 0.0296875
0 0.17265625 0.5609375 0.0453125 0.059375
0 0.03515625 0.57265625 0.0390625 0.03125
0 0.7609375 0.509375 0.040625 0.04375
0 0.8671875 0.50234375 0.0453125 0.0546875
0 0.43359375 0.54296875 0.05 0.05
0 0.24296875 0.56640625 0.04375 0.040625
0 0.796875 0.5203125 0.03125 0.04375
0 0.3078125 0.565625 0.0421875 0.0671875
0 0.70078125 0.53359375 0.0453125 0.0453125
0 0.9453125 0.51875 0.05 0.0546875
0 0.04375 0.59765625 0.05 0.0453125
0 0.1984375 0.58671875 0.025 0.025
0 0.64375 0.55 0.0375 0.021875
0 0.68671875 0.5671875 0.040625 0.053125
0 0.63046875 0.58203125 0.05 0.0453125
0 0.4484375 0.59921875 0.040625 0.053125
0 0.24765625 0.6171875 0.075 0.065625
0 0.33359375 0.61171875 0.0765625 0.09375
0 0.82734375 0.57109375 0.040625 0.053125
0 0.76953125 0.58046875 0.0609375 0.06875
0 0.03203125 0.66875 0.04375 0.090625
0 0.59296875 0.63125 0.09375 0.0671875
0 0.89609375 0.61875 0.0421875 0.0578125
0 0.06640625 0.69765625 0.0828125 0.0984375
0 0.11328125 0.73125 0.0765625 0.0890625
0 0.68359375 0.6859375 0.0453125 0.0453125
0 0.71484375 0.7203125 0.0625 0.0828125
0 0.596875 0.73046875 0.05625 0.06875
0 0.85625 0.71484375 0.0609375 0.0640625
0 0.478125 0.753125 0.0875 0.1171875
0 0.2296875 0.7796875 0.0578125 0.0875
0 0.40078125 0.76875 0.053125 0.0921875
0 0.13359375 0.88046875 0.1640625 0.1515625
0 0.90078125 0.8296875 0.0875 0.1078125