0 0.60390625 0.08984375 0.0734375 0.0953125
0 0.36484375 0.10625 0.0953125 0.1234375
0 0.63359375 0.153125 0.0703125 0.1125
0 0.2078125 0.10859375 0.0890625 0.109375
0 0.4703125 0.1390625 0.059375 0.0890625
0 0.534375 0.15 0.0734375 0.090625
0 0.7390625 0.17890625 0.0765625 0.121875
0 0.80390625 0.22734375 0.0828125 0.1359375
0 0.66015625 0.2421875 0.08125 0.121875
0 0.25859375 0.2234375 0.0875 0.1
0 0.4359375 0.24453125 0.0828125 0.13125
0 0.1046875 0.23046875 0.1078125 0.153125
0 0.56171875 0.2875 0.08125 0.121875
0 0.73984375 0.31796875 0.09375 0.146875
0 0.87734375 0.3390625 0.078125 0.1359375
0 0.359375 0.3359375 0.1 0.125
0 0.25703125 0.37265625 0.090625 0.128125
0 0.58125 0.52734375 0.1140625 0.175
0 0.47890625 0.609375 0.08125 0.1171875