0 0.465625 0.43203125 0.034375 0.05
0 0.87734375 0.4921875 0.040625 0.0640625
0 0.1171875 0.39296875 0.01875 0.034375
0 0.75 0.4859375 0.0296875 0.053125
0 0.9125 0.509375 0.0234375 0.034375
0 0.5515625 0.46328125 0.04375 0.0546875
0 0.0265625 0.39140625 0.028125 0.0390625
0 0.93203125 0.52109375 0.034375 0.0453125
0 0.4890625 0.46171875 0.0453125 0.0640625
0 0.98203125 0.53046875 0.0296875 0.053125
0 0.121875 0.41015625 0.0171875 0.0296875
0 0.24296875 0.42890625 0.0390625 0.059375
0 0.42890625 0.45546875 0.0296875 0.04375
0 0.2109375 0.43125 0.040625 0.0640625
0 0.76328125 0.50859375 0.034375 0.05
0 0.6828125 0.496875 0.040625 0.06875
0 0.28359375 0.44609375 0.0296875 0.0484375
0 0.0578125 0.41640625 0.0234375 0.034375
0 0.17734375 0.43359375 0.0171875 0.025
0 0.15234375 0.4296875 0.034375 0.0546875
0 0.371875 0.46328125 0.03125 0.0578125
0 0.828125 0.5296875 0.034375 0.05
0 0.334375 0.46484375 0.034375 0.0453125
0 0.12265625 0.4375 0.0234375 0.0390625
0 0.58125 0.5046875 0.04375 0.059375
0 0.0171875 0.42734375 0.0296875 0.04375
0 0.42421875 0.4890625 0.040625 0.0640625
0 0.5390625 0.5171875 0.0390625 0.0546875
0 0.89296875 0.56953125 0.0453125 0.0640625
0 0.1984375 0.48359375 0.04375 0.0546875
0 0.65 0.54921875 0.0390625 0.059375
0 0.8234375 0.58046875 0.034375 0.0546875
0 0.0359375 0.471875 0.0546875 0.065625
0 0.303125 0.51875 0.0390625 0.0546875
0 0.390625 0.58046875 0.040625 0.06875
0 0.6171875 0.6140625 0.0453125 0.0640625
0 0.815625 0.6515625 0.040625 0.06875
0 0.27109375 0.5796875 0.05 0.065625
0 0.93046875 0.68203125 0.0515625 0.0796875
0 0.728125 0.65625 0.0421875 0.0421875
0 0.846875 0.67734375 0.0578125 0.0625
0 0.115625 0.57421875 0.0484375 0.05625
0 0.45 0.62421875 0.0453125 0.06875
0 0.5203125 0.63359375 0.05 0.0703125
0 0.1859375 0.6078125 0.05 0.075
0 0.134375 0.628125 0.0578125 0.0890625
0 0.66015625 0.4453125 0.034375 0.0453125