0 0.8609375 0.58828125 0.0171875 0.0203125
0 0.5453125 0.53984375 0.0171875 0.0203125
0 0.534375 0.54765625 0.0109375 0.015625
0 0.928125 0.609375 0.0171875 0.025
0 0.96015625 0.62421875 0.028125 0.0359375
0 0.971875 0.6265625 0.025 0.0390625
0 0.73203125 0.58828125 0.0125 0.0203125
0 0.8390625 0.6078125 0.0171875 0.0203125
0 0.49375 0.553125 0.0390625 0.05
0 0.79765625 0.60078125 0.021875 0.021875
0 0.6171875 0.57265625 0.0234375 0.03125
0 0.9125 0.61875 0.01875 0.0296875
0 0.69765625 0.58515625 0.0125 0.0203125
0 0.24453125 0.515625 0.0171875 0.0203125
0 0.525 0.56015625 0.0171875 0.0203125
0 0.2328125 0.5140625 0.015625 0.015625
0 0.7078125 0.5890625 0.0171875 0.025
0 0.93984375 0.62578125 0.01875 0.0296875
0 0.7859375 0.60390625 0.0125 0.0203125
0 0.271875 0.52265625 0.015625 0.015625
0 0.8546875 0.61484375 0.0171875 0.025
0 0.5046875 0.559375 0.0171875 0.0203125
0 0.3671875 0.5375 0.0328125 0.0359375
0 0.43828125 0.5484375 0.0171875 0.0203125
0 0.20546875 0.51171875 0.00625 0.009375
0 0.184375 0.5109375 0.015625 0.0109375
0 0.6453125 0.58359375 0.0171875 0.025
0 0.40078125 0.5453125 0.0125 0.0203125
0 0.76953125 0.60390625 0.021875 0.0265625
0 0.72109375 0.59609375 0.0125 0.0203125
0 0.62578125 0.58046875 0.0171875 0.0203125
0 0.4125 0.54921875 0.0109375 0.015625
0 0.8125 0.6125 0.0125 0.0203125
0 0.21171875 0.51796875 0.0109375 0.0109375
0 0.22265625 0.51953125 0.00625 0.009375
0 0.56796875 0.57421875 0.0328125 0.040625
0 0.634375 0.584375 0.0171875 0.0203125
0 0.8265625 0.61484375 0.0125 0.0203125
0 0.20703125 0.5171875 0.00625 0.0140625
0 0.38984375 0.54609375 0.0109375 0.015625
0 0.89453125 0.628125 0.0171875 0.025
0 0.6703125 0.59296875 0.0171875 0.0203125
0 0.29296875 0.5328125 0.0171875 0.025
0 0.5921875 0.58046875 0.0125 0.0203125
0 0.42109375 0.55546875 0.0171875 0.0203125
0 0.6609375 0.59375 0.0171875 0.0203125
0 0.6859375 0.59765625 0.01875 0.0296875
0 0.31328125 0.540625 0.0171875 0.025
0 0.2015625 0.5234375 0.0109375 0.015625
0 0.40390625 0.55546875 0.0125 0.0203125
0 0.7359375 0.6078125 0.0171875 0.0203125
0 0.75234375 0.61015625 0.0171875 0.025
0 0.884375 0.63359375 0.021875 0.021875
0 0.91875 0.6390625 0.021875 0.021875
0 0.30390625 0.54140625 0.0125 0.0203125
0 0.1890625 0.5234375 0.015625 0.015625
0 0.5359375 0.5828125 0.0171875 0.0203125
0 0.25 0.53828125 0.0171875 0.025
0 0.26171875 0.5421875 0.0125 0.0203125
0 0.2265625 0.5390625 0.0109375 0.015625
0 0.43671875 0.575 0.0171875 0.0203125
0 0.7671875 0.6296875 0.0171875 0.025
0 0.41328125 0.5734375 0.0125 0.0203125
0 0.4234375 0.58203125 0.0125 0.0203125
0 0.221875 0.5515625 0.00625 0.009375
0 0.51640625 0.60078125 0.0171875 0.025
0 0.92421875 0.66484375 0.028125 0.0359375
0 0.3890625 0.5828125 0.015625 0.015625
0 0.39765625 0.584375 0.0109375 0.015625
0 0.846875 0.66015625 0.01875 0.034375
0 0.21796875 0.5609375 0.015625 0.015625
0 0.728125 0.64140625 0.0234375 0.03125
0 0.27578125 0.56953125 0.0171875 0.0203125
0 0.88984375 0.66953125 0.021875 0.021875
0 0.2640625 0.57265625 0.0171875 0.0203125
0 0.6515625 0.63828125 0.0234375 0.03125
0 0.953125 0.68671875 0.0171875 0.025
0 0.82109375 0.675 0.0171875 0.0203125
0 0.6078125 0.64609375 0.0171875 0.0203125
0 0.8609375 0.69296875 0.0234375 0.034375
0 0.8828125 0.73125 0.028125 0.03125