0 0.51953125 0.325 0.0046875 0.0046875
0 0.51171875 0.32734375 0.0046875 0.0046875
0 0.5140625 0.32734375 0.0046875 0.0046875
0 0.5140625 0.334375 0.0046875 0.0046875
0 0.53203125 0.34453125 0.0046875 0.0046875
0 0.47421875 0.346875 0.0046875 0.0046875
0 0.565625 0.353125 0.0046875 0.0046875
0 0.46484375 0.34609375 0.0046875 0.0046875
0 0.5125 0.35 0.0046875 0.0046875
0 0.6046875 0.35625 0.0046875 0.0046875
0 0.5171875 0.35234375 0.0046875 0.0046875
0 0.5703125 0.35625 0.0046875 0.0046875
0 0.484375 0.35 0.0046875 0.0046875
0 0.54921875 0.3546875 0.0046875 0.0046875
0 0.5078125 0.3515625 0.0046875 0.0046875
0 0.48671875 0.35234375 0.0046875 0.0046875
0 0.60078125 0.3609375 0.0046875 0.0046875
0 0.521875 0.35546875 0.0046875 0.0046875
0 0.421875 0.3484375 0.0046875 0.0046875
0 0.43359375 0.34921875 0.0046875 0.0046875
0 0.45703125 0.353125 0.0046875 0.0046875
0 0.53828125 0.35859375 0.0046875 0.0046875
0 0.56796875 0.3609375 0.0046875 0.0046875
0 0.50546875 0.35625 0.0046875 0.0046875
0 0.5796875 0.36171875 0.0046875 0.0046875
0 0.540625 0.3609375 0.0046875 0.0046875
0 0.58359375 0.3640625 0.0046875 0.0046875
0 0.459375 0.35546875 0.0046875 0.0046875
0 0.57421875 0.36328125 0.0046875 0.0046875
0 0.4734375 0.35625 0.0046875 0.0046875
0 0.59765625 0.36484375 0.0046875 0.0046875
0 0.3828125 0.35234375 0.0046875 0.0046875
0 0.54375 0.3640625 0.0046875 0.0046875
0 0.4953125 0.36015625 0.0046875 0.0046875
0 0.553125 0.3640625 0.0046875 0.0046875
0 0.56015625 0.36484375 0.0046875 0.0046875
0 0.59296875 0.3671875 0.0046875 0.0046875
0 0.396875 0.353125 0.0046875 0.0046875
0 0.43359375 0.35625 0.0046875 0.009375
0 0.56484375 0.3671875 0.0046875 0.0046875
0 0.4375 0.35859375 0.0109375 0.0140625
0 0.44453125 0.359375 0.0046875 0.0046875
0 0.5234375 0.36484375 0.0109375 0.0140625
0 0.5140625 0.3640625 0.0046875 0.0046875
0 0.51875 0.3640625 0.0046875 0.009375
0 0.590625 0.36953125 0.0046875 0.0046875
0 0.6 0.3703125 0.0046875 0.0046875
0 0.475 0.3609375 0.0046875 0.0046875
0 0.4859375 0.36171875 0.0046875 0.0046875
0 0.60625 0.37265625 0.0046875 0.0046875
0 0.615625 0.3734375 0.0046875 0.009375
0 0.509375 0.365625 0.0046875 0.0046875
0 0.53515625 0.36796875 0.0046875 0.0046875
0 0.5578125 0.36953125 0.0046875 0.0046875
0 0.56953125 0.3703125 0.0046875 0.0046875
0 0.5046875 0.365625 0.0046875 0.0046875
0 0.553125 0.36875 0.0046875 0.0046875
0 0.625 0.37421875 0.0046875 0.009375
0 0.5375 0.36796875 0.0046875 0.0046875
0 0.70078125 0.3796875 0.009375 0.009375
0 0.45859375 0.36484375 0.0046875 0.0046875
0 0.54140625 0.3703125 0.0046875 0.0046875
0 0.5625 0.371875 0.0046875 0.0046875
0 0.5765625 0.37265625 0.0046875 0.0046875
0 0.3796875 0.359375 0.0046875 0.0046875
0 0.45625 0.36484375 0.0046875 0.0046875
0 0.57421875 0.37265625 0.0046875 0.0046875
0 0.65 0.378125 0.0046875 0.0046875
0 0.37265625 0.3609375 0.0046875 0.0046875
0 0.38671875 0.36171875 0.0046875 0.0046875
0 0.58046875 0.37578125 0.0046875 0.0046875
0 0.4703125 0.36796875 0.0046875 0.0046875
0 0.50703125 0.3703125 0.0046875 0.0046875
0 0.69140625 0.38359375 0.0109375 0.0140625
0 0.4078125 0.365625 0.0109375 0.0140625
0 0.4765625 0.37109375 0.0046875 0.009375
0 0.51328125 0.3734375 0.0046875 0.0046875
0 0.55703125 0.3765625 0.0046875 0.0046875
0 0.6015625 0.3796875 0.0046875 0.0046875
0 0.23359375 0.35390625 0.009375 0.009375
0 0.5015625 0.37265625 0.0046875 0.0046875
0 0.54765625 0.37578125 0.0046875 0.009375
0 0.5203125 0.3734375 0.0046875 0.0046875
0 0.64296875 0.38203125 0.009375 0.009375
0 0.68203125 0.38515625 0.009375 0.009375
0 0.34296875 0.36171875 0.0109375 0.0140625
0 0.35390625 0.3625 0.0046875 0.0046875
0 0.60546875 0.3796875 0.0046875 0.0046875
0 0.33828125 0.36328125 0.0046875 0.009375
0 0.578125 0.38046875 0.0046875 0.0046875
0 0.21796875 0.3546875 0.00625 0.0140625
0 0.28515625 0.359375 0.009375 0.009375
0 0.55234375 0.378125 0.0046875 0.009375
0 0.5734375 0.3796875 0.0046875 0.009375
0 0.596875 0.38125 0.0046875 0.0046875
0 0.65234375 0.38515625 0.0046875 0.009375
0 0.26171875 0.3578125 0.0046875 0.009375
0 0.33125 0.3625 0.0046875 0.009375
0 0.3609375 0.36484375 0.0046875 0.0046875
0 0.4484375 0.37109375 0.0046875 0.009375
0 0.67265625 0.38671875 0.0046875 0.009375
0 0.3078125 0.3609375 0.0046875 0.0046875
0 0.38203125 0.36640625 0.0046875 0.0046875
0 0.2984375 0.36328125 0.009375 0.009375
0 0.4578125 0.37421875 0.0046875 0.009375
0 0.64765625 0.3875 0.0046875 0.009375
0 0.65859375 0.38828125 0.0109375 0.0140625
0 0.39765625 0.36953125 0.0046875 0.009375
0 0.5828125 0.3828125 0.0046875 0.0046875
0 0.19921875 0.35625 0.0046875 0.009375
0 0.515625 0.378125 0.0046875 0.009375
0 0.559375 0.38125 0.0046875 0.009375
0 0.6171875 0.38515625 0.0109375 0.0140625
0 0.63125 0.3859375 0.009375 0.009375
0 0.18984375 0.35546875 0.0109375 0.0140625
0 0.321875 0.36484375 0.0046875 0.009375
0 0.3328125 0.365625 0.009375 0.009375
0 0.22734375 0.36015625 0.0046875 0.009375
0 0.5390625 0.38203125 0.0046875 0.009375
0 0.61171875 0.3875 0.009375 0.009375
0 0.63515625 0.3890625 0.009375 0.009375
0 0.7140625 0.39453125 0.0109375 0.0140625
0 0.1390625 0.35390625 0.00625 0.0140625
0 0.16484375 0.35625 0.00625 0.0140625
0 0.5640625 0.38359375 0.0046875 0.0046875
0 0.42265625 0.37421875 0.009375 0.009375
0 0.4625 0.3765625 0.0046875 0.009375
0 0.54765625 0.3828125 0.009375 0.009375
0 0.64453125 0.38984375 0.0046875 0.009375
0 0.275 0.3640625 0.009375 0.009375
0 0.50859375 0.3796875 0.0046875 0.009375
0 0.5984375 0.3859375 0.0046875 0.009375
0 0.6046875 0.38671875 0.0046875 0.009375
0 0.1828125 0.35703125 0.0109375 0.0140625
0 0.3140625 0.36640625 0.0046875 0.009375
0 0.4140625 0.3734375 0.0046875 0.009375
0 0.4296875 0.37421875 0.0046875 0.009375
0 0.496875 0.37890625 0.009375 0.009375
0 0.0953125 0.353125 0.009375 0.009375
0 0.203125 0.3609375 0.0046875 0.0046875
0 0.56796875 0.38671875 0.0046875 0.0046875
0 0.2125 0.36171875 0.0046875 0.009375
0 0.471875 0.3796875 0.0046875 0.0046875
0 0.5890625 0.38828125 0.0046875 0.009375
0 0.31171875 0.36875 0.0046875 0.009375
0 0.36953125 0.37265625 0.0046875 0.0046875
0 0.5015625 0.38203125 0.0046875 0.009375
0 0.03515625 0.34921875 0.0109375 0.0140625
0 0.12734375 0.3578125 0.0109375 0.0140625
0 0.47734375 0.3828125 0.0046875 0.0046875
0 0.34921875 0.3734375 0.0109375 0.0140625
0 0.66953125 0.39609375 0.0109375 0.0140625
0 0.14765625 0.359375 0.015625 0.015625
0 0.4546875 0.38125 0.0046875 0.009375
0 0.50546875 0.384375 0.009375 0.009375
0 0.2796875 0.36875 0.00625 0.0140625
0 0.33984375 0.37265625 0.0046875 0.009375
0 0.0875 0.3578125 0.009375 0.009375
0 0.2890625 0.371875 0.0046875 0.009375
0 0.0578125 0.35546875 0.009375 0.009375
0 0.64921875 0.396875 0.0046875 0.009375
0 0.23515625 0.36796875 0.0046875 0.009375
0 0.30703125 0.37265625 0.0109375 0.0140625
0 0.4890625 0.3859375 0.0046875 0.009375
0 0.103125 0.35859375 0.0109375 0.01875
0 0.70234375 0.40078125 0.009375 0.009375
0 0.1171875 0.36171875 0.015625 0.015625
0 0.17734375 0.36640625 0.0109375 0.0140625
0 0.484375 0.3875 0.0046875 0.009375
0 0.7203125 0.40390625 0.0109375 0.0140625
0 0.31796875 0.37578125 0.009375 0.009375
0 0.32265625 0.3765625 0.0109375 0.0140625
0 0.334375 0.37734375 0.0046875 0.009375
0 0.34375 0.378125 0.009375 0.009375
0 0.37578125 0.38046875 0.00625 0.0140625
0 0.3828125 0.38046875 0.0046875 0.009375
0 0.4109375 0.3828125 0.009375 0.009375
0 0.6921875 0.40234375 0.015625 0.0203125
0 0.3296875 0.3765625 0.0109375 0.0140625
0 0.4640625 0.3859375 0.00625 0.0140625
0 0.59609375 0.3953125 0.0046875 0.009375
0 0.06875 0.35859375 0.0109375 0.0140625
0 0.64140625 0.3984375 0.009375 0.009375
0 0.3546875 0.37890625 0.0109375 0.0140625
0 0.04765625 0.35703125 0.0109375 0.0140625
0 0.19375 0.36953125 0.0109375 0.0140625
0 0.20078125 0.3703125 0.00625 0.0140625
0 0.24453125 0.3734375 0.0109375 0.0140625
0 0.4984375 0.39140625 0.009375 0.009375
0 0.590625 0.39765625 0.0046875 0.009375
0 0.36640625 0.38203125 0.009375 0.009375
0 0.15703125 0.3671875 0.015625 0.015625
0 0.58125 0.396875 0.0109375 0.01875
0 0.6 0.3984375 0.0109375 0.0140625
0 0.21015625 0.37109375 0.0140625 0.0109375
0 0.3875 0.38359375 0.0109375 0.0140625
0 0.2578125 0.3765625 0.015625 0.025
0 0.27421875 0.37734375 0.0109375 0.0140625
0 0.6828125 0.40625 0.0203125 0.025
0 0.4171875 0.3875 0.0109375 0.0140625
0 0.53046875 0.3953125 0.015625 0.015625
0 0.54609375 0.396875 0.0109375 0.01875
0 0.015625 0.359375 0.015625 0.0203125
0 0.4359375 0.3890625 0.0109375 0.01875
0 0.5578125 0.39765625 0.0109375 0.0140625
0 0.62265625 0.40234375 0.015625 0.015625
0 0.42421875 0.390625 0.0109375 0.01875
0 0.3015625 0.38203125 0.015625 0.025
0 0.5140625 0.396875 0.00625 0.0140625
0 0.490625 0.3953125 0.0109375 0.0140625
0 0.69921875 0.409375 0.0109375 0.01875
0 0.8046875 0.41953125 0.0109375 0.01875
0 0.81875 0.4203125 0.015625 0.0203125
0 0.72578125 0.4140625 0.015625 0.015625
0 0.47265625 0.39609375 0.015625 0.0203125
0 0.44921875 0.39453125 0.0203125 0.025
0 0.571875 0.403125 0.0109375 0.0140625
0 0.60625 0.40546875 0.0109375 0.0140625
0 0.33125 0.3890625 0.0109375 0.0140625
0 0.721875 0.41640625 0.015625 0.0203125
0 0.0796875 0.37109375 0.015625 0.0203125
0 0.128125 0.37421875 0.015625 0.0203125
0 0.26484375 0.384375 0.015625 0.015625
0 0.51875 0.4015625 0.0109375 0.0140625
0 0.65 0.4109375 0.015625 0.0203125
0 0.13984375 0.37734375 0.015625 0.025
0 0.5 0.403125 0.0109375 0.0140625
0 0.50703125 0.403125 0.0109375 0.0140625
0 0.1953125 0.38125 0.015625 0.015625
0 0.665625 0.41484375 0.015625 0.025
0 0.48828125 0.40234375 0.015625 0.015625
0 0.321875 0.390625 0.015625 0.0203125
0 0.22734375 0.38359375 0.021875 0.0375
0 0.24765625 0.38515625 0.015625 0.0203125
0 0.0609375 0.371875 0.015625 0.0203125
0 0.03359375 0.37265625 0.015625 0.025
0 0.2875 0.390625 0.015625 0.025
0 0.278125 0.38984375 0.0109375 0.0140625
0 0.93359375 0.4359375 0.025 0.0328125
0 0.7078125 0.41953125 0.015625 0.0203125
0 0.084375 0.37578125 0.0109375 0.0140625
0 0.96875 0.43828125 0.0203125 0.0296875
0 0.5875 0.41171875 0.0109375 0.01875
0 0.61953125 0.41484375 0.015625 0.0203125
0 0.4078125 0.4 0.015625 0.025
0 0.06796875 0.3765625 0.015625 0.0203125
0 0.109375 0.3796875 0.0328125 0.025
0 0.78125 0.42890625 0.0265625 0.0421875
0 0.95 0.440625 0.0265625 0.0421875
0 0.596875 0.415625 0.0109375 0.01875
0 0.60078125 0.41640625 0.0109375 0.0140625
0 0.33984375 0.4 0.0203125 0.025
0 0.56875 0.41640625 0.015625 0.015625
0 0.21328125 0.39140625 0.0203125 0.025
0 0.834375 0.43515625 0.025 0.0328125
0 0.63984375 0.42109375 0.03125 0.0390625
0 0.5453125 0.4171875 0.009375 0.009375
0 0.36484375 0.4046875 0.025 0.025
0 0.38828125 0.40625 0.00625 0.0140625
0 0.52890625 0.41796875 0.0203125 0.025
0 0.01875 0.38515625 0.025 0.0328125
0 0.04609375 0.384375 0.0203125 0.0296875
0 0.32578125 0.40390625 0.015625 0.0203125
0 0.5078125 0.41875 0.0109375 0.01875
0 0.4453125 0.41484375 0.0203125 0.025
0 0.309375 0.40546875 0.025 0.0328125
0 0.20078125 0.39765625 0.025 0.025
0 0.48203125 0.41953125 0.0109375 0.0234375
0 0.68515625 0.43359375 0.0203125 0.0328125
0 0.70625 0.4375 0.0203125 0.025
0 0.26953125 0.409375 0.0203125 0.0296875
0 0.55546875 0.4296875 0.015625 0.0203125
0 0.49296875 0.42734375 0.021875 0.0375
0 0.590625 0.43671875 0.0203125 0.025
0 0.3609375 0.42265625 0.015625 0.025
0 0.39609375 0.42578125 0.015625 0.025
0 0.57421875 0.4375 0.015625 0.025
0 0.28984375 0.41796875 0.0203125 0.0296875
0 0.75625 0.45078125 0.046875 0.071875
0 0.33359375 0.42578125 0.025 0.0328125
0 0.41015625 0.43125 0.0109375 0.01875
0 0.05859375 0.40625 0.03125 0.0484375
0 0.6609375 0.4484375 0.025 0.025
0 0.43046875 0.43515625 0.03125 0.04375
0 0.45859375 0.43671875 0.0203125 0.0203125
0 0.8921875 0.46953125 0.0453125 0.0671875
0 0.834375 0.465625 0.03125 0.0390625
0 0.14375 0.4171875 0.03125 0.053125
0 0.16640625 0.41875 0.0359375 0.053125
0 0.6359375 0.45390625 0.025 0.025
0 0.97890625 0.4796875 0.0421875 0.071875
0 0.3 0.43515625 0.0203125 0.025
0 0.02109375 0.415625 0.0359375 0.0484375
0 0.6859375 0.46171875 0.025 0.0328125
0 0.72109375 0.46484375 0.040625 0.0625
0 0.60703125 0.45859375 0.0265625 0.0515625
0 0.53359375 0.45625 0.0265625 0.0515625
0 0.93046875 0.48359375 0.034375 0.04375
0 0.26796875 0.4375 0.025 0.0328125
0 0.07578125 0.4265625 0.0359375 0.0671875
0 0.38984375 0.4484375 0.0203125 0.0328125
0 0.10078125 0.43046875 0.05625 0.0828125
0 0.85078125 0.48515625 0.0265625 0.046875
0 0.19296875 0.44375 0.03125 0.0578125
0 0.7859375 0.4875 0.05 0.0578125
0 0.2296875 0.45078125 0.0453125 0.0671875
0 0.3171875 0.46171875 0.040625 0.0484375
0 0.66796875 0.48828125 0.03125 0.0484375
0 0.88046875 0.50546875 0.0453125 0.0578125
0 0.54921875 0.48671875 0.040625 0.0671875
0 0.3484375 0.47734375 0.0265625 0.0421875
0 0.378125 0.4796875 0.0265625 0.0421875
0 0.465625 0.49765625 0.040625 0.0625
0 0.40859375 0.50546875 0.0453125 0.0625
0 0.26640625 0.4953125 0.0265625 0.0421875
0 0.63515625 0.528125 0.040625 0.053125
0 0.03671875 0.4890625 0.0515625 0.0859375
0 0.5125 0.521875 0.0359375 0.053125
0 0.96484375 0.55859375 0.0609375 0.0828125
0 0.76484375 0.5625 0.0546875 0.0546875
0 0.21796875 0.540625 0.0671875 0.1109375
0 0.871875 0.590625 0.0609375 0.0921875
0 0.40625 0.6140625 0.053125 0.1140625
0 0.8171875 0.65 0.09375 0.1625
0 0.28984375 0.61796875 0.0625 0.109375
0 0.55625 0.65546875 0.071875 0.1109375
0 0.74609375 0.69609375 0.103125 0.1453125
0 0.4453125 0.71875 0.1125 0.2421875
0 0.19375 0.740625 0.109375 0.1921875
0 0.10546875 0.77109375 0.2109375 0.2234375