0 0.49921875 0.4046875 0.015625 0.025
0 0.6328125 0.41796875 0.015625 0.025
0 0.60703125 0.41640625 0.015625 0.025
0 0.584375 0.4140625 0.0109375 0.0234375
0 0.65390625 0.4203125 0.015625 0.0203125
0 0.521875 0.4109375 0.0109375 0.01875
0 0.3921875 0.40234375 0.015625 0.025
0 0.47734375 0.409375 0.015625 0.0203125
0 0.5421875 0.41484375 0.015625 0.025
0 0.43125 0.40546875 0.015625 0.025
0 0.29765625 0.39375 0.0109375 0.01875
0 0.36953125 0.4 0.0109375 0.0234375
0 0.72265625 0.4328125 0.015625 0.025
0 0.34609375 0.40234375 0.015625 0.025
0 0.4546875 0.41171875 0.015625 0.025
0 0.6984375 0.43359375 0.015625 0.025
0 0.253125 0.396875 0.015625 0.025
0 0.675 0.43359375 0.015625 0.025
0 0.2765625 0.39921875 0.0109375 0.01875
0 0.41015625 0.41328125 0.015625 0.025
0 0.5625 0.4265625 0.015625 0.0203125
0 0.74921875 0.4421875 0.015625 0.025
0 0.321875 0.4078125 0.015625 0.025
0 0.7765625 0.44765625 0.0171875 0.0296875
0 0.2296875 0.39921875 0.015625 0.025
0 0.6125 0.45625 0.015625 0.025
0 0.58828125 0.4546875 0.015625 0.025
0 0.56171875 0.4546875 0.015625 0.0203125
0 0.4515625 0.446875 0.015625 0.025
0 0.38203125 0.44140625 0.015625 0.0203125
0 0.65703125 0.46484375 0.0171875 0.0296875
0 0.6796875 0.4671875 0.015625 0.0203125
0 0.540625 0.4546875 0.015625 0.0203125
0 0.5203125 0.453125 0.0171875 0.0296875
0 0.63515625 0.465625 0.0203125 0.025
0 0.35859375 0.44140625 0.0171875 0.0328125
0 0.42578125 0.446875 0.015625 0.025
0 0.471875 0.4515625 0.015625 0.025
0 0.725 0.4734375 0.015625 0.025
0 0.70234375 0.47578125 0.0203125 0.025
0 0.29375 0.440625 0.0203125 0.025
0 0.33515625 0.44375 0.015625 0.025
0 0.49453125 0.4578125 0.015625 0.025
0 0.4046875 0.45 0.015625 0.025
0 0.75 0.48046875 0.015625 0.025
0 0.3140625 0.44453125 0.015625 0.025
0 0.2703125 0.44296875 0.0203125 0.025
0 0.24921875 0.44375 0.015625 0.025
0 0.77734375 0.48984375 0.015625 0.025
0 0.22578125 0.44375 0.015625 0.025
0 0.1984375 0.4453125 0.015625 0.025
0 0.56796875 0.49453125 0.0203125 0.025
0 0.67109375 0.50546875 0.0203125 0.025
0 0.59140625 0.4984375 0.015625 0.025
0 0.6390625 0.503125 0.0203125 0.025
0 0.42421875 0.484375 0.0109375 0.0234375
0 0.521875 0.4921875 0.015625 0.025
0 0.54453125 0.496875 0.0171875 0.0296875
0 0.44765625 0.48828125 0.0171875 0.0296875
0 0.37578125 0.48203125 0.0171875 0.0296875
0 0.61796875 0.503125 0.015625 0.025
0 0.696875 0.51015625 0.0203125 0.025
0 0.39921875 0.48671875 0.015625 0.025
0 0.325 0.4796875 0.0171875 0.0296875
0 0.47265625 0.49296875 0.0171875 0.0296875
0 0.4984375 0.4953125 0.0171875 0.0296875
0 0.71875 0.51484375 0.015625 0.025
0 0.35 0.484375 0.0109375 0.0234375
0 0.74453125 0.52109375 0.015625 0.025
0 0.30390625 0.48515625 0.015625 0.025
0 0.76953125 0.53046875 0.0203125 0.025
0 0.27578125 0.4875 0.0171875 0.0296875
0 0.25234375 0.4875 0.015625 0.025
0 0.22890625 0.490625 0.015625 0.0203125
0 0.54921875 0.5234375 0.021875 0.0296875
0 0.6203125 0.53671875 0.015625 0.0203125
0 0.56953125 0.534375 0.0203125 0.025
0 0.59375 0.5390625 0.0171875 0.0296875
0 0.525 0.5328125 0.0109375 0.01875
0 0.640625 0.54453125 0.015625 0.025
0 0.50390625 0.53515625 0.0171875 0.0296875
0 0.6859375 0.55078125 0.0171875 0.0296875
0 0.48515625 0.53359375 0.015625 0.025
0 0.6625 0.5484375 0.0171875 0.0296875
0 0.46484375 0.53125 0.015625 0.0203125
0 0.44140625 0.53203125 0.015625 0.0203125
0 0.42265625 0.53046875 0.0171875 0.0296875
0 0.3515625 0.52421875 0.015625 0.025
0 0.39765625 0.528125 0.0171875 0.0296875
0 0.709375 0.5578125 0.015625 0.025
0 0.37421875 0.528125 0.015625 0.025
0 0.328125 0.5265625 0.015625 0.0203125
0 0.73125 0.5640625 0.0171875 0.0296875
0 0.30703125 0.52734375 0.015625 0.025
0 0.23515625 0.5234375 0.0171875 0.0296875
0 0.28359375 0.5296875 0.0171875 0.0296875
0 0.25859375 0.52734375 0.015625 0.025
0 0.75859375 0.57578125 0.0171875 0.0296875
0 0.4984375 0.56953125 0.015625 0.025
0 0.54453125 0.57578125 0.015625 0.025
0 0.5703125 0.578125 0.015625 0.0203125
0 0.521875 0.5765625 0.015625 0.025
0 0.45234375 0.57265625 0.0171875 0.0296875
0 0.475 0.575 0.0171875 0.0296875
0 0.61796875 0.5875 0.015625 0.0203125
0 0.6390625 0.5890625 0.0171875 0.0296875
0 0.66875 0.59140625 0.0171875 0.0296875
0 0.59453125 0.5875 0.015625 0.025
0 0.43046875 0.57578125 0.015625 0.025
0 0.40703125 0.5734375 0.0171875 0.0296875
0 0.6984375 0.6015625 0.0171875 0.0296875
0 0.38671875 0.57421875 0.0171875 0.0296875
0 0.2671875 0.56328125 0.0171875 0.0296875
0 0.35859375 0.571875 0.015625 0.0203125
0 0.3375 0.56953125 0.015625 0.0203125
0 0.2890625 0.56796875 0.0171875 0.0296875
0 0.7203125 0.6078125 0.021875 0.0296875
0 0.3171875 0.57265625 0.0109375 0.01875
0 0.24296875 0.57265625 0.0203125 0.0203125
0 0.75 0.61640625 0.021875 0.0296875
0 0.51328125 0.6984375 0.015625 0.025
0 0.6578125 0.71171875 0.021875 0.0296875
0 0.7125 0.7234375 0.021875 0.0296875
0 0.26328125 0.690625 0.0171875 0.0296875
0 0.865625 0.76171875 0.021875 0.0328125
0 0.5609375 0.73984375 0.021875 0.0328125
0 0.1609375 0.70703125 0.021875 0.0296875
0 0.4328125 0.740625 0.021875 0.0328125
0 0.4875 0.75234375 0.021875 0.0296875
0 0.3625 0.74375 0.0171875 0.0328125
0 0.096875 0.7203125 0.021875 0.0296875
0 0.79296875 0.78828125 0.0203125 0.025
0 0.2484375 0.7453125 0.021875 0.0296875
0 0.62421875 0.7828125 0.021875 0.0328125
0 0.68671875 0.78828125 0.021875 0.0296875
0 0.303125 0.75703125 0.0171875 0.0296875
0 0.8125 0.80625 0.021875 0.0296875
0 0.0703125 0.74140625 0.021875 0.0296875
0 0.6015625 0.796875 0.0171875 0.0296875
0 0.7546875 0.81015625 0.021875 0.0296875
0 0.525 0.79921875 0.021875 0.0296875
0 0.4765625 0.79765625 0.021875 0.0328125
0 0.38984375 0.796875 0.021875 0.0328125
0 0.18984375 0.78203125 0.021875 0.0421875
0 0.8765625 0.84453125 0.021875 0.0328125
0 0.325 0.7984375 0.021875 0.0328125
0 0.51328125 0.81953125 0.0171875 0.0296875
0 0.6453125 0.83125 0.021875 0.0296875
0 0.16484375 0.7984375 0.0203125 0.0203125
0 0.2546875 0.80625 0.0265625 0.0390625
0 0.4015625 0.82421875 0.021875 0.0328125
0 0.8234375 0.8609375 0.021875 0.0296875
0 0.57421875 0.84140625 0.021875 0.0296875
0 0.08125 0.7984375 0.021875 0.0328125
0 0.9015625 0.87265625 0.021875 0.0375
0 0.66171875 0.85859375 0.021875 0.0296875
0 0.26875 0.83046875 0.021875 0.0296875
0 0.15625 0.8203125 0.021875 0.0296875
0 0.73203125 0.87578125 0.021875 0.0296875
0 0.07109375 0.82734375 0.021875 0.0296875
0 0.32734375 0.85390625 0.0171875 0.0296875
0 0.9296875 0.90703125 0.021875 0.0328125
0 0.8265625 0.9046875 0.021875 0.0296875
0 0.675 0.89609375 0.021875 0.0296875
0 0.75703125 0.90859375 0.0203125 0.025
0 0.3140625 0.871875 0.021875 0.0296875
0 0.1703125 0.86875 0.021875 0.0296875
0 0.253125 0.878125 0.0265625 0.034375