0 0.8015625 0.16015625 0.0359375 0.05
0 0.8609375 0.1734375 0.034375 0.040625
0 0.90390625 0.18359375 0.0515625 0.0703125
0 0.94453125 0.190625 0.05 0.0625
0 0.54296875 0.11953125 0.0328125 0.0359375
0 0.99140625 0.21953125 0.0171875 0.0921875
0 0.76328125 0.1796875 0.0625 0.0765625
0 0.84453125 0.19921875 0.0703125 0.075
0 0.428125 0.1328125 0.040625 0.05625
0 0.3921875 0.1515625 0.0296875 0.040625
0 0.24140625 0.125 0.0328125 0.0359375
0 0.12421875 0.1375 0.05 0.0578125
0 0.178125 0.16796875 0.05625 0.0671875
0 0.0828125 0.1609375 0.053125 0.053125
0 0.071875 0.19921875 0.0640625 0.0859375
0 0.81875 0.3421875 0.1203125 0.153125
0 0.5671875 0.31875 0.059375 0.0640625
0 0.459375 0.30234375 0.0609375 0.06875
0 0.20390625 0.28359375 0.071875 0.0796875
0 0.67421875 0.36875 0.078125 0.09375
0 0.07265625 0.28359375 0.0796875 0.103125
0 0.57421875 0.4234375 0.09375 0.13125
0 0.4140625 0.4796875 0.134375 0.1609375
0 0.17109375 0.4703125 0.13125 0.1734375
0 0.1296875 0.00546875 0.034375 0.0109375
0 0.3484375 0.0265625 0.0171875 0.0203125
0 0.15546875 0.00859375 0.0234375 0.0171875
0 0.19140625 0.01171875 0.0234375 0.0234375
0 0.22578125 0.01953125 0.0375 0.0375
0 0.17265625 0.0125 0.0234375 0.025
0 0.2609375 0.03046875 0.01875 0.0296875
0 0.5984375 0.08984375 0.021875 0.0265625
0 0.2859375 0.03671875 0.028125 0.0359375
0 0.403125 0.0625 0.0296875 0.040625
0 0.56015625 0.08984375 0.021875 0.0265625
0 0.7609375 0.12578125 0.0328125 0.0328125
0 0.578125 0.09609375 0.01875 0.034375
0 0.8359375 0.14375 0.0390625 0.0515625
0 0.975 0.16953125 0.05 0.0765625
0 0.78671875 0.1375 0.0328125 0.0359375
0 0.41953125 0.07265625 0.01875 0.0296875
0 0.44296875 0.078125 0.01875 0.0296875
0 0.5296875 0.09375 0.028125 0.0359375