0 0.05 0.1609375 0.0359375 0.040625
0 0.68984375 0.09140625 0.0375 0.0453125
0 0.246875 0.1484375 0.046875 0.0546875
0 0.44765625 0.12890625 0.04375 0.06875
0 0.09140625 0.175 0.0375 0.05
0 0.2875 0.153125 0.04375 0.059375
0 0.32734375 0.16015625 0.0421875 0.0453125
0 0.87890625 0.09453125 0.0640625 0.0796875
0 0.04609375 0.2015625 0.04375 0.0640625
0 0.10625 0.196875 0.0375 0.05
0 0.5609375 0.140625 0.0484375 0.059375
0 0.38828125 0.16171875 0.0375 0.05
0 0.2046875 0.04921875 0.0359375 0.0359375
0 0.3484375 0.1921875 0.0375 0.05
0 0.16953125 0.21640625 0.0328125 0.040625
0 0.04375 0.07109375 0.0359375 0.040625
0 0.62421875 0.01015625 0.0453125 0.0203125
0 0.2265625 0.209375 0.04375 0.0640625
0 0.7375 0.15390625 0.0484375 0.06875
0 0.1125 0.23046875 0.0421875 0.0453125
0 0.67109375 0.16171875 0.0484375 0.059375
0 0.4984375 0.18515625 0.0421875 0.0546875
0 0.5578125 0.178125 0.04375 0.059375
0 0.27421875 0.0453125 0.0328125 0.04375
0 0.01796875 0.25859375 0.021875 0.034375
0 0.29921875 0.23125 0.0421875 0.05
0 0.11796875 0.06640625 0.0375 0.05
0 0.47734375 0.0234375 0.0421875 0.046875
0 0.365625 0.0359375 0.046875 0.0515625
0 0.01796875 0.28046875 0.0359375 0.0546875
0 0.42109375 0.0296875 0.046875 0.0515625
0 0.68046875 0.01015625 0.0421875 0.0203125
0 0.09765625 0.28125 0.0484375 0.06875
0 0.31796875 0.25625 0.046875 0.0546875
0 0.68671875 0.2203125 0.0484375 0.0640625
0 0.5390625 0.24609375 0.05 0.0734375
0 0.38515625 0.2671875 0.0484375 0.059375
0 0.88046875 0.21796875 0.0609375 0.0890625
0 0.17421875 0.31171875 0.053125 0.0703125
0 0.13828125 0.32734375 0.04375 0.0640625
0 0.071875 0.3375 0.05 0.0734375
0 0.61171875 0.28828125 0.053125 0.0703125
0 0.28359375 0.33515625 0.0578125 0.0703125
0 0.18359375 0.36875 0.0578125 0.0609375
0 0.38671875 0.35078125 0.059375 0.084375
0 0.73828125 0.33046875 0.0875 0.1234375
0 0.53515625 0.371875 0.05 0.078125
0 0.6921875 0.35546875 0.05 0.0828125
0 0.4703125 0.4125 0.065625 0.0890625
0 0.1578125 0.45078125 0.05 0.078125
0 0.2234375 0.45 0.05 0.0828125
0 0.071875 0.48515625 0.0546875 0.075
0 0.33984375 0.45234375 0.0703125 0.0953125
0 0.26953125 0.4609375 0.06875 0.08125
0 0.56015625 0.45546875 0.0765625 0.109375
0 0.0203125 0.52421875 0.040625 0.0734375
0 0.759375 0.02734375 0.059375 0.0546875
0 0.56484375 0.04140625 0.034375 0.053125
0 0.509375 0.06015625 0.0421875 0.0546875
0 0.62890625 0.0484375 0.04375 0.0640625
0 0.459375 0.07109375 0.0421875 0.05
0 0.2 0.10546875 0.0375 0.0546875
0 0.28359375 0.1 0.034375 0.0578125
0 0.115625 0.125 0.0421875 0.0546875
0 0.378125 0.09765625 0.046875 0.0546875