0 0.32890625 0.171875 0.025 0.0515625
0 0.98984375 0.196875 0.0203125 0.05625
0 0.9203125 0.19765625 0.025 0.0421875
0 0.3859375 0.18359375 0.0296875 0.0421875
0 0.08515625 0.17265625 0.025 0.0515625
0 0.27734375 0.18203125 0.025 0.0375
0 0.1265625 0.1765625 0.025 0.0515625
0 0.02734375 0.17578125 0.025 0.0421875
0 0.7921875 0.2046875 0.034375 0.05625
0 0.8296875 0.20625 0.0328125 0.0421875
0 0.72578125 0.2234375 0.0203125 0.0375
0 0.35859375 0.22109375 0.0296875 0.0515625
0 0.590625 0.2296875 0.0296875 0.0421875
0 0.16875 0.21953125 0.0296875 0.046875
0 0.5375 0.23203125 0.0296875 0.0421875
0 0.2109375 0.22578125 0.0296875 0.0421875
0 0.63671875 0.24296875 0.0203125 0.0328125
0 0.7609375 0.246875 0.0328125 0.0421875
0 0.25703125 0.234375 0.025 0.0515625
0 0.659375 0.2484375 0.0203125 0.0328125
0 0.953125 0.2703125 0.025 0.025
0 0.3140625 0.25 0.025 0.046875
0 0.01796875 0.2421875 0.0203125 0.0375
0 0.09921875 0.2453125 0.025 0.0421875
0 0.7921875 0.27421875 0.0296875 0.0375
0 0.92421875 0.28359375 0.0203125 0.0375
0 0.85859375 0.29453125 0.025 0.0328125
0 0.95859375 0.30234375 0.025 0.0421875
0 0.2140625 0.28125 0.034375 0.046875
0 0.2546875 0.28515625 0.034375 0.046875
0 0.0484375 0.28046875 0.034375 0.046875
0 0.90546875 0.31484375 0.0296875 0.0421875
0 0.1015625 0.29375 0.025 0.0328125
0 0.14140625 0.29765625 0.0296875 0.0421875
0 0.484375 0.33515625 0.025 0.0375
0 0.80390625 0.3546875 0.0296875 0.046875
0 0.5890625 0.35 0.0296875 0.046875
0 0.146875 0.33671875 0.0296875 0.0421875
0 0.546875 0.353125 0.0296875 0.0375
0 0.75234375 0.36484375 0.0296875 0.0421875
0 0.26953125 0.3484375 0.025 0.046875
0 0.40546875 0.35546875 0.0328125 0.0421875
0 0.0609375 0.3453125 0.0296875 0.0421875
0 0.02109375 0.346875 0.025 0.0421875
0 0.21796875 0.35546875 0.0296875 0.0328125
0 0.62734375 0.3703125 0.034375 0.0515625
0 0.68515625 0.371875 0.0328125 0.0421875
0 0.8421875 0.38671875 0.0296875 0.0421875
0 0.87421875 0.3953125 0.0296875 0.046875
0 0.90625 0.4125 0.0296875 0.05625
0 0.98203125 0.41484375 0.0296875 0.0421875
0 0.17890625 0.39453125 0.034375 0.0515625
0 0.38515625 0.403125 0.025 0.0375
0 0.15390625 0.4015625 0.0203125 0.0375
0 0.43125 0.41171875 0.025 0.0375
0 0.97421875 0.4515625 0.0296875 0.0328125
0 0.53359375 0.459375 0.0296875 0.0421875
0 0.00859375 0.45078125 0.015625 0.046875
0 0.86875 0.484375 0.0296875 0.046875
0 0.584375 0.47734375 0.0203125 0.0375
0 0.91953125 0.49375 0.0203125 0.0328125
0 0.4890625 0.478125 0.0296875 0.0375
0 0.04921875 0.46328125 0.0296875 0.0328125
0 0.32734375 0.475 0.0328125 0.0328125
0 0.6671875 0.4890625 0.0296875 0.0375
0 0.38046875 0.484375 0.025 0.0421875
0 0.40703125 0.49921875 0.025 0.0375
0 0.65078125 0.5078125 0.025 0.0375
0 0.340625 0.50625 0.0296875 0.0328125
0 0.4734375 0.52265625 0.0296875 0.0515625
0 0.11484375 0.5125 0.0203125 0.0328125
0 0.25859375 0.51953125 0.025 0.0421875
0 0.64296875 0.53515625 0.0296875 0.0421875
0 0.31640625 0.52578125 0.025 0.0421875
0 0.97734375 0.55078125 0.034375 0.0515625
0 0.70703125 0.54375 0.0296875 0.0421875
0 0.5609375 0.54140625 0.0296875 0.0421875
0 0.12578125 0.53046875 0.0296875 0.0375
0 0.015625 0.5328125 0.03125 0.046875
0 0.76640625 0.571875 0.0296875 0.0515625
0 0.2890625 0.56015625 0.025 0.0375
0 0.91640625 0.584375 0.025 0.0375
0 0.40078125 0.57109375 0.025 0.0421875
0 0.86484375 0.58671875 0.025 0.0421875
0 0.7953125 0.58671875 0.0296875 0.0421875
0 0.65234375 0.59609375 0.0296875 0.0375
0 0.27265625 0.58671875 0.025 0.0421875
0 0.21015625 0.584375 0.0296875 0.0421875
0 0.52734375 0.59765625 0.0296875 0.0375
0 0.753125 0.6078125 0.0296875 0.0421875
0 0.9359375 0.61484375 0.0296875 0.0421875
0 0.68671875 0.06640625 0.034375 0.05625
0 0.95234375 0.07578125 0.025 0.0328125
0 0.59765625 0.60234375 0.0296875 0.0375
0 0.68359375 0.6171875 0.0296875 0.0375
0 0.49140625 0.6109375 0.025 0.0421875
0 0.99765625 0.07890625 0.0046875 0.0515625
0 0.21328125 0.63828125 0.025 0.0515625
0 0.43671875 0.64609375 0.0296875 0.0421875
0 0.64296875 0.65390625 0.0296875 0.0421875
0 0.5265625 0.065625 0.0390625 0.0515625
0 0.8921875 0.078125 0.0203125 0.0421875
0 0.15625 0.64140625 0.0296875 0.0421875
0 0.3328125 0.64765625 0.0296875 0.0421875
0 0.703125 0.66015625 0.0296875 0.046875
0 0.94140625 0.67109375 0.0296875 0.0515625
0 0.23515625 0.64609375 0.0375 0.0421875
0 0.52265625 0.66015625 0.0296875 0.0515625
0 0.37421875 0.65703125 0.0296875 0.0375
0 0.47578125 0.66328125 0.025 0.046875
0 0.98203125 0.68359375 0.025 0.05625
0 0.5953125 0.66953125 0.0296875 0.0421875
0 0.80390625 0.6796875 0.034375 0.046875
0 0.74609375 0.68671875 0.0328125 0.0421875
0 0.8609375 0.7046875 0.0296875 0.046875
0 0.328125 0.71328125 0.025 0.0421875
0 0.3578125 0.71484375 0.0296875 0.0515625
0 0.48515625 0.72421875 0.0296875 0.0421875
0 0.77265625 0.73359375 0.0296875 0.0421875
0 0.4390625 0.72421875 0.025 0.0328125
0 0.5984375 0.73046875 0.0296875 0.0421875
0 0.98203125 0.74609375 0.015625 0.046875
0 0.9359375 0.74453125 0.0296875 0.046875
0 0.69296875 0.74765625 0.0296875 0.0421875
0 0.82734375 0.759375 0.0296875 0.0515625
0 0.31796875 0.0703125 0.025 0.0421875
0 0.10390625 0.7578125 0.025 0.0421875
0 0.27421875 0.07109375 0.025 0.046875
0 0.47578125 0.78125 0.0296875 0.0421875
0 0.3 0.77734375 0.025 0.0421875
0 0.353125 0.78203125 0.034375 0.05625
0 0.43203125 0.78671875 0.025 0.046875
0 0.17734375 0.78046875 0.025 0.0421875
0 0.78359375 0.80390625 0.025 0.0421875
0 0.9484375 0.809375 0.0296875 0.0515625
0 0.64296875 0.80390625 0.0296875 0.0515625
0 0.68125 0.809375 0.034375 0.05625
0 0.13359375 0.79296875 0.0296875 0.046875
0 0.76015625 0.08984375 0.025 0.0375
0 0.19765625 0.81875 0.0296875 0.046875
0 0.0015625 0.8109375 0.003125 0.0375
0 0.05078125 0.82265625 0.0296875 0.0375
0 0.31015625 0.834375 0.025 0.0515625
0 0.596875 0.84453125 0.025 0.046875
0 0.259375 0.83671875 0.0328125 0.0328125
0 0.70703125 0.85703125 0.0296875 0.0421875
0 0.890625 0.865625 0.0296875 0.0421875
0 0.3671875 0.8515625 0.0203125 0.0421875
0 0.390625 0.85234375 0.025 0.0375
0 0.66796875 0.8625 0.025 0.0375
0 0.81640625 0.86953125 0.0328125 0.0421875
0 0.05625 0.0703125 0.0328125 0.0421875
0 0.1265625 0.853125 0.0296875 0.0328125
0 0.08671875 0.8609375 0.025 0.0421875
0 0.94453125 0.9 0.0328125 0.0421875
0 0.87734375 0.909375 0.0296875 0.0421875
0 0.471875 0.9046875 0.0296875 0.0421875
0 0.42109375 0.9046875 0.0296875 0.0421875
0 0.6453125 0.9125 0.0296875 0.0375
0 0.259375 0.90390625 0.0296875 0.0375
0 0.52890625 0.9203125 0.0296875 0.0515625
0 0.30234375 0.91484375 0.0296875 0.046875
0 0.603125 0.92734375 0.025 0.0421875
0 0.8234375 0.9375 0.0296875 0.0421875
0 0.7515625 0.93984375 0.034375 0.046875
0 0.70625 0.9453125 0.0296875 0.046875
0 0.10703125 0.08046875 0.025 0.0421875
0 0.93515625 0.971875 0.0328125 0.0421875
0 0.46796875 0.0953125 0.0328125 0.0421875
0 0.4234375 0.0984375 0.0328125 0.0421875
0 0.9625 0.12421875 0.0296875 0.0515625
0 0.17265625 0.10625 0.025 0.0328125
0 0.6796875 0.13125 0.025 0.0421875
0 0.62890625 0.12890625 0.0296875 0.0421875
0 0.21953125 0.1171875 0.0296875 0.0421875
0 0.90625 0.14609375 0.034375 0.0515625
0 0.12421875 0.11875 0.0296875 0.0375
0 0.27734375 0.12421875 0.025 0.0421875
0 0.07109375 0.11953125 0.025 0.0375
0 0.01953125 0.12421875 0.015625 0.0421875
0 0.83671875 0.153125 0.0296875 0.046875