0 0.0265625 0.58828125 0.0234375 0.03125
0 0.146875 0.57421875 0.0171875 0.0203125
0 0.13046875 0.57734375 0.0171875 0.0203125
0 0.1875 0.56953125 0.0203125 0.0171875
0 0.1171875 0.58203125 0.021875 0.0265625
0 0.06015625 0.59453125 0.0171875 0.0203125
0 0.3 0.55234375 0.0171875 0.0203125
0 0.2296875 0.56640625 0.021875 0.021875
0 0.16796875 0.57734375 0.0171875 0.0203125
0 0.56328125 0.51015625 0.0171875 0.0203125
0 0.203125 0.57578125 0.015625 0.015625
0 0.1390625 0.5875 0.021875 0.021875
0 0.465625 0.5296875 0.0171875 0.0203125
0 0.52578125 0.52421875 0.0171875 0.0203125
0 0.6 0.5109375 0.0171875 0.0203125
0 0.415625 0.54375 0.0171875 0.0203125
0 0.2609375 0.5703125 0.0171875 0.0203125
0 0.36328125 0.55234375 0.0171875 0.0203125
0 0.54140625 0.5234375 0.015625 0.015625
0 0.50078125 0.53046875 0.0171875 0.0203125
0 0.5875 0.515625 0.021875 0.021875
0 0.61015625 0.51171875 0.015625 0.015625
0 0.48671875 0.53515625 0.021875 0.021875
0 0.2234375 0.58125 0.0234375 0.03125
0 0.34609375 0.559375 0.0234375 0.03125
0 0.4328125 0.546875 0.0171875 0.0203125
0 0.08671875 0.61015625 0.0171875 0.0203125
0 0.2515625 0.58359375 0.021875 0.021875
0 0.37890625 0.5609375 0.0171875 0.0203125
0 0.4265625 0.55234375 0.021875 0.021875
0 0.29453125 0.578125 0.021875 0.021875
0 0.4 0.559375 0.015625 0.015625
0 0.06484375 0.68671875 0.028125 0.0359375
0 0.909375 0.540625 0.0234375 0.034375
0 0.6859375 0.58203125 0.01875 0.0296875
0 0.65 0.58828125 0.0265625 0.0265625
0 0.84140625 0.55703125 0.0171875 0.025
0 0.6734375 0.58671875 0.021875 0.021875
0 0.54140625 0.6125 0.0234375 0.034375
0 0.22890625 0.66796875 0.021875 0.0265625
0 0.28359375 0.66015625 0.0265625 0.0265625
0 0.7078125 0.58515625 0.0171875 0.0203125
0 0.80078125 0.56875 0.0234375 0.03125
0 0.96796875 0.53984375 0.0171875 0.025
0 0.2609375 0.6640625 0.028125 0.03125
0 0.77890625 0.575 0.028125 0.0359375
0 0.58515625 0.609375 0.015625 0.015625
0 0.6234375 0.603125 0.015625 0.015625
0 0.471875 0.63203125 0.021875 0.0265625
0 0.99140625 0.540625 0.0171875 0.025
0 0.29375 0.66328125 0.0234375 0.03125
0 0.56015625 0.61640625 0.021875 0.0265625
0 0.13359375 0.69140625 0.028125 0.03125
0 0.42421875 0.640625 0.028125 0.03125
0 0.09609375 0.70078125 0.0265625 0.0265625
0 0.2078125 0.68125 0.021875 0.0265625
0 0.19140625 0.68359375 0.0328125 0.0359375
0 0.40859375 0.64765625 0.021875 0.0265625
0 0.82109375 0.575 0.0328125 0.0359375
0 0.4421875 0.6421875 0.0171875 0.0203125
0 0.51328125 0.6296875 0.021875 0.0265625
0 0.5 0.634375 0.021875 0.021875
0 0.334375 0.665625 0.021875 0.0265625
0 0.8078125 0.58203125 0.021875 0.0265625
0 0.61640625 0.615625 0.0171875 0.0203125
0 0.1796875 0.6953125 0.0328125 0.0359375
0 0.72421875 0.59921875 0.0265625 0.0265625
0 0.87265625 0.5734375 0.0515625 0.0703125
0 0.74921875 0.596875 0.0171875 0.025
0 0.58359375 0.62890625 0.028125 0.03125
0 0.63046875 0.62734375 0.0234375 0.03125
0 0.68515625 0.6203125 0.028125 0.03125
0 0.3734375 0.7125 0.028125 0.03125