0 0.246875 0.140625 0.0359375 0.0484375
0 0.8796875 0.209375 0.0359375 0.04375
0 0.30390625 0.15078125 0.03125 0.0390625
0 0.40546875 0.16171875 0.0359375 0.040625
0 0.13984375 0.13359375 0.0359375 0.040625
0 0.10859375 0.13046875 0.03125 0.0390625
0 0.20234375 0.14296875 0.0359375 0.0484375
0 0.48515625 0.175 0.0359375 0.04375
0 0.9296875 0.22421875 0.0328125 0.04375
0 0.7125 0.20078125 0.028125 0.04375
0 0.59296875 0.190625 0.028125 0.04375
0 0.5328125 0.18671875 0.0359375 0.040625
0 0.9796875 0.23359375 0.0359375 0.04375
0 0.64296875 0.1984375 0.040625 0.05
0 0.75859375 0.2109375 0.0421875 0.059375
0 0.353125 0.17265625 0.0328125 0.0484375
0 0.8265625 0.22734375 0.0359375 0.0484375
0 0.671875 0.03671875 0.0265625 0.034375
0 0.2078125 0.17890625 0.028125 0.04375
0 0.06640625 0.16875 0.0359375 0.04375
0 0.29453125 0.19453125 0.0265625 0.0390625
0 0.76640625 0.24609375 0.0328125 0.04375
0 0.4328125 0.21328125 0.028125 0.04375
0 0.22734375 0.19140625 0.0359375 0.0484375
0 0.7015625 0.24140625 0.0359375 0.0484375
0 0.10078125 0.1828125 0.03125 0.0390625
0 0.18359375 0.19375 0.0359375 0.04375
0 0.49609375 0.22734375 0.0359375 0.04375
0 0.3328125 0.21015625 0.03125 0.0390625
0 0.546875 0.23203125 0.0328125 0.04375
0 0.65703125 0.24375 0.0359375 0.040625
0 0.98671875 0.28046875 0.0265625 0.0484375
0 0.92890625 0.27734375 0.0328125 0.04375
0 0.39375 0.2234375 0.040625 0.05
0 0.86875 0.2734375 0.0359375 0.04375
0 0.603125 0.24765625 0.0328125 0.04375
0 0.40078125 0.01796875 0.0359375 0.0359375
0 0.13359375 0.221875 0.0421875 0.0546875
0 0.07578125 0.21796875 0.0328125 0.0484375
0 0.0359375 0.21875 0.0234375 0.0484375
0 0.32578125 0.24921875 0.0328125 0.04375
0 0.5859375 0.27890625 0.0359375 0.0484375
0 0.1828125 0.23671875 0.0375 0.053125
0 0.7609375 0.29921875 0.0328125 0.0484375
0 0.66171875 0.29140625 0.0328125 0.04375
0 0.71015625 0.296875 0.0265625 0.034375
0 0.965625 0.3234375 0.03125 0.0390625
0 0.27890625 0.25390625 0.0359375 0.040625
0 0.48671875 0.27578125 0.040625 0.0453125
0 0.54921875 0.28203125 0.0328125 0.04375
0 0.22890625 0.2484375 0.0359375 0.0484375
0 0.8171875 0.3140625 0.0359375 0.04375
0 0.3890625 0.26953125 0.0328125 0.04375
0 0.91640625 0.325 0.0359375 0.04375
0 0.85625 0.3203125 0.0359375 0.040625
0 0.996875 0.340625 0.00625 0.053125
0 0.1875 0.00625 0.021875 0.0125
0 0.33046875 0.29375 0.0359375 0.0484375
0 0.45078125 0.30625 0.040625 0.0453125
0 0.97109375 0.36328125 0.0359375 0.04375
0 0.1484375 0.2765625 0.03125 0.034375
0 0.04765625 0.26640625 0.0421875 0.0546875
0 0.26796875 0.2921875 0.0359375 0.04375
0 0.69375 0.3390625 0.0359375 0.0484375
0 0.753125 0.3453125 0.0328125 0.0484375
0 0.5046875 0.31875 0.0359375 0.04375
0 0.56015625 0.32734375 0.0328125 0.04375
0 0.203125 0.2921875 0.0359375 0.04375
0 0.3890625 0.3140625 0.040625 0.05
0 0.6171875 0.3375 0.0359375 0.04375
0 0.08984375 0.2828125 0.03125 0.034375
0 0.7984375 0.36171875 0.0328125 0.04375
0 0.90234375 0.375 0.0359375 0.04375
0 0.259375 0.01015625 0.03125 0.0203125
0 0.43359375 0.02265625 0.0359375 0.040625
0 0.72578125 0.053125 0.0265625 0.0296875
0 0.8046875 0.06171875 0.040625 0.040625
0 0.83828125 0.3859375 0.040625 0.05
0 0.25390625 0.334375 0.0265625 0.0390625
0 0.96328125 0.40859375 0.040625 0.0453125
0 0.08828125 0.31953125 0.0359375 0.0484375
0 0.0265625 0.3125 0.0234375 0.0484375
0 0.353125 0.34921875 0.0328125 0.053125
0 0.446875 0.359375 0.028125 0.04375
0 0.51171875 0.36640625 0.0328125 0.04375
0 0.34453125 0.01875 0.0359375 0.0375
0 0.5578125 0.040625 0.0328125 0.04375
0 0.746875 0.06015625 0.03125 0.0390625
0 0.49765625 0.03359375 0.028125 0.04375
0 0.153125 0.328125 0.0328125 0.04375
0 0.28125 0.346875 0.0328125 0.04375
0 0.40078125 0.359375 0.0328125 0.04375
0 0.92265625 0.41640625 0.040625 0.0453125
0 0.6328125 0.38828125 0.028125 0.04375
0 0.77578125 0.403125 0.0359375 0.0484375
0 0.81015625 0.40703125 0.028125 0.0484375
0 0.68046875 0.3953125 0.0359375 0.04375
0 0.571875 0.3890625 0.0359375 0.040625
0 0.88046875 0.4234375 0.0359375 0.04375
0 0.1109375 0.3703125 0.0328125 0.0484375
0 0.0375 0.36484375 0.0359375 0.0484375
0 0.1703125 0.38125 0.0328125 0.04375
0 0.63515625 0.43046875 0.040625 0.0453125
0 0.925 0.4609375 0.0328125 0.04375
0 0.44375 0.4125 0.0375 0.053125
0 0.56796875 0.428125 0.0328125 0.053125
0 0.22578125 0.3921875 0.028125 0.04375
0 0.28046875 0.39765625 0.03125 0.0390625
0 0.3265625 0.4046875 0.0328125 0.04375
0 0.36953125 0.409375 0.0328125 0.04375
0 0.68984375 0.44296875 0.046875 0.0546875
0 0.765625 0.453125 0.0328125 0.04375
0 0.503125 0.42578125 0.040625 0.05
0 0.9875 0.47578125 0.025 0.0484375
0 0.87734375 0.08125 0.0328125 0.0484375
0 0.84296875 0.4734375 0.0328125 0.04375
0 0.60234375 0.0546875 0.0328125 0.0484375
0 0.85234375 0.48828125 0.0265625 0.0390625
0 0.803125 0.490625 0.021875 0.025
0 0.23203125 0.4375 0.0328125 0.04375
0 0.871875 0.5046875 0.040625 0.05
0 0.7 0.06484375 0.03125 0.034375
0 0.29140625 0.44765625 0.0359375 0.04375
0 0.659375 0.4859375 0.0328125 0.053125
0 0.1296875 0.4328125 0.0359375 0.04375
0 0.38125 0.459375 0.0359375 0.0484375
0 0.05625 0.425 0.0328125 0.04375
0 0.7828125 0.50625 0.040625 0.05
0 0.9625 0.5296875 0.0375 0.053125
0 0.16796875 0.44609375 0.03125 0.0390625
0 0.446875 0.47578125 0.0328125 0.0484375
0 0.0609375 0.01328125 0.028125 0.0265625
0 0.81015625 0.51640625 0.0328125 0.04375
0 0.4921875 0.48515625 0.0265625 0.0390625
0 0.721875 0.509375 0.0359375 0.0484375
0 0.584375 0.496875 0.0328125 0.053125
0 0.53203125 0.50078125 0.0265625 0.034375
0 0.27265625 0.0265625 0.03125 0.034375
0 0.54375 0.528125 0.028125 0.053125
0 0.42109375 0.51796875 0.0375 0.053125
0 0.909375 0.56875 0.028125 0.04375
0 0.18125 0.49453125 0.0375 0.0578125
0 0.66953125 0.54609375 0.0328125 0.04375
0 0.11484375 0.48984375 0.0359375 0.040625
0 0.3515625 0.51484375 0.0375 0.053125
0 0.0203125 0.48125 0.040625 0.059375
0 0.478125 0.5296875 0.0328125 0.0484375
0 0.05703125 0.48828125 0.040625 0.0453125
0 0.7703125 0.565625 0.0328125 0.04375
0 0.71875 0.5625 0.0328125 0.04375
0 0.95703125 0.5875 0.0328125 0.04375
0 0.61328125 0.553125 0.0375 0.0578125
0 0.815625 0.575 0.0328125 0.04375
0 0.0640625 0.53125 0.0328125 0.053125
0 0.45546875 0.57265625 0.0421875 0.0546875
0 0.221875 0.55 0.0359375 0.04375
0 0.575 0.58984375 0.0328125 0.04375
0 0.8625 0.61953125 0.0359375 0.04375
0 0.1328125 0.54296875 0.0359375 0.04375
0 0.40625 0.571875 0.0375 0.053125
0 0.28828125 0.56171875 0.0421875 0.0546875
0 0.3578125 0.56875 0.0421875 0.0546875
0 0.74921875 0.61015625 0.0421875 0.0546875
0 0.93515625 0.634375 0.0328125 0.04375
0 0.6953125 0.6140625 0.040625 0.0453125
0 0.50390625 0.59375 0.0328125 0.053125
0 0.53515625 0.6296875 0.0328125 0.0484375
0 0.47421875 0.63046875 0.0328125 0.053125
0 0.0046875 0.58125 0.009375 0.04375
0 0.10078125 0.5953125 0.0359375 0.04375
0 0.31328125 0.6203125 0.0328125 0.04375
0 0.05234375 0.59296875 0.040625 0.0453125
0 0.20625 0.60859375 0.040625 0.0453125
0 0.57890625 0.65078125 0.0265625 0.0390625
0 0.425 0.63671875 0.028125 0.04375
0 0.1484375 0.6078125 0.0359375 0.04375
0 0.64140625 0.659375 0.05625 0.0609375
0 0.71015625 0.66875 0.0328125 0.04375
0 0.25 0.62265625 0.040625 0.05
0 0.85546875 0.68671875 0.0375 0.053125
0 0.8 0.6828125 0.0421875 0.0546875
0 0.3625 0.6375 0.03125 0.0390625
0 0.9625 0.70625 0.0328125 0.053125
0 0.74609375 0.68359375 0.0328125 0.04375
0 0.90390625 0.7078125 0.0375 0.053125
0 0.10546875 0.0234375 0.0265625 0.0390625
0 0.51484375 0.6875 0.046875 0.0546875
0 0.3515625 0.67265625 0.0375 0.053125
0 0.83671875 0.7265625 0.0265625 0.034375
0 0.5859375 0.70234375 0.040625 0.05
0 0.4015625 0.68515625 0.0359375 0.0484375
0 0.7515625 0.721875 0.040625 0.05
0 0.6359375 0.7125 0.0421875 0.0546875
0 0.078125 0.65390625 0.0421875 0.0546875
0 0.28125 0.675 0.040625 0.05
0 0.13828125 0.6625 0.0359375 0.0484375
0 0.02578125 0.65078125 0.03125 0.0390625
0 0.45390625 0.6953125 0.0359375 0.0484375
0 0.2390625 0.6796875 0.040625 0.0453125
0 0.95859375 0.76484375 0.0328125 0.053125
0 0.3515625 0.05390625 0.0328125 0.04375
0 0.86875 0.759375 0.0375 0.053125
0 0.1796875 0.68984375 0.0359375 0.04375
0 0.4359375 0.7375 0.0375 0.053125
0 0.203125 0.040625 0.0328125 0.04375
0 0.159375 0.03828125 0.0359375 0.04375
0 0.2203125 0.7265625 0.0421875 0.0546875
0 0.27265625 0.73203125 0.0359375 0.0484375
0 0.04765625 0.70859375 0.0375 0.053125
0 0.49375 0.7578125 0.0328125 0.0484375
0 0.7171875 0.78125 0.0359375 0.0484375
0 0.59453125 0.77109375 0.0359375 0.04375
0 0.36953125 0.746875 0.0328125 0.053125
0 0.546875 0.765625 0.0375 0.053125
0 0.7625 0.78828125 0.0421875 0.0546875
0 0.09765625 0.71875 0.0375 0.0578125
0 0.646875 0.78125 0.0359375 0.04375
0 0.87734375 0.80546875 0.040625 0.040625
0 0.634375 0.08828125 0.0328125 0.04375
0 0.16328125 0.73515625 0.0421875 0.0546875
0 0.92578125 0.81484375 0.0328125 0.04375
0 0.821875 0.80390625 0.040625 0.0453125
0 0.32109375 0.75625 0.0375 0.053125
0 0.3 0.05546875 0.0359375 0.04375
0 0.24921875 0.05234375 0.03125 0.0390625
0 0.746875 0.1046875 0.0328125 0.0484375
0 0.46484375 0.81015625 0.040625 0.0453125
0 0.5296875 0.8171875 0.0375 0.053125
0 0.13359375 0.77578125 0.0375 0.053125
0 0.715625 0.83671875 0.040625 0.05
0 0.58671875 0.82578125 0.0359375 0.04375
0 0.08984375 0.03828125 0.021875 0.0390625
0 0.509375 0.08203125 0.0359375 0.04375
0 0.93515625 0.12734375 0.0375 0.053125
0 0.784375 0.8515625 0.0375 0.053125
0 0.30546875 0.803125 0.0375 0.053125
0 0.8390625 0.859375 0.0328125 0.04375
0 0.24375 0.796875 0.0328125 0.04375
0 0.65703125 0.8421875 0.0359375 0.0484375
0 0.1875 0.79296875 0.0375 0.053125
0 0.8828125 0.86640625 0.0328125 0.04375
0 0.94453125 0.87734375 0.0421875 0.059375
0 0.40546875 0.8234375 0.0359375 0.04375
0 0.796875 0.1125 0.0328125 0.04375
0 0.35703125 0.82265625 0.0375 0.053125
0 0.6953125 0.10390625 0.0359375 0.04375
0 0.56171875 0.08984375 0.0359375 0.040625
0 0.63671875 0.87734375 0.0328125 0.0484375
0 0.1625 0.83203125 0.0375 0.0578125
0 0.8609375 0.121875 0.040625 0.05
0 0.909375 0.12890625 0.0359375 0.0484375
0 0.45 0.86484375 0.040625 0.0453125
0 0.221875 0.840625 0.0328125 0.0484375
0 0.509375 0.87109375 0.0328125 0.0484375
0 0.046875 0.825 0.046875 0.0640625
0 0.5640625 0.88125 0.0359375 0.04375
0 0.10390625 0.83515625 0.0375 0.0625
0 0.33203125 0.859375 0.0359375 0.04375
0 0.796875 0.91328125 0.046875 0.0546875
0 0.85625 0.91953125 0.0328125 0.053125
0 0.69765625 0.90234375 0.0328125 0.04375
0 0.39296875 0.87265625 0.0421875 0.0546875
0 0.740625 0.909375 0.0375 0.053125
0 0.9203125 0.93515625 0.0359375 0.04375
0 0.59609375 0.91953125 0.0421875 0.059375
0 0.62421875 0.9296875 0.040625 0.05
0 0.08671875 0.88671875 0.0359375 0.04375
0 0.55390625 0.93828125 0.0328125 0.053125
0 0.6921875 0.953125 0.0375 0.053125
0 0.1875 0.90234375 0.0328125 0.0484375
0 0.49140625 0.934375 0.0375 0.053125
0 0.44140625 0.084375 0.028125 0.04375
0 0.2546875 0.909375 0.0421875 0.059375
0 0.134375 0.89921875 0.0359375 0.0484375
0 0.309375 0.9171875 0.0328125 0.04375
0 0.421875 0.934375 0.034375 0.0578125
0 0.37578125 0.92890625 0.040625 0.0453125
0 0.0203125 0.90078125 0.040625 0.0546875
0 0.7515625 0.97578125 0.0375 0.0484375
0 0.475 0.0921875 0.0265625 0.0390625
0 0.51875 0.98515625 0.040625 0.0296875
0 0.4125 0.98203125 0.0390625 0.0265625
0 0.25078125 0.9671875 0.0296875 0.0171875
0 0.10703125 0.07421875 0.0359375 0.04375
0 0.1484375 0.08125 0.0328125 0.04375
0 0.26796875 0.09375 0.03125 0.034375
0 0.49375 0.1171875 0.0265625 0.034375
0 0.5484375 0.12578125 0.0328125 0.0484375
0 0.41484375 0.1140625 0.03125 0.034375
0 0.20234375 0.09375 0.0328125 0.04375
0 0.64921875 0.140625 0.028125 0.04375
0 0.88828125 0.17109375 0.03125 0.034375
0 0.321875 0.1109375 0.03125 0.0390625
0 0.35390625 0.1171875 0.028125 0.04375
0 0.94140625 0.17890625 0.040625 0.0453125
0 0.765625 0.16015625 0.0328125 0.04375
0 0.99453125 0.1859375 0.0109375 0.04375
0 0.70546875 0.15859375 0.0265625 0.034375
0 0.45234375 0.134375 0.0265625 0.0296875
0 0.58984375 0.1515625 0.0359375 0.040625
0 0.4984375 0.14375 0.03125 0.034375
0 0.81328125 0.1796875 0.0359375 0.04375