0 0.0578125 0.0578125 0.0328125 0.0484375
0 0.50234375 0.1046875 0.028125 0.053125
0 0.759375 0.13359375 0.03125 0.0390625
0 0.85078125 0.15078125 0.03125 0.0390625
0 0.28203125 0.09296875 0.0359375 0.0359375
0 0.94453125 0.1625 0.021875 0.034375
0 0.58515625 0.0203125 0.03125 0.03125
0 0.1890625 0.09765625 0.03125 0.034375
0 0.80078125 0.1640625 0.0328125 0.0484375
0 0.409375 0.12265625 0.0328125 0.04375
0 0.634375 0.15078125 0.03125 0.034375
0 0.684375 0.165625 0.0265625 0.0390625
0 0.45078125 0.1484375 0.0359375 0.040625
0 0.9046875 0.19609375 0.03125 0.0390625
0 0.98046875 0.20546875 0.0234375 0.04375
0 0.3515625 0.13984375 0.021875 0.034375
0 0.28984375 0.1328125 0.03125 0.034375
0 0.23125 0.13203125 0.028125 0.0484375
0 0.0515625 0.11953125 0.0328125 0.04375
0 0.33125 0.15390625 0.028125 0.04375
0 0.45703125 0.01328125 0.0265625 0.0265625
0 0.6484375 0.19453125 0.03125 0.034375
0 0.8296875 0.21796875 0.0359375 0.040625
0 0.371875 0.1703125 0.0328125 0.04375
0 0.08125 0.14140625 0.03125 0.0390625
0 0.903125 0.23046875 0.0328125 0.0484375
0 0.934375 0.24296875 0.0328125 0.04375
0 0.56796875 0.2046875 0.0421875 0.0640625
0 0.2671875 0.00625 0.021875 0.0125
0 0.4265625 0.2015625 0.0265625 0.0390625
0 0.509375 0.21015625 0.0328125 0.04375
0 0.78203125 0.05078125 0.0328125 0.0484375
0 0.4671875 0.21484375 0.0328125 0.04375
0 0.97578125 0.2703125 0.03125 0.034375
0 0.61875 0.03359375 0.021875 0.0390625
0 0.63203125 0.24140625 0.0375 0.053125
0 0.7375 0.2546875 0.03125 0.0390625
0 0.23828125 0.2046875 0.021875 0.0296875
0 0.6890625 0.25234375 0.0328125 0.04375
0 0.8484375 0.2828125 0.0359375 0.040625
0 0.32421875 0.01015625 0.0171875 0.0203125
0 0.05625 0.20703125 0.0359375 0.04375
0 0.8984375 0.29765625 0.0328125 0.0484375
0 0.23984375 0.2328125 0.025 0.025
0 0.165625 0.225 0.0359375 0.04375
0 0.76875 0.29296875 0.03125 0.03125
0 0.52421875 0.2703125 0.0265625 0.0390625
0 0.35859375 0.2546875 0.0265625 0.034375
0 0.96328125 0.07421875 0.0265625 0.034375
0 0.27265625 0.2484375 0.0296875 0.0265625
0 0.43046875 0.2734375 0.028125 0.04375
0 0.2640625 0.265625 0.028125 0.0484375
0 0.56328125 0.296875 0.03125 0.0390625
0 0.85390625 0.34375 0.0328125 0.0484375
0 0.7828125 0.33671875 0.0328125 0.04375
0 0.03828125 0.26328125 0.0359375 0.040625
0 0.93359375 0.075 0.03125 0.034375
0 0.35234375 0.01640625 0.0265625 0.0328125
0 0.6109375 0.3328125 0.03125 0.0390625
0 0.47890625 0.32578125 0.0265625 0.0390625
0 0.9 0.375 0.0328125 0.04375
0 0.8359375 0.0671875 0.0328125 0.04375
0 0.921875 0.38203125 0.0171875 0.0328125
0 0.19375 0.31171875 0.03125 0.0390625
0 0.5578125 0.03828125 0.0328125 0.04375
0 0.7046875 0.053125 0.0421875 0.0546875
0 0.02578125 0.29609375 0.0171875 0.0375
0 0.85703125 0.3859375 0.034375 0.03125
0 0.96953125 0.39765625 0.0328125 0.0484375
0 0.253125 0.325 0.0359375 0.04375
0 0.32890625 0.33515625 0.0328125 0.0484375
0 0.7609375 0.3828125 0.0296875 0.0265625
0 0.57421875 0.37265625 0.0328125 0.0484375
0 0.8515625 0.41328125 0.0328125 0.0484375
0 0.375 0.38203125 0.028125 0.0484375
0 0.140625 0.3578125 0.03125 0.03125
0 0.778125 0.42734375 0.0265625 0.034375
0 0.89765625 0.43984375 0.03125 0.0390625
0 0.74765625 0.4265625 0.0359375 0.040625
0 0.5078125 0.40546875 0.0359375 0.04375
0 0.6359375 0.428125 0.0265625 0.034375
0 0.05078125 0.36640625 0.0328125 0.053125
0 0.32421875 0.39765625 0.028125 0.0484375
0 0.02109375 0.365625 0.025 0.0578125
0 0.4671875 0.41484375 0.0328125 0.04375
0 0.98359375 0.47578125 0.0328125 0.0484375
0 0.51953125 0.04296875 0.028125 0.04375
0 0.221875 0.40078125 0.0359375 0.040625
0 0.27734375 0.409375 0.021875 0.0390625
0 0.30390625 0.0203125 0.0265625 0.034375
0 0.54921875 0.446875 0.0328125 0.04375
0 0.3625 0.43203125 0.0328125 0.04375
0 0.7703125 0.475 0.0328125 0.04375
0 0.9890625 0.09453125 0.021875 0.0390625
0 0.8828125 0.49140625 0.0375 0.053125
0 0.6609375 0.46796875 0.0328125 0.04375
0 0.8296875 0.490625 0.040625 0.0453125
0 0.14765625 0.42109375 0.0328125 0.04375
0 0.65078125 0.059375 0.0328125 0.0484375
0 0.4796875 0.4671875 0.0328125 0.0484375
0 0.94375 0.528125 0.0328125 0.0484375
0 0.0359375 0.43515625 0.0375 0.053125
0 0.2484375 0.47578125 0.0265625 0.0390625
0 0.840625 0.540625 0.0265625 0.0390625
0 0.52265625 0.50703125 0.040625 0.0453125
0 0.5875 0.5140625 0.0375 0.0625
0 0.17265625 0.4703125 0.0265625 0.034375
0 0.88359375 0.55234375 0.0328125 0.053125
0 0.14375 0.48359375 0.0359375 0.0484375
0 0.23125 0.02265625 0.0265625 0.034375
0 0.18671875 0.01953125 0.0234375 0.0390625
0 0.2921875 0.52890625 0.0359375 0.0359375
0 0.384375 0.5390625 0.03125 0.034375
0 0.446875 0.56171875 0.0359375 0.0484375
0 0.8265625 0.60625 0.040625 0.0453125
0 0.5609375 0.58828125 0.0453125 0.0453125
0 0.75703125 0.621875 0.0359375 0.0484375
0 0.37265625 0.584375 0.0328125 0.04375
0 0.8640625 0.64765625 0.0375 0.0578125
0 0.29453125 0.59453125 0.0375 0.053125
0 0.0765625 0.0171875 0.03125 0.034375
0 0.4796875 0.6234375 0.0328125 0.0484375
0 0.40390625 0.615625 0.0421875 0.059375
0 0.009375 0.57265625 0.01875 0.0390625
0 0.51953125 0.00703125 0.0296875 0.0140625
0 0.2015625 0.59921875 0.0328125 0.0484375
0 0.82734375 0.6671875 0.0375 0.053125
0 0.66796875 0.653125 0.0421875 0.0546875
0 0.7390625 0.0875 0.028125 0.04375
0 0.5546875 0.6453125 0.040625 0.0453125
0 0.62109375 0.6546875 0.028125 0.0484375
0 0.94140625 0.690625 0.0328125 0.053125
0 0.128125 0.61015625 0.03125 0.0390625
0 0.25390625 0.63046875 0.0328125 0.04375
0 0.43515625 0.0578125 0.028125 0.04375
0 0.58203125 0.0734375 0.034375 0.0265625
0 0.75 0.6890625 0.040625 0.0453125
0 0.17265625 0.646875 0.0375 0.0578125
0 0.3078125 0.66796875 0.046875 0.059375
0 0.58125 0.69921875 0.0375 0.053125
0 0.12109375 0.653125 0.0328125 0.04375
0 0.87109375 0.73671875 0.046875 0.0546875
0 0.49140625 0.696875 0.040625 0.05
0 0.77578125 0.734375 0.0359375 0.0484375
0 0.19921875 0.68046875 0.0328125 0.04375
0 0.39921875 0.05859375 0.028125 0.053125
0 0.6703125 0.73828125 0.0515625 0.0546875
0 0.88359375 0.1125 0.028125 0.04375
0 0.08359375 0.69609375 0.04375 0.028125
0 0.384375 0.73203125 0.0375 0.053125
0 0.228125 0.7203125 0.046875 0.059375
0 0.43515625 0.746875 0.046875 0.0640625
0 0.8765625 0.79765625 0.0421875 0.0546875
0 0.94453125 0.80546875 0.0328125 0.053125
0 0.79765625 0.79453125 0.046875 0.059375
0 0.1015625 0.72578125 0.0328125 0.04375
0 0.3546875 0.7734375 0.040625 0.05
0 0.4734375 0.8 0.0515625 0.0546875
0 0.28515625 0.79375 0.0328125 0.04375
0 0.8578125 0.85859375 0.0375 0.053125
0 0.19140625 0.79609375 0.0328125 0.04375
0 0.15234375 0.796875 0.0359375 0.04375
0 0.38203125 0.82265625 0.05 0.05
0 0.82421875 0.86953125 0.0390625 0.03125
0 0.21171875 0.05078125 0.0234375 0.04375
0 0.4671875 0.078125 0.0265625 0.0390625
0 0.315625 0.83671875 0.0421875 0.0546875
0 0.621875 0.86875 0.0421875 0.0640625
0 0.715625 0.88828125 0.046875 0.0546875
0 0.25546875 0.8515625 0.0421875 0.0546875
0 0.4171875 0.86875 0.03125 0.0390625
0 0.78515625 0.909375 0.0453125 0.05
0 0.35703125 0.8640625 0.0515625 0.0546875
0 0.846875 0.9203125 0.0546875 0.046875
0 0.671875 0.90234375 0.040625 0.0453125
0 0.575 0.89453125 0.0640625 0.0421875
0 0.0265625 0.84140625 0.0359375 0.0359375
0 0.109375 0.8546875 0.0484375 0.0328125
0 0.4515625 0.890625 0.040625 0.0359375
0 0.90859375 0.13359375 0.0328125 0.04375
0 0.4 0.00546875 0.025 0.0109375
0 0.6796875 0.028125 0.0296875 0.0265625
0 0.59921875 0.1125 0.040625 0.0453125