0 0.40859375 0.19609375 0.0328125 0.0421875
0 0.04765625 0.20234375 0.0375 0.0703125
0 0.93671875 0.1890625 0.0375 0.05625
0 0.74921875 0.19453125 0.0375 0.0609375
0 0.34296875 0.0234375 0.0234375 0.0234375
0 0.9734375 0.2 0.0375 0.05625
0 0.33359375 0.22109375 0.0328125 0.0515625
0 0.8796875 0.2125 0.028125 0.0375
0 0.59921875 0.225 0.0296875 0.046875
0 0.3609375 0.23359375 0.0296875 0.0609375
0 0.509375 0.23125 0.046875 0.075
0 0.6296875 0.23359375 0.0421875 0.065625
0 0.7109375 0.234375 0.028125 0.0234375
0 0.43515625 0.2390625 0.0421875 0.0609375
0 0.7828125 0.02109375 0.028125 0.0421875
0 0.71015625 0.02265625 0.0296875 0.0453125
0 0.80859375 0.0203125 0.0234375 0.0375
0 0.89609375 0.23828125 0.0375 0.0609375
0 0.8125 0.2421875 0.0296875 0.05625
0 0.3125 0.25078125 0.025 0.046875
0 0.58125 0.2484375 0.0375 0.0515625
0 0.93515625 0.24453125 0.0375 0.05625
0 0.78984375 0.25390625 0.025 0.0609375
0 0.39921875 0.26328125 0.0375 0.065625
0 0.55390625 0.2609375 0.028125 0.0375
0 0.1234375 0.26796875 0.0328125 0.065625
0 0.715625 0.2578125 0.0328125 0.0234375
0 0.29453125 0.26796875 0.0375 0.0609375
0 0.76015625 0.27109375 0.0421875 0.05625
0 0.60703125 0.2765625 0.028125 0.0328125
0 0.0796875 0.28515625 0.0421875 0.0703125
0 0.84296875 0.27421875 0.0375 0.0703125
0 0.87578125 0.02421875 0.028125 0.028125
0 0.9546875 0.02265625 0.0328125 0.0421875
0 0.6375 0.2796875 0.0328125 0.0421875
0 0.734375 0.28515625 0.028125 0.0421875
0 0.04765625 0.30390625 0.0375 0.0609375
0 0.7046875 0.2921875 0.0421875 0.0609375
0 0.23671875 0.30078125 0.0328125 0.05625
0 0.34609375 0.30078125 0.0375 0.0515625
0 0.5796875 0.02890625 0.028125 0.0421875
0 0.61171875 0.028125 0.0328125 0.046875
0 0.90625 0.303125 0.0296875 0.0609375
0 0.15234375 0.31875 0.05625 0.05625
0 0.5453125 0.31171875 0.0421875 0.075
0 0.978125 0.30390625 0.0375 0.028125
0 0.42734375 0.31640625 0.046875 0.0703125
0 0.50390625 0.31484375 0.0421875 0.0609375
0 0.4625 0.3203125 0.0421875 0.075
0 0.0125 0.3296875 0.025 0.084375
0 0.65 0.31953125 0.0421875 0.046875
0 0.578125 0.3203125 0.0421875 0.075
0 0.8140625 0.31875 0.0328125 0.0609375
0 0.43203125 0.03515625 0.0234375 0.028125
0 0.540625 0.03359375 0.0375 0.065625
0 0.853125 0.028125 0.0203125 0.046875
0 0.925 0.33046875 0.0421875 0.0703125
0 0.9625 0.33046875 0.0296875 0.0515625
0 0.62265625 0.346875 0.0421875 0.065625
0 0.9046875 0.34921875 0.01875 0.0421875
0 0.45078125 0.03515625 0.028125 0.0375
0 0.48046875 0.034375 0.0328125 0.0375
0 0.83515625 0.03046875 0.01875 0.0421875
0 0.3515625 0.35859375 0.0375 0.0609375
0 0.321875 0.3640625 0.0421875 0.065625
0 0.07421875 0.37265625 0.0328125 0.0375
0 0.58984375 0.00390625 0.0234375 0.0078125
0 0.6453125 0.03671875 0.0328125 0.0421875
0 0.21328125 0.3796875 0.0515625 0.065625
0 0.03671875 0.38984375 0.0421875 0.075
0 0.72421875 0.378125 0.046875 0.075
0 0.38203125 0.3890625 0.046875 0.0515625
0 0.15625 0.0453125 0.028125 0.0421875
0 0.91328125 0.03203125 0.028125 0.0421875
0 0.09140625 0.04609375 0.028125 0.01875
0 0.084375 0.40078125 0.0234375 0.028125
0 0.98203125 0.3875 0.034375 0.1015625
0 0.93359375 0.39765625 0.0328125 0.0515625
0 0.89921875 0.4 0.0421875 0.05625
0 0.22265625 0.41171875 0.0421875 0.0703125
0 0.1140625 0.41875 0.0421875 0.065625
0 0.76328125 0.03671875 0.01875 0.028125
0 0.66953125 0.41328125 0.0421875 0.0703125
0 0.475 0.421875 0.025 0.0515625
0 0.5953125 0.41953125 0.0421875 0.0703125
0 0.29765625 0.046875 0.0328125 0.0515625
0 0.73984375 0.03984375 0.0234375 0.0375
0 0.5421875 0.43203125 0.0421875 0.084375
0 0.28828125 0.44140625 0.0421875 0.075
0 0.790625 0.43515625 0.0421875 0.0890625
0 0.496875 0.4421875 0.0375 0.065625
0 0.184375 0.04921875 0.0296875 0.046875
0 0.0203125 0.46484375 0.040625 0.0515625
0 0.0734375 0.4640625 0.0515625 0.075
0 0.38359375 0.465625 0.046875 0.084375
0 0.46484375 0.46640625 0.0328125 0.0421875
0 0.67734375 0.0453125 0.028125 0.028125
0 0.9109375 0.4625 0.0421875 0.0609375
0 0.2609375 0.4734375 0.0421875 0.0703125
0 0.00546875 0.05703125 0.0109375 0.0421875
0 0.76875 0.4859375 0.0375 0.0375
0 0.29140625 0.496875 0.025 0.046875
0 0.625 0.49296875 0.0375 0.065625
0 0.65546875 0.49296875 0.04375 0.09375
0 0.96953125 0.48984375 0.0375 0.065625
0 0.02578125 0.51796875 0.0515625 0.0515625
0 0.8890625 0.50703125 0.0515625 0.084375
0 0.9875 0.5125 0.025 0.075
0 0.42421875 0.525 0.0421875 0.065625
0 0.1265625 0.059375 0.0328125 0.0421875
0 0.86953125 0.046875 0.01875 0.0328125
0 0.32109375 0.05625 0.025 0.046875
0 0.35078125 0.05546875 0.025 0.046875
0 0.0359375 0.0609375 0.025 0.046875
0 0.71640625 0.521875 0.0421875 0.084375
0 0.59140625 0.5265625 0.0421875 0.0796875
0 0.859375 0.52421875 0.0328125 0.046875
0 0.50546875 0.53046875 0.046875 0.0609375
0 0.47265625 0.5328125 0.0328125 0.0609375
0 0.75078125 0.52734375 0.0375 0.0703125
0 0.146875 0.53828125 0.0296875 0.075
0 0.3015625 0.53515625 0.0515625 0.0421875
0 0.94375 0.04765625 0.0328125 0.046875
0 0.0640625 0.06328125 0.028125 0.0421875
0 0.7234375 0.0515625 0.0234375 0.0421875
0 0.3390625 0.55625 0.0375 0.075
0 0.1859375 0.56328125 0.053125 0.0984375
0 0.78515625 0.56015625 0.0515625 0.084375
0 0.265625 0.57109375 0.0328125 0.065625
0 0.0203125 0.58515625 0.0390625 0.096875
0 0.11484375 0.5859375 0.046875 0.0375
0 0.9578125 0.57109375 0.0421875 0.0796875
0 0.3 0.58671875 0.046875 0.0609375
0 0.05234375 0.5984375 0.0421875 0.065625
0 0.43203125 0.0609375 0.0234375 0.028125
0 0.4875 0.60390625 0.05625 0.075
0 0.9 0.6015625 0.0421875 0.084375
0 0.8703125 0.61640625 0.028125 0.0421875
0 0.2890625 0.63359375 0.0609375 0.0421875
0 0.5859375 0.628125 0.0515625 0.0796875
0 0.99140625 0.6296875 0.0171875 0.065625
0 0.09921875 0.6484375 0.0375 0.075
0 0.9421875 0.640625 0.0328125 0.05625
0 0.159375 0.65703125 0.0421875 0.0796875
0 0.89296875 0.06015625 0.028125 0.0421875
0 0.02890625 0.66796875 0.046875 0.084375
0 0.1140625 0.66640625 0.0421875 0.0796875
0 0.78984375 0.659375 0.0375 0.0375
0 0.51015625 0.66875 0.0375 0.0796875
0 0.71875 0.66484375 0.05625 0.0890625
0 0.5375 0.67265625 0.0421875 0.065625
0 0.45546875 0.06796875 0.0234375 0.0234375
0 0.39765625 0.07109375 0.0296875 0.046875
0 0.2875 0.684375 0.05625 0.05625
0 0.45 0.68359375 0.0515625 0.0890625
0 0.6515625 0.68984375 0.046875 0.075
0 0.48046875 0.06953125 0.0375 0.046875
0 0.85234375 0.690625 0.053125 0.09375
0 0.90703125 0.69921875 0.0484375 0.0984375
0 0.98984375 0.7015625 0.0203125 0.075
0 0.77265625 0.70859375 0.0578125 0.1078125
0 0.59140625 0.0703125 0.028125 0.0375
0 0.684375 0.06875 0.028125 0.0375
0 0.809375 0.72109375 0.0421875 0.0609375
0 0.63125 0.72890625 0.0515625 0.0515625
0 0.75625 0.06953125 0.0296875 0.0515625
0 0.978125 0.065625 0.028125 0.0328125
0 0.61484375 0.071875 0.0296875 0.0515625
0 0.3375 0.74375 0.046875 0.0890625
0 0.50234375 0.74765625 0.0421875 0.0796875
0 0.09453125 0.08359375 0.028125 0.0421875
0 0.53046875 0.74921875 0.0421875 0.065625
0 0.26875 0.75859375 0.0421875 0.084375
0 0.715625 0.753125 0.0421875 0.075
0 0.03046875 0.76796875 0.053125 0.0984375
0 0.2171875 0.08125 0.028125 0.0421875
0 0.24765625 0.08359375 0.025 0.0609375
0 0.06484375 0.77890625 0.0515625 0.075
0 0.22265625 0.78046875 0.053125 0.09375
0 0.96796875 0.77265625 0.0625 0.0984375
0 0.28671875 0.784375 0.0375 0.075
0 0.1828125 0.084375 0.028125 0.01875
0 0.92109375 0.071875 0.01875 0.0234375
0 0.16875 0.084375 0.01875 0.0421875
0 0.37734375 0.08125 0.0234375 0.0328125
0 0.83984375 0.07265625 0.0234375 0.028125
0 0.634375 0.784375 0.04375 0.1015625
0 0.15390625 0.80234375 0.0609375 0.084375
0 0.378125 0.7984375 0.046875 0.0890625
0 0.8640625 0.80859375 0.05625 0.075
0 0.65703125 0.08046875 0.0328125 0.0421875
0 0.0140625 0.09140625 0.028125 0.0515625
0 0.47421875 0.85 0.025 0.084375
0 0.49921875 0.8515625 0.0484375 0.0984375
0 0.54296875 0.85078125 0.0625 0.1125
0 0.0671875 0.09609375 0.0234375 0.0421875
0 0.05703125 0.87109375 0.065625 0.084375
0 0.8859375 0.87265625 0.053125 0.0984375
0 0.29140625 0.0921875 0.0375 0.065625
0 0.3890625 0.89375 0.0515625 0.0796875
0 0.2890625 0.90234375 0.053125 0.09375
0 0.69453125 0.89765625 0.0765625 0.1171875
0 0.4546875 0.01015625 0.0328125 0.01875
0 0.5421875 0.0109375 0.0375 0.021875
0 0.68828125 0.01015625 0.0234375 0.0203125
0 0.87734375 0.0875 0.028125 0.0421875
0 0.421875 0.9484375 0.0421875 0.065625
0 0.81796875 0.94140625 0.0609375 0.05625
0 0.3265625 0.95859375 0.046875 0.0828125
0 0.0453125 0.9609375 0.071875 0.078125
0 0.371875 0.965625 0.065625 0.06875
0 0.46640625 0.9703125 0.075 0.05625
0 0.45859375 0.1 0.0234375 0.0328125
0 0.60546875 0.97265625 0.0703125 0.046875
0 0.2578125 0.984375 0.046875 0.03125
0 0.81640625 0.978125 0.0703125 0.0328125
0 0.32890625 0.10234375 0.0328125 0.0515625
0 0.80078125 0.09375 0.0296875 0.046875
0 0.78671875 0.096875 0.0234375 0.0421875
0 0.41875 0.103125 0.0421875 0.05625
0 0.57421875 0.10234375 0.028125 0.0375
0 0.19765625 0.0171875 0.0234375 0.0234375
0 0.23671875 0.01640625 0.01875 0.0234375
0 0.83203125 0.0109375 0.0234375 0.021875
0 0.97890625 0.1046875 0.0234375 0.0421875
0 0.51875 0.1125 0.0375 0.05625
0 0.9421875 0.1078125 0.0328125 0.046875
0 0.60625 0.1140625 0.0296875 0.046875
0 0.7015625 0.11171875 0.0328125 0.046875
0 0.19296875 0.1234375 0.0421875 0.0609375
0 0.54140625 0.1171875 0.0375 0.0609375
0 0.85859375 0.11640625 0.0328125 0.0515625
0 0.090625 0.1296875 0.0421875 0.0609375
0 0.671875 0.121875 0.0328125 0.0609375
0 0.74140625 0.1234375 0.028125 0.028125
0 0.834375 0.1234375 0.0296875 0.0515625
0 0.1046875 0.02109375 0.028125 0.028125
0 0.065625 0.021875 0.028125 0.028125
0 0.75078125 0.01171875 0.0328125 0.0234375
0 0.896875 0.0078125 0.01875 0.015625
0 0.91484375 0.12734375 0.028125 0.0421875
0 0.153125 0.140625 0.0375 0.0421875
0 0.22265625 0.14375 0.0296875 0.05625
0 0.28046875 0.14765625 0.0375 0.065625
0 0.575 0.1421875 0.0375 0.046875
0 0.7484375 0.14609375 0.0328125 0.0328125
0 0.90078125 0.14375 0.028125 0.0328125
0 0.6578125 0.15 0.0375 0.05625
0 0.00859375 0.1640625 0.0171875 0.065625
0 0.26015625 0.165625 0.0296875 0.05625
0 0.97734375 0.1578125 0.0328125 0.046875
0 0.025 0.175 0.025 0.065625
0 0.878125 0.159375 0.0421875 0.0421875
0 0.503125 0.01875 0.0328125 0.0375
0 0.93125 0.01015625 0.01875 0.0203125
0 0.00234375 0.0265625 0.0046875 0.0375
0 0.4921875 0.17109375 0.0375 0.0421875
0 0.07109375 0.17890625 0.0375 0.0703125
0 0.4203125 0.175 0.028125 0.0375
0 0.7078125 0.171875 0.0421875 0.05625
0 0.45078125 0.17890625 0.0421875 0.05625
0 0.1453125 0.184375 0.0296875 0.05625
0 0.5984375 0.18125 0.0375 0.0515625
0 0.1703125 0.190625 0.0328125 0.0515625
0 0.90390625 0.178125 0.0328125 0.046875
0 0.38125 0.18984375 0.0328125 0.05625