0 0.01875 0.3875 0.0296875 0.0203125
0 0.0859375 0.38984375 0.0203125 0.025
0 0.63828125 0.35078125 0.015625 0.015625
0 0.1421875 0.3859375 0.025 0.015625
0 0.74453125 0.34609375 0.01875 0.0109375
0 0.303125 0.3765625 0.0203125 0.015625
0 0.69140625 0.34921875 0.0203125 0.0296875
0 0.32265625 0.37734375 0.0203125 0.0203125
0 0.1125 0.396875 0.025 0.025
0 0.17421875 0.39296875 0.015625 0.0203125
0 0.4125 0.37578125 0.015625 0.0203125
0 0.340625 0.38359375 0.0203125 0.015625
0 0.0125 0.40625 0.025 0.034375
0 0.890625 0.3453125 0.015625 0.015625
0 0.26484375 0.3890625 0.025 0.025
0 0.7125 0.3578125 0.015625 0.015625
0 0.38515625 0.3828125 0.0203125 0.0203125
0 0.5859375 0.36875 0.025 0.0296875
0 0.50546875 0.37421875 0.0296875 0.034375
0 0.64765625 0.3640625 0.0203125 0.0203125
0 0.2421875 0.39296875 0.025 0.0203125
0 0.04765625 0.40859375 0.0296875 0.0296875
0 0.784375 0.359375 0.025 0.025
0 0.80546875 0.3578125 0.015625 0.0203125
0 0.62109375 0.37109375 0.015625 0.0203125
0 0.1984375 0.403125 0.025 0.0296875
0 0.1484375 0.40625 0.015625 0.0203125
0 0.6046875 0.37421875 0.0203125 0.025
0 0.98359375 0.35 0.015625 0.025
0 0.3625 0.39375 0.025 0.025
0 0.909375 0.35546875 0.0203125 0.0203125
0 0.5453125 0.38125 0.0109375 0.0140625
0 0.95859375 0.35234375 0.0203125 0.025
0 0.825 0.3640625 0.0203125 0.0203125
0 0.29765625 0.40078125 0.0296875 0.025
0 0.72265625 0.37109375 0.0203125 0.015625
0 0.840625 0.3625 0.015625 0.0203125
0 0.48046875 0.3875 0.0296875 0.0296875
0 0.52421875 0.384375 0.0109375 0.0140625
0 0.77578125 0.3671875 0.0296875 0.025
0 0.93828125 0.3578125 0.0203125 0.025
0 0.40390625 0.3953125 0.0203125 0.0203125
0 0.640625 0.38125 0.0296875 0.025
0 0.90078125 0.365625 0.0203125 0.015625
0 0.86171875 0.36796875 0.0203125 0.025
0 0.38203125 0.4015625 0.015625 0.0203125
0 0.084375 0.425 0.025 0.0296875
0 0.1625 0.41953125 0.0265625 0.0375
0 0.02421875 0.42890625 0.025 0.025
0 0.88125 0.371875 0.0203125 0.025
0 0.97265625 0.36484375 0.025 0.0328125
0 0.34453125 0.409375 0.0328125 0.025
0 0.25546875 0.41796875 0.0296875 0.034375
0 0.11953125 0.4296875 0.025 0.0328125
0 0.0640625 0.43359375 0.015625 0.025
0 0.22265625 0.42265625 0.034375 0.034375
0 0.74765625 0.3859375 0.034375 0.034375
0 0.01171875 0.43828125 0.0234375 0.0203125
0 0.77109375 0.3859375 0.025 0.025
0 0.5296875 0.403125 0.025 0.025
0 0.7171875 0.39140625 0.0203125 0.025
0 0.51015625 0.40625 0.0203125 0.025
0 0.590625 0.40546875 0.0296875 0.025
0 0.73671875 0.39765625 0.0296875 0.025
0 0.9140625 0.38515625 0.0296875 0.025
0 0.18203125 0.4359375 0.0296875 0.034375
0 0.434375 0.42578125 0.0203125 0.0328125
0 0.646875 0.4109375 0.0390625 0.0390625
0 0.4109375 0.4296875 0.03125 0.0390625
0 0.8875 0.39609375 0.034375 0.0296875
0 0.859375 0.403125 0.034375 0.0296875
0 0.34453125 0.4390625 0.0296875 0.034375
0 0.95703125 0.39609375 0.0296875 0.0296875
0 0.48359375 0.42890625 0.0296875 0.034375
0 0.8328125 0.40703125 0.025 0.0296875
0 0.01796875 0.465625 0.0359375 0.04375
0 0.984375 0.3984375 0.0125 0.0421875
0 0.54140625 0.43203125 0.034375 0.0390625
0 0.5 0.43515625 0.0296875 0.034375
0 0.121875 0.47109375 0.0390625 0.04375
0 0.603125 0.446875 0.0375 0.021875
0 0.453125 0.459375 0.025 0.0296875
0 0.05859375 0.49609375 0.04375 0.0390625
0 0.92265625 0.43828125 0.03125 0.0390625
0 0.95078125 0.43671875 0.04375 0.0390625
0 0.49140625 0.47265625 0.0484375 0.04375
0 0.89296875 0.44453125 0.0390625 0.0390625
0 0.37578125 0.48046875 0.040625 0.0484375
0 0.2375 0.4921875 0.0390625 0.04375
0 0.85625 0.45390625 0.04375 0.04375
0 0.7671875 0.4671875 0.04375 0.0484375
0 0.60078125 0.48359375 0.034375 0.04375
0 0.6359375 0.48125 0.053125 0.040625
0 0.80859375 0.47109375 0.040625 0.053125
0 0.71015625 0.478125 0.034375 0.04375
0 0.47890625 0.50625 0.04375 0.0484375
0 0.0109375 0.54375 0.021875 0.0515625
0 0.62578125 0.50546875 0.05625 0.021875
0 0.51796875 0.5171875 0.0546875 0.0640625
0 0.7671875 0.50703125 0.0625 0.0328125
0 0.8875 0.50078125 0.0515625 0.071875
0 0.63984375 0.5390625 0.06875 0.0546875
0 0.19609375 0.571875 0.0546875 0.059375
0 0.9421875 0.52265625 0.0640625 0.06875
0 0.7796875 0.54765625 0.06875 0.06875
0 0.9890625 0.53671875 0.021875 0.0609375
0 0.14609375 0.60859375 0.0609375 0.0734375
0 0.6453125 0.6171875 0.09375 0.0890625
0 0.9328125 0.6140625 0.09375 0.09375
0 0.33046875 0.72578125 0.09375 0.084375
0 0.03515625 0.75078125 0.04375 0.103125
0 0.2265625 0.79765625 0.1421875 0.134375