0 0.3375 0.03046875 0.05 0.0609375
0 0.44609375 0.534375 0.10625 0.15
0 0.56640625 0.5609375 0.0890625 0.125
0 0.03359375 0.50078125 0.0671875 0.1328125
0 0.13203125 0.01953125 0.0546875 0.0390625
0 0.70625 0.64609375 0.1171875 0.165625
0 0.27734375 0.58515625 0.1140625 0.146875
0 0.9328125 0.6796875 0.0921875 0.1484375
0 0.86328125 0.675 0.1078125 0.1546875
0 0.02421875 0.6296875 0.0484375 0.16875
0 0.09296875 0.70234375 0.134375 0.2265625
0 0.60390625 0.8109375 0.128125 0.14375
0 0.3578125 0.8 0.096875 0.1484375
0 0.91484375 0.9078125 0.0890625 0.184375
0 0.653125 0.10546875 0.0546875 0.065625
0 0.23984375 0.86796875 0.1125 0.1859375
0 0.94921875 0.15 0.053125 0.09375
0 0.378125 0.06953125 0.04375 0.0546875
0 0.5421875 0.92890625 0.084375 0.084375
0 0.7640625 0.9453125 0.134375 0.109375
0 0.47109375 0.08671875 0.040625 0.0640625
0 0.40234375 0.07890625 0.0390625 0.0546875
0 0.36015625 0.0828125 0.0421875 0.046875
0 0.2 0.06015625 0.05 0.075
0 0.29765625 0.0765625 0.040625 0.0734375
0 0.590625 0.021875 0.03125 0.03125
0 0.265625 0.090625 0.0671875 0.090625
0 0.675 0.03359375 0.03125 0.03125
0 0.521875 0.14296875 0.05 0.075
0 0.32265625 0.11796875 0.0546875 0.065625
0 0.44296875 0.14140625 0.059375 0.0765625
0 0.88515625 0.22421875 0.0671875 0.1
0 0.24140625 0.14375 0.090625 0.0671875
0 0.40546875 0.1875 0.04375 0.059375
0 0.515625 0.0203125 0.034375 0.040625
0 0.38046875 0.18671875 0.0640625 0.1078125
0 0.7375 0.2390625 0.059375 0.071875
0 0.99375 0.08671875 0.0125 0.0453125
0 0.54140625 0.22109375 0.0671875 0.090625
0 0.15390625 0.16796875 0.078125 0.109375
0 0.27265625 0.20390625 0.1203125 0.084375
0 0.303125 0.2203125 0.0515625 0.0796875
0 0.615625 0.29453125 0.0546875 0.075
0 0.44296875 0.271875 0.1 0.1359375
0 0.39375 0.021875 0.05 0.04375
0 0.82890625 0.071875 0.05 0.065625
0 0.9765625 0.3578125 0.046875 0.109375
0 0.70234375 0.325 0.0671875 0.0953125
0 0.56328125 0.034375 0.0453125 0.0640625
0 0.16875 0.28046875 0.05625 0.115625
0 0.5578125 0.35078125 0.0765625 0.1328125
0 0.2921875 0.31875 0.075 0.15
0 0.20703125 0.009375 0.0484375 0.01875
0 0.8765625 0.41484375 0.0828125 0.1109375
0 0.2734375 0.01328125 0.05625 0.0265625
0 0.06015625 0.315625 0.09375 0.1296875
0 0.49296875 0.3796875 0.0921875 0.1484375
0 0.20390625 0.34609375 0.0890625 0.1515625
0 0.66015625 0.41015625 0.0796875 0.1140625
0 0.70625 0.06328125 0.0453125 0.0640625
0 0.978125 0.10390625 0.0359375 0.059375
0 0.88984375 0.09140625 0.0546875 0.065625
0 0.3671875 0.4296875 0.0796875 0.11875
0 0.7484375 0.4953125 0.0796875 0.0875
0 0.83203125 0.515625 0.071875 0.1
0 0.4625 0.0390625 0.05 0.0703125
0 0.6546875 0.4984375 0.090625 0.0625