0 0.353125 0.24140625 0.0109375 0.0109375
0 0.43046875 0.25546875 0.0109375 0.0109375
0 0.453125 0.259375 0.0109375 0.0109375
0 0.6625 0.29609375 0.0109375 0.0109375
0 0.38046875 0.2484375 0.0109375 0.0109375
0 0.3859375 0.25 0.009375 0.00625
0 0.465625 0.26640625 0.0109375 0.0109375
0 0.31796875 0.240625 0.0203125 0.0171875
0 0.47265625 0.2671875 0.00625 0.009375
0 0.37265625 0.25 0.0109375 0.0109375
0 0.4953125 0.27421875 0.0046875 0.0046875
0 0.05703125 0.19921875 0.0234375 0.034375
0 0.2921875 0.240625 0.021875 0.0265625
0 0.52890625 0.28203125 0.009375 0.00625
0 0.540625 0.284375 0.00625 0.009375
0 0.07109375 0.2015625 0.0359375 0.05
0 0.39921875 0.259375 0.0171875 0.0203125
0 0.48125 0.2734375 0.0109375 0.0109375
0 0.521875 0.2828125 0.00625 0.009375
0 0.43515625 0.2671875 0.0109375 0.015625
0 0.56328125 0.28984375 0.0109375 0.0109375
0 0.5328125 0.28671875 0.0109375 0.015625
0 0.5015625 0.28125 0.0109375 0.0109375
0 0.4140625 0.265625 0.021875 0.0265625
0 0.46171875 0.2765625 0.0109375 0.015625
0 0.190625 0.22890625 0.0234375 0.034375
0 0.3859375 0.26328125 0.0109375 0.0109375
0 0.57109375 0.29609375 0.0109375 0.015625
0 0.59140625 0.29921875 0.0046875 0.0046875
0 0.45 0.2765625 0.009375 0.00625
0 0.50625 0.28671875 0.00625 0.009375
0 0.57734375 0.3015625 0.00625 0.009375
0 0.425 0.275 0.0109375 0.0109375
0 0.53828125 0.2953125 0.0046875 0.0046875
0 0.3234375 0.259375 0.028125 0.03125
0 0.5171875 0.29375 0.0078125 0.0140625
0 0.56328125 0.30390625 0.00625 0.009375
0 0.3578125 0.26796875 0.0171875 0.025
0 0.6859375 0.32578125 0.0109375 0.0109375
0 0.61796875 0.3140625 0.00625 0.009375
0 0.48515625 0.29296875 0.028125 0.03125
0 0.67421875 0.32578125 0.0109375 0.0109375
0 0.33828125 0.26953125 0.0171875 0.025
0 0.1578125 0.23984375 0.0234375 0.034375
0 0.2828125 0.26640625 0.028125 0.03125
0 0.56953125 0.3171875 0.015625 0.015625
0 0.590625 0.32109375 0.00625 0.009375
0 0.60859375 0.32421875 0.0109375 0.015625
0 0.96640625 0.3890625 0.015625 0.015625
0 0.62421875 0.32890625 0.0109375 0.0109375
0 0.2015625 0.25703125 0.025 0.04375
0 0.5578125 0.31953125 0.0109375 0.015625
0 0.43671875 0.30078125 0.021875 0.0265625
0 0.6 0.33203125 0.0109375 0.015625
0 0.2125 0.26328125 0.0296875 0.0453125
0 0.09609375 0.2453125 0.0734375 0.0875
0 0.4625 0.31015625 0.0171875 0.025
0 0.984375 0.4078125 0.03125 0.053125
0 0.69921875 0.35390625 0.021875 0.0265625
0 0.675 0.35 0.021875 0.0265625
0 0.7359375 0.36328125 0.034375 0.0453125
0 0.36171875 0.29921875 0.021875 0.0265625
0 0.5484375 0.3328125 0.0109375 0.0109375
0 0.49375 0.32265625 0.028125 0.03125
0 0.653125 0.353125 0.021875 0.0265625
0 0.2359375 0.2796875 0.034375 0.0453125
0 0.61875 0.34921875 0.021875 0.0265625
0 0.5265625 0.3359375 0.0265625 0.0265625
0 0.63984375 0.36015625 0.0234375 0.034375
0 0.7578125 0.38125 0.0234375 0.03125
0 0.71484375 0.37578125 0.021875 0.0265625
0 0.39921875 0.3359375 0.0859375 0.1078125
0 0.8375 0.41328125 0.04375 0.0515625
0 0.15234375 0.3 0.0453125 0.05625
0 0.321875 0.334375 0.059375 0.090625
0 0.57265625 0.39296875 0.0640625 0.0859375
0 0.51015625 0.3890625 0.046875 0.065625
0 0.6578125 0.41953125 0.053125 0.075
0 0.7046875 0.4328125 0.0640625 0.090625
0 0.94140625 0.484375 0.1171875 0.146875
0 0.034375 0.44765625 0.06875 0.1421875
0 0.68515625 0.584375 0.1125 0.15625