0 0.1859375 0.4109375 0.0109375 0.015625
0 0.3859375 0.43671875 0.0046875 0.0046875
0 0.39140625 0.446875 0.0109375 0.0109375
0 0.3703125 0.44453125 0.0109375 0.0109375
0 0.43515625 0.45390625 0.00625 0.009375
0 0.41875 0.4546875 0.00625 0.009375
0 0.46953125 0.46015625 0.0109375 0.0109375
0 0.37734375 0.45 0.0109375 0.0109375
0 0.478125 0.4609375 0.00625 0.009375
0 0.4625 0.459375 0.0109375 0.0109375
0 0.4109375 0.45625 0.0046875 0.0046875
0 0.38828125 0.45390625 0.00625 0.009375
0 0.36953125 0.45546875 0.009375 0.00625
0 0.40234375 0.459375 0.0109375 0.0109375
0 0.16875 0.43671875 0.00625 0.009375
0 0.5390625 0.478125 0.00625 0.009375
0 0.49375 0.4734375 0.00625 0.009375
0 0.509375 0.475 0.00625 0.009375
0 0.43125 0.46953125 0.0109375 0.0109375
0 0.54375 0.48125 0.00625 0.009375
0 0.56484375 0.48359375 0.00625 0.009375
0 0.58125 0.48515625 0.0046875 0.0046875
0 0.18671875 0.44609375 0.0046875 0.0046875
0 0.2671875 0.4546875 0.00625 0.009375
0 0.165625 0.44375 0.00625 0.009375
0 0.19140625 0.44609375 0.00625 0.009375
0 0.46796875 0.47578125 0.0109375 0.0109375
0 0.77421875 0.5078125 0.0046875 0.0046875
0 0.77890625 0.5078125 0.0046875 0.0046875
0 0.159375 0.44296875 0.00625 0.009375
0 0.184375 0.4453125 0.0046875 0.0046875
0 0.23671875 0.453125 0.0046875 0.0046875
0 0.57578125 0.4890625 0.009375 0.00625
0 0.20546875 0.45 0.0046875 0.0046875
0 0.1984375 0.44921875 0.0046875 0.0046875
0 0.27421875 0.4578125 0.0046875 0.0046875
0 0.53828125 0.4875 0.0046875 0.0046875
0 0.5546875 0.4890625 0.0046875 0.0046875
0 0.225 0.4546875 0.00625 0.009375
0 0.7640625 0.5109375 0.0109375 0.0109375
0 0.21875 0.45390625 0.00625 0.009375
0 0.55 0.4890625 0.0109375 0.0109375
0 0.609375 0.4953125 0.0109375 0.0109375
0 0.62578125 0.496875 0.0109375 0.0109375
0 0.16953125 0.45078125 0.0046875 0.0046875
0 0.784375 0.515625 0.00625 0.009375
0 0.28671875 0.46328125 0.00625 0.009375
0 0.5890625 0.4953125 0.00625 0.009375
0 0.60234375 0.496875 0.0109375 0.0109375
0 0.61640625 0.4984375 0.0046875 0.0046875
0 0.7359375 0.5109375 0.00625 0.009375
0 0.51328125 0.4875 0.00625 0.009375
0 0.55859375 0.4921875 0.00625 0.009375
0 0.58203125 0.49453125 0.00625 0.0140625
0 0.71953125 0.5109375 0.0109375 0.0109375
0 0.18359375 0.4546875 0.00625 0.009375
0 0.496875 0.4875 0.0109375 0.0109375
0 0.83046875 0.52265625 0.0109375 0.0109375
0 0.15859375 0.45234375 0.00625 0.009375
0 0.1953125 0.45625 0.00625 0.009375
0 0.259375 0.46328125 0.0046875 0.0046875
0 0.52890625 0.49140625 0.0109375 0.0109375
0 0.54453125 0.49296875 0.00625 0.009375
0 0.57734375 0.49609375 0.0109375 0.0109375
0 0.5078125 0.49140625 0.00625 0.009375
0 0.16484375 0.45546875 0.0109375 0.0109375
0 0.24296875 0.46328125 0.0046875 0.0046875
0 0.75390625 0.5171875 0.00625 0.009375
0 0.82109375 0.52421875 0.0109375 0.0109375
0 0.5703125 0.49765625 0.00625 0.009375
0 0.74453125 0.51875 0.0046875 0.0046875
0 0.2265625 0.4640625 0.0109375 0.0109375
0 0.7703125 0.52109375 0.0109375 0.0109375
0 0.78828125 0.5234375 0.0109375 0.0109375
0 0.84765625 0.5296875 0.0109375 0.015625
0 0.746875 0.51875 0.0046875 0.0046875
0 0.275 0.471875 0.0046875 0.0046875
0 0.3 0.47421875 0.0109375 0.0109375
0 0.48203125 0.49375 0.00625 0.009375
0 0.51015625 0.49609375 0.00625 0.009375
0 0.80234375 0.52734375 0.0109375 0.015625
0 0.83203125 0.53046875 0.0109375 0.0109375
0 0.6109375 0.50703125 0.00625 0.009375
0 0.8390625 0.53359375 0.0109375 0.015625
0 0.17109375 0.46328125 0.0109375 0.015625
0 0.5859375 0.50703125 0.0109375 0.0109375
0 0.178125 0.4640625 0.0109375 0.0109375
0 0.22109375 0.46796875 0.00625 0.0140625
0 0.20078125 0.46875 0.0109375 0.0109375
0 0.72734375 0.52421875 0.00625 0.009375
0 0.71796875 0.52265625 0.0109375 0.0109375
0 0.75546875 0.5265625 0.0109375 0.0109375
0 0.69140625 0.5203125 0.0109375 0.0203125
0 0.15703125 0.4640625 0.00625 0.009375
0 0.16328125 0.4671875 0.0109375 0.0109375
0 0.21484375 0.47265625 0.0109375 0.015625
0 0.61953125 0.51484375 0.009375 0.00625
0 0.7390625 0.52734375 0.0109375 0.015625
0 0.19375 0.4703125 0.0109375 0.015625
0 0.28515625 0.4796875 0.0109375 0.0109375
0 0.14765625 0.46796875 0.0109375 0.0109375
0 0.32734375 0.48671875 0.0109375 0.0109375
0 0.32265625 0.4859375 0.0109375 0.0109375
0 0.13828125 0.46640625 0.00625 0.009375
0 0.22265625 0.47578125 0.00625 0.009375
0 0.2484375 0.478125 0.0109375 0.0109375
0 0.234375 0.4765625 0.00625 0.0140625
0 0.88359375 0.54765625 0.0109375 0.0109375
0 0.1765625 0.4734375 0.0109375 0.0109375
0 0.26015625 0.48203125 0.0109375 0.015625
0 0.2765625 0.48359375 0.0109375 0.015625
0 0.3890625 0.4953125 0.0109375 0.015625
0 0.1125 0.46640625 0.0109375 0.015625
0 0.11953125 0.4671875 0.015625 0.015625
0 0.19765625 0.475 0.00625 0.0140625
0 0.2390625 0.4796875 0.00625 0.009375
0 0.90234375 0.55390625 0.0109375 0.0203125
0 0.13046875 0.47265625 0.00625 0.0140625
0 0.221875 0.4828125 0.00625 0.009375
0 0.15625 0.47578125 0.0109375 0.015625
0 0.1859375 0.47890625 0.00625 0.0140625
0 0.1671875 0.4765625 0.0109375 0.015625
0 0.178125 0.48046875 0.0109375 0.015625
0 0.29375 0.4921875 0.0109375 0.015625
0 0.30703125 0.49375 0.0109375 0.0109375
0 0.3578125 0.5015625 0.0109375 0.015625
0 0.33984375 0.5 0.00625 0.009375
0 0.20625 0.4859375 0.015625 0.0203125
0 0.534375 0.52265625 0.015625 0.0203125
0 0.2796875 0.4953125 0.015625 0.015625
0 0.36640625 0.5046875 0.0109375 0.0203125
0 0.36875 0.50546875 0.0109375 0.015625
0 0.9375 0.5671875 0.015625 0.0203125
0 0.41015625 0.51171875 0.015625 0.015625
0 0.396875 0.51015625 0.0109375 0.015625
0 0.246875 0.496875 0.015625 0.015625
0 0.14765625 0.48671875 0.015625 0.0203125
0 0.10859375 0.48203125 0.015625 0.0203125
0 0.22734375 0.49765625 0.0109375 0.0203125
0 0.3453125 0.509375 0.025 0.021875
0 0.26953125 0.5015625 0.0109375 0.015625
0 0.35703125 0.5109375 0.015625 0.0203125
0 0.46015625 0.52421875 0.015625 0.0203125
0 0.3890625 0.51640625 0.015625 0.015625
0 0.17890625 0.496875 0.015625 0.0203125
0 0.32890625 0.5125 0.021875 0.025
0 0.31484375 0.51484375 0.015625 0.0203125
0 0.13984375 0.49921875 0.015625 0.0203125
0 0.390625 0.528125 0.0203125 0.0203125
0 0.29296875 0.5171875 0.015625 0.015625
0 0.42421875 0.53125 0.021875 0.0296875
0 0.421875 0.5359375 0.015625 0.0203125
0 0.2125 0.5140625 0.025 0.025
0 0.30234375 0.5234375 0.0171875 0.025
0 0.271875 0.525 0.015625 0.0203125
0 0.3703125 0.5375 0.025 0.025
0 0.12421875 0.51171875 0.0109375 0.0203125
0 0.225 0.52421875 0.0171875 0.0296875
0 0.7109375 0.58984375 0.021875 0.0296875
0 0.20703125 0.54375 0.0265625 0.0390625
0 0.3890625 0.56328125 0.021875 0.034375
0 0.26171875 0.55625 0.0265625 0.034375
0 0.3328125 0.56875 0.0265625 0.034375
0 0.47265625 0.58359375 0.0265625 0.0390625
0 0.1796875 0.56015625 0.0359375 0.04375
0 0.78203125 0.625 0.0421875 0.0546875
0 0.63046875 0.60859375 0.0328125 0.04375
0 0.70703125 0.62890625 0.040625 0.05
0 0.29765625 0.60703125 0.0265625 0.0296875
0 0.09921875 0.59296875 0.046875 0.059375
0 0.3109375 0.64296875 0.0375 0.053125
0 0.69140625 0.7203125 0.0578125 0.0796875
0 0.55625 0.71796875 0.0484375 0.078125
0 0.346875 0.82890625 0.0859375 0.11875