0 0.4421875 0.1171875 0.028125 0.0328125
0 0.6 0.09140625 0.0484375 0.0703125
0 0.4765625 0.125 0.040625 0.0296875
0 0.33203125 0.15546875 0.0484375 0.0703125
0 0.559375 0.11328125 0.05 0.0578125
0 0.91015625 0.05 0.025 0.0625
0 0.36953125 0.15546875 0.0453125 0.075
0 0.4234375 0.15703125 0.05625 0.0625
0 0.7703125 0.09140625 0.0515625 0.0625
0 0.83671875 0.096875 0.0546875 0.0546875
0 0.28671875 0.20625 0.0609375 0.0640625
0 0.228125 0.2203125 0.0625 0.078125
0 0.6859375 0.13359375 0.0453125 0.05625
0 0.8890625 0.096875 0.0546875 0.08125
0 0.34140625 0.20546875 0.04375 0.04375
0 0.74375 0.1296875 0.04375 0.046875
0 0.49140625 0.178125 0.0625 0.078125
0 0.53125 0.1734375 0.0515625 0.084375
0 0.640625 0.15625 0.053125 0.071875
0 0.15078125 0.2546875 0.0609375 0.06875
0 0.915625 0.10546875 0.0453125 0.075
0 0.4625 0.1984375 0.046875 0.0609375
0 0.2015625 0.2609375 0.059375 0.08125
0 0.790625 0.15390625 0.0515625 0.084375
0 0.44296875 0.2328125 0.05625 0.090625
0 0.4046875 0.23984375 0.0625 0.0953125
0 0.3640625 0.25234375 0.0609375 0.090625
0 0.8359375 0.165625 0.065625 0.0921875
0 0.27265625 0.275 0.040625 0.0953125
0 0.76015625 0.1875 0.0578125 0.0953125
0 0.6265625 0.21796875 0.046875 0.0609375
0 0.33359375 0.275 0.03125 0.05
0 0.29375 0.2875 0.0453125 0.0796875
0 0.1484375 0.31875 0.0671875 0.078125
0 0.70859375 0.21171875 0.0515625 0.0625
0 0.078125 0.34375 0.0703125 0.0921875
0 0.0125 0.3609375 0.025 0.065625
0 0.3515625 0.29296875 0.05 0.03125
0 0.49375 0.275 0.05625 0.0859375
0 0.68671875 0.2375 0.0421875 0.0390625
0 0.525 0.27578125 0.05 0.075
0 0.65 0.26328125 0.0484375 0.0484375
0 0.234375 0.34609375 0.0625 0.078125
0 0.62421875 0.2921875 0.046875 0.0390625
0 0.6921875 0.290625 0.071875 0.0796875
0 0.5921875 0.3171875 0.0640625 0.103125
0 0.559375 0.0171875 0.034375 0.034375
0 0.36171875 0.36875 0.0609375 0.0859375
0 0.20234375 0.4015625 0.053125 0.071875
0 0.29765625 0.390625 0.06875 0.1046875
0 0.03359375 0.4484375 0.0671875 0.121875
0 0.88203125 0.28203125 0.0671875 0.05625
0 0.06484375 0.44296875 0.05625 0.0859375
0 0.953125 0.27265625 0.0421875 0.1
0 0.9328125 0.2859375 0.046875 0.0828125
0 0.715625 0.00546875 0.03125 0.0109375
0 0.59375 0.0125 0.034375 0.025
0 0.65078125 0.3671875 0.0796875 0.115625
0 0.28125 0.44375 0.0859375 0.13125
0 0.4671875 0.41640625 0.0546875 0.08125
0 0.5078125 0.42734375 0.0875 0.1125
0 0.25234375 0.48671875 0.0953125 0.1328125
0 0.15703125 0.51953125 0.0671875 0.1015625
0 0.93203125 0.36875 0.0765625 0.1234375
0 0.34921875 0.51484375 0.0921875 0.1359375
0 0.84765625 0.4328125 0.084375 0.1171875
0 0.70234375 0.0140625 0.0359375 0.028125
0 0.51015625 0.04296875 0.046875 0.065625
0 0.57578125 0.52734375 0.084375 0.1171875
0 0.20703125 0.60625 0.06875 0.1046875
0 0.26484375 0.6234375 0.10625 0.14375
0 0.98125 0.5125 0.0375 0.08125
0 0.49453125 0.63046875 0.0984375 0.11875
0 0.775 0.59296875 0.09375 0.0796875
0 0.640625 0.63125 0.084375 0.1171875
0 0.9171875 0.58359375 0.10625 0.1390625
0 0.68828125 0.02265625 0.0359375 0.0453125
0 0.80703125 0.0125 0.0390625 0.025
0 0.54765625 0.05234375 0.04375 0.04375
0 0.16953125 0.753125 0.0796875 0.115625
0 0.0875 0.78046875 0.109375 0.15625
0 0.26484375 0.75859375 0.1015625 0.1421875
0 0.99453125 0.628125 0.0109375 0.128125
0 0.8234375 0.68671875 0.09375 0.140625
0 0.60546875 0.0484375 0.05 0.053125
0 0.5828125 0.790625 0.1421875 0.1890625
0 0.76796875 0.03046875 0.0546875 0.0609375
0 0.46796875 0.08203125 0.0484375 0.0484375
0 0.65234375 0.0484375 0.0421875 0.065625
0 0.9484375 0.76640625 0.103125 0.1234375
0 0.55078125 0.871875 0.1296875 0.08125
0 0.79921875 0.03828125 0.0515625 0.0625
0 0.68359375 0.0609375 0.0515625 0.0625