0 0.76796875 0.04921875 0.0765625 0.0984375
0 0.43984375 0.1203125 0.109375 0.14375
0 0.90078125 0.06796875 0.0578125 0.05
0 0.4140625 0.02421875 0.0421875 0.0375
0 0.27109375 0.215625 0.11875 0.1484375
0 0.47421875 0.0234375 0.0484375 0.046875
0 0.909375 0.15234375 0.0859375 0.134375
0 0.64921875 0.0109375 0.0640625 0.021875
0 0.03125 0.3375 0.0625 0.196875
0 0.0625 0.09765625 0.071875 0.05625
0 0.678125 0.2546875 0.1046875 0.1421875
0 0.8828125 0.2328125 0.084375 0.125
0 0.47421875 0.31171875 0.096875 0.1234375
0 0.24765625 0.071875 0.05625 0.075
0 0.265625 0.39765625 0.1125 0.15625
0 0.1015625 0.42890625 0.115625 0.153125
0 0.7921875 0.31875 0.109375 0.1390625
0 0.84921875 0.3328125 0.10625 0.146875
0 0.484375 0.42265625 0.109375 0.14375
0 0.7078125 0.38828125 0.0828125 0.1203125
0 0.3515625 0.484375 0.1171875 0.1578125
0 0.9546875 0.41640625 0.090625 0.1484375
0 0.1828125 0.10234375 0.0796875 0.103125
0 0.78125 0.471875 0.1453125 0.171875
0 0.65703125 0.8484375 0.2125 0.1296875