0 0.653125 0.00390625 0.015625 0.0078125
0 0.4015625 0.01953125 0.015625 0.0296875
0 0.12578125 0.15 0.0203125 0.0328125
0 0.3421875 0.13515625 0.0203125 0.0296875
0 0.921875 0.096875 0.015625 0.0203125
0 0.7953125 0.10546875 0.015625 0.0296875
0 0.7765625 0.109375 0.0203125 0.025
0 0.87421875 0.10234375 0.0203125 0.0296875
0 0.27578125 0.14453125 0.021875 0.0421875
0 0.57109375 0.12421875 0.015625 0.0328125
0 0.728125 0.11484375 0.0203125 0.0296875
0 0.5578125 0.12734375 0.015625 0.0203125
0 0.6671875 0.00546875 0.015625 0.0109375
0 0.6828125 0.1234375 0.0203125 0.0296875
0 0.33125 0.15234375 0.0203125 0.0296875
0 0.703125 0.1265625 0.015625 0.0328125
0 0.01796875 0.1765625 0.0203125 0.0328125
0 0.30234375 0.16171875 0.0203125 0.0296875
0 0.85859375 0.12265625 0.0109375 0.0234375
0 0.84765625 0.128125 0.0203125 0.025
0 0.86171875 0.12734375 0.015625 0.0203125
0 0.58671875 0.1484375 0.015625 0.025
0 0.80625 0.1328125 0.015625 0.025
0 0.921875 0.1265625 0.0203125 0.025
0 0.75703125 0.0046875 0.0203125 0.009375
0 0.7890625 0.0046875 0.015625 0.009375
0 0.73359375 0.00546875 0.0203125 0.0109375
0 0.3796875 0.16953125 0.025 0.0328125
0 0.45078125 0.1640625 0.0203125 0.0296875
0 0.8296875 0.14453125 0.0203125 0.025
0 0.296875 0.184375 0.0203125 0.0328125
0 0.5390625 0.1671875 0.0203125 0.0296875
0 0.95234375 0.13828125 0.015625 0.0203125
0 0.43125 0.175 0.0203125 0.0296875
0 0.80390625 0.00546875 0.0203125 0.0109375
0 0.765625 0.00546875 0.015625 0.0109375
0 0.64375 0.00859375 0.015625 0.0171875
0 0.6453125 0.1625 0.0203125 0.0296875
0 0.775 0.15546875 0.0203125 0.0296875
0 0.41953125 0.1828125 0.0203125 0.0296875
0 0.6140625 0.171875 0.015625 0.0203125
0 0.7015625 0.165625 0.015625 0.0296875
0 0.90234375 0.1515625 0.015625 0.025
0 0.9234375 0.15 0.0203125 0.0328125
0 0.5859375 0.17578125 0.015625 0.0296875
0 0.75546875 0.16640625 0.015625 0.025
0 0.840625 0.16328125 0.015625 0.025
0 0.87578125 0.16015625 0.015625 0.025
0 0.4765625 0.19296875 0.0203125 0.0328125
0 0.79765625 0.1703125 0.0203125 0.0296875
0 0.4484375 0.19765625 0.0265625 0.0375
0 0.95390625 0.1640625 0.025 0.0328125
0 0.74140625 0.0078125 0.0203125 0.015625
0 0.5890625 0.0140625 0.0203125 0.025
0 0.78125 0.17890625 0.0203125 0.0296875
0 0.6015625 0.19140625 0.0203125 0.0328125
0 0.615625 0.190625 0.0203125 0.0328125
0 0.33828125 0.2125 0.025 0.0328125
0 0.89921875 0.17265625 0.025 0.0328125
0 0.71953125 0.1875 0.015625 0.0296875
0 0.83046875 0.1828125 0.015625 0.0296875
0 0.5859375 0.20390625 0.025 0.0296875
0 0.44296875 0.02421875 0.0109375 0.0234375
0 0.7640625 0.19453125 0.0203125 0.0296875
0 0.815625 0.19296875 0.0203125 0.0328125
0 0.37890625 0.2234375 0.0203125 0.0203125
0 0.734375 0.20234375 0.0203125 0.0328125
0 0.84296875 0.19453125 0.015625 0.025
0 0.56796875 0.0171875 0.015625 0.0203125
0 0.85 0.19921875 0.0203125 0.0296875
0 0.4375 0.228125 0.0203125 0.0296875
0 0.66796875 0.2140625 0.0203125 0.0296875
0 0.41171875 0.234375 0.025 0.0296875
0 0.92890625 0.1984375 0.015625 0.0328125
0 0.90859375 0.20234375 0.0203125 0.0328125
0 0.37578125 0.24609375 0.0203125 0.025
0 0.69453125 0.22421875 0.021875 0.0375
0 0.58125 0.234375 0.021875 0.0375
0 0.76171875 0.221875 0.021875 0.0375
0 0.95703125 0.2078125 0.0203125 0.0296875
0 0.59453125 0.23359375 0.0203125 0.0296875
0 0.6109375 0.23203125 0.0203125 0.0296875
0 0.06484375 0.275 0.0265625 0.0375
0 0.3625 0.2546875 0.0265625 0.0375
0 0.91171875 0.00546875 0.0203125 0.0109375
0 0.559375 0.0203125 0.015625 0.0296875
0 0.1203125 0.2734375 0.0203125 0.025
0 0.93515625 0.21875 0.015625 0.0328125
0 0.66484375 0.23984375 0.015625 0.0296875
0 0.26171875 0.26875 0.0203125 0.0328125
0 0.4875 0.25234375 0.0203125 0.0296875
0 0.27734375 0.26953125 0.0265625 0.046875
0 0.3265625 0.26640625 0.025 0.025
0 0.2015625 0.275 0.03125 0.04375
0 0.7328125 0.23984375 0.0265625 0.0375
0 0.4140625 0.2625 0.025 0.0328125
0 0.87578125 0.23046875 0.0203125 0.0328125
0 0.5046875 0.26328125 0.0203125 0.0328125
0 0.46484375 0.265625 0.025 0.025
0 0.4421875 0.26953125 0.025 0.0296875
0 0.65703125 0.2546875 0.015625 0.0296875
0 0.771875 0.24921875 0.0203125 0.0328125
0 0.35234375 0.27890625 0.021875 0.0421875
0 0.3109375 0.28359375 0.0265625 0.0375
0 0.81484375 0.2484375 0.025 0.0328125
0 0.47734375 0.271875 0.015625 0.025
0 0.61953125 0.01875 0.015625 0.0296875
0 0.1515625 0.296875 0.03125 0.0484375
0 0.42421875 0.278125 0.0203125 0.0328125
0 0.4890625 0.278125 0.015625 0.0296875
0 0.38359375 0.28828125 0.0203125 0.0296875
0 0.72265625 0.2640625 0.0203125 0.0296875
0 0.58828125 0.2734375 0.0203125 0.0296875
0 0.60703125 0.2765625 0.0203125 0.0296875
0 0.62421875 0.0203125 0.015625 0.025
0 0.56171875 0.2796875 0.0265625 0.0375
0 0.30078125 0.30234375 0.0265625 0.0421875
0 0.2125 0.30859375 0.03125 0.04375
0 0.4640625 0.29140625 0.015625 0.0296875
0 0.675 0.2765625 0.0203125 0.0328125
0 0.4328125 0.2953125 0.021875 0.0375
0 0.703125 0.2765625 0.021875 0.0421875
0 0.840625 0.26953125 0.021875 0.0421875
0 0.62890625 0.284375 0.0265625 0.0375
0 0.5171875 0.2921875 0.0109375 0.028125
0 0.71640625 0.28046875 0.021875 0.0421875
0 0.36796875 0.3046875 0.0203125 0.0296875
0 0.4671875 0.03125 0.015625 0.0296875
0 0.60390625 0.021875 0.015625 0.025
0 0.80703125 0.2765625 0.0203125 0.0296875
0 0.96796875 0.26484375 0.025 0.0328125
0 0.51171875 0.3015625 0.0203125 0.0296875
0 0.90625 0.2765625 0.021875 0.0375
0 0.2875 0.31953125 0.0265625 0.0375
0 0.85 0.01015625 0.015625 0.0203125
0 0.87265625 0.00859375 0.0203125 0.0171875
0 0.76796875 0.29296875 0.025 0.0328125
0 0.10625 0.34453125 0.03125 0.04375
0 0.83359375 0.29609375 0.021875 0.0375
0 0.35546875 0.32890625 0.021875 0.0421875
0 0.41640625 0.3390625 0.0203125 0.0296875
0 0.77578125 0.01171875 0.0203125 0.0234375
0 0.6 0.3359375 0.021875 0.0375
0 0.4359375 0.3484375 0.0265625 0.0375
0 0.95390625 0.31484375 0.021875 0.0375
0 0.93125 0.32578125 0.0265625 0.0375
0 0.6125 0.35 0.0203125 0.0328125
0 0.4765625 0.36484375 0.0265625 0.0375
0 0.07578125 0.4 0.025 0.0296875
0 0.93203125 0.01015625 0.0203125 0.0203125
0 0.63828125 0.02578125 0.015625 0.0296875
0 0.59296875 0.37265625 0.021875 0.0375
0 0.45 0.3828125 0.025 0.0328125
0 0.79140625 0.0171875 0.0203125 0.0296875
0 0.76484375 0.3703125 0.021875 0.0375
0 0.09296875 0.41953125 0.03125 0.0484375
0 0.4640625 0.39375 0.0203125 0.0328125
0 0.65625 0.38046875 0.0265625 0.0421875
0 0.88984375 0.36640625 0.0265625 0.0421875
0 0.8328125 0.37265625 0.0203125 0.0328125
0 0.81171875 0.01640625 0.015625 0.025
0 0.05390625 0.4296875 0.0265625 0.046875
0 0.325 0.4171875 0.0265625 0.046875
0 0.72421875 0.39140625 0.0265625 0.0421875
0 0.5328125 0.4046875 0.0265625 0.0375
0 0.87265625 0.3828125 0.0296875 0.034375
0 0.83984375 0.01640625 0.0203125 0.0328125
0 0.96640625 0.3765625 0.0203125 0.0328125
0 0.5609375 0.4046875 0.0203125 0.025
0 0.35546875 0.421875 0.025 0.0328125
0 0.6046875 0.40859375 0.0203125 0.0296875
0 0.43203125 0.42109375 0.03125 0.0484375
0 0.92890625 0.390625 0.0203125 0.0328125
0 0.4875 0.421875 0.0203125 0.0328125
0 0.85078125 0.40546875 0.021875 0.0421875
0 0.8390625 0.40859375 0.0265625 0.0421875
0 0.57890625 0.0375 0.015625 0.0203125
0 0.6765625 0.03046875 0.015625 0.0203125
0 0.56015625 0.4328125 0.0203125 0.0328125
0 0.790625 0.4171875 0.0265625 0.0421875
0 0.18671875 0.46171875 0.021875 0.0421875
0 0.94140625 0.4109375 0.0203125 0.0296875
0 0.53515625 0.4421875 0.021875 0.0421875
0 0.63046875 0.43515625 0.0203125 0.0296875
0 0.81015625 0.42265625 0.021875 0.0375
0 0.91640625 0.415625 0.0203125 0.0328125
0 0.61171875 0.4390625 0.0203125 0.025
0 0.584375 0.4453125 0.021875 0.0421875
0 0.98359375 0.4203125 0.0265625 0.0421875
0 0.81796875 0.43359375 0.025 0.0296875
0 0.73984375 0.4484375 0.0265625 0.0375
0 0.634375 0.46015625 0.021875 0.0421875
0 0.93046875 0.44609375 0.0265625 0.0375
0 0.64921875 0.47109375 0.0203125 0.025
0 0.8609375 0.45625 0.0265625 0.0421875
0 0.5953125 0.47890625 0.0203125 0.0328125
0 0.72734375 0.47265625 0.021875 0.0375
0 0.84296875 0.46640625 0.0265625 0.046875
0 0.78984375 0.47265625 0.021875 0.0421875
0 0.578125 0.48984375 0.0203125 0.0296875
0 0.46953125 0.5 0.0265625 0.0375
0 0.29453125 0.51640625 0.0265625 0.046875
0 0.3296875 0.51640625 0.025 0.0296875
0 0.615625 0.49921875 0.0265625 0.0421875
0 0.696875 0.0359375 0.015625 0.0203125
0 0.75234375 0.49609375 0.0203125 0.0328125
0 0.94453125 0.48515625 0.021875 0.0375
0 0.79921875 0.49765625 0.021875 0.046875
0 0.72734375 0.503125 0.0265625 0.0421875
0 0.815625 0.5015625 0.021875 0.0421875
0 0.9203125 0.50703125 0.0265625 0.0375
0 0.40390625 0.54375 0.021875 0.0375
0 0.8671875 0.51328125 0.021875 0.0421875
0 0.66875 0.5296875 0.021875 0.0375
0 0.85859375 0.52109375 0.021875 0.0421875
0 0.7578125 0.53515625 0.0265625 0.0375
0 0.18046875 0.578125 0.03125 0.0484375
0 0.8546875 0.0296875 0.0203125 0.0296875
0 0.34921875 0.56875 0.0265625 0.0375
0 0.4515625 0.5640625 0.0265625 0.0515625
0 0.95 0.53359375 0.021875 0.0421875
0 0.7546875 0.55625 0.021875 0.0421875
0 0.5484375 0.57109375 0.0265625 0.0421875
0 0.85390625 0.55703125 0.03125 0.04375
0 0.9375 0.553125 0.021875 0.0421875
0 0.4 0.0640625 0.015625 0.015625
0 0.48046875 0.59453125 0.021875 0.0375
0 0.42109375 0.60234375 0.0265625 0.0421875
0 0.64765625 0.5890625 0.03125 0.04375
0 0.925 0.5765625 0.0265625 0.0421875
0 0.8328125 0.58359375 0.03125 0.04375
0 0.70625 0.5921875 0.0265625 0.0375
0 0.56171875 0.0546875 0.015625 0.0328125
0 0.621875 0.05078125 0.015625 0.015625
0 0.47109375 0.61328125 0.0203125 0.0328125
0 0.8078125 0.5921875 0.03125 0.04375
0 0.521875 0.61171875 0.0203125 0.0328125
0 0.884375 0.58671875 0.03125 0.04375
0 0.990625 0.58828125 0.01875 0.0421875
0 0.95703125 0.59375 0.03125 0.04375
0 0.4484375 0.62890625 0.0265625 0.046875
0 0.85703125 0.6046875 0.03125 0.04375
0 0.7171875 0.6171875 0.0265625 0.0421875
0 0.53515625 0.634375 0.021875 0.0375
0 0.5484375 0.06015625 0.015625 0.025
0 0.73671875 0.634375 0.0265625 0.0421875
0 0.79921875 0.63515625 0.03125 0.0484375
0 0.92734375 0.0359375 0.015625 0.025
0 0.4484375 0.06953125 0.0203125 0.0296875
0 0.79296875 0.0453125 0.0203125 0.025
0 0.5 0.06640625 0.015625 0.025
0 0.5859375 0.6703125 0.03125 0.04375
0 0.98046875 0.6453125 0.0265625 0.0421875
0 0.85859375 0.6578125 0.0265625 0.0421875
0 0.90390625 0.659375 0.034375 0.034375
0 0.5390625 0.6875 0.0265625 0.0421875
0 0.58046875 0.0625 0.0109375 0.01875
0 0.625 0.059375 0.015625 0.0203125
0 0.4953125 0.69765625 0.0265625 0.0421875
0 0.7515625 0.684375 0.03125 0.0484375
0 0.6015625 0.0640625 0.0203125 0.0296875
0 0.81015625 0.6875 0.0265625 0.0375
0 0.421875 0.7171875 0.03125 0.04375
0 0.88046875 0.6984375 0.03125 0.04375
0 0.9015625 0.69921875 0.03125 0.053125
0 0.84921875 0.709375 0.03125 0.04375
0 0.43125 0.74609375 0.0265625 0.0375
0 0.41015625 0.0796875 0.0203125 0.0296875
0 0.68515625 0.06015625 0.015625 0.025
0 0.62578125 0.7375 0.03125 0.04375
0 0.790625 0.7328125 0.03125 0.0390625
0 0.56875 0.76015625 0.03125 0.0484375
0 0.475 0.77109375 0.0265625 0.0421875
0 0.51875 0.76796875 0.03125 0.04375
0 0.45625 0.775 0.034375 0.04375
0 0.975 0.74921875 0.025 0.0328125
0 0.4484375 0.79375 0.0265625 0.05625
0 0.7375 0.7734375 0.03125 0.0390625
0 0.87890625 0.05390625 0.015625 0.025
0 0.68125 0.0671875 0.015625 0.025
0 0.8953125 0.7765625 0.03125 0.053125
0 0.66015625 0.06875 0.015625 0.015625
0 0.94921875 0.78203125 0.021875 0.0421875
0 0.3609375 0.82734375 0.0265625 0.0421875
0 0.859375 0.0578125 0.015625 0.015625
0 0.4953125 0.83671875 0.0265625 0.0375
0 0.98125 0.81015625 0.0265625 0.0421875
0 0.77109375 0.06328125 0.015625 0.025
0 0.725 0.06953125 0.0203125 0.025
0 0.39453125 0.0921875 0.015625 0.0203125
0 0.2484375 0.884375 0.0265625 0.0421875
0 0.53125 0.08515625 0.015625 0.0296875
0 0.65703125 0.88125 0.03125 0.04375
0 0.434375 0.89921875 0.03125 0.0484375
0 0.753125 0.071875 0.0203125 0.025
0 0.86875 0.06640625 0.0203125 0.0296875
0 0.76484375 0.0734375 0.015625 0.025
0 0.71875 0.91171875 0.03125 0.0484375
0 0.94453125 0.0625 0.0203125 0.025
0 0.62890625 0.08671875 0.015625 0.025
0 0.6609375 0.084375 0.015625 0.0296875
0 0.390625 0.10625 0.015625 0.025
0 0.70234375 0.084375 0.0203125 0.025
0 0.71953125 0.00390625 0.0203125 0.0078125
0 0.68671875 0.0046875 0.0203125 0.009375
0 0.78125 0.07890625 0.0109375 0.0234375
0 0.46015625 0.10078125 0.0203125 0.0296875
0 0.65 0.0875 0.0203125 0.0296875
0 0.36640625 0.11015625 0.0203125 0.0296875
0 0.96171875 0.0703125 0.0125 0.0421875
0 0.74296875 0.0859375 0.0203125 0.0296875
0 0.9203125 0.07578125 0.0203125 0.025
0 0.43125 0.1125 0.0203125 0.025
0 0.609375 0.1 0.0109375 0.0234375
0 0.68046875 0.0953125 0.0203125 0.0296875
0 0.50078125 0.1078125 0.0203125 0.0328125
0 0.10546875 0.1375 0.0203125 0.0203125
0 0.634375 0.00625 0.015625 0.0125
0 0.7203125 0.096875 0.015625 0.0296875
0 0.634375 0.103125 0.015625 0.025
0 0.5515625 0.10859375 0.0203125 0.0296875
0 0.478125 0.11875 0.015625 0.0328125
0 0.45703125 0.125 0.0203125 0.0296875
0 0.9421875 0.090625 0.0203125 0.0328125