0 0.03359375 0.23515625 0.0109375 0.0109375
0 0.05625 0.23984375 0.00625 0.009375
0 0.03984375 0.240625 0.00625 0.009375
0 0.0515625 0.2421875 0.00625 0.009375
0 0.06015625 0.2453125 0.0109375 0.0109375
0 0.03203125 0.24921875 0.0109375 0.0109375
0 0.05859375 0.2546875 0.0109375 0.015625
0 0.04765625 0.253125 0.0109375 0.015625
0 0.0796875 0.25703125 0.009375 0.00625
0 0.19375 0.27578125 0.0109375 0.015625
0 0.071875 0.26328125 0.0109375 0.015625
0 0.0859375 0.26484375 0.015625 0.015625
0 0.21171875 0.2828125 0.0109375 0.0203125
0 0.228125 0.28515625 0.00625 0.0140625
0 0.22578125 0.28671875 0.00625 0.0140625
0 0.23671875 0.290625 0.0109375 0.0203125
0 0.11875 0.27578125 0.015625 0.0203125
0 0.2453125 0.29140625 0.0109375 0.015625
0 0.0296875 0.26484375 0.0125 0.025
0 0.128125 0.27734375 0.0109375 0.015625
0 0.05546875 0.26796875 0.0109375 0.015625
0 0.09609375 0.27578125 0.0109375 0.015625
0 0.171875 0.28515625 0.0109375 0.015625
0 0.20390625 0.2890625 0.0109375 0.015625
0 0.11015625 0.2796875 0.0109375 0.0203125
0 0.075 0.27578125 0.0109375 0.0203125
0 0.14375 0.28359375 0.0109375 0.0203125
0 0.0609375 0.27578125 0.0109375 0.015625
0 0.38515625 0.315625 0.0109375 0.015625
0 0.04765625 0.27421875 0.015625 0.0203125
0 0.2703125 0.3015625 0.0109375 0.015625
0 0.1546875 0.2921875 0.0171875 0.025
0 0.13125 0.29140625 0.0109375 0.015625
0 0.18828125 0.29921875 0.0109375 0.015625
0 0.17578125 0.296875 0.0109375 0.015625
0 0.4046875 0.32578125 0.015625 0.015625
0 0.41875 0.32734375 0.015625 0.0203125
0 0.1015625 0.29296875 0.0109375 0.015625
0 0.11640625 0.29453125 0.015625 0.015625
0 0.0875 0.29140625 0.015625 0.0203125
0 0.25 0.3125 0.0171875 0.025
0 0.20390625 0.30703125 0.0109375 0.015625
0 0.26640625 0.31484375 0.00625 0.01875
0 0.06171875 0.28984375 0.021875 0.025
0 0.284375 0.31953125 0.0171875 0.025
0 0.07890625 0.2984375 0.015625 0.0203125
0 0.30859375 0.32890625 0.0203125 0.0203125
0 0.121875 0.30859375 0.0171875 0.025
0 0.15703125 0.31328125 0.021875 0.0296875
0 0.43671875 0.34765625 0.0171875 0.025
0 0.140625 0.31328125 0.028125 0.0390625
0 0.40703125 0.3484375 0.021875 0.0296875
0 0.196875 0.325 0.0109375 0.015625
0 0.22265625 0.328125 0.028125 0.0390625
0 0.03203125 0.30703125 0.015625 0.015625
0 0.08203125 0.31328125 0.015625 0.0203125
0 0.04140625 0.30859375 0.0171875 0.025
0 0.4203125 0.35703125 0.0171875 0.025
0 0.93671875 0.4203125 0.021875 0.0296875
0 0.20546875 0.3328125 0.021875 0.0296875
0 0.31328125 0.34609375 0.0125 0.025
0 0.88828125 0.4171875 0.021875 0.0296875
0 0.0609375 0.315625 0.0328125 0.040625
0 0.09921875 0.325 0.0265625 0.034375
0 0.27578125 0.34921875 0.015625 0.0203125
0 0.67265625 0.40234375 0.0265625 0.034375
0 0.6546875 0.4 0.0203125 0.0203125
0 0.2546875 0.35078125 0.0265625 0.03125
0 0.29375 0.3578125 0.015625 0.015625
0 0.02421875 0.32734375 0.01875 0.0421875
0 0.4515625 0.38203125 0.0171875 0.025
0 0.175 0.353125 0.0328125 0.0484375
0 0.434375 0.38515625 0.0328125 0.040625
0 0.2671875 0.36640625 0.015625 0.0203125
0 0.72421875 0.42265625 0.0109375 0.015625
0 0.82265625 0.4375 0.0171875 0.025
0 0.80625 0.4375 0.0171875 0.025
0 0.69140625 0.4234375 0.015625 0.0203125
0 0.84296875 0.44453125 0.0171875 0.0328125
0 0.15390625 0.36015625 0.0265625 0.034375
0 0.78984375 0.43828125 0.0265625 0.034375
0 0.46875 0.3984375 0.0171875 0.025
0 0.34375 0.3875 0.0265625 0.034375
0 0.7546875 0.4375 0.028125 0.04375
0 0.62578125 0.421875 0.021875 0.025
0 0.29375 0.39296875 0.028125 0.04375
0 0.63828125 0.43515625 0.0328125 0.04375
0 0.7328125 0.446875 0.025 0.0484375
0 0.88671875 0.46796875 0.0265625 0.03125
0 0.709375 0.4484375 0.028125 0.0390625
0 0.5921875 0.434375 0.034375 0.0578125
0 0.2609375 0.39609375 0.0421875 0.05
0 0.759375 0.459375 0.0125 0.025
0 0.375 0.41484375 0.021875 0.025
0 0.6734375 0.4515625 0.028125 0.04375
0 0.48984375 0.43125 0.0421875 0.0546875
0 0.859375 0.4765625 0.03125 0.03125
0 0.946875 0.4875 0.0328125 0.0484375
0 0.83125 0.48046875 0.021875 0.034375
0 0.7984375 0.48046875 0.0328125 0.0484375
0 0.32734375 0.42734375 0.0328125 0.040625
0 0.9671875 0.51796875 0.0375 0.0546875
0 0.38515625 0.446875 0.028125 0.0390625
0 0.51875 0.465625 0.0328125 0.040625
0 0.98828125 0.52734375 0.0203125 0.046875
0 0.8640625 0.5140625 0.0328125 0.0484375
0 0.896875 0.5203125 0.0421875 0.0546875
0 0.0234375 0.41328125 0.0421875 0.0875
0 0.675 0.49765625 0.025 0.0484375
0 0.63125 0.49453125 0.034375 0.053125
0 0.57578125 0.490625 0.0484375 0.06875
0 0.75 0.51640625 0.0484375 0.06875
0 0.70078125 0.51796875 0.0421875 0.0546875
0 0.93359375 0.55546875 0.03125 0.03125
0 0.8265625 0.57734375 0.05 0.078125
0 0.48984375 0.54296875 0.04375 0.06875
0 0.94921875 0.60390625 0.0546875 0.075
0 0.17421875 0.590625 0.0421875 0.05
0 0.090625 0.6390625 0.0703125 0.0953125
0 0.284375 0.68125 0.0453125 0.0734375
0 0.5359375 0.721875 0.053125 0.0703125
0 0.5953125 0.90390625 0.096875 0.04375
0 0.66640625 0.91484375 0.0546875 0.0375