0 0.2015625 0.40390625 0.0203125 0.015625
0 0.5890625 0.43828125 0.0203125 0.0203125
0 0.2890625 0.41171875 0.0203125 0.015625
0 0.8125 0.46015625 0.015625 0.015625
0 0.23359375 0.409375 0.015625 0.0203125
0 0.06484375 0.396875 0.015625 0.015625
0 0.6828125 0.45078125 0.0203125 0.0203125
0 0.33984375 0.42109375 0.015625 0.0203125
0 0.72890625 0.45703125 0.0203125 0.015625
0 0.09296875 0.4015625 0.0203125 0.0203125
0 0.1734375 0.40859375 0.015625 0.0203125
0 0.89296875 0.47421875 0.0203125 0.025
0 0.49609375 0.4390625 0.0203125 0.0203125
0 0.053125 0.40078125 0.0203125 0.025
0 0.5171875 0.44140625 0.0203125 0.0203125
0 0.40625 0.43359375 0.015625 0.015625
0 0.39921875 0.0328125 0.0109375 0.0140625
0 0.859375 0.47578125 0.0203125 0.0203125
0 0.2921875 0.42578125 0.015625 0.015625
0 0.80390625 0.4734375 0.0203125 0.0203125
0 0.0109375 0.40390625 0.0109375 0.01875
0 0.64765625 0.459375 0.025 0.025
0 0.43984375 0.44375 0.0203125 0.0203125
0 0.540625 0.45234375 0.0203125 0.0203125
0 0.20703125 0.4234375 0.015625 0.0203125
0 0.30625 0.43203125 0.015625 0.0203125
0 0.1 0.41640625 0.0203125 0.0203125
0 0.1234375 0.41875 0.015625 0.015625
0 0.2390625 0.42890625 0.0203125 0.0203125
0 0.453125 0.45 0.015625 0.015625
0 0.734375 0.47421875 0.0203125 0.025
0 0.1671875 0.4265625 0.0203125 0.015625
0 0.01953125 0.4140625 0.0203125 0.0203125
0 0.36953125 0.446875 0.015625 0.015625
0 0.23125 0.43515625 0.0203125 0.025
0 0.58203125 0.46796875 0.015625 0.0203125
0 0.49375 0.46015625 0.015625 0.015625
0 0.3375 0.446875 0.015625 0.0203125
0 0.39765625 0.45390625 0.0203125 0.0203125
0 0.04375 0.4234375 0.0203125 0.025
0 0.07890625 0.4265625 0.015625 0.0203125
0 0.90703125 0.50078125 0.0203125 0.025
0 0.36015625 0.453125 0.015625 0.0203125
0 0.134375 0.43359375 0.0109375 0.0140625
0 0.27734375 0.44609375 0.015625 0.0203125
0 0.41484375 0.46015625 0.0203125 0.025
0 0.70078125 0.48671875 0.0265625 0.0296875
0 0.67265625 0.48671875 0.0203125 0.0203125
0 0.859375 0.503125 0.025 0.025
0 0.63828125 0.48359375 0.0203125 0.025
0 0.184375 0.44375 0.015625 0.0203125
0 0.2625 0.453125 0.021875 0.0296875
0 0.44921875 0.46953125 0.015625 0.025
0 0.5921875 0.48203125 0.0203125 0.025
0 0.4953125 0.47578125 0.0203125 0.0203125
0 0.61015625 0.4859375 0.0203125 0.025
0 0.33125 0.4640625 0.0203125 0.025
0 0.53359375 0.48203125 0.0203125 0.015625
0 0.75078125 0.503125 0.025 0.0203125
0 0.41953125 0.03984375 0.0109375 0.0109375
0 0.303125 0.4640625 0.0203125 0.0203125
0 0.79609375 0.509375 0.0203125 0.025
0 0.821875 0.5140625 0.03125 0.03125
0 0.1390625 0.4546875 0.015625 0.0203125
0 0.14609375 0.4546875 0.015625 0.0203125
0 0.57265625 0.49453125 0.025 0.025
0 0.87421875 0.52109375 0.0265625 0.0296875
0 0.20390625 0.4625 0.015625 0.0203125
0 0.2359375 0.46484375 0.0203125 0.0203125
0 0.16640625 0.46171875 0.0203125 0.015625
0 0.90859375 0.5265625 0.025 0.025
0 0.475 0.48828125 0.0203125 0.0203125
0 0.6203125 0.503125 0.025 0.025
0 0.52578125 0.49765625 0.0203125 0.0203125
0 0.0578125 0.45625 0.0203125 0.0203125
0 0.1890625 0.4703125 0.0203125 0.0203125
0 0.421875 0.490625 0.0203125 0.0203125
0 0.11484375 0.4640625 0.015625 0.025
0 0.37578125 0.48671875 0.015625 0.015625
0 0.73046875 0.5203125 0.025 0.0203125
0 0.2875 0.48359375 0.015625 0.015625
0 0.68203125 0.51796875 0.0265625 0.0296875
0 0.35390625 0.48984375 0.0203125 0.0203125
0 0.26484375 0.484375 0.0203125 0.0203125
0 0.225 0.4828125 0.0203125 0.025
0 0.753125 0.53125 0.0265625 0.0296875
0 0.30078125 0.49453125 0.025 0.0203125
0 0.4109375 0.50390625 0.015625 0.015625
0 0.16171875 0.48203125 0.0203125 0.0203125
0 0.1 0.4765625 0.0203125 0.025
0 0.28203125 0.49296875 0.015625 0.0203125
0 0.53515625 0.5171875 0.0203125 0.0203125
0 0.48671875 0.51328125 0.015625 0.0203125
0 0.6234375 0.525 0.0203125 0.0203125
0 0.45 0.5125 0.0203125 0.0203125
0 0.87421875 0.54921875 0.0265625 0.0296875
0 0.57265625 0.52265625 0.0203125 0.0203125
0 0.66171875 0.53046875 0.0296875 0.021875
0 0.81875 0.546875 0.0203125 0.0203125
0 0.04375 0.48125 0.015625 0.0203125
0 0.3734375 0.5125 0.0203125 0.0203125
0 0.50703125 0.52421875 0.025 0.025
0 0.17734375 0.49765625 0.021875 0.0296875
0 0.32734375 0.5109375 0.0203125 0.025
0 0.71484375 0.54453125 0.0203125 0.0203125
0 0.42578125 0.52421875 0.015625 0.015625
0 0.01171875 0.48671875 0.0234375 0.0203125
0 0.5546875 0.53671875 0.0203125 0.0203125
0 0.12578125 0.49921875 0.0203125 0.025
0 0.259375 0.51328125 0.0203125 0.0203125
0 0.7765625 0.5609375 0.0296875 0.021875
0 0.22421875 0.5125 0.015625 0.025
0 0.40859375 0.53125 0.0203125 0.0203125
0 0.08203125 0.50234375 0.015625 0.0203125
0 0.34375 0.52578125 0.0203125 0.0203125
0 0.40078125 0.04296875 0.0140625 0.0109375
0 0.88125 0.57734375 0.025 0.025
0 0.20859375 0.51875 0.0203125 0.0203125
0 0.0578125 0.5078125 0.0203125 0.0203125
0 0.8234375 0.57421875 0.0203125 0.0203125
0 0.4796875 0.54453125 0.025 0.0203125
0 0.15625 0.51875 0.0203125 0.025
0 0.290625 0.53046875 0.015625 0.0203125
0 0.60625 0.5578125 0.015625 0.015625
0 0.5921875 0.56171875 0.025 0.025
0 0.3546875 0.540625 0.0203125 0.0203125
0 0.2484375 0.53359375 0.025 0.0203125
0 0.65390625 0.5734375 0.025 0.0203125
0 0.71171875 0.57890625 0.0203125 0.0203125
0 0.96484375 0.603125 0.0203125 0.025
0 0.09765625 0.52734375 0.015625 0.0203125
0 0.68125 0.58125 0.0203125 0.0203125
0 0.51953125 0.56953125 0.025 0.015625
0 0.3046875 0.55 0.0203125 0.025
0 0.18515625 0.53984375 0.0203125 0.025
0 0.55234375 0.0609375 0.0109375 0.0109375
0 0.41875 0.04921875 0.0140625 0.0109375
0 0.46328125 0.56640625 0.025 0.025
0 0.76171875 0.59296875 0.0265625 0.0296875
0 0.784375 0.59453125 0.0203125 0.025
0 0.9484375 0.61171875 0.0203125 0.0203125
0 0.63203125 0.5859375 0.0203125 0.0203125
0 0.56953125 0.58515625 0.0203125 0.0203125
0 0.38984375 0.56953125 0.025 0.0203125
0 0.878125 0.6125 0.0265625 0.0296875
0 0.2578125 0.5578125 0.0203125 0.0203125
0 0.4234375 0.575 0.0265625 0.0296875
0 0.34453125 0.5703125 0.025 0.0203125
0 0.51796875 0.5875 0.0203125 0.025
0 0.12578125 0.55390625 0.0203125 0.0203125
0 0.0328125 0.54765625 0.0203125 0.0203125
0 0.67890625 0.60390625 0.03125 0.03125
0 0.83984375 0.62109375 0.03125 0.03125
0 0.2109375 0.565625 0.0203125 0.0203125
0 0.4734375 0.58828125 0.025 0.0203125
0 0.46875 0.05546875 0.0140625 0.0109375
0 0.8890625 0.62734375 0.0265625 0.0296875
0 0.73125 0.61328125 0.0203125 0.025
0 0.0703125 0.55703125 0.025 0.0203125
0 0.14375 0.5640625 0.0203125 0.025
0 0.175 0.5734375 0.0203125 0.0203125
0 0.6390625 0.6140625 0.03125 0.03125
0 0.02734375 0.5609375 0.0203125 0.0203125
0 0.3875 0.59453125 0.0203125 0.0203125
0 0.5296875 0.60703125 0.025 0.0203125
0 0.3359375 0.5921875 0.0265625 0.0296875
0 0.815625 0.63671875 0.03125 0.03125
0 0.209375 0.58359375 0.0203125 0.025
0 0.5984375 0.6203125 0.025 0.025
0 0.12578125 0.58125 0.0203125 0.025
0 0.1046875 0.57890625 0.03125 0.03125
0 0.275 0.59375 0.025 0.025
0 0.78046875 0.63828125 0.0265625 0.0296875
0 0.9375 0.65234375 0.03125 0.034375
0 0.4046875 0.6078125 0.021875 0.0296875
0 0.47109375 0.615625 0.021875 0.0296875
0 0.05625 0.58203125 0.0203125 0.025
0 0.6859375 0.63671875 0.0265625 0.0296875
0 0.97109375 0.6640625 0.03125 0.034375
0 0.359375 0.615625 0.0203125 0.0203125
0 0.1609375 0.60078125 0.0203125 0.025
0 0.22109375 0.60546875 0.025 0.025
0 0.54375 0.634375 0.03125 0.034375
0 0.8390625 0.66015625 0.025 0.025
0 0.75078125 0.6640625 0.0265625 0.034375
0 0.92109375 0.67890625 0.021875 0.0296875
0 0.2546875 0.6203125 0.0203125 0.025
0 0.07734375 0.60703125 0.025 0.0203125
0 0.6625 0.65859375 0.0265625 0.0296875
0 0.7109375 0.66484375 0.0203125 0.025
0 0.29375 0.62890625 0.0203125 0.025
0 0.09765625 0.61171875 0.0203125 0.0203125
0 0.79609375 0.67734375 0.03125 0.03125
0 0.97578125 0.69296875 0.0125 0.0328125
0 0.421875 0.646875 0.021875 0.0296875
0 0.03203125 0.6125 0.025 0.025
0 0.5828125 0.6609375 0.0265625 0.0296875
0 0.1984375 0.6296875 0.021875 0.0328125
0 0.1359375 0.63046875 0.025 0.025
0 0.89375 0.69921875 0.0265625 0.0296875
0 0.46171875 0.0625 0.0140625 0.0109375
0 0.60078125 0.67578125 0.03125 0.03125
0 0.35625 0.6546875 0.025 0.025
0 0.74140625 0.68828125 0.03125 0.034375
0 0.05703125 0.628125 0.025 0.0203125
0 0.21328125 0.64453125 0.021875 0.0296875
0 0.515625 0.6734375 0.03125 0.03125
0 0.44375 0.6671875 0.021875 0.0296875
0 0.38828125 0.6640625 0.0265625 0.0296875
0 0.8515625 0.70703125 0.0265625 0.0296875
0 0.24765625 0.6546875 0.0265625 0.0296875
0 0.93671875 0.7171875 0.025 0.0203125
0 0.328125 0.66640625 0.021875 0.0296875
0 0.08984375 0.64765625 0.0203125 0.025
0 0.79296875 0.7140625 0.0265625 0.0296875
0 0.725 0.7125 0.0265625 0.0296875
0 0.190625 0.66796875 0.025 0.025
0 0.46796875 0.06484375 0.0109375 0.0109375
0 0.02421875 0.65390625 0.0296875 0.0265625
0 0.13984375 0.66640625 0.0203125 0.0203125
0 0.265625 0.67734375 0.025 0.025
0 0.55625 0.7046875 0.03125 0.034375
0 0.4734375 0.69765625 0.0265625 0.0296875
0 0.6046875 0.7140625 0.021875 0.0296875
0 0.659375 0.7234375 0.0265625 0.0296875
0 0.42421875 0.703125 0.0265625 0.0296875
0 0.96328125 0.75234375 0.025 0.025
0 0.084375 0.67578125 0.025 0.025
0 0.89609375 0.7484375 0.025 0.0203125
0 0.84765625 0.746875 0.03125 0.03125
0 0.2203125 0.6921875 0.025 0.025
0 0.3015625 0.7015625 0.025 0.025
0 0.34453125 0.70546875 0.025 0.025
0 0.13515625 0.690625 0.0203125 0.025
0 0.69765625 0.7421875 0.03125 0.034375
0 0.17109375 0.70078125 0.0203125 0.025
0 0.74765625 0.75625 0.025 0.025
0 0.790625 0.7625 0.03125 0.03125
0 0.01328125 0.69609375 0.0265625 0.0265625
0 0.515625 0.07890625 0.0109375 0.0109375
0 0.49765625 0.07734375 0.0109375 0.0109375
0 0.2390625 0.771875 0.03125 0.03125
0 0.91328125 0.95390625 0.0390625 0.0390625
0 0.57421875 0.09765625 0.0140625 0.0109375
0 0.55859375 0.096875 0.0140625 0.0109375
0 0.44140625 0.0859375 0.0109375 0.0109375
0 0.4109375 0.08515625 0.0109375 0.0109375
0 0.73828125 0.11640625 0.0203125 0.015625
0 0.159375 0.065625 0.0109375 0.0140625
0 0.4515625 0.09375 0.0109375 0.0109375
0 0.403125 0.0890625 0.00625 0.009375
0 0.465625 0.09921875 0.0109375 0.0140625
0 0.52265625 0.1046875 0.0109375 0.0109375
0 0.71875 0.1265625 0.0140625 0.0109375
0 0.6078125 0.12109375 0.0140625 0.0109375
0 0.496875 0.1140625 0.0109375 0.0109375
0 0.5078125 0.1171875 0.0109375 0.0109375
0 0.48515625 0.1171875 0.015625 0.015625
0 0.4078125 0.115625 0.0109375 0.0109375
0 0.54453125 0.12734375 0.009375 0.00625
0 0.46796875 0.1234375 0.0109375 0.0109375
0 0.74921875 0.15 0.009375 0.00625
0 0.49765625 0.128125 0.015625 0.015625
0 0.70703125 0.14609375 0.0140625 0.0109375
0 0.553125 0.1375 0.015625 0.015625
0 0.48828125 0.13203125 0.0109375 0.0140625
0 0.47890625 0.13125 0.0109375 0.0140625
0 0.73515625 0.15625 0.0203125 0.015625
0 0.565625 0.14140625 0.015625 0.015625
0 0.43671875 0.134375 0.0046875 0.0046875
0 0.83125 0.16875 0.0140625 0.00625
0 0.50078125 0.1421875 0.0109375 0.0140625
0 0.865625 0.1765625 0.0140625 0.0109375
0 0.5859375 0.15234375 0.0140625 0.0109375
0 0.4796875 0.1453125 0.0109375 0.0140625
0 0.6046875 0.15625 0.015625 0.015625
0 0.44296875 0.1421875 0.0109375 0.0109375
0 0.16875 0.11796875 0.0109375 0.0109375
0 0.51875 0.15078125 0.015625 0.015625
0 0.82265625 0.1796875 0.0140625 0.0109375
0 0.9109375 0.1875 0.0203125 0.015625
0 0.446875 0.14921875 0.0109375 0.0140625
0 0.421875 0.14765625 0.0109375 0.0109375
0 0.46328125 0.15234375 0.0109375 0.0109375
0 0.73515625 0.1765625 0.0140625 0.0109375
0 0.59921875 0.16640625 0.015625 0.015625
0 0.84296875 0.18828125 0.0109375 0.0109375
0 0.34765625 0.146875 0.0203125 0.0203125
0 0.45546875 0.1609375 0.0109375 0.0140625
0 0.85703125 0.19609375 0.0109375 0.0140625
0 0.3234375 0.15234375 0.0109375 0.0109375
0 0.86796875 0.2 0.0203125 0.015625
0 0.2609375 0.1515625 0.015625 0.015625
0 0.2671875 0.15625 0.0109375 0.0140625
0 0.46796875 0.17421875 0.0109375 0.0140625
0 0.3 0.16171875 0.0109375 0.0140625
0 0.3296875 0.1640625 0.0109375 0.0140625
0 0.45390625 0.175 0.0109375 0.0140625
0 0.08046875 0.14453125 0.0109375 0.0140625
0 0.31953125 0.16796875 0.00625 0.0140625
0 0.35234375 0.17109375 0.0140625 0.0109375
0 0.496875 0.1859375 0.0109375 0.0140625
0 0.47421875 0.1890625 0.015625 0.015625
0 0.34453125 0.17734375 0.015625 0.015625
0 0.3140625 0.175 0.009375 0.00625
0 0.5984375 0.2 0.009375 0.00625
0 0.32578125 0.178125 0.0109375 0.0109375
0 0.37890625 0.1828125 0.015625 0.015625
0 0.44765625 0.1890625 0.0203125 0.015625
0 0.24921875 0.17109375 0.015625 0.0203125
0 0.0328125 0.1546875 0.0109375 0.0140625
0 0.91640625 0.23203125 0.015625 0.0203125
0 0.95546875 0.23515625 0.015625 0.0203125
0 0.396875 0.1890625 0.0109375 0.0140625
0 0.98046875 0.23984375 0.015625 0.015625
0 0.5953125 0.20859375 0.0109375 0.0140625
0 0.3671875 0.1890625 0.0109375 0.0140625
0 0.7796875 0.225 0.015625 0.0203125
0 0.6140625 0.21015625 0.015625 0.015625
0 0.23984375 0.1796875 0.0140625 0.0109375
0 0.34609375 0.19140625 0.015625 0.015625
0 0.99375 0.25 0.0125 0.015625
0 0.27109375 0.18984375 0.0140625 0.0109375
0 0.46796875 0.20703125 0.015625 0.0203125
0 0.25234375 0.190625 0.0109375 0.0109375
0 0.3984375 0.203125 0.015625 0.015625
0 0.50625 0.2125 0.015625 0.015625
0 0.36875 0.20078125 0.0109375 0.0140625
0 0.43046875 0.20859375 0.015625 0.015625
0 0.86640625 0.24921875 0.015625 0.015625
0 0.93671875 0.25546875 0.015625 0.0203125
0 0.26171875 0.19609375 0.015625 0.015625
0 0.53359375 0.22109375 0.015625 0.015625
0 0.2296875 0.19453125 0.0203125 0.015625
0 0.42265625 0.21640625 0.0109375 0.0140625
0 0.4640625 0.22265625 0.0140625 0.0109375
0 0.39921875 0.21875 0.015625 0.0203125
0 0.64140625 0.23984375 0.015625 0.015625
0 0.6734375 0.2453125 0.015625 0.0203125
0 0.45390625 0.22890625 0.0109375 0.0140625
0 0.42421875 0.22578125 0.0109375 0.0140625
0 0.54375 0.24140625 0.0109375 0.0140625
0 0.91015625 0.2734375 0.015625 0.015625
0 0.2484375 0.215625 0.0109375 0.0140625
0 0.35 0.22890625 0.015625 0.0203125
0 0.86796875 0.27421875 0.0203125 0.015625
0 0.434375 0.23828125 0.015625 0.015625
0 0.7390625 0.265625 0.015625 0.015625
0 0.37421875 0.2359375 0.015625 0.015625
0 0.6234375 0.2578125 0.015625 0.015625
0 0.29609375 0.22890625 0.015625 0.0203125
0 0.409375 0.2390625 0.015625 0.015625
0 0.55 0.253125 0.0140625 0.0109375
0 0.47109375 0.24921875 0.015625 0.015625
0 0.69453125 0.26875 0.015625 0.015625
0 0.68515625 0.26796875 0.0203125 0.0203125
0 0.70625 0.26953125 0.015625 0.015625
0 0.28203125 0.234375 0.0109375 0.0140625
0 0.5140625 0.2546875 0.015625 0.015625
0 0.83046875 0.2828125 0.0203125 0.015625
0 0.45703125 0.25 0.015625 0.015625
0 0.2703125 0.23359375 0.015625 0.025
0 0.34375 0.23984375 0.015625 0.015625
0 0.76796875 0.27734375 0.0203125 0.015625
0 0.57421875 0.2625 0.015625 0.015625
0 0.915625 0.2921875 0.0109375 0.0140625
0 0.73359375 0.2765625 0.015625 0.015625
0 0.5484375 0.26484375 0.015625 0.015625
0 0.56171875 0.26640625 0.015625 0.015625
0 0.4328125 0.01796875 0.0109375 0.0109375
0 0.71484375 0.2796875 0.015625 0.0203125
0 0.4921875 0.2625 0.0109375 0.0140625
0 0.40546875 0.2546875 0.015625 0.0203125
0 0.375 0.25234375 0.015625 0.0203125
0 0.7765625 0.2875 0.0203125 0.025
0 0.35234375 0.25 0.0109375 0.0140625
0 0.89609375 0.3 0.0203125 0.015625
0 0.61015625 0.27734375 0.015625 0.015625
0 0.43671875 0.2625 0.0203125 0.015625
0 0.86796875 0.30234375 0.0203125 0.0203125
0 0.52890625 0.275 0.0203125 0.015625
0 0.4578125 0.26875 0.015625 0.015625
0 0.66015625 0.2890625 0.0109375 0.0140625
0 0.46875 0.27421875 0.0109375 0.0140625
0 0.35390625 0.26484375 0.0203125 0.015625
0 0.98046875 0.31953125 0.0109375 0.0140625
0 0.66953125 0.29453125 0.015625 0.0203125
0 0.5234375 0.28203125 0.0203125 0.0203125
0 0.6390625 0.29296875 0.015625 0.015625
0 0.59765625 0.28984375 0.015625 0.015625
0 0.81171875 0.30859375 0.0203125 0.0203125
0 0.40859375 0.2734375 0.015625 0.015625
0 0.51171875 0.28671875 0.015625 0.015625
0 0.88984375 0.3203125 0.015625 0.015625
0 0.48828125 0.28515625 0.0109375 0.0140625
0 0.85546875 0.3171875 0.0203125 0.0203125
0 0.55234375 0.29296875 0.0203125 0.015625
0 0.825 0.31640625 0.0109375 0.01875
0 0.61484375 0.30078125 0.015625 0.015625
0 0.903125 0.328125 0.0203125 0.0203125
0 0.4671875 0.2921875 0.015625 0.015625
0 0.234375 0.271875 0.015625 0.015625
0 0.31015625 0.27890625 0.0109375 0.0140625
0 0.59609375 0.30390625 0.015625 0.015625
0 0.64921875 0.30859375 0.0203125 0.0203125
0 0.259375 0.2765625 0.015625 0.015625
0 0.996875 0.34140625 0.00625 0.0203125
0 0.97890625 0.3421875 0.015625 0.015625
0 0.6328125 0.31171875 0.0109375 0.0109375
0 0.74296875 0.3234375 0.015625 0.0203125
0 0.42265625 0.2953125 0.015625 0.015625
0 0.3234375 0.28671875 0.0109375 0.0109375
0 0.53515625 0.31015625 0.0203125 0.0203125
0 0.6671875 0.321875 0.0203125 0.015625
0 0.96875 0.3484375 0.0203125 0.015625
0 0.81171875 0.33671875 0.0203125 0.015625
0 0.4109375 0.3015625 0.015625 0.015625
0 0.78203125 0.33671875 0.0203125 0.025
0 0.28828125 0.2953125 0.0140625 0.0109375
0 0.45390625 0.31015625 0.015625 0.0203125
0 0.32734375 0.29921875 0.0109375 0.0140625
0 0.48828125 0.315625 0.015625 0.015625
0 0.365625 0.3046875 0.015625 0.015625
0 0.58515625 0.32421875 0.015625 0.0203125
0 0.640625 0.32890625 0.0203125 0.015625
0 0.91484375 0.353125 0.0203125 0.0203125
0 0.71640625 0.3375 0.0203125 0.0203125
0 0.975 0.36015625 0.0203125 0.0203125
0 0.384375 0.30859375 0.015625 0.015625
0 0.2328125 0.2953125 0.015625 0.0203125
0 0.2546875 0.3 0.015625 0.0203125
0 0.709375 0.33984375 0.015625 0.015625
0 0.3171875 0.30546875 0.015625 0.015625
0 0.35859375 0.31328125 0.015625 0.015625
0 0.5609375 0.33125 0.0203125 0.015625
0 0.67421875 0.34140625 0.0203125 0.0203125
0 0.28203125 0.30703125 0.0109375 0.0140625
0 0.43125 0.32265625 0.015625 0.015625
0 0.83828125 0.3578125 0.0203125 0.0203125
0 0.459375 0.32734375 0.015625 0.015625
0 0.29765625 0.31328125 0.015625 0.0203125
0 0.51953125 0.33203125 0.015625 0.015625
0 0.40625 0.32734375 0.015625 0.015625
0 0.8 0.36171875 0.0203125 0.0203125
0 0.66171875 0.3515625 0.0203125 0.025
0 0.209375 0.31484375 0.015625 0.015625
0 0.86875 0.37265625 0.025 0.025
0 0.2484375 0.3203125 0.0203125 0.0203125
0 0.475 0.33984375 0.015625 0.0203125
0 0.37265625 0.33125 0.015625 0.0203125
0 0.05703125 0.30390625 0.015625 0.015625
0 0.08515625 0.30625 0.015625 0.015625
0 0.76015625 0.36640625 0.0203125 0.025
0 0.709375 0.36484375 0.0203125 0.025
0 0.1859375 0.31875 0.0203125 0.0203125
0 0.26875 0.328125 0.0203125 0.0203125
0 0.2359375 0.328125 0.0203125 0.015625
0 0.40234375 0.34453125 0.01875 0.0109375
0 0.6390625 0.36796875 0.015625 0.0203125
0 0.82421875 0.384375 0.0203125 0.0203125
0 0.778125 0.3796875 0.015625 0.0203125
0 0.4359375 0.35 0.015625 0.0203125
0 0.5890625 0.36328125 0.0203125 0.0203125
0 0.153125 0.32734375 0.015625 0.015625
0 0.459375 0.3546875 0.0203125 0.0203125
0 0.28671875 0.3390625 0.015625 0.0203125
0 0.3421875 0.34453125 0.015625 0.015625
0 0.95703125 0.40078125 0.015625 0.025
0 0.6921875 0.37734375 0.0203125 0.0203125
0 0.5234375 0.36484375 0.0203125 0.015625
0 0.35546875 0.35 0.0203125 0.0203125
0 0.31328125 0.34609375 0.015625 0.0203125
0 0.203125 0.3390625 0.0203125 0.0203125
0 0.5625 0.3703125 0.015625 0.015625
0 0.940625 0.40390625 0.0203125 0.0203125
0 0.05 0.32578125 0.015625 0.0203125
0 0.5046875 0.365625 0.0203125 0.0203125
0 0.403125 0.359375 0.015625 0.015625
0 0.6265625 0.37890625 0.0203125 0.0203125
0 0.165625 0.34296875 0.0203125 0.025
0 0.234375 0.34921875 0.0203125 0.0203125
0 0.33125 0.35703125 0.0203125 0.0203125
0 0.46953125 0.36953125 0.015625 0.0203125
0 0.7 0.39453125 0.0203125 0.0203125
0 0.03828125 0.33671875 0.015625 0.015625
0 0.64921875 0.38984375 0.0203125 0.0203125
0 0.48984375 0.034375 0.0140625 0.0109375
0 0.29375 0.35859375 0.015625 0.015625
0 0.36484375 0.3671875 0.0203125 0.0203125
0 0.725 0.39921875 0.015625 0.0203125
0 0.91171875 0.41796875 0.0203125 0.0203125
0 0.4 0.37265625 0.015625 0.0203125
0 0.57734375 0.390625 0.0203125 0.025
0 0.26796875 0.36328125 0.015625 0.015625
0 0.184375 0.35625 0.0203125 0.0203125
0 0.5359375 0.3890625 0.0203125 0.0203125
0 0.7796875 0.41328125 0.025 0.025
0 0.49765625 0.38828125 0.0203125 0.015625
0 0.32265625 0.3734375 0.015625 0.0203125
0 0.45234375 0.384375 0.015625 0.0203125
0 0.35078125 0.378125 0.015625 0.0203125
0 0.7125 0.41171875 0.0203125 0.0203125
0 0.2 0.3671875 0.0203125 0.0203125
0 0.4390625 0.03203125 0.0140625 0.0109375
0 0.475 0.39375 0.0109375 0.01875
0 0.25546875 0.37421875 0.015625 0.0203125
0 0.41875 0.38828125 0.015625 0.015625
0 0.96796875 0.43671875 0.0203125 0.025
0 0.57109375 0.40390625 0.025 0.025
0 0.4828125 0.396875 0.015625 0.0203125
0 0.22578125 0.37421875 0.015625 0.015625
0 0.6421875 0.4125 0.0203125 0.0203125
0 0.39140625 0.390625 0.015625 0.0203125
0 0.434375 0.39453125 0.015625 0.0203125
0 0.5109375 0.4015625 0.0140625 0.0109375
0 0.6953125 0.41953125 0.0203125 0.0203125
0 0.86484375 0.440625 0.0203125 0.025
0 0.1578125 0.37890625 0.0109375 0.0140625
0 0.64140625 0.4234375 0.0203125 0.015625
0 0.35078125 0.40078125 0.015625 0.015625
0 0.0578125 0.375 0.015625 0.015625
0 0.55546875 0.41875 0.0203125 0.025
0 0.9296875 0.4515625 0.0203125 0.0203125
0 0.115625 0.3796875 0.0203125 0.0203125
0 0.30703125 0.396875 0.015625 0.0203125
0 0.82578125 0.4421875 0.0203125 0.0203125
0 0.74453125 0.4375 0.0203125 0.0203125
0 0.28828125 0.39765625 0.0203125 0.0203125
0 0.07578125 0.37890625 0.015625 0.0203125
0 0.165625 0.38671875 0.0203125 0.0203125
0 0.68203125 0.43203125 0.0203125 0.015625
0 0.5140625 0.41953125 0.015625 0.015625
0 0.53515625 0.421875 0.015625 0.0203125
0 0.19609375 0.3921875 0.015625 0.015625
0 0.37265625 0.409375 0.015625 0.0203125
0 0.22734375 0.396875 0.00625 0.0140625
0 0.44921875 0.41640625 0.015625 0.0203125
0 0.4125 0.41328125 0.0203125 0.025
0 0.57578125 0.42734375 0.0203125 0.025
0 0.48359375 0.421875 0.015625 0.0203125
0 0.13515625 0.39609375 0.0203125 0.015625