0 0.396875 0.13125 0.0796875 0.0875
0 0.28046875 0.15234375 0.065625 0.08125
0 0.1203125 0.1796875 0.059375 0.0671875
0 0.20390625 0.1703125 0.0640625 0.0765625
0 0.5171875 0.1375 0.06875 0.071875
0 0.92265625 0.08359375 0.053125 0.0890625
0 0.65078125 0.1234375 0.0671875 0.0953125
0 0.046875 0.25078125 0.0609375 0.08125
0 0.00625 0.27578125 0.0125 0.1015625
0 0.63359375 0.203125 0.0671875 0.090625
0 0.73984375 0.1921875 0.078125 0.109375
0 0.5171875 0.240625 0.0859375 0.0984375
0 0.12109375 0.3125 0.0828125 0.10625
0 0.25390625 0.29609375 0.0609375 0.0859375
0 0.44140625 0.284375 0.059375 0.0765625
0 0.953125 0.21484375 0.0234375 0.0703125
0 0.91484375 0.2734375 0.0828125 0.10625
0 0.340625 0.3984375 0.0765625 0.1015625
0 0.02890625 0.44453125 0.0578125 0.1046875
0 0.83515625 0.34296875 0.084375 0.09375
0 0.9546875 0.32890625 0.0625 0.09375
0 0.659375 0.37265625 0.0765625 0.1015625
0 0.4796875 0.4046875 0.078125 0.1046875
0 0.2375 0.54375 0.084375 0.115625
0 0.57890625 0.52578125 0.0921875 0.10625
0 0.60625 0.0390625 0.0625 0.078125
0 0.7375 0.51328125 0.090625 0.0984375
0 0.8515625 0.5109375 0.084375 0.115625
0 0.0328125 0.6359375 0.05 0.096875
0 0.4125 0.621875 0.1 0.13125
0 0.63984375 0.64609375 0.0875 0.10625
0 0.13203125 0.74375 0.0890625 0.125
0 0.915625 0.64765625 0.1078125 0.128125
0 0.07421875 0.1296875 0.05 0.075
0 0.7859375 0.73828125 0.0875 0.10625
0 0.296875 0.81796875 0.0953125 0.1296875
0 0.5140625 0.80390625 0.1 0.1359375
0 0.68203125 0.82734375 0.0984375 0.121875
0 0.83125 0.04765625 0.059375 0.0953125
0 0.78984375 0.0546875 0.0515625 0.084375