0 0.11015625 0.05 0.0390625 0.0265625
0 0.38984375 0.11796875 0.0375 0.053125
0 0.5078125 0.1078125 0.034375 0.0578125
0 0.478125 0.11328125 0.034375 0.0578125
0 0.4328125 0.12734375 0.0359375 0.0484375
0 0.0140625 0.171875 0.028125 0.053125
0 0.76015625 0.0953125 0.0375 0.0625
0 0.23125 0.15390625 0.0375 0.0625
0 0.26015625 0.03671875 0.0265625 0.0296875
0 0.53359375 0.13125 0.034375 0.0671875
0 0.80703125 0.10234375 0.0328125 0.053125
0 0.0390625 0.18515625 0.028125 0.0484375
0 0.840625 0.10859375 0.03125 0.071875
0 0.0625 0.19453125 0.034375 0.0578125
0 0.5765625 0.14296875 0.0421875 0.059375
0 0.55703125 0.1515625 0.0234375 0.053125
0 0.3453125 0.17578125 0.021875 0.025
0 0.31484375 0.1796875 0.025 0.0625
0 0.8703125 0.128125 0.0296875 0.0671875
0 0.3296875 0.1875 0.034375 0.0578125
0 0.93125 0.12421875 0.0484375 0.0359375
0 0.10234375 0.21328125 0.0390625 0.0671875
0 0.88984375 0.13515625 0.0328125 0.053125
0 0.621875 0.17265625 0.0375 0.053125
0 0.36484375 0.20703125 0.0484375 0.0734375
0 0.4 0.2171875 0.028125 0.053125
0 0.328125 0.0390625 0.028125 0.0484375
0 0.92734375 0.17578125 0.0484375 0.06875
0 0.5984375 0.21484375 0.0484375 0.0734375
0 0.66015625 0.2109375 0.04375 0.06875
0 0.29375 0.0421875 0.028125 0.0484375
0 0.4328125 0.23671875 0.0484375 0.0734375
0 0.16640625 0.26953125 0.0328125 0.053125
0 0.690625 0.21640625 0.034375 0.0671875
0 0.725 0.225 0.0375 0.0625
0 0.0609375 0.06953125 0.0328125 0.053125
0 0.346875 0.0390625 0.0234375 0.0484375
0 0.4765625 0.253125 0.0484375 0.06875
0 0.5140625 0.25625 0.0453125 0.05
0 0.20546875 0.2890625 0.025 0.0671875
0 0.19921875 0.296875 0.0234375 0.0484375
0 0.00625 0.3171875 0.0125 0.053125
0 0.753125 0.2453125 0.034375 0.0671875
0 0.2328125 0.3046875 0.0375 0.0625
0 0.259375 0.30859375 0.025 0.0578125
0 0.45234375 0.290625 0.0390625 0.0671875
0 0.284375 0.3125 0.0390625 0.03125
0 0.91171875 0.00703125 0.0421875 0.0140625
0 0.36796875 0.04140625 0.0375 0.0578125
0 0.77578125 0.26796875 0.0453125 0.0875
0 0.81328125 0.26875 0.0484375 0.078125
0 0.51796875 0.3 0.0484375 0.0734375
0 0.0703125 0.34921875 0.0390625 0.021875
0 0.6046875 0.0234375 0.0375 0.046875
0 0.84375 0.29453125 0.0484375 0.078125
0 0.5609375 0.32890625 0.0390625 0.071875
0 0.2875 0.36171875 0.028125 0.053125
0 0.8796875 0.30234375 0.0265625 0.071875
0 0.33359375 0.3609375 0.0421875 0.0640625
0 0.56953125 0.33671875 0.0390625 0.0765625
0 0.07734375 0.39765625 0.0375 0.0625
0 0.896875 0.3140625 0.04375 0.06875
0 0.05703125 0.4046875 0.021875 0.0390625
0 0.590625 0.3484375 0.034375 0.0671875
0 0.1078125 0.4015625 0.0296875 0.0625
0 0.61953125 0.3546875 0.0390625 0.0765625
0 0.93984375 0.3234375 0.034375 0.0671875
0 0.3078125 0.39453125 0.034375 0.0625
0 0.40859375 0.38828125 0.046875 0.0640625
0 0.12890625 0.425 0.03125 0.0765625
0 0.65 0.37734375 0.04375 0.078125
0 0.965625 0.346875 0.0484375 0.0734375
0 0.1484375 0.4375 0.0421875 0.0640625
0 0.68671875 0.39609375 0.0484375 0.0734375
0 0.75546875 0.40078125 0.0484375 0.0734375
0 0.725 0.40625 0.0390625 0.071875
0 0.18984375 0.46953125 0.0375 0.0578125
0 0.640625 0.02734375 0.034375 0.0546875
0 0.2234375 0.48515625 0.034375 0.0578125
0 0.475 0.4609375 0.025 0.0671875
0 0.453125 0.47265625 0.034375 0.0671875
0 0.11875 0.0859375 0.0296875 0.0578125
0 0.49296875 0.475 0.025 0.0671875
0 0.01796875 0.534375 0.0359375 0.053125
0 0.575 0.4828125 0.053125 0.028125
0 0.2625 0.5203125 0.0328125 0.053125
0 0.51640625 0.50078125 0.0484375 0.06875
0 0.77421875 0.4734375 0.0484375 0.0734375
0 0.32109375 0.52109375 0.0375 0.0171875
0 0.28828125 0.52734375 0.0421875 0.0546875
0 0.8109375 0.471875 0.05 0.0828125
0 0.01640625 0.5671875 0.0296875 0.0671875
0 0.86953125 0.49375 0.0484375 0.0734375
0 0.934375 0.02265625 0.03125 0.0453125
0 0.5796875 0.528125 0.046875 0.0546875
0 0.0734375 0.584375 0.03125 0.08125
0 0.3265625 0.5578125 0.0203125 0.05625
0 0.1421875 0.08828125 0.025 0.0578125
0 0.91953125 0.5046875 0.0390625 0.0765625
0 0.06328125 0.596875 0.0234375 0.053125
0 0.97265625 0.51484375 0.0546875 0.0609375
0 0.37421875 0.58515625 0.0421875 0.0640625
0 0.10390625 0.6140625 0.0484375 0.06875
0 0.3421875 0.59375 0.03125 0.071875
0 0.6078125 0.575 0.034375 0.0578125
0 0.63671875 0.58046875 0.0390625 0.0671875
0 0.66640625 0.58203125 0.03125 0.071875
0 0.403125 0.6171875 0.04375 0.078125
0 0.1609375 0.65703125 0.0390625 0.071875
0 0.44140625 0.6296875 0.0390625 0.0671875
0 0.70078125 0.0390625 0.0296875 0.0671875
0 0.6640625 0.04296875 0.034375 0.0625
0 0.70234375 0.609375 0.0484375 0.078125
0 0.97890625 0.58125 0.0421875 0.06875
0 0.20078125 0.66640625 0.059375 0.046875
0 0.46796875 0.65703125 0.0203125 0.065625
0 0.48828125 0.65546875 0.046875 0.0640625
0 0.75859375 0.63515625 0.034375 0.0671875
0 0.796875 0.63828125 0.046875 0.059375
0 0.15546875 0.10078125 0.025 0.0578125
0 0.20234375 0.703125 0.0484375 0.0359375
0 0.0421875 0.7484375 0.04375 0.06875
0 0.24453125 0.72734375 0.046875 0.0640625
0 0.4984375 0.7078125 0.04375 0.06875
0 0.21328125 0.7578125 0.059375 0.0515625
0 0.8390625 0.69453125 0.0546875 0.0875
0 0.78671875 0.7 0.0484375 0.078125
0 0.03671875 0.05546875 0.025 0.021875
0 0.175 0.10625 0.028125 0.053125
0 0.33671875 0.76171875 0.06875 0.04375
0 0.04921875 0.79609375 0.046875 0.0546875
0 0.58125 0.740625 0.0484375 0.078125
0 0.5453125 0.75390625 0.04375 0.06875
0 0.62421875 0.7546875 0.0484375 0.0734375
0 0.08828125 0.81328125 0.053125 0.0328125
0 0.22578125 0.103125 0.040625 0.0359375
0 0.22421875 0.81953125 0.046875 0.0640625
0 0.3390625 0.81015625 0.0390625 0.0765625
0 0.09921875 0.84921875 0.0484375 0.0359375
0 0.05390625 0.8609375 0.04375 0.078125
0 0.890625 0.7875 0.0546875 0.0421875
0 0.378125 0.84609375 0.0578125 0.075
0 0.59765625 0.834375 0.0578125 0.0796875
0 0.428125 0.85390625 0.053125 0.0328125
0 0.15390625 0.8875 0.0578125 0.034375
0 0.1109375 0.89453125 0.04375 0.078125
0 0.90859375 0.8203125 0.0453125 0.0453125
0 0.44296875 0.8828125 0.0546875 0.0515625
0 0.171875 0.92109375 0.0640625 0.046875
0 0.4765625 0.89609375 0.071875 0.0390625
0 0.909375 0.85078125 0.04375 0.0234375
0 0.71015625 0.06640625 0.034375 0.0625
0 0.20234375 0.1234375 0.025 0.0578125
0 0.00390625 0.14765625 0.0078125 0.0484375
0 0.7328125 0.075 0.025 0.0671875