0 0.340625 0.13125 0.0296875 0.0359375
0 0.56640625 0.08828125 0.0375 0.0515625
0 0.29765625 0.15 0.034375 0.0421875
0 0.84140625 0.03671875 0.0390625 0.0421875
0 0.45078125 0.12265625 0.034375 0.0421875
0 0.8015625 0.04765625 0.040625 0.046875
0 0.146875 0.1890625 0.040625 0.046875
0 0.4734375 0.11953125 0.0234375 0.03125
0 0.25859375 0.165625 0.0359375 0.046875
0 0.5296875 0.1078125 0.0359375 0.046875
0 0.36796875 0.14453125 0.03125 0.040625
0 0.69453125 0.07734375 0.040625 0.046875
0 0.08046875 0.21796875 0.0359375 0.046875
0 0.42890625 0.15546875 0.0359375 0.046875
0 0.47734375 0.14765625 0.040625 0.046875
0 0.02890625 0.2734375 0.034375 0.0421875
0 0.1421875 0.2515625 0.040625 0.046875
0 0.26640625 0.225 0.0421875 0.05625
0 0.18046875 0.24375 0.0359375 0.046875
0 0.315625 0.221875 0.034375 0.0421875
0 0.5484375 0.17265625 0.034375 0.0421875
0 0.6484375 0.1515625 0.034375 0.0421875
0 0.22265625 0.24453125 0.03125 0.040625
0 0.74140625 0.13359375 0.0359375 0.046875
0 0.3546875 0.21875 0.03125 0.0453125
0 0.79765625 0.13125 0.0375 0.0515625
0 0.61015625 0.171875 0.0375 0.0515625
0 0.4109375 0.234375 0.0375 0.0515625
0 0.115625 0.32890625 0.040625 0.046875
0 0.14765625 0.32421875 0.0359375 0.046875
0 0.49765625 0.2546875 0.034375 0.0375
0 0.23359375 0.315625 0.034375 0.0421875
0 0.20234375 0.32421875 0.0375 0.0375
0 0.01328125 0.36484375 0.0265625 0.0453125
0 0.52890625 0.25546875 0.0359375 0.046875
0 0.68984375 0.22578125 0.040625 0.046875
0 0.30546875 0.309375 0.0453125 0.053125
0 0.2765625 0.315625 0.03125 0.040625
0 0.5984375 0.25 0.0375 0.0515625
0 0.66640625 0.23515625 0.0421875 0.05625
0 0.33828125 0.30546875 0.0296875 0.0359375
0 0.05078125 0.36875 0.028125 0.0328125
0 0.37734375 0.3015625 0.0375 0.0375
0 0.57890625 0.26015625 0.03125 0.040625
0 0.85546875 0.215625 0.040625 0.046875
0 0.9203125 0.209375 0.0390625 0.0421875
0 0.940625 0.21484375 0.028125 0.053125
0 0.003125 0.415625 0.00625 0.028125
0 0.3703125 0.3359375 0.040625 0.046875
0 0.8171875 0.24375 0.0359375 0.046875
0 0.4828125 0.31640625 0.034375 0.0421875
0 0.3359375 0.35234375 0.03125 0.040625
0 0.05 0.41875 0.040625 0.046875
0 0.22890625 0.38046875 0.028125 0.028125
0 0.4546875 0.33203125 0.034375 0.0421875
0 0.25234375 0.38515625 0.0453125 0.053125
0 0.18125 0.40234375 0.0359375 0.046875
0 0.60078125 0.315625 0.040625 0.0515625
0 0.14140625 0.4171875 0.0359375 0.046875
0 0.53828125 0.3328125 0.0359375 0.046875
0 0.096875 0.42890625 0.0375 0.05625
0 0.640625 0.315625 0.03125 0.0453125
0 0.5609375 0.3375 0.0359375 0.046875
0 0.75078125 0.30234375 0.0359375 0.046875
0 0.78203125 0.3 0.0359375 0.046875
0 0.709375 0.31796875 0.040625 0.0515625
0 0.6625 0.33046875 0.040625 0.046875
0 0.0125 0.4734375 0.025 0.0375
0 0.184375 0.4515625 0.0375 0.0515625
0 0.50078125 0.39140625 0.040625 0.0515625
0 0.21328125 0.4546875 0.0203125 0.0296875
0 0.3109375 0.43359375 0.040625 0.0515625
0 0.10078125 0.48125 0.034375 0.0421875
0 0.02421875 0.50234375 0.040625 0.046875
0 0.40078125 0.42421875 0.034375 0.0421875
0 0.04765625 0.49921875 0.03125 0.0453125
0 0.0796875 0.52578125 0.040625 0.0515625
0 0.18359375 0.10078125 0.0328125 0.0328125
0 0.1953125 0.503125 0.0234375 0.0265625
0 0.30625 0.4796875 0.021875 0.021875
0 0.15234375 0.51484375 0.0375 0.05625
0 0.26484375 0.49296875 0.0234375 0.03125
0 0.3671875 0.4765625 0.03125 0.040625
0 0.1296875 0.52890625 0.0359375 0.046875
0 0.471875 0.45625 0.0375 0.0515625
0 0.3953125 0.475 0.034375 0.0375
0 0.1828125 0.5203125 0.034375 0.0421875
0 0.271875 0.50390625 0.0328125 0.05
0 0.8890625 0.37265625 0.034375 0.0421875
0 0.22421875 0.51640625 0.03125 0.0453125
0 0.559375 0.02421875 0.0375 0.0484375
0 0.5734375 0.44453125 0.0359375 0.046875
0 0.31640625 0.50390625 0.0359375 0.046875
0 0.83984375 0.3953125 0.040625 0.0515625
0 0.01640625 0.58359375 0.028125 0.0484375
0 0.371875 0.53203125 0.0421875 0.05625
0 0.79296875 0.4421875 0.0328125 0.0328125
0 0.50390625 0.50625 0.0375 0.0515625
0 0.46171875 0.51796875 0.0421875 0.05625
0 0.1984375 0.5734375 0.0296875 0.0359375
0 0.5578125 0.50703125 0.0359375 0.046875
0 0.01015625 0.14765625 0.0203125 0.0453125
0 0.59375 0.50625 0.0390625 0.0421875
0 0.75 0.47578125 0.0359375 0.046875
0 0.659375 0.49453125 0.040625 0.0515625
0 0.7078125 0.484375 0.040625 0.0515625
0 0.63515625 0.50234375 0.0421875 0.05625
0 0.78984375 0.4734375 0.0359375 0.046875
0 0.83671875 0.46875 0.0359375 0.046875
0 0.3484375 0.58671875 0.0375 0.05625
0 0.45390625 0.57109375 0.0328125 0.0328125
0 0.0640625 0.65625 0.034375 0.0421875
0 0.11015625 0.65625 0.03125 0.0453125
0 0.1578125 0.6484375 0.0359375 0.046875
0 0.50234375 0.578125 0.0359375 0.046875
0 0.40859375 0.60234375 0.040625 0.046875
0 0.646875 0.5546875 0.0375 0.0515625
0 0.4578125 0.05703125 0.0359375 0.046875
0 0.46953125 0.59921875 0.040625 0.0515625
0 0.61328125 0.56875 0.0421875 0.05625
0 0.54609375 0.5828125 0.03125 0.0453125
0 0.75703125 0.540625 0.040625 0.046875
0 0.68359375 0.5625 0.0421875 0.05625
0 0.93359375 0.51640625 0.04375 0.0484375
0 0.98671875 0.50625 0.0265625 0.05625
0 0.078125 0.1421875 0.03125 0.040625
0 0.5015625 0.05234375 0.025 0.0359375
0 0.10625 0.70703125 0.028125 0.0328125
0 0.1546875 0.7015625 0.0375 0.0515625
0 0.18046875 0.0640625 0.021875 0.0171875
0 0.06796875 0.7265625 0.040625 0.046875
0 0.628125 0.61484375 0.034375 0.0375
0 0.215625 0.71015625 0.05 0.053125
0 0.5328125 0.6421875 0.0359375 0.046875
0 0.95625 0.5546875 0.0359375 0.046875
0 0.75 0.0109375 0.034375 0.021875
0 0.6078125 0.62890625 0.0359375 0.046875
0 0.56796875 0.6421875 0.0375 0.0515625
0 0.70390625 0.61328125 0.0328125 0.05
0 0.89453125 0.575 0.03125 0.040625
0 0.740625 0.6078125 0.0359375 0.046875
0 0.25859375 0.71171875 0.034375 0.0421875
0 0.3046875 0.7046875 0.0296875 0.0359375
0 0.4203125 0.68203125 0.034375 0.0421875
0 0.93671875 0.57265625 0.0375 0.05625
0 0.77578125 0.60703125 0.0359375 0.046875
0 0.91875 0.58828125 0.04375 0.065625
0 0.99375 0.57890625 0.0125 0.0515625
0 0.83828125 0.621875 0.034375 0.0375
0 0.0296875 0.16015625 0.0359375 0.046875
0 0.20078125 0.76015625 0.040625 0.0515625
0 0.08671875 0.784375 0.0359375 0.046875
0 0.40234375 0.71953125 0.03125 0.0453125
0 0.31328125 0.74609375 0.034375 0.0421875
0 0.6953125 0.66953125 0.04375 0.0484375
0 0.49375 0.71484375 0.0359375 0.046875
0 0.528125 0.709375 0.03125 0.0453125
0 0.56953125 0.703125 0.040625 0.046875
0 0.4453125 0.7296875 0.0359375 0.046875
0 0.35859375 0.7484375 0.0359375 0.046875
0 0.82578125 0.65390625 0.0359375 0.046875
0 0.609375 0.70390625 0.034375 0.0421875
0 0.64609375 0.6984375 0.0359375 0.046875
0 0.734375 0.6796875 0.0359375 0.046875
0 0.78671875 0.66796875 0.0359375 0.046875
0 0.85390625 0.6609375 0.0359375 0.046875
0 0.0765625 0.8453125 0.0375 0.0515625
0 0.4890625 0.76015625 0.021875 0.04375
0 0.33984375 0.79453125 0.0296875 0.0359375
0 0.1875 0.83203125 0.0375 0.05625
0 0.44609375 0.77890625 0.0359375 0.0296875
0 0.553125 0.7609375 0.040625 0.0515625
0 0.24140625 0.8296875 0.040625 0.046875
0 0.50390625 0.77421875 0.034375 0.0421875
0 0.8953125 0.69296875 0.04375 0.0484375
0 0.2921875 0.82578125 0.0234375 0.03125
0 0.64453125 0.75390625 0.040625 0.0515625
0 0.365625 0.81328125 0.040625 0.046875
0 0.73359375 0.74375 0.040625 0.046875
0 0.44453125 0.8046875 0.0359375 0.046875
0 0.6109375 0.7765625 0.0421875 0.0390625
0 0.82421875 0.73125 0.0359375 0.046875
0 0.6796875 0.7671875 0.034375 0.0421875
0 0.17265625 0.875 0.040625 0.046875
0 0.77421875 0.7515625 0.046875 0.0625
0 0.4015625 0.8359375 0.0296875 0.0359375
0 0.91953125 0.72578125 0.046875 0.0578125
0 0.86328125 0.73984375 0.0375 0.05625
0 0.9703125 0.71953125 0.040625 0.0515625
0 0.5296875 0.81796875 0.0359375 0.046875
0 0.60390625 0.80234375 0.0296875 0.0359375
0 0.3234375 0.87109375 0.028125 0.0328125
0 0.23359375 0.89765625 0.040625 0.046875
0 0.29140625 0.8875 0.040625 0.046875
0 0.9828125 0.74453125 0.034375 0.0609375
0 0.4234375 0.86484375 0.0375 0.0515625
0 0.66328125 0.81328125 0.0375 0.0515625
0 0.0953125 0.934375 0.0375 0.05625
0 0.73203125 0.8015625 0.03125 0.0453125
0 0.7078125 0.8078125 0.025 0.0359375
0 0.37265625 0.89375 0.0375 0.0515625
0 0.6078125 0.84375 0.0359375 0.046875
0 0.92421875 0.78125 0.0390625 0.0421875
0 0.85 0.796875 0.046875 0.0625
0 0.58046875 0.86875 0.0359375 0.046875
0 0.884375 0.80390625 0.0515625 0.0578125
0 0.96640625 0.7890625 0.0375 0.0515625
0 0.93046875 0.8015625 0.0484375 0.04375
0 0.99296875 0.7953125 0.0140625 0.028125
0 0.33515625 0.9375 0.0328125 0.0328125