0 0.12109375 0.0765625 0.0234375 0.0265625
0 0.55625 0.08515625 0.021875 0.021875
0 0.65859375 0.065625 0.0296875 0.0359375
0 0.40859375 0.1140625 0.025 0.034375
0 0.34296875 0.1296875 0.0296875 0.0359375
0 0.27265625 0.1453125 0.0296875 0.0359375
0 0.434375 0.1140625 0.0296875 0.01875
0 0.68984375 0.0671875 0.040625 0.0515625
0 0.89609375 0.02890625 0.0359375 0.05
0 0.3671875 0.13203125 0.01875 0.025
0 0.13125 0.18046875 0.025 0.01875
0 0.2 0.16875 0.025 0.034375
0 0.31796875 0.14609375 0.0203125 0.0171875
0 0.290625 0.1515625 0.03125 0.0453125
0 0.72265625 0.06953125 0.0296875 0.01875
0 0.840625 0.046875 0.03125 0.0453125
0 0.49609375 0.1140625 0.0328125 0.0328125
0 0.8734375 0.04296875 0.0359375 0.05
0 0.09375 0.196875 0.034375 0.0203125
0 0.08671875 0.08515625 0.021875 0.021875
0 0.24453125 0.16796875 0.0296875 0.040625
0 0.17421875 0.18359375 0.0375 0.0375
0 0.5828125 0.10390625 0.03125 0.0453125
0 0.05625 0.20859375 0.025 0.034375
0 0.38671875 0.14453125 0.0296875 0.0359375
0 0.5359375 0.115625 0.040625 0.0515625
0 0.79375 0.0703125 0.040625 0.05625
0 0.03125 0.22109375 0.025 0.034375
0 0.3171875 0.165625 0.0203125 0.0390625
0 0.4421875 0.14140625 0.025 0.0390625
0 0.64296875 0.1046875 0.0203125 0.034375
0 0.265625 0.18046875 0.0203125 0.034375
0 0.47421875 0.13984375 0.03125 0.0453125
0 0.42265625 0.15 0.03125 0.0453125
0 0.7453125 0.0890625 0.03125 0.0453125
0 0.57109375 0.1234375 0.025 0.0390625
0 0.3640625 0.165625 0.0296875 0.0359375
0 0.14453125 0.2109375 0.0359375 0.0453125
0 0.66484375 0.11015625 0.025 0.034375
0 0.51796875 0.140625 0.0328125 0.0328125
0 0.28125 0.1890625 0.03125 0.0453125
0 0.23125 0.19921875 0.0359375 0.0453125
0 0.39765625 0.16640625 0.0296875 0.0359375
0 0.634375 0.12421875 0.0375 0.059375
0 0.34375 0.18359375 0.03125 0.05
0 0.70859375 0.11484375 0.03125 0.0453125
0 0.728125 0.1109375 0.0328125 0.0546875
0 0.1171875 0.2296875 0.0359375 0.05
0 0.49921875 0.15546875 0.03125 0.05
0 0.6078125 0.134375 0.0359375 0.0453125
0 0.878125 0.0890625 0.0390625 0.046875
0 0.0140625 0.2640625 0.028125 0.040625
0 0.18046875 0.253125 0.040625 0.0515625
0 0.84609375 0.12421875 0.05 0.0578125
0 0.4171875 0.20703125 0.0359375 0.05
0 0.896875 0.1140625 0.0453125 0.0515625
0 0.015625 0.28828125 0.03125 0.0296875
0 0.6859375 0.16015625 0.0265625 0.0484375
0 0.0609375 0.28125 0.040625 0.05625
0 0.378125 0.2265625 0.0390625 0.046875
0 0.79375 0.14609375 0.04375 0.046875
0 0.73125 0.1609375 0.0328125 0.0328125
0 0.6015625 0.18828125 0.0359375 0.05
0 0.64296875 0.18046875 0.040625 0.0515625
0 0.11171875 0.2859375 0.0390625 0.0421875
0 0.76015625 0.1640625 0.0421875 0.0609375
0 0.0078125 0.3140625 0.015625 0.0375
0 0.82734375 0.15546875 0.040625 0.0515625
0 0.54921875 0.209375 0.0328125 0.028125
0 0.57890625 0.20390625 0.034375 0.0421875
0 0.0296875 0.3125 0.0375 0.0546875
0 0.50078125 0.2234375 0.0421875 0.0609375
0 0.165625 0.29375 0.040625 0.05625
0 0.7265625 0.18671875 0.0453125 0.0515625
0 0.28671875 0.275 0.0421875 0.0609375
0 0.88671875 0.1609375 0.0421875 0.0609375
0 0.67734375 0.2015625 0.04375 0.04375
0 0.2390625 0.2890625 0.0421875 0.0609375
0 0.2015625 0.2984375 0.040625 0.0515625
0 0.390625 0.2640625 0.040625 0.0515625
0 0.14296875 0.31484375 0.0484375 0.0484375
0 0.00859375 0.34296875 0.0171875 0.0515625
0 0.9296875 0.1640625 0.0375 0.059375
0 0.11015625 0.32578125 0.0328125 0.028125
0 0.63125 0.2296875 0.034375 0.0375
0 0.06328125 0.3421875 0.0375 0.0546875
0 0.26328125 0.303125 0.0203125 0.034375
0 0.60234375 0.2375 0.034375 0.0421875
0 0.82109375 0.19765625 0.046875 0.065625
0 0.55546875 0.2515625 0.0421875 0.0609375
0 0.328125 0.2953125 0.0359375 0.0453125
0 0.859375 0.2015625 0.0515625 0.084375
0 0.5125 0.27578125 0.04375 0.04375
0 0.43515625 0.290625 0.0453125 0.0515625
0 0.7203125 0.2375 0.0375 0.059375
0 0.634375 0.25703125 0.034375 0.0375
0 0.75234375 0.2359375 0.040625 0.06875
0 0.103125 0.3625 0.0375 0.0546875
0 0.57578125 0.2703125 0.0328125 0.059375
0 0.68984375 0.25078125 0.040625 0.05625
0 0.771875 0.23671875 0.0265625 0.0484375
0 0.1546875 0.359375 0.0515625 0.0671875
0 0.38125 0.315625 0.040625 0.0515625
0 0.65 0.265625 0.028125 0.053125
0 0.025 0.38671875 0.0328125 0.0328125
0 0.05390625 0.3859375 0.0421875 0.0609375
0 0.60234375 0.284375 0.03125 0.05
0 0.26328125 0.35 0.05 0.0578125
0 0.35234375 0.3328125 0.0328125 0.059375
0 0.6296875 0.28125 0.0515625 0.0625
0 0.22109375 0.36328125 0.053125 0.071875
0 0.33203125 0.3515625 0.0421875 0.065625
0 0.4484375 0.33359375 0.0375 0.059375
0 0.73359375 0.2828125 0.046875 0.04375
0 0.009375 0.4296875 0.01875 0.028125
0 0.4734375 0.340625 0.046875 0.0609375
0 0.54296875 0.33203125 0.0453125 0.05625
0 0.2546875 0.0734375 0.021875 0.021875
0 0.5875 0.33203125 0.0515625 0.0671875
0 0.3921875 0.36953125 0.05 0.053125
0 0.0546875 0.11484375 0.021875 0.021875
0 0.00546875 0.4625 0.0109375 0.028125
0 0.5640625 0.353125 0.025 0.034375
0 0.13984375 0.44296875 0.0453125 0.075
0 0.6515625 0.3453125 0.0359375 0.0296875
0 0.43359375 0.38828125 0.0421875 0.0390625
0 0.68984375 0.3453125 0.034375 0.0203125
0 0.54609375 0.3734375 0.034375 0.0421875
0 0.74921875 0.3359375 0.046875 0.065625
0 0.08984375 0.4640625 0.0359375 0.05
0 0.06875 0.478125 0.040625 0.05625
0 0.3484375 0.42578125 0.0453125 0.0515625
0 0.496875 0.396875 0.046875 0.04375
0 0.95703125 0.31484375 0.0375 0.08125
0 0.6640625 0.3734375 0.028125 0.028125
0 0.2984375 0.44453125 0.053125 0.071875
0 0.04140625 0.49453125 0.0484375 0.0703125
0 0.5671875 0.39453125 0.0296875 0.0625
0 0.01953125 0.50390625 0.0390625 0.0609375
0 0.89453125 0.3359375 0.0609375 0.046875
0 0.45390625 0.42109375 0.0484375 0.0484375
0 0.4109375 0.43203125 0.05 0.075
0 0.84921875 0.35390625 0.0546875 0.0765625
0 0.23359375 0.4765625 0.05625 0.0671875
0 0.54296875 0.41640625 0.0625 0.078125
0 0.7125 0.39296875 0.0546875 0.08125
0 0.18828125 0.496875 0.046875 0.0609375
0 0.509375 0.4390625 0.0390625 0.0421875
0 0.3546875 0.46953125 0.0546875 0.059375
0 0.6515625 0.41875 0.0546875 0.08125
0 0.83828125 0.38515625 0.040625 0.06875
0 0.81875 0.39140625 0.0453125 0.075
0 0.7640625 0.41171875 0.05 0.0578125
0 0.23203125 0.51953125 0.040625 0.0296875
0 0.59765625 0.01875 0.028125 0.0328125
0 0.11015625 0.54453125 0.0578125 0.071875
0 0.48515625 0.47421875 0.06875 0.0828125
0 0.034375 0.13046875 0.0234375 0.03125
0 0.03671875 0.57109375 0.0453125 0.075
0 0.9078125 0.4015625 0.06875 0.0875
0 0.071875 0.56640625 0.053125 0.071875
0 0.2140625 0.54375 0.0453125 0.0359375
0 0.6046875 0.46796875 0.0421875 0.0609375
0 0.08203125 0.12109375 0.01875 0.025
0 0.34765625 0.5296875 0.0640625 0.0828125
0 0.2546875 0.55 0.0375 0.034375
0 0.6140625 0.0203125 0.01875 0.025
0 0.18515625 0.10390625 0.021875 0.021875
0 0.0234375 0.60703125 0.0359375 0.06875
0 0.19765625 0.58046875 0.05 0.0578125
0 0.403125 0.06328125 0.0234375 0.0265625
0 0.0078125 0.13984375 0.015625 0.0296875
0 0.45703125 0.54609375 0.0640625 0.0828125
0 0.6375 0.01796875 0.0234375 0.03125
0 0.0609375 0.1328125 0.0296875 0.0140625
0 0.5578125 0.53359375 0.046875 0.04375
0 0.61640625 0.52890625 0.0546875 0.0546875
0 0.23359375 0.60625 0.053125 0.09375
0 0.73359375 0.515625 0.06875 0.0828125
0 0.32109375 0.60078125 0.05 0.1015625
0 0.5546875 0.0390625 0.0296875 0.0359375
0 0.19375 0.62578125 0.06875 0.0828125
0 0.51328125 0.046875 0.0328125 0.028125
0 0.2890625 0.6265625 0.065625 0.0921875
0 0.13671875 0.6578125 0.0515625 0.0890625
0 0.8 0.00625 0.034375 0.0125
0 0.07578125 0.6703125 0.059375 0.08125
0 0.48203125 0.05546875 0.021875 0.021875
0 0.58515625 0.584375 0.05 0.075
0 0.4265625 0.6296875 0.08125 0.0984375
0 0.08671875 0.134375 0.021875 0.021875
0 0.39296875 0.64296875 0.04375 0.0703125
0 0.3890625 0.07578125 0.0234375 0.0265625
0 0.6734375 0.0203125 0.0328125 0.0328125
0 0.7390625 0.5859375 0.0734375 0.0890625
0 0.5296875 0.6265625 0.06875 0.1046875
0 0.228125 0.109375 0.01875 0.0296875
0 0.6390625 0.621875 0.0734375 0.084375
0 0.8625 0.58046875 0.078125 0.1109375
0 0.975 0.5703125 0.05 0.06875
0 0.0515625 0.76640625 0.0328125 0.08125
0 0.5953125 0.04296875 0.025 0.034375
0 0.5046875 0.0609375 0.028125 0.028125
0 0.99140625 0.6 0.0171875 0.04375
0 0.25390625 0.7484375 0.059375 0.08125
0 0.7046875 0.02421875 0.0234375 0.0265625
0 0.75625 0.6671875 0.1015625 0.1375
0 0.4453125 0.73671875 0.065625 0.0703125
0 0.13671875 0.134375 0.0234375 0.0265625
0 0.5859375 0.046875 0.025 0.034375
0 0.696875 0.69765625 0.10625 0.1390625
0 0.071875 0.08125 0.0171875 0.0171875
0 0.39921875 0.01953125 0.0265625 0.0234375
0 0.103125 0.14375 0.0234375 0.03125
0 0.840625 0.67421875 0.0875 0.1125
0 0.18125 0.80234375 0.0890625 0.096875
0 0.4984375 0.7453125 0.078125 0.10625
0 0.06875 0.15 0.0234375 0.0265625
0 0.3140625 0.79296875 0.0796875 0.09375
0 0.98671875 0.6765625 0.0265625 0.115625
0 0.4015625 0.08984375 0.0265625 0.0234375
0 0.10390625 0.8765625 0.08125 0.0984375
0 0.43671875 0.81640625 0.08125 0.1296875
0 0.2671875 0.85390625 0.0734375 0.0890625
0 0.38359375 0.83359375 0.0796875 0.09375
0 0.471875 0.07890625 0.0234375 0.0265625
0 0.35859375 0.10078125 0.01875 0.025
0 0.56015625 0.81171875 0.084375 0.1171875
0 0.62109375 0.05234375 0.034375 0.0375
0 0.77265625 0.02265625 0.025 0.01875
0 0.8421875 0.01171875 0.028125 0.0234375
0 0.9359375 0.76640625 0.0828125 0.1125
0 0.86796875 0.79375 0.090625 0.1046875
0 0.728125 0.8375 0.0984375 0.0765625
0 0.46015625 0.89921875 0.0859375 0.0609375
0 0.62734375 0.87890625 0.06875 0.0359375
0 0.328125 0.93671875 0.071875 0.03125
0 0.3765625 0.10703125 0.0234375 0.03125
0 0.28125 0.04296875 0.021875 0.021875
0 0.02109375 0.18046875 0.028125 0.0328125
0 0.72265625 0.04375 0.0234375 0.03125
0 0.81171875 0.0265625 0.025 0.034375
0 0.50078125 0.0890625 0.0328125 0.0328125
0 0.09296875 0.16875 0.025 0.034375
0 0.7828125 0.03671875 0.034375 0.025
0 0.209375 0.1484375 0.0234375 0.0265625
0 0.23046875 0.14453125 0.0203125 0.0171875
0 0.1234375 0.16484375 0.0203125 0.0171875
0 0.4640625 0.0984375 0.0328125 0.0328125
0 0.14453125 0.16328125 0.0234375 0.0265625
0 0.71015625 0.053125 0.0265625 0.0484375