0 0.2125 0.05234375 0.0421875 0.0609375
0 0.5859375 0.13203125 0.034375 0.0421875
0 0.80078125 0.1765625 0.03125 0.0453125
0 0.253125 0.07265625 0.03125 0.0234375
0 0.96171875 0.22421875 0.0359375 0.0453125
0 0.74296875 0.18203125 0.0390625 0.046875
0 0.43828125 0.00703125 0.0421875 0.0140625
0 0.434375 0.13359375 0.040625 0.0515625
0 0.9 0.2265625 0.0359375 0.0453125
0 0.25078125 0.10703125 0.0453125 0.0515625
0 0.90859375 0.08671875 0.034375 0.0375
0 0.5734375 0.18203125 0.0359375 0.0453125
0 0.625 0.20859375 0.0359375 0.0453125
0 0.9671875 0.27734375 0.0328125 0.0546875
0 0.38125 0.17734375 0.0453125 0.05625
0 0.97734375 0.10703125 0.0453125 0.0515625
0 0.321875 0.178125 0.0390625 0.046875
0 0.58984375 0.253125 0.0375 0.0546875
0 0.9265625 0.32109375 0.0453125 0.05625
0 0.7265625 0.06328125 0.0296875 0.0359375
0 0.65859375 0.28828125 0.040625 0.05625
0 0.828125 0.32578125 0.046875 0.0609375
0 0.6671875 0.0515625 0.0359375 0.0453125
0 0.521875 0.278125 0.040625 0.0515625
0 0.50703125 0.02265625 0.0359375 0.0453125
0 0.19921875 0.22890625 0.0546875 0.059375
0 0.1296875 0.22265625 0.0453125 0.0515625
0 0.3328125 0.2671875 0.0421875 0.0609375
0 0.48125 0.34296875 0.0515625 0.0625
0 0.92890625 0.11171875 0.0359375 0.05
0 0.115625 0.28359375 0.0515625 0.0671875
0 0.8140625 0.4359375 0.040625 0.05625
0 0.57421875 0.04453125 0.03125 0.0453125
0 0.38515625 0.015625 0.0265625 0.03125
0 0.4109375 0.0203125 0.0375 0.040625
0 0.60078125 0.42109375 0.0515625 0.0671875
0 0.45390625 0.42265625 0.040625 0.0515625
0 0.97734375 0.52734375 0.0453125 0.0671875
0 0.4484375 0.025 0.03125 0.0453125
0 0.8546875 0.10625 0.03125 0.0453125
0 0.58671875 0.0546875 0.0265625 0.0234375
0 0.234375 0.421875 0.046875 0.065625
0 0.45 0.48046875 0.0421875 0.0609375
0 0.0765625 0.40859375 0.0578125 0.0765625
0 0.71015625 0.56953125 0.0421875 0.065625
0 0.784375 0.1046875 0.03125 0.0453125
0 0.64921875 0.61640625 0.053125 0.071875
0 0.76953125 0.109375 0.025 0.034375
0 0.40703125 0.66328125 0.0546875 0.08125
0 0.29375 0.0234375 0.040625 0.046875
0 0.7234375 0.1046875 0.0359375 0.0453125
0 0.86171875 0.0703125 0.03125 0.0234375
0 0.5875 0.0859375 0.04375 0.046875
0 0.76328125 0.140625 0.0296875 0.040625
0 0.6734375 0.128125 0.0359375 0.0453125