0 0.99296875 0.2171875 0.0140625 0.015625
0 0.97578125 0.22421875 0.015625 0.015625
0 0.996875 0.2359375 0.00625 0.015625
0 0.9515625 0.23359375 0.021875 0.021875
0 0.95078125 0.2859375 0.021875 0.021875
0 0.96796875 0.29765625 0.021875 0.0265625
0 0.71796875 0.26328125 0.0171875 0.0203125
0 0.13125 0.1671875 0.0109375 0.015625
0 0.140625 0.16875 0.0109375 0.015625
0 0.8359375 0.2984375 0.0265625 0.0265625
0 0.7453125 0.28203125 0.0109375 0.015625
0 0.53515625 0.2453125 0.015625 0.015625
0 0.52578125 0.24375 0.015625 0.015625
0 0.1453125 0.1765625 0.0109375 0.0109375
0 0.39296875 0.225 0.0046875 0.0046875
0 0.5984375 0.2609375 0.015625 0.0109375
0 0.62578125 0.265625 0.015625 0.0109375
0 0.26171875 0.2015625 0.0046875 0.0046875
0 0.33828125 0.215625 0.0046875 0.0046875
0 0.72578125 0.28359375 0.0171875 0.0203125
0 0.26796875 0.203125 0.0046875 0.0046875
0 0.54765625 0.2546875 0.0109375 0.015625
0 0.315625 0.215625 0.0109375 0.0109375
0 0.38125 0.22734375 0.0109375 0.0109375
0 0.18984375 0.19375 0.0046875 0.0046875
0 0.1828125 0.19296875 0.0046875 0.0046875
0 0.34375 0.2234375 0.009375 0.00625
0 0.76328125 0.29765625 0.015625 0.015625
0 0.36015625 0.2265625 0.009375 0.00625
0 0.46484375 0.246875 0.015625 0.015625
0 0.21171875 0.20234375 0.0046875 0.0046875
0 0.71953125 0.2921875 0.015625 0.015625
0 0.41484375 0.23828125 0.0046875 0.0046875
0 0.40078125 0.2359375 0.0046875 0.0046875
0 0.6265625 0.27578125 0.015625 0.015625
0 0.74765625 0.296875 0.015625 0.015625
0 0.63515625 0.27734375 0.0109375 0.015625
0 0.5828125 0.2703125 0.021875 0.021875
0 0.184375 0.2 0.0046875 0.0046875
0 0.4484375 0.246875 0.00625 0.009375
0 0.503125 0.25625 0.0109375 0.0109375
0 0.1953125 0.20234375 0.015625 0.0109375
0 0.225 0.20703125 0.0046875 0.0046875
0 0.5625 0.26640625 0.0171875 0.0203125
0 0.621875 0.27734375 0.0171875 0.0203125
0 0.20390625 0.203125 0.00625 0.009375
0 0.3 0.2203125 0.0046875 0.0046875
0 0.5234375 0.26015625 0.015625 0.0109375
0 0.2453125 0.21328125 0.015625 0.015625
0 0.425 0.24453125 0.0109375 0.0109375
0 0.78046875 0.3078125 0.0171875 0.025
0 0.6078125 0.27734375 0.015625 0.015625
0 0.09921875 0.1875 0.0109375 0.0109375
0 0.28828125 0.22109375 0.0109375 0.0109375
0 0.171875 0.20234375 0.0109375 0.015625
0 0.21484375 0.21015625 0.0046875 0.0046875
0 0.30625 0.2265625 0.015625 0.015625
0 0.7328125 0.3015625 0.015625 0.015625
0 0.98125 0.3453125 0.021875 0.0265625
0 0.25390625 0.2171875 0.0078125 0.0140625
0 0.23046875 0.215625 0.0046875 0.0046875
0 0.26875 0.221875 0.0109375 0.0109375
0 0.15703125 0.20234375 0.0109375 0.015625
0 0.45390625 0.2546875 0.009375 0.00625
0 0.65234375 0.28984375 0.021875 0.021875
0 0.2625 0.22109375 0.00625 0.009375
0 0.3671875 0.24140625 0.009375 0.00625
0 0.39140625 0.24609375 0.0109375 0.0109375
0 0.95234375 0.3453125 0.0171875 0.0203125
0 0.48359375 0.2625 0.015625 0.015625
0 0.43984375 0.2546875 0.009375 0.00625
0 0.1984375 0.2140625 0.0109375 0.015625
0 0.275 0.228125 0.0109375 0.0109375
0 0.1890625 0.2125 0.0109375 0.015625
0 0.4640625 0.2609375 0.0109375 0.015625
0 0.3828125 0.246875 0.0109375 0.0109375
0 0.21796875 0.2203125 0.0078125 0.0140625
0 0.325 0.2390625 0.015625 0.0109375
0 0.34296875 0.2421875 0.015625 0.015625
0 0.10625 0.20078125 0.009375 0.00625
0 0.2953125 0.23359375 0.015625 0.015625
0 0.4984375 0.26953125 0.015625 0.015625
0 0.17890625 0.215625 0.015625 0.015625
0 0.22421875 0.2234375 0.0109375 0.015625
0 0.4109375 0.25703125 0.015625 0.015625
0 0.63203125 0.2953125 0.015625 0.015625
0 0.1125 0.20390625 0.0109375 0.0109375
0 0.30859375 0.23828125 0.00625 0.009375
0 0.7421875 0.31484375 0.0171875 0.0203125
0 0.62109375 0.29375 0.0171875 0.0203125
0 0.42265625 0.2609375 0.015625 0.015625
0 0.128125 0.209375 0.0109375 0.0109375
0 0.1390625 0.2109375 0.009375 0.00625
0 0.3921875 0.25546875 0.015625 0.015625
0 0.1640625 0.21796875 0.0171875 0.0203125
0 0.084375 0.20390625 0.0109375 0.0109375
0 0.75625 0.32265625 0.0171875 0.0203125
0 0.20703125 0.22578125 0.0078125 0.0140625
0 0.4375 0.26796875 0.009375 0.00625
0 0.5859375 0.29375 0.0171875 0.0203125
0 0.21640625 0.22890625 0.00625 0.009375
0 0.228125 0.23046875 0.00625 0.009375
0 0.36484375 0.2546875 0.0171875 0.0203125
0 0.60390625 0.296875 0.015625 0.015625
0 0.25078125 0.23671875 0.015625 0.015625
0 0.09765625 0.21015625 0.0109375 0.015625
0 0.32265625 0.25 0.015625 0.015625
0 0.6375 0.30546875 0.015625 0.015625
0 0.190625 0.22890625 0.0109375 0.015625
0 0.23828125 0.2375 0.0109375 0.0109375
0 0.065625 0.20703125 0.015625 0.015625
0 0.28359375 0.2453125 0.0109375 0.0109375
0 0.653125 0.3125 0.015625 0.0109375
0 0.1171875 0.21796875 0.015625 0.015625
0 0.17890625 0.22890625 0.0109375 0.0109375
0 0.13125 0.22109375 0.0109375 0.0109375
0 0.1421875 0.22265625 0.0171875 0.0203125
0 0.25625 0.24296875 0.015625 0.0109375
0 0.4359375 0.2765625 0.015625 0.0109375
0 0.121875 0.22109375 0.0109375 0.0109375
0 0.0734375 0.21328125 0.0171875 0.0203125
0 0.3765625 0.26875 0.015625 0.015625
0 0.08671875 0.21796875 0.0171875 0.0203125
0 0.21640625 0.24296875 0.015625 0.015625
0 0.6703125 0.32265625 0.0203125 0.0125
0 0.15859375 0.23515625 0.015625 0.015625
0 0.275 0.25546875 0.0109375 0.015625
0 0.5234375 0.29921875 0.015625 0.015625
0 0.646875 0.32109375 0.021875 0.021875
0 0.16953125 0.23984375 0.0171875 0.0203125
0 0.2609375 0.25546875 0.015625 0.015625
0 0.6078125 0.31640625 0.0171875 0.0203125
0 0.621875 0.31875 0.015625 0.015625
0 0.29921875 0.26484375 0.0171875 0.0203125
0 0.06015625 0.22265625 0.021875 0.0265625
0 0.6890625 0.33359375 0.015625 0.015625
0 0.32109375 0.27109375 0.0171875 0.0203125
0 0.4953125 0.3015625 0.0171875 0.0203125
0 0.10546875 0.2328125 0.0109375 0.015625
0 0.33984375 0.2765625 0.015625 0.015625
0 0.43828125 0.29375 0.0265625 0.021875
0 0.67265625 0.33515625 0.021875 0.021875
0 0.4671875 0.29921875 0.015625 0.015625
0 0.40546875 0.290625 0.0203125 0.0171875
0 0.5515625 0.31640625 0.021875 0.0265625
0 0.253125 0.26328125 0.0171875 0.0203125
0 0.23203125 0.2625 0.015625 0.015625
0 0.5046875 0.31015625 0.0203125 0.0171875
0 0.11953125 0.2453125 0.0171875 0.0203125
0 0.1625 0.25234375 0.021875 0.0265625
0 0.63203125 0.33515625 0.015625 0.015625
0 0.6984375 0.346875 0.021875 0.0265625
0 0.5640625 0.3234375 0.021875 0.021875
0 0.39296875 0.29296875 0.015625 0.015625
0 0.61640625 0.33515625 0.021875 0.021875
0 0.5296875 0.31953125 0.021875 0.0265625
0 0.7296875 0.35703125 0.015625 0.015625
0 0.44921875 0.3078125 0.0171875 0.025
0 0.6453125 0.3421875 0.0171875 0.0203125
0 0.659375 0.34453125 0.0203125 0.0171875
0 0.46015625 0.31171875 0.0171875 0.025
0 0.70859375 0.35625 0.015625 0.015625
0 0.57890625 0.3328125 0.015625 0.015625
0 0.47578125 0.3171875 0.021875 0.0265625
0 0.746875 0.36484375 0.015625 0.015625
0 0.63515625 0.3453125 0.015625 0.0109375
0 0.40234375 0.30703125 0.0171875 0.0203125
0 0.72421875 0.36328125 0.015625 0.015625
0 0.49140625 0.32265625 0.021875 0.021875
0 0.6734375 0.35703125 0.021875 0.0265625
0 0.56953125 0.34296875 0.021875 0.021875
0 0.65625 0.35859375 0.0171875 0.0203125
0 0.7265625 0.378125 0.021875 0.0265625
0 0.59609375 0.35546875 0.0203125 0.0171875
0 0.778125 0.38984375 0.0265625 0.0265625
0 0.78984375 0.39140625 0.021875 0.021875
0 0.63828125 0.36640625 0.021875 0.0265625
0 0.74765625 0.3859375 0.0328125 0.0328125
0 0.8296875 0.40234375 0.03125 0.028125
0 0.61953125 0.365625 0.028125 0.0359375
0 0.46015625 0.3375 0.021875 0.021875
0 0.56484375 0.35625 0.021875 0.021875
0 0.20234375 0.2921875 0.0109375 0.0109375
0 0.94765625 0.42578125 0.028125 0.03125
0 0.96875 0.4296875 0.034375 0.040625
0 0.55390625 0.35625 0.021875 0.021875
0 0.7015625 0.3828125 0.021875 0.021875
0 0.53046875 0.3546875 0.021875 0.021875
0 0.6671875 0.38125 0.021875 0.0265625
0 0.88046875 0.42109375 0.0328125 0.0328125
0 0.8515625 0.415625 0.0328125 0.0328125
0 0.6 0.371875 0.021875 0.021875
0 0.5265625 0.36328125 0.0328125 0.0328125
0 0.821875 0.41796875 0.0265625 0.0265625
0 0.653125 0.390625 0.028125 0.0359375
0 0.58515625 0.37890625 0.0171875 0.0203125
0 0.71953125 0.40234375 0.0265625 0.0265625
0 0.440625 0.35546875 0.0234375 0.034375
0 0.79609375 0.4203125 0.028125 0.03125
0 0.675 0.4015625 0.021875 0.0265625
0 0.934375 0.44765625 0.021875 0.0265625
0 0.74765625 0.4140625 0.0234375 0.03125
0 0.6265625 0.3953125 0.0265625 0.021875
0 0.45546875 0.3671875 0.0296875 0.040625
0 0.70390625 0.41171875 0.0328125 0.0359375
0 0.7671875 0.425 0.034375 0.0234375
0 0.87421875 0.44375 0.0328125 0.0328125
0 0.690625 0.41640625 0.0328125 0.0328125
0 0.5515625 0.39375 0.034375 0.0453125
0 0.51484375 0.3875 0.028125 0.03125
0 0.85 0.44921875 0.034375 0.040625
0 0.80390625 0.44296875 0.028125 0.0359375
0 0.82421875 0.446875 0.0375 0.0421875
0 0.484375 0.3890625 0.0328125 0.0328125
0 0.7703125 0.44921875 0.0390625 0.046875
0 0.6140625 0.42421875 0.01875 0.034375
0 0.93515625 0.48203125 0.0296875 0.040625
0 0.88515625 0.47578125 0.028125 0.0359375
0 0.57890625 0.42421875 0.0375 0.059375
0 0.6359375 0.43671875 0.05 0.0625
0 0.521875 0.41640625 0.03125 0.028125
0 0.31796875 0.3828125 0.0375 0.0421875
0 0.2125 0.36953125 0.034375 0.040625
0 0.68203125 0.4546875 0.0390625 0.0515625
0 0.95546875 0.5046875 0.0390625 0.046875
0 0.9859375 0.5109375 0.028125 0.059375
0 0.46875 0.4265625 0.0234375 0.034375
0 0.4515625 0.428125 0.034375 0.0453125
0 0.48671875 0.4390625 0.0390625 0.046875
0 0.58515625 0.45859375 0.0359375 0.05
0 0.81484375 0.515625 0.03125 0.05
0 0.8375 0.51953125 0.0453125 0.05625
0 0.3 0.43359375 0.0546875 0.0578125
0 0.73125 0.53359375 0.0375 0.0421875
0 0.96953125 0.6484375 0.0296875 0.0453125