0 0.39609375 0.36875 0.034375 0.0375
0 0.70390625 0.43359375 0.0609375 0.0859375
0 0.45546875 0.38828125 0.0625 0.0734375
0 0.5078125 0.4 0.04375 0.0703125
0 0.82578125 0.4625 0.0453125 0.0796875
0 0.296875 0.36796875 0.071875 0.1015625
0 0.57109375 0.42421875 0.053125 0.071875
0 0.33984375 0.37890625 0.0515625 0.0890625
0 0.765625 0.46640625 0.0515625 0.084375
0 0.6390625 0.4515625 0.053125 0.071875
0 0.91171875 0.53828125 0.06875 0.1046875
0 0.21171875 0.40625 0.0734375 0.0890625
0 0.434375 0.4875 0.0578125 0.071875
0 0.1125 0.43203125 0.084375 0.1
0 0.57109375 0.5234375 0.0453125 0.05625
0 0.496875 0.51640625 0.04375 0.0703125
0 0.63828125 0.54375 0.0421875 0.065625
0 0.26953125 0.4875 0.06875 0.0828125
0 0.7015625 0.58125 0.05 0.0796875
0 0.3453125 0.5171875 0.0546875 0.10625
0 0.7703125 0.59921875 0.040625 0.06875
0 0.42734375 0.546875 0.046875 0.065625
0 0.553125 0.590625 0.06875 0.0828125
0 0.17109375 0.53046875 0.071875 0.096875
0 0.5046875 0.59921875 0.06875 0.1046875
0 0.8546875 0.67734375 0.0578125 0.0953125
0 0.625 0.65859375 0.0609375 0.090625
0 0.72734375 0.690625 0.059375 0.103125
0 0.3828125 0.62578125 0.065625 0.0921875
0 0.25234375 0.64296875 0.0703125 0.0921875
0 0.17734375 0.1453125 0.0765625 0.103125
0 0.3046875 0.1953125 0.0515625 0.0671875
0 0.4671875 0.2296875 0.0453125 0.0796875
0 0.86015625 0.31015625 0.05 0.0796875
0 0.7375 0.28671875 0.05625 0.0859375
0 0.79140625 0.296875 0.0515625 0.084375
0 0.24609375 0.19375 0.0515625 0.0671875
0 0.35234375 0.21640625 0.0609375 0.090625
0 0.684375 0.290625 0.0546875 0.0765625
0 0.63046875 0.2921875 0.04375 0.0703125
0 0.41171875 0.2609375 0.0375 0.059375
0 0.57421875 0.296875 0.046875 0.0609375
0 0.76484375 0.384375 0.0546875 0.08125