0 0.30703125 0.14140625 0.0171875 0.0296875
0 0.85234375 0.0671875 0.034375 0.0453125
0 0.34921875 0.1375 0.0171875 0.025
0 0.48125 0.11953125 0.015625 0.015625
0 0.5921875 0.10625 0.0171875 0.025
0 0.87578125 0.06640625 0.028125 0.034375
0 0.77578125 0.08046875 0.028125 0.0390625
0 0.90390625 0.06484375 0.0109375 0.015625
0 0.64296875 0.1015625 0.0171875 0.0203125
0 0.20703125 0.1625 0.021875 0.0265625
0 0.125 0.1765625 0.0109375 0.0109375
0 0.18671875 0.16796875 0.0171875 0.0203125
0 0.1484375 0.17578125 0.021875 0.0296875
0 0.2265625 0.1671875 0.0171875 0.0203125
0 0.265625 0.16171875 0.0171875 0.0296875
0 0.2515625 0.16328125 0.0171875 0.025
0 0.325 0.153125 0.0171875 0.025
0 0.79921875 0.0890625 0.03125 0.03125
0 0.92109375 0.071875 0.0265625 0.03125
0 0.23984375 0.1671875 0.015625 0.015625
0 0.27578125 0.1671875 0.0171875 0.0203125
0 0.51640625 0.13515625 0.03125 0.03125
0 0.65703125 0.115625 0.0234375 0.0390625
0 0.49140625 0.14140625 0.0109375 0.015625
0 0.72109375 0.109375 0.034375 0.05
0 0.8859375 0.08828125 0.021875 0.0296875
0 0.50078125 0.1421875 0.021875 0.021875
0 0.13984375 0.19765625 0.021875 0.0296875
0 0.1515625 0.1984375 0.021875 0.0265625
0 0.45390625 0.15625 0.021875 0.0265625
0 0.24765625 0.1875 0.021875 0.0265625
0 0.6359375 0.134375 0.0234375 0.034375
0 0.8765625 0.10078125 0.021875 0.0296875
0 0.58671875 0.15078125 0.0296875 0.04375
0 0.9421875 0.103125 0.0125 0.0296875
0 0.81953125 0.12734375 0.0328125 0.0359375
0 0.20078125 0.2171875 0.0546875 0.075
0 0.3265625 0.19921875 0.034375 0.0453125
0 0.4984375 0.175 0.0328125 0.040625
0 0.29296875 0.20625 0.028125 0.0390625
0 0.41484375 0.19140625 0.0296875 0.04375
0 0.446875 0.1875 0.028125 0.0390625
0 0.6359375 0.16796875 0.034375 0.0546875
0 0.13828125 0.2375 0.0265625 0.03125
0 0.359375 0.2109375 0.0484375 0.05625
0 0.75859375 0.16484375 0.034375 0.0453125
0 0.60625 0.18828125 0.0453125 0.0640625
0 0.94296875 0.14609375 0.0265625 0.0578125
0 0.178125 0.253125 0.0390625 0.0546875
0 0.0453125 0.27421875 0.071875 0.1
0 0.53125 0.20625 0.0515625 0.084375
0 0.8375 0.20703125 0.0734375 0.109375
0 0.8875 0.2 0.0390625 0.0546875
0 0.2875 0.31953125 0.028125 0.034375
0 0.7828125 0.28515625 0.06875 0.103125
0 0.90078125 0.31015625 0.05 0.0703125
0 0.6296875 0.5234375 0.0609375 0.08125
0 0.38203125 0.07734375 0.0109375 0.0109375
0 0.35234375 0.0859375 0.0109375 0.0109375
0 0.13828125 0.1234375 0.0109375 0.0109375
0 0.2484375 0.1078125 0.0109375 0.0109375
0 0.15078125 0.12421875 0.015625 0.015625
0 0.55390625 0.0671875 0.015625 0.015625
0 0.35 0.0984375 0.0109375 0.015625
0 0.77890625 0.03828125 0.0109375 0.015625
0 0.16015625 0.125 0.0109375 0.015625
0 0.36796875 0.0953125 0.0109375 0.015625
0 0.3109375 0.10625 0.0109375 0.015625
0 0.359375 0.09921875 0.00625 0.0140625
0 0.3984375 0.09375 0.00625 0.0140625
0 0.52734375 0.078125 0.0171875 0.025
0 0.1234375 0.134375 0.015625 0.015625
0 0.9015625 0.028125 0.021875 0.0296875
0 0.57109375 0.07421875 0.0109375 0.015625
0 0.1859375 0.128125 0.0171875 0.025
0 0.34453125 0.10625 0.0109375 0.015625
0 0.1359375 0.1375 0.0125 0.025
0 0.33359375 0.1125 0.0171875 0.0203125
0 0.415625 0.10078125 0.0109375 0.015625
0 0.17734375 0.134375 0.0109375 0.015625
0 0.85390625 0.040625 0.028125 0.034375
0 0.48046875 0.0953125 0.015625 0.015625
0 0.43671875 0.1015625 0.0125 0.0203125
0 0.78984375 0.0546875 0.0171875 0.0203125
0 0.72578125 0.06328125 0.0171875 0.0203125
0 0.8203125 0.05 0.0265625 0.03125
0 0.7609375 0.0609375 0.015625 0.015625
0 0.1234375 0.15078125 0.015625 0.015625
0 0.5203125 0.09453125 0.0171875 0.025
0 0.4328125 0.10703125 0.0171875 0.0203125
0 0.48984375 0.09921875 0.0171875 0.025
0 0.14921875 0.14921875 0.00625 0.0140625
0 0.1953125 0.14296875 0.015625 0.015625
0 0.40390625 0.115625 0.0125 0.0203125
0 0.67890625 0.07734375 0.0171875 0.025
0 0.7 0.0765625 0.0171875 0.025
0 0.5765625 0.09375 0.021875 0.0265625
0 0.46640625 0.11171875 0.0171875 0.025
0 0.37265625 0.125 0.021875 0.0296875
0 0.61328125 0.09375 0.0171875 0.0296875
0 0.66171875 0.08671875 0.0171875 0.025
0 0.6 0.0953125 0.0171875 0.025
0 0.16875 0.15859375 0.0265625 0.03125
0 0.41875 0.1234375 0.0125 0.0203125
0 0.290625 0.14140625 0.00625 0.0140625