0 0.58984375 0.27734375 0.00625 0.009375
0 0.471875 0.29765625 0.0046875 0.0046875
0 0.53984375 0.2859375 0.0109375 0.0109375
0 0.234375 0.33984375 0.0078125 0.0140625
0 0.35546875 0.31875 0.0109375 0.0109375
0 0.6859375 0.2625 0.015625 0.015625
0 0.5859375 0.28046875 0.0125 0.0203125
0 0.2234375 0.34375 0.0125 0.0203125
0 0.30546875 0.3296875 0.0078125 0.0140625
0 0.615625 0.275 0.0109375 0.0109375
0 0.6359375 0.27109375 0.0109375 0.015625
0 0.60703125 0.27890625 0.0125 0.0203125
0 0.6734375 0.2671875 0.0109375 0.015625
0 0.1671875 0.35625 0.0125 0.0203125
0 0.475 0.30234375 0.00625 0.009375
0 0.35 0.3265625 0.0109375 0.015625
0 0.62734375 0.27734375 0.0109375 0.015625
0 0.340625 0.328125 0.0109375 0.015625
0 0.49765625 0.30078125 0.0125 0.0203125
0 0.2578125 0.34296875 0.0109375 0.015625
0 0.325 0.33359375 0.0078125 0.01875
0 0.71015625 0.265625 0.021875 0.021875
0 0.44765625 0.31171875 0.015625 0.015625
0 0.50703125 0.3015625 0.0109375 0.015625
0 0.53671875 0.29609375 0.015625 0.015625
0 0.28359375 0.340625 0.0109375 0.015625
0 0.4640625 0.30859375 0.015625 0.015625
0 0.315625 0.3375 0.0140625 0.025
0 0.47578125 0.309375 0.00625 0.009375
0 0.559375 0.29453125 0.0171875 0.0203125
0 0.69453125 0.2703125 0.0109375 0.0109375
0 0.13125 0.36953125 0.0171875 0.0203125
0 0.39375 0.32578125 0.0109375 0.015625
0 0.421875 0.32109375 0.0109375 0.015625
0 0.51953125 0.30390625 0.0125 0.0203125
0 0.34453125 0.33671875 0.0125 0.0203125
0 0.41015625 0.325 0.0109375 0.015625
0 0.88984375 0.24296875 0.0171875 0.0203125
0 0.5359375 0.30546875 0.0109375 0.0109375
0 0.221875 0.3609375 0.0109375 0.015625
0 0.5796875 0.29765625 0.0203125 0.0171875
0 0.75 0.26796875 0.021875 0.0265625
0 0.375 0.334375 0.0171875 0.025
0 0.625 0.28984375 0.0140625 0.0078125
0 0.703125 0.27890625 0.015625 0.0109375
0 0.64375 0.2890625 0.015625 0.015625
0 0.41171875 0.33203125 0.0125 0.0203125
0 0.57109375 0.30390625 0.0109375 0.015625
0 0.671875 0.28671875 0.0109375 0.015625
0 0.35703125 0.3421875 0.0109375 0.015625
0 0.09296875 0.390625 0.00625 0.009375
0 0.1890625 0.37421875 0.0125 0.0203125
0 0.6609375 0.290625 0.015625 0.0109375
0 0.4234375 0.3328125 0.0109375 0.0109375
0 0.27734375 0.35859375 0.0125 0.0203125
0 0.51015625 0.3171875 0.0171875 0.0203125
0 0.60625 0.303125 0.015625 0.015625
0 0.30078125 0.35625 0.0125 0.0203125
0 0.17578125 0.38125 0.0171875 0.025
0 0.23046875 0.37109375 0.015625 0.015625
0 0.4515625 0.3328125 0.0125 0.0203125
0 0.39921875 0.34140625 0.0171875 0.0203125
0 0.52890625 0.31875 0.0171875 0.0203125
0 0.62265625 0.30234375 0.0109375 0.015625
0 0.425 0.33984375 0.0109375 0.0109375
0 0.64765625 0.3 0.015625 0.015625
0 0.3265625 0.35703125 0.0140625 0.025
0 0.634375 0.30234375 0.015625 0.015625
0 0.709375 0.2890625 0.021875 0.021875
0 0.2125 0.3765625 0.0171875 0.025
0 0.440625 0.33671875 0.0125 0.0203125
0 0.5578125 0.31875 0.0171875 0.025
0 0.08984375 0.40078125 0.0125 0.0203125
0 0.4890625 0.33046875 0.0140625 0.025
0 0.475 0.3328125 0.0171875 0.025
0 0.54140625 0.32109375 0.021875 0.021875
0 0.93828125 0.25390625 0.0171875 0.025
0 0.78125 0.28125 0.015625 0.015625
0 0.671875 0.30078125 0.021875 0.021875
0 0.596875 0.31640625 0.00625 0.009375
0 0.3484375 0.36015625 0.0234375 0.03125
0 0.56953125 0.32109375 0.0171875 0.025
0 0.76796875 0.2859375 0.021875 0.0265625
0 0.2703125 0.37421875 0.0171875 0.025
0 0.4375 0.34453125 0.0125 0.0203125
0 0.2484375 0.38046875 0.0171875 0.0203125
0 0.9328125 0.259375 0.0140625 0.025
0 0.49765625 0.3359375 0.0125 0.0203125
0 0.51015625 0.33359375 0.0234375 0.034375
0 0.64765625 0.3125 0.0171875 0.0203125
0 0.2328125 0.38515625 0.0234375 0.034375
0 0.41328125 0.35546875 0.0171875 0.0203125
0 0.61640625 0.3203125 0.0171875 0.025
0 0.66171875 0.31171875 0.0125 0.0203125
0 0.00546875 0.4296875 0.0109375 0.040625
0 0.4296875 0.353125 0.021875 0.021875
0 0.321875 0.371875 0.0125 0.0203125
0 0.58203125 0.32734375 0.01875 0.0296875
0 0.10625 0.41171875 0.0265625 0.0265625
0 0.02578125 0.42578125 0.0296875 0.040625
0 0.915625 0.26875 0.0265625 0.021875
0 0.59453125 0.328125 0.0125 0.0203125
0 0.4 0.36171875 0.0171875 0.025
0 0.3390625 0.37265625 0.021875 0.0265625
0 0.87265625 0.27890625 0.0171875 0.025
0 0.31171875 0.37734375 0.01875 0.034375
0 0.60625 0.328125 0.0171875 0.0203125
0 0.959375 0.26796875 0.0109375 0.0375
0 0.2140625 0.4 0.0296875 0.040625
0 0.15234375 0.41015625 0.0171875 0.0203125
0 0.89609375 0.28203125 0.021875 0.021875
0 0.17578125 0.40859375 0.021875 0.0265625
0 0.2734375 0.39140625 0.0234375 0.034375
0 0.38359375 0.37421875 0.021875 0.0265625
0 0.13125 0.41875 0.021875 0.021875
0 0.19921875 0.40703125 0.0296875 0.040625
0 0.66953125 0.32890625 0.021875 0.021875
0 0.546875 0.35078125 0.01875 0.0296875
0 0.30703125 0.39296875 0.01875 0.0296875
0 0.68828125 0.328125 0.0125 0.0203125
0 0.09765625 0.43203125 0.0296875 0.040625
0 0.26015625 0.40546875 0.028125 0.0359375
0 0.628125 0.34375 0.021875 0.021875
0 0.92421875 0.29375 0.0265625 0.0265625
0 0.70078125 0.3328125 0.01875 0.0296875
0 0.0828125 0.4421875 0.0296875 0.0453125
0 0.64609375 0.34453125 0.021875 0.0265625
0 0.89296875 0.30390625 0.021875 0.0265625
0 0.7546875 0.33046875 0.0171875 0.0203125
0 0.13046875 0.44296875 0.0234375 0.03125
0 0.034375 0.46015625 0.0171875 0.025
0 0.903125 0.309375 0.0203125 0.0171875
0 0.7921875 0.33125 0.028125 0.0359375
0 0.740625 0.34296875 0.0234375 0.034375
0 0.84765625 0.32578125 0.03125 0.028125
0 0.684375 0.35703125 0.0328125 0.0359375
0 0.48125 0.3953125 0.0234375 0.03125
0 0.24296875 0.4421875 0.0296875 0.040625
0 0.15859375 0.459375 0.0359375 0.05
0 0.96796875 0.328125 0.01875 0.05625
0 0.76484375 0.3640625 0.0390625 0.046875
0 0.915625 0.3515625 0.046875 0.065625
0 0.02109375 0.50859375 0.0421875 0.0609375
0 0.81640625 0.37109375 0.03125 0.05
0 0.85625 0.3734375 0.0390625 0.046875
0 0.00625 0.5265625 0.0125 0.025
0 0.12578125 0.51171875 0.0390625 0.0515625
0 0.86796875 0.38828125 0.04375 0.046875
0 0.96171875 0.37421875 0.0296875 0.0453125
0 0.11328125 0.53359375 0.0515625 0.0671875
0 0.97734375 0.38359375 0.01875 0.05625
0 0.9484375 0.428125 0.0515625 0.0671875
0 0.04375 0.61796875 0.04375 0.0515625
0 0.45859375 0.54453125 0.075 0.096875
0 0.87734375 0.49453125 0.0703125 0.1015625
0 0.59296875 0.54453125 0.0734375 0.0921875
0 0.03671875 0.67109375 0.040625 0.0828125
0 0.1890625 0.6578125 0.0859375 0.1078125
0 0.7859375 0.58828125 0.084375 0.0984375
0 0.059375 0.7609375 0.0546875 0.084375
0 0.29453125 0.73359375 0.115625 0.1359375
0 0.63046875 0.7703125 0.1125 0.134375
0 0.12734375 0.92265625 0.1296875 0.1546875
0 0.4359375 0.95390625 0.1125 0.0921875
0 0.98515625 0.884375 0.0296875 0.075
0 0.64921875 0.96015625 0.0703125 0.0515625
0 0.58359375 0.2125 0.0171875 0.0203125
0 0.0109375 0.33984375 0.0125 0.0203125
0 0.85859375 0.18984375 0.0328125 0.0359375
0 0.1296875 0.32109375 0.0046875 0.0046875
0 0.20390625 0.3125 0.0046875 0.0046875
0 0.43359375 0.271875 0.00625 0.009375
0 0.10625 0.3296875 0.0046875 0.0046875
0 0.1328125 0.325 0.0046875 0.0046875
0 0.615625 0.23984375 0.0109375 0.015625
0 0.12421875 0.32890625 0.0046875 0.0046875
0 0.2703125 0.303125 0.0109375 0.0109375
0 0.07890625 0.33671875 0.0046875 0.0046875
0 0.20234375 0.31796875 0.0046875 0.0046875
0 0.15234375 0.3265625 0.0109375 0.0109375
0 0.08359375 0.33828125 0.0046875 0.0046875
0 0.4734375 0.26953125 0.0046875 0.0046875
0 0.325 0.29609375 0.0046875 0.0046875
0 0.17734375 0.321875 0.0046875 0.0046875
0 0.4484375 0.27421875 0.0046875 0.0046875
0 0.4328125 0.2796875 0.0109375 0.0109375
0 0.50078125 0.2671875 0.0046875 0.0046875
0 0.46484375 0.2734375 0.0046875 0.0046875
0 0.109375 0.33671875 0.00625 0.009375
0 0.490625 0.26953125 0.0046875 0.0046875
0 0.740625 0.225 0.0171875 0.0203125
0 0.68828125 0.23671875 0.0109375 0.015625
0 0.446875 0.2796875 0.0046875 0.0046875
0 0.01328125 0.35546875 0.0046875 0.0046875
0 0.47890625 0.2734375 0.0046875 0.0046875
0 0.5609375 0.26171875 0.0046875 0.0046875
0 0.56796875 0.26015625 0.0046875 0.0046875
0 0.390625 0.29140625 0.00625 0.009375
0 0.59609375 0.25546875 0.0109375 0.015625
0 0.52265625 0.2703125 0.0109375 0.0109375
0 0.6734375 0.24375 0.0125 0.0203125
0 0.13046875 0.33984375 0.0046875 0.0046875
0 0.66015625 0.246875 0.00625 0.009375
0 0.359375 0.29921875 0.0109375 0.0109375
0 0.50703125 0.2734375 0.00625 0.009375
0 0.28125 0.31328125 0.0109375 0.015625
0 0.43359375 0.28671875 0.0046875 0.0046875
0 0.646875 0.2515625 0.0046875 0.0046875
0 0.12421875 0.34375 0.0078125 0.0140625
0 0.46640625 0.284375 0.0078125 0.0140625
0 0.03125 0.3609375 0.0109375 0.015625
0 0.44140625 0.2890625 0.0046875 0.0046875
0 0.55390625 0.26953125 0.0046875 0.0046875
0 0.39140625 0.3 0.0046875 0.0046875
0 0.4765625 0.28515625 0.0046875 0.0046875
0 0.49375 0.28203125 0.0109375 0.015625
0 0.45546875 0.2890625 0.0078125 0.0140625
0 0.140625 0.34453125 0.0078125 0.0140625
0 0.32578125 0.31171875 0.0078125 0.0140625
0 0.16171875 0.340625 0.0109375 0.015625
0 0.41953125 0.29765625 0.00625 0.009375
0 0.346875 0.31015625 0.0109375 0.0109375
0 0.4015625 0.30078125 0.00625 0.009375
0 0.571875 0.2703125 0.00625 0.009375
0 0.15078125 0.3453125 0.00625 0.009375
0 0.3375 0.31171875 0.0125 0.0203125
0 0.0828125 0.359375 0.0109375 0.015625
0 0.52734375 0.28125 0.00625 0.009375
0 0.81640625 0.2296875 0.034375 0.040625
0 0.1984375 0.3390625 0.00625 0.009375
0 0.42734375 0.30078125 0.0046875 0.0046875
0 0.3953125 0.30703125 0.0046875 0.0046875
0 0.15625 0.34921875 0.0109375 0.0109375
0 0.54609375 0.2796875 0.0046875 0.0046875
0 0.45234375 0.296875 0.00625 0.009375
0 0.65078125 0.26171875 0.00625 0.009375
0 0.41171875 0.30625 0.0109375 0.0109375
0 0.4640625 0.296875 0.00625 0.009375