0 0.0203125 0.55625 0.040625 0.128125
0 0.86484375 0.41171875 0.0265625 0.0484375
0 0.88125 0.40859375 0.0265625 0.053125
0 0.4546875 0.49609375 0.071875 0.1359375
0 0.7484375 0.4984375 0.0625 0.103125
0 0.634375 0.55625 0.0515625 0.09375
0 0.50546875 0.6 0.0421875 0.06875
0 0.9890625 0.54921875 0.021875 0.1640625
0 0.5375 0.64453125 0.0546875 0.0890625
0 0.58359375 0.65625 0.065625 0.0953125
0 0.08671875 0.75859375 0.053125 0.0796875
0 0.853125 0.73125 0.096875 0.1453125
0 0.7875 0.759375 0.0734375 0.1140625
0 0.09375 0.32734375 0.075 0.128125
0 0.934375 0.20703125 0.0359375 0.05
0 0.24453125 0.37109375 0.05625 0.09375
0 0.378125 0.3546875 0.0515625 0.0984375
0 0.8015625 0.30078125 0.040625 0.05625
0 0.77421875 0.31015625 0.05 0.0890625
0 0.54921875 0.35234375 0.0390625 0.06875
0 0.82734375 0.303125 0.0375 0.0640625
0 0.72734375 0.32109375 0.0296875 0.040625
0 0.29921875 0.39921875 0.078125 0.1421875
0 0.896875 0.2984375 0.0484375 0.0796875
0 0.428125 0.38359375 0.0328125 0.0640625
0 0.67734375 0.346875 0.025 0.04375
0 0.48515625 0.3875 0.05 0.084375
0 0.58046875 0.37109375 0.046875 0.0703125
0 0.6171875 0.3640625 0.0375 0.059375
0 0.7046875 0.35625 0.0421875 0.06875
0 0.803125 0.33828125 0.0359375 0.0546875
0 0.9515625 0.31484375 0.05625 0.1203125
0 0.7328125 0.353125 0.03125 0.0546875
0 0.2046875 0.44921875 0.0765625 0.10625
0 0.640625 0.38046875 0.0265625 0.0484375
0 0.65703125 0.3921875 0.0234375 0.053125
0 0.7625 0.3734375 0.05 0.084375