0 0.90546875 0.2453125 0.0203125 0.0234375
0 0.7890625 0.29453125 0.009375 0.0140625
0 0.82890625 0.29609375 0.0046875 0.0046875
0 0.8359375 0.29609375 0.0046875 0.0046875
0 0.84296875 0.29609375 0.0046875 0.0046875
0 0.84765625 0.3078125 0.009375 0.0046875
0 0.79140625 0.30625 0.0046875 0.009375
0 0.78046875 0.3078125 0.009375 0.009375
0 0.73828125 0.30625 0.0046875 0.009375
0 0.803125 0.30859375 0.009375 0.009375
0 0.82890625 0.31484375 0.009375 0.009375
0 0.7640625 0.3125 0.0046875 0.009375
0 0.77109375 0.3125 0.009375 0.009375
0 0.7265625 0.31328125 0.009375 0.0046875
0 0.71328125 0.3125 0.009375 0.009375
0 0.7515625 0.31640625 0.009375 0.009375
0 0.78203125 0.31953125 0.0046875 0.009375
0 0.70546875 0.3171875 0.009375 0.009375
0 0.72578125 0.32265625 0.009375 0.0140625
0 0.8328125 0.3265625 0.0046875 0.009375
0 0.7796875 0.32890625 0.0046875 0.009375
0 0.7703125 0.32890625 0.0046875 0.0046875
0 0.8046875 0.33671875 0.009375 0.0046875
0 0.65703125 0.33203125 0.009375 0.009375
0 0.69375 0.33359375 0.0046875 0.009375
0 0.73984375 0.33515625 0.009375 0.0140625
0 0.74921875 0.33515625 0.009375 0.0140625
0 0.78125 0.33828125 0.009375 0.009375
0 0.675 0.33515625 0.0046875 0.009375
0 0.66953125 0.3390625 0.0046875 0.009375
0 0.709375 0.340625 0.0046875 0.009375
0 0.80859375 0.346875 0.009375 0.009375
0 0.74140625 0.34453125 0.0046875 0.009375
0 0.64453125 0.340625 0.009375 0.009375
0 0.76484375 0.34765625 0.009375 0.0140625
0 0.69765625 0.3453125 0.009375 0.009375
0 0.67421875 0.346875 0.0046875 0.009375
0 0.75078125 0.3515625 0.009375 0.0140625
0 0.6625 0.35 0.0046875 0.009375
0 0.78984375 0.3546875 0.009375 0.009375
0 0.6375 0.3515625 0.009375 0.009375
0 0.6953125 0.35390625 0.009375 0.0140625
0 0.62578125 0.35078125 0.009375 0.0140625
0 0.6859375 0.353125 0.009375 0.009375
0 0.59375 0.35 0.0046875 0.009375
0 0.65859375 0.3546875 0.009375 0.009375
0 0.6828125 0.3578125 0.009375 0.0140625
0 0.7453125 0.36015625 0.0046875 0.0140625
0 0.75234375 0.36015625 0.0046875 0.009375
0 0.69921875 0.35859375 0.0046875 0.0140625
0 0.76875 0.36328125 0.009375 0.009375
0 0.6484375 0.359375 0.009375 0.0140625
0 0.58359375 0.35703125 0.0046875 0.009375
0 0.67578125 0.3625 0.0046875 0.0046875
0 0.62265625 0.3625 0.009375 0.0140625
0 0.63671875 0.36328125 0.009375 0.009375
0 0.61328125 0.3625 0.0046875 0.009375
0 0.59765625 0.36171875 0.009375 0.009375
0 0.67109375 0.3671875 0.0046875 0.009375
0 0.66015625 0.36640625 0.009375 0.009375
0 0.7546875 0.36953125 0.009375 0.0140625
0 0.59296875 0.36640625 0.0046875 0.009375
0 0.58359375 0.36640625 0.009375 0.009375
0 0.64375 0.3703125 0.009375 0.0140625
0 0.61328125 0.371875 0.009375 0.0046875
0 0.59765625 0.37109375 0.0046875 0.009375
0 0.7796875 0.38203125 0.009375 0.009375
0 0.62890625 0.38203125 0.0046875 0.0046875
0 0.5875 0.38046875 0.0046875 0.0140625
0 0.86953125 0.3921875 0.0109375 0.0234375
0 0.61015625 0.38359375 0.009375 0.0140625
0 0.6453125 0.384375 0.009375 0.0140625
0 0.75390625 0.38828125 0.009375 0.0140625
0 0.6359375 0.38671875 0.0046875 0.0140625
0 0.67734375 0.38828125 0.009375 0.0140625
0 0.596875 0.38515625 0.009375 0.009375
0 0.56640625 0.384375 0.009375 0.0140625
0 0.60078125 0.3875 0.009375 0.0140625
0 0.70078125 0.39140625 0.009375 0.0140625
0 0.74453125 0.39296875 0.0046875 0.009375
0 0.73984375 0.3953125 0.009375 0.0140625
0 0.54296875 0.38828125 0.0046875 0.009375
0 0.62890625 0.39140625 0.009375 0.0140625
0 0.728125 0.396875 0.009375 0.009375
0 0.52265625 0.38984375 0.0046875 0.009375
0 0.5828125 0.3921875 0.009375 0.0140625
0 0.69609375 0.3984375 0.009375 0.0140625
0 0.534375 0.3921875 0.009375 0.0140625
0 0.5921875 0.39453125 0.009375 0.009375
0 0.73046875 0.39921875 0.0046875 0.009375
0 0.66328125 0.4015625 0.009375 0.0140625
0 0.609375 0.40234375 0.009375 0.01875
0 0.6765625 0.4046875 0.009375 0.009375
0 0.74609375 0.40703125 0.009375 0.009375
0 0.646875 0.40390625 0.009375 0.0140625
0 0.73671875 0.40703125 0.009375 0.009375
0 0.515625 0.39921875 0.009375 0.009375
0 0.66953125 0.4046875 0.009375 0.0140625
0 0.5703125 0.403125 0.009375 0.0140625
0 0.56328125 0.403125 0.0046875 0.01875
0 0.74609375 0.41171875 0.009375 0.009375
0 0.68359375 0.409375 0.009375 0.0140625
0 0.47265625 0.40234375 0.0046875 0.009375
0 0.52421875 0.40625 0.0046875 0.0140625
0 0.59140625 0.41015625 0.015625 0.0234375
0 0.5125 0.40703125 0.0046875 0.0140625
0 0.63046875 0.41171875 0.009375 0.0140625
0 0.63984375 0.41171875 0.009375 0.0140625
0 0.503125 0.409375 0.0140625 0.0140625
0 0.53359375 0.41015625 0.009375 0.009375
0 0.6234375 0.41328125 0.009375 0.0140625
0 0.60703125 0.41328125 0.009375 0.009375
0 0.7484375 0.4203125 0.009375 0.009375
0 0.46875 0.4109375 0.009375 0.0140625
0 0.565625 0.41640625 0.009375 0.009375
0 0.61640625 0.4203125 0.009375 0.0140625
0 0.5375 0.41796875 0.009375 0.0140625
0 0.546875 0.41796875 0.009375 0.0140625
0 0.47734375 0.41796875 0.009375 0.0140625
0 0.44296875 0.41640625 0.009375 0.01875
0 0.421875 0.415625 0.0046875 0.0140625
0 0.58125 0.42421875 0.009375 0.0140625
0 0.60390625 0.425 0.009375 0.01875
0 0.7203125 0.42890625 0.009375 0.0140625
0 0.74296875 0.43203125 0.009375 0.0140625
0 0.75 0.43203125 0.0046875 0.0140625
0 0.5140625 0.4265625 0.0140625 0.0140625
0 0.72421875 0.43359375 0.0046875 0.009375
0 0.6734375 0.43203125 0.009375 0.0140625
0 0.50234375 0.42578125 0.009375 0.0140625
0 0.653125 0.43359375 0.009375 0.009375
0 0.39609375 0.4265625 0.0046875 0.0140625
0 0.45625 0.42890625 0.0140625 0.0140625
0 0.73125 0.43828125 0.009375 0.0140625
0 0.43515625 0.428125 0.009375 0.01875
0 0.5484375 0.43203125 0.0140625 0.0140625
0 0.490625 0.4328125 0.009375 0.01875
0 0.403125 0.4296875 0.009375 0.01875
0 0.6390625 0.4375 0.009375 0.0140625
0 0.42109375 0.4296875 0.009375 0.0140625
0 0.4703125 0.434375 0.0140625 0.0140625
0 0.740625 0.44375 0.009375 0.0140625
0 0.4515625 0.43359375 0.0140625 0.01875
0 0.58359375 0.43828125 0.009375 0.0140625
0 0.56015625 0.43984375 0.009375 0.0140625
0 0.62265625 0.44375 0.0046875 0.0140625
0 0.39375 0.4359375 0.0046875 0.009375
0 0.67109375 0.44609375 0.009375 0.0140625
0 0.71484375 0.45 0.0140625 0.0140625
0 0.50234375 0.4421875 0.009375 0.01875
0 0.5328125 0.44296875 0.015625 0.0234375
0 0.5140625 0.44296875 0.009375 0.009375
0 0.525 0.4453125 0.0046875 0.0140625
0 0.6265625 0.44921875 0.0140625 0.0140625
0 0.78203125 0.459375 0.01875 0.01875
0 0.6546875 0.45703125 0.0140625 0.0140625
0 0.7421875 0.46015625 0.009375 0.0140625
0 0.44140625 0.4515625 0.015625 0.0234375
0 0.50859375 0.45390625 0.009375 0.01875
0 0.3859375 0.45 0.009375 0.0140625
0 0.478125 0.45546875 0.0140625 0.0140625
0 0.49453125 0.45859375 0.0140625 0.0140625
0 0.41796875 0.45546875 0.0140625 0.01875
0 0.70078125 0.465625 0.009375 0.009375
0 0.73203125 0.47109375 0.0140625 0.0140625
0 0.8390625 0.475 0.0140625 0.01875
0 0.3484375 0.4578125 0.0140625 0.01875
0 0.603125 0.4671875 0.0140625 0.01875
0 0.37890625 0.46171875 0.0140625 0.01875
0 0.57265625 0.46796875 0.0046875 0.009375
0 0.7046875 0.475 0.009375 0.0140625
0 0.62578125 0.4765625 0.009375 0.0140625
0 0.49609375 0.471875 0.0140625 0.01875
0 0.7484375 0.48046875 0.009375 0.0140625
0 0.51015625 0.47421875 0.015625 0.0234375
0 0.4453125 0.47265625 0.015625 0.0234375
0 0.64921875 0.48203125 0.0140625 0.0140625
0 0.546875 0.478125 0.0140625 0.01875
0 0.7 0.4859375 0.0140625 0.0140625
0 0.29453125 0.47421875 0.0140625 0.01875
0 0.7296875 0.49140625 0.009375 0.0140625
0 0.41015625 0.4828125 0.0109375 0.0234375
0 0.6421875 0.490625 0.009375 0.01875
0 0.73828125 0.49453125 0.009375 0.0140625
0 0.60390625 0.4921875 0.0140625 0.01875
0 0.38984375 0.48671875 0.015625 0.0234375
0 0.45625 0.49140625 0.015625 0.0234375
0 0.6921875 0.5 0.0140625 0.0140625
0 0.73359375 0.503125 0.0140625 0.009375
0 0.2453125 0.4890625 0.01875 0.01875
0 0.3515625 0.49453125 0.0140625 0.01875
0 0.54375 0.50390625 0.0203125 0.028125
0 0.59921875 0.50546875 0.0109375 0.0234375
0 0.259375 0.49375 0.0140625 0.01875
0 0.52578125 0.503125 0.015625 0.0234375
0 0.74296875 0.51328125 0.009375 0.01875
0 0.78203125 0.51484375 0.0203125 0.028125
0 0.3171875 0.50078125 0.0140625 0.01875
0 0.571875 0.51171875 0.015625 0.0234375
0 0.4140625 0.50625 0.0140625 0.01875
0 0.27578125 0.50625 0.0140625 0.01875
0 0.7421875 0.5296875 0.0140625 0.01875
0 0.290625 0.5140625 0.01875 0.01875
0 0.51328125 0.52421875 0.015625 0.0234375
0 0.20078125 0.51328125 0.0140625 0.0140625
0 0.2328125 0.5140625 0.0140625 0.01875
0 0.3328125 0.5203125 0.009375 0.01875
0 0.3140625 0.521875 0.0203125 0.0234375
0 0.3859375 0.52421875 0.01875 0.01875
0 0.5296875 0.52890625 0.015625 0.0234375
0 0.57109375 0.534375 0.009375 0.01875
0 0.59140625 0.53984375 0.015625 0.028125
0 0.19609375 0.52578125 0.01875 0.01875
0 0.67890625 0.54296875 0.0203125 0.028125
0 0.49140625 0.54140625 0.0203125 0.028125
0 0.475 0.540625 0.015625 0.0421875
0 0.13984375 0.53359375 0.0203125 0.028125
0 0.26015625 0.5375 0.015625 0.0234375
0 0.24140625 0.5390625 0.0140625 0.01875
0 0.18828125 0.5421875 0.0203125 0.028125
0 0.1234375 0.54453125 0.0203125 0.028125
0 0.3421875 0.5546875 0.0140625 0.01875
0 0.6015625 0.56875 0.01875 0.01875
0 0.66171875 0.57265625 0.015625 0.0234375
0 0.375 0.5625 0.0203125 0.028125
0 0.2796875 0.5640625 0.0203125 0.0328125
0 0.29609375 0.56484375 0.0140625 0.0140625
0 0.2359375 0.56484375 0.0203125 0.0234375
0 0.1015625 0.56015625 0.015625 0.0234375
0 0.25703125 0.565625 0.0140625 0.01875
0 0.71484375 0.584375 0.015625 0.0234375
0 0.64296875 0.58359375 0.0140625 0.01875
0 0.07421875 0.56640625 0.0203125 0.0234375
0 0.3125 0.575 0.015625 0.0234375
0 0.68203125 0.5921875 0.0203125 0.028125
0 0.12890625 0.575 0.01875 0.01875
0 0.48046875 0.58984375 0.015625 0.028125
0 0.7125 0.5984375 0.0203125 0.028125
0 0.328125 0.584375 0.0140625 0.01875
0 0.2078125 0.5828125 0.0203125 0.0421875
0 0.57109375 0.5953125 0.0109375 0.0328125
0 0.3953125 0.590625 0.0140625 0.01875
0 0.24453125 0.58828125 0.0203125 0.0234375
0 0.6046875 0.603125 0.025 0.0296875
0 0.175 0.590625 0.0203125 0.0328125
0 0.6375 0.60625 0.025 0.0296875
0 0.1890625 0.590625 0.0203125 0.0328125
0 0.5796875 0.6046875 0.0203125 0.028125
0 0.35234375 0.60078125 0.0203125 0.0234375
0 0.32265625 0.6 0.0203125 0.028125
0 0.22734375 0.59921875 0.0203125 0.028125
0 0.08671875 0.59453125 0.015625 0.0234375
0 0.12578125 0.5953125 0.0203125 0.028125
0 0.725 0.6234375 0.025 0.0328125
0 0.70234375 0.62265625 0.025 0.0328125
0 0.30390625 0.6109375 0.0203125 0.028125
0 0.80546875 0.63125 0.0203125 0.028125
0 0.146875 0.61015625 0.0296875 0.0375
0 0.41484375 0.61953125 0.0203125 0.0375
0 0.0515625 0.609375 0.025 0.0328125
0 0.75 0.63359375 0.01875 0.01875
0 0.6640625 0.63046875 0.025 0.0328125
0 0.37265625 0.62265625 0.015625 0.028125
0 0.27578125 0.61953125 0.0203125 0.028125
0 0.13203125 0.61953125 0.0203125 0.028125
0 0.23828125 0.625 0.0203125 0.028125
0 0.43515625 0.634375 0.025 0.0296875
0 0.4765625 0.640625 0.025 0.0296875
0 0.75859375 0.65546875 0.01875 0.01875
0 0.14296875 0.64453125 0.0296875 0.0328125
0 0.37890625 0.653125 0.015625 0.0234375
0 0.24453125 0.6484375 0.0203125 0.0328125
0 0.05 0.64609375 0.025 0.0375
0 0.44375 0.66015625 0.0203125 0.0328125
0 0.39296875 0.6578125 0.025 0.0296875
0 0.20078125 0.65390625 0.0203125 0.0375
0 0.75546875 0.67578125 0.025 0.0296875
0 0.0890625 0.65234375 0.0328125 0.0375
0 0.025 0.65234375 0.025 0.0375
0 0.9796875 0.68828125 0.0296875 0.05625
0 0.62109375 0.67578125 0.0203125 0.0375
0 0.26328125 0.66328125 0.025 0.0328125
0 0.175 0.6625 0.0296875 0.0328125
0 0.771875 0.6921875 0.0203125 0.0328125
0 0.6421875 0.68984375 0.0328125 0.0421875
0 0.465625 0.68671875 0.015625 0.0375
0 0.325 0.68359375 0.0203125 0.0328125
0 0.21796875 0.68515625 0.0203125 0.0328125
0 0.14609375 0.69140625 0.0328125 0.0375
0 0.0875 0.68984375 0.0296875 0.0328125
0 0.7421875 0.72421875 0.025 0.0328125
0 0.2515625 0.709375 0.0203125 0.0234375
0 0.2859375 0.71484375 0.0296875 0.0328125
0 0.3328125 0.71875 0.025 0.0296875
0 0.7671875 0.740625 0.0203125 0.0421875
0 0.5796875 0.73671875 0.0203125 0.0375
0 0.45 0.734375 0.025 0.0328125
0 0.00546875 0.72578125 0.0109375 0.0421875
0 0.14453125 0.73046875 0.025 0.0375
0 0.521875 0.74609375 0.0203125 0.028125
0 0.34765625 0.73984375 0.025 0.0328125
0 0.065625 0.73046875 0.034375 0.046875
0 0.79453125 0.7578125 0.0203125 0.0328125
0 0.5484375 0.75859375 0.0390625 0.0515625
0 0.62265625 0.76171875 0.0203125 0.028125
0 0.9328125 0.775 0.08125 0.090625
0 0.409375 0.75625 0.025 0.0375
0 0.71015625 0.7671875 0.04375 0.05625
0 0.80546875 0.775 0.0203125 0.0234375
0 0.2265625 0.759375 0.0328125 0.0296875
0 0.43515625 0.76875 0.025 0.0375
0 0.509375 0.7765625 0.0296875 0.0421875
0 0.159375 0.7640625 0.0296875 0.0421875
0 0.025 0.765625 0.0296875 0.0421875
0 0.37421875 0.778125 0.025 0.0328125
0 0.29296875 0.77734375 0.025 0.0375
0 0.10078125 0.78203125 0.034375 0.046875
0 0.34140625 0.790625 0.025 0.0421875
0 0.19375 0.78828125 0.0328125 0.0375
0 0.40078125 0.809375 0.025 0.0375
0 0.38046875 0.81796875 0.025 0.0296875
0 0.15546875 0.8125 0.0328125 0.0375
0 0.01875 0.821875 0.0375 0.0421875
0 0.284375 0.83359375 0.025 0.0328125
0 0.17890625 0.86875 0.0375 0.0375
0 0.28515625 0.87734375 0.0375 0.0328125
0 0.109375 0.87578125 0.0421875 0.0328125