0 0.8484375 0.14296875 0.025 0.0203125
0 0.82890625 0.14609375 0.0140625 0.0140625
0 0.8890625 0.14921875 0.0203125 0.025
0 0.9078125 0.15078125 0.0203125 0.025
0 0.17890625 0.1125 0.0390625 0.04375
0 0.8703125 0.15078125 0.025 0.025
0 0.928125 0.15625 0.0203125 0.0296875
0 0.55546875 0.13671875 0.025 0.0375
0 0.95390625 0.1578125 0.0203125 0.0296875
0 0.975 0.1609375 0.0109375 0.01875
0 0.990625 0.16171875 0.0140625 0.0140625
0 0.88203125 0.15625 0.0203125 0.0203125
0 0.7640625 0.15 0.025 0.0203125
0 0.7875 0.15625 0.034375 0.034375
0 0.80546875 0.15703125 0.0296875 0.0203125
0 0.6890625 0.16015625 0.025 0.0296875
0 0.9921875 0.17578125 0.015625 0.01875
0 0.828125 0.16953125 0.025 0.0328125
0 0.23671875 0.14140625 0.0390625 0.04375
0 0.90625 0.1765625 0.0203125 0.0296875
0 0.703125 0.1671875 0.0203125 0.025
0 0.87578125 0.18125 0.025 0.0328125
0 0.73046875 0.17578125 0.0203125 0.025
0 0.77890625 0.178125 0.025 0.0296875
0 0.9609375 0.19453125 0.0203125 0.0375
0 0.99140625 0.19609375 0.0171875 0.0296875
0 0.1984375 0.1546875 0.0390625 0.053125
0 0.9375 0.19609375 0.034375 0.0484375
0 0.6765625 0.18203125 0.0296875 0.0328125
0 0.8546875 0.19609375 0.0296875 0.0375
0 0.99609375 0.20625 0.0078125 0.0375
0 0.7546875 0.19375 0.0390625 0.053125
0 0.80546875 0.1984375 0.034375 0.0484375
0 0.1703125 0.1671875 0.0390625 0.0578125
0 0.6984375 0.2 0.0390625 0.0390625
0 0.28046875 0.1828125 0.05 0.0671875
0 0.65234375 0.20234375 0.034375 0.0484375
0 0.909375 0.21796875 0.0296875 0.0328125
0 0.72890625 0.20859375 0.0296875 0.0421875
0 0.43671875 0.19765625 0.0640625 0.0765625
0 0.225 0.18671875 0.04375 0.0578125
0 0.50859375 0.20859375 0.0546875 0.0765625
0 0.60859375 0.22734375 0.034375 0.034375
0 0.9890625 0.25390625 0.021875 0.0515625
0 0.3796875 0.2265625 0.0640625 0.0671875
0 0.83046875 0.253125 0.0484375 0.0625
0 0.47734375 0.234375 0.06875 0.0828125
0 0.684375 0.24765625 0.0484375 0.0578125
0 0.95546875 0.26171875 0.04375 0.034375
0 0.54765625 0.24296875 0.0203125 0.0375
0 0.646875 0.26875 0.04375 0.053125
0 0.32734375 0.25703125 0.0546875 0.0859375
0 0.72265625 0.278125 0.0578125 0.0578125
0 0.52578125 0.27421875 0.053125 0.0578125
0 0.58515625 0.290625 0.0453125 0.0765625
0 0.4390625 0.28828125 0.0640625 0.0859375
0 0.96015625 0.31953125 0.0796875 0.0734375
0 0.50546875 0.30078125 0.0765625 0.0546875
0 0.25078125 0.29921875 0.09375 0.125
0 0.36875 0.3078125 0.0796875 0.1046875
0 0.778125 0.32890625 0.0734375 0.078125
0 0.70859375 0.32578125 0.0734375 0.0921875
0 0.09765625 0.30546875 0.09375 0.10625
0 0.628125 0.34921875 0.0890625 0.096875
0 0.50859375 0.3796875 0.09375 0.1015625
0 0.03046875 0.4609375 0.0609375 0.15625
0 0.65390625 0.5359375 0.1484375 0.196875
0 0.3859375 0.6984375 0.1859375 0.2171875