0 0.53125 0.0875 0.015625 0.015625
0 0.50625 0.1140625 0.00625 0.009375
0 0.00859375 0.30859375 0.0171875 0.0484375
0 0.65625 0.23125 0.0390625 0.059375
0 0.95703125 0.19921875 0.0234375 0.04375
0 0.73046875 0.23125 0.04375 0.0640625
0 0.00390625 0.3359375 0.0078125 0.071875
0 0.3921875 0.28984375 0.0375 0.05
0 0.0703125 0.32890625 0.0265625 0.034375
0 0.57109375 0.26796875 0.0328125 0.040625
0 0.02265625 0.3390625 0.0328125 0.0484375
0 0.921875 0.22890625 0.0484375 0.059375
0 0.0484375 0.33828125 0.0171875 0.0328125
0 0.1203125 0.3296875 0.0328125 0.040625
0 0.09453125 0.33515625 0.0328125 0.0484375
0 0.4421875 0.29453125 0.0171875 0.025
0 0.75859375 0.25546875 0.028125 0.04375
0 0.83046875 0.246875 0.025 0.021875
0 0.4265625 0.29921875 0.0265625 0.0265625
0 0.48828125 0.29140625 0.0484375 0.059375
0 0.7109375 0.2640625 0.021875 0.034375
0 0.59453125 0.28046875 0.021875 0.025
0 0.69765625 0.26796875 0.021875 0.0296875
0 0.1484375 0.3375 0.0625 0.071875
0 0.51875 0.2921875 0.021875 0.025
0 0.2890625 0.3203125 0.0265625 0.0265625
0 0.2109375 0.33203125 0.0171875 0.025
0 0.3609375 0.3140625 0.021875 0.025
0 0.22734375 0.3328125 0.021875 0.025
0 0.5328125 0.2953125 0.021875 0.025
0 0.3109375 0.325 0.0109375 0.015625
0 0.34765625 0.32265625 0.021875 0.025
0 0.79375 0.26796875 0.021875 0.025
0 0.32890625 0.325 0.015625 0.0203125
0 0.23515625 0.3390625 0.021875 0.025
0 0.95 0.25546875 0.0453125 0.0828125
0 0.2796875 0.33828125 0.0265625 0.034375
0 0.38984375 0.32734375 0.0609375 0.053125
0 0.4296875 0.321875 0.021875 0.025
0 0.4703125 0.3171875 0.021875 0.0296875
0 0.66796875 0.29296875 0.0390625 0.059375
0 0.83125 0.27265625 0.046875 0.0515625
0 0.56328125 0.3125 0.046875 0.0515625
0 0.6484375 0.30234375 0.0328125 0.0484375
0 0.45078125 0.32890625 0.0265625 0.034375
0 0.26796875 0.3609375 0.0375 0.05
0 0.5421875 0.0515625 0.0109375 0.015625
0 0.53359375 0.0671875 0.0109375 0.015625
0 0.51640625 0.0828125 0.0109375 0.015625