0 0.02734375 0.05625 0.015625 0.015625
0 0.16953125 0.04140625 0.0203125 0.0203125
0 0.815625 0.05078125 0.0171875 0.025
0 0.7203125 0.846875 0.0171875 0.0296875
0 0.92109375 0.82578125 0.021875 0.025
0 0.26171875 0.8953125 0.0203125 0.0203125
0 0.37734375 0.8828125 0.03125 0.0390625
0 0.86796875 0.83359375 0.0328125 0.04375
0 0.10625 0.9140625 0.0265625 0.034375
0 0.446875 0.8828125 0.0265625 0.0296875
0 0.7375 0.85234375 0.0265625 0.034375
0 0.67734375 0.85859375 0.0328125 0.04375
0 0.75625 0.8546875 0.021875 0.0390625
0 0.60234375 0.8734375 0.0234375 0.04375
0 0.790625 0.85390625 0.021875 0.0390625
0 0.25703125 0.91171875 0.0296875 0.0265625
0 0.9453125 0.8421875 0.0234375 0.053125
0 0.09140625 0.93203125 0.0359375 0.0484375
0 0.81484375 0.85546875 0.021875 0.025
0 0.296875 0.9125 0.028125 0.0484375
0 0.215625 0.92109375 0.0359375 0.040625
0 0.5640625 0.88671875 0.0359375 0.04375
0 0.6578125 0.071875 0.0265625 0.034375
0 0.428125 0.903125 0.03125 0.034375
0 0.13828125 0.93359375 0.03125 0.0390625
0 0.3265625 0.9140625 0.0265625 0.034375
0 0.840625 0.8625 0.0265625 0.0296875
0 0.1828125 0.9359375 0.0203125 0.0203125
0 0.3953125 0.92265625 0.025 0.021875
0 0.8125 0.87890625 0.0265625 0.0296875
0 0.96640625 0.8625 0.025 0.025
0 0.26875 0.93828125 0.021875 0.0296875
0 0.4765625 0.91875 0.034375 0.021875
0 0.19609375 0.9484375 0.0203125 0.015625
0 0.72734375 0.8921875 0.0296875 0.0125
0 0.91171875 0.8734375 0.025 0.0125
0 0.865625 0.88046875 0.025 0.021875
0 0.5890625 0.909375 0.0296875 0.0171875
0 0.08515625 0.9625 0.0203125 0.015625
0 0.5484375 0.91328125 0.025 0.0125
0 0.63984375 0.084375 0.021875 0.034375
0 0.121875 0.1390625 0.021875 0.0296875
0 0.05546875 0.1484375 0.025 0.025
0 0.921875 0.05703125 0.021875 0.0296875
0 0.5375 0.1046875 0.0171875 0.0296875
0 0.4734375 0.01171875 0.021875 0.0234375
0 0.565625 0.10390625 0.0171875 0.0296875
0 0.2203125 0.14296875 0.0265625 0.034375
0 0.3125 0.1359375 0.021875 0.034375
0 0.665625 0.103125 0.0265625 0.0390625
0 0.26484375 0.14765625 0.021875 0.0296875
0 0.71953125 0.10703125 0.021875 0.034375
0 0.92890625 0.0921875 0.03125 0.03125
0 0.86640625 0.10546875 0.021875 0.0296875
0 0.54609375 0.1390625 0.0203125 0.0203125
0 0.8546875 0.109375 0.021875 0.025
0 0.7078125 0.12734375 0.021875 0.034375
0 0.7890625 0.1234375 0.0171875 0.0296875
0 0.77578125 0.13125 0.0171875 0.0296875
0 0.8234375 0.12578125 0.0171875 0.025
0 0.35703125 0.175 0.021875 0.0296875
0 0.59140625 0.15234375 0.021875 0.0296875
0 0.33359375 0.1796875 0.021875 0.034375
0 0.66796875 0.14921875 0.025 0.021875
0 0.89140625 0.12578125 0.021875 0.034375
0 0.128125 0.21796875 0.021875 0.034375
0 0.3859375 0.190625 0.0265625 0.0390625
0 0.38984375 0.02734375 0.0265625 0.0296875
0 0.73203125 0.15703125 0.021875 0.0296875
0 0.034375 0.234375 0.0265625 0.034375
0 0.1109375 0.22890625 0.0265625 0.034375
0 0.66796875 0.17265625 0.0171875 0.0296875
0 0.178125 0.22421875 0.021875 0.0296875
0 0.62421875 0.19140625 0.021875 0.034375
0 0.71796875 0.18203125 0.021875 0.034375
0 0.56171875 0.1984375 0.021875 0.0390625
0 0.25703125 0.23046875 0.021875 0.0296875
0 0.77109375 0.178125 0.0171875 0.0296875
0 0.86640625 0.17109375 0.021875 0.025
0 0.4171875 0.2203125 0.021875 0.034375
0 0.57578125 0.20625 0.0265625 0.034375
0 0.8296875 0.18203125 0.0171875 0.0296875
0 0.3 0.2375 0.0171875 0.0328125
0 0.00859375 0.26796875 0.0171875 0.0296875
0 0.9375 0.171875 0.021875 0.0296875
0 0.36015625 0.2328125 0.0265625 0.0296875
0 0.06796875 0.06640625 0.021875 0.0296875
0 0.13203125 0.26171875 0.021875 0.034375
0 0.06796875 0.2703125 0.015625 0.0203125
0 0.9609375 0.190625 0.021875 0.0390625
0 0.47734375 0.24140625 0.03125 0.034375
0 0.01015625 0.29296875 0.0203125 0.0296875
0 0.721875 0.22265625 0.0171875 0.025
0 0.54296875 0.24140625 0.021875 0.0390625
0 0.33984375 0.265625 0.0265625 0.0296875
0 0.4375 0.25546875 0.015625 0.0203125
0 0.46953125 0.25390625 0.0171875 0.0296875
0 0.50625 0.2546875 0.021875 0.0390625
0 0.22890625 0.2890625 0.021875 0.025
0 0.4015625 0.27578125 0.0265625 0.0390625
0 0.3125 0.2875 0.021875 0.0390625
0 0.6484375 0.2515625 0.021875 0.025
0 0.61875 0.25703125 0.0265625 0.034375
0 0.02734375 0.31953125 0.0265625 0.0296875
0 0.59140625 0.26015625 0.021875 0.0296875
0 0.8125 0.2390625 0.021875 0.0296875
0 0.08671875 0.315625 0.021875 0.0296875
0 0.44296875 0.2828125 0.021875 0.0296875
0 0.86875 0.2421875 0.021875 0.0296875
0 0.2703125 0.309375 0.025 0.025
0 0.48984375 0.29375 0.021875 0.0296875
0 0.5796875 0.2890625 0.021875 0.034375
0 0.79921875 0.26796875 0.0171875 0.025
0 0.334375 0.32421875 0.021875 0.0296875
0 0.12421875 0.35546875 0.021875 0.025
0 0.7703125 0.2875 0.0171875 0.025
0 0.1890625 0.3515625 0.021875 0.025
0 0.23828125 0.353125 0.021875 0.0296875
0 0.86953125 0.29375 0.0265625 0.0296875
0 0.53515625 0.32890625 0.0265625 0.0390625
0 0.28671875 0.35703125 0.0265625 0.034375
0 0.82421875 0.30546875 0.021875 0.034375
0 0.471875 0.3453125 0.021875 0.034375
0 0.95546875 0.2984375 0.025 0.025
0 0.64296875 0.33828125 0.021875 0.0296875
0 0.61875 0.34765625 0.0171875 0.0296875
0 0.41953125 0.04296875 0.0171875 0.025
0 0.053125 0.409375 0.03125 0.034375
0 0.90234375 0.325 0.0265625 0.0296875
0 0.20703125 0.39765625 0.021875 0.025
0 0.090625 0.41484375 0.021875 0.025
0 0.48359375 0.03828125 0.021875 0.0296875
0 0.790625 0.3625 0.021875 0.0390625
0 0.84375 0.359375 0.0171875 0.025
0 0.0921875 0.4515625 0.021875 0.0296875
0 0.56171875 0.40234375 0.03125 0.034375
0 0.734375 0.384375 0.0203125 0.015625
0 0.86796875 0.3703125 0.0265625 0.034375
0 0.00703125 0.4625 0.0140625 0.04375
0 0.41953125 0.421875 0.025 0.025
0 0.475 0.41875 0.0265625 0.0296875
0 0.2453125 0.44765625 0.0265625 0.0296875
0 0.49921875 0.4234375 0.021875 0.034375
0 0.6046875 0.028125 0.0265625 0.0296875
0 0.6328125 0.41171875 0.025 0.025
0 0.97109375 0.37578125 0.025 0.025
0 0.1125 0.46640625 0.021875 0.0296875
0 0.7296875 0.40390625 0.025 0.025
0 0.81484375 0.39453125 0.0265625 0.034375
0 0.1953125 0.459375 0.03125 0.0390625
0 0.6671875 0.4125 0.0265625 0.0296875
0 0.278125 0.453125 0.0171875 0.0296875
0 0.89765625 0.39296875 0.0203125 0.0203125
0 0.028125 0.484375 0.021875 0.025
0 0.4359375 0.44609375 0.021875 0.025
0 0.31484375 0.46171875 0.0265625 0.034375
0 0.721875 0.41875 0.021875 0.0296875
0 0.71171875 0.4265625 0.0296875 0.021875
0 0.41640625 0.4578125 0.0171875 0.025
0 0.60546875 0.43984375 0.0265625 0.034375
0 0.87265625 0.41484375 0.03125 0.0390625
0 0.7484375 0.4296875 0.021875 0.025
0 0.11796875 0.4984375 0.0171875 0.025
0 0.43828125 0.05 0.021875 0.0390625
0 0.7859375 0.43046875 0.03125 0.034375
0 0.371875 0.47421875 0.0265625 0.0390625
0 0.65234375 0.44453125 0.021875 0.025
0 0.89921875 0.42109375 0.021875 0.034375
0 0.03984375 0.51171875 0.03125 0.034375
0 0.7359375 0.440625 0.0171875 0.025
0 0.93046875 0.00859375 0.0265625 0.0171875
0 0.39296875 0.0546875 0.0203125 0.0203125
0 0.93203125 0.42421875 0.03125 0.0390625
0 0.16953125 0.50390625 0.03125 0.03125
0 0.303125 0.48984375 0.025 0.025
0 0.50859375 0.46875 0.021875 0.0296875
0 0.71328125 0.446875 0.0328125 0.04375
0 0.4234375 0.48203125 0.0265625 0.0390625
0 0.66953125 0.45625 0.021875 0.025
0 0.9859375 0.428125 0.0125 0.0328125
0 0.23515625 0.50859375 0.03125 0.0390625
0 0.065625 0.52890625 0.0328125 0.04375
0 0.5671875 0.4765625 0.0265625 0.034375
0 0.35859375 0.0609375 0.021875 0.034375
0 0.75625 0.45859375 0.021875 0.034375
0 0.01328125 0.5390625 0.0265625 0.034375
0 0.6140625 0.4765625 0.03125 0.0390625
0 0.3515625 0.50625 0.025 0.025
0 0.6859375 0.4734375 0.034375 0.03125
0 0.51875 0.49609375 0.021875 0.025
0 0.30390625 0.51796875 0.0265625 0.0390625
0 0.83203125 0.46484375 0.0328125 0.04375
0 0.09609375 0.090625 0.021875 0.0296875
0 0.125 0.54140625 0.0265625 0.0296875
0 0.109375 0.5484375 0.025 0.025
0 0.4046875 0.51953125 0.0265625 0.0390625
0 0.18828125 0.54453125 0.021875 0.0296875
0 0.28046875 0.53515625 0.0171875 0.0296875
0 0.5328125 0.50859375 0.021875 0.0296875
0 0.37265625 0.52734375 0.021875 0.0296875
0 0.2578125 0.53984375 0.0265625 0.034375
0 0.85625 0.47890625 0.0265625 0.0390625
0 0.709375 0.49453125 0.03125 0.0390625
0 0.76796875 0.49765625 0.0265625 0.0390625
0 0.046875 0.5734375 0.0359375 0.040625
0 0.359375 0.540625 0.0171875 0.0328125
0 0.9 0.01171875 0.021875 0.0234375
0 0.7328125 0.50625 0.0265625 0.034375
0 0.62265625 0.51796875 0.025 0.021875
0 0.42734375 0.53828125 0.0265625 0.0296875
0 0.29140625 0.55390625 0.0265625 0.0296875
0 0.17421875 0.56875 0.03125 0.034375
0 0.55390625 0.0453125 0.021875 0.0296875
0 0.46328125 0.54296875 0.03125 0.03125
0 0.01875 0.58984375 0.028125 0.04375
0 0.11484375 0.58203125 0.0265625 0.0296875
0 0.3296875 0.56171875 0.0265625 0.034375
0 0.36875 0.5578125 0.015625 0.0203125
0 0.14140625 0.584375 0.021875 0.034375
0 0.68203125 0.5296875 0.0265625 0.0296875
0 0.61328125 0.5390625 0.015625 0.0109375
0 0.9796875 0.503125 0.0265625 0.0390625
0 0.8234375 0.52421875 0.0265625 0.0296875
0 0.63515625 0.54609375 0.0328125 0.04375
0 0.525 0.56015625 0.021875 0.034375
0 0.56171875 0.55859375 0.021875 0.0296875
0 0.2375 0.5953125 0.021875 0.0390625
0 0.459375 0.57421875 0.0265625 0.0296875
0 0.371875 0.5859375 0.021875 0.0296875
0 0.040625 0.6203125 0.03125 0.03125
0 0.665625 0.5546875 0.0265625 0.034375
0 0.60625 0.5609375 0.021875 0.034375
0 0.9015625 0.534375 0.0203125 0.0203125
0 0.415625 0.5859375 0.0265625 0.034375
0 0.09609375 0.61953125 0.0265625 0.0390625
0 0.5421875 0.575 0.0265625 0.0390625
0 0.38671875 0.0671875 0.0109375 0.0203125
0 0.29140625 0.60390625 0.0265625 0.0390625
0 0.159375 0.61953125 0.0265625 0.0390625
0 0.44453125 0.58984375 0.0265625 0.0296875
0 0.2078125 0.6171875 0.021875 0.0390625
0 0.51640625 0.58671875 0.03125 0.03125
0 0.80625 0.02578125 0.021875 0.0296875
0 0.19609375 0.08984375 0.03125 0.034375
0 0.74375 0.565625 0.03125 0.034375
0 0.878125 0.55390625 0.0265625 0.034375
0 0.6 0.5828125 0.0203125 0.0203125
0 0.14140625 0.6328125 0.0234375 0.04375
0 0.97265625 0.5453125 0.0265625 0.0296875
0 0.3421875 0.6140625 0.021875 0.034375
0 0.2359375 0.08515625 0.0171875 0.0328125
0 0.925 0.5578125 0.03125 0.034375
0 0.6859375 0.58515625 0.0265625 0.0390625
0 0.8171875 0.57578125 0.015625 0.0203125
0 0.03046875 0.6609375 0.0265625 0.034375
0 0.70703125 0.58984375 0.03125 0.0390625
0 0.3140625 0.6359375 0.0265625 0.0296875
0 0.6 0.6078125 0.028125 0.04375
0 0.45546875 0.62578125 0.0265625 0.0296875
0 0.23828125 0.65078125 0.03125 0.0390625
0 0.51875 0.0578125 0.0265625 0.0296875
0 0.75234375 0.6015625 0.021875 0.034375
0 0.10625 0.671875 0.0265625 0.034375
0 0.97890625 0.5796875 0.021875 0.034375
0 0.90546875 0.5875 0.0265625 0.0390625
0 0.64765625 0.6171875 0.021875 0.025
0 0.4125 0.6421875 0.0265625 0.0390625
0 0.5375 0.62890625 0.0265625 0.0390625
0 0.8796875 0.5953125 0.021875 0.0296875
0 0.7421875 0.61171875 0.021875 0.034375
0 0.51875 0.63515625 0.0265625 0.0390625
0 0.44765625 0.64765625 0.0265625 0.0296875
0 0.79140625 0.6140625 0.0265625 0.034375
0 0.15859375 0.68046875 0.028125 0.04375
0 0.81875 0.61328125 0.0171875 0.0375
0 0.35234375 0.6625 0.021875 0.034375
0 0.08046875 0.69296875 0.0296875 0.021875
0 0.63515625 0.63515625 0.03125 0.0390625
0 0.6703125 0.63359375 0.0265625 0.0390625
0 0.61484375 0.6421875 0.021875 0.034375
0 0.5046875 0.653125 0.0234375 0.04375
0 0.05078125 0.70546875 0.0234375 0.04375
0 0.03359375 0.709375 0.0265625 0.034375
0 0.440625 0.67109375 0.0265625 0.034375
0 0.3234375 0.68359375 0.0265625 0.0296875
0 0.25234375 0.69296875 0.0265625 0.0390625
0 0.3953125 0.678125 0.021875 0.0296875
0 0.8765625 0.63046875 0.021875 0.0296875
0 0.18359375 0.703125 0.021875 0.0390625
0 0.9625 0.6234375 0.021875 0.0390625
0 0.396875 0.07578125 0.021875 0.025
0 0.46875 0.6875 0.0265625 0.034375
0 0.68515625 0.04765625 0.0265625 0.0296875
0 0.1234375 0.72578125 0.0265625 0.034375
0 0.075 0.73046875 0.028125 0.04375
0 0.28515625 0.7109375 0.021875 0.0390625
0 0.91875 0.64921875 0.021875 0.0390625
0 0.0109375 0.05546875 0.015625 0.015625
0 0.759375 0.665625 0.03125 0.0390625
0 0.98203125 0.65234375 0.0265625 0.0296875
0 0.34375 0.71875 0.021875 0.034375
0 0.653125 0.69140625 0.028125 0.04375
0 0.4453125 0.715625 0.0265625 0.034375
0 0.19921875 0.74375 0.03125 0.0390625
0 0.00625 0.121875 0.0125 0.025
0 0.8953125 0.6703125 0.0265625 0.0390625
0 0.11015625 0.75546875 0.0203125 0.0203125
0 0.1703125 0.7515625 0.021875 0.0296875
0 0.2484375 0.74296875 0.025 0.021875
0 0.40546875 0.73046875 0.0265625 0.0390625
0 0.03984375 0.76875 0.021875 0.0390625
0 0.475 0.7234375 0.025 0.025
0 0.6796875 0.70390625 0.021875 0.0296875
0 0.15546875 0.76171875 0.0171875 0.0296875
0 0.69609375 0.70703125 0.021875 0.025
0 0.03359375 0.77890625 0.0171875 0.0328125
0 0.51953125 0.7328125 0.021875 0.034375
0 0.07265625 0.7796875 0.0203125 0.0203125
0 0.8171875 0.70390625 0.021875 0.0390625
0 0.33671875 0.759375 0.0265625 0.034375
0 0.26484375 0.76875 0.028125 0.04375
0 0.4703125 0.74765625 0.0328125 0.0171875
0 0.7765625 0.71796875 0.0234375 0.0484375
0 0.2453125 0.7734375 0.0234375 0.04375
0 0.5734375 0.7390625 0.021875 0.025
0 0.18359375 0.78203125 0.0203125 0.0203125
0 0.109375 0.78984375 0.021875 0.034375
0 0.96796875 0.7 0.028125 0.04375
0 0.62734375 0.73828125 0.0265625 0.034375
0 0.15390625 0.796875 0.021875 0.025
0 0.08515625 0.80703125 0.021875 0.0296875
0 0.89375 0.72421875 0.0296875 0.021875
0 0.67578125 0.74921875 0.0265625 0.034375
0 0.91953125 0.72578125 0.0265625 0.0390625
0 0.94375 0.0296875 0.0125 0.0375
0 0.2015625 0.80390625 0.0265625 0.0390625
0 0.225 0.80390625 0.021875 0.0390625
0 0.31171875 0.796875 0.0125 0.0328125
0 0.99375 0.72421875 0.0125 0.0390625
0 0.25546875 0.03203125 0.015625 0.0203125
0 0.52734375 0.77890625 0.021875 0.034375
0 0.621875 0.76953125 0.021875 0.034375
0 0.871875 0.74453125 0.03125 0.0390625
0 0.85390625 0.74609375 0.0171875 0.0296875
0 0.04375 0.83359375 0.0265625 0.034375
0 0.578125 0.778125 0.021875 0.0390625
0 0.13359375 0.8265625 0.021875 0.0390625
0 0.3296875 0.80625 0.028125 0.04375
0 0.178125 0.821875 0.021875 0.0390625
0 0.553125 0.7828125 0.0203125 0.015625
0 0.45390625 0.7953125 0.021875 0.034375
0 0.8203125 0.759375 0.0359375 0.040625
0 0.39921875 0.80625 0.028125 0.04375
0 0.2859375 0.1015625 0.0265625 0.0296875
0 0.0703125 0.8453125 0.025 0.025
0 0.15625 0.8359375 0.0265625 0.0390625
0 0.4328125 0.80703125 0.0328125 0.04375
0 0.24921875 0.83125 0.0328125 0.04375
0 0.096875 0.84921875 0.0265625 0.034375
0 0.2953125 0.82890625 0.028125 0.0484375
0 0.91015625 0.0359375 0.025 0.025
0 0.9671875 0.7578125 0.025 0.025
0 0.70234375 0.78828125 0.0265625 0.0296875
0 0.4828125 0.82109375 0.0328125 0.04375
0 0.63203125 0.80546875 0.021875 0.034375
0 0.3703125 0.8328125 0.028125 0.04375
0 0.11953125 0.8609375 0.021875 0.0390625
0 0.92734375 0.77890625 0.0265625 0.034375
0 0.7296875 0.79921875 0.021875 0.0390625
0 0.9890625 0.7734375 0.021875 0.034375
0 0.89765625 0.78671875 0.021875 0.0390625
0 0.5484375 0.8234375 0.03125 0.03125
0 0.078125 0.875 0.03125 0.03125
0 0.659375 0.81875 0.0140625 0.0421875
0 0.45234375 0.84296875 0.0265625 0.0390625
0 0.6 0.8296875 0.0171875 0.0296875
0 0.51171875 0.8390625 0.021875 0.0390625
0 0.784375 0.81015625 0.0265625 0.0390625
0 0.96640625 0.79375 0.0328125 0.04375
0 0.6671875 0.82734375 0.021875 0.025
0 0.31484375 0.8640625 0.025 0.021875
0 0.21640625 0.88125 0.0265625 0.0296875
0 0.8359375 0.815625 0.0328125 0.0484375
0 0.30234375 0.87421875 0.025 0.025
0 0.56875 0.8484375 0.0265625 0.034375
0 0.2765625 0.8796875 0.025 0.025
0 0.62109375 0.85 0.021875 0.034375
0 0.88984375 0.82421875 0.03125 0.034375
0 0.18828125 0.89765625 0.03125 0.03125
0 0.1515625 0.90390625 0.0265625 0.0296875