0 0.27734375 0.3015625 0.0265625 0.0265625
0 0.2546875 0.30625 0.0265625 0.034375
0 0.19296875 0.31640625 0.021875 0.025
0 0.28984375 0.3046875 0.021875 0.025
0 0.29609375 0.30390625 0.0125 0.025
0 0.30859375 0.30625 0.0171875 0.025
0 0.22890625 0.3234375 0.0265625 0.03125
0 0.1640625 0.34765625 0.0109375 0.0203125
0 0.17890625 0.353125 0.015625 0.0203125
0 0.35625 0.375 0.0046875 0.0046875
0 0.3609375 0.3765625 0.0046875 0.0046875
0 0.35703125 0.37734375 0.0046875 0.0046875
0 0.3734375 0.378125 0.0046875 0.0046875
0 0.396875 0.384375 0.0046875 0.0046875
0 0.37265625 0.38984375 0.0046875 0.0046875
0 0.346875 0.3953125 0.0046875 0.0046875
0 0.359375 0.3984375 0.0046875 0.0046875
0 0.38515625 0.3953125 0.0046875 0.0046875
0 0.43515625 0.3890625 0.0046875 0.0046875
0 0.3875 0.3953125 0.0046875 0.0046875
0 0.36171875 0.40078125 0.0046875 0.0046875
0 0.4265625 0.39453125 0.0046875 0.0046875
0 0.3734375 0.4015625 0.0046875 0.0046875
0 0.3625 0.40546875 0.0046875 0.0046875
0 0.43828125 0.39609375 0.0046875 0.0046875
0 0.4359375 0.39609375 0.0046875 0.0046875
0 0.38203125 0.41015625 0.0046875 0.0046875
0 0.37734375 0.41015625 0.0046875 0.0046875
0 0.43671875 0.403125 0.0046875 0.0046875
0 0.45078125 0.4015625 0.0046875 0.0046875
0 0.42734375 0.40390625 0.0046875 0.0046875
0 0.38671875 0.41171875 0.0046875 0.0046875
0 0.44921875 0.40390625 0.0046875 0.0046875
0 0.4140625 0.4109375 0.0046875 0.0046875
0 0.42578125 0.409375 0.00625 0.009375
0 0.3828125 0.41484375 0.0046875 0.0046875
0 0.4671875 0.40390625 0.0046875 0.0046875
0 0.3640625 0.41875 0.0046875 0.0046875
0 0.40078125 0.41484375 0.0046875 0.0046875
0 0.45625 0.4078125 0.00625 0.009375
0 0.36171875 0.41953125 0.0046875 0.0046875
0 0.403125 0.4140625 0.0046875 0.0046875
0 0.4765625 0.40546875 0.0046875 0.0046875
0 0.4125 0.415625 0.0046875 0.0046875
0 0.36875 0.42109375 0.0046875 0.0046875
0 0.37578125 0.4203125 0.0046875 0.0046875
0 0.475 0.409375 0.0046875 0.0046875
0 0.3390625 0.42578125 0.0046875 0.0046875
0 0.36015625 0.4234375 0.0046875 0.0046875
0 0.42421875 0.415625 0.0046875 0.0046875
0 0.41484375 0.41640625 0.0046875 0.0046875
0 0.36484375 0.42265625 0.0046875 0.0046875
0 0.35078125 0.42734375 0.0046875 0.0046875
0 0.34453125 0.43046875 0.00625 0.009375
0 0.465625 0.41484375 0.00625 0.009375
0 0.371875 0.4265625 0.0046875 0.0046875
0 0.453125 0.4171875 0.00625 0.009375
0 0.4984375 0.4109375 0.0046875 0.0046875
0 0.35390625 0.42890625 0.0046875 0.0046875
0 0.4890625 0.4125 0.00625 0.009375
0 0.49609375 0.41171875 0.0046875 0.0046875
0 0.4015625 0.4234375 0.0046875 0.0046875
0 0.43671875 0.41875 0.0046875 0.0046875
0 0.42734375 0.4203125 0.0046875 0.0046875
0 0.475 0.4140625 0.0046875 0.0046875
0 0.43203125 0.421875 0.0046875 0.0046875
0 0.4015625 0.42578125 0.0046875 0.0046875
0 0.3890625 0.42734375 0.0046875 0.0046875
0 0.496875 0.4140625 0.0046875 0.0046875
0 0.425 0.42265625 0.00625 0.009375
0 0.36328125 0.4328125 0.00625 0.009375
0 0.4140625 0.4265625 0.00625 0.009375
0 0.43671875 0.4234375 0.00625 0.009375
0 0.4875 0.41953125 0.0046875 0.0046875
0 0.43046875 0.4265625 0.0046875 0.0046875
0 0.35703125 0.4359375 0.0046875 0.0046875
0 0.37265625 0.43359375 0.0046875 0.0046875
0 0.45859375 0.4234375 0.0046875 0.0046875
0 0.47421875 0.4234375 0.00625 0.009375
0 0.3875 0.434375 0.00625 0.009375
0 0.4421875 0.42734375 0.0046875 0.0046875
0 0.5046875 0.4203125 0.00625 0.009375
0 0.5109375 0.41875 0.00625 0.009375
0 0.47890625 0.4234375 0.00625 0.009375
0 0.48359375 0.42265625 0.00625 0.009375
0 0.396875 0.4328125 0.00625 0.009375
0 0.409375 0.43125 0.00625 0.009375
0 0.4328125 0.42890625 0.0046875 0.0046875
0 0.421875 0.4328125 0.0046875 0.0046875
0 0.36640625 0.4390625 0.00625 0.009375
0 0.36171875 0.43984375 0.0046875 0.0046875
0 0.52109375 0.42265625 0.0046875 0.0046875
0 0.403125 0.43671875 0.00625 0.009375
0 0.525 0.42421875 0.00625 0.009375
0 0.43359375 0.4359375 0.00625 0.009375
0 0.5125 0.42578125 0.0046875 0.0046875
0 0.475 0.43046875 0.00625 0.009375
0 0.36484375 0.446875 0.0046875 0.0046875
0 0.51953125 0.42734375 0.0046875 0.0046875
0 0.45546875 0.43515625 0.0046875 0.0046875
0 0.484375 0.43203125 0.00625 0.009375
0 0.465625 0.434375 0.0046875 0.0046875
0 0.34921875 0.4484375 0.0046875 0.0046875
0 0.5375 0.425 0.0046875 0.0046875
0 0.42734375 0.44140625 0.00625 0.009375
0 0.3609375 0.44921875 0.00625 0.009375
0 0.40390625 0.44375 0.0046875 0.0046875
0 0.3953125 0.4453125 0.00625 0.009375
0 0.390625 0.4453125 0.00625 0.009375
0 0.49609375 0.4328125 0.00625 0.009375
0 0.38203125 0.44921875 0.00625 0.009375
0 0.4234375 0.44375 0.00625 0.009375
0 0.44140625 0.4421875 0.0046875 0.0046875
0 0.48046875 0.43671875 0.00625 0.009375
0 0.36796875 0.453125 0.00625 0.009375
0 0.47109375 0.440625 0.00625 0.009375
0 0.559375 0.4296875 0.00625 0.009375
0 0.45859375 0.4421875 0.00625 0.009375
0 0.4828125 0.4390625 0.00625 0.009375
0 0.4875 0.43828125 0.00625 0.009375
0 0.40234375 0.4515625 0.00625 0.009375
0 0.4671875 0.44375 0.00625 0.009375
0 0.5 0.4390625 0.00625 0.009375
0 0.54296875 0.434375 0.00625 0.009375
0 0.5546875 0.4328125 0.00625 0.009375
0 0.50703125 0.440625 0.00625 0.009375
0 0.41953125 0.4515625 0.00625 0.009375
0 0.4421875 0.4484375 0.00625 0.009375
0 0.52734375 0.43828125 0.0109375 0.0109375
0 0.37109375 0.4578125 0.0046875 0.0046875
0 0.38046875 0.45859375 0.0046875 0.0046875
0 0.36015625 0.4609375 0.0046875 0.0046875
0 0.54140625 0.4390625 0.00625 0.009375
0 0.45 0.45 0.0046875 0.0046875
0 0.36484375 0.4609375 0.0046875 0.0046875
0 0.51875 0.44375 0.0046875 0.0046875
0 0.40859375 0.4578125 0.0046875 0.0046875
0 0.4796875 0.44921875 0.00625 0.009375
0 0.4703125 0.45 0.0046875 0.0046875
0 0.57421875 0.4375 0.00625 0.009375
0 0.4484375 0.45546875 0.00625 0.009375
0 0.5578125 0.44140625 0.00625 0.009375
0 0.43203125 0.45703125 0.00625 0.009375
0 0.390625 0.4625 0.00625 0.009375
0 0.5625 0.44140625 0.00625 0.009375
0 0.39765625 0.46171875 0.0046875 0.0046875
0 0.371875 0.46484375 0.00625 0.009375
0 0.46171875 0.453125 0.00625 0.009375
0 0.55390625 0.4421875 0.0046875 0.0046875
0 0.5796875 0.44140625 0.00625 0.009375
0 0.3859375 0.46484375 0.00625 0.009375
0 0.35390625 0.46953125 0.00625 0.009375
0 0.34921875 0.46953125 0.0109375 0.015625
0 0.5171875 0.44921875 0.0046875 0.0046875
0 0.43671875 0.45859375 0.00625 0.009375
0 0.54921875 0.44765625 0.00625 0.009375
0 0.39609375 0.46640625 0.00625 0.009375
0 0.38203125 0.46796875 0.00625 0.009375
0 0.41171875 0.4640625 0.00625 0.009375
0 0.45859375 0.4609375 0.0046875 0.0046875
0 0.5203125 0.453125 0.0046875 0.0046875
0 0.478125 0.45859375 0.00625 0.009375
0 0.4328125 0.46640625 0.00625 0.009375
0 0.5453125 0.45234375 0.00625 0.009375
0 0.5828125 0.4484375 0.0109375 0.0109375
0 0.36640625 0.475 0.00625 0.009375
0 0.3734375 0.47421875 0.0046875 0.0046875
0 0.60078125 0.44609375 0.0109375 0.0109375
0 0.446875 0.4671875 0.00625 0.009375
0 0.56171875 0.453125 0.0109375 0.0109375
0 0.4078125 0.471875 0.00625 0.009375
0 0.4125 0.47109375 0.0109375 0.0109375
0 0.44453125 0.4671875 0.00625 0.009375
0 0.35546875 0.48046875 0.00625 0.009375
0 0.534375 0.45859375 0.0109375 0.015625
0 0.3859375 0.4796875 0.0109375 0.0109375
0 0.4171875 0.47578125 0.0109375 0.0109375
0 0.39296875 0.47890625 0.00625 0.0140625
0 0.3765625 0.4828125 0.00625 0.009375
0 0.46796875 0.471875 0.0109375 0.0109375
0 0.425 0.47734375 0.0046875 0.0046875
0 0.57421875 0.45859375 0.0109375 0.015625
0 0.46015625 0.47421875 0.0109375 0.0109375
0 0.5125 0.46796875 0.00625 0.0140625
0 0.36328125 0.4859375 0.00625 0.0140625
0 0.5078125 0.46796875 0.0109375 0.0109375
0 0.55390625 0.46484375 0.00625 0.009375
0 0.403125 0.48359375 0.00625 0.009375
0 0.50390625 0.47109375 0.00625 0.0140625
0 0.59765625 0.46171875 0.0109375 0.015625
0 0.565625 0.465625 0.00625 0.009375
0 0.60234375 0.4640625 0.00625 0.009375
0 0.6421875 0.45859375 0.0109375 0.015625
0 0.628125 0.4609375 0.00625 0.009375
0 0.38046875 0.49375 0.00625 0.009375
0 0.58046875 0.47109375 0.0046875 0.0046875
0 0.4859375 0.4828125 0.0109375 0.015625
0 0.61015625 0.46953125 0.0109375 0.015625
0 0.40390625 0.4953125 0.00625 0.009375
0 0.475 0.48671875 0.00625 0.009375
0 0.51015625 0.484375 0.0109375 0.015625
0 0.5765625 0.4765625 0.00625 0.009375
0 0.67265625 0.46484375 0.0109375 0.015625
0 0.64609375 0.4703125 0.0109375 0.015625
0 0.6296875 0.47265625 0.0109375 0.015625
0 0.6015625 0.47578125 0.0109375 0.015625
0 0.365625 0.50703125 0.00625 0.009375
0 0.38671875 0.5046875 0.0109375 0.015625
0 0.615625 0.4765625 0.00625 0.0140625
0 0.49921875 0.49296875 0.00625 0.009375
0 0.66171875 0.47265625 0.0109375 0.015625
0 0.45859375 0.50078125 0.0109375 0.0109375
0 0.58203125 0.48515625 0.0109375 0.0203125
0 0.45390625 0.503125 0.00625 0.009375
0 0.6359375 0.48359375 0.0109375 0.015625
0 0.45 0.50859375 0.00625 0.0140625
0 0.39296875 0.51796875 0.0109375 0.015625
0 0.4890625 0.50625 0.0109375 0.015625
0 0.62265625 0.48984375 0.0109375 0.015625
0 0.59921875 0.4921875 0.0109375 0.015625
0 0.6546875 0.4859375 0.0109375 0.015625
0 0.37890625 0.521875 0.0109375 0.015625
0 0.67578125 0.4875 0.0109375 0.015625
0 0.721875 0.484375 0.015625 0.015625
0 0.47578125 0.51484375 0.0109375 0.015625
0 0.4671875 0.515625 0.0109375 0.015625
0 0.59140625 0.50078125 0.00625 0.0140625
0 0.40078125 0.5265625 0.0109375 0.015625
0 0.709375 0.490625 0.0109375 0.015625
0 0.4234375 0.52578125 0.0109375 0.0109375
0 0.5046875 0.515625 0.00625 0.009375
0 0.5875 0.50546875 0.0109375 0.0109375
0 0.37109375 0.53203125 0.00625 0.0140625
0 0.53359375 0.5125 0.0109375 0.015625
0 0.41015625 0.5296875 0.00625 0.0140625
0 0.421875 0.5328125 0.00625 0.0140625
0 0.56484375 0.515625 0.0109375 0.0109375
0 0.72109375 0.49921875 0.015625 0.015625
0 0.5265625 0.52265625 0.015625 0.0203125
0 0.61796875 0.5140625 0.0109375 0.015625
0 0.43671875 0.5359375 0.0109375 0.015625
0 0.37265625 0.54609375 0.00625 0.0140625
0 0.41015625 0.54140625 0.00625 0.0140625
0 0.565625 0.52265625 0.015625 0.0203125
0 0.53828125 0.52734375 0.0109375 0.0203125
0 0.378125 0.55 0.0109375 0.0109375
0 0.5109375 0.53359375 0.0109375 0.0203125
0 0.58515625 0.5265625 0.0109375 0.015625
0 0.4859375 0.5390625 0.0109375 0.015625
0 0.44453125 0.54375 0.0109375 0.0203125
0 0.6515625 0.51796875 0.015625 0.0203125
0 0.76015625 0.5078125 0.0109375 0.0203125
0 0.45703125 0.54453125 0.0109375 0.015625
0 0.43125 0.55 0.0109375 0.0203125
0 0.728125 0.51640625 0.015625 0.015625
0 0.41328125 0.55703125 0.0109375 0.0203125
0 0.38828125 0.56015625 0.0109375 0.0203125
0 0.6734375 0.525 0.015625 0.0203125
0 0.4390625 0.55625 0.0109375 0.015625
0 0.575 0.53984375 0.0109375 0.0203125
0 0.6390625 0.53203125 0.015625 0.015625
0 0.7796875 0.51640625 0.015625 0.0203125
0 0.7953125 0.51484375 0.015625 0.015625
0 0.5984375 0.54140625 0.0109375 0.0109375
0 0.56875 0.5453125 0.0109375 0.0203125
0 0.65625 0.53671875 0.0109375 0.015625
0 0.51171875 0.5546875 0.0109375 0.0203125
0 0.6078125 0.54296875 0.015625 0.0203125
0 0.46796875 0.5625 0.015625 0.0203125
0 0.621875 0.54296875 0.0109375 0.0203125
0 0.7390625 0.53125 0.015625 0.0203125
0 0.47578125 0.56328125 0.00625 0.0140625
0 0.70546875 0.5375 0.015625 0.0203125
0 0.53125 0.559375 0.015625 0.0203125
0 0.796875 0.52890625 0.015625 0.0203125
0 0.71953125 0.540625 0.0109375 0.0203125
0 0.76328125 0.53515625 0.0109375 0.015625
0 0.44609375 0.5765625 0.015625 0.0203125
0 0.59375 0.55859375 0.015625 0.0203125
0 0.58671875 0.56171875 0.0109375 0.0203125
0 0.98671875 0.5125 0.00625 0.01875
0 0.671875 0.55390625 0.015625 0.0203125
0 0.6515625 0.55625 0.015625 0.0203125
0 0.85390625 0.53359375 0.015625 0.0203125
0 0.821875 0.5375 0.015625 0.0203125
0 0.81015625 0.5390625 0.0171875 0.025
0 0.5 0.57734375 0.015625 0.0203125
0 0.99453125 0.51796875 0.0109375 0.0203125
0 0.5625 0.571875 0.015625 0.0203125
0 0.78359375 0.54453125 0.015625 0.0203125
0 0.875 0.53359375 0.0171875 0.025
0 0.40703125 0.59765625 0.0171875 0.025
0 0.7171875 0.56015625 0.015625 0.015625
0 0.53125 0.5828125 0.0171875 0.025
0 0.43515625 0.596875 0.015625 0.0203125
0 0.628125 0.57578125 0.015625 0.015625
0 0.846875 0.5484375 0.0109375 0.015625
0 0.52109375 0.59296875 0.015625 0.0203125
0 0.5625 0.58984375 0.015625 0.0203125
0 0.71484375 0.5734375 0.0109375 0.0203125
0 0.99296875 0.5390625 0.0140625 0.015625
0 0.45234375 0.6078125 0.0203125 0.0203125
0 0.73515625 0.5734375 0.021875 0.025
0 0.7578125 0.5703125 0.015625 0.0203125
0 0.8546875 0.5609375 0.021875 0.0296875
0 0.60625 0.59140625 0.015625 0.0203125
0 0.903125 0.55546875 0.0109375 0.0203125
0 0.80234375 0.57265625 0.0125 0.025
0 0.40078125 0.62421875 0.015625 0.0203125
0 0.63046875 0.59609375 0.015625 0.0203125
0 0.67890625 0.59453125 0.015625 0.0203125
0 0.5953125 0.60703125 0.0171875 0.025
0 0.81796875 0.58203125 0.015625 0.0203125
0 0.6203125 0.60625 0.0171875 0.025
0 0.7765625 0.5875 0.0171875 0.025
0 0.53359375 0.61953125 0.015625 0.0203125
0 0.94453125 0.57109375 0.021875 0.034375
0 0.44453125 0.63515625 0.015625 0.0203125
0 0.57578125 0.6234375 0.015625 0.0203125
0 0.7484375 0.6046875 0.0171875 0.025
0 0.4984375 0.63828125 0.0171875 0.025
0 0.6984375 0.615625 0.021875 0.025
0 0.98515625 0.58046875 0.021875 0.0296875
0 0.53125 0.63828125 0.021875 0.034375
0 0.8046875 0.61015625 0.021875 0.025
0 0.6140625 0.6328125 0.021875 0.025
0 0.89296875 0.60625 0.021875 0.025
0 0.86328125 0.61171875 0.021875 0.025
0 0.878125 0.61640625 0.015625 0.0203125
0 0.6921875 0.64140625 0.021875 0.0296875
0 0.5765625 0.6703125 0.021875 0.025
0 0.5125 0.68046875 0.021875 0.0296875
0 0.74296875 0.659375 0.0265625 0.03125
0 0.40390625 0.703125 0.028125 0.0390625
0 0.9890625 0.6328125 0.021875 0.034375
0 0.78828125 0.6609375 0.021875 0.025
0 0.74296875 0.6875 0.0265625 0.03125
0 0.49296875 0.721875 0.015625 0.0203125
0 0.915625 0.6703125 0.021875 0.034375
0 0.5703125 0.71484375 0.021875 0.0296875
0 0.84921875 0.68046875 0.021875 0.025
0 0.828125 0.68828125 0.021875 0.0296875
0 0.97109375 0.67265625 0.0265625 0.034375
0 0.87265625 0.68984375 0.0265625 0.0265625
0 0.6390625 0.72265625 0.021875 0.0296875
0 0.4671875 0.74609375 0.021875 0.0296875
0 0.5484375 0.74140625 0.021875 0.0296875
0 0.67578125 0.7328125 0.021875 0.0296875
0 0.7421875 0.72421875 0.021875 0.034375
0 0.58828125 0.7625 0.0265625 0.034375
0 0.40703125 0.784375 0.021875 0.034375
0 0.78984375 0.7484375 0.025 0.021875
0 0.81953125 0.74765625 0.0171875 0.0328125
0 0.6828125 0.76875 0.028125 0.0390625
0 0.7359375 0.7671875 0.021875 0.034375
0 0.63359375 0.79375 0.021875 0.034375
0 0.78828125 0.77734375 0.0234375 0.0390625
0 0.96875 0.76875 0.03125 0.03125
0 0.51953125 0.83359375 0.021875 0.0296875
0 0.88125 0.79140625 0.0328125 0.040625
0 0.45625 0.85078125 0.0265625 0.03125
0 0.69765625 0.82109375 0.0328125 0.0484375
0 0.59453125 0.83515625 0.028125 0.04375
0 0.83828125 0.8078125 0.0234375 0.04375
0 0.7703125 0.82578125 0.0328125 0.04375
0 0.98984375 0.8046875 0.0203125 0.04375
0 0.91953125 0.83828125 0.0328125 0.040625
0 0.515625 0.8921875 0.028125 0.0390625
0 0.80390625 0.884375 0.021875 0.025
0 0.92890625 0.8765625 0.0328125 0.04375
0 0.59921875 0.93125 0.0328125 0.04375
0 0.8109375 0.921875 0.0375 0.0546875
0 0.70390625 0.94140625 0.0328125 0.04375
0 0.46875 0.97265625 0.0421875 0.05
0 0.14921875 0.28671875 0.053125 0.096875
0 0.0265625 0.30546875 0.053125 0.0890625