0 0.546875 0.31640625 0.0578125 0.05
0 0.3 0.3671875 0.04375 0.046875
0 0.6765625 0.303125 0.0453125 0.0515625
0 0.17109375 0.41015625 0.046875 0.0609375
0 0.25703125 0.39375 0.0390625 0.046875
0 0.61484375 0.3265625 0.034375 0.0421875
0 0.12890625 0.43515625 0.0515625 0.040625
0 0.2171875 0.41796875 0.0546875 0.0765625
0 0.42734375 0.3796875 0.0421875 0.034375
0 0.0078125 0.4625 0.015625 0.059375
0 0.815625 0.30390625 0.053125 0.071875
0 0.634375 0.3421875 0.0453125 0.05625
0 0.46875 0.3765625 0.0359375 0.05
0 0.7421875 0.3234375 0.0546875 0.08125
0 0.3015625 0.4109375 0.08125 0.08125
0 0.90078125 0.29453125 0.0546875 0.0765625
0 0.13984375 0.4453125 0.040625 0.0296875
0 0.39453125 0.3953125 0.0453125 0.05625
0 0.3 0.41875 0.0734375 0.084375
0 0.35 0.40859375 0.0578125 0.0765625
0 0.58203125 0.3640625 0.0515625 0.0625
0 0.49140625 0.38125 0.0578125 0.071875
0 0.775 0.3265625 0.05 0.053125
0 0.703125 0.3453125 0.0484375 0.0703125
0 0.12421875 0.471875 0.0546875 0.0546875
0 0.0078125 0.49765625 0.015625 0.0671875
0 0.540625 0.39375 0.08125 0.0984375
0 0.89140625 0.32890625 0.0609375 0.06875
0 0.85 0.3375 0.040625 0.05625
0 0.1640625 0.47265625 0.08125 0.08125
0 0.678125 0.3828125 0.0515625 0.0671875
0 0.6328125 0.39140625 0.0609375 0.06875
0 0.11015625 0.49765625 0.0421875 0.0609375
0 0.02890625 0.515625 0.0484375 0.0484375
0 0.44296875 0.43515625 0.0859375 0.0828125
0 0.94375 0.34765625 0.0890625 0.1125
0 0.7734375 0.38046875 0.075 0.071875
0 0.075 0.52109375 0.08125 0.08125
0 0.90078125 0.37734375 0.0671875 0.075
0 0.8421875 0.39140625 0.071875 0.0578125
0 0.6390625 0.4359375 0.0828125 0.090625
0 0.29375 0.509375 0.15625 0.1484375
0 0.0859375 0.55390625 0.0703125 0.065625
0 0.0328125 0.56953125 0.05625 0.0671875
0 0.69921875 0.44453125 0.0890625 0.1015625
0 0.8140625 0.44140625 0.1421875 0.096875
0 0.2109375 0.59140625 0.2015625 0.1796875
0 0.0484375 0.6390625 0.0734375 0.0890625
0 0.70390625 0.54296875 0.146875 0.1296875
0 0.43203125 0.61171875 0.1140625 0.13125
0 0.821875 0.540625 0.115625 0.1453125
0 0.575 0.6078125 0.115625 0.1453125
0 0.05546875 0.74609375 0.053125 0.1203125
0 0.7203125 0.66484375 0.1640625 0.1671875
0 0.5 0.8015625 0.2453125 0.2921875
0 0.871875 0.76484375 0.225 0.3015625
0 0.11875 0.98359375 0.06875 0.0328125