0 0.76640625 0.0578125 0.028125 0.028125
0 0.1921875 0.03203125 0.0265625 0.04375
0 0.5140625 0.10078125 0.03125 0.0453125
0 0.48671875 0.096875 0.028125 0.0484375
0 0.94296875 0.19609375 0.0390625 0.0421875
0 0.4734375 0.1015625 0.0265625 0.0390625
0 0.5671875 0.1265625 0.0359375 0.0296875
0 0.77734375 0.17578125 0.0375 0.0515625
0 0.5578125 0.01328125 0.028125 0.0265625
0 0.44296875 0.109375 0.03125 0.0453125
0 0.34609375 0.09140625 0.03125 0.0453125
0 0.6984375 0.16796875 0.03125 0.0453125
0 0.728125 0.175 0.0265625 0.04375
0 0.3671875 0.1 0.03125 0.0453125
0 0.47265625 0.00859375 0.0296875 0.0171875
0 0.50234375 0.01171875 0.0296875 0.0234375
0 0.56640625 0.16328125 0.0359375 0.046875
0 0.86484375 0.24140625 0.0375 0.0515625
0 0.82890625 0.23359375 0.034375 0.059375
0 0.58515625 0.19140625 0.0390625 0.059375
0 0.10546875 0.09921875 0.0359375 0.046875
0 0.240625 0.1375 0.0375 0.05625
0 0.42734375 0.009375 0.0359375 0.01875
0 0.9953125 0.30234375 0.009375 0.0453125
0 0.51171875 0.2 0.0421875 0.05625
0 0.9828125 0.3125 0.034375 0.05625
0 0.15703125 0.14296875 0.0375 0.0515625
0 0.92734375 0.10625 0.0375 0.0515625
0 0.24609375 0.19296875 0.0375 0.05625
0 0.7125 0.3015625 0.04375 0.065625
0 0.5015625 0.259375 0.0375 0.0515625
0 0.8109375 0.08359375 0.0359375 0.046875
0 0.2640625 0.21796875 0.04375 0.065625
0 0.19296875 0.2078125 0.0421875 0.0609375
0 0.421875 0.26796875 0.046875 0.0578125
0 0.73359375 0.33671875 0.05 0.075
0 0.5890625 0.31484375 0.0546875 0.0765625
0 0.75078125 0.046875 0.015625 0.0125
0 0.63359375 0.05 0.0265625 0.0390625
0 0.89765625 0.409375 0.0515625 0.0796875
0 0.51875 0.33125 0.0484375 0.0671875
0 0.5671875 0.03828125 0.0296875 0.0359375
0 0.2765625 0.303125 0.0484375 0.0671875
0 0.84453125 0.42890625 0.05 0.075
0 0.80390625 0.42734375 0.05 0.075
0 0.47578125 0.3578125 0.0421875 0.0609375
0 0.36328125 0.353125 0.053125 0.0671875
0 0.21640625 0.34296875 0.0578125 0.0734375
0 0.86328125 0.48203125 0.0421875 0.05625
0 0.59453125 0.425 0.0546875 0.071875
0 0.41640625 0.01875 0.0328125 0.0375
0 0.165625 0.371875 0.0546875 0.0984375
0 0.40859375 0.43125 0.0546875 0.071875
0 0.34453125 0.4296875 0.071875 0.09375
0 0.1796875 0.40078125 0.0265625 0.04375
0 0.86328125 0.5484375 0.0484375 0.0671875
0 0.34921875 0.01640625 0.0328125 0.0328125
0 0.6734375 0.5296875 0.046875 0.0578125
0 0.66171875 0.03046875 0.021875 0.0171875
0 0.45078125 0.54375 0.0609375 0.0875
0 0.021875 0.45390625 0.04375 0.0796875
0 0.503125 0.0484375 0.028125 0.028125
0 0.93203125 0.6609375 0.0515625 0.0796875
0 0.68125 0.60703125 0.05625 0.0859375
0 0.1984375 0.51640625 0.046875 0.0796875
0 0.4953125 0.5796875 0.065625 0.0828125
0 0.21796875 0.00390625 0.0203125 0.0078125
0 0.85625 0.12578125 0.025 0.0359375
0 0.77265625 0.10859375 0.025 0.0359375
0 0.859375 0.6921875 0.0625 0.090625
0 0.33671875 0.02109375 0.0328125 0.0421875
0 0.603125 0.659375 0.0625 0.090625
0 0.759375 0.7140625 0.0546875 0.071875
0 0.3140625 0.628125 0.0609375 0.0875
0 0.66640625 0.0953125 0.034375 0.0421875
0 0.24140625 0.01484375 0.0265625 0.0296875
0 0.52421875 0.075 0.03125 0.0453125
0 0.2125 0.7390625 0.0609375 0.0640625
0 0.49453125 0.846875 0.0671875 0.0921875
0 0.41484375 0.834375 0.0671875 0.0921875
0 0.196875 0.8140625 0.09375 0.0765625
0 0.7453125 0.13359375 0.0375 0.0375
0 0.55390625 0.09296875 0.03125 0.040625
0 0.67421875 0.03515625 0.0171875 0.021875
0 0.62734375 0.1125 0.0359375 0.046875
0 0.60234375 0.109375 0.028125 0.0484375
0 0.5875 0.1109375 0.021875 0.0390625