0 0.49375 0.521875 0.0171875 0.0203125
0 0.78125 0.48671875 0.0109375 0.015625
0 0.8109375 0.48203125 0.021875 0.021875
0 0.82734375 0.48046875 0.0109375 0.015625
0 0.54921875 0.51875 0.0109375 0.015625
0 0.9875 0.46015625 0.021875 0.0296875
0 0.74921875 0.49375 0.021875 0.0265625
0 0.37109375 0.54921875 0.0171875 0.0203125
0 0.9015625 0.47578125 0.0234375 0.0390625
0 0.45859375 0.53828125 0.0171875 0.0203125
0 0.1609375 0.5796875 0.0171875 0.0203125
0 0.58984375 0.521875 0.0171875 0.025
0 0.97421875 0.46796875 0.021875 0.0296875
0 0.35546875 0.55703125 0.0171875 0.025
0 0.53046875 0.5328125 0.021875 0.0296875
0 0.2890625 0.56640625 0.0125 0.0203125
0 0.2 0.57890625 0.0109375 0.015625
0 0.39765625 0.55390625 0.0125 0.0203125
0 0.69140625 0.5125 0.021875 0.0265625
0 0.325 0.56640625 0.021875 0.0296875
0 0.125 0.59453125 0.0125 0.0203125
0 0.4078125 0.55703125 0.0171875 0.0203125
0 0.1390625 0.59453125 0.00625 0.009375
0 0.42578125 0.5546875 0.021875 0.0296875
0 0.22265625 0.5859375 0.021875 0.0296875
0 0.91875 0.4875 0.0234375 0.034375
0 0.565625 0.5375 0.0171875 0.0203125
0 0.9515625 0.48515625 0.028125 0.034375
0 0.02578125 0.61796875 0.021875 0.0265625
0 0.4765625 0.5546875 0.0171875 0.025
0 0.7734375 0.51484375 0.0171875 0.0296875
0 0.24609375 0.5890625 0.0234375 0.0390625
0 0.06796875 0.61875 0.021875 0.0296875
0 0.0796875 0.6171875 0.0171875 0.025
0 0.0203125 0.628125 0.0171875 0.025
0 0.64921875 0.54453125 0.05625 0.0796875
0 0.05078125 0.63125 0.021875 0.0296875
0 0.16328125 0.61484375 0.021875 0.0296875
0 0.19296875 0.6109375 0.0109375 0.015625
0 0.39375 0.5921875 0.0265625 0.03125
0 0.9078125 0.52265625 0.0234375 0.034375
0 0.68359375 0.55859375 0.021875 0.0265625
0 0.790625 0.54375 0.0328125 0.0359375
0 0.83515625 0.5375 0.021875 0.0296875
0 0.27109375 0.61875 0.0265625 0.03125
0 0.7421875 0.56015625 0.021875 0.0265625
0 0.9953125 0.5234375 0.009375 0.0375
0 0.884375 0.54140625 0.0421875 0.05
0 0.60390625 0.5859375 0.034375 0.0453125
0 0.17890625 0.6453125 0.0265625 0.021875
0 0.490625 0.60390625 0.0359375 0.059375
0 0.53046875 0.60078125 0.0375 0.05
0 0.7625 0.5703125 0.028125 0.034375
0 0.97578125 0.540625 0.04375 0.0546875
0 0.03359375 0.67265625 0.034375 0.05
0 0.36796875 0.62578125 0.021875 0.0296875
0 0.11171875 0.6640625 0.0328125 0.0359375
0 0.246875 0.64765625 0.0234375 0.034375
0 0.93671875 0.55078125 0.0375 0.040625
0 0.33671875 0.63515625 0.0234375 0.034375
0 0.31640625 0.63984375 0.0375 0.040625
0 0.55703125 0.60859375 0.0296875 0.04375
0 0.175 0.66484375 0.0265625 0.03125
0 0.86484375 0.57265625 0.0328125 0.040625
0 0.2359375 0.66328125 0.0265625 0.03125
0 0.84140625 0.58046875 0.0234375 0.034375
0 0.065625 0.68984375 0.028125 0.034375
0 0.275 0.6625 0.0296875 0.0484375
0 0.15390625 0.6796875 0.0390625 0.0546875
0 0.2109375 0.67421875 0.0234375 0.0390625
0 0.1046875 0.6984375 0.028125 0.0390625
0 0.39140625 0.66015625 0.0296875 0.04375
0 0.421875 0.65625 0.028125 0.0390625
0 0.79921875 0.603125 0.034375 0.05
0 0.75859375 0.61328125 0.034375 0.05
0 0.98984375 0.5828125 0.0203125 0.04375
0 0.528125 0.65078125 0.034375 0.0546875
0 0.2421875 0.690625 0.0265625 0.03125
0 0.05703125 0.71953125 0.034375 0.0453125
0 0.178125 0.70234375 0.0234375 0.0390625
0 0.83125 0.61171875 0.028125 0.034375
0 0.9234375 0.6015625 0.05 0.075
0 0.03671875 0.73046875 0.025 0.04375
0 0.36484375 0.684375 0.028125 0.0390625
0 0.33046875 0.6921875 0.034375 0.0546875
0 0.29453125 0.69921875 0.028125 0.0390625
0 0.21171875 0.71328125 0.0375 0.040625
0 0.1625 0.725 0.0328125 0.040625
0 0.103125 0.73359375 0.034375 0.0453125
0 0.121875 0.7328125 0.034375 0.0453125
0 0.24765625 0.71796875 0.0609375 0.0484375
0 0.97890625 0.61640625 0.0421875 0.0546875
0 0.73046875 0.65703125 0.0390625 0.0546875
0 0.9953125 0.61953125 0.009375 0.0390625
0 0.59609375 0.6828125 0.0171875 0.025
0 0.146875 0.7484375 0.0375 0.05
0 0.61484375 0.68515625 0.034375 0.05
0 0.35859375 0.72578125 0.04375 0.059375
0 0.04921875 0.76953125 0.0375 0.0453125
0 0.25 0.74609375 0.04375 0.0546875
0 0.4328125 0.7203125 0.040625 0.0375
0 0.49765625 0.71328125 0.034375 0.0546875
0 0.775 0.6765625 0.0375 0.0453125
0 0.57109375 0.71015625 0.025 0.053125
0 0.53046875 0.715625 0.059375 0.0671875
0 0.196875 0.77109375 0.0609375 0.08125
0 0.82109375 0.68828125 0.0484375 0.05625
0 0.2921875 0.76484375 0.028125 0.0390625
0 0.12734375 0.78828125 0.0375 0.0453125
0 0.321875 0.765625 0.0484375 0.0609375
0 0.63671875 0.7234375 0.0578125 0.0578125
0 0.59296875 0.7296875 0.0390625 0.0546875
0 0.96484375 0.6796875 0.0484375 0.0921875
0 0.74296875 0.715625 0.053125 0.0609375
0 0.98515625 0.68046875 0.0296875 0.0734375
0 0.4421875 0.765625 0.071875 0.0953125
0 0.99609375 0.6875 0.0078125 0.0625
0 0.07734375 0.8203125 0.084375 0.0890625
0 0.88515625 0.73046875 0.1125 0.190625
0 0.3265625 0.8140625 0.05 0.065625
0 0.4140625 0.80390625 0.0625 0.0984375
0 0.1671875 0.84375 0.0625 0.09375
0 0.55 0.80625 0.0828125 0.10625
0 0.73203125 0.7875 0.0453125 0.06875
0 0.69765625 0.8046875 0.090625 0.134375
0 0.6078125 0.83515625 0.084375 0.1515625
0 0.2515625 0.89453125 0.0921875 0.1484375
0 0.77890625 0.82265625 0.1015625 0.140625
0 0.9765625 0.8109375 0.046875 0.125
0 0.11171875 0.9328125 0.1265625 0.134375
0 0.37109375 0.928125 0.1078125 0.14375
0 0.52109375 0.91640625 0.1046875 0.1671875
0 0.23046875 0.9796875 0.1109375 0.040625