0 0.6828125 0.23671875 0.0109375 0.015625
0 0.61171875 0.228125 0.0109375 0.015625
0 0.91875 0.28515625 0.0265625 0.021875
0 0.596875 0.23046875 0.0171875 0.0203125
0 0.61484375 0.23359375 0.0109375 0.015625
0 0.1703125 0.15546875 0.028125 0.0359375
0 0.84296875 0.27421875 0.021875 0.0265625
0 0.99609375 0.3078125 0.0078125 0.034375
0 0.11015625 0.17734375 0.0375 0.0375
0 0.153125 0.1875 0.028125 0.03125
0 0.05703125 0.18671875 0.0234375 0.03125
0 0.22890625 0.221875 0.0328125 0.0328125
0 0.1078125 0.20546875 0.0328125 0.0328125
0 0.3625 0.2546875 0.0390625 0.0515625
0 0.2640625 0.24921875 0.034375 0.0453125
0 0.31953125 0.2609375 0.0328125 0.0359375
0 0.459375 0.28828125 0.0328125 0.0359375
0 0.51171875 0.3 0.0328125 0.0328125
0 0.23984375 0.25625 0.034375 0.0453125
0 0.7265625 0.34921875 0.0453125 0.05625
0 0.77890625 0.35859375 0.046875 0.04375
0 0.52109375 0.31328125 0.0203125 0.0390625
0 0.11015625 0.24296875 0.040625 0.05625
0 0.3671875 0.2953125 0.0359375 0.0546875
0 0.85703125 0.39375 0.0515625 0.0671875
0 0.40546875 0.328125 0.040625 0.0609375
0 0.503125 0.34765625 0.03125 0.05
0 0.571875 0.359375 0.0453125 0.05625
0 0.7765625 0.39765625 0.021875 0.021875
0 0.340625 0.3234375 0.0515625 0.0671875
0 0.171875 0.29609375 0.03125 0.0546875
0 0.325 0.33046875 0.040625 0.0609375
0 0.53515625 0.3671875 0.0515625 0.0671875
0 0.6375 0.3875 0.05 0.0625
0 0.8171875 0.41953125 0.046875 0.0703125
0 0.3859375 0.3484375 0.040625 0.05625
0 0.04375 0.28984375 0.0390625 0.0734375
0 0.23203125 0.32578125 0.0375 0.0421875
0 0.6515625 0.40234375 0.0515625 0.0703125
0 0.178125 0.328125 0.0390625 0.0515625
0 0.77734375 0.43359375 0.040625 0.0609375
0 0.790625 0.440625 0.0234375 0.03125
0 0.89296875 0.459375 0.05 0.0578125
0 0.48046875 0.3859375 0.0359375 0.05
0 0.26796875 0.36484375 0.04375 0.0515625
0 0.128125 0.3421875 0.040625 0.0609375
0 0.215625 0.3671875 0.040625 0.05625
0 0.33828125 0.41953125 0.0578125 0.0765625
0 0.78359375 0.52890625 0.0609375 0.06875
0 0.93125 0.615625 0.0609375 0.0734375
0 0.04453125 0.46875 0.0625 0.08125
0 0.70078125 0.5890625 0.075 0.096875
0 0.28828125 0.52578125 0.0640625 0.090625
0 0.47890625 0.5671875 0.0734375 0.0921875
0 0.4265625 0.58515625 0.0703125 0.096875
0 0.20859375 0.5515625 0.06875 0.0921875
0 0.95546875 0.68828125 0.0515625 0.0984375
0 0.8421875 0.92890625 0.1015625 0.096875