0 0.2640625 0.084375 0.034375 0.03125
0 0.56875 0.1109375 0.0421875 0.0671875
0 0.51328125 0.10859375 0.0421875 0.0578125
0 0.79453125 0.13515625 0.0421875 0.0625
0 0.65859375 0.12578125 0.0375 0.0578125
0 0.190625 0.08671875 0.0375 0.0578125
0 0.06640625 0.08828125 0.0375 0.0578125
0 0.3109375 0.11171875 0.0421875 0.0625
0 0.11484375 0.09921875 0.0375 0.0578125
0 0.3734375 0.121875 0.0421875 0.0578125
0 0.99609375 0.2578125 0.0078125 0.0625
0 0.95546875 0.25703125 0.046875 0.06875
0 0.05 0.17890625 0.0546875 0.1
0 0.90625 0.26328125 0.0359375 0.053125
0 0.61796875 0.240625 0.046875 0.0640625
0 0.18828125 0.2078125 0.0421875 0.0671875
0 0.81796875 0.2625 0.0421875 0.0671875
0 0.2875 0.2234375 0.0515625 0.06875
0 0.52265625 0.24375 0.0421875 0.0625
0 0.67734375 0.2578125 0.0421875 0.0578125
0 0.41796875 0.24453125 0.0453125 0.059375
0 0.6578125 0.36953125 0.0421875 0.0578125
0 0.8234375 0.39140625 0.0421875 0.0578125
0 0.63515625 0.3890625 0.0375 0.0578125
0 0.7359375 0.4 0.0453125 0.059375
0 0.86953125 0.4140625 0.0359375 0.0484375
0 0.465625 0.39296875 0.0421875 0.0671875
0 0.5296875 0.3984375 0.0421875 0.0578125
0 0.37265625 0.41171875 0.040625 0.053125
0 0.25546875 0.40390625 0.0328125 0.0484375
0 0.05859375 0.39140625 0.0453125 0.0546875
0 0.16640625 0.403125 0.0234375 0.0515625
0 0.18671875 0.4171875 0.0328125 0.053125
0 0.8875 0.53125 0.0421875 0.0625
0 0.95703125 0.53984375 0.0421875 0.0625
0 0.72734375 0.52890625 0.0375 0.0625
0 0.53046875 0.52109375 0.0328125 0.0484375
0 0.8046875 0.5453125 0.046875 0.0640625
0 0.43984375 0.52265625 0.0453125 0.0546875
0 0.35234375 0.515625 0.040625 0.053125
0 0.61953125 0.54140625 0.046875 0.0640625
0 0.19453125 0.51015625 0.0359375 0.053125
0 0.1421875 0.5265625 0.0421875 0.0671875
0 0.06171875 0.51953125 0.046875 0.0640625
0 0.0203125 0.52890625 0.040625 0.0546875
0 0.2640625 0.57265625 0.0421875 0.0578125
0 0.98125 0.653125 0.0171875 0.0375
0 0.6828125 0.64140625 0.0421875 0.0625
0 0.828125 0.6609375 0.0421875 0.0578125
0 0.65390625 0.65078125 0.0375 0.0671875
0 0.73515625 0.6578125 0.0359375 0.04375
0 0.2609375 0.0421875 0.034375 0.03125
0 0.46796875 0.6484375 0.040625 0.0484375
0 0.81015625 0.678125 0.0328125 0.053125
0 0.93203125 0.69140625 0.040625 0.0484375
0 0.6203125 0.66796875 0.0375 0.0578125
0 0.89765625 0.78828125 0.0328125 0.053125
0 0.7015625 0.7921875 0.0375 0.0578125
0 0.8421875 0.81171875 0.040625 0.053125
0 0.39921875 0.77421875 0.0421875 0.0578125
0 0.6140625 0.79296875 0.0421875 0.0578125
0 0.6546875 0.79921875 0.0328125 0.053125
0 0.24609375 0.80546875 0.0421875 0.0671875
0 0.41875 0.82265625 0.0421875 0.0671875
0 0.3125 0.81875 0.0421875 0.0578125
0 0.45625 0.8359375 0.0421875 0.0578125
0 0.10546875 0.81171875 0.0515625 0.06875
0 0.1765625 0.82734375 0.05 0.05
0 0.00859375 0.8390625 0.0171875 0.059375
0 0.940625 0.1296875 0.0328125 0.0484375
0 0.21953125 0.06875 0.03125 0.034375
0 0.8484375 0.12578125 0.0359375 0.053125