0 0.06484375 0.13984375 0.0171875 0.0296875
0 0.15234375 0.16171875 0.021875 0.0296875
0 0.22578125 0.17421875 0.015625 0.015625
0 0.528125 0.21640625 0.028125 0.034375
0 0.20625 0.17421875 0.021875 0.0265625
0 0.25078125 0.18046875 0.0171875 0.0203125
0 0.29609375 0.18671875 0.0265625 0.03125
0 0.58203125 0.228125 0.0234375 0.034375
0 0.38359375 0.20234375 0.0234375 0.034375
0 0.18828125 0.175 0.0125 0.0203125
0 0.240625 0.1828125 0.0171875 0.025
0 0.128125 0.16953125 0.021875 0.0265625
0 0.40546875 0.2078125 0.028125 0.034375
0 0.76015625 0.2578125 0.0234375 0.034375
0 0.10703125 0.16875 0.0109375 0.0109375
0 0.56796875 0.2359375 0.034375 0.0453125
0 0.3421875 0.20625 0.021875 0.021875
0 0.2578125 0.19453125 0.021875 0.021875
0 0.475 0.22734375 0.021875 0.0296875
0 0.65390625 0.2546875 0.0375 0.040625
0 0.22265625 0.19453125 0.0265625 0.0265625
0 0.79765625 0.2796875 0.021875 0.021875
0 0.91875 0.29921875 0.034375 0.05
0 0.94140625 0.30234375 0.028125 0.0390625
0 0.959375 0.3046875 0.021875 0.0296875
0 0.49921875 0.240625 0.0171875 0.0203125
0 0.86796875 0.296875 0.0171875 0.025
0 0.88515625 0.3015625 0.021875 0.0265625
0 0.59375 0.265625 0.0328125 0.0359375
0 0.78828125 0.2953125 0.021875 0.0265625
0 0.63671875 0.27421875 0.034375 0.0453125
0 0.990625 0.32578125 0.01875 0.0265625
0 0.44375 0.24921875 0.021875 0.0265625
0 0.8046875 0.31171875 0.034375 0.0453125
0 0.69453125 0.29609375 0.015625 0.015625
0 0.23125 0.23359375 0.03125 0.0265625
0 0.34609375 0.24921875 0.021875 0.0265625
0 0.96953125 0.3375 0.034375 0.0453125
0 0.74296875 0.31875 0.0265625 0.03125
0 0.9921875 0.36171875 0.015625 0.0453125
0 0.72109375 0.325 0.021875 0.0265625
0 0.86640625 0.359375 0.0328125 0.040625
0 0.80390625 0.38203125 0.0328125 0.040625
0 0.11875 0.29921875 0.03125 0.0265625
0 0.33203125 0.35 0.0328125 0.040625
0 0.76015625 0.41015625 0.028125 0.034375
0 0.41796875 0.36953125 0.0375 0.040625
0 0.03515625 0.315625 0.0328125 0.040625
0 0.12890625 0.34296875 0.0390625 0.0546875
0 0.6078125 0.4125 0.034375 0.05
0 0.5203125 0.4046875 0.0484375 0.05625
0 0.23125 0.3671875 0.0390625 0.0546875
0 0.29453125 0.384375 0.034375 0.05
0 0.98984375 0.48515625 0.0203125 0.0484375
0 0.90234375 0.48125 0.0484375 0.0609375
0 0.81953125 0.47265625 0.0328125 0.040625
0 0.94921875 0.49765625 0.0484375 0.0609375
0 0.77734375 0.47578125 0.0359375 0.0328125
0 0.69140625 0.46640625 0.0453125 0.0640625
0 0.03125 0.378125 0.0453125 0.06875
0 0.71875 0.47734375 0.0375 0.06875
0 0.60703125 0.46875 0.04375 0.059375
0 0.51953125 0.4609375 0.0421875 0.05
0 0.37421875 0.4453125 0.046875 0.0515625
0 0.828125 0.51171875 0.0375 0.05
0 0.7609375 0.50625 0.0484375 0.05625
0 0.66875 0.4953125 0.05 0.065625
0 0.4625 0.47109375 0.04375 0.0546875
0 0.19375 0.4359375 0.0484375 0.05625
0 0.32109375 0.4609375 0.0421875 0.05
0 0.2765625 0.4640625 0.0390625 0.059375
0 0.390625 0.4796875 0.059375 0.0671875
0 0.24609375 0.47578125 0.0546875 0.0703125
0 0.584375 0.5328125 0.0546875 0.04375
0 0.86015625 0.57890625 0.06875 0.0765625
0 0.3203125 0.51640625 0.0546875 0.065625
0 0.6734375 0.58046875 0.05625 0.0796875
0 0.7078125 0.58515625 0.0390625 0.059375
0 0.74609375 0.59765625 0.053125 0.05625
0 0.27421875 0.540625 0.0609375 0.08125
0 0.06796875 0.51171875 0.0796875 0.0828125
0 0.5671875 0.5890625 0.06875 0.071875
0 0.9421875 0.64921875 0.059375 0.071875
0 0.4109375 0.59921875 0.0703125 0.0859375
0 0.22421875 0.63203125 0.078125 0.1046875