0 0.92890625 0.30625 0.0109375 0.0140625
0 0.4078125 0.35234375 0.0046875 0.0046875
0 0.3921875 0.35546875 0.00625 0.009375
0 0.73359375 0.32578125 0.0109375 0.0140625
0 0.3765625 0.359375 0.0109375 0.0109375
0 0.45234375 0.353125 0.0109375 0.0109375
0 0.97109375 0.3078125 0.015625 0.0203125
0 0.38828125 0.35859375 0.0109375 0.0140625
0 0.7265625 0.32890625 0.00625 0.009375
0 0.90625 0.31328125 0.0109375 0.0140625
0 0.59296875 0.340625 0.0109375 0.0140625
0 0.221875 0.375 0.0109375 0.0140625
0 0.3578125 0.36328125 0.0109375 0.0140625
0 0.30078125 0.37109375 0.0109375 0.0140625
0 0.31484375 0.371875 0.0109375 0.0140625
0 0.69609375 0.34765625 0.0109375 0.0109375
0 0.6296875 0.35625 0.0109375 0.0140625
0 0.33828125 0.38125 0.009375 0.00625
0 0.4671875 0.3703125 0.0109375 0.0140625
0 0.53203125 0.3671875 0.0046875 0.0046875
0 0.66171875 0.35546875 0.0046875 0.0046875
0 0.7859375 0.34453125 0.009375 0.00625
0 0.67578125 0.3546875 0.0046875 0.0046875
0 0.746875 0.3484375 0.00625 0.009375
0 0.6875 0.353125 0.0140625 0.0109375
0 0.32578125 0.3875 0.0109375 0.0109375
0 0.403125 0.38046875 0.0109375 0.0109375
0 0.60390625 0.36328125 0.0109375 0.0140625
0 0.70390625 0.3546875 0.0046875 0.0046875
0 0.76796875 0.3484375 0.0109375 0.0109375
0 0.271875 0.39453125 0.0109375 0.0140625
0 0.09921875 0.409375 0.0109375 0.0140625
0 0.11796875 0.4078125 0.0109375 0.0109375
0 0.12734375 0.40703125 0.00625 0.009375
0 0.61328125 0.36484375 0.0109375 0.0140625
0 0.77734375 0.35 0.0109375 0.0109375
0 0.84609375 0.34453125 0.0109375 0.0109375
0 0.89921875 0.33984375 0.0109375 0.0109375
0 0.1984375 0.40078125 0.00625 0.0140625
0 0.45 0.37890625 0.0109375 0.0140625
0 0.5125 0.3734375 0.015625 0.0203125
0 0.04609375 0.4140625 0.0109375 0.0140625
0 0.565625 0.36875 0.0109375 0.0140625
0 0.0765625 0.41171875 0.0109375 0.0140625
0 0.5421875 0.3734375 0.0109375 0.0140625
0 0.1734375 0.40546875 0.0109375 0.0140625
0 0.45703125 0.38046875 0.0109375 0.0140625
0 0.4796875 0.37890625 0.015625 0.015625
0 0.75703125 0.3546875 0.00625 0.0140625
0 0.9640625 0.3359375 0.0109375 0.0109375
0 0.10859375 0.4109375 0.0109375 0.0109375
0 0.1875 0.40625 0.00625 0.0140625
0 0.29375 0.39765625 0.0109375 0.0140625
0 0.35546875 0.3921875 0.0109375 0.0140625
0 0.4734375 0.38125 0.0109375 0.0140625
0 0.64609375 0.36640625 0.0109375 0.0140625
0 0.41328125 0.38671875 0.0109375 0.0140625
0 0.4390625 0.384375 0.0109375 0.0109375
0 0.8703125 0.346875 0.0109375 0.0140625
0 0.66015625 0.36484375 0.015625 0.015625
0 0.70703125 0.3609375 0.0109375 0.01875
0 0.7171875 0.36015625 0.015625 0.015625
0 0.39296875 0.390625 0.0109375 0.0140625
0 0.66953125 0.36640625 0.0109375 0.0140625
0 0.01953125 0.4234375 0.0109375 0.0140625
0 0.26640625 0.4046875 0.0109375 0.0140625
0 0.37265625 0.3953125 0.015625 0.015625
0 0.59140625 0.37578125 0.015625 0.0203125
0 0.815625 0.35625 0.0109375 0.0140625
0 0.425 0.390625 0.015625 0.025
0 0.93984375 0.3453125 0.0109375 0.0140625
0 0.5015625 0.38359375 0.015625 0.015625
0 0.52890625 0.38125 0.0203125 0.025
0 0.25546875 0.4078125 0.015625 0.025
0 0.384375 0.39609375 0.015625 0.0203125
0 0.6953125 0.36953125 0.0109375 0.0140625
0 0.82734375 0.3578125 0.015625 0.025
0 0.67890625 0.3703125 0.00625 0.009375
0 0.0640625 0.4265625 0.0109375 0.0140625
0 0.8546875 0.3578125 0.0203125 0.025
0 0.3125 0.4046875 0.0109375 0.0140625
0 0.5203125 0.38671875 0.015625 0.015625
0 0.88046875 0.35546875 0.015625 0.025
0 0.91953125 0.35234375 0.015625 0.025
0 0.5734375 0.384375 0.00625 0.0140625
0 0.7921875 0.365625 0.015625 0.0203125
0 0.80625 0.3640625 0.0109375 0.0140625
0 0.44921875 0.39765625 0.0109375 0.0140625
0 0.95234375 0.35390625 0.0109375 0.0140625
0 0.13359375 0.42578125 0.015625 0.0203125
0 0.14296875 0.42421875 0.015625 0.0203125
0 0.00703125 0.43671875 0.0109375 0.0140625
0 0.15390625 0.4234375 0.0109375 0.0140625
0 0.3453125 0.40703125 0.015625 0.025
0 0.4375 0.3984375 0.0109375 0.01875
0 0.49296875 0.39375 0.0109375 0.01875
0 0.11953125 0.42890625 0.0109375 0.0234375
0 0.69375 0.37890625 0.0203125 0.0203125
0 0.09140625 0.43125 0.015625 0.0203125
0 0.103125 0.43046875 0.015625 0.025
0 0.41015625 0.40390625 0.015625 0.025
0 0.3546875 0.40859375 0.015625 0.015625
0 0.0046875 0.440625 0.009375 0.025
0 0.2515625 0.421875 0.015625 0.0203125
0 0.4703125 0.403125 0.0109375 0.0140625
0 0.53984375 0.396875 0.015625 0.0203125
0 0.58359375 0.39296875 0.015625 0.025
0 0.0484375 0.43984375 0.0265625 0.0390625
0 0.75 0.37890625 0.015625 0.025
0 0.978125 0.35859375 0.015625 0.025
0 0.98515625 0.3578125 0.0125 0.028125
0 0.0875 0.43671875 0.015625 0.025
0 0.6234375 0.3921875 0.0203125 0.025
0 0.73359375 0.38203125 0.0265625 0.034375
0 0.31875 0.41875 0.015625 0.015625
0 0.0296875 0.44375 0.0171875 0.0296875
0 0.646875 0.3921875 0.021875 0.0375
0 0.78203125 0.38046875 0.015625 0.025
0 0.28359375 0.42421875 0.015625 0.025
0 0.23125 0.43046875 0.015625 0.025
0 0.3859375 0.41875 0.015625 0.025
0 0.39921875 0.41796875 0.0203125 0.025
0 0.43203125 0.41484375 0.015625 0.025
0 0.5546875 0.40390625 0.0203125 0.025
0 0.0171875 0.4515625 0.0203125 0.025
0 0.50859375 0.40859375 0.021875 0.0296875
0 0.66484375 0.39453125 0.015625 0.025
0 0.48984375 0.4125 0.015625 0.025
0 0.875 0.37890625 0.0265625 0.0296875
0 0.52265625 0.41171875 0.0203125 0.025
0 0.92109375 0.3765625 0.025 0.025
0 0.47890625 0.41796875 0.015625 0.025
0 0.8203125 0.38828125 0.021875 0.0375
0 0.22265625 0.44296875 0.021875 0.0421875
0 0.68203125 0.4046875 0.0296875 0.0265625
0 0.8046875 0.396875 0.0265625 0.0390625
0 0.00234375 0.46953125 0.0046875 0.0234375
0 0.32109375 0.44140625 0.0171875 0.0328125
0 0.7109375 0.40703125 0.021875 0.0296875
0 0.72890625 0.40546875 0.0265625 0.04375
0 0.36484375 0.43984375 0.0265625 0.0390625
0 0.5796875 0.4234375 0.03125 0.04375
0 0.63984375 0.4203125 0.021875 0.0296875
0 0.875 0.4 0.03125 0.0390625
0 0.7640625 0.41171875 0.0328125 0.0484375
0 0.44375 0.43984375 0.0203125 0.025
0 0.61015625 0.4296875 0.021875 0.0375
0 0.4640625 0.44296875 0.0203125 0.025
0 0.18359375 0.46953125 0.0265625 0.04375
0 0.33359375 0.45625 0.0265625 0.04375
0 0.02734375 0.4859375 0.0265625 0.0390625
0 0.28515625 0.465625 0.0328125 0.0484375
0 0.94296875 0.41015625 0.0265625 0.034375
0 0.2578125 0.4703125 0.03125 0.0390625
0 0.3875 0.45859375 0.028125 0.0484375
0 0.54609375 0.4453125 0.0265625 0.04375
0 0.98203125 0.409375 0.0203125 0.0703125
0 0.90625 0.41796875 0.040625 0.04375
0 0.7546875 0.43359375 0.03125 0.04375
0 0.50390625 0.46015625 0.0328125 0.0625
0 0.1625 0.49296875 0.0359375 0.053125
0 0.87734375 0.4328125 0.0265625 0.04375
0 0.409375 0.47578125 0.0328125 0.0484375
0 0.6609375 0.46015625 0.0375 0.0578125
0 0.134375 0.51328125 0.0359375 0.053125
0 0.31875 0.49921875 0.0265625 0.0390625
0 0.43203125 0.4921875 0.0328125 0.0625
0 0.79140625 0.4625 0.0375 0.0578125
0 0.2546875 0.51171875 0.0359375 0.0484375
0 0.63984375 0.478125 0.046875 0.06875
0 0.70703125 0.47265625 0.0421875 0.071875
0 0.528125 0.49765625 0.0421875 0.0625
0 0.57421875 0.49375 0.046875 0.06875
0 0.47421875 0.5046875 0.04375 0.0765625
0 0.934375 0.4734375 0.0703125 0.0703125
0 0.10234375 0.55625 0.05 0.0546875
0 0.22265625 0.55 0.0578125 0.078125
0 0.36640625 0.53984375 0.059375 0.059375
0 0.30703125 0.54921875 0.0359375 0.0484375
0 0.71328125 0.57265625 0.0640625 0.096875
0 0.79296875 0.6140625 0.084375 0.1265625
0 0.053125 0.68125 0.0640625 0.096875
0 0.58125 0.63515625 0.075 0.1296875
0 0.96484375 0.60703125 0.0703125 0.1546875
0 0.39375 0.66328125 0.065625 0.125
0 0.12890625 0.69453125 0.078125 0.1125
0 0.89609375 0.93671875 0.14375 0.0671875