0 0.7359375 0.1171875 0.059375 0.10625
0 0.284375 0.1609375 0.059375 0.096875
0 0.0578125 0.19453125 0.0578125 0.0828125
0 0.33125 0.0296875 0.0484375 0.0359375
0 0.12890625 0.190625 0.0484375 0.0875
0 0.01640625 0.2 0.0328125 0.08125
0 0.665625 0.1578125 0.0578125 0.078125
0 0.24140625 0.19921875 0.053125 0.0875
0 0.5359375 0.01875 0.03125 0.0375
0 0.41171875 0.20546875 0.065625 0.125
0 0.66328125 0.01328125 0.0265625 0.0265625
0 0.95859375 0.1671875 0.0328125 0.1125
0 0.78828125 0.18203125 0.0703125 0.1203125
0 0.19375 0.2390625 0.0484375 0.0828125
0 0.90390625 0.17890625 0.065625 0.115625
0 0.6046875 0.2078125 0.059375 0.096875
0 0.37421875 0.2296875 0.0453125 0.1046875
0 0.47578125 0.2203125 0.0609375 0.115625
0 0.8359375 0.00390625 0.03125 0.0078125
0 0.103125 0.2671875 0.06875 0.1015625
0 0.3296875 0.25234375 0.0765625 0.1484375
0 0.925 0.00625 0.040625 0.0125
0 0.18984375 0.2734375 0.05 0.0453125
0 0.55546875 0.2515625 0.0578125 0.0875
0 0.69765625 0.24375 0.075 0.125
0 0.034375 0.3015625 0.0546875 0.096875
0 0.15234375 0.30078125 0.059375 0.059375
0 0.62890625 0.021875 0.0453125 0.04375
0 0.640625 0.2828125 0.0625 0.078125
0 0.2796875 0.3171875 0.0515625 0.0640625
0 0.5203125 0.3078125 0.0578125 0.0875
0 0.1 0.065625 0.0375 0.0578125
0 0.23125 0.34921875 0.05 0.096875
0 0.0984375 0.37265625 0.0546875 0.1046875
0 0.39296875 0.346875 0.053125 0.0828125
0 0.02578125 0.38125 0.0515625 0.184375
0 0.59140625 0.35 0.0703125 0.1203125
0 0.41640625 0.0421875 0.0328125 0.0625
0 0.03984375 0.075 0.0515625 0.0640625
0 0.8015625 0.02578125 0.046875 0.0515625
0 0.91484375 0.35234375 0.0828125 0.1625
0 0.4953125 0.39140625 0.059375 0.10625
0 0.17578125 0.43125 0.08125 0.15
0 0.68359375 0.390625 0.0703125 0.115625
0 0.27109375 0.43125 0.071875 0.09375
0 0.14765625 0.0703125 0.05 0.0859375
0 0.378125 0.05 0.05 0.0859375
0 0.3453125 0.43203125 0.075 0.115625
0 0.6984375 0.034375 0.05 0.06875
0 0.09921875 0.465625 0.1109375 0.1140625
0 0.96640625 0.39140625 0.065625 0.175
0 0.58515625 0.03984375 0.0484375 0.0796875
0 0.8265625 0.434375 0.0765625 0.134375
0 0.446875 0.47421875 0.075 0.1296875
0 0.565625 0.478125 0.075 0.1203125
0 0.9453125 0.0234375 0.025 0.046875
0 0.25625 0.528125 0.0953125 0.140625
0 0.38359375 0.5265625 0.05625 0.0734375
0 0.76171875 0.5140625 0.0609375 0.115625
0 0.4765625 0.05625 0.05625 0.1125
0 0.675 0.53828125 0.128125 0.1625
0 0.0140625 0.09609375 0.0234375 0.0609375
0 0.09296875 0.59609375 0.0484375 0.078125
0 0.04375 0.59921875 0.0875 0.16875
0 0.50703125 0.05546875 0.0265625 0.04375
0 0.9875 0.56328125 0.025 0.1765625
0 0.12734375 0.09609375 0.0421875 0.0625
0 0.42578125 0.66015625 0.1078125 0.1734375
0 0.346875 0.0765625 0.0359375 0.04375
0 0.19921875 0.0921875 0.0421875 0.0625
0 0.828125 0.6359375 0.1015625 0.1609375
0 0.55 0.68125 0.0859375 0.1359375
0 0.28671875 0.7140625 0.078125 0.153125
0 0.771875 0.04609375 0.0578125 0.0921875
0 0.08984375 0.75 0.0875 0.159375
0 0.24375 0.09296875 0.05625 0.0640625
0 0.73046875 0.76796875 0.103125 0.1734375
0 0.95703125 0.78203125 0.0859375 0.1734375
0 0.6296875 0.0703125 0.0390625 0.0765625
0 0.05390625 0.1234375 0.05 0.05
0 0.5140625 0.87734375 0.109375 0.1921875
0 0.1984375 0.91640625 0.096875 0.1671875
0 0.4140625 0.09921875 0.0375 0.0625
0 0.903125 0.0578125 0.059375 0.1015625
0 0.66796875 0.078125 0.053125 0.0875
0 0.31015625 0.109375 0.0265625 0.0390625
0 0.44921875 0.10703125 0.05 0.1
0 0.85078125 0.0765625 0.0609375 0.115625
0 0.94609375 0.075 0.0359375 0.0859375
0 0.53125 0.11171875 0.04375 0.0859375
0 0.20625 0.03828125 0.034375 0.03125
0 0.559375 0.11328125 0.05 0.096875
0 0.35703125 0.140625 0.046875 0.0734375