0 0.6234375 0.50234375 0.0109375 0.0109375
0 0.76015625 0.47578125 0.0125 0.015625
0 0.1015625 0.615625 0.0109375 0.0109375
0 0.6875 0.49140625 0.0109375 0.0109375
0 0.61484375 0.50703125 0.00625 0.009375
0 0.84765625 0.45703125 0.0125 0.015625
0 0.0578125 0.6265625 0.0125 0.015625
0 0.11015625 0.615625 0.0109375 0.0109375
0 0.16015625 0.6046875 0.00625 0.009375
0 0.59765625 0.51171875 0.0109375 0.0109375
0 0.40703125 0.55234375 0.0109375 0.0109375
0 0.39375 0.55546875 0.0109375 0.0109375
0 0.5859375 0.5140625 0.00625 0.009375
0 0.64765625 0.5015625 0.00625 0.00625
0 0.7875 0.471875 0.00625 0.009375
0 0.58203125 0.51796875 0.0109375 0.0109375
0 0.82421875 0.46640625 0.0109375 0.0109375
0 0.74453125 0.4828125 0.0109375 0.0109375
0 0.73828125 0.484375 0.00625 0.009375
0 0.57265625 0.51953125 0.0109375 0.0109375
0 0.79453125 0.47265625 0.0109375 0.0109375
0 0.63828125 0.50546875 0.00625 0.009375
0 0.2921875 0.57890625 0.00625 0.009375
0 0.3421875 0.57109375 0.00625 0.009375
0 0.6296875 0.51015625 0.00625 0.009375
0 0.65546875 0.5046875 0.00625 0.009375
0 0.665625 0.50234375 0.00625 0.009375
0 0.72890625 0.4890625 0.0125 0.015625
0 0.41875 0.5546875 0.0109375 0.0109375
0 0.3515625 0.56875 0.00625 0.009375
0 0.55703125 0.525 0.00625 0.009375
0 0.6796875 0.49921875 0.00625 0.009375
0 0.4375 0.55078125 0.00625 0.009375
0 0.4125 0.55625 0.00625 0.009375
0 0.8 0.47578125 0.0109375 0.0109375
0 0.27265625 0.58828125 0.00625 0.009375
0 0.8203125 0.471875 0.00625 0.009375
0 0.496875 0.540625 0.00625 0.009375
0 0.51484375 0.53671875 0.00625 0.00625
0 0.784375 0.4796875 0.0109375 0.0109375
0 0.771875 0.484375 0.00625 0.00625
0 0.8453125 0.46875 0.0109375 0.0109375
0 0.54453125 0.5328125 0.009375 0.00625
0 0.69921875 0.5 0.0109375 0.0109375
0 0.721875 0.4953125 0.00625 0.00625
0 0.47265625 0.5484375 0.00625 0.00625
0 0.53828125 0.534375 0.00625 0.00625
0 0.45234375 0.55234375 0.00625 0.009375
0 0.3390625 0.57890625 0.00625 0.00625
0 0.7671875 0.48828125 0.00625 0.00625
0 0.525 0.5390625 0.0109375 0.0109375
0 0.53203125 0.53828125 0.00625 0.00625
0 0.45 0.55546875 0.00625 0.00625
0 0.56796875 0.53046875 0.00625 0.00625
0 0.5140625 0.54375 0.00625 0.009375
0 0.33046875 0.5828125 0.0125 0.015625
0 0.4796875 0.5515625 0.00625 0.009375
0 0.48671875 0.55 0.00625 0.009375
0 0.47578125 0.5640625 0.0109375 0.0109375
0 0.5171875 0.60234375 0.0125 0.015625
0 0.53828125 0.60078125 0.00625 0.009375
0 0.53203125 0.60390625 0.00625 0.009375
0 0.5609375 0.5984375 0.00625 0.009375
0 0.48046875 0.61953125 0.00625 0.009375
0 0.49375 0.6171875 0.00625 0.009375
0 0.38984375 0.66328125 0.0109375 0.0109375
0 0.68125 0.60390625 0.0109375 0.0109375
0 0.646875 0.625 0.0109375 0.0109375
0 0.71015625 0.6203125 0.00625 0.00625
0 0.71484375 0.621875 0.00625 0.00625
0 0.721875 0.6203125 0.00625 0.009375
0 0.70859375 0.62578125 0.00625 0.009375
0 0.734375 0.62265625 0.00625 0.00625
0 0.38828125 0.6984375 0.0125 0.015625
0 0.71171875 0.6296875 0.00625 0.009375
0 0.728125 0.6265625 0.00625 0.009375
0 0.38359375 0.7 0.0078125 0.0140625
0 0.721875 0.63046875 0.00625 0.00625
0 0.684375 0.640625 0.0125 0.015625
0 0.7515625 0.62890625 0.00625 0.009375
0 0.29765625 0.72734375 0.00625 0.009375
0 0.30234375 0.7265625 0.00625 0.009375
0 0.7375 0.63671875 0.0109375 0.0109375
0 0.3453125 0.71953125 0.00625 0.009375
0 0.70078125 0.64453125 0.0109375 0.0109375
0 0.7515625 0.63359375 0.00625 0.00625
0 0.79453125 0.6265625 0.0109375 0.0109375
0 0.8046875 0.6296875 0.00625 0.009375
0 0.8234375 0.63046875 0.00625 0.00625
0 0.253125 0.7515625 0.0109375 0.0109375
0 0.80390625 0.63671875 0.00625 0.009375
0 0.2625 0.7515625 0.00625 0.009375
0 0.83515625 0.6296875 0.0109375 0.0109375
0 0.75 0.65078125 0.0109375 0.0109375
0 0.75625 0.64921875 0.0109375 0.0109375
0 0.85 0.634375 0.0125 0.015625
0 0.31875 0.746875 0.00625 0.009375
0 0.7890625 0.646875 0.00625 0.009375
0 0.80546875 0.64609375 0.0109375 0.0109375
0 0.3734375 0.73984375 0.00625 0.009375
0 0.74296875 0.66171875 0.0125 0.015625
0 0.33046875 0.74921875 0.00625 0.009375
0 0.5640625 0.7 0.00625 0.009375
0 0.83828125 0.64375 0.0109375 0.0109375
0 0.30859375 0.75625 0.00625 0.009375
0 0.50546875 0.7140625 0.0109375 0.0109375
0 0.73203125 0.66875 0.0109375 0.0109375
0 0.88359375 0.63671875 0.0125 0.015625
0 0.32109375 0.75859375 0.00625 0.009375
0 0.77578125 0.66171875 0.0125 0.015625
0 0.625 0.69609375 0.0078125 0.0140625
0 0.228125 0.78046875 0.0125 0.015625
0 0.903125 0.6390625 0.0125 0.015625
0 0.353125 0.75546875 0.0109375 0.0109375
0 0.63203125 0.69609375 0.00625 0.009375
0 0.71796875 0.678125 0.0109375 0.0109375
0 0.51171875 0.721875 0.0125 0.015625
0 0.740625 0.6734375 0.0109375 0.0109375
0 0.57734375 0.7078125 0.00625 0.009375
0 0.609375 0.7015625 0.0125 0.015625
0 0.675 0.68984375 0.0109375 0.0109375
0 0.7109375 0.68203125 0.0109375 0.0109375
0 0.72734375 0.67890625 0.0078125 0.0140625
0 0.109375 0.81015625 0.0125 0.015625
0 0.82890625 0.65703125 0.0125 0.015625
0 0.3515625 0.7609375 0.0109375 0.0109375
0 0.69453125 0.690625 0.0125 0.015625
0 0.8890625 0.64921875 0.0125 0.015625
0 0.60390625 0.709375 0.0125 0.015625
0 0.85703125 0.65546875 0.0125 0.015625
0 0.23203125 0.78828125 0.00625 0.009375
0 0.68359375 0.6953125 0.0109375 0.0109375
0 0.71015625 0.6890625 0.009375 0.00625
0 0.221875 0.7953125 0.0125 0.015625
0 0.3578125 0.76640625 0.0078125 0.0140625
0 0.3484375 0.76875 0.0109375 0.0109375
0 0.265625 0.78828125 0.00625 0.009375
0 0.71171875 0.69609375 0.0109375 0.0109375
0 0.78515625 0.6828125 0.0125 0.015625
0 0.7625 0.6875 0.0125 0.015625
0 0.18984375 0.809375 0.0125 0.0203125
0 0.9 0.65859375 0.0125 0.015625
0 0.60859375 0.7203125 0.0078125 0.0140625
0 0.79609375 0.68046875 0.0109375 0.0109375
0 0.07421875 0.834375 0.0125 0.0203125
0 0.2171875 0.80625 0.0125 0.0203125
0 0.634375 0.7171875 0.0125 0.015625
0 0.65625 0.7125 0.0125 0.0203125
0 0.846875 0.67265625 0.0125 0.015625
0 0.828125 0.6765625 0.0109375 0.0109375
0 0.6203125 0.7203125 0.0125 0.015625
0 0.88359375 0.66484375 0.0125 0.0203125
0 0.81796875 0.68046875 0.0171875 0.0171875
0 0.87890625 0.66796875 0.0125 0.0203125
0 0.85390625 0.6734375 0.0125 0.015625
0 0.96328125 0.65234375 0.0171875 0.021875
0 0.20078125 0.8171875 0.0125 0.0203125
0 0.9484375 0.66015625 0.0125 0.015625
0 0.9984375 0.6484375 0.003125 0.015625
0 0.928125 0.66484375 0.0125 0.015625
0 0.77421875 0.7 0.0125 0.015625
0 0.67734375 0.7203125 0.0125 0.0203125
0 0.334375 0.79765625 0.0109375 0.0109375
0 0.82578125 0.69375 0.0125 0.015625
0 0.73671875 0.7125 0.0125 0.015625
0 0.74609375 0.71015625 0.0125 0.015625
0 0.79375 0.70234375 0.0171875 0.021875
0 0.91328125 0.684375 0.0125 0.0203125
0 0.90234375 0.6890625 0.0171875 0.0171875
0 0.76640625 0.71796875 0.0125 0.0203125
0 0.8453125 0.7015625 0.0125 0.015625
0 0.19140625 0.840625 0.0125 0.0203125
0 0.18515625 0.84375 0.0171875 0.021875
0 0.72734375 0.73359375 0.0109375 0.0109375
0 0.34921875 0.81640625 0.0125 0.015625
0 0.22265625 0.8453125 0.0078125 0.0140625
0 0.66875 0.75078125 0.0171875 0.021875
0 0.0859375 0.8765625 0.0171875 0.021875
0 0.76328125 0.73515625 0.0140625 0.025
0 0.2359375 0.84921875 0.0125 0.0203125
0 0.26796875 0.8421875 0.0125 0.0203125
0 0.73828125 0.7421875 0.0171875 0.021875
0 0.07578125 0.8859375 0.0125 0.0203125
0 0.71328125 0.7546875 0.0125 0.0203125
0 0.4578125 0.81171875 0.0171875 0.021875
0 0.24921875 0.85859375 0.0171875 0.0171875
0 0.37890625 0.83125 0.0125 0.015625
0 0.6734375 0.7703125 0.0125 0.015625
0 0.6671875 0.77421875 0.0125 0.015625
0 0.775 0.75625 0.021875 0.021875
0 0.35390625 0.85078125 0.0234375 0.0265625
0 0.2578125 0.8734375 0.0171875 0.021875
0 0.63359375 0.79375 0.0171875 0.021875
0 0.61875 0.8015625 0.0125 0.0203125
0 0.62734375 0.79921875 0.0171875 0.021875
0 0.40390625 0.84921875 0.0125 0.0203125
0 0.590625 0.8125 0.0171875 0.021875
0 0.909375 0.746875 0.021875 0.021875
0 0.70703125 0.7921875 0.021875 0.021875
0 0.340625 0.875 0.0125 0.0203125
0 0.465625 0.85078125 0.0171875 0.021875
0 0.128125 0.92265625 0.0234375 0.03125
0 0.51640625 0.8421875 0.0171875 0.021875
0 0.99375 0.7390625 0.0125 0.021875
0 0.14921875 0.9203125 0.0234375 0.03125
0 0.96875 0.7484375 0.0234375 0.03125
0 0.98671875 0.74453125 0.0265625 0.0328125
0 0.87265625 0.77109375 0.0203125 0.0296875
0 0.80859375 0.78515625 0.0171875 0.0171875
0 0.59453125 0.83203125 0.0171875 0.021875
0 0.84609375 0.790625 0.01875 0.0265625
0 0.8171875 0.8015625 0.0234375 0.0265625
0 0.79296875 0.8234375 0.0234375 0.03125
0 0.30703125 0.93125 0.0234375 0.0265625
0 0.7453125 0.84296875 0.0234375 0.03125
0 0.7125 0.85234375 0.0234375 0.0265625
0 0.2484375 0.95390625 0.0234375 0.0265625
0 0.6359375 0.88359375 0.0234375 0.03125
0 0.2828125 0.9890625 0.01875 0.021875
0 0.43359375 0.96640625 0.025 0.0359375
0 0.4640625 0.9671875 0.0203125 0.034375