0 0.303125 0.43046875 0.00625 0.009375
0 0.2296875 0.4171875 0.00625 0.009375
0 0.290625 0.43046875 0.00625 0.009375
0 0.27578125 0.428125 0.00625 0.009375
0 0.31171875 0.434375 0.0109375 0.0109375
0 0.25234375 0.4234375 0.009375 0.00625
0 0.159375 0.40703125 0.0046875 0.0046875
0 0.4140625 0.45390625 0.00625 0.009375
0 0.39453125 0.4578125 0.00625 0.009375
0 0.471875 0.4734375 0.0046875 0.0046875
0 0.5109375 0.48046875 0.00625 0.009375
0 0.2390625 0.4328125 0.0109375 0.0109375
0 0.4921875 0.47734375 0.00625 0.009375
0 0.3140625 0.44609375 0.0109375 0.0109375
0 0.2140625 0.43046875 0.00625 0.009375
0 0.4734375 0.4765625 0.0046875 0.0046875
0 0.20703125 0.4296875 0.00625 0.009375
0 0.2 0.428125 0.00625 0.009375
0 0.10390625 0.4109375 0.0109375 0.0109375
0 0.1109375 0.4125 0.0109375 0.0109375
0 0.1796875 0.42421875 0.0046875 0.0046875
0 0.54140625 0.48828125 0.0046875 0.0046875
0 0.36171875 0.45625 0.0046875 0.0046875
0 0.15234375 0.41953125 0.00625 0.009375
0 0.17265625 0.4234375 0.0046875 0.0046875
0 0.3234375 0.45 0.00625 0.009375
0 0.1453125 0.41875 0.00625 0.009375
0 0.16796875 0.42265625 0.00625 0.009375
0 0.534375 0.4890625 0.00625 0.009375
0 0.37265625 0.4609375 0.00625 0.009375
0 0.553125 0.49296875 0.00625 0.009375
0 0.528125 0.48828125 0.0109375 0.0109375
0 0.6625 0.51171875 0.0109375 0.0109375
0 0.4640625 0.47734375 0.00625 0.009375
0 0.46640625 0.47734375 0.00625 0.009375
0 0.66640625 0.5125 0.00625 0.009375
0 0.3453125 0.45859375 0.0046875 0.0046875
0 0.70078125 0.52109375 0.0109375 0.0109375
0 0.60703125 0.5046875 0.00625 0.009375
0 0.6828125 0.51796875 0.00625 0.009375
0 0.69375 0.5203125 0.00625 0.009375
0 0.48359375 0.4828125 0.0046875 0.0046875
0 0.29140625 0.45390625 0.00625 0.009375
0 0.28203125 0.459375 0.00625 0.009375
0 0.7015625 0.5328125 0.0109375 0.0109375
0 0.29921875 0.4625 0.0078125 0.0140625
0 0.32890625 0.46953125 0.0109375 0.015625
0 0.31328125 0.4671875 0.00625 0.009375
0 0.3859375 0.4796875 0.0109375 0.0109375
0 0.19921875 0.446875 0.0109375 0.0109375
0 0.17109375 0.4421875 0.00625 0.009375
0 0.2234375 0.4515625 0.00625 0.009375
0 0.18515625 0.44453125 0.0109375 0.0109375
0 0.1921875 0.44609375 0.00625 0.009375
0 0.30625 0.465625 0.00625 0.009375
0 0.103125 0.4296875 0.00625 0.009375
0 0.15859375 0.43984375 0.00625 0.009375
0 0.584375 0.5171875 0.00625 0.009375
0 0.6015625 0.5203125 0.00625 0.009375
0 0.37890625 0.48125 0.0109375 0.0109375
0 0.60625 0.52109375 0.0078125 0.0140625
0 0.4078125 0.48828125 0.00625 0.009375
0 0.44296875 0.50390625 0.00625 0.009375
0 0.4796875 0.5203125 0.00625 0.009375
0 0.5046875 0.5296875 0.00625 0.009375
0 0.54375 0.54296875 0.0109375 0.0109375
0 0.43671875 0.5234375 0.0109375 0.0109375
0 0.4859375 0.5375 0.00625 0.009375
0 0.525 0.54375 0.00625 0.009375
0 0.50234375 0.5421875 0.0109375 0.015625
0 0.5203125 0.54765625 0.0109375 0.015625
0 0.47421875 0.53984375 0.00625 0.009375
0 0.446875 0.53515625 0.0109375 0.0109375
0 0.53515625 0.55078125 0.00625 0.009375
0 0.42109375 0.5328125 0.0109375 0.0109375
0 0.54765625 0.56484375 0.0109375 0.0109375
0 0.421875 0.5421875 0.0046875 0.0046875
0 0.38828125 0.5484375 0.0109375 0.015625
0 0.66328125 0.59921875 0.0109375 0.0109375
0 0.62421875 0.596875 0.00625 0.009375
0 0.60546875 0.59609375 0.0109375 0.0109375
0 0.6625 0.60625 0.0109375 0.015625
0 0.6203125 0.60390625 0.0109375 0.0109375
0 0.33046875 0.5546875 0.0078125 0.0140625
0 0.71640625 0.6328125 0.00625 0.009375
0 0.728125 0.634375 0.00625 0.009375
0 0.23203125 0.553125 0.00625 0.009375
0 0.721875 0.63984375 0.00625 0.009375
0 0.77578125 0.65390625 0.0109375 0.0109375
0 0.2421875 0.56484375 0.00625 0.009375
0 0.19609375 0.55703125 0.00625 0.009375
0 0.2484375 0.565625 0.00625 0.009375
0 0.18671875 0.5578125 0.00625 0.009375
0 0.1796875 0.55625 0.00625 0.009375
0 0.7546875 0.6578125 0.00625 0.009375
0 0.1421875 0.55234375 0.00625 0.009375
0 0.23125 0.57265625 0.00625 0.009375
0 0.8140625 0.6796875 0.0109375 0.015625
0 0.278125 0.58515625 0.0109375 0.015625
0 0.796875 0.68203125 0.0109375 0.0109375
0 0.76484375 0.67578125 0.0109375 0.0109375
0 0.75390625 0.6765625 0.0109375 0.0109375
0 0.709375 0.67109375 0.0109375 0.0109375
0 0.6859375 0.67421875 0.0109375 0.0109375
0 0.69453125 0.67578125 0.0109375 0.0109375
0 0.7171875 0.68203125 0.00625 0.009375
0 0.703125 0.6796875 0.00625 0.009375
0 0.72109375 0.68515625 0.00625 0.009375
0 0.3015625 0.6109375 0.0109375 0.0109375
0 0.728125 0.6859375 0.00625 0.009375
0 0.81640625 0.7015625 0.0109375 0.015625
0 0.83984375 0.70625 0.0109375 0.015625
0 0.22578125 0.6 0.0109375 0.015625
0 0.78671875 0.69921875 0.0109375 0.015625
0 0.15703125 0.590625 0.00625 0.009375
0 0.20703125 0.59921875 0.0109375 0.015625
0 0.353125 0.62734375 0.0109375 0.015625
0 0.68046875 0.68984375 0.0109375 0.0109375
0 0.69609375 0.6921875 0.0109375 0.0109375
0 0.22890625 0.61015625 0.0078125 0.0140625
0 0.1953125 0.60546875 0.00625 0.009375
0 0.71640625 0.69765625 0.0109375 0.0109375
0 0.79453125 0.71171875 0.0109375 0.0109375
0 0.1734375 0.6046875 0.0078125 0.0140625
0 0.2015625 0.61640625 0.0078125 0.0140625
0 0.6875 0.70234375 0.0109375 0.015625
0 0.74765625 0.7125 0.00625 0.009375
0 0.22890625 0.6234375 0.0078125 0.0140625
0 0.10625 0.6015625 0.00625 0.009375
0 0.7921875 0.72265625 0.0109375 0.0109375
0 0.2921875 0.6375 0.00625 0.009375
0 0.8140625 0.72890625 0.0109375 0.0109375
0 0.084375 0.603125 0.0109375 0.0109375
0 0.71640625 0.7140625 0.0109375 0.015625
0 0.10078125 0.60546875 0.0109375 0.0109375
0 0.8640625 0.74296875 0.0109375 0.0109375
0 0.57109375 0.69375 0.0109375 0.0109375
0 0.4546875 0.675 0.0109375 0.0109375
0 0.3 0.65 0.0109375 0.015625
0 0.23359375 0.63828125 0.0109375 0.0109375
0 0.76875 0.7328125 0.0109375 0.0109375
0 0.1265625 0.61953125 0.00625 0.009375
0 0.9515625 0.76484375 0.0125 0.0203125
0 0.74375 0.73125 0.0109375 0.0109375
0 0.640625 0.7125 0.0109375 0.015625
0 0.0671875 0.61171875 0.0109375 0.0109375
0 0.75 0.734375 0.0109375 0.0109375
0 0.14609375 0.628125 0.00625 0.009375
0 0.1640625 0.63125 0.0109375 0.015625
0 0.33046875 0.6625 0.0109375 0.0109375
0 0.875 0.75859375 0.0109375 0.0109375
0 0.27265625 0.65546875 0.0109375 0.015625
0 0.6515625 0.721875 0.0109375 0.015625
0 0.046875 0.61796875 0.0109375 0.0109375
0 0.0328125 0.61484375 0.0109375 0.015625
0 0.06953125 0.621875 0.0109375 0.015625
0 0.35859375 0.675 0.0109375 0.015625
0 0.1921875 0.6453125 0.0078125 0.0140625
0 0.74609375 0.74296875 0.0109375 0.0109375
0 0.41328125 0.68671875 0.0109375 0.0109375
0 0.40859375 0.6859375 0.0109375 0.0109375
0 0.33515625 0.67578125 0.0078125 0.0140625
0 0.4234375 0.69375 0.0109375 0.015625
0 0.06953125 0.63125 0.0109375 0.015625
0 0.371875 0.684375 0.00625 0.009375
0 0.69921875 0.74453125 0.0109375 0.015625
0 0.52109375 0.71328125 0.0109375 0.015625
0 0.36171875 0.6875 0.0109375 0.015625
0 0.50703125 0.71328125 0.0078125 0.0140625
0 0.94921875 0.79140625 0.0078125 0.01875
0 0.0578125 0.6359375 0.0109375 0.0109375
0 0.60390625 0.7375 0.0109375 0.015625
0 0.3703125 0.7 0.0078125 0.0140625
0 0.003125 0.63515625 0.00625 0.0109375
0 0.9015625 0.79609375 0.0171875 0.0203125
0 0.25625 0.68203125 0.0109375 0.015625
0 0.7390625 0.76953125 0.0125 0.0203125
0 0.3234375 0.69921875 0.0109375 0.015625
0 0.68359375 0.7625 0.0109375 0.015625
0 0.303125 0.69765625 0.0109375 0.015625
0 0.36015625 0.7078125 0.0109375 0.015625
0 0.08359375 0.6640625 0.0109375 0.015625
0 0.05390625 0.65859375 0.0109375 0.015625
0 0.1203125 0.6703125 0.0109375 0.015625
0 0.44296875 0.72734375 0.015625 0.015625
0 0.67421875 0.76796875 0.0109375 0.015625
0 0.92109375 0.8140625 0.0171875 0.0203125
0 0.484375 0.7390625 0.015625 0.015625
0 0.2484375 0.69765625 0.0109375 0.015625
0 0.72265625 0.7859375 0.0109375 0.015625
0 0.5921875 0.765625 0.0109375 0.015625
0 0.275 0.709375 0.0109375 0.015625
0 0.70546875 0.7875 0.0109375 0.015625
0 0.53203125 0.75703125 0.0109375 0.015625
0 0.6453125 0.78203125 0.0109375 0.015625
0 0.540625 0.76328125 0.015625 0.015625
0 0.77109375 0.81796875 0.0171875 0.0203125
0 0.59140625 0.79609375 0.0109375 0.015625
0 0.14140625 0.71953125 0.0125 0.0203125
0 0.2328125 0.7390625 0.0171875 0.0203125
0 0.21953125 0.74375 0.0125 0.0203125
0 0.84609375 0.85703125 0.0171875 0.0203125
0 0.0171875 0.71796875 0.0125 0.0203125
0 0.65390625 0.83046875 0.0171875 0.0203125
0 0.6875 0.8359375 0.0125 0.0203125
0 0.896875 0.87578125 0.0171875 0.0203125
0 0.72734375 0.85 0.015625 0.015625
0 0.275 0.775 0.0171875 0.0203125
0 0.35 0.790625 0.0140625 0.025
0 0.309375 0.79296875 0.0109375 0.015625
0 0.29765625 0.79375 0.0171875 0.0203125
0 0.046875 0.74921875 0.0171875 0.025
0 0.3453125 0.8046875 0.0109375 0.015625
0 0.06640625 0.76015625 0.0171875 0.0203125
0 0.01171875 0.7640625 0.0125 0.0203125
0 0.26640625 0.81328125 0.0171875 0.0203125
0 0.70390625 0.89296875 0.0171875 0.0203125
0 0.47734375 0.853125 0.0171875 0.0203125
0 0.36796875 0.85 0.0125 0.0203125
0 0.32109375 0.86328125 0.0171875 0.0203125
0 0.8015625 0.95078125 0.0171875 0.0203125
0 0.25234375 0.85390625 0.0171875 0.0203125
0 0.171875 0.8421875 0.021875 0.0265625
0 0.42578125 0.90703125 0.0171875 0.0203125
0 0.0609375 0.85703125 0.021875 0.021875
0 0.19921875 0.88671875 0.0171875 0.025
0 0.421875 0.928125 0.0171875 0.0203125
0 0.3171875 0.909375 0.0171875 0.0203125
0 0.30078125 0.909375 0.0171875 0.025
0 0.103125 0.88125 0.0171875 0.0203125
0 0.17734375 0.91796875 0.0171875 0.0203125
0 0.22890625 0.93125 0.021875 0.0265625