0 0.3875 0.253125 0.1 0.1671875
0 0.47890625 0.30625 0.078125 0.125
0 0.65546875 0.33203125 0.0359375 0.0671875
0 0.14765625 0.3265625 0.015625 0.025
0 0.6828125 0.36875 0.034375 0.04375
0 0.0875 0.33203125 0.015625 0.0296875
0 0.1953125 0.3390625 0.03125 0.04375
0 0.165625 0.33984375 0.0203125 0.0296875
0 0.1234375 0.33671875 0.0265625 0.0375
0 0.13984375 0.3421875 0.0203125 0.025
0 0.05859375 0.33671875 0.0296875 0.0296875
0 0.9265625 0.4 0.046875 0.0765625
0 0.21796875 0.35234375 0.015625 0.025
0 0.10859375 0.34765625 0.015625 0.0296875
0 0.95703125 0.40859375 0.0515625 0.08125
0 0.8015625 0.3984375 0.0578125 0.1046875
0 0.8296875 0.40234375 0.04375 0.0953125
0 0.8609375 0.4140625 0.0296875 0.025
0 0.88125 0.425 0.0203125 0.025
0 0.05859375 0.3671875 0.05 0.053125
0 0.9796875 0.4359375 0.040625 0.109375
0 0.60546875 0.41640625 0.0734375 0.134375
0 0.85859375 0.44609375 0.03125 0.04375
0 0.81796875 0.57109375 0.071875 0.1109375