0 0.36015625 0.1234375 0.028125 0.0359375
0 0.58828125 0.0921875 0.034375 0.05
0 0.31640625 0.13984375 0.0328125 0.040625
0 0.865625 0.05546875 0.0375 0.040625
0 0.4703125 0.1203125 0.0328125 0.040625
0 0.825 0.0640625 0.0375 0.0453125
0 0.1640625 0.17109375 0.0375 0.0453125
0 0.49375 0.11875 0.0234375 0.03125
0 0.2765625 0.153125 0.034375 0.0453125
0 0.55078125 0.11015625 0.034375 0.0453125
0 0.38671875 0.13828125 0.028125 0.040625
0 0.71640625 0.08828125 0.0375 0.0453125
0 0.09609375 0.19609375 0.034375 0.0453125
0 0.44765625 0.15234375 0.034375 0.0453125
0 0.4953125 0.146875 0.0375 0.0453125
0 0.04140625 0.24921875 0.0328125 0.040625
0 0.15546875 0.23359375 0.0375 0.0453125
0 0.28125 0.21328125 0.0390625 0.0546875
0 0.19453125 0.22734375 0.034375 0.0453125
0 0.33046875 0.2125 0.0328125 0.040625
0 0.565625 0.17578125 0.0328125 0.040625
0 0.66640625 0.159375 0.0328125 0.040625
0 0.23671875 0.2296875 0.028125 0.040625
0 0.76015625 0.146875 0.034375 0.0453125
0 0.36953125 0.21171875 0.0296875 0.0453125
0 0.81640625 0.14765625 0.034375 0.05
0 0.6265625 0.178125 0.034375 0.05
0 0.425 0.23046875 0.034375 0.05
0 0.125 0.30859375 0.0375 0.0453125
0 0.1578125 0.30625 0.034375 0.0453125
0 0.51015625 0.2546875 0.0328125 0.0359375
0 0.24375 0.3015625 0.0328125 0.040625
0 0.21171875 0.309375 0.0359375 0.0359375
0 0.01953125 0.33984375 0.0296875 0.0453125
0 0.54140625 0.25703125 0.034375 0.0453125
0 0.70390625 0.2359375 0.0375 0.0453125
0 0.315625 0.3 0.04375 0.0515625
0 0.2859375 0.3046875 0.028125 0.040625
0 0.61171875 0.25546875 0.034375 0.05
0 0.68046875 0.24453125 0.0390625 0.0546875
0 0.3484375 0.296875 0.028125 0.0359375
0 0.05859375 0.3453125 0.028125 0.03125
0 0.3875 0.2953125 0.0359375 0.0359375
0 0.59140625 0.26484375 0.028125 0.040625
0 0.8703125 0.23515625 0.0375 0.0453125
0 0.93515625 0.23203125 0.0375 0.040625
0 0.95546875 0.23828125 0.0265625 0.053125
0 0.00546875 0.38984375 0.0109375 0.0265625
0 0.37890625 0.3296875 0.0375 0.0453125
0 0.8296875 0.26015625 0.034375 0.0453125
0 0.4921875 0.31640625 0.0328125 0.040625
0 0.34375 0.34453125 0.028125 0.040625
0 0.0546875 0.3953125 0.0375 0.0453125
0 0.23515625 0.36640625 0.0265625 0.0265625
0 0.46328125 0.33046875 0.0328125 0.040625
0 0.259375 0.371875 0.04375 0.0515625
0 0.18671875 0.3859375 0.034375 0.0453125
0 0.61015625 0.32109375 0.0390625 0.05
0 0.14609375 0.3984375 0.034375 0.0453125
0 0.546875 0.33515625 0.034375 0.0453125
0 0.10078125 0.4078125 0.0359375 0.0546875
0 0.65 0.3234375 0.0296875 0.0453125
0 0.56875 0.34140625 0.034375 0.0453125
0 0.7609375 0.315625 0.034375 0.0453125
0 0.7921875 0.315625 0.034375 0.0453125
0 0.71875 0.32890625 0.0390625 0.05
0 0.67109375 0.3390625 0.0375 0.0453125
0 0.01328125 0.44765625 0.0265625 0.0359375
0 0.1875 0.43515625 0.034375 0.05
0 0.50625 0.39140625 0.0390625 0.05
0 0.215625 0.43984375 0.01875 0.0296875
0 0.31484375 0.42421875 0.0390625 0.05
0 0.10234375 0.46015625 0.0328125 0.040625
0 0.025 0.47734375 0.0375 0.0453125
0 0.4046875 0.41953125 0.0328125 0.040625
0 0.0484375 0.47578125 0.0296875 0.0453125
0 0.07890625 0.503125 0.0390625 0.05
0 0.2046875 0.08515625 0.0328125 0.0328125
0 0.19609375 0.4875 0.021875 0.0265625
0 0.3078125 0.46953125 0.021875 0.021875
0 0.15234375 0.496875 0.0359375 0.0546875
0 0.265625 0.48125 0.0234375 0.03125
0 0.36875 0.46953125 0.028125 0.040625
0 0.12890625 0.509375 0.034375 0.0453125
0 0.47421875 0.45546875 0.034375 0.05
0 0.396875 0.46953125 0.0328125 0.0359375
0 0.18203125 0.50390625 0.0328125 0.040625
0 0.271875 0.4921875 0.0296875 0.0484375
0 0.8953125 0.39296875 0.0328125 0.040625
0 0.2234375 0.5015625 0.0296875 0.0453125
0 0.584375 0.02734375 0.034375 0.05
0 0.5765625 0.4484375 0.034375 0.0453125
0 0.31640625 0.49453125 0.034375 0.0453125
0 0.84453125 0.41328125 0.0390625 0.05
0 0.0125 0.55859375 0.025 0.0484375
0 0.3703125 0.525 0.0390625 0.0546875
0 0.7953125 0.4578125 0.0328125 0.0328125
0 0.503125 0.50625 0.034375 0.05
0 0.4609375 0.515625 0.0390625 0.0546875
0 0.1953125 0.5578125 0.028125 0.0359375
0 0.5578125 0.51015625 0.034375 0.0453125
0 0.0234375 0.12265625 0.0296875 0.0453125
0 0.59375 0.5109375 0.0375 0.040625
0 0.7515625 0.48828125 0.034375 0.0453125
0 0.659375 0.503125 0.0390625 0.05
0 0.7078125 0.4953125 0.0390625 0.05
0 0.63515625 0.509375 0.0390625 0.0546875
0 0.790625 0.4890625 0.034375 0.0453125
0 0.83828125 0.4859375 0.034375 0.0453125
0 0.34375 0.578125 0.0359375 0.0546875
0 0.809375 0.01171875 0.034375 0.0234375
0 0.45 0.56875 0.0328125 0.0328125
0 0.05703125 0.63359375 0.0328125 0.040625
0 0.10234375 0.6359375 0.0296875 0.0453125
0 0.15078125 0.63046875 0.034375 0.0453125
0 0.4984375 0.578125 0.034375 0.0453125
0 0.403125 0.59765625 0.0375 0.0453125
0 0.64375 0.56171875 0.034375 0.05
0 0.48125 0.05546875 0.034375 0.0453125
0 0.4640625 0.59765625 0.0390625 0.05
0 0.61015625 0.57421875 0.0390625 0.0546875
0 0.5421875 0.58515625 0.0296875 0.0453125
0 0.7546875 0.55390625 0.0375 0.0453125
0 0.6796875 0.571875 0.0390625 0.0546875
0 0.9328125 0.5390625 0.0421875 0.046875
0 0.98671875 0.53203125 0.0265625 0.0546875
0 0.09765625 0.12109375 0.028125 0.040625
0 0.525 0.053125 0.0234375 0.034375
0 0.09609375 0.6859375 0.028125 0.03125
0 0.14453125 0.6828125 0.034375 0.05
0 0.20390625 0.04765625 0.0203125 0.0171875
0 0.05703125 0.70390625 0.0375 0.0453125
0 0.621875 0.62109375 0.0328125 0.0359375
0 0.2046875 0.69453125 0.0484375 0.0515625
0 0.525 0.64375 0.034375 0.0453125
0 0.953125 0.57890625 0.034375 0.0453125
0 0.77578125 0.01796875 0.0328125 0.0359375
0 0.60078125 0.634375 0.034375 0.0453125
0 0.56015625 0.6453125 0.034375 0.05
0 0.69765625 0.6234375 0.0296875 0.0484375
0 0.88984375 0.5953125 0.028125 0.040625
0 0.73515625 0.6203125 0.034375 0.0453125
0 0.24765625 0.69921875 0.0328125 0.040625
0 0.29453125 0.69375 0.028125 0.0359375
0 0.4109375 0.678125 0.0328125 0.040625
0 0.93203125 0.5953125 0.0359375 0.0546875
0 0.76953125 0.62109375 0.034375 0.0453125
0 0.9140625 0.61015625 0.040625 0.0640625
0 0.9921875 0.6046875 0.015625 0.05
0 0.83125 0.63984375 0.0328125 0.0359375
0 0.9078125 0.0109375 0.0375 0.021875
0 0.0484375 0.1359375 0.034375 0.0453125
0 0.1875 0.74375 0.0390625 0.05
0 0.07265625 0.7625 0.034375 0.0453125
0 0.390625 0.7140625 0.0296875 0.0453125
0 0.30078125 0.7359375 0.0328125 0.040625
0 0.6859375 0.6796875 0.0421875 0.046875
0 0.4828125 0.7140625 0.034375 0.0453125
0 0.51640625 0.7109375 0.0296875 0.0453125
0 0.55859375 0.70625 0.0375 0.0453125
0 0.4328125 0.7265625 0.034375 0.0453125
0 0.34609375 0.740625 0.034375 0.0453125
0 0.8171875 0.6703125 0.034375 0.0453125
0 0.5984375 0.709375 0.0328125 0.040625
0 0.63515625 0.70546875 0.034375 0.0453125
0 0.725 0.69140625 0.034375 0.0453125
0 0.77734375 0.6828125 0.034375 0.0453125
0 0.84453125 0.6796875 0.034375 0.0453125
0 0.059375 0.82265625 0.034375 0.05
0 0.47578125 0.759375 0.0203125 0.04375
0 0.32421875 0.7859375 0.028125 0.0359375
0 0.1703125 0.81484375 0.0359375 0.0546875
0 0.43125 0.77578125 0.0359375 0.028125
0 0.5390625 0.76328125 0.0390625 0.05
0 0.22421875 0.815625 0.0375 0.0453125
0 0.48984375 0.7734375 0.0328125 0.040625
0 0.88515625 0.71328125 0.0421875 0.046875
0 0.275 0.81484375 0.0234375 0.03125
0 0.63046875 0.7609375 0.0390625 0.05
0 0.34921875 0.80546875 0.0375 0.0453125
0 0.72109375 0.75546875 0.0375 0.0453125
0 0.428125 0.8015625 0.034375 0.0453125
0 0.59609375 0.78203125 0.040625 0.0375
0 0.81171875 0.7484375 0.034375 0.0453125
0 0.665625 0.77578125 0.0328125 0.040625
0 0.153125 0.85703125 0.0375 0.0453125
0 0.76015625 0.765625 0.0453125 0.0609375
0 0.38359375 0.8296875 0.028125 0.0359375
0 0.90703125 0.746875 0.04375 0.05625
0 0.85 0.75859375 0.0359375 0.0546875
0 0.9578125 0.74375 0.0390625 0.05
0 0.51328125 0.81875 0.034375 0.0453125
0 0.58828125 0.80703125 0.028125 0.0359375
0 0.30390625 0.86171875 0.028125 0.03125
0 0.21328125 0.8828125 0.0375 0.0453125
0 0.271875 0.8765625 0.0375 0.0453125
0 0.9734375 0.76953125 0.040625 0.059375
0 0.4046875 0.86015625 0.034375 0.05
0 0.646875 0.821875 0.034375 0.05
0 0.0734375 0.9125 0.0359375 0.0546875
0 0.715625 0.81328125 0.0296875 0.0453125
0 0.69140625 0.81875 0.0234375 0.034375
0 0.35234375 0.88671875 0.034375 0.05
0 0.58984375 0.8484375 0.034375 0.0453125
0 0.90859375 0.803125 0.0375 0.040625
0 0.83359375 0.81484375 0.0453125 0.0609375
0 0.56171875 0.87265625 0.034375 0.0453125
0 0.86796875 0.8234375 0.0484375 0.05625
0 0.95078125 0.81328125 0.034375 0.05
0 0.9140625 0.8234375 0.046875 0.0421875
0 0.9953125 0.8078125 0.009375 0.05
0 0.98515625 0.821875 0.0296875 0.028125
0 0.3125 0.928125 0.0328125 0.0328125