0 0.45859375 0.4328125 0.00625 0.009375
0 0.1140625 0.4015625 0.0203125 0.0203125
0 0.45703125 0.446875 0.0109375 0.015625
0 0.7234375 0.47734375 0.0109375 0.015625
0 0.7125 0.47578125 0.0109375 0.0109375
0 0.8296875 0.490625 0.0109375 0.0203125
0 0.27421875 0.43203125 0.015625 0.0203125
0 0.46796875 0.4546875 0.0109375 0.0109375
0 0.6453125 0.4734375 0.0109375 0.0109375
0 0.69765625 0.47890625 0.0109375 0.0109375
0 0.8078125 0.490625 0.03125 0.0390625
0 0.52265625 0.4609375 0.00625 0.009375
0 0.61484375 0.4703125 0.0109375 0.0203125
0 0.428125 0.45078125 0.0109375 0.0203125
0 0.94609375 0.5078125 0.015625 0.0203125
0 0.29453125 0.4390625 0.015625 0.015625
0 0.32421875 0.4421875 0.015625 0.0203125
0 0.42109375 0.45234375 0.0109375 0.0109375
0 0.9953125 0.51484375 0.009375 0.0203125
0 0.8953125 0.5046875 0.015625 0.015625
0 0.496875 0.4625 0.0203125 0.015625
0 0.9296875 0.50859375 0.015625 0.0203125
0 0.73359375 0.4875 0.0109375 0.0109375
0 0.9828125 0.5140625 0.015625 0.0109375
0 0.1125 0.42265625 0.0203125 0.0203125
0 0.3859375 0.453125 0.015625 0.015625
0 0.45546875 0.4609375 0.00625 0.0140625
0 0.61171875 0.47734375 0.0109375 0.0109375
0 0.1953125 0.43359375 0.015625 0.015625
0 0.6234375 0.478125 0.015625 0.0109375
0 0.18359375 0.434375 0.015625 0.0109375
0 0.4625 0.4640625 0.0109375 0.0109375
0 0.5796875 0.47578125 0.0328125 0.04375
0 0.44375 0.46171875 0.0046875 0.0046875
0 0.36953125 0.45390625 0.015625 0.015625
0 0.653125 0.48515625 0.0109375 0.015625
0 0.2203125 0.43984375 0.015625 0.0203125
0 0.959375 0.5203125 0.015625 0.0203125
0 0.02421875 0.42421875 0.0109375 0.015625
0 0.04375 0.428125 0.015625 0.015625
0 0.90703125 0.51953125 0.015625 0.0109375
0 0.34609375 0.46015625 0.0109375 0.0203125
0 0.6078125 0.4875 0.0171875 0.025
0 0.71484375 0.49921875 0.021875 0.025
0 0.6359375 0.49296875 0.015625 0.0203125
0 0.93984375 0.525 0.015625 0.015625
0 0.4765625 0.4765625 0.0203125 0.0203125
0 0.825 0.51328125 0.0265625 0.0390625
0 0.2875 0.45859375 0.0203125 0.015625
0 0.16796875 0.44609375 0.025 0.021875
0 0.24609375 0.45703125 0.0125 0.025
0 0.41875 0.475 0.015625 0.0203125
0 0.446875 0.478125 0.0203125 0.0109375
0 0.92734375 0.53046875 0.021875 0.0296875
0 0.08515625 0.4421875 0.015625 0.0203125
0 0.12578125 0.4515625 0.025 0.025
0 0.196875 0.4609375 0.0203125 0.0203125
0 0.3 0.471875 0.0265625 0.0296875
0 0.6828125 0.5125 0.021875 0.0296875
0 0.728125 0.51953125 0.0359375 0.040625
0 0.38046875 0.4828125 0.0171875 0.025
0 0.40390625 0.48515625 0.0171875 0.025
0 0.26796875 0.4734375 0.025 0.025
0 0.3453125 0.48359375 0.03125 0.03125
0 0.6984375 0.52109375 0.0171875 0.025
0 0.90078125 0.54453125 0.0171875 0.0296875
0 0.175 0.46796875 0.0265625 0.0296875
0 0.07421875 0.4578125 0.021875 0.0296875
0 0.4390625 0.50078125 0.021875 0.0296875
0 0.3609375 0.4921875 0.01875 0.046875
0 0.23203125 0.47890625 0.0203125 0.0203125
0 0.13984375 0.471875 0.021875 0.0296875
0 0.45546875 0.5046875 0.021875 0.0296875
0 0.64375 0.5265625 0.040625 0.0453125
0 0.0890625 0.47109375 0.0109375 0.0203125
0 0.8625 0.55234375 0.0359375 0.0484375
0 0.9765625 0.56640625 0.0421875 0.0640625
0 0.4 0.50625 0.0203125 0.0203125
0 0.50078125 0.51640625 0.0328125 0.053125
0 0.25859375 0.4984375 0.021875 0.025
0 0.1609375 0.48828125 0.0265625 0.0390625
0 0.37578125 0.51015625 0.021875 0.0296875
0 0.93203125 0.57109375 0.0328125 0.04375
0 0.06875 0.48515625 0.0296875 0.0171875
0 0.69921875 0.553125 0.0359375 0.040625
0 0.890625 0.57578125 0.0359375 0.040625
0 0.3046875 0.52109375 0.0328125 0.053125
0 0.14375 0.50625 0.0328125 0.04375
0 0.83125 0.58359375 0.046875 0.0546875
0 0.18125 0.5203125 0.03125 0.03125
0 0.0828125 0.509375 0.03125 0.03125
0 0.4640625 0.55234375 0.028125 0.04375
0 0.42421875 0.55234375 0.0328125 0.04375
0 0.26875 0.5359375 0.0265625 0.034375
0 0.70546875 0.584375 0.040625 0.0453125
0 0.01328125 0.51796875 0.0265625 0.0671875
0 0.19765625 0.565625 0.046875 0.0640625
0 0.109375 0.55859375 0.0328125 0.053125
0 0.06796875 0.55703125 0.0328125 0.04375
0 0.2484375 0.58984375 0.0375 0.053125
0 0.396875 0.63359375 0.040625 0.05
0 0.1421875 0.61171875 0.040625 0.0453125