0 0.3421875 0.11328125 0.0421875 0.0703125
0 0.20859375 0.11796875 0.0328125 0.065625
0 0.5671875 0.11171875 0.0515625 0.0703125
0 0.1140625 0.1296875 0.046875 0.0515625
0 0.77734375 0.01171875 0.0515625 0.0234375
0 0.80859375 0.12421875 0.05625 0.0890625
0 0.95234375 0.13828125 0.046875 0.065625
0 0.028125 0.15625 0.046875 0.05625
0 0.859375 0.16015625 0.0421875 0.05625
0 0.11015625 0.18046875 0.05625 0.0703125
0 0.75390625 0.1828125 0.0609375 0.0890625
0 0.9390625 0.18203125 0.0515625 0.0703125
0 0.40703125 0.228125 0.0609375 0.0796875
0 0.58125 0.2296875 0.0515625 0.0890625
0 0.31015625 0.23671875 0.046875 0.0796875
0 0.5515625 0.25390625 0.0515625 0.084375
0 0.4265625 0.28203125 0.0515625 0.084375
0 0.97265625 0.278125 0.046875 0.0796875
0 0.9296875 0.0296875 0.065625 0.059375
0 0.14140625 0.35546875 0.0609375 0.075
0 0.2546875 0.3625 0.0515625 0.0703125
0 0.653125 0.36796875 0.0515625 0.084375
0 0.37734375 0.37734375 0.05625 0.075
0 0.45234375 0.396875 0.0703125 0.075
0 0.271875 0.415625 0.05625 0.0796875
0 0.71171875 0.4078125 0.0671875 0.1078125
0 0.98203125 0.4171875 0.025 0.09375
0 0.53515625 0.42734375 0.05625 0.084375
0 0.31171875 0.45703125 0.065625 0.075
0 0.00859375 0.46953125 0.015625 0.096875
0 0.1453125 0.46953125 0.0625 0.09375
0 0.8046875 0.46015625 0.05625 0.0890625
0 0.43203125 0.046875 0.0515625 0.0796875
0 0.24296875 0.509375 0.065625 0.0890625
0 0.365625 0.509375 0.0796875 0.084375
0 0.80078125 0.50390625 0.0515625 0.0796875
0 0.10390625 0.52109375 0.0515625 0.065625
0 0.37890625 0.56953125 0.0609375 0.084375
0 0.65390625 0.0546875 0.0515625 0.084375
0 0.53359375 0.5828125 0.075 0.084375
0 0.0078125 0.06640625 0.015625 0.0703125
0 0.8046875 0.5828125 0.0625 0.0984375
0 0.8953125 0.60625 0.0515625 0.075
0 0.75703125 0.61796875 0.08125 0.1078125
0 0.55859375 0.69140625 0.053125 0.1125
0 0.43671875 0.71875 0.0625 0.1125
0 0.95546875 0.71640625 0.0515625 0.0890625
0 0.0765625 0.7578125 0.075 0.0796875
0 0.83359375 0.746875 0.0765625 0.0984375
0 0.22265625 0.76640625 0.0578125 0.09375
0 0.6875 0.7609375 0.071875 0.1078125
0 0.89375 0.759375 0.0515625 0.0796875
0 0.2984375 0.79296875 0.0578125 0.0984375
0 0.8421875 0.834375 0.071875 0.1078125
0 0.70859375 0.08203125 0.0421875 0.084375
0 0.540625 0.8578125 0.08125 0.0984375
0 0.54375 0.0875 0.0515625 0.0796875
0 0.32109375 0.86875 0.084375 0.084375
0 0.14296875 0.88125 0.0890625 0.0703125
0 0.42578125 0.88359375 0.075 0.0515625
0 0.10390625 0.8890625 0.09375 0.04375
0 0.1734375 0.09609375 0.0515625 0.075