0 0.7828125 0.14375 0.0296875 0.034375
0 0.9 0.159375 0.0296875 0.034375
0 0.6140625 0.1390625 0.03125 0.0484375
0 0.7234375 0.15859375 0.0203125 0.0296875
0 0.7421875 0.16015625 0.0203125 0.0328125
0 0.496875 0.1453125 0.0265625 0.0421875
0 0.5765625 0.16875 0.0203125 0.0203125
0 0.66875 0.17734375 0.0203125 0.0296875
0 0.92109375 0.1953125 0.015625 0.0203125
0 0.97109375 0.203125 0.025 0.0296875
0 0.61328125 0.178125 0.03125 0.0390625
0 0.52734375 0.17421875 0.021875 0.0375
0 0.221875 0.1625 0.015625 0.025
0 0.5359375 0.184375 0.015625 0.025
0 0.69453125 0.20703125 0.03125 0.04375
0 0.27421875 0.1828125 0.0296875 0.0296875
0 0.87578125 0.2296875 0.0453125 0.0671875
0 0.1390625 0.1828125 0.025 0.0328125
0 0.73515625 0.22890625 0.0453125 0.0578125
0 0.43359375 0.21875 0.04375 0.04375
0 0.19765625 0.209375 0.0609375 0.0921875
0 0.60859375 0.2453125 0.0515625 0.071875
0 0.04921875 0.21328125 0.06875 0.1203125
0 0.56328125 0.2609375 0.046875 0.090625
0 0.97421875 0.28984375 0.05 0.0671875
0 0.7640625 0.30234375 0.0765625 0.1109375
0 0.3484375 0.2828125 0.1078125 0.1734375
0 0.4328125 0.29296875 0.0859375 0.1109375
0 0.93203125 0.38828125 0.11875 0.1921875