0 0.1078125 0.29921875 0.0109375 0.015625
0 0.534375 0.37421875 0.0109375 0.015625
0 0.0984375 0.3 0.0109375 0.015625
0 0.4625 0.3640625 0.0171875 0.025
0 0.16171875 0.3109375 0.0234375 0.034375
0 0.21171875 0.31953125 0.015625 0.015625
0 0.11640625 0.303125 0.0125 0.0203125
0 0.26640625 0.33203125 0.0078125 0.0140625
0 0.24375 0.328125 0.00625 0.009375
0 0.28046875 0.334375 0.01875 0.034375
0 0.41953125 0.35859375 0.0171875 0.0203125
0 0.29140625 0.33671875 0.00625 0.009375
0 0.059375 0.2953125 0.0296875 0.040625
0 0.259375 0.33046875 0.0046875 0.0046875
0 0.303125 0.340625 0.0171875 0.025
0 0.0859375 0.30234375 0.0171875 0.025
0 0.2109375 0.32421875 0.0125 0.0203125
0 0.57109375 0.38828125 0.00625 0.009375
0 0.15 0.3140625 0.0171875 0.025
0 0.2546875 0.33203125 0.01875 0.0296875
0 0.82421875 0.4328125 0.0046875 0.0046875
0 0.55234375 0.38671875 0.0078125 0.0140625
0 0.61015625 0.396875 0.00625 0.009375
0 0.67421875 0.40859375 0.0046875 0.0046875
0 0.31796875 0.3453125 0.0078125 0.01875
0 0.62578125 0.4 0.0046875 0.0046875
0 0.51171875 0.3796875 0.0109375 0.015625
0 0.54140625 0.38515625 0.00625 0.009375
0 0.61875 0.3984375 0.0109375 0.0109375
0 0.7265625 0.41796875 0.0046875 0.0046875
0 0.225 0.32890625 0.015625 0.015625
0 0.52109375 0.38125 0.0046875 0.0046875
0 0.534375 0.38359375 0.0109375 0.015625
0 0.63046875 0.40078125 0.00625 0.009375
0 0.39765625 0.3625 0.034375 0.0453125
0 0.73515625 0.421875 0.0046875 0.0046875
0 0.7578125 0.42578125 0.0046875 0.0046875
0 0.65078125 0.40703125 0.0046875 0.0046875
0 0.6984375 0.41484375 0.0046875 0.0046875
0 0.74140625 0.42265625 0.0046875 0.0046875
0 0.6484375 0.40625 0.0046875 0.0046875
0 0.2859375 0.3421875 0.0109375 0.015625
0 0.48671875 0.378125 0.0140625 0.025
0 0.8828125 0.44765625 0.0046875 0.0046875
0 0.49296875 0.37890625 0.00625 0.009375
0 0.70078125 0.415625 0.0046875 0.0046875
0 0.72109375 0.41953125 0.0046875 0.0046875
0 0.6890625 0.41328125 0.0046875 0.0046875
0 0.42890625 0.36796875 0.00625 0.009375
0 0.55859375 0.390625 0.0109375 0.015625
0 0.70546875 0.41640625 0.0046875 0.0046875
0 0.728125 0.4203125 0.0046875 0.0046875
0 0.753125 0.425 0.0046875 0.0046875
0 0.2359375 0.33359375 0.0171875 0.025
0 0.66171875 0.40859375 0.0046875 0.0046875
0 0.203125 0.328125 0.015625 0.0109375
0 0.26015625 0.340625 0.00625 0.009375
0 0.54765625 0.390625 0.0109375 0.015625
0 0.69296875 0.41640625 0.0046875 0.0046875
0 0.321875 0.35078125 0.0109375 0.015625
0 0.66640625 0.41171875 0.00625 0.009375
0 0.35625 0.35703125 0.059375 0.090625
0 0.575 0.39609375 0.0078125 0.0140625
0 0.67109375 0.4125 0.0046875 0.0046875
0 0.7328125 0.4234375 0.0046875 0.0046875
0 0.18203125 0.3265625 0.021875 0.021875
0 0.8046875 0.4359375 0.0046875 0.0046875
0 0.63125 0.40546875 0.009375 0.00625
0 0.1390625 0.31875 0.0171875 0.025
0 0.82109375 0.4390625 0.0046875 0.0046875
0 0.5796875 0.396875 0.0078125 0.0140625
0 0.5203125 0.3859375 0.00625 0.009375
0 0.734375 0.42421875 0.00625 0.009375
0 0.73828125 0.425 0.0046875 0.0046875
0 0.728125 0.42265625 0.0046875 0.0046875
0 0.56484375 0.39609375 0.0109375 0.015625
0 0.3328125 0.35546875 0.0109375 0.015625
0 0.80703125 0.4390625 0.0046875 0.0046875
0 0.65859375 0.41328125 0.00625 0.009375
0 0.4265625 0.371875 0.00625 0.009375
0 0.075 0.31015625 0.0171875 0.025
0 0.7453125 0.428125 0.0046875 0.0046875
0 0.8796875 0.4515625 0.0078125 0.0140625
0 0.71328125 0.425 0.0046875 0.0046875
0 0.74921875 0.43125 0.0046875 0.0046875
0 0.80859375 0.44140625 0.0046875 0.0046875
0 0.50546875 0.38828125 0.0109375 0.015625
0 0.1203125 0.3203125 0.0171875 0.025
0 0.70859375 0.42421875 0.0109375 0.015625
0 0.82265625 0.44453125 0.0046875 0.0046875
0 0.65390625 0.41484375 0.0109375 0.015625
0 0.825 0.44453125 0.0046875 0.0046875
0 0.8859375 0.45546875 0.00625 0.009375
0 0.80625 0.44140625 0.0046875 0.0046875
0 0.815625 0.44296875 0.00625 0.009375
0 0.309375 0.35390625 0.00625 0.009375
0 0.47578125 0.38515625 0.0125 0.0203125
0 0.53984375 0.396875 0.0078125 0.0140625
0 0.8359375 0.44921875 0.0234375 0.034375
0 0.7515625 0.434375 0.00625 0.009375
0 0.81953125 0.44609375 0.00625 0.009375
0 0.69453125 0.42421875 0.0109375 0.0109375
0 0.646875 0.415625 0.0078125 0.0140625
0 0.61875 0.4109375 0.0171875 0.025
0 0.73359375 0.43125 0.00625 0.009375
0 0.74453125 0.4328125 0.0046875 0.0046875
0 0.803125 0.4453125 0.0046875 0.0046875
0 0.81015625 0.446875 0.0046875 0.0046875
0 0.6484375 0.41796875 0.0109375 0.0109375
0 0.028125 0.30859375 0.0046875 0.0046875
0 0.46875 0.38671875 0.0125 0.0203125
0 0.7390625 0.434375 0.0046875 0.0046875
0 0.63203125 0.415625 0.0109375 0.015625
0 0.7140625 0.43203125 0.0109375 0.0109375
0 0.9171875 0.46796875 0.0640625 0.090625
0 0.5609375 0.40546875 0.0078125 0.0140625
0 0.6890625 0.428125 0.0125 0.0203125
0 0.4859375 0.39453125 0.0125 0.0203125
0 0.54921875 0.40546875 0.0125 0.0203125
0 0.85703125 0.46015625 0.0171875 0.025
0 0.56796875 0.40859375 0.0109375 0.015625
0 0.89140625 0.465625 0.0109375 0.015625
0 0.0296875 0.3140625 0.00625 0.009375
0 0.0390625 0.315625 0.0109375 0.015625
0 0.0890625 0.3265625 0.0140625 0.0328125
0 0.7296875 0.43984375 0.0171875 0.0203125
0 0.6453125 0.425 0.0109375 0.0109375
0 0.82734375 0.45703125 0.0125 0.0203125
0 0.80390625 0.453125 0.00625 0.009375
0 0.2 0.3484375 0.01875 0.0296875
0 0.5328125 0.4078125 0.0140625 0.025
0 0.58984375 0.4171875 0.025 0.04375
0 0.215625 0.3515625 0.0234375 0.03125
0 0.31796875 0.371875 0.0234375 0.03125
0 0.51875 0.40703125 0.0078125 0.01875
0 0.33125 0.37578125 0.0140625 0.0296875
0 0.52734375 0.41015625 0.0125 0.0203125
0 0.61171875 0.425 0.025 0.04375
0 0.10546875 0.33828125 0.0234375 0.034375
0 0.5015625 0.4109375 0.028125 0.03125
0 0.64296875 0.4359375 0.0171875 0.025
0 0.57421875 0.4234375 0.0078125 0.01875
0 0.56484375 0.42421875 0.0171875 0.025
0 0.225 0.36640625 0.0171875 0.025
0 0.67578125 0.44609375 0.0359375 0.0546875
0 0.80546875 0.47109375 0.0234375 0.03125
0 0.69609375 0.45234375 0.0171875 0.0203125
0 0.25390625 0.3765625 0.01875 0.034375
0 0.65703125 0.45 0.0109375 0.015625
0 0.72265625 0.4640625 0.0234375 0.034375
0 0.6265625 0.446875 0.0234375 0.03125
0 0.7703125 0.475 0.0515625 0.0703125
0 0.70625 0.465625 0.0171875 0.0203125
0 0.43828125 0.42109375 0.04375 0.078125
0 0.51875 0.43515625 0.0234375 0.034375
0 0.38125 0.41328125 0.028125 0.03125
0 0.1671875 0.378125 0.040625 0.0609375
0 0.26484375 0.3953125 0.03125 0.0546875
0 0.64296875 0.4640625 0.0171875 0.0203125
0 0.5328125 0.446875 0.0171875 0.025
0 0.503125 0.46953125 0.0234375 0.03125
0 0.96875 0.58515625 0.0515625 0.09375
0 0.8203125 0.56328125 0.05625 0.09375
0 0.75390625 0.59609375 0.0390625 0.046875