0 0.2859375 0.03515625 0.04375 0.0703125
0 0.18984375 0.028125 0.034375 0.05625
0 0.49453125 0.05703125 0.04375 0.0796875
0 0.14296875 0.04765625 0.034375 0.084375
0 0.10625 0.05546875 0.0390625 0.075
0 0.059375 0.05390625 0.0546875 0.1078125
0 0.41796875 0.06875 0.04375 0.075
0 0.54453125 0.0875 0.053125 0.0765625
0 0.65546875 0.09609375 0.034375 0.075
0 0.83125 0.10546875 0.034375 0.0609375
0 0.91875 0.115625 0.0484375 0.0890625
0 0.34765625 0.103125 0.0734375 0.11875
0 0.8 0.1234375 0.03125 0.0703125
0 0.74921875 0.12421875 0.034375 0.046875
0 0.46171875 0.13046875 0.0546875 0.0984375
0 0.2171875 0.12421875 0.06875 0.1359375
0 0.71171875 0.15078125 0.025 0.046875
0 0.6140625 0.1546875 0.0546875 0.0953125
0 0.98828125 0.16796875 0.0234375 0.0796875
0 0.77578125 0.1625 0.0203125 0.0421875
0 0.740625 0.171875 0.0390625 0.05625
0 0.66796875 0.19296875 0.04375 0.084375
0 0.95 0.2078125 0.05 0.1078125
0 0.878125 0.22421875 0.06875 0.1171875
0 0.76171875 0.2375 0.053125 0.0859375
0 0.54921875 0.27734375 0.06875 0.1171875