0 0.40546875 0.3296875 0.0046875 0.009375
0 0.48671875 0.33125 0.0046875 0.009375
0 0.3953125 0.33515625 0.0046875 0.0140625
0 0.4203125 0.3359375 0.009375 0.0140625
0 0.47578125 0.334375 0.0046875 0.009375
0 0.4640625 0.33671875 0.0140625 0.01875
0 0.43203125 0.34296875 0.009375 0.0140625
0 0.4921875 0.34296875 0.0046875 0.009375
0 0.4734375 0.34765625 0.009375 0.01875
0 0.45859375 0.36953125 0.009375 0.0140625
0 0.46953125 0.3734375 0.009375 0.0140625
0 0.51484375 0.3765625 0.0046875 0.01875
0 0.5140625 0.42265625 0.009375 0.0140625
0 0.47421875 0.42890625 0.009375 0.0140625
0 0.41640625 0.43125 0.009375 0.009375
0 0.45625 0.434375 0.009375 0.0140625
0 0.4953125 0.4328125 0.0140625 0.01875
0 0.4375 0.4375 0.009375 0.0140625
0 0.3890625 0.44140625 0.009375 0.0140625
0 0.4234375 0.4421875 0.009375 0.0140625
0 0.40703125 0.44296875 0.009375 0.0140625
0 0.49609375 0.44453125 0.009375 0.009375
0 0.4078125 0.45703125 0.009375 0.0140625
0 0.3953125 0.46953125 0.009375 0.0140625
0 0.425 0.4765625 0.009375 0.0140625
0 0.515625 0.48046875 0.009375 0.009375
0 0.496875 0.48359375 0.009375 0.01875
0 0.4375 0.49296875 0.009375 0.01875
0 0.4515625 0.50390625 0.009375 0.0140625
0 0.40546875 0.50546875 0.009375 0.009375
0 0.44296875 0.51640625 0.009375 0.0140625
0 0.459375 0.515625 0.009375 0.0140625
0 0.52890625 0.5203125 0.009375 0.0140625
0 0.43125 0.52578125 0.009375 0.01875
0 0.5171875 0.52265625 0.009375 0.0140625
0 0.4 0.5515625 0.009375 0.0140625
0 0.54296875 0.54921875 0.009375 0.0140625
0 0.525 0.55 0.0140625 0.01875
0 0.49921875 0.553125 0.009375 0.0140625
0 0.41796875 0.55625 0.009375 0.0140625
0 0.49765625 0.5765625 0.009375 0.0140625
0 0.44296875 0.58125 0.0140625 0.0140625
0 0.546875 0.58203125 0.0046875 0.01875
0 0.53125 0.5828125 0.009375 0.0140625
0 0.4125 0.59140625 0.0140625 0.01875
0 0.503125 0.58828125 0.009375 0.0140625
0 0.50546875 0.59921875 0.0046875 0.0140625
0 0.5796875 0.596875 0.015625 0.028125
0 0.43671875 0.60625 0.009375 0.009375
0 0.346875 0.61171875 0.0140625 0.01875
0 0.4921875 0.60859375 0.009375 0.009375
0 0.54765625 0.60703125 0.0046875 0.009375
0 0.478125 0.609375 0.009375 0.0140625
0 0.48515625 0.609375 0.009375 0.0140625
0 0.65703125 0.603125 0.0140625 0.0140625
0 0.6171875 0.6046875 0.015625 0.0234375
0 0.49921875 0.6109375 0.0140625 0.01875
0 0.36484375 0.61796875 0.0203125 0.0234375
0 0.41328125 0.61640625 0.0140625 0.0140625
0 0.534375 0.6125 0.0046875 0.009375
0 0.69609375 0.60859375 0.009375 0.01875
0 0.525 0.61484375 0.009375 0.009375
0 0.55234375 0.6140625 0.009375 0.01875
0 0.60078125 0.61484375 0.015625 0.0234375
0 0.675 0.61171875 0.0109375 0.0234375
0 0.5921875 0.6171875 0.009375 0.01875
0 0.56171875 0.61796875 0.009375 0.01875
0 0.44375 0.62265625 0.009375 0.0140625
0 0.43046875 0.625 0.0140625 0.01875
0 0.41875 0.62578125 0.0140625 0.0140625
0 0.3515625 0.6328125 0.0140625 0.01875
0 0.66640625 0.621875 0.0203125 0.028125
0 0.64140625 0.62265625 0.009375 0.01875
0 0.40546875 0.6328125 0.015625 0.0234375
0 0.48359375 0.6328125 0.0140625 0.01875
0 0.7015625 0.625 0.0203125 0.028125
0 0.5140625 0.63125 0.01875 0.01875
0 0.4703125 0.63984375 0.0140625 0.01875
0 0.6203125 0.63515625 0.015625 0.028125
0 0.64609375 0.63671875 0.0109375 0.0234375
0 0.73828125 0.6328125 0.015625 0.0234375
0 0.50234375 0.64375 0.0203125 0.028125
0 0.3484375 0.64921875 0.0203125 0.0234375
0 0.3828125 0.64765625 0.0203125 0.0234375
0 0.3921875 0.65 0.0140625 0.01875
0 0.5265625 0.6453125 0.0203125 0.0234375
0 0.4546875 0.65 0.0140625 0.0140625
0 0.58203125 0.64765625 0.0203125 0.028125
0 0.42890625 0.65546875 0.0203125 0.028125
0 0.56328125 0.6546875 0.0203125 0.028125
0 0.646875 0.6546875 0.0140625 0.01875
0 0.609375 0.65546875 0.0203125 0.0234375
0 0.34921875 0.671875 0.0140625 0.0140625
0 0.46015625 0.6703125 0.025 0.025
0 0.675 0.6671875 0.0203125 0.028125
0 0.66328125 0.66796875 0.01875 0.01875
0 0.746875 0.6671875 0.0296875 0.0296875
0 0.69375 0.67109375 0.025 0.0296875
0 0.36953125 0.6875 0.01875 0.01875
0 0.590625 0.6890625 0.0296875 0.0421875
0 0.51875 0.69375 0.0390625 0.0515625
0 0.77578125 0.69453125 0.034375 0.0609375
0 0.3453125 0.71171875 0.034375 0.046875
0 0.64375 0.7015625 0.025 0.0328125
0 0.8515625 0.6984375 0.0390625 0.05625
0 0.60859375 0.709375 0.0203125 0.0234375
0 0.68046875 0.709375 0.0296875 0.046875
0 0.46171875 0.728125 0.04375 0.0609375
0 0.2484375 0.7375 0.0390625 0.05625
0 0.315625 0.7375 0.0328125 0.0421875
0 0.79453125 0.728125 0.0390625 0.065625
0 0.71484375 0.73359375 0.04375 0.065625
0 0.6015625 0.746875 0.0390625 0.0609375
0 0.5109375 0.75 0.04375 0.0609375
0 0.64765625 0.74765625 0.0328125 0.0421875
0 0.41484375 0.76015625 0.0578125 0.0859375
0 0.91015625 0.75234375 0.053125 0.0671875
0 0.08359375 0.78359375 0.04375 0.075
0 0.171875 0.7875 0.053125 0.0765625
0 0.0359375 0.8078125 0.0546875 0.0953125
0 0.85078125 0.79375 0.0484375 0.0796875
0 0.98359375 0.8 0.0328125 0.075
0 0.81875 0.81796875 0.0390625 0.0609375
0 0.7625 0.85234375 0.053125 0.090625
0 0.70078125 0.8703125 0.053125 0.0859375
0 0.8203125 0.92421875 0.059375 0.0984375