0 0.16015625 0.14609375 0.0578125 0.078125
0 0.590625 0.13203125 0.1078125 0.1375
0 0.4296875 0.16875 0.046875 0.0640625
0 0.06171875 0.2109375 0.0578125 0.0828125
0 0.340625 0.21875 0.053125 0.078125
0 0.2828125 0.22421875 0.0421875 0.0671875
0 0.734375 0.2 0.0625 0.0828125
0 0.5171875 0.221875 0.034375 0.0390625
0 0.00390625 0.271875 0.0078125 0.053125
0 0.6421875 0.24375 0.0578125 0.078125
0 0.84140625 0.23828125 0.0359375 0.0484375
0 0.80703125 0.26171875 0.040625 0.053125
0 0.78359375 0.265625 0.0421875 0.071875
0 0.95703125 0.26015625 0.05 0.059375
0 0.903125 0.27890625 0.0359375 0.0484375