0 0.19765625 0.22265625 0.075 0.1
0 0.0953125 0.23984375 0.065625 0.0890625
0 0.2984375 0.22421875 0.0796875 0.1265625
0 0.6015625 0.1890625 0.0625 0.10625
0 0.68046875 0.21875 0.0625 0.1015625
0 0.4 0.253125 0.065625 0.0984375
0 0.53671875 0.24609375 0.065625 0.09375
0 0.46953125 0.2890625 0.0703125 0.1
0 0.83671875 0.2625 0.059375 0.1109375
0 0.778125 0.27734375 0.075 0.1265625
0 0.815625 0.54765625 0.0703125 0.1
0 0.65 0.58125 0.0640625 0.115625
0 0.54296875 0.596875 0.078125 0.11875
0 0.4421875 0.61640625 0.0625 0.0984375
0 0.7296875 0.58125 0.08125 0.109375
0 0.38046875 0.6265625 0.0734375 0.1125
0 0.3125 0.64453125 0.078125 0.11875