0 0.096875 0.0234375 0.0125 0.0203125
0 0.15078125 0.03984375 0.0125 0.0203125
0 0.10078125 0.0296875 0.0125 0.0203125
0 0.3296875 0.078125 0.0078125 0.01875
0 0.22734375 0.05859375 0.0125 0.0203125
0 0.11328125 0.0390625 0.0171875 0.021875
0 0.30078125 0.07890625 0.0078125 0.01875
0 0.34375 0.08828125 0.0125 0.0203125
0 0.365625 0.0953125 0.0203125 0.0296875
0 0.2484375 0.07734375 0.0078125 0.01875
0 0.1890625 0.06953125 0.0140625 0.025
0 0.20234375 0.07265625 0.0125 0.0203125
0 0.30859375 0.0953125 0.009375 0.0234375
0 0.34765625 0.103125 0.0125 0.0203125
0 0.28359375 0.0921875 0.0125 0.0203125
0 0.11171875 0.05546875 0.0125 0.0203125
0 0.22265625 0.08125 0.0125 0.0203125
0 0.259375 0.09453125 0.0125 0.015625
0 0.21484375 0.084375 0.0125 0.0203125
0 0.275 0.1 0.0078125 0.01875
0 0.25 0.09453125 0.0140625 0.025
0 0.3265625 0.11484375 0.0125 0.0203125
0 0.1265625 0.075 0.0125 0.015625
0 0.3609375 0.1296875 0.0125 0.0203125
0 0.34765625 0.1265625 0.0125 0.0203125
0 0.26328125 0.1109375 0.0140625 0.025
0 0.1171875 0.0828125 0.0125 0.015625
0 0.12890625 0.08515625 0.0125 0.0203125
0 0.328125 0.1296875 0.0125 0.0203125
0 0.1625 0.09453125 0.0125 0.0203125
0 0.3609375 0.1390625 0.0125 0.0203125
0 0.33828125 0.13671875 0.015625 0.0296875
0 0.184375 0.10390625 0.0140625 0.025
0 0.140625 0.096875 0.0125 0.0203125
0 0.36640625 0.14765625 0.015625 0.0296875
0 0.21484375 0.11484375 0.0078125 0.01875
0 0.2265625 0.11796875 0.0125 0.0203125
0 0.28515625 0.1328125 0.0125 0.0203125
0 0.16875 0.1078125 0.0125 0.0203125
0 0.1328125 0.1 0.0125 0.0203125
0 0.20546875 0.115625 0.0125 0.0203125
0 0.26171875 0.1296875 0.0125 0.0203125
0 0.11328125 0.103125 0.0125 0.0203125
0 0.3546875 0.15703125 0.0140625 0.025
0 0.0859375 0.1 0.0125 0.0203125
0 0.09453125 0.10390625 0.0078125 0.0140625
0 0.17109375 0.1203125 0.0125 0.0203125
0 0.184375 0.1234375 0.0125 0.0203125
0 0.13671875 0.11796875 0.0140625 0.025
0 0.20703125 0.1328125 0.0078125 0.01875
0 0.2765625 0.15 0.0125 0.0203125
0 0.24609375 0.14609375 0.0078125 0.01875
0 0.1609375 0.12734375 0.0125 0.0203125
0 0.3703125 0.17421875 0.01875 0.0265625
0 0.1453125 0.13125 0.009375 0.0234375
0 0.35078125 0.175 0.0140625 0.025
0 0.23984375 0.15390625 0.0125 0.0203125
0 0.18984375 0.14375 0.0125 0.0203125
0 0.08828125 0.121875 0.0125 0.0203125
0 0.26640625 0.16171875 0.0140625 0.025
0 0.165625 0.14453125 0.0125 0.0203125
0 0.290625 0.17109375 0.0125 0.0203125
0 0.15546875 0.1421875 0.0125 0.0203125
0 0.125 0.13828125 0.0125 0.0203125
0 0.33359375 0.1828125 0.0140625 0.025
0 0.13515625 0.14765625 0.0125 0.0203125
0 0.29921875 0.1875 0.0140625 0.025
0 0.21171875 0.17578125 0.0078125 0.0140625
0 0.190625 0.17421875 0.0140625 0.025
0 0.4984375 0.2390625 0.03125 0.040625
0 0.1671875 0.17109375 0.0140625 0.025
0 0.16015625 0.171875 0.0125 0.0203125
0 0.18046875 0.17890625 0.0125 0.0203125
0 0.39765625 0.225 0.0078125 0.01875
0 0.1546875 0.17578125 0.0125 0.0203125
0 0.20234375 0.1859375 0.0140625 0.025
0 0.28046875 0.2046875 0.0140625 0.025
0 0.07890625 0.16484375 0.0125 0.0203125
0 0.0671875 0.1640625 0.0125 0.0203125
0 0.19375 0.19375 0.0125 0.0203125
0 0.16484375 0.19453125 0.0140625 0.025
0 0.21640625 0.2078125 0.0140625 0.025
0 0.078125 0.18125 0.0078125 0.01875
0 0.2296875 0.21328125 0.01875 0.0265625
0 0.08984375 0.18828125 0.0140625 0.025
0 0.1171875 0.19609375 0.0140625 0.025
0 0.1625 0.20546875 0.0125 0.0203125
0 0.2390625 0.22421875 0.01875 0.0265625
0 0.2578125 0.228125 0.0125 0.0203125
0 0.13515625 0.20234375 0.0125 0.0203125
0 0.17734375 0.21328125 0.0140625 0.025
0 0.2203125 0.22265625 0.0140625 0.025
0 0.2671875 0.24453125 0.0125 0.0203125
0 0.1953125 0.23125 0.0140625 0.025
0 0.11640625 0.221875 0.0203125 0.0296875
0 0.13203125 0.22734375 0.0125 0.0203125
0 0.44375 0.2984375 0.0140625 0.025
0 0.2140625 0.25234375 0.01875 0.0265625
0 0.2546875 0.26328125 0.0203125 0.0296875
0 0.35859375 0.2875 0.01875 0.0265625
0 0.2046875 0.2625 0.015625 0.0328125
0 0.4078125 0.31015625 0.0203125 0.0296875
0 0.22890625 0.271875 0.01875 0.0265625
0 0.2875 0.28671875 0.0125 0.015625
0 0.0515625 0.2390625 0.0203125 0.0296875
0 0.35234375 0.30546875 0.0140625 0.025
0 0.1 0.25625 0.01875 0.0265625
0 0.4734375 0.33515625 0.0265625 0.04375
0 0.278125 0.29609375 0.01875 0.0265625
0 0.07578125 0.25546875 0.0203125 0.0296875
0 0.19140625 0.2828125 0.0140625 0.025
0 0.2859375 0.303125 0.0140625 0.025
0 0.365625 0.00390625 0.0125 0.0078125
0 0.315625 0.31171875 0.0203125 0.0296875
0 0.12734375 0.2734375 0.01875 0.0265625
0 0.24765625 0.30703125 0.01875 0.0265625
0 0.2359375 0.30625 0.01875 0.0265625
0 0.32578125 0.328125 0.01875 0.0265625
0 0.259375 0.31640625 0.0203125 0.0296875
0 0.10078125 0.28515625 0.015625 0.0296875
0 0.08515625 0.28125 0.0203125 0.034375
0 0.265625 0.32265625 0.015625 0.0296875
0 0.115625 0.29296875 0.01875 0.0265625
0 0.38046875 0.00546875 0.0078125 0.0109375
0 0.3921875 0.0078125 0.0125 0.015625
0 0.2328125 0.3203125 0.0125 0.0203125
0 0.3578125 0.346875 0.01875 0.0265625
0 0.17109375 0.31171875 0.0203125 0.0296875
0 0.19765625 0.3171875 0.01875 0.0265625
0 0.21015625 0.325 0.0203125 0.0296875
0 0.0546875 0.30390625 0.015625 0.0296875
0 0.46484375 0.39765625 0.0265625 0.04375
0 0.06640625 0.325 0.0140625 0.025
0 0.0953125 0.33359375 0.0234375 0.03125
0 0.04296875 0.32421875 0.0203125 0.0296875
0 0.3265625 0.3921875 0.0171875 0.021875
0 0.3015625 0.38671875 0.01875 0.0265625
0 0.1546875 0.35546875 0.0203125 0.0296875
0 0.221875 0.371875 0.0203125 0.034375
0 0.12578125 0.35390625 0.021875 0.0390625
0 0.171875 0.3640625 0.0234375 0.0265625
0 0.2359375 0.38515625 0.015625 0.0296875
0 0.48125 0.44140625 0.015625 0.0328125
0 0.50859375 0.45 0.021875 0.04375
0 0.103125 0.3640625 0.0203125 0.0296875
0 0.31953125 0.4125 0.0203125 0.034375
0 0.18125 0.38515625 0.01875 0.0265625
0 0.5296875 0.47109375 0.0203125 0.034375
0 0.16796875 0.39453125 0.025 0.0359375
0 0.39140625 0.44453125 0.0140625 0.025
0 0.4609375 0.4609375 0.0234375 0.0484375
0 0.1203125 0.390625 0.021875 0.0390625
0 0.615625 0.50078125 0.0265625 0.04375
0 0.31953125 0.0046875 0.0078125 0.009375
0 0.37734375 0.4546875 0.0140625 0.025
0 0.6375 0.5125 0.025 0.0359375
0 0.6609375 0.51953125 0.025 0.0359375
0 0.4203125 0.4734375 0.0140625 0.025
0 0.38046875 0.015625 0.0078125 0.0140625
0 0.634375 0.52578125 0.03125 0.0453125
0 0.046875 0.40390625 0.0203125 0.034375
0 0.36953125 0.01328125 0.0078125 0.01875
0 0.93828125 0.59765625 0.03125 0.0453125
0 0.8578125 0.58828125 0.0234375 0.03125
0 0.2109375 0.47109375 0.0203125 0.0296875
0 0.35390625 0.50859375 0.0203125 0.0296875
0 0.321875 0.50234375 0.0203125 0.0296875
0 0.190625 0.4765625 0.0234375 0.03125
0 0.77421875 0.60078125 0.03125 0.0453125
0 0.228125 0.48671875 0.0203125 0.0296875
0 0.7421875 0.59609375 0.0359375 0.046875
0 0.79609375 0.61015625 0.03125 0.0453125
0 0.3734375 0.01875 0.0125 0.0203125
0 0.846875 0.62578125 0.028125 0.0484375
0 0.01171875 0.45078125 0.0203125 0.0296875
0 0.290625 0.51484375 0.0203125 0.0296875
0 0.9671875 0.6609375 0.0265625 0.04375
0 0.8265625 0.63359375 0.028125 0.053125
0 0.0359375 0.46796875 0.0234375 0.03125
0 0.3125 0.5265625 0.0203125 0.034375
0 0.490625 0.56640625 0.0265625 0.04375
0 0.953125 0.66953125 0.0265625 0.04375
0 0.29921875 0.00703125 0.0078125 0.0140625
0 0.54140625 0.584375 0.0265625 0.04375
0 0.86484375 0.65546875 0.028125 0.053125
0 0.509375 0.58046875 0.0265625 0.04375
0 0.52890625 0.584375 0.021875 0.0390625
0 0.95859375 0.68046875 0.0265625 0.04375
0 0.0125 0.4890625 0.0203125 0.034375
0 0.16328125 0.525 0.0234375 0.03125
0 0.575 0.61484375 0.021875 0.0390625
0 0.45390625 0.59375 0.0265625 0.04375
0 0.82734375 0.6734375 0.03125 0.0453125
0 0.88984375 0.69140625 0.0328125 0.05
0 0.66015625 0.65 0.025 0.053125
0 0.21796875 0.5578125 0.025 0.0359375
0 0.13359375 0.5453125 0.025 0.0359375
0 0.6875 0.675 0.028125 0.0484375
0 0.62890625 0.66953125 0.0265625 0.0390625
0 0.896875 0.7265625 0.0265625 0.04375
0 0.0046875 0.5359375 0.009375 0.034375
0 0.5390625 0.65078125 0.021875 0.04375
0 0.7453125 0.696875 0.021875 0.04375
0 0.58359375 0.66484375 0.021875 0.0390625
0 0.109375 0.56640625 0.0203125 0.0296875
0 0.5640625 0.665625 0.021875 0.04375
0 0.83359375 0.72265625 0.028125 0.053125
0 0.08203125 0.571875 0.0203125 0.0296875
0 0.696875 0.70703125 0.0265625 0.04375
0 0.37890625 0.03203125 0.0125 0.015625
0 0.4796875 0.66328125 0.028125 0.0484375
0 0.86015625 0.74453125 0.0265625 0.04375
0 0.26796875 0.62109375 0.0203125 0.034375
0 0.0578125 0.5765625 0.0203125 0.0296875
0 0.715625 0.72109375 0.0328125 0.05
0 0.04375 0.578125 0.0203125 0.034375
0 0.35546875 0.646875 0.0265625 0.04375
0 0.23359375 0.00390625 0.0078125 0.0078125
0 0.2890625 0.0125 0.0078125 0.0140625
0 0.084375 0.59609375 0.0140625 0.025
0 0.33125 0.6484375 0.021875 0.0390625
0 0.8828125 0.7703125 0.028125 0.053125
0 0.4234375 0.67265625 0.03125 0.0453125
0 0.221875 0.00390625 0.0125 0.0078125
0 0.01015625 0.58828125 0.0203125 0.0390625
0 0.7609375 0.75390625 0.0375 0.05625
0 0.0765625 0.6109375 0.025 0.0359375
0 0.365625 0.03125 0.0125 0.0203125
0 0.25390625 0.0078125 0.00625 0.009375
0 0.309375 0.01953125 0.0125 0.0203125
0 0.0515625 0.60859375 0.025 0.0359375
0 0.20234375 0.640625 0.0265625 0.0390625
0 0.25 0.009375 0.0125 0.01875
0 0.35625 0.03203125 0.0125 0.0203125
0 0.465625 0.70859375 0.0234375 0.0484375
0 0.0140625 0.6125 0.021875 0.0390625
0 0.6171875 0.74921875 0.0265625 0.04375
0 0.50234375 0.73203125 0.0265625 0.04375
0 0.20234375 0.00703125 0.0140625 0.0140625
0 0.24765625 0.69453125 0.021875 0.0390625
0 0.18359375 0.68359375 0.0265625 0.04375
0 0.64140625 0.78125 0.03125 0.0671875
0 0.7921875 0.815625 0.0359375 0.0640625
0 0.23125 0.6984375 0.0203125 0.034375
0 0.16015625 0.6859375 0.0203125 0.0296875
0 0.390625 0.04375 0.0125 0.015625
0 0.2046875 0.7 0.0265625 0.04375
0 0.4375 0.76171875 0.0234375 0.03125
0 0.084375 0.69609375 0.0265625 0.0390625
0 0.28203125 0.0234375 0.0125 0.015625
0 0.14609375 0.003125 0.0140625 0.00625
0 0.44453125 0.78359375 0.0203125 0.034375
0 0.77890625 0.8546875 0.0390625 0.059375
0 0.87578125 0.88046875 0.0265625 0.04375
0 0.0078125 0.696875 0.015625 0.034375
0 0.91796875 0.89375 0.0203125 0.0515625
0 0.18125 0.00625 0.0125 0.0125
0 0.2609375 0.02109375 0.0125 0.015625
0 0.82265625 0.88828125 0.028125 0.0484375
0 0.296875 0.03125 0.0078125 0.0140625
0 0.21875 0.77421875 0.0265625 0.0390625
0 0.25703125 0.784375 0.0265625 0.0390625
0 0.68046875 0.87734375 0.028125 0.0484375
0 0.3609375 0.81875 0.0296875 0.0578125
0 0.603125 0.87265625 0.0390625 0.059375
0 0.115625 0.0015625 0.0125 0.003125
0 0.27578125 0.02890625 0.0125 0.0203125
0 0.46875 0.86953125 0.028125 0.053125
0 0.50390625 0.88203125 0.028125 0.0484375
0 0.2140625 0.01796875 0.0140625 0.025
0 0.80078125 0.95703125 0.0328125 0.05
0 0.3765625 0.05546875 0.0125 0.0203125
0 0.85546875 0.978125 0.025 0.0359375
0 0.53046875 0.9140625 0.0375 0.05625
0 0.7015625 0.9546875 0.0421875 0.0609375
0 0.5984375 0.9375 0.0328125 0.0546875
0 0.1234375 0.84765625 0.0265625 0.04375
0 0.09921875 0.85 0.0265625 0.04375
0 0.65625 0.96875 0.021875 0.04375
0 0.6890625 0.978125 0.025 0.0359375
0 0.16328125 0.86875 0.0328125 0.05
0 0.30859375 0.04453125 0.0078125 0.01875
0 0.56640625 0.96953125 0.0359375 0.0609375
0 0.78203125 0.9890625 0.0421875 0.021875
0 0.2453125 0.03125 0.0140625 0.025
0 0.0046875 0.853125 0.009375 0.034375
0 0.13046875 0.8828125 0.0265625 0.04375
0 0.67890625 0.9875 0.0296875 0.025
0 0.3234375 0.05 0.0078125 0.01875
0 0.1703125 0.90390625 0.03125 0.0453125
0 0.071875 0.8984375 0.0265625 0.04375
0 0.1828125 0.02265625 0.0125 0.0203125
0 0.103125 0.0078125 0.0125 0.015625
0 0.09375 0.9078125 0.028125 0.028125
0 0.296875 0.95625 0.0234375 0.0265625
0 0.28203125 0.04375 0.0125 0.0203125
0 0.16953125 0.0203125 0.0078125 0.01875
0 0.1234375 0.01484375 0.0078125 0.0140625
0 0.22734375 0.03671875 0.0125 0.0203125
0 0.28984375 0.053125 0.0078125 0.01875
0 0.11484375 0.01796875 0.0125 0.015625
0 0.31171875 0.06015625 0.0125 0.0203125
0 0.334375 0.06484375 0.0078125 0.0140625
0 0.2515625 0.0515625 0.0140625 0.025
0 0.3609375 0.075 0.0171875 0.021875