0 0.41328125 0.40859375 0.00625 0.009375
0 0.24140625 0.39609375 0.0046875 0.0046875
0 0.16328125 0.41015625 0.0046875 0.0046875
0 0.1703125 0.415625 0.0046875 0.0046875
0 0.16171875 0.4171875 0.00625 0.009375
0 0.17890625 0.42109375 0.0046875 0.0046875
0 0.78515625 0.47421875 0.0109375 0.0109375
0 0.171875 0.4203125 0.0046875 0.0046875
0 0.1671875 0.421875 0.0046875 0.0046875
0 0.15859375 0.42421875 0.00625 0.009375
0 0.83828125 0.4859375 0.015625 0.015625
0 0.1625 0.4265625 0.0046875 0.0046875
0 0.24765625 0.434375 0.0046875 0.0046875
0 0.79140625 0.48125 0.0046875 0.0046875
0 0.8453125 0.48828125 0.0109375 0.0140625
0 0.78671875 0.48359375 0.00625 0.009375
0 0.75703125 0.48125 0.0109375 0.0109375
0 0.76875 0.48203125 0.0109375 0.0109375
0 0.8609375 0.4921875 0.0109375 0.0109375
0 0.73125 0.48125 0.0109375 0.0109375
0 0.71796875 0.4796875 0.0109375 0.0109375
0 0.74765625 0.4828125 0.0109375 0.0109375
0 0.15546875 0.43046875 0.0046875 0.0046875
0 0.76171875 0.48359375 0.0109375 0.0109375
0 0.79375 0.48671875 0.0109375 0.0109375
0 0.853125 0.49375 0.0109375 0.0140625
0 0.215625 0.43828125 0.00625 0.009375
0 0.228125 0.4390625 0.00625 0.009375
0 0.80546875 0.48984375 0.0109375 0.0109375
0 0.221875 0.4390625 0.00625 0.009375
0 0.7546875 0.48515625 0.00625 0.009375
0 0.88125 0.49921875 0.0109375 0.0140625
0 0.16171875 0.4359375 0.00625 0.009375
0 0.175 0.43671875 0.0046875 0.0046875
0 0.91796875 0.50234375 0.0109375 0.0140625
0 0.1984375 0.4390625 0.00625 0.009375
0 0.23984375 0.44296875 0.00625 0.009375
0 0.25859375 0.44453125 0.00625 0.0140625
0 0.20078125 0.4390625 0.00625 0.009375
0 0.2859375 0.446875 0.00625 0.009375
0 0.62734375 0.4765625 0.00625 0.009375
0 0.7359375 0.4859375 0.00625 0.009375
0 0.2328125 0.4421875 0.00625 0.0140625
0 0.27265625 0.4453125 0.00625 0.009375
0 0.6203125 0.47578125 0.00625 0.009375
0 0.77734375 0.4921875 0.0109375 0.0109375
0 0.7953125 0.49375 0.0046875 0.0046875
0 0.94296875 0.50625 0.0109375 0.0140625
0 0.290625 0.44921875 0.0109375 0.0109375
0 0.61328125 0.478125 0.00625 0.009375
0 0.8234375 0.49765625 0.0109375 0.0109375
0 0.72578125 0.4890625 0.0109375 0.0140625
0 0.19140625 0.4421875 0.0109375 0.0109375
0 0.27890625 0.45 0.0109375 0.0109375
0 0.6984375 0.48671875 0.0109375 0.0140625
0 0.1796875 0.44375 0.0109375 0.0140625
0 0.15703125 0.44140625 0.00625 0.009375
0 0.16328125 0.4421875 0.0046875 0.0046875
0 0.33671875 0.4578125 0.0109375 0.0140625
0 0.73984375 0.4953125 0.0109375 0.0140625
0 0.2671875 0.45390625 0.0109375 0.0140625
0 0.22734375 0.45234375 0.00625 0.009375
0 0.76953125 0.5 0.0109375 0.0140625
0 0.20234375 0.45078125 0.0109375 0.0140625
0 0.29921875 0.45859375 0.0109375 0.0109375
0 0.25546875 0.45703125 0.00625 0.0140625
0 0.28671875 0.46015625 0.00625 0.0140625
0 0.11875 0.4453125 0.0109375 0.0140625
0 0.171875 0.45 0.00625 0.009375
0 0.32890625 0.4640625 0.0109375 0.0140625
0 0.39140625 0.46953125 0.0109375 0.0140625
0 0.2453125 0.45859375 0.0109375 0.0140625
0 0.15859375 0.4515625 0.00625 0.009375
0 0.1421875 0.45 0.0109375 0.0140625
0 0.18046875 0.45546875 0.0109375 0.0140625
0 0.27578125 0.4640625 0.00625 0.009375
0 0.29375 0.465625 0.00625 0.009375
0 0.13046875 0.4515625 0.0109375 0.0140625
0 0.21328125 0.45859375 0.00625 0.009375
0 0.37890625 0.47265625 0.0109375 0.0109375
0 0.221875 0.459375 0.0109375 0.0140625
0 0.40703125 0.478125 0.0109375 0.0140625
0 0.31015625 0.46953125 0.015625 0.0203125
0 0.26328125 0.4671875 0.0109375 0.0140625
0 0.51484375 0.48984375 0.0203125 0.0203125
0 0.1203125 0.4546875 0.0109375 0.0140625
0 0.1484375 0.4578125 0.00625 0.0140625
0 0.1875 0.4609375 0.00625 0.0140625
0 0.159375 0.4609375 0.00625 0.0140625
0 0.16796875 0.4640625 0.0109375 0.0140625
0 0.36171875 0.48125 0.009375 0.00625
0 0.13125 0.46328125 0.0109375 0.0109375
0 0.175 0.4671875 0.00625 0.0140625
0 0.140625 0.4640625 0.00625 0.009375
0 0.2296875 0.4765625 0.00625 0.0140625
0 0.18125 0.47421875 0.0109375 0.0140625
0 0.35390625 0.48984375 0.0109375 0.0140625
0 0.23671875 0.4796875 0.015625 0.025
0 0.26953125 0.48203125 0.015625 0.0203125
0 0.3171875 0.4890625 0.0109375 0.01875
0 0.25703125 0.4859375 0.015625 0.0203125
0 0.30546875 0.4921875 0.0203125 0.025
0 0.42265625 0.50703125 0.015625 0.0203125
0 0.52421875 0.52109375 0.021875 0.0296875
0 0.33671875 0.509375 0.0203125 0.025
0 0.3546875 0.5109375 0.015625 0.0203125
0 0.43359375 0.51796875 0.015625 0.015625
0 0.4015625 0.5171875 0.015625 0.0203125
0 0.24140625 0.50546875 0.015625 0.0203125
0 0.19296875 0.5015625 0.015625 0.025
0 0.22265625 0.50625 0.0171875 0.0296875
0 0.39140625 0.525 0.015625 0.025
0 0.2640625 0.52109375 0.015625 0.025
0 0.6640625 0.5609375 0.03125 0.04375
0 0.13828125 0.5171875 0.021875 0.0296875
0 0.73984375 0.571875 0.0359375 0.053125
0 0.5296875 0.55390625 0.021875 0.0328125
0 0.36328125 0.54375 0.028125 0.0484375
0 0.23828125 0.53984375 0.0265625 0.0390625
0 0.42734375 0.55625 0.0328125 0.053125
0 0.9234375 0.60234375 0.05 0.0546875
0 0.10859375 0.53828125 0.0515625 0.0640625
0 0.0625 0.53359375 0.0453125 0.0546875
0 0.81640625 0.60703125 0.040625 0.04375
0 0.153125 0.55625 0.03125 0.04375
0 0.57109375 0.59453125 0.0453125 0.0546875
0 0.2734375 0.57109375 0.0421875 0.0625
0 0.78671875 0.62265625 0.0375 0.0578125
0 0.47265625 0.59921875 0.0515625 0.06875
0 0.66875 0.61875 0.03125 0.04375
0 0.23828125 0.59296875 0.0265625 0.04375
0 0.92734375 0.66015625 0.040625 0.04375
0 0.559375 0.646875 0.0421875 0.0578125
0 0.82421875 0.6796875 0.05625 0.0640625
0 0.66171875 0.665625 0.0359375 0.04375
0 0.6046875 0.6859375 0.0515625 0.0734375
0 0.18203125 0.66015625 0.0703125 0.0796875
0 0.93671875 0.740625 0.0671875 0.09375
0 0.74296875 0.728125 0.05625 0.0734375
0 0.37890625 0.775 0.0265625 0.0296875
0 0.9421875 0.8828125 0.0609375 0.125
0 0.73671875 0.88046875 0.08125 0.09375