0 0.121875 0.27421875 0.0328125 0.05625
0 0.40703125 0.28046875 0.01875 0.0421875
0 0.221875 0.28203125 0.0234375 0.0421875
0 0.32109375 0.28359375 0.0234375 0.0421875
0 0.51328125 0.2890625 0.0234375 0.0375
0 0.2703125 0.2875 0.0203125 0.046875
0 0.859375 0.309375 0.0234375 0.028125
0 0.90625 0.33125 0.0234375 0.0421875
0 0.73203125 0.34453125 0.01875 0.0328125
0 0.98359375 0.3515625 0.0203125 0.0515625
0 0.74296875 0.3671875 0.01875 0.0328125
0 0.13671875 0.35703125 0.0203125 0.0515625
0 0.62265625 0.37265625 0.025 0.046875
0 0.30078125 0.37421875 0.0203125 0.0609375
0 0.70390625 0.38125 0.01875 0.0421875
0 0.3796875 0.38203125 0.01875 0.0234375
0 0.96171875 0.046875 0.0140625 0.0421875
0 0.090625 0.38203125 0.025 0.05625
0 0.328125 0.38828125 0.0296875 0.05625
0 0.23046875 0.40078125 0.028125 0.028125
0 0.57109375 0.43203125 0.01875 0.028125
0 0.7625 0.4375 0.01875 0.0421875
0 0.15859375 0.42890625 0.0375 0.05625
0 0.41484375 0.04453125 0.01875 0.028125
0 0.92890625 0.45703125 0.0234375 0.0421875
0 0.41484375 0.45703125 0.0328125 0.0421875
0 0.21171875 0.4609375 0.01875 0.0375
0 0.51953125 0.46796875 0.028125 0.0421875
0 0.64453125 0.4703125 0.025 0.046875
0 0.89140625 0.4953125 0.01875 0.0421875
0 0.45859375 0.4921875 0.028125 0.0421875
0 0.87578125 0.05703125 0.01875 0.01875
0 0.51875 0.51875 0.01875 0.028125
0 0.390625 0.565625 0.028125 0.0421875
0 0.63984375 0.57421875 0.0234375 0.0421875
0 0.50078125 0.57421875 0.0234375 0.0375
0 0.55390625 0.5796875 0.028125 0.0421875
0 0.29921875 0.578125 0.0234375 0.0421875
0 0.84140625 0.0640625 0.01875 0.0234375
0 0.4359375 0.5828125 0.0234375 0.0328125
0 0.2578125 0.584375 0.025 0.046875
0 0.359375 0.5859375 0.028125 0.0421875
0 0.7875 0.60390625 0.0140625 0.0328125
0 0.95234375 0.60703125 0.028125 0.0421875
0 0.76015625 0.60625 0.0234375 0.0328125
0 0.7 0.609375 0.01875 0.0421875
0 0.39140625 0.61171875 0.025 0.046875
0 0.22421875 0.6484375 0.01875 0.0421875
0 0.4328125 0.65625 0.0328125 0.0421875
0 0.99296875 0.07578125 0.0140625 0.0234375
0 0.0078125 0.6671875 0.015625 0.05625
0 0.6953125 0.7140625 0.0328125 0.0421875
0 0.834375 0.7171875 0.0296875 0.0609375
0 0.3875 0.71171875 0.0296875 0.046875
0 0.64375 0.0765625 0.01875 0.028125
0 0.5125 0.7359375 0.01875 0.0328125
0 0.11875 0.73203125 0.0234375 0.0421875
0 0.15546875 0.7390625 0.0234375 0.0421875
0 0.29609375 0.7625 0.0328125 0.046875
0 0.21953125 0.77578125 0.028125 0.0328125
0 0.62734375 0.08359375 0.0140625 0.01875
0 0.2609375 0.82734375 0.025 0.05625
0 0.2203125 0.84921875 0.0328125 0.0609375
0 0.9609375 0.0984375 0.0140625 0.028125
0 0.1875 0.9015625 0.0296875 0.0515625
0 0.0828125 0.92578125 0.0328125 0.0515625
0 0.4453125 0.97578125 0.0328125 0.0421875
0 0.23203125 0.97421875 0.0328125 0.0375
0 0.93984375 0.109375 0.01875 0.0328125
0 0.528125 0.10234375 0.01875 0.0328125
0 0.8453125 0.1125 0.01875 0.028125
0 0.31953125 0.10546875 0.0234375 0.0328125
0 0.2546875 0.10390625 0.0140625 0.01875
0 0.12265625 0.10859375 0.0140625 0.0328125
0 0.45390625 0.1171875 0.0234375 0.028125
0 0.3515625 0.11796875 0.0140625 0.0328125
0 0.30078125 0.11640625 0.0234375 0.0375
0 0.38125 0.125 0.01875 0.028125
0 0.953125 0.1375 0.01875 0.0328125
0 0.478125 0.13359375 0.01875 0.028125
0 0.1078125 0.1296875 0.0140625 0.0328125
0 0.07109375 0.13125 0.0203125 0.0515625
0 0.2703125 0.14453125 0.01875 0.0328125
0 0.42265625 0.14921875 0.0234375 0.0375
0 0.24453125 0.15078125 0.0234375 0.0328125
0 0.26796875 0.01484375 0.0140625 0.028125
0 0.18125 0.16796875 0.0296875 0.046875
0 0.49140625 0.18515625 0.01875 0.0328125
0 0.57265625 0.1890625 0.0234375 0.0328125
0 0.3203125 0.1890625 0.0140625 0.028125
0 0.39609375 0.209375 0.0234375 0.0375
0 0.31953125 0.2125 0.01875 0.028125
0 0.27578125 0.2140625 0.01875 0.0328125
0 0.8609375 0.22578125 0.01875 0.0328125
0 0.46328125 0.23046875 0.0234375 0.0328125
0 0.18984375 0.228125 0.028125 0.0421875
0 0.60625 0.24921875 0.01875 0.0421875
0 0.06484375 0.246875 0.01875 0.0234375
0 0.34453125 0.25390625 0.0234375 0.0375
0 0.82578125 0.2625 0.0234375 0.0328125
0 0.17734375 0.25859375 0.01875 0.0421875
0 0.02265625 0.25546875 0.01875 0.0421875
0 0.46953125 0.26796875 0.01875 0.0375
0 0.4296875 0.2671875 0.0234375 0.0421875
0 0.57109375 0.275 0.01875 0.028125
0 0.96953125 0.28359375 0.01875 0.028125