0 0.1984375 0.14765625 0.0984375 0.1078125
0 0.621875 0.159375 0.11875 0.15
0 0.3390625 0.16796875 0.0953125 0.1078125
0 0.49140625 0.17578125 0.1140625 0.1734375
0 0.1234375 0.1765625 0.0765625 0.1078125
0 0.08203125 0.18515625 0.08125 0.09375
0 0.03125 0.19765625 0.053125 0.1265625
0 0.4921875 0.04140625 0.075 0.0828125
0 0.06171875 0.39921875 0.1 0.140625
0 0.3421875 0.40625 0.11875 0.15
0 0.1796875 0.40859375 0.103125 0.1359375
0 0.2953125 0.03984375 0.090625 0.0796875
0 0.5421875 0.4453125 0.1328125 0.1734375
0 0.37265625 0.04765625 0.0859375 0.0953125
0 0.7546875 0.51875 0.146875 0.2015625
0 0.1859375 0.04765625 0.065625 0.075
0 0.79140625 0.1015625 0.1234375 0.16875
0 0.946875 0.11171875 0.10625 0.1921875