0 0.946875 0.79765625 0.103125 0.0984375
0 0.29453125 0.12265625 0.028125 0.028125
0 0.47421875 0.090625 0.025 0.034375
0 0.06484375 0.1765625 0.0296875 0.0359375
0 0.4125 0.1109375 0.028125 0.028125
0 0.38359375 0.11875 0.0234375 0.0265625
0 0.63671875 0.07265625 0.01875 0.025
0 0.15703125 0.16796875 0.028125 0.0328125
0 0.32109375 0.1359375 0.03125 0.05
0 0.3546875 0.1296875 0.0296875 0.040625
0 0.18046875 0.165625 0.0296875 0.0359375
0 0.29296875 0.15078125 0.034375 0.0375
0 0.10859375 0.18671875 0.034375 0.0421875
0 0.56875 0.10234375 0.0359375 0.0453125
0 0.428125 0.1296875 0.025 0.0390625
0 0.40703125 0.13359375 0.0296875 0.040625
0 0.58828125 0.1078125 0.034375 0.0375
0 0.6359375 0.10625 0.0234375 0.0265625
0 0.2515625 0.18046875 0.03125 0.0453125
0 0.07734375 0.2171875 0.0296875 0.040625
0 0.36171875 0.16640625 0.028125 0.0328125
0 0.05078125 0.2265625 0.034375 0.0375
0 0.55546875 0.12890625 0.028125 0.0328125
0 0.53671875 0.13203125 0.0234375 0.03125
0 0.27421875 0.1859375 0.03125 0.0453125
0 0.4765625 0.14921875 0.028125 0.0328125
0 0.14609375 0.21953125 0.034375 0.0421875
0 0.3484375 0.18515625 0.034375 0.0421875
0 0.3859375 0.17734375 0.0328125 0.0328125
0 0.16953125 0.221875 0.0234375 0.03125
0 0.31875 0.19765625 0.0390625 0.046875
0 0.20546875 0.21953125 0.0296875 0.040625
0 0.11015625 0.240625 0.034375 0.0375
0 0.22578125 0.2203125 0.028125 0.0328125
0 0.24453125 0.21953125 0.028125 0.0328125
0 0.09609375 0.25078125 0.028125 0.0328125
0 0.459375 0.18203125 0.034375 0.0421875
0 0.01875 0.26796875 0.0296875 0.040625
0 0.05078125 0.2640625 0.0296875 0.0359375
0 0.59375 0.15859375 0.0390625 0.0421875
0 0.71328125 0.13984375 0.028125 0.0328125
0 0.190625 0.2421875 0.025 0.0390625
0 0.53203125 0.178125 0.034375 0.0375
0 0.4296875 0.2 0.0328125 0.0328125
0 0.24296875 0.06171875 0.028125 0.0328125
0 0.10859375 0.26953125 0.0171875 0.0203125
0 0.25390625 0.24140625 0.0234375 0.03125
0 0.16796875 0.2609375 0.028125 0.0328125
0 0.2796875 0.2390625 0.034375 0.0375
0 0.653125 0.16875 0.0296875 0.0359375
0 0.07578125 0.2828125 0.034375 0.0421875
0 0.30078125 0.23984375 0.03125 0.0453125
0 0.684375 0.1765625 0.0390625 0.0421875
0 0.7328125 0.16875 0.034375 0.0421875
0 0.0265625 0.30625 0.034375 0.0421875
0 0.2671875 0.26171875 0.0265625 0.0234375
0 0.04921875 0.3046875 0.034375 0.0421875
0 0.4015625 0.2359375 0.028125 0.0328125
0 0.4359375 0.23125 0.0390625 0.0421875
0 0.584375 0.2046875 0.0234375 0.03125
0 0.21171875 0.27734375 0.0296875 0.0359375
0 0.2328125 0.27578125 0.0296875 0.0359375
0 0.11171875 0.3015625 0.03125 0.0453125
0 0.32578125 0.26015625 0.0359375 0.05
0 0.51484375 0.22578125 0.034375 0.0421875
0 0.54921875 0.21875 0.0453125 0.0515625
0 0.48515625 0.23125 0.034375 0.0421875
0 0.08828125 0.3109375 0.0296875 0.0359375
0 0.146875 0.30703125 0.0296875 0.0359375
0 0.42578125 0.25234375 0.0359375 0.0453125
0 0.6109375 0.2234375 0.05 0.0578125
0 0.171875 0.3140625 0.034375 0.0375
0 0.73203125 0.22421875 0.046875 0.065625
0 0.38203125 0.0421875 0.0234375 0.0265625
0 0.81171875 0.21328125 0.0484375 0.0484375
0 0.2640625 0.32890625 0.0375 0.0546875
0 0.10390625 0.36484375 0.0375 0.0546875
0 0.76953125 0.23515625 0.0359375 0.0453125
0 0.42265625 0.3046875 0.046875 0.0609375
0 0.69453125 0.25234375 0.0375 0.034375
0 0.52109375 0.29296875 0.05 0.0578125
0 0.87265625 0.22421875 0.028125 0.028125
0 0.2421875 0.34921875 0.0375 0.0546875
0 0.35546875 0.32734375 0.0375 0.0375
0 0.47421875 0.3046875 0.0453125 0.05625
0 0.215625 0.359375 0.0359375 0.05
0 0.57265625 0.2921875 0.046875 0.0609375
0 0.65 0.28671875 0.0546875 0.059375
0 0.1359375 0.38671875 0.0359375 0.05
0 0.89296875 0.23984375 0.0234375 0.03125
0 0.30703125 0.35390625 0.046875 0.0609375
0 0.1953125 0.378125 0.040625 0.05625
0 0.54140625 0.31015625 0.0484375 0.0484375
0 0.81875 0.2609375 0.0453125 0.0515625
0 0.68671875 0.296875 0.05 0.053125
0 0.9265625 0.25234375 0.0484375 0.0484375
0 0.35078125 0.3640625 0.0453125 0.0515625
0 0.603125 0.31484375 0.0578125 0.05
0 0.77890625 0.28359375 0.04375 0.046875
0 0.38984375 0.359375 0.0328125 0.0328125
0 0.865625 0.26640625 0.053125 0.071875
0 0.2765625 0.38125 0.034375 0.0421875
0 0.071875 0.43203125 0.0421875 0.065625
0 0.47421875 0.35625 0.0390625 0.0421875
0 0.4984375 0.35625 0.0296875 0.040625
0 0.68984375 0.003125 0.0234375 0.00625
0 0.42109375 0.04375 0.028125 0.0328125
0 0.89453125 0.284375 0.0390625 0.0640625
0 0.3921875 0.38203125 0.0421875 0.034375
0 0.80390625 0.30390625 0.0421875 0.034375
0 0.95234375 0.2796875 0.025 0.0390625
0 0.265625 0.41328125 0.05 0.053125
0 0.46640625 0.034375 0.0234375 0.03125
0 0.7265625 0.33125 0.0609375 0.0640625
0 0.6515625 0.34765625 0.05 0.053125
0 0.209375 0.4390625 0.046875 0.04375
0 0.14140625 0.1 0.0171875 0.0203125
0 0.35546875 0.4125 0.0515625 0.0671875
0 0.396875 0.40703125 0.03125 0.0453125
0 0.1296875 0.4640625 0.0515625 0.0625
0 0.36484375 0.05703125 0.0234375 0.03125
0 0.33203125 0.06328125 0.028125 0.0328125
0 0.92265625 0.309375 0.05 0.0796875
0 0.69765625 0.35546875 0.0390625 0.046875
0 0.603125 0.3765625 0.0578125 0.071875
0 0.778125 0.3421875 0.04375 0.046875
0 0.634375 0.37734375 0.040625 0.05625
0 0.271875 0.4546875 0.0390625 0.046875
0 0.6765625 0.00625 0.028125 0.0125
0 0.47890625 0.41640625 0.040625 0.06875
0 0.95703125 0.328125 0.0515625 0.084375
0 0.65546875 0.3890625 0.0453125 0.05625
0 0.20234375 0.48203125 0.046875 0.065625
0 0.8875 0.34921875 0.046875 0.065625
0 0.51875 0.428125 0.0546875 0.08125
0 0.80546875 0.371875 0.0578125 0.0765625
0 0.078125 0.51328125 0.0375 0.0546875
0 0.75703125 0.3890625 0.053125 0.071875
0 0.35 0.4703125 0.0421875 0.0609375
0 0.24921875 0.49453125 0.040625 0.0515625
0 0.85234375 0.384375 0.0421875 0.0390625
0 0.69375 0.415625 0.046875 0.065625
0 0.184375 0.5265625 0.0546875 0.08125
0 0.39609375 0.48515625 0.0546875 0.08125
0 0.571875 0.4546875 0.0421875 0.065625
0 0.3265625 0.503125 0.046875 0.0609375
0 0.44296875 0.48515625 0.0578125 0.0765625
0 0.73984375 0.434375 0.065625 0.0875
0 0.2984375 0.5203125 0.0578125 0.0765625
0 0.503125 0.48984375 0.0515625 0.0671875
0 0.06484375 0.12734375 0.0359375 0.0453125
0 0.88046875 0.43046875 0.0671875 0.096875
0 0.61875 0.48203125 0.0578125 0.0765625
0 0.6609375 0.48046875 0.0484375 0.0703125
0 0.11015625 0.11796875 0.025 0.034375
0 0.1546875 0.109375 0.0234375 0.0265625
0 0.70390625 0.48203125 0.0546875 0.0546875
0 0.5546875 0.52890625 0.053125 0.071875
0 0.4421875 0.56796875 0.0609375 0.06875
0 0.72421875 0.52265625 0.0578125 0.05
0 0.98125 0.48828125 0.0375 0.0796875
0 0.0359375 0.13984375 0.0296875 0.040625
0 0.62578125 0.02734375 0.0234375 0.03125
0 0.6078125 0.58046875 0.065625 0.0703125
0 0.515625 0.04921875 0.025 0.034375
0 0.8734375 0.53046875 0.065625 0.0875
0 0.05234375 0.69296875 0.0671875 0.121875
0 0.69375 0.5875 0.046875 0.0609375
0 0.44609375 0.6375 0.0671875 0.096875
0 0.3734375 0.07890625 0.0296875 0.0359375
0 0.53515625 0.05 0.025 0.034375
0 0.37421875 0.6890625 0.0671875 0.096875
0 0.91328125 0.5890625 0.0625 0.078125
0 0.265625 0.71484375 0.084375 0.121875
0 0.11484375 0.7515625 0.075 0.115625
0 0.63984375 0.67578125 0.06875 0.109375
0 0.7859375 0.65 0.0859375 0.13125
0 0.24609375 0.11328125 0.034375 0.0421875
0 0.99140625 0.6109375 0.0171875 0.15625
0 0.55 0.7078125 0.0875 0.1125
0 0.709375 0.67890625 0.08125 0.103125
0 0.48671875 0.06875 0.025 0.034375
0 0.9359375 0.6671875 0.0734375 0.084375
0 0.44609375 0.08828125 0.0296875 0.0359375