0 0.52890625 0.48671875 0.00625 0.009375
0 0.5328125 0.48671875 0.00625 0.009375
0 0.4734375 0.49375 0.0109375 0.0109375
0 0.4625 0.49765625 0.009375 0.00625
0 0.44453125 0.50234375 0.00625 0.009375
0 0.4921875 0.49609375 0.00625 0.0140625
0 0.48359375 0.5 0.0109375 0.015625
0 0.5046875 0.496875 0.00625 0.009375
0 0.46796875 0.50390625 0.00625 0.009375
0 0.43359375 0.51015625 0.0109375 0.0203125
0 0.5625 0.49453125 0.015625 0.015625
0 0.4546875 0.5078125 0.0109375 0.015625
0 0.54140625 0.49921875 0.015625 0.015625
0 0.4046875 0.51640625 0.015625 0.015625
0 0.521875 0.50703125 0.015625 0.0203125
0 0.32265625 0.5359375 0.0109375 0.0203125
0 0.65390625 0.49765625 0.0203125 0.0203125
0 0.465625 0.52109375 0.0109375 0.0203125
0 0.5734375 0.51015625 0.0203125 0.015625
0 0.3 0.54375 0.015625 0.0203125
0 0.59609375 0.50703125 0.015625 0.0203125
0 0.74140625 0.49140625 0.0171875 0.025
0 0.4453125 0.528125 0.015625 0.0203125
0 0.484375 0.52578125 0.0171875 0.025
0 0.51015625 0.52265625 0.0109375 0.0203125
0 0.5328125 0.51953125 0.015625 0.0203125
0 0.34765625 0.54453125 0.021875 0.0296875
0 0.4984375 0.52578125 0.015625 0.0203125
0 0.4109375 0.5390625 0.0203125 0.0203125
0 0.72421875 0.503125 0.015625 0.0203125
0 0.315625 0.5546875 0.015625 0.0203125
0 0.58203125 0.521875 0.0203125 0.015625
0 0.6 0.5203125 0.015625 0.0109375
0 0.14375 0.578125 0.0328125 0.04375
0 0.61640625 0.5203125 0.015625 0.0203125
0 0.38046875 0.54921875 0.021875 0.025
0 0.47421875 0.5421875 0.0203125 0.0203125
0 0.5578125 0.534375 0.021875 0.034375
0 0.53046875 0.53828125 0.021875 0.034375
0 0.659375 0.52421875 0.0171875 0.025
0 0.634375 0.5296875 0.028125 0.04375
0 0.36328125 0.56328125 0.025 0.021875
0 0.728125 0.52109375 0.021875 0.0296875
0 0.4328125 0.559375 0.0234375 0.0390625
0 0.515625 0.5515625 0.028125 0.0390625
0 0.29296875 0.58125 0.028125 0.04375
0 0.2703125 0.584375 0.0265625 0.034375
0 0.5 0.55859375 0.0234375 0.0390625
0 0.33046875 0.58125 0.028125 0.0390625
0 0.4171875 0.57109375 0.028125 0.0390625
0 0.3125 0.5859375 0.0265625 0.034375
0 0.13125 0.6109375 0.028125 0.0390625
0 0.6015625 0.553125 0.0359375 0.040625
0 0.69609375 0.54140625 0.0234375 0.0390625
0 0.184375 0.60625 0.03125 0.0359375
0 0.23203125 0.60078125 0.0328125 0.040625
0 0.8640625 0.52265625 0.0390625 0.0640625
0 0.46953125 0.5734375 0.0328125 0.0484375
0 0.1109375 0.61796875 0.046875 0.046875
0 0.6625 0.55 0.0265625 0.03125
0 0.58046875 0.56484375 0.0234375 0.04375
0 0.79921875 0.54296875 0.040625 0.040625
0 0.26484375 0.615625 0.028125 0.04375
0 0.5265625 0.58359375 0.0265625 0.03125
0 0.365625 0.60546875 0.028125 0.04375
0 0.7109375 0.56328125 0.025 0.0484375
0 0.740625 0.5640625 0.0390625 0.059375
0 0.0890625 0.6671875 0.04375 0.06875
0 0.425 0.63046875 0.05 0.0734375
0 0.32734375 0.64921875 0.0390625 0.0640625
0 0.64453125 0.6109375 0.0703125 0.090625
0 0.55390625 0.621875 0.0421875 0.0546875
0 0.81875 0.59140625 0.053125 0.065625
0 0.5140625 0.63359375 0.059375 0.084375
0 0.190625 0.68046875 0.0375 0.0546875
0 0.90546875 0.59296875 0.059375 0.075
0 0.2328125 0.67734375 0.05 0.078125
0 0.0484375 0.71328125 0.0609375 0.0890625
0 0.13984375 0.70234375 0.0546875 0.075
0 0.9921875 0.6 0.015625 0.13125
0 0.74453125 0.64921875 0.06875 0.0859375
0 0.4109375 0.70234375 0.0578125 0.065625
0 0.85234375 0.65234375 0.0859375 0.1140625
0 0.5828125 0.7390625 0.0765625 0.109375
0 0.30234375 0.7859375 0.0890625 0.1375
0 0.73828125 0.74609375 0.0875 0.11875
0 0.08515625 0.82890625 0.0953125 0.146875
0 0.41640625 0.82265625 0.0921875 0.1203125