0 0.9578125 0.23984375 0.0125 0.025
0 0.90078125 0.23046875 0.0234375 0.03125
0 0.94765625 0.25 0.0171875 0.025
0 0.18125 0.128125 0.028125 0.03125
0 0.13125 0.12265625 0.0203125 0.0171875
0 0.52109375 0.1890625 0.0203125 0.0125
0 0.56484375 0.19609375 0.021875 0.021875
0 0.146875 0.1296875 0.015625 0.015625
0 0.10234375 0.12265625 0.0296875 0.0453125
0 0.159375 0.134375 0.0109375 0.015625
0 0.67890625 0.21640625 0.0234375 0.03125
0 0.24609375 0.15078125 0.021875 0.021875
0 0.38046875 0.17421875 0.0265625 0.021875
0 0.97734375 0.26875 0.015625 0.0109375
0 0.49296875 0.1921875 0.028125 0.0359375
0 0.07890625 0.12890625 0.028125 0.03125
0 0.81484375 0.2453125 0.0203125 0.0171875
0 0.3046875 0.16484375 0.0109375 0.015625
0 0.3234375 0.1671875 0.021875 0.021875
0 0.60859375 0.2125 0.015625 0.015625
0 0.7796875 0.2421875 0.015625 0.015625
0 0.75703125 0.23828125 0.0171875 0.025
0 0.12421875 0.13828125 0.0125 0.025
0 0.5078125 0.2015625 0.0125 0.0203125
0 0.2875 0.16640625 0.0265625 0.0265625
0 0.5671875 0.2109375 0.021875 0.021875
0 0.45234375 0.1953125 0.0171875 0.0203125
0 0.90234375 0.26640625 0.021875 0.021875
0 0.1546875 0.14765625 0.0234375 0.03125
0 0.40625 0.1875 0.021875 0.021875
0 0.434375 0.1921875 0.0109375 0.015625
0 0.69921875 0.23671875 0.0234375 0.03125
0 0.78984375 0.25078125 0.015625 0.015625
0 0.26015625 0.1671875 0.0234375 0.034375
0 0.51796875 0.2078125 0.0234375 0.03125
0 0.76484375 0.246875 0.0203125 0.0171875
0 0.83125 0.25703125 0.021875 0.021875
0 0.42421875 0.19296875 0.015625 0.015625
0 0.728125 0.24140625 0.015625 0.015625
0 0.1984375 0.15703125 0.0234375 0.034375
0 0.20625 0.1609375 0.0171875 0.025
0 0.875 0.26640625 0.021875 0.0265625
0 0.9703125 0.28203125 0.0234375 0.034375
0 0.46953125 0.20234375 0.028125 0.0359375
0 0.64765625 0.23046875 0.03125 0.0234375
0 0.71640625 0.24140625 0.0203125 0.0390625
0 0.996875 0.2890625 0.00625 0.025
0 0.26796875 0.17265625 0.0171875 0.025
0 0.8578125 0.26640625 0.01875 0.0296875
0 0.13359375 0.1515625 0.01875 0.0296875
0 0.225 0.16640625 0.0203125 0.0390625
0 0.83984375 0.26328125 0.021875 0.0265625
0 0.54453125 0.21875 0.021875 0.0265625
0 0.17890625 0.1609375 0.0234375 0.034375
0 0.390625 0.19453125 0.0171875 0.0203125
0 0.23828125 0.1703125 0.0234375 0.03125
0 0.3546875 0.19140625 0.028125 0.040625
0 0.6015625 0.23046875 0.0265625 0.021875
0 0.38203125 0.19609375 0.028125 0.0359375
0 0.68359375 0.24375 0.0171875 0.0203125
0 0.29453125 0.18359375 0.0234375 0.03125
0 0.6671875 0.2421875 0.0234375 0.03125
0 0.315625 0.18671875 0.028125 0.03125
0 0.78125 0.2609375 0.0171875 0.0203125
0 0.91640625 0.284375 0.021875 0.0265625
0 0.98515625 0.2953125 0.021875 0.021875
0 0.33515625 0.1921875 0.0171875 0.0203125
0 0.365625 0.196875 0.0171875 0.0203125
0 0.81328125 0.2703125 0.01875 0.034375
0 0.61640625 0.2390625 0.0171875 0.0203125
0 0.45390625 0.21328125 0.021875 0.021875
0 0.796875 0.2703125 0.0234375 0.03125
0 0.56796875 0.23359375 0.021875 0.021875
0 0.41953125 0.21015625 0.0171875 0.0203125
0 0.48828125 0.22109375 0.028125 0.03125
0 0.72578125 0.25859375 0.0234375 0.03125
0 0.8671875 0.28359375 0.025 0.0171875
0 0.4328125 0.21484375 0.0171875 0.0203125
0 0.52890625 0.2296875 0.021875 0.021875
0 0.4046875 0.21015625 0.028125 0.0359375
0 0.76640625 0.26796875 0.0234375 0.03125
0 0.89375 0.290625 0.0234375 0.03125
0 0.09609375 0.1640625 0.01875 0.0296875
0 0.07578125 0.1609375 0.0265625 0.0265625
0 0.690625 0.26015625 0.021875 0.021875
0 0.9421875 0.3 0.0171875 0.025
0 0.83828125 0.2859375 0.021875 0.0265625
0 0.63046875 0.253125 0.0234375 0.034375
0 0.59609375 0.25 0.0328125 0.0328125
0 0.44765625 0.2265625 0.021875 0.0265625
0 0.26328125 0.2 0.0234375 0.03125
0 0.865625 0.2953125 0.015625 0.015625
0 0.19296875 0.1890625 0.0171875 0.0203125
0 0.7375 0.275 0.021875 0.0265625
0 0.51171875 0.24375 0.0234375 0.03125
0 0.97890625 0.31796875 0.0234375 0.034375
0 0.3046875 0.2109375 0.028125 0.0359375
0 0.36640625 0.22109375 0.0234375 0.03125
0 0.67734375 0.2703125 0.021875 0.021875
0 0.15234375 0.1921875 0.028125 0.040625
0 0.2328125 0.2046875 0.0234375 0.034375
0 0.69375 0.2796875 0.0234375 0.03125
0 0.465625 0.24375 0.028125 0.0359375
0 0.52421875 0.25546875 0.0265625 0.0265625
0 0.98828125 0.33125 0.021875 0.0265625
0 0.3296875 0.2296875 0.0234375 0.03125
0 0.3953125 0.23984375 0.0234375 0.034375
0 0.565625 0.26640625 0.0234375 0.034375
0 0.640625 0.27890625 0.0234375 0.034375
0 0.11015625 0.19453125 0.0234375 0.034375
0 0.84375 0.3109375 0.028125 0.0359375
0 0.78671875 0.3015625 0.0234375 0.034375
0 0.08203125 0.1921875 0.0265625 0.0265625
0 0.1984375 0.2109375 0.021875 0.0265625
0 0.87578125 0.31796875 0.028125 0.0359375
0 0.75625 0.29921875 0.028125 0.03125
0 0.94140625 0.33125 0.0171875 0.025
0 0.603125 0.27734375 0.021875 0.0265625
0 0.6671875 0.2875 0.0265625 0.0265625
0 0.4796875 0.2578125 0.0265625 0.0265625
0 0.49921875 0.26796875 0.0203125 0.0171875
0 0.95625 0.34296875 0.0234375 0.03125
0 0.69921875 0.3046875 0.0234375 0.03125
0 0.321875 0.24453125 0.028125 0.03125
0 0.72265625 0.30859375 0.021875 0.0265625
0 0.37265625 0.25546875 0.021875 0.0265625
0 0.43671875 0.265625 0.0265625 0.0265625
0 0.51328125 0.2796875 0.015625 0.015625
0 0.83125 0.33203125 0.0265625 0.0265625
0 0.23203125 0.23671875 0.0171875 0.025
0 0.253125 0.23984375 0.0265625 0.0265625
0 0.99296875 0.35703125 0.0140625 0.0171875
0 0.06953125 0.215625 0.0265625 0.0265625
0 0.41875 0.2734375 0.021875 0.021875
0 0.21484375 0.24140625 0.0234375 0.034375
0 0.5921875 0.303125 0.021875 0.0265625
0 0.15078125 0.23359375 0.028125 0.0359375
0 0.77890625 0.33515625 0.0265625 0.021875
0 0.278125 0.25859375 0.025 0.0390625
0 0.184375 0.24609375 0.0328125 0.0328125
0 0.4953125 0.2953125 0.028125 0.040625
0 0.2890625 0.2625 0.0328125 0.040625
0 0.64609375 0.31875 0.0234375 0.034375
0 0.65703125 0.32109375 0.021875 0.0265625
0 0.73046875 0.3328125 0.021875 0.0265625
0 0.68515625 0.325 0.0234375 0.034375
0 0.09453125 0.234375 0.021875 0.0265625
0 0.95859375 0.37109375 0.0203125 0.0171875
0 0.4265625 0.28671875 0.0265625 0.021875
0 0.70234375 0.33046875 0.021875 0.0265625
0 0.33671875 0.275 0.028125 0.03125
0 0.67265625 0.328125 0.0234375 0.03125
0 0.99296875 0.37890625 0.0140625 0.0265625
0 0.07578125 0.23359375 0.021875 0.0265625
0 0.82109375 0.3515625 0.021875 0.021875
0 0.2359375 0.2609375 0.01875 0.0296875
0 0.8984375 0.36640625 0.0234375 0.03125
0 0.51640625 0.30546875 0.028125 0.0359375
0 0.12109375 0.24296875 0.0171875 0.0203125
0 0.5640625 0.31328125 0.01875 0.034375
0 0.365625 0.284375 0.028125 0.040625
0 0.3859375 0.2875 0.028125 0.040625
0 0.57578125 0.3171875 0.021875 0.0265625
0 0.4796875 0.30234375 0.028125 0.040625
0 0.20234375 0.2609375 0.021875 0.0265625
0 0.8703125 0.36640625 0.01875 0.0296875
0 0.45859375 0.3015625 0.0328125 0.0359375
0 0.93203125 0.37578125 0.0234375 0.034375
0 0.1140625 0.246875 0.021875 0.0265625
0 0.83125 0.3625 0.0171875 0.025
0 0.40390625 0.29453125 0.01875 0.0296875
0 0.74453125 0.34921875 0.025 0.04375
0 0.2484375 0.2703125 0.0328125 0.0359375
0 0.625 0.3296875 0.034375 0.0453125
0 0.84453125 0.3671875 0.0125 0.025
0 0.85859375 0.36953125 0.025 0.04375
0 0.13515625 0.2546875 0.0328125 0.0359375
0 0.60703125 0.3296875 0.028125 0.040625
0 0.54296875 0.31953125 0.0328125 0.0359375
0 0.78515625 0.3578125 0.0234375 0.034375
0 0.71640625 0.34921875 0.0234375 0.03125
0 0.953125 0.39140625 0.028125 0.0359375
0 0.96953125 0.39375 0.021875 0.0265625
0 0.8203125 0.37265625 0.028125 0.03125
0 0.91171875 0.3875 0.0234375 0.034375
0 0.16875 0.26953125 0.0328125 0.0328125
0 0.046875 0.25234375 0.0234375 0.034375
0 0.98203125 0.403125 0.0234375 0.03125
0 0.70390625 0.3640625 0.0265625 0.0265625
0 0.99609375 0.41328125 0.0078125 0.0265625
0 0.42265625 0.321875 0.028125 0.0359375
0 0.071875 0.27109375 0.028125 0.040625
0 0.525 0.34296875 0.021875 0.0265625
0 0.1953125 0.290625 0.0234375 0.034375
0 0.24609375 0.30078125 0.03125 0.028125
0 0.803125 0.3890625 0.021875 0.0265625
0 0.3734375 0.32265625 0.0265625 0.0265625
0 0.58125 0.35546875 0.0328125 0.040625
0 0.325 0.31484375 0.028125 0.040625
0 0.48984375 0.34375 0.0328125 0.0359375
0 0.6453125 0.36796875 0.0296875 0.01875
0 0.7 0.3765625 0.0234375 0.034375
0 0.09453125 0.28046875 0.0234375 0.034375
0 0.76875 0.3875 0.028125 0.0359375
0 0.8296875 0.39921875 0.0234375 0.034375
0 0.98125 0.4234375 0.021875 0.0265625
0 0.45 0.33984375 0.03125 0.028125
0 0.1234375 0.2875 0.028125 0.0359375
0 0.91015625 0.41484375 0.028125 0.03125
0 0.7421875 0.38828125 0.0234375 0.03125
0 0.22578125 0.30625 0.0171875 0.025
0 0.68046875 0.378125 0.028125 0.0359375
0 0.159375 0.2984375 0.01875 0.0296875
0 0.29921875 0.3203125 0.0234375 0.034375
0 0.515625 0.3546875 0.03125 0.028125
0 0.94765625 0.42265625 0.0265625 0.0265625
0 0.8125 0.40625 0.028125 0.0359375
0 0.10859375 0.29453125 0.01875 0.034375
0 0.34375 0.33203125 0.0171875 0.025
0 0.40546875 0.34453125 0.0265625 0.0265625
0 0.734375 0.3984375 0.0234375 0.034375
0 0.60390625 0.378125 0.0234375 0.034375
0 0.1890625 0.31484375 0.0265625 0.021875
0 0.2484375 0.32421875 0.028125 0.03125
0 0.365625 0.34296875 0.025 0.0171875
0 0.85078125 0.41953125 0.025 0.0390625
0 0.42734375 0.3546875 0.021875 0.021875
0 0.04296875 0.29375 0.03125 0.0234375
0 0.45 0.35859375 0.0203125 0.0171875
0 0.140625 0.309375 0.028125 0.040625
0 0.26640625 0.3296875 0.028125 0.03125
0 0.31015625 0.3359375 0.028125 0.0359375
0 0.88125 0.42890625 0.03125 0.028125
0 0.79296875 0.41484375 0.0171875 0.0203125
0 0.659375 0.39609375 0.028125 0.0359375
0 0.590625 0.3875 0.03125 0.028125
0 0.38671875 0.35546875 0.0234375 0.03125
0 0.40546875 0.35859375 0.015625 0.0109375
0 0.62890625 0.39375 0.0234375 0.034375
0 0.5078125 0.37734375 0.0265625 0.021875
0 0.28828125 0.34453125 0.015625 0.015625
0 0.92265625 0.44765625 0.0234375 0.03125
0 0.9734375 0.45546875 0.0265625 0.0265625
0 0.5640625 0.390625 0.0234375 0.03125
0 0.94296875 0.453125 0.021875 0.021875
0 0.19296875 0.334375 0.0234375 0.03125
0 0.34375 0.3609375 0.0203125 0.0171875
0 0.7828125 0.4328125 0.021875 0.0265625
0 0.53125 0.39296875 0.0328125 0.040625
0 0.86171875 0.44765625 0.03125 0.028125
0 0.4671875 0.38515625 0.0265625 0.0265625
0 0.7203125 0.425 0.028125 0.0359375
0 0.8046875 0.440625 0.0234375 0.034375
0 0.44296875 0.38359375 0.028125 0.03125
0 0.60859375 0.409375 0.021875 0.0265625
0 0.9875 0.46953125 0.025 0.0328125
0 0.37734375 0.37265625 0.01875 0.034375
0 0.24609375 0.3546875 0.028125 0.040625
0 0.03828125 0.321875 0.0296875 0.0453125
0 0.5828125 0.4078125 0.0328125 0.0328125
0 0.2921875 0.3640625 0.0234375 0.034375
0 0.3609375 0.375 0.0296875 0.0453125
0 0.42265625 0.38515625 0.028125 0.0359375
0 0.890625 0.46171875 0.028125 0.0359375
0 0.0765625 0.3328125 0.0453125 0.0609375
0 0.8234375 0.453125 0.034375 0.0453125
0 0.9984375 0.48203125 0.003125 0.0328125
0 0.87421875 0.4609375 0.03125 0.0234375
0 0.39609375 0.38515625 0.0296875 0.0453125
0 0.26796875 0.36484375 0.028125 0.040625
0 0.22265625 0.36015625 0.0359375 0.0546875
0 0.50078125 0.40625 0.0328125 0.040625
0 0.65390625 0.43046875 0.034375 0.0453125
0 0.31953125 0.3796875 0.0296875 0.0453125
0 0.15546875 0.35390625 0.0375 0.0453125
0 0.7703125 0.453125 0.025 0.0390625
0 0.97109375 0.4875 0.0234375 0.034375
0 0.74609375 0.45234375 0.0453125 0.065625
0 0.34453125 0.38828125 0.034375 0.0453125
0 0.94765625 0.4859375 0.0328125 0.040625
0 0.51796875 0.41796875 0.0234375 0.03125
0 0.9859375 0.4921875 0.0234375 0.03125
0 0.67265625 0.4453125 0.028125 0.040625
0 0.6265625 0.4375 0.034375 0.0453125
0 0.8375 0.47109375 0.0328125 0.040625
0 0.78984375 0.46328125 0.0234375 0.03125
0 0.60625 0.434375 0.028125 0.040625
0 0.55078125 0.428125 0.025 0.04375
0 0.56953125 0.43125 0.0328125 0.0359375
0 0.70859375 0.45546875 0.0328125 0.040625
0 0.475 0.42109375 0.0390625 0.05
0 0.8765625 0.49140625 0.028125 0.03125
0 0.990625 0.51171875 0.01875 0.0390625
0 0.921875 0.4984375 0.0296875 0.0453125
0 0.4390625 0.425 0.028125 0.040625
0 0.82734375 0.49296875 0.0359375 0.0359375
0 0.4125 0.43203125 0.0296875 0.0484375
0 0.6828125 0.484375 0.028125 0.03125
0 0.9 0.5234375 0.0375 0.040625
0 0.65390625 0.4921875 0.03125 0.028125
0 0.80234375 0.515625 0.0265625 0.0265625
0 0.6765625 0.5109375 0.0234375 0.03125
0 0.66171875 0.5140625 0.025 0.04375
0 0.784375 0.5359375 0.028125 0.040625
0 0.94140625 0.56953125 0.0328125 0.040625
0 0.8171875 0.55234375 0.0296875 0.0453125
0 0.8828125 0.5703125 0.028125 0.0359375
0 0.83359375 0.56953125 0.028125 0.040625
0 0.975 0.59453125 0.028125 0.0359375
0 0.675 0.54921875 0.034375 0.0453125