0 0.2359375 0.221875 0.053125 0.121875
0 0.303125 0.228125 0.046875 0.065625
0 0.33359375 0.228125 0.0296875 0.0515625
0 0.0578125 0.23046875 0.0375 0.065625
0 0.1734375 0.23515625 0.0578125 0.1078125
0 0.13671875 0.234375 0.0421875 0.084375
0 0.5015625 0.2546875 0.0484375 0.0984375
0 0.71484375 0.26328125 0.0375 0.075
0 0.4484375 0.26328125 0.0671875 0.1359375
0 0.38828125 0.26171875 0.053125 0.1078125
0 0.60546875 0.26796875 0.0671875 0.09375
0 0.025 0.26015625 0.04375 0.10625
0 0.0828125 0.27109375 0.0375 0.0515625
0 0.878125 0.31171875 0.0421875 0.075
0 0.95234375 0.31328125 0.053125 0.13125
0 0.2921875 0.30390625 0.053125 0.13125
0 0.3453125 0.34453125 0.046875 0.065625
0 0.75703125 0.35390625 0.0578125 0.09375
0 0.68515625 0.3546875 0.071875 0.0984375
0 0.1109375 0.34453125 0.0390625 0.125
0 0.08125 0.34921875 0.0375 0.0796875
0 0.5859375 0.3625 0.0578125 0.1078125
0 0.16171875 0.3640625 0.071875 0.103125
0 0.4609375 0.38125 0.0421875 0.0515625
0 0.525 0.39453125 0.0625 0.1265625
0 0.8234375 0.4015625 0.0421875 0.0796875
0 0.67265625 0.41953125 0.0671875 0.13125
0 0.88828125 0.4234375 0.0421875 0.0890625
0 0.26796875 0.41484375 0.0578125 0.0984375
0 0.43125 0.43359375 0.0390625 0.1203125
0 0.77890625 0.43984375 0.0625 0.103125
0 0.33203125 0.44375 0.0484375 0.1265625
0 0.378125 0.44921875 0.0625 0.1171875
0 0.47265625 0.45078125 0.04375 0.134375
0 0.2390625 0.45625 0.046875 0.0796875
0 0.85234375 0.47578125 0.0765625 0.140625
0 0.28125 0.521875 0.0625 0.13125
0 0.07109375 0.5265625 0.0625 0.1359375
0 0.75390625 0.5390625 0.0671875 0.1578125
0 0.21015625 0.5484375 0.0625 0.1359375
0 0.5640625 0.55859375 0.071875 0.140625
0 0.0328125 0.5578125 0.065625 0.246875
0 0.39453125 0.6 0.0765625 0.13125
0 0.19453125 0.63125 0.071875 0.1453125
0 0.9765625 0.65703125 0.040625 0.2046875
0 0.33828125 0.09140625 0.053125 0.103125
0 0.66171875 0.1328125 0.0421875 0.0796875
0 0.409375 0.13046875 0.0375 0.0890625
0 0.23515625 0.12734375 0.0328125 0.0609375
0 0.93671875 0.14921875 0.053125 0.1125
0 0.47421875 0.140625 0.0203125 0.0515625
0 0.01328125 0.13515625 0.015625 0.05625
0 0.6171875 0.15546875 0.0296875 0.046875
0 0.684375 0.15625 0.0328125 0.0609375
0 0.46484375 0.15625 0.025 0.05625
0 0.56328125 0.1671875 0.0203125 0.0703125
0 0.37109375 0.17109375 0.046875 0.075
0 0.53125 0.18125 0.0328125 0.05625
0 0.503125 0.18515625 0.0203125 0.0515625
0 0.59140625 0.18671875 0.0421875 0.05625
0 0.01484375 0.18828125 0.0203125 0.0609375
0 0.76015625 0.20859375 0.0375 0.0796875
0 0.71875 0.2078125 0.0328125 0.0609375
0 0.94453125 0.2140625 0.0578125 0.09375
0 0.81484375 0.21640625 0.04375 0.09375
0 0.10234375 0.20390625 0.028125 0.0421875
0 0.8609375 0.2171875 0.053125 0.1265625