0 0.20390625 0.8203125 0.0890625 0.0546875
0 0.034375 0.1546875 0.0453125 0.0296875
0 0.47265625 0.0796875 0.040625 0.034375
0 0.93359375 0.7453125 0.096875 0.075
0 0.38203125 0.0953125 0.0328125 0.0328125
0 0.61171875 0.0546875 0.0453125 0.034375
0 0.69140625 0.8 0.0703125 0.0515625
0 0.70546875 0.04296875 0.0359375 0.0328125
0 0.80234375 0.0265625 0.040625 0.034375
0 0.08515625 0.9703125 0.0234375 0.034375
0 0.11953125 0.15546875 0.0453125 0.0296875
0 0.18828125 0.1453125 0.040625 0.0296875
0 0.08203125 0.16640625 0.0359375 0.0328125
0 0.2671875 0.13671875 0.0453125 0.034375
0 0.3703125 0.1234375 0.040625 0.034375
0 0.84609375 0.0390625 0.040625 0.034375
0 0.0203125 0.18984375 0.040625 0.0390625
0 0.6515625 0.0828125 0.046875 0.0390625
0 0.33046875 0.1515625 0.0453125 0.034375
0 0.58125 0.10703125 0.0453125 0.034375
0 0.74609375 0.0828125 0.05 0.03125
0 0.228125 0.17421875 0.040625 0.034375
0 0.83203125 0.075 0.046875 0.0390625
0 0.125 0.2140625 0.0546875 0.03125
0 0.3078125 0.19765625 0.046875 0.04375
0 0.0703125 0.24921875 0.0453125 0.034375
0 0.15390625 0.24375 0.0453125 0.034375
0 0.27109375 0.228125 0.0359375 0.0328125
0 0.05 0.29296875 0.0515625 0.0390625
0 0.37734375 0.24609375 0.0359375 0.0328125
0 0.52421875 0.22265625 0.0453125 0.034375
0 0.0234375 0.315625 0.0453125 0.034375
0 0.42890625 0.03125 0.0390625 0.025
0 0.36328125 0.284375 0.0546875 0.0359375
0 0.21484375 0.32265625 0.0546875 0.0359375
0 0.8515625 0.2125 0.0546875 0.0359375
0 0.91484375 0.21015625 0.0453125 0.034375
0 0.365625 0.04453125 0.0359375 0.028125
0 0.078125 0.3625 0.05625 0.0453125
0 0.459375 0.31171875 0.0546875 0.03125
0 0.2734375 0.36171875 0.065625 0.046875
0 0.08984375 0.096875 0.0359375 0.028125
0 0.81328125 0.28046875 0.0703125 0.046875
0 0.68203125 0.30390625 0.0453125 0.034375
0 0.31015625 0.06328125 0.040625 0.034375
0 0.3796875 0.415625 0.075 0.0484375
0 0.60703125 0.0140625 0.0453125 0.028125
0 0.13671875 0.465625 0.0515625 0.04375
0 0.821875 0.3515625 0.06875 0.0421875
0 0.66484375 0.38125 0.0640625 0.0421875
0 0.0234375 0.11875 0.040625 0.0296875
0 0.9546875 0.3609375 0.0578125 0.05
0 0.175 0.09609375 0.0359375 0.028125
0 0.13671875 0.53125 0.0703125 0.046875
0 0.88359375 0.4203125 0.075 0.0484375
0 0.3296875 0.5203125 0.06875 0.0390625
0 0.78828125 0.45859375 0.0671875 0.0515625
0 0.48828125 0.5140625 0.0515625 0.04375
0 0.25625 0.0890625 0.040625 0.0296875
0 0.14609375 0.10859375 0.040625 0.034375
0 0.12421875 0.6109375 0.0609375 0.0453125
0 0.12265625 0.1171875 0.03125 0.028125
0 0.36171875 0.075 0.040625 0.0296875
0 0.9703125 0.50078125 0.059375 0.0515625
0 0.51640625 0.05078125 0.0328125 0.0328125
0 0.8 0.56484375 0.05625 0.0453125
0 0.2234375 0.1046875 0.034375 0.01875
0 0.390625 0.665625 0.05625 0.0453125
0 0.60546875 0.64296875 0.05625 0.040625
0 0.99140625 0.58984375 0.0171875 0.0515625
0 0.36953125 0.7203125 0.0671875 0.05625
0 0.56796875 0.70234375 0.075 0.053125