0 0.48046875 0.40703125 0.0171875 0.025
0 0.61484375 0.39453125 0.0171875 0.025
0 0.5890625 0.396875 0.0171875 0.025
0 0.56640625 0.39921875 0.0125 0.025
0 0.6359375 0.3921875 0.015625 0.0203125
0 0.5046875 0.40859375 0.0109375 0.0203125
0 0.37578125 0.42421875 0.0171875 0.025
0 0.46015625 0.415625 0.015625 0.0203125
0 0.525 0.40859375 0.0171875 0.025
0 0.41484375 0.4203125 0.0171875 0.025
0 0.28125 0.434375 0.0109375 0.0203125
0 0.35234375 0.4265625 0.0125 0.025
0 0.70546875 0.3921875 0.0171875 0.025
0 0.33046875 0.43359375 0.0171875 0.025
0 0.43828125 0.42265625 0.0171875 0.025
0 0.68203125 0.396875 0.0171875 0.025
0 0.23828125 0.44609375 0.0171875 0.025
0 0.659375 0.4015625 0.0171875 0.025
0 0.26171875 0.44375 0.0109375 0.0203125
0 0.3953125 0.43203125 0.0171875 0.025
0 0.546875 0.415625 0.015625 0.0203125
0 0.73359375 0.39609375 0.0171875 0.025
0 0.3078125 0.44296875 0.0171875 0.025
0 0.76171875 0.3953125 0.0171875 0.0296875
0 0.215625 0.453125 0.0171875 0.025
0 0.60234375 0.4359375 0.0171875 0.025
0 0.57734375 0.43828125 0.0171875 0.025
0 0.55234375 0.44375 0.015625 0.0203125
0 0.4421875 0.45703125 0.0171875 0.025
0 0.37265625 0.46484375 0.015625 0.0203125
0 0.646875 0.4359375 0.0171875 0.0296875
0 0.66953125 0.43359375 0.015625 0.0203125
0 0.53125 0.44765625 0.015625 0.0203125
0 0.5109375 0.45 0.0171875 0.0296875
0 0.6265625 0.440625 0.021875 0.025
0 0.35 0.46953125 0.0171875 0.0328125
0 0.41640625 0.4625 0.0171875 0.025
0 0.46328125 0.4578125 0.0171875 0.025
0 0.715625 0.43125 0.0171875 0.025
0 0.69375 0.43828125 0.021875 0.025
0 0.2859375 0.48125 0.021875 0.025
0 0.328125 0.4765625 0.0171875 0.025
0 0.48671875 0.46015625 0.0171875 0.025
0 0.396875 0.46953125 0.0171875 0.025
0 0.7421875 0.4328125 0.0171875 0.025
0 0.30703125 0.48125 0.0171875 0.025
0 0.2640625 0.48828125 0.021875 0.025
0 0.24296875 0.4921875 0.0171875 0.025
0 0.7703125 0.43671875 0.0171875 0.025
0 0.2203125 0.496875 0.0171875 0.025
0 0.19296875 0.50390625 0.0171875 0.025
0 0.565625 0.48125 0.021875 0.025
0 0.66953125 0.47265625 0.021875 0.025
0 0.5890625 0.48125 0.0171875 0.025
0 0.6375 0.47578125 0.021875 0.025
0 0.42265625 0.4984375 0.0125 0.025
0 0.5203125 0.48828125 0.0171875 0.025
0 0.54296875 0.48828125 0.0171875 0.0296875
0 0.44609375 0.4984375 0.0171875 0.0296875
0 0.375 0.50625 0.0171875 0.0296875
0 0.61640625 0.48046875 0.0171875 0.025
0 0.6953125 0.47265625 0.021875 0.025
0 0.3984375 0.50625 0.0171875 0.025
0 0.325 0.5140625 0.0171875 0.0296875
0 0.471875 0.4984375 0.0171875 0.0296875
0 0.496875 0.4953125 0.0171875 0.0296875
0 0.71796875 0.47265625 0.0171875 0.025
0 0.35 0.51328125 0.0125 0.025
0 0.74375 0.47421875 0.0171875 0.025
0 0.3046875 0.52265625 0.0171875 0.025
0 0.7703125 0.47890625 0.021875 0.025
0 0.278125 0.53046875 0.0171875 0.0296875
0 0.2546875 0.53515625 0.0171875 0.025
0 0.23203125 0.5421875 0.015625 0.0203125
0 0.55234375 0.51328125 0.021875 0.0296875
0 0.625 0.5125 0.015625 0.0203125
0 0.57421875 0.5203125 0.021875 0.025
0 0.59921875 0.5203125 0.0171875 0.0296875
0 0.53125 0.52734375 0.0109375 0.0203125
0 0.64609375 0.5171875 0.0171875 0.025
0 0.5109375 0.53359375 0.0171875 0.0296875
0 0.6921875 0.5140625 0.0171875 0.0296875
0 0.4921875 0.53515625 0.0171875 0.025
0 0.66875 0.51640625 0.0171875 0.0296875
0 0.471875 0.5375 0.015625 0.0203125
0 0.4484375 0.5421875 0.015625 0.0203125
0 0.4296875 0.54453125 0.0171875 0.0296875
0 0.35859375 0.5515625 0.0171875 0.025
0 0.40546875 0.546875 0.0171875 0.0296875
0 0.71640625 0.51640625 0.0171875 0.025
0 0.38203125 0.5515625 0.0171875 0.025
0 0.33671875 0.55859375 0.015625 0.0203125
0 0.7390625 0.51875 0.0171875 0.0296875
0 0.315625 0.56328125 0.0171875 0.025
0 0.24453125 0.5734375 0.0171875 0.0296875
0 0.29296875 0.5703125 0.0171875 0.0296875
0 0.26796875 0.5734375 0.0171875 0.025
0 0.76796875 0.525 0.0171875 0.0296875
0 0.51171875 0.56875 0.0171875 0.025
0 0.5578125 0.56640625 0.0171875 0.025
0 0.58359375 0.56328125 0.015625 0.0203125
0 0.5359375 0.57109375 0.0171875 0.025
0 0.4671875 0.58046875 0.0171875 0.0296875
0 0.4890625 0.578125 0.0171875 0.0296875
0 0.63203125 0.56328125 0.015625 0.0203125
0 0.653125 0.5609375 0.0171875 0.0296875
0 0.6828125 0.5578125 0.0171875 0.0296875
0 0.609375 0.56796875 0.0171875 0.025
0 0.44609375 0.5875 0.0171875 0.025
0 0.42265625 0.58984375 0.0171875 0.0296875
0 0.7140625 0.56171875 0.0171875 0.0296875
0 0.403125 0.59453125 0.0171875 0.0296875
0 0.28359375 0.60703125 0.0171875 0.0296875
0 0.375 0.596875 0.015625 0.0203125
0 0.35390625 0.59921875 0.015625 0.0203125
0 0.30625 0.60703125 0.0171875 0.0296875
0 0.73671875 0.5640625 0.021875 0.0296875
0 0.334375 0.60625 0.0109375 0.0203125
0 0.2609375 0.6203125 0.0203125 0.0203125
0 0.76796875 0.5671875 0.021875 0.0296875
0 0.55078125 0.69296875 0.0171875 0.025
0 0.6953125 0.67734375 0.021875 0.0296875
0 0.7515625 0.67890625 0.021875 0.0296875
0 0.30390625 0.7328125 0.0171875 0.0296875
0 0.90859375 0.6875 0.021875 0.034375
0 0.60546875 0.7234375 0.021875 0.034375
0 0.20703125 0.76796875 0.021875 0.0296875
0 0.4796875 0.7484375 0.021875 0.034375
0 0.5359375 0.75 0.021875 0.0296875
0 0.41171875 0.765625 0.0171875 0.0328125
0 0.146875 0.79296875 0.021875 0.0296875
0 0.84296875 0.72734375 0.021875 0.025
0 0.3 0.7890625 0.021875 0.0296875
0 0.67578125 0.75390625 0.021875 0.034375
0 0.73828125 0.74765625 0.021875 0.0296875
0 0.35625 0.78984375 0.0171875 0.0296875
0 0.865625 0.74140625 0.021875 0.0296875
0 0.12421875 0.81953125 0.021875 0.0296875
0 0.65625 0.771875 0.0171875 0.0296875
0 0.80859375 0.75546875 0.021875 0.0296875
0 0.58125 0.7890625 0.021875 0.0296875
0 0.53359375 0.796875 0.021875 0.034375
0 0.4484375 0.8125 0.021875 0.034375
0 0.24921875 0.8359375 0.0234375 0.04375
0 0.9359375 0.76640625 0.021875 0.034375
0 0.38515625 0.8265625 0.021875 0.034375
0 0.57421875 0.8109375 0.0171875 0.0296875
0 0.70546875 0.79765625 0.021875 0.0296875
0 0.228125 0.85703125 0.0203125 0.0203125
0 0.3171875 0.84765625 0.0265625 0.0390625
0 0.465625 0.83671875 0.021875 0.034375
0 0.88671875 0.7921875 0.021875 0.0296875
0 0.63828125 0.82109375 0.021875 0.0296875
0 0.1453125 0.87265625 0.021875 0.034375
0 0.965625 0.7890625 0.021875 0.0390625
0 0.72734375 0.82109375 0.021875 0.0296875
0 0.3359375 0.86875 0.021875 0.0296875
0 0.2234375 0.88046875 0.021875 0.0296875
0 0.79921875 0.82421875 0.021875 0.0296875
0 0.14140625 0.903125 0.021875 0.0296875
0 0.39765625 0.88046875 0.0171875 0.0296875
0 0.99375 0.8171875 0.0125 0.034375
0 0.8984375 0.83515625 0.021875 0.0296875
0 0.746875 0.85546875 0.021875 0.0296875
0 0.8296875 0.8515625 0.021875 0.025
0 0.38828125 0.90078125 0.021875 0.0296875
0 0.246875 0.925 0.021875 0.0296875
0 0.3296875 0.91875 0.0265625 0.034375