0 0.51171875 0.03203125 0.015625 0.025
0 0.1796875 0.296875 0.0109375 0.01875
0 0.19140625 0.3 0.015625 0.025
0 0.13359375 0.2984375 0.025 0.025
0 0.2125 0.30390625 0.0203125 0.025
0 0.37109375 0.3171875 0.015625 0.0203125
0 0.1609375 0.3046875 0.015625 0.025
0 0.23671875 0.3125 0.0203125 0.0203125
0 0.171875 0.31015625 0.015625 0.0203125
0 0.14453125 0.31328125 0.015625 0.015625
0 0.546875 0.03671875 0.009375 0.009375
0 0.3953125 0.33671875 0.015625 0.025
0 0.08125 0.31953125 0.0109375 0.0140625
0 0.1984375 0.328125 0.015625 0.0203125
0 0.221875 0.3296875 0.015625 0.0203125
0 0.153125 0.32421875 0.015625 0.0296875
0 0.528125 0.03515625 0.0109375 0.01875
0 0.37578125 0.34453125 0.015625 0.025
0 0.36171875 0.3484375 0.0109375 0.0234375
0 0.09453125 0.334375 0.015625 0.0328125
0 0.90859375 0.0640625 0.015625 0.025
0 0.05234375 0.33125 0.0203125 0.0296875
0 0.23203125 0.34453125 0.015625 0.0203125
0 0.11875 0.33828125 0.015625 0.0203125
0 0.07734375 0.3359375 0.015625 0.0203125
0 0.17890625 0.34296875 0.015625 0.025
0 0.16640625 0.34921875 0.015625 0.025
0 0.13203125 0.35390625 0.015625 0.025
0 0.18984375 0.36015625 0.015625 0.025
0 0.0234375 0.3484375 0.0109375 0.0140625
0 0.08125 0.3546875 0.015625 0.025
0 0.125 0.3578125 0.015625 0.0203125
0 0.22421875 0.3671875 0.0109375 0.0234375
0 0.203125 0.36796875 0.015625 0.0296875
0 0.15234375 0.36484375 0.0203125 0.025
0 0.2375 0.37265625 0.015625 0.0296875
0 0.015625 0.35703125 0.0109375 0.01875
0 0.04921875 0.36640625 0.015625 0.025
0 0.025 0.36484375 0.015625 0.025
0 0.05859375 0.36953125 0.0109375 0.01875
0 0.53671875 0.04296875 0.0109375 0.01875
0 0.09375 0.3765625 0.0203125 0.025
0 0.36328125 0.396875 0.0109375 0.0234375
0 0.0140625 0.3796875 0.015625 0.025
0 0.14140625 0.3890625 0.0203125 0.0296875
0 0.06953125 0.38359375 0.015625 0.025
0 0.0578125 0.3875 0.015625 0.0203125
0 0.04765625 0.3984375 0.0109375 0.0140625
0 0.0265625 0.39921875 0.0109375 0.0234375
0 0.01796875 0.39921875 0.015625 0.0296875
0 0.15859375 0.4109375 0.0203125 0.025
0 0.03984375 0.4078125 0.0203125 0.025
0 0.06796875 0.409375 0.0203125 0.025
0 0.0125 0.4078125 0.015625 0.0203125
0 0.09921875 0.41640625 0.0203125 0.0296875
0 0.5484375 0.04609375 0.0109375 0.0140625
0 0.03203125 0.42578125 0.0203125 0.0296875
0 0.01015625 0.43515625 0.015625 0.0328125
0 0.02109375 0.4453125 0.0203125 0.0296875
0 0.38984375 0.48046875 0.0203125 0.0328125
0 0.0375 0.0171875 0.0109375 0.01875
0 0.540625 0.51015625 0.0203125 0.0296875
0 0.25 0.49453125 0.025 0.0328125
0 0.08125 0.4828125 0.0203125 0.0296875
0 0.04375 0.48671875 0.0203125 0.0296875
0 0.28828125 0.50859375 0.0265625 0.0375
0 0.01796875 0.49453125 0.0203125 0.0296875
0 0.06484375 0.51328125 0.025 0.0296875
0 0.0234375 0.5171875 0.015625 0.015625
0 0.4109375 0.0484375 0.015625 0.0203125
0 0.096875 0.525 0.0203125 0.0296875
0 0.11484375 0.5265625 0.021875 0.0375
0 0.70859375 0.5703125 0.0203125 0.0328125
0 0.5171875 0.05546875 0.0109375 0.01875
0 0.871875 0.590625 0.0203125 0.0203125
0 0.8140625 0.5890625 0.0203125 0.0203125
0 0.01953125 0.53359375 0.0109375 0.01875
0 0.075 0.5375 0.0203125 0.0328125
0 0.94765625 0.603125 0.0203125 0.025
0 0.83828125 0.603125 0.0203125 0.0296875
0 0.00703125 0.54609375 0.0140625 0.0296875
0 0.00546875 0.54609375 0.0109375 0.0421875
0 0.7921875 0.6015625 0.015625 0.0296875
0 0.88515625 0.60859375 0.025 0.0296875
0 0.98359375 0.6203125 0.0109375 0.0328125
0 0.05078125 0.5546875 0.015625 0.0296875
0 0.034375 0.55625 0.0296875 0.0296875
0 0.85859375 0.615625 0.0203125 0.0296875
0 0.94609375 0.62421875 0.0203125 0.0328125
0 0.9640625 0.62578125 0.0265625 0.0375
0 0.53984375 0.06171875 0.0109375 0.01875
0 0.75859375 0.6171875 0.0203125 0.0296875
0 0.80234375 0.62734375 0.0203125 0.025
0 0.88046875 0.6375 0.0203125 0.0296875
0 0.73671875 0.63046875 0.0203125 0.025
0 0.91171875 0.64453125 0.025 0.0328125
0 0.79375 0.64140625 0.0203125 0.015625
0 0.74296875 0.63984375 0.0203125 0.015625
0 0.834375 0.65546875 0.0203125 0.0296875
0 0.7765625 0.65625 0.0203125 0.0203125
0 0.56953125 0.6421875 0.0203125 0.0296875
0 0.72109375 0.65234375 0.0203125 0.025
0 0.81875 0.659375 0.0203125 0.0296875
0 0.98203125 0.678125 0.0078125 0.0375
0 0.7296875 0.66015625 0.0203125 0.0296875
0 0.7921875 0.66484375 0.0203125 0.0296875
0 0.88515625 0.67109375 0.021875 0.0375
0 0.7484375 0.66640625 0.0203125 0.0296875
0 0.69765625 0.6671875 0.0203125 0.025
0 0.6671875 0.6671875 0.025 0.0296875
0 0.896875 0.68984375 0.0265625 0.0375
0 0.77734375 0.68125 0.025 0.0296875
0 0.6828125 0.6796875 0.025 0.0296875
0 0.6515625 0.6890625 0.0203125 0.0296875
0 0.484375 0.0671875 0.015625 0.0203125
0 0.6328125 0.6921875 0.0203125 0.0328125
0 0.47734375 0.6890625 0.0265625 0.0375
0 0.6 0.69765625 0.0265625 0.0421875
0 0.5484375 0.703125 0.0203125 0.025
0 0.23203125 0.68125 0.03125 0.04375
0 0.7671875 0.71875 0.0203125 0.0296875
0 0.67734375 0.72421875 0.0203125 0.0296875
0 0.68359375 0.7265625 0.025 0.0296875
0 0.50859375 0.71640625 0.0203125 0.025
0 0.65546875 0.72734375 0.0203125 0.025
0 0.4625 0.06796875 0.015625 0.0203125
0 0.84453125 0.746875 0.021875 0.0421875
0 0.5953125 0.73125 0.015625 0.0296875
0 0.55546875 0.73359375 0.0203125 0.0328125
0 0.58046875 0.7375 0.025 0.0296875
0 0.52734375 0.73359375 0.0109375 0.01875
0 0.4625 0.7359375 0.025 0.0328125
0 0.9453125 0.7703125 0.0265625 0.0421875
0 0.51328125 0.7421875 0.021875 0.0375
0 0.434375 0.7390625 0.025 0.0328125
0 0.53828125 0.7484375 0.03125 0.0390625
0 0.62109375 0.75703125 0.0203125 0.0328125
0 0.65546875 0.76171875 0.0203125 0.0296875
0 0.51796875 0.0765625 0.015625 0.025
0 0.8328125 0.7765625 0.025 0.025
0 0.48671875 0.7546875 0.025 0.0328125
0 0.5015625 0.07578125 0.015625 0.0203125
0 0.68984375 0.78046875 0.021875 0.0375
0 0.534375 0.078125 0.0109375 0.0140625
0 0.84296875 0.80078125 0.025 0.0296875
0 0.41875 0.77109375 0.015625 0.015625
0 0.7203125 0.796875 0.025 0.0328125
0 0.43671875 0.78046875 0.015625 0.025
0 0.40390625 0.78046875 0.025 0.0296875
0 0.5953125 0.7984375 0.03125 0.04375
0 0.42421875 0.7890625 0.015625 0.0203125
0 0.3546875 0.78671875 0.0203125 0.0296875
0 0.32890625 0.78515625 0.0203125 0.0328125
0 0.49296875 0.7984375 0.021875 0.0375
0 0.678125 0.8140625 0.0265625 0.0421875
0 0.7421875 0.82109375 0.025 0.0296875
0 0.365625 0.79453125 0.0265625 0.0375
0 0.38828125 0.7984375 0.0265625 0.0421875
0 0.48515625 0.8171875 0.015625 0.0296875
0 0.40859375 0.8140625 0.0265625 0.0421875
0 0.27578125 0.8140625 0.025 0.0328125
0 0.5109375 0.83515625 0.03125 0.0390625
0 0.33125 0.82265625 0.0265625 0.0375
0 0.30859375 0.8234375 0.0203125 0.0328125
0 0.93828125 0.86953125 0.03125 0.04375
0 0.24453125 0.8390625 0.0265625 0.0375
0 0.8125 0.8859375 0.03125 0.04375
0 0.19296875 0.8453125 0.0265625 0.0375
0 0.22734375 0.84765625 0.0265625 0.0421875
0 0.28046875 0.853125 0.0203125 0.0296875
0 0.18671875 0.065625 0.015625 0.025
0 0.2984375 0.85703125 0.0265625 0.0375
0 0.33984375 0.8625 0.0203125 0.0296875
0 0.48984375 0.08671875 0.015625 0.0203125
0 0.21484375 0.85859375 0.015625 0.0328125
0 0.41796875 0.87734375 0.0265625 0.0375
0 0.4875 0.88203125 0.021875 0.0375
0 0.40859375 0.08359375 0.015625 0.015625
0 0.04765625 0.8609375 0.0265625 0.0421875
0 0.31953125 0.88203125 0.0265625 0.0375
0 0.14453125 0.86953125 0.021875 0.0375
0 0.2734375 0.8859375 0.021875 0.0421875
0 0.3421875 0.89296875 0.025 0.025
0 0.29140625 0.8921875 0.0171875 0.0375
0 0.1109375 0.89453125 0.03125 0.0390625
0 0.17265625 0.89921875 0.021875 0.0375
0 0.53046875 0.09375 0.00625 0.0140625
0 0.246875 0.90703125 0.0265625 0.0421875
0 0.4890625 0.9234375 0.0203125 0.0328125
0 0.90625 0.9671875 0.03125 0.0390625
0 0.33515625 0.9296875 0.0265625 0.0421875
0 0.20078125 0.92265625 0.025 0.0328125
0 0.03203125 0.91796875 0.0265625 0.0375
0 0.475 0.0921875 0.0109375 0.0140625
0 0.509375 0.096875 0.00625 0.0140625
0 0.0078125 0.92734375 0.015625 0.0421875
0 0.08828125 0.94453125 0.03125 0.04375
0 0.28359375 0.08046875 0.015625 0.015625
0 0.96953125 0.12890625 0.015625 0.025
0 0.034375 0.95 0.034375 0.0296875
0 0.159375 0.96328125 0.0328125 0.025
0 0.10625 0.96171875 0.0296875 0.015625
0 0.3265625 0.08828125 0.0109375 0.0140625
0 0.49921875 0.103125 0.0109375 0.01875
0 0.46796875 0.10078125 0.0109375 0.0140625
0 0.33125 0.09375 0.0109375 0.01875
0 0.3171875 0.0921875 0.015625 0.025
0 0.52734375 0.10703125 0.0109375 0.01875
0 0.29765625 0.0015625 0.0109375 0.003125
0 0.48359375 0.10625 0.015625 0.0203125
0 0.24609375 0.0921875 0.015625 0.025
0 0.51328125 0.11328125 0.015625 0.025
0 0.45234375 0.1140625 0.0109375 0.0140625
0 0.0328125 0.084375 0.0109375 0.01875
0 0.40390625 0.00546875 0.0109375 0.0109375
0 0.4640625 0.121875 0.0109375 0.01875
0 0.15703125 0.1 0.0109375 0.01875
0 0.31796875 0.11171875 0.0109375 0.01875
0 0.5140625 0.1296875 0.009375 0.009375
0 0.44921875 0.1296875 0.0109375 0.0140625
0 0.5 0.13359375 0.0109375 0.0140625
0 0.77890625 0.1578125 0.015625 0.0203125
0 0.48828125 0.13984375 0.0109375 0.01875
0 0.4140625 0.134375 0.0109375 0.01875
0 0.690625 0.15390625 0.015625 0.0203125
0 0.26640625 0.1265625 0.015625 0.025
0 0.50625 0.14296875 0.00625 0.0140625
0 0.44375 0.14140625 0.00625 0.0140625
0 0.51328125 0.14609375 0.00625 0.0140625
0 0.46953125 0.1453125 0.0109375 0.0140625
0 0.4359375 0.1453125 0.0109375 0.0140625
0 0.240625 0.134375 0.015625 0.0203125
0 0.8703125 0.178125 0.015625 0.015625
0 0.42734375 0.146875 0.015625 0.0203125
0 0.96796875 0.18515625 0.015625 0.0203125
0 0.55 0.01875 0.0109375 0.0140625
0 0.9421875 0.04609375 0.015625 0.015625
0 0.45703125 0.153125 0.015625 0.0203125
0 0.22109375 0.1390625 0.015625 0.0203125
0 0.91640625 0.18984375 0.015625 0.0203125
0 0.39375 0.15546875 0.009375 0.009375
0 0.41015625 0.15703125 0.0109375 0.0140625
0 0.99296875 0.196875 0.0140625 0.025
0 0.36796875 0.15625 0.0140625 0.0109375
0 0.49140625 0.16484375 0.0109375 0.0140625
0 0.45 0.01171875 0.015625 0.0203125
0 0.4703125 0.165625 0.015625 0.015625
0 0.86640625 0.19609375 0.015625 0.0203125
0 0.95703125 0.2046875 0.015625 0.025
0 0.94296875 0.20625 0.015625 0.025
0 0.7234375 0.1953125 0.015625 0.0203125
0 0.771875 0.1984375 0.015625 0.0203125
0 0.7921875 0.20234375 0.015625 0.0203125
0 0.86171875 0.209375 0.015625 0.0203125
0 0.20078125 0.16328125 0.015625 0.0203125
0 0.9921875 0.21796875 0.015625 0.0203125
0 0.1890625 0.16484375 0.015625 0.0203125
0 0.91171875 0.2203125 0.015625 0.025
0 0.89765625 0.21953125 0.0140625 0.0109375
0 0.24140625 0.17578125 0.015625 0.025
0 0.21640625 0.17421875 0.0203125 0.0203125
0 0.36484375 0.01015625 0.0109375 0.01875
0 0.92421875 0.04921875 0.015625 0.015625
0 0.21328125 0.18984375 0.0203125 0.0296875
0 0.56484375 0.0265625 0.0203125 0.0203125
0 0.5359375 0.025 0.0109375 0.0140625
0 0.025 0.1953125 0.0109375 0.01875
0 0.06484375 0.2140625 0.0203125 0.0296875
0 0.02578125 0.21640625 0.015625 0.025
0 0.10625 0.2265625 0.0109375 0.0234375
0 0.1453125 0.22890625 0.0203125 0.025
0 0.096875 0.228125 0.0109375 0.01875
0 0.953125 0.05859375 0.015625 0.0203125
0 0.240625 0.259375 0.0109375 0.01875
0 0.21953125 0.26875 0.015625 0.0296875
0 0.3703125 0.29375 0.015625 0.0203125
0 0.18125 0.28046875 0.015625 0.0203125
0 0.2359375 0.28671875 0.015625 0.025
0 0.10546875 0.27734375 0.0203125 0.025