0 0.59765625 0.28515625 0.0296875 0.040625
0 0.33671875 0.3625 0.0234375 0.03125
0 0.54453125 0.3265625 0.0234375 0.03125
0 0.421875 0.353125 0.0359375 0.05
0 0.09765625 0.41796875 0.0375 0.0546875
0 0.19375 0.4015625 0.03125 0.0453125
0 0.00390625 0.43984375 0.0078125 0.0546875
0 0.440625 0.35546875 0.025 0.034375
0 0.35078125 0.37578125 0.0296875 0.0359375
0 0.26953125 0.39375 0.034375 0.0421875
0 0.2078125 0.40546875 0.0265625 0.04375
0 0.41015625 0.36640625 0.0296875 0.040625
0 0.5 0.3515625 0.025 0.034375
0 0.58359375 0.33515625 0.0296875 0.040625
0 0.625 0.3265625 0.0359375 0.05
0 0.17109375 0.4203125 0.0390625 0.046875
0 0.79140625 0.29921875 0.025 0.034375
0 0.92109375 0.2765625 0.0296875 0.040625
0 0.471875 0.36640625 0.0296875 0.040625
0 0.60234375 0.34765625 0.03125 0.0453125
0 0.5359375 0.3703125 0.025 0.034375
0 0.04765625 0.47734375 0.0359375 0.0453125
0 0.70859375 0.3609375 0.025 0.034375
0 0.93515625 0.3234375 0.0296875 0.040625
0 0.75 0.3640625 0.0234375 0.03125
0 0.88515625 0.34921875 0.0359375 0.0453125
0 0.80234375 0.3703125 0.04375 0.04375
0 0.82734375 0.36796875 0.0375 0.0546875
0 0.721875 0.39296875 0.0359375 0.05
0 0.66953125 0.41328125 0.040625 0.0515625
0 0.58828125 0.4359375 0.01875 0.025
0 0.76953125 0.41015625 0.0359375 0.05
0 0.94609375 0.378125 0.0453125 0.0515625
0 0.55078125 0.4578125 0.01875 0.025
0 0.4890625 0.46953125 0.034375 0.0421875
0 0.74375 0.43125 0.0359375 0.05
0 0.803125 0.421875 0.05625 0.0625
0 0.4703125 0.49609375 0.0375 0.034375
0 0.2828125 0.53515625 0.0453125 0.05625
0 0.3921875 0.51640625 0.0375 0.0375
0 0.56796875 0.48671875 0.0375 0.059375
0 0.87109375 0.4328125 0.05 0.053125
0 0.590625 0.48984375 0.0484375 0.0703125
0 0.4453125 0.5203125 0.0375 0.0546875
0 0.5390625 0.50703125 0.040625 0.05625
0 0.67421875 0.48515625 0.040625 0.05625
0 0.26015625 0.565625 0.0546875 0.059375
0 0.3390625 0.5578125 0.0484375 0.0484375
0 0.46953125 0.534375 0.046875 0.0609375
0 0.7328125 0.4875 0.0359375 0.0453125
0 0.175 0.60078125 0.06875 0.0609375
0 0.42578125 0.55390625 0.0484375 0.0703125
0 0.96640625 0.45390625 0.0671875 0.0828125
0 0.3921875 0.565625 0.053125 0.071875
0 0.0671875 0.62890625 0.065625 0.0703125
0 0.784375 0.50390625 0.0515625 0.0671875
0 0.8484375 0.49375 0.053125 0.071875
0 0.65546875 0.54765625 0.065625 0.0921875
0 0.36015625 0.60546875 0.05625 0.0625
0 0.2828125 0.6203125 0.0578125 0.071875
0 0.04296875 0.68359375 0.04375 0.0703125
0 0.7546875 0.54921875 0.0546875 0.08125
0 0.203125 0.65859375 0.0734375 0.084375
0 0.5359375 0.59921875 0.0484375 0.0703125
0 0.58515625 0.596875 0.0578125 0.0765625
0 0.6578125 0.60625 0.0625 0.0734375
0 0.36796875 0.68125 0.053125 0.071875
0 0.97421875 0.5671875 0.0515625 0.10625
0 0.103125 0.7375 0.084375 0.121875
0 0.4984375 0.66015625 0.059375 0.08125
0 0.26484375 0.72265625 0.0765625 0.0984375
0 0.9125 0.59609375 0.0875 0.1125
0 0.65078125 0.65703125 0.0546875 0.0765625
0 0.5609375 0.6765625 0.065625 0.0921875
0 0.69609375 0.65078125 0.065625 0.065625
0 0.4390625 0.70546875 0.05625 0.090625
0 0.81953125 0.640625 0.0515625 0.0890625
0 0.77421875 0.66171875 0.0765625 0.0984375
0 0.40625 0.7328125 0.0796875 0.115625
0 0.98671875 0.66171875 0.0265625 0.1328125
0 0.31796875 0.8 0.0734375 0.10625
0 0.90859375 0.696875 0.1 0.128125
0 0.09453125 0.86875 0.0890625 0.14375
0 0.6984375 0.7796875 0.1265625 0.18125
0 0.271875 0.8890625 0.0890625 0.121875
0 0.56484375 0.84765625 0.1296875 0.1703125
0 0.44375 0.9375 0.1 0.125