0 0.21328125 0.06015625 0.0625 0.0625
0 0.03359375 0.08203125 0.0671875 0.0625
0 0.91796875 0.25703125 0.09375 0.1390625
0 0.43671875 0.3234375 0.084375 0.128125
0 0.246875 0.3765625 0.090625 0.10625
0 0.77109375 0.31484375 0.09375 0.1296875
0 0.4671875 0.0375 0.06875 0.075
0 0.02890625 0.43984375 0.0578125 0.1546875
0 0.36796875 0.434375 0.08125 0.1140625
0 0.50390625 0.45546875 0.0953125 0.1109375
0 0.1234375 0.509375 0.08125 0.109375
0 0.63046875 0.46015625 0.0890625 0.128125
0 0.21484375 0.5671875 0.1015625 0.125
0 0.61484375 0.05078125 0.0828125 0.1015625
0 0.47890625 0.5890625 0.103125 0.134375
0 0.059375 0.65625 0.09375 0.134375
0 0.97578125 0.5734375 0.0484375 0.134375
0 0.6703125 0.62890625 0.1078125 0.140625
0 0.8578125 0.73359375 0.0890625 0.1375
0 0.3875 0.82421875 0.09375 0.1296875
0 0.13515625 0.86875 0.1015625 0.125
0 0.609375 0.83828125 0.075 0.1265625
0 0.753125 0.84921875 0.0796875 0.1359375
0 0.30078125 0.92578125 0.09375 0.1390625
0 0.78671875 0.05625 0.0625 0.10625
0 0.9234375 0.05390625 0.05625 0.1078125
0 0.4671875 0.1359375 0.0765625 0.1046875
0 0.3359375 0.1703125 0.08125 0.1140625
0 0.57109375 0.1671875 0.0734375 0.1125
0 0.7 0.15546875 0.078125 0.11875
0 0.82890625 0.1421875 0.09375 0.1296875
0 0.02890625 0.2640625 0.0578125 0.134375
0 0.14765625 0.25234375 0.08125 0.1046875
0 0.7 0.015625 0.0625 0.03125