0 0.53984375 0.34453125 0.00625 0.01875
0 0.5609375 0.34765625 0.0109375 0.0234375
0 0.57265625 0.3484375 0.0109375 0.01875
0 0.55390625 0.3515625 0.009375 0.0140625
0 0.48671875 0.353125 0.009375 0.0140625
0 0.58359375 0.36015625 0.009375 0.009375
0 0.58828125 0.36796875 0.009375 0.0140625
0 0.6796875 0.3890625 0.0109375 0.01875
0 0.36015625 0.37421875 0.009375 0.009375
0 0.36953125 0.375 0.009375 0.009375
0 0.3578125 0.37890625 0.0046875 0.009375
0 0.6671875 0.3953125 0.0109375 0.01875
0 0.3765625 0.38515625 0.009375 0.009375
0 0.67578125 0.42109375 0.0109375 0.01875
0 0.23828125 0.40234375 0.009375 0.0140625
0 0.178125 0.39921875 0.0046875 0.0140625
0 0.8 0.4390625 0.009375 0.0140625
0 0.2015625 0.41015625 0.009375 0.0140625
0 0.834375 0.4453125 0.0046875 0.009375
0 0.71640625 0.4390625 0.009375 0.0140625
0 0.2421875 0.4171875 0.009375 0.0140625
0 0.19140625 0.4140625 0.009375 0.0140625
0 0.8296875 0.45 0.009375 0.0140625
0 0.2703125 0.4203125 0.0046875 0.0140625
0 0.81328125 0.45390625 0.009375 0.0140625
0 0.17265625 0.42265625 0.0046875 0.0140625
0 0.334375 0.43125 0.00625 0.01875
0 0.759375 0.45546875 0.009375 0.009375
0 0.190625 0.43046875 0.009375 0.0140625
0 0.76171875 0.4625 0.0046875 0.009375
0 0.378125 0.44296875 0.0109375 0.01875
0 0.17890625 0.43203125 0.0109375 0.01875
0 0.27890625 0.43984375 0.009375 0.0140625
0 0.26953125 0.4390625 0.009375 0.0140625
0 0.73828125 0.46875 0.009375 0.0140625
0 0.384375 0.45234375 0.0046875 0.0140625
0 0.27109375 0.4515625 0.0046875 0.009375
0 0.23359375 0.4515625 0.0046875 0.0140625
0 0.8734375 0.4875 0.0109375 0.01875
0 0.8390625 0.4875 0.0109375 0.01875
0 0.16328125 0.45625 0.0109375 0.01875
0 0.2421875 0.4609375 0.0046875 0.009375
0 0.19140625 0.4578125 0.0046875 0.0140625
0 0.86171875 0.4953125 0.009375 0.0140625
0 0.38125 0.47265625 0.009375 0.0140625
0 0.25390625 0.46796875 0.009375 0.0140625
0 0.21953125 0.46640625 0.009375 0.0140625
0 0.2421875 0.4703125 0.0046875 0.0140625
0 0.85390625 0.50234375 0.009375 0.0140625
0 0.11015625 0.46328125 0.009375 0.009375
0 0.10078125 0.46484375 0.0109375 0.01875
0 0.225 0.4765625 0.009375 0.0140625
0 0.11171875 0.4703125 0.0046875 0.009375
0 0.24140625 0.484375 0.009375 0.0140625
0 0.88359375 0.51796875 0.009375 0.0140625
0 0.93671875 0.5203125 0.009375 0.0140625
0 0.16875 0.48515625 0.009375 0.009375
0 0.1484375 0.48359375 0.0046875 0.009375
0 0.22421875 0.48828125 0.0109375 0.01875
0 0.2734375 0.49296875 0.0109375 0.01875
0 0.81640625 0.52109375 0.0109375 0.01875
0 0.18984375 0.490625 0.0109375 0.01875
0 0.8625 0.52578125 0.0109375 0.01875
0 0.46875 0.5078125 0.0046875 0.009375
0 0.08125 0.48984375 0.0109375 0.01875
0 0.290625 0.503125 0.0109375 0.01875
0 0.4671875 0.5125 0.009375 0.0140625
0 0.65234375 0.521875 0.0109375 0.01875
0 0.7421875 0.5265625 0.0109375 0.01875
0 0.12734375 0.496875 0.0109375 0.01875
0 0.80625 0.5328125 0.0109375 0.01875
0 0.22578125 0.5046875 0.00625 0.01875
0 0.309375 0.50859375 0.0109375 0.01875
0 0.9453125 0.5421875 0.0109375 0.01875
0 0.68359375 0.53046875 0.0109375 0.01875
0 0.82734375 0.540625 0.0109375 0.01875
0 0.246875 0.51015625 0.0046875 0.0140625
0 0.99140625 0.54921875 0.00625 0.028125
0 0.19609375 0.5125 0.0046875 0.0140625
0 0.16015625 0.5140625 0.009375 0.0140625
0 0.396875 0.5265625 0.0109375 0.01875
0 0.590625 0.54140625 0.0109375 0.01875
0 0.52109375 0.540625 0.0109375 0.01875
0 0.875 0.55859375 0.009375 0.0140625
0 0.03515625 0.51484375 0.009375 0.0140625
0 0.79609375 0.55703125 0.0109375 0.01875
0 0.9390625 0.5671875 0.009375 0.0140625
0 0.30078125 0.5359375 0.0109375 0.01875
0 0.7375 0.55859375 0.0109375 0.01875
0 0.02578125 0.52578125 0.0109375 0.01875
0 0.72109375 0.56484375 0.0109375 0.01875
0 0.0140625 0.528125 0.009375 0.0140625
0 0.85546875 0.571875 0.009375 0.0140625
0 0.809375 0.571875 0.0109375 0.01875
0 0.86015625 0.57421875 0.0109375 0.01875
0 0.88046875 0.578125 0.009375 0.0140625
0 0.20546875 0.54453125 0.0140625 0.0140625
0 0.01640625 0.5375 0.009375 0.0140625
0 0.7046875 0.5734375 0.0109375 0.01875
0 0.0671875 0.53984375 0.0109375 0.01875
0 0.796875 0.578125 0.009375 0.0140625
0 0.6765625 0.5765625 0.0109375 0.01875
0 0.95234375 0.590625 0.0109375 0.01875
0 0.6421875 0.575 0.0109375 0.01875
0 0.87578125 0.59140625 0.0109375 0.01875
0 0.709375 0.58515625 0.0109375 0.01875
0 0.40546875 0.5765625 0.0109375 0.01875
0 0.740625 0.5984375 0.015625 0.01875
0 0.821875 0.60546875 0.0109375 0.01875
0 0.471875 0.5890625 0.009375 0.0140625
0 0.2171875 0.57578125 0.0109375 0.01875
0 0.22421875 0.5765625 0.015625 0.01875
0 0.31015625 0.584375 0.015625 0.01875
0 0.3421875 0.58671875 0.015625 0.01875
0 0.409375 0.58984375 0.0109375 0.01875
0 0.93671875 0.61953125 0.015625 0.0234375
0 0.00703125 0.57109375 0.0109375 0.01875
0 0.04375 0.57578125 0.0109375 0.028125
0 0.78359375 0.61640625 0.015625 0.01875
0 0.79765625 0.61953125 0.0109375 0.01875
0 0.453125 0.60390625 0.0109375 0.01875
0 0.65078125 0.61875 0.0109375 0.01875
0 0.84765625 0.63203125 0.0109375 0.01875
0 0.709375 0.62421875 0.0109375 0.0234375
0 0.775 0.6421875 0.015625 0.028125
0 0.24609375 0.61640625 0.00625 0.01875
0 0.16953125 0.6125 0.0109375 0.01875
0 0.85625 0.65078125 0.0109375 0.01875
0 0.22734375 0.61796875 0.00625 0.01875
0 0.2578125 0.61953125 0.015625 0.01875
0 0.18359375 0.61796875 0.0109375 0.01875
0 0.3171875 0.625 0.015625 0.0234375
0 0.3796875 0.628125 0.015625 0.0234375
0 0.0953125 0.615625 0.0109375 0.0234375
0 0.01484375 0.61171875 0.009375 0.0140625
0 0.03671875 0.61484375 0.015625 0.028125
0 0.00625 0.6171875 0.0125 0.01875
0 0.2171875 0.62890625 0.015625 0.01875
0 0.196875 0.6328125 0.015625 0.0234375
0 0.940625 0.67421875 0.0109375 0.01875
0 0.18203125 0.634375 0.0109375 0.01875
0 0.33671875 0.6421875 0.015625 0.0234375
0 0.7109375 0.66796875 0.015625 0.01875
0 0.34375 0.64921875 0.015625 0.01875
0 0.2703125 0.64765625 0.015625 0.01875
0 0.0734375 0.6421875 0.015625 0.0234375
0 0.25078125 0.65859375 0.015625 0.0234375
0 0.17421875 0.65859375 0.015625 0.0234375
0 0.1953125 0.6625 0.00625 0.01875
0 0.09296875 0.65703125 0.0109375 0.01875
0 0.1640625 0.6703125 0.015625 0.0234375
0 0.72109375 0.7015625 0.015625 0.028125
0 0.68671875 0.70234375 0.015625 0.028125
0 0.20625 0.67734375 0.015625 0.0234375
0 0.86171875 0.7140625 0.015625 0.0234375
0 0.74375 0.71015625 0.0109375 0.0234375
0 0.15859375 0.67890625 0.015625 0.01875
0 0.1796875 0.68046875 0.015625 0.01875
0 0.246875 0.6859375 0.015625 0.01875
0 0.19140625 0.68359375 0.015625 0.028125
0 0.77578125 0.7140625 0.015625 0.0234375
0 0.815625 0.7234375 0.015625 0.0234375
0 0.11640625 0.69609375 0.015625 0.028125
0 0.36640625 0.70859375 0.015625 0.0234375
0 0.571875 0.7234375 0.0109375 0.028125
0 0.79296875 0.73984375 0.015625 0.0234375
0 0.6515625 0.7375 0.015625 0.028125
0 0.9796875 0.759375 0.015625 0.0234375
0 0.40390625 0.73125 0.0109375 0.01875
0 0.44140625 0.73515625 0.015625 0.0234375
0 0.2125 0.7234375 0.015625 0.0234375
0 0.6890625 0.7484375 0.0109375 0.028125
0 0.3 0.7328125 0.015625 0.0328125
0 0.121875 0.7234375 0.015625 0.028125
0 0.86640625 0.76953125 0.015625 0.028125
0 0.203125 0.7375 0.015625 0.0234375
0 0.23203125 0.740625 0.015625 0.028125
0 0.171875 0.73984375 0.0203125 0.0296875
0 0.09765625 0.7359375 0.015625 0.028125
0 0.44296875 0.75703125 0.0109375 0.0234375
0 0.8328125 0.77734375 0.015625 0.0234375
0 0.77734375 0.77421875 0.015625 0.0234375
0 0.04921875 0.73828125 0.015625 0.0328125
0 0.00390625 0.73984375 0.0078125 0.0328125
0 0.74765625 0.7796875 0.015625 0.0234375
0 0.52265625 0.775 0.015625 0.0328125
0 0.4921875 0.778125 0.0203125 0.0296875
0 0.8640625 0.8109375 0.015625 0.028125
0 0.33125 0.79453125 0.0203125 0.0328125
0 0.56796875 0.80703125 0.0203125 0.0375
0 0.3546875 0.80078125 0.015625 0.0328125
0 0.08359375 0.79375 0.015625 0.028125
0 0.64453125 0.825 0.015625 0.0328125
0 0.196875 0.80390625 0.0203125 0.0296875
0 0.66796875 0.83125 0.0203125 0.0296875
0 0.71171875 0.840625 0.015625 0.028125
0 0.59296875 0.84609375 0.0203125 0.0296875
0 0.959375 0.88046875 0.015625 0.0328125
0 0.8203125 0.89453125 0.015625 0.028125
0 0.04296875 0.865625 0.015625 0.0375
0 0.7109375 0.90078125 0.0203125 0.0328125
0 0.4171875 0.88984375 0.0203125 0.0328125
0 0.303125 0.89375 0.0203125 0.0328125
0 0.02734375 0.9390625 0.0203125 0.0296875
0 0.22265625 0.228125 0.0046875 0.0140625
0 0.4046875 0.23984375 0.009375 0.0140625
0 0.33046875 0.2359375 0.009375 0.009375
0 0.265625 0.23515625 0.0046875 0.009375
0 0.2953125 0.23671875 0.0046875 0.0140625
0 0.41171875 0.24296875 0.009375 0.0140625
0 0.284375 0.2359375 0.0046875 0.009375
0 0.35390625 0.2421875 0.009375 0.009375
0 0.14765625 0.2359375 0.0046875 0.009375
0 0.35625 0.246875 0.0046875 0.009375
0 0.19609375 0.240625 0.0046875 0.0046875
0 0.5265625 0.26015625 0.0046875 0.0140625
0 0.29140625 0.2484375 0.0046875 0.0140625
0 0.2125 0.24375 0.0046875 0.0140625
0 0.5703125 0.2625 0.009375 0.009375
0 0.58671875 0.26328125 0.009375 0.0140625
0 0.18203125 0.2421875 0.0046875 0.0140625
0 0.2703125 0.246875 0.0046875 0.0140625
0 0.15 0.240625 0.0046875 0.009375
0 0.265625 0.246875 0.0046875 0.009375
0 0.1546875 0.240625 0.0046875 0.009375
0 0.49609375 0.2609375 0.0046875 0.0140625
0 0.78515625 0.2765625 0.009375 0.0140625
0 0.1703125 0.24375 0.0046875 0.0140625
0 0.17734375 0.24453125 0.0046875 0.009375
0 0.209375 0.24609375 0.0046875 0.0140625
0 0.30625 0.2515625 0.00625 0.01875
0 0.20234375 0.2484375 0.0046875 0.0140625
0 0.36875 0.25703125 0.0046875 0.0140625
0 0.696875 0.27421875 0.009375 0.0140625
0 0.8796875 0.28359375 0.0046875 0.009375
0 0.1609375 0.24609375 0.0046875 0.0140625
0 0.25078125 0.25078125 0.0046875 0.0140625
0 0.23671875 0.25 0.009375 0.0140625
0 0.903125 0.28515625 0.009375 0.0140625
0 0.3203125 0.2546875 0.0046875 0.009375
0 0.68984375 0.2734375 0.0109375 0.01875
0 0.47578125 0.2625 0.009375 0.0140625
0 0.8546875 0.28203125 0.009375 0.0140625
0 0.378125 0.259375 0.0046875 0.009375
0 0.53359375 0.26796875 0.0046875 0.009375
0 0.14453125 0.24765625 0.0109375 0.01875
0 0.35546875 0.25859375 0.0046875 0.009375
0 0.75 0.27890625 0.009375 0.009375
0 0.6296875 0.275 0.009375 0.009375
0 0.73125 0.28046875 0.009375 0.0140625
0 0.4515625 0.26796875 0.0109375 0.01875
0 0.80078125 0.28671875 0.0046875 0.009375
0 0.1953125 0.2546875 0.00625 0.01875
0 0.45859375 0.2734375 0.0109375 0.01875
0 0.278125 0.2640625 0.0046875 0.0140625
0 0.4859375 0.275 0.0109375 0.01875
0 0.1140625 0.2578125 0.009375 0.0046875
0 0.528125 0.27890625 0.009375 0.0140625
0 0.15078125 0.26171875 0.009375 0.0140625
0 0.36796875 0.275 0.0046875 0.009375
0 0.090625 0.26015625 0.009375 0.0140625
0 0.0953125 0.26015625 0.009375 0.0140625
0 0.13203125 0.2625 0.009375 0.0140625
0 0.24296875 0.26796875 0.009375 0.0140625
0 0.1109375 0.26171875 0.009375 0.0140625
0 0.3171875 0.271875 0.0046875 0.0140625
0 0.1734375 0.26484375 0.0046875 0.0140625
0 0.28984375 0.2734375 0.0046875 0.0140625
0 0.28515625 0.27265625 0.0046875 0.009375
0 0.23828125 0.2703125 0.009375 0.0140625
0 0.31015625 0.27421875 0.009375 0.0140625
0 0.33828125 0.27578125 0.009375 0.0046875
0 0.93203125 0.30703125 0.009375 0.009375
0 0.42578125 0.28046875 0.0046875 0.0140625
0 0.37734375 0.2796875 0.009375 0.0140625
0 0.12734375 0.2671875 0.0046875 0.0140625
0 0.26640625 0.27421875 0.0046875 0.0140625
0 0.84453125 0.3046875 0.009375 0.0140625
0 0.1828125 0.26953125 0.0046875 0.0140625
0 0.92734375 0.30859375 0.0109375 0.01875
0 0.35 0.27890625 0.009375 0.009375
0 0.76328125 0.3 0.009375 0.0140625
0 0.7796875 0.303125 0.009375 0.0140625
0 0.95703125 0.3125 0.009375 0.0140625
0 0.409375 0.28671875 0.009375 0.009375
0 0.73515625 0.303125 0.009375 0.0140625
0 0.42265625 0.2890625 0.009375 0.009375
0 0.54765625 0.29609375 0.0109375 0.01875
0 0.49453125 0.29296875 0.009375 0.0140625
0 0.51953125 0.29921875 0.00625 0.01875
0 0.46640625 0.31015625 0.009375 0.0140625
0 0.54140625 0.3234375 0.0046875 0.009375
0 0.56484375 0.32734375 0.0046875 0.0140625
0 0.56875 0.3390625 0.0046875 0.009375