0 0.83125 0.034375 0.028125 0.0328125
0 0.41796875 0.11484375 0.0296875 0.040625
0 0.65703125 0.07109375 0.034375 0.0421875
0 0.62109375 0.078125 0.028125 0.028125
0 0.23515625 0.15546875 0.0296875 0.0359375
0 0.8578125 0.03671875 0.025 0.0390625
0 0.0046875 0.2046875 0.009375 0.0375
0 0.3453125 0.14296875 0.01875 0.025
0 0.709375 0.07265625 0.034375 0.0375
0 0.8828125 0.04140625 0.0328125 0.0328125
0 0.18828125 0.18125 0.0296875 0.0359375
0 0.02265625 0.215625 0.0296875 0.040625
0 0.14296875 0.1921875 0.0296875 0.0359375
0 0.76171875 0.07421875 0.034375 0.0375
0 0.2546875 0.17265625 0.028125 0.0328125
0 0.6375 0.10078125 0.034375 0.0375
0 0.82890625 0.06640625 0.0296875 0.0359375
0 0.29453125 0.1703125 0.0296875 0.0359375
0 0.22109375 0.184375 0.0296875 0.0359375
0 0.32890625 0.16328125 0.0296875 0.0359375
0 0.5328125 0.1234375 0.0359375 0.05
0 0.7921875 0.07578125 0.0265625 0.0234375
0 0.40859375 0.15234375 0.0296875 0.0359375
0 0.91171875 0.05703125 0.01875 0.0296875
0 0.36640625 0.165625 0.028125 0.0328125
0 0.28515625 0.1859375 0.0296875 0.0359375
0 0.85625 0.07734375 0.0296875 0.0359375
0 0.25 0.1953125 0.028125 0.028125
0 0.33203125 0.18125 0.0328125 0.0328125
0 0.16015625 0.0734375 0.0296875 0.0359375
0 0.89375 0.07421875 0.034375 0.0375
0 0.11640625 0.22734375 0.034375 0.0375
0 0.196875 0.21171875 0.025 0.01875
0 0.7921875 0.10078125 0.0328125 0.0328125
0 0.090625 0.2375 0.0265625 0.0484375
0 0.73828125 0.11171875 0.0453125 0.0515625
0 0.68671875 0.12421875 0.034375 0.0421875
0 0.13125 0.07890625 0.0296875 0.0359375
0 0.453125 0.171875 0.0421875 0.0390625
0 0.28046875 0.20546875 0.0296875 0.0359375
0 0.234375 0.2140625 0.0328125 0.028125
0 0.82578125 0.1015625 0.0359375 0.0453125
0 0.06875 0.2484375 0.0234375 0.0265625
0 0.14921875 0.23515625 0.0296875 0.0359375
0 0.0171875 0.2609375 0.034375 0.0375
0 0.53984375 0.16171875 0.0390625 0.046875
0 0.19765625 0.22890625 0.0296875 0.040625
0 0.4046875 0.18828125 0.0296875 0.0359375
0 0.3203125 0.20703125 0.0296875 0.040625
0 0.59765625 0.153125 0.0359375 0.0453125
0 0.6609375 0.140625 0.0359375 0.0453125
0 0.625 0.15 0.034375 0.0375
0 0.784375 0.121875 0.0328125 0.0328125
0 0.1828125 0.240625 0.0296875 0.0359375
0 0.05390625 0.26875 0.025 0.034375
0 0.12890625 0.25390625 0.0265625 0.0234375
0 0.09453125 0.08828125 0.01875 0.0296875
0 0.92265625 0.1015625 0.025 0.0390625
0 0.72578125 0.1453125 0.034375 0.0375
0 0.3921875 0.2125 0.0296875 0.0359375
0 0.23359375 0.2453125 0.028125 0.028125
0 0.8671875 0.121875 0.03125 0.0453125
0 0.51328125 0.19140625 0.034375 0.0421875
0 0.18359375 0.2578125 0.03125 0.0234375
0 0.07734375 0.28046875 0.0390625 0.0421875
0 0.56640625 0.1875 0.034375 0.0421875
0 0.13984375 0.27109375 0.0375 0.0375
0 0.43984375 0.21484375 0.0359375 0.0453125
0 0.296875 0.2453125 0.0390625 0.0421875
0 0.77890625 0.1515625 0.0375 0.0375
0 0.0046875 0.30546875 0.009375 0.0421875
0 0.2453125 0.259375 0.028125 0.0328125
0 0.6640625 0.18203125 0.04375 0.046875
0 0.33125 0.24921875 0.0296875 0.0359375
0 0.19765625 0.278125 0.04375 0.04375
0 0.0359375 0.309375 0.034375 0.0421875
0 0.6203125 0.19765625 0.028125 0.0328125
0 0.7140625 0.1796875 0.0296875 0.040625
0 0.82109375 0.16171875 0.034375 0.0421875
0 0.1953125 0.0734375 0.0265625 0.0234375
0 0.8875 0.15078125 0.034375 0.0421875
0 0.38359375 0.25390625 0.04375 0.04375
0 0.74609375 0.18828125 0.0390625 0.046875
0 0.21640625 0.071875 0.0234375 0.03125
0 0.14375 0.3046875 0.034375 0.0375
0 0.48671875 0.23828125 0.0390625 0.046875
0 0.11875 0.3125 0.034375 0.0421875
0 0.7984375 0.18046875 0.0453125 0.0515625
0 0.2671875 0.2859375 0.0390625 0.046875
0 0.85703125 0.18046875 0.040625 0.0296875
0 0.2296875 0.31015625 0.0390625 0.046875
0 0.3796875 0.28046875 0.0328125 0.028125
0 0.00625 0.115625 0.0125 0.0125
0 0.06015625 0.1046875 0.0234375 0.0265625
0 0.29609375 0.05859375 0.028125 0.0328125
0 0.17734375 0.31953125 0.0390625 0.046875
0 0.31484375 0.30234375 0.034375 0.0421875
0 0.075 0.3515625 0.034375 0.0421875
0 0.91640625 0.190625 0.0359375 0.05
0 0.1265625 0.35078125 0.0296875 0.0359375
0 0.4375 0.28984375 0.0375 0.0375
0 0.76328125 0.22890625 0.0359375 0.0453125
0 0.58203125 0.26640625 0.0359375 0.0296875
0 0.8234375 0.22265625 0.0390625 0.046875
0 0.89140625 0.209375 0.0390625 0.046875
0 0.3484375 0.31484375 0.0296875 0.040625
0 0.0109375 0.38359375 0.021875 0.0328125
0 0.26953125 0.334375 0.0359375 0.05
0 0.390625 0.31328125 0.0359375 0.05
0 0.1140625 0.36953125 0.0375 0.0375
0 0.15703125 0.3609375 0.0390625 0.046875
0 0.053125 0.38359375 0.0296875 0.0359375
0 0.64375 0.26875 0.0359375 0.0453125
0 0.67421875 0.265625 0.0328125 0.0328125
0 0.54921875 0.2921875 0.04375 0.046875
0 0.71640625 0.26484375 0.0390625 0.046875
0 0.78671875 0.253125 0.0359375 0.0453125
0 0.5484375 0.015625 0.034375 0.03125
0 0.5171875 0.01953125 0.021875 0.021875
0 0.596875 0.29296875 0.0390625 0.046875
0 0.2015625 0.371875 0.0359375 0.0453125
0 0.36328125 0.34296875 0.0390625 0.0421875
0 0.50859375 0.3171875 0.04375 0.04375
0 0.04140625 0.4078125 0.0359375 0.0453125
0 0.01171875 0.415625 0.0234375 0.0375
0 0.30546875 0.35859375 0.0390625 0.0421875
0 0.4328125 0.3359375 0.0390625 0.046875
0 0.0359375 0.11328125 0.021875 0.021875
0 0.578125 0.01328125 0.028125 0.0265625
0 0.23046875 0.3875 0.0375 0.0546875
0 0.12421875 0.4109375 0.034375 0.0421875
0 0.06875 0.42578125 0.040625 0.0515625
0 0.32890625 0.384375 0.04375 0.04375
0 0.85234375 0.2875 0.03125 0.05
0 0.378125 0.3796875 0.0453125 0.05625
0 0.87265625 0.28359375 0.040625 0.05625
0 0.94375 0.27421875 0.0484375 0.0484375
0 0.62109375 0.01015625 0.0234375 0.0203125
0 0.0140625 0.46484375 0.028125 0.0453125
0 0.62421875 0.3484375 0.04375 0.046875
0 0.08203125 0.109375 0.0234375 0.03125
0 0.1046875 0.1046875 0.0234375 0.03125
0 0.54921875 0.365625 0.040625 0.0515625
0 0.5 0.37734375 0.0453125 0.0515625
0 0.37109375 0.05546875 0.0234375 0.0265625
0 0.7609375 0.340625 0.0515625 0.0625
0 0.04609375 0.48203125 0.040625 0.0515625
0 0.09921875 0.47890625 0.0359375 0.05
0 0.68671875 0.3671875 0.040625 0.0515625
0 0.8109375 0.35 0.0453125 0.05625
0 0.2609375 0.45625 0.0359375 0.0453125
0 0.89140625 0.34375 0.0453125 0.05625
0 0.43125 0.43515625 0.0328125 0.0328125
0 0.1953125 0.09453125 0.028125 0.028125
0 0.49296875 0.428125 0.0546875 0.059375
0 0.31171875 0.46328125 0.04375 0.04375
0 0.9640625 0.3390625 0.0375 0.0546875
0 0.371875 0.45859375 0.03125 0.0453125
0 0.15 0.5046875 0.0296875 0.0359375
0 0.4171875 0.0515625 0.028125 0.0328125
0 0.48125 0.0390625 0.025 0.034375
0 0.5078125 0.03359375 0.028125 0.028125
0 0.63984375 0.41640625 0.04375 0.04375
0 0.76484375 0.39453125 0.0484375 0.0484375
0 0.57109375 0.4390625 0.0484375 0.0484375
0 0.44375 0.46640625 0.040625 0.0515625
0 0.6875 0.41875 0.0453125 0.05625
0 0.69140625 0.00546875 0.0265625 0.0109375
0 0.00546875 0.134375 0.0109375 0.025
0 0.665625 0.00859375 0.03125 0.0171875
0 0.08203125 0.54375 0.0390625 0.0421875
0 0.3265625 0.5046875 0.0453125 0.05625
0 0.02734375 0.565625 0.040625 0.0515625
0 0.14375 0.5453125 0.0390625 0.046875
0 0.8484375 0.41328125 0.0453125 0.0359375
0 0.515625 0.48046875 0.0625 0.0734375
0 0.915625 0.40703125 0.046875 0.065625
0 0.72734375 0.44375 0.05 0.0578125
0 0.06640625 0.12421875 0.021875 0.021875
0 0.7828125 0.440625 0.0546875 0.059375
0 0.6609375 0.46875 0.0546875 0.0765625
0 0.58203125 0.0265625 0.0203125 0.0125
0 0.57578125 0.4875 0.0453125 0.05625
0 0.759375 0.0046875 0.025 0.009375
0 0.1234375 0.115625 0.0234375 0.0265625
0 0.73828125 0.00546875 0.0234375 0.0109375
0 0.0359375 0.61171875 0.04375 0.046875
0 0.0515625 0.13203125 0.028125 0.0328125
0 0.15546875 0.11171875 0.0296875 0.0359375
0 0.87265625 0.45390625 0.0453125 0.05625
0 0.546875 0.0359375 0.03125 0.0234375
0 0.159375 0.60390625 0.059375 0.08125
0 0.36171875 0.56640625 0.0671875 0.096875
0 0.96484375 0.4515625 0.065625 0.0921875
0 0.3015625 0.5828125 0.0484375 0.0703125
0 0.0578125 0.63984375 0.040625 0.0515625
0 0.215625 0.6140625 0.053125 0.071875
0 0.115625 0.6359375 0.0578125 0.071875
0 0.71953125 0.01328125 0.0265625 0.0265625
0 0.73984375 0.521875 0.06875 0.0828125
0 0.7859375 0.00390625 0.028125 0.0078125
0 0.18828125 0.11015625 0.0234375 0.03125
0 0.27890625 0.0921875 0.0234375 0.0265625
0 0.51796875 0.04609375 0.028125 0.028125
0 0.43046875 0.59140625 0.0671875 0.078125
0 0.17109375 0.64921875 0.06875 0.0828125
0 0.365625 0.07578125 0.025 0.034375
0 0.6703125 0.01640625 0.0234375 0.0265625
0 0.57578125 0.575 0.071875 0.096875
0 0.303125 0.63046875 0.0625 0.0734375
0 0.890625 0.5203125 0.0625 0.0734375
0 0.57734375 0.03671875 0.03125 0.0234375
0 0.628125 0.02734375 0.025 0.01875
0 0.0234375 0.146875 0.0171875 0.0203125
0 0.68828125 0.59765625 0.0625 0.0734375
0 0.43046875 0.65078125 0.0625 0.0734375
0 0.07421875 0.13984375 0.0234375 0.03125
0 0.8875 0.578125 0.0625 0.078125
0 0.34765625 0.68828125 0.0453125 0.0515625
0 0.77734375 0.60625 0.08125 0.103125
0 0.60625 0.03828125 0.0171875 0.0171875
0 0.96796875 0.5703125 0.0640625 0.0875
0 0.46484375 0.671875 0.0703125 0.0921875
0 0.3328125 0.09140625 0.0234375 0.03125
0 0.4015625 0.078125 0.0296875 0.0359375
0 0.47421875 0.0640625 0.0234375 0.0265625
0 0.54453125 0.05078125 0.03125 0.0234375
0 0.21015625 0.115625 0.0234375 0.0265625
0 0.06484375 0.75859375 0.0609375 0.0859375
0 0.1390625 0.74453125 0.0671875 0.075
0 0.58984375 0.659375 0.0734375 0.084375
0 0.2015625 0.7390625 0.0640625 0.0828125
0 0.18203125 0.1234375 0.028125 0.028125
0 0.70625 0.02109375 0.028125 0.0328125
0 0.14453125 0.13046875 0.0234375 0.03125
0 0.38515625 0.7328125 0.0625 0.0734375
0 0.278125 0.765625 0.0625 0.0953125
0 0.109375 0.13984375 0.0328125 0.0328125
0 0.82421875 0.01015625 0.0296875 0.0203125
0 0.8265625 0.67890625 0.0671875 0.096875
0 0.009375 0.16171875 0.01875 0.0328125
0 0.29375 0.10625 0.025 0.034375
0 0.628125 0.04140625 0.0234375 0.0265625
0 0.9234375 0.66484375 0.0828125 0.1125
0 0.85078125 0.01015625 0.0296875 0.0203125
0 0.61953125 0.7359375 0.0734375 0.084375
0 0.70625 0.7265625 0.06875 0.0828125
0 0.51171875 0.06640625 0.0296875 0.040625
0 0.3515625 0.1 0.0234375 0.03125
0 0.58515625 0.0546875 0.0328125 0.0328125
0 0.43359375 0.08359375 0.0234375 0.03125
0 0.7796875 0.02109375 0.0234375 0.03125
0 0.14609375 0.9109375 0.08125 0.0984375
0 0.875 0.01015625 0.025 0.0203125
0 0.03671875 0.16796875 0.028125 0.028125
0 0.47109375 0.0859375 0.0234375 0.03125
0 0.5484375 0.07109375 0.0296875 0.040625
0 0.7546875 0.0359375 0.034375 0.0375
0 0.62265625 0.06328125 0.0328125 0.028125
0 0.45703125 0.09765625 0.034375 0.0421875
0 0.5640625 0.0765625 0.01875 0.0296875
0 0.08671875 0.16953125 0.034375 0.0421875
0 0.5796875 0.07421875 0.025 0.034375
0 0.04921875 0.18203125 0.025 0.034375
0 0.246875 0.14296875 0.028125 0.0328125
0 0.49921875 0.09453125 0.025 0.034375
0 0.89765625 0.01796875 0.0296875 0.0359375
0 0.2734375 0.13828125 0.0296875 0.0359375
0 0.38359375 0.11875 0.0296875 0.040625