0 0.121875 0.025 0.025 0.025
0 0.48828125 0.09921875 0.0296875 0.065625
0 0.78515625 0.009375 0.0296875 0.01875
0 0.94140625 0.128125 0.034375 0.065625
0 0.29765625 0.153125 0.034375 0.0609375
0 0.36015625 0.15546875 0.034375 0.065625
0 0.5140625 0.1546875 0.0390625 0.075
0 0.43984375 0.15703125 0.034375 0.065625
0 0.08515625 0.16953125 0.034375 0.0609375
0 0.02265625 0.1734375 0.0296875 0.05625
0 0.321875 0.02265625 0.0296875 0.0328125
0 0.83984375 0.15 0.034375 0.075
0 0.221875 0.1734375 0.034375 0.065625
0 0.659375 0.16328125 0.0390625 0.0703125
0 0.7640625 0.159375 0.034375 0.0609375
0 0.60703125 0.01640625 0.0296875 0.0328125
0 0.571875 0.16875 0.0296875 0.0609375
0 0.884375 0.1625 0.034375 0.0703125
0 0.55234375 0.0171875 0.0296875 0.034375
0 0.853125 0.01484375 0.0375 0.0296875
0 0.2546875 0.0296875 0.0328125 0.0421875
0 0.01328125 0.03671875 0.0265625 0.0421875
0 0.71796875 0.18203125 0.034375 0.0703125
0 0.6109375 0.23671875 0.034375 0.0609375
0 0.0796875 0.2625 0.034375 0.05625
0 0.80625 0.24140625 0.025 0.046875
0 0.7390625 0.2484375 0.025 0.05625
0 0.278125 0.26484375 0.0390625 0.075
0 0.88515625 0.24609375 0.04375 0.075
0 0.4796875 0.26015625 0.034375 0.065625
0 0.1515625 0.2734375 0.034375 0.0515625
0 0.68359375 0.2578125 0.034375 0.0515625
0 0.2140625 0.2765625 0.034375 0.0796875
0 0.353125 0.27109375 0.034375 0.05625
0 0.96015625 0.25703125 0.0296875 0.0609375
0 0.53828125 0.27421875 0.0296875 0.05625
0 0.42265625 0.278125 0.0296875 0.065625
0 0.0109375 0.2984375 0.021875 0.05625
0 0.69765625 0.321875 0.034375 0.0703125
0 0.11328125 0.3671875 0.0296875 0.065625
0 0.8234375 0.346875 0.034375 0.065625
0 0.35625 0.36328125 0.0390625 0.084375
0 0.88359375 0.34765625 0.034375 0.065625
0 0.95390625 0.34765625 0.0390625 0.075
0 0.446875 0.36484375 0.034375 0.0609375
0 0.75234375 0.359375 0.034375 0.075
0 0.27109375 0.38046875 0.0390625 0.0796875
0 0.01953125 0.39140625 0.03125 0.0796875
0 0.509375 0.37421875 0.034375 0.0796875
0 0.571875 0.375 0.034375 0.0703125
0 0.6375 0.375 0.034375 0.075
0 0.20078125 0.40859375 0.034375 0.0703125
0 0.38515625 0.04765625 0.0296875 0.0609375
0 0.36875 0.465625 0.0390625 0.0609375
0 0.5734375 0.4671875 0.034375 0.0890625
0 0.165625 0.4859375 0.034375 0.065625
0 0.04140625 0.50859375 0.034375 0.065625
0 0.75234375 0.48671875 0.03125 0.0890625
0 0.24296875 0.50390625 0.0390625 0.065625
0 0.8359375 0.4859375 0.0296875 0.0609375
0 0.928125 0.4875 0.040625 0.09375
0 0.4421875 0.509375 0.034375 0.0609375
0 0.8734375 0.0375 0.034375 0.0609375
0 0.6671875 0.51328125 0.0390625 0.0890625
0 0.109375 0.53203125 0.0390625 0.0609375
0 0.503125 0.52109375 0.034375 0.075
0 0.315625 0.5296875 0.0390625 0.065625
0 0.9796875 0.50703125 0.034375 0.075
0 0.07578125 0.07265625 0.0296875 0.05625
0 0.18203125 0.6125 0.03125 0.075
0 0.04609375 0.65234375 0.0390625 0.0890625
0 0.33828125 0.6421875 0.03125 0.075
0 0.8703125 0.6265625 0.0390625 0.0890625
0 0.11640625 0.65234375 0.034375 0.075
0 0.56484375 0.64140625 0.0390625 0.065625
0 0.7890625 0.63359375 0.034375 0.084375
0 0.98984375 0.628125 0.0203125 0.084375
0 0.73828125 0.6375 0.04375 0.0796875
0 0.42421875 0.64921875 0.0390625 0.0796875
0 0.271875 0.65625 0.03125 0.0703125
0 0.7828125 0.0546875 0.034375 0.0515625
0 0.646875 0.65234375 0.0390625 0.065625
0 0.50078125 0.65703125 0.0390625 0.065625
0 0.009375 0.084375 0.01875 0.046875
0 0.20078125 0.07734375 0.034375 0.0609375
0 0.9359375 0.65859375 0.034375 0.075
0 0.3234375 0.07578125 0.0296875 0.0609375
0 0.61484375 0.06796875 0.0296875 0.05625
0 0.140625 0.084375 0.0296875 0.0515625
0 0.55703125 0.071875 0.0296875 0.0609375
0 0.66796875 0.06796875 0.0296875 0.065625
0 0.7234375 0.06875 0.0296875 0.0609375
0 0.090625 0.78515625 0.034375 0.0796875
0 0.2671875 0.78671875 0.0453125 0.0984375
0 0.64609375 0.7734375 0.034375 0.075
0 0.021875 0.79921875 0.0265625 0.0890625
0 0.8015625 0.77890625 0.04375 0.084375
0 0.9484375 0.06328125 0.0296875 0.046875
0 0.18828125 0.80703125 0.04375 0.084375
0 0.72578125 0.00546875 0.0234375 0.0109375
0 0.56796875 0.7984375 0.0296875 0.065625
0 0.3625 0.8078125 0.034375 0.0796875
0 0.50625 0.80546875 0.04375 0.084375
0 0.8828125 0.79453125 0.0390625 0.0890625
0 0.434375 0.81015625 0.040625 0.0984375
0 0.26796875 0.09140625 0.04375 0.0796875
0 0.7171875 0.8125 0.04375 0.084375
0 0.96015625 0.80625 0.034375 0.0890625
0 0.83671875 0.0765625 0.03125 0.0703125
0 0.12421875 0.96328125 0.0484375 0.0734375
0 0.8328125 0.94453125 0.0390625 0.075
0 0.98828125 0.93828125 0.0234375 0.0796875
0 0.04453125 0.96953125 0.0484375 0.0609375
0 0.6625 0.9578125 0.0390625 0.065625
0 0.31796875 0.9671875 0.0453125 0.065625
0 0.75 0.959375 0.053125 0.0625
0 0.921875 0.95390625 0.04375 0.0515625
0 0.22421875 0.97421875 0.0484375 0.0515625
0 0.48359375 0.971875 0.0390625 0.05625
0 0.40234375 0.97578125 0.0390625 0.0484375
0 0.5765625 0.97890625 0.0328125 0.0328125