0 0.13203125 0.41640625 0.03125 0.0453125
0 0.79453125 0.54765625 0.025 0.034375
0 0.571875 0.51875 0.01875 0.025
0 0.81015625 0.5671875 0.0234375 0.03125
0 0.02734375 0.4203125 0.0203125 0.034375
0 0.309375 0.475 0.025 0.0390625
0 0.709375 0.55234375 0.025 0.0390625
0 0.60859375 0.53515625 0.01875 0.0296875
0 0.48828125 0.51171875 0.01875 0.0296875
0 0.94921875 0.60390625 0.03125 0.0453125
0 0.53984375 0.52421875 0.0234375 0.03125
0 0.43984375 0.50703125 0.0234375 0.0265625
0 0.67578125 0.553125 0.0125 0.0203125
0 0.128125 0.44921875 0.0078125 0.01875
0 0.04609375 0.4328125 0.0171875 0.0203125
0 0.28046875 0.47890625 0.01875 0.025
0 0.359375 0.49453125 0.0296875 0.040625
0 0.82578125 0.58515625 0.0125 0.0203125
0 0.87578125 0.59453125 0.01875 0.0296875
0 0.25703125 0.4765625 0.0078125 0.0140625
0 0.65234375 0.553125 0.0125 0.015625
0 0.07265625 0.440625 0.0109375 0.0109375
0 0.09140625 0.44453125 0.0125 0.015625
0 0.33671875 0.4921875 0.0125 0.0203125
0 0.5796875 0.5390625 0.01875 0.025
0 0.89140625 0.6 0.0171875 0.0203125
0 0.72890625 0.57109375 0.015625 0.0328125
0 0.8203125 0.58828125 0.0125 0.0203125
0 0.21796875 0.4734375 0.0171875 0.0203125
0 0.1625 0.46328125 0.0125 0.015625
0 0.07890625 0.446875 0.0078125 0.01875
0 0.8421875 0.5953125 0.0140625 0.025
0 0.921875 0.6109375 0.025 0.034375
0 0.23046875 0.47890625 0.0125 0.0203125
0 0.3734375 0.50625 0.01875 0.0296875
0 0.38984375 0.509375 0.0078125 0.0140625
0 0.6828125 0.56640625 0.0171875 0.0203125
0 0.03125 0.43984375 0.0140625 0.025
0 0.428125 0.5171875 0.0125 0.0203125
0 0.85078125 0.59921875 0.0125 0.0203125
0 0.2625 0.48515625 0.0078125 0.01875
0 0.40078125 0.51328125 0.0078125 0.01875
0 0.409375 0.51484375 0.0078125 0.0140625
0 0.69609375 0.57109375 0.0125 0.0203125
0 0.34375 0.50234375 0.0125 0.0203125
0 0.63515625 0.55859375 0.01875 0.0296875
0 0.659375 0.56328125 0.0125 0.0203125
0 0.1484375 0.46640625 0.01875 0.025
0 0.42265625 0.5203125 0.0078125 0.0140625
0 0.453125 0.52578125 0.00625 0.009375
0 0.059375 0.44921875 0.015625 0.0328125
0 0.97265625 0.6265625 0.021875 0.04375
0 0.1796875 0.47265625 0.01875 0.025
0 0.07109375 0.4515625 0.0125 0.015625
0 0.74140625 0.58203125 0.01875 0.0296875
0 0.32265625 0.503125 0.00625 0.009375
0 0.90390625 0.615625 0.0125 0.0203125
0 0.22265625 0.48359375 0.0125 0.0203125
0 0.40390625 0.51875 0.0078125 0.0140625
0 0.41796875 0.52109375 0.0078125 0.0140625
0 0.190625 0.47734375 0.0296875 0.040625
0 0.50703125 0.5390625 0.00625 0.009375
0 0.58984375 0.55703125 0.0125 0.015625
0 0.75390625 0.5890625 0.0125 0.015625
0 0.45859375 0.53203125 0.00625 0.009375
0 0.59453125 0.5578125 0.00625 0.009375
0 0.065625 0.45546875 0.0125 0.0203125
0 0.5015625 0.53984375 0.00625 0.009375
0 0.48984375 0.53984375 0.00625 0.009375
0 0.5328125 0.5484375 0.00625 0.00625
0 0.1578125 0.47578125 0.0171875 0.0203125
0 0.521875 0.5484375 0.00625 0.009375
0 0.52578125 0.54921875 0.00625 0.00625