0 0.7109375 0.21953125 0.028125 0.03125
0 0.6921875 0.22109375 0.0171875 0.0203125
0 0.8421875 0.24765625 0.021875 0.0265625
0 0.46640625 0.19453125 0.0125 0.0203125
0 0.7953125 0.246875 0.0234375 0.03125
0 0.678125 0.2328125 0.021875 0.021875
0 0.48359375 0.2046875 0.0234375 0.03125
0 0.72578125 0.2453125 0.021875 0.0265625
0 0.80234375 0.2625 0.0234375 0.03125
0 0.19921875 0.16796875 0.01875 0.0296875
0 0.53125 0.228125 0.028125 0.03125
0 0.715625 0.26171875 0.0234375 0.03125
0 0.821875 0.2859375 0.028125 0.040625
0 0.2640625 0.19765625 0.0171875 0.025
0 0.6828125 0.26640625 0.028125 0.040625
0 0.92890625 0.3078125 0.028125 0.0359375
0 0.23359375 0.2 0.0171875 0.025
0 0.35703125 0.21953125 0.0234375 0.03125
0 0.42578125 0.23046875 0.025 0.04375
0 0.4890625 0.2453125 0.0234375 0.034375
0 0.7859375 0.2921875 0.028125 0.040625
0 0.51015625 0.25546875 0.0171875 0.025
0 0.7046875 0.2890625 0.0328125 0.040625
0 0.7453125 0.3 0.028125 0.040625
0 0.38984375 0.2484375 0.0171875 0.025
0 0.95625 0.34296875 0.0390625 0.05
0 0.84609375 0.328125 0.0328125 0.040625
0 0.88203125 0.33359375 0.0328125 0.040625
0 0.49609375 0.27734375 0.0328125 0.040625
0 0.4359375 0.26953125 0.028125 0.040625
0 0.3515625 0.25546875 0.028125 0.03125
0 0.68046875 0.31015625 0.0234375 0.03125
0 0.38203125 0.265625 0.021875 0.0265625
0 0.1515625 0.22890625 0.0265625 0.0265625
0 0.6578125 0.31640625 0.0328125 0.040625
0 0.91328125 0.37578125 0.0234375 0.034375
0 0.753125 0.35234375 0.028125 0.040625
0 0.36171875 0.29296875 0.028125 0.040625
0 0.72109375 0.35 0.0296875 0.0484375
0 0.3234375 0.29609375 0.028125 0.040625
0 0.928125 0.396875 0.028125 0.03125
0 0.3421875 0.32734375 0.0390625 0.05
0 0.42734375 0.36640625 0.0359375 0.0546875
0 0.5296875 0.3875 0.034375 0.0453125
0 0.85 0.45 0.04375 0.05625
0 0.17734375 0.34609375 0.028125 0.040625
0 0.575 0.41171875 0.028125 0.040625
0 0.59765625 0.4171875 0.034375 0.0453125
0 0.3109375 0.3875 0.0390625 0.05
0 0.725 0.4578125 0.0375 0.040625
0 0.18359375 0.38203125 0.0328125 0.040625
0 0.48984375 0.43046875 0.034375 0.05
0 0.109375 0.37265625 0.04375 0.05625
0 0.20625 0.3875 0.0328125 0.040625
0 0.64609375 0.46484375 0.0453125 0.0296875
0 0.37109375 0.42578125 0.046875 0.075
0 0.75078125 0.4859375 0.0390625 0.05
0 0.51875 0.45859375 0.0421875 0.046875
0 0.7015625 0.50078125 0.0390625 0.0546875
0 0.8890625 0.5328125 0.0453125 0.0609375
0 0.2453125 0.43359375 0.0296875 0.0484375
0 0.14296875 0.4171875 0.0328125 0.0328125
0 0.65078125 0.49765625 0.0390625 0.05
0 0.18046875 0.428125 0.0484375 0.05625
0 0.12265625 0.4234375 0.0359375 0.028125
0 0.9671875 0.56484375 0.059375 0.0671875
0 0.84296875 0.55 0.0515625 0.0703125
0 0.80859375 0.54921875 0.0453125 0.065625
0 0.25859375 0.46875 0.0484375 0.05625
0 0.5203125 0.51953125 0.0453125 0.0609375
0 0.4828125 0.51640625 0.04375 0.0515625
0 0.11328125 0.46953125 0.053125 0.053125
0 0.3828125 0.5140625 0.0546875 0.0671875
0 0.3421875 0.5171875 0.0546875 0.0671875
0 0.01796875 0.47421875 0.0359375 0.0640625
0 0.20625 0.50703125 0.0484375 0.05625
0 0.42734375 0.5421875 0.05 0.0609375
0 0.5 0.603125 0.05625 0.071875
0 0.0484375 0.53828125 0.046875 0.0421875
0 0.83359375 0.6703125 0.0640625 0.0953125
0 0.6234375 0.64140625 0.053125 0.084375
0 0.58984375 0.640625 0.0625 0.090625
0 0.52421875 0.67265625 0.075 0.1046875
0 0.02890625 0.603125 0.0578125 0.084375
0 0.17421875 0.63359375 0.053125 0.0578125
0 0.140625 0.63515625 0.0421875 0.0734375
0 0.37734375 0.69609375 0.0734375 0.096875
0 0.42421875 0.7578125 0.0421875 0.0734375
0 0.34375 0.74765625 0.059375 0.0890625
0 0.1671875 0.721875 0.075 0.109375
0 0.2921875 0.76484375 0.065625 0.0734375
0 0.86953125 0.8609375 0.0703125 0.109375
0 0.54453125 0.8140625 0.08125 0.115625
0 0.67734375 0.85625 0.0703125 0.1046875
0 0.72109375 0.88203125 0.05 0.0890625
0 0.24921875 0.82578125 0.0796875 0.10625
0 0.6140625 0.88828125 0.0609375 0.071875
0 0.86328125 0.1453125 0.0109375 0.015625
0 0.81171875 0.9609375 0.0828125 0.078125
0 0.14375 0.88671875 0.0875 0.125
0 0.29609375 0.915625 0.0953125 0.1171875
0 0.88828125 0.15078125 0.0109375 0.015625
0 0.64921875 0.9765625 0.0890625 0.046875
0 0.8140625 0.14375 0.0171875 0.0203125
0 0.9078125 0.15859375 0.015625 0.015625
0 0.7953125 0.14375 0.0109375 0.015625
0 0.8453125 0.1515625 0.0109375 0.015625
0 0.7796875 0.15078125 0.0109375 0.015625
0 0.6921875 0.14609375 0.015625 0.015625
0 0.8390625 0.17890625 0.0109375 0.015625
0 0.903125 0.203125 0.0171875 0.0203125
0 0.8140625 0.1890625 0.0171875 0.0203125
0 0.86875 0.2 0.0171875 0.025
0 0.70859375 0.17734375 0.021875 0.021875
0 0.83515625 0.19921875 0.0171875 0.0203125
0 0.85625 0.203125 0.0171875 0.025
0 0.79609375 0.2 0.0171875 0.0203125
0 0.8921875 0.2171875 0.0171875 0.0203125
0 0.94375 0.23046875 0.0171875 0.0203125
0 0.81953125 0.2171875 0.0171875 0.0203125
0 0.740625 0.2078125 0.021875 0.0265625
0 0.83359375 0.2265625 0.0171875 0.0203125
0 0.746875 0.215625 0.0171875 0.025
0 0.80859375 0.225 0.021875 0.0265625
0 0.76796875 0.22578125 0.021875 0.0265625
0 0.56953125 0.19453125 0.0125 0.0203125