0 0.44140625 0.1359375 0.0046875 0.0046875
0 0.53203125 0.14921875 0.0046875 0.0046875
0 0.57109375 0.15 0.0046875 0.0046875
0 0.55 0.14921875 0.0046875 0.009375
0 0.596875 0.15 0.0046875 0.0046875
0 0.60546875 0.15234375 0.0046875 0.0046875
0 0.58515625 0.1546875 0.0046875 0.009375
0 0.534375 0.15625 0.009375 0.0046875
0 0.603125 0.15859375 0.0046875 0.009375
0 0.52109375 0.2109375 0.0046875 0.0046875
0 0.48125 0.2109375 0.0046875 0.0046875
0 0.53046875 0.21171875 0.0046875 0.0046875
0 0.4421875 0.2125 0.0046875 0.009375
0 0.465625 0.2125 0.0046875 0.0046875
0 0.49296875 0.215625 0.0046875 0.0046875
0 0.490625 0.215625 0.0046875 0.0046875
0 0.51171875 0.215625 0.0046875 0.0046875
0 0.45390625 0.2171875 0.009375 0.009375
0 0.5046875 0.21953125 0.0046875 0.0046875
0 0.44453125 0.21875 0.0046875 0.0046875
0 0.678125 0.22265625 0.0140625 0.0140625
0 0.53046875 0.2203125 0.0046875 0.0046875
0 0.490625 0.221875 0.0046875 0.0046875
0 0.51875 0.221875 0.0046875 0.0046875
0 0.45625 0.22109375 0.0046875 0.0046875
0 0.52578125 0.22265625 0.0046875 0.0046875
0 0.4953125 0.22421875 0.0046875 0.009375
0 0.46796875 0.2234375 0.009375 0.009375
0 0.5328125 0.22734375 0.0046875 0.0046875
0 0.509375 0.22890625 0.0046875 0.0046875
0 0.66015625 0.23203125 0.0140625 0.0140625
0 0.68515625 0.23203125 0.009375 0.0140625
0 0.54375 0.23203125 0.0046875 0.0046875
0 0.46796875 0.23046875 0.0046875 0.0046875
0 0.5 0.23125 0.0046875 0.0046875
0 0.48125 0.23359375 0.0046875 0.0046875
0 0.528125 0.234375 0.0046875 0.0046875
0 0.43515625 0.23203125 0.0046875 0.0046875
0 0.44453125 0.2328125 0.0046875 0.0046875
0 0.45859375 0.23515625 0.0046875 0.0046875
0 0.53515625 0.23671875 0.0046875 0.0046875
0 0.67578125 0.2390625 0.0140625 0.0140625
0 0.51640625 0.23828125 0.0046875 0.009375
0 0.54609375 0.2390625 0.0046875 0.0046875
0 0.50234375 0.23828125 0.0046875 0.0046875
0 0.70859375 0.24453125 0.0140625 0.0140625
0 0.509375 0.240625 0.0046875 0.0046875
0 0.53515625 0.24140625 0.0046875 0.0046875
0 0.55078125 0.24140625 0.0046875 0.0046875
0 0.48125 0.24296875 0.0046875 0.0046875
0 0.52109375 0.24296875 0.0046875 0.009375
0 0.465625 0.2421875 0.0046875 0.009375
0 0.49296875 0.24296875 0.0046875 0.009375
0 0.6921875 0.24609375 0.0140625 0.0140625
0 0.5390625 0.24375 0.0046875 0.0046875
0 0.4859375 0.2453125 0.0046875 0.0046875
0 0.51640625 0.2453125 0.0046875 0.0046875
0 0.43984375 0.24453125 0.0046875 0.0046875
0 0.509375 0.24765625 0.0046875 0.0046875
0 0.4515625 0.246875 0.0046875 0.0046875
0 0.50234375 0.24765625 0.0046875 0.0046875
0 0.528125 0.25078125 0.0046875 0.009375
0 0.54375 0.25078125 0.0046875 0.0046875
0 0.5328125 0.25078125 0.0046875 0.0046875
0 0.51171875 0.25234375 0.0046875 0.0046875
0 0.51640625 0.25234375 0.0046875 0.0046875
0 0.25234375 0.24765625 0.0046875 0.009375
0 0.4515625 0.2515625 0.0046875 0.0046875
0 0.54765625 0.25546875 0.0046875 0.0046875
0 0.496875 0.2546875 0.0046875 0.0046875
0 0.478125 0.25390625 0.0046875 0.0046875
0 0.5015625 0.25703125 0.0046875 0.0046875
0 0.534375 0.2578125 0.0046875 0.0046875
0 0.45546875 0.25625 0.0046875 0.0046875
0 0.48515625 0.25703125 0.0046875 0.0046875
0 0.471875 0.25859375 0.0046875 0.0046875
0 0.5296875 0.26015625 0.0046875 0.0046875
0 0.52265625 0.259375 0.0046875 0.0046875
0 0.48046875 0.259375 0.0046875 0.0046875
0 0.4921875 0.259375 0.009375 0.0046875
0 0.52734375 0.2625 0.0046875 0.0046875
0 0.50625 0.26171875 0.0046875 0.009375
0 0.67265625 0.26484375 0.0140625 0.01875
0 0.4390625 0.26328125 0.0046875 0.0046875
0 0.559375 0.26484375 0.0046875 0.0046875
0 0.515625 0.2640625 0.0046875 0.0046875
0 0.46484375 0.26328125 0.0046875 0.0046875
0 0.43203125 0.26484375 0.0046875 0.0046875
0 0.46953125 0.265625 0.0046875 0.0046875
0 0.478125 0.265625 0.0046875 0.0046875
0 0.54765625 0.2671875 0.0046875 0.0046875
0 0.4578125 0.265625 0.0046875 0.0046875
0 0.49453125 0.26640625 0.0046875 0.0046875
0 0.5015625 0.26640625 0.0046875 0.0046875
0 0.54296875 0.2671875 0.0046875 0.0046875
0 0.7703125 0.27109375 0.009375 0.01875
0 0.5203125 0.26875 0.0046875 0.0046875
0 0.540625 0.26953125 0.0046875 0.0046875
0 0.45546875 0.26796875 0.0046875 0.0046875
0 0.57109375 0.2703125 0.0046875 0.0046875
0 0.71953125 0.27265625 0.01875 0.0234375
0 0.534375 0.271875 0.0046875 0.0046875
0 0.4734375 0.2703125 0.0046875 0.0046875
0 0.56640625 0.271875 0.0046875 0.0046875
0 0.5546875 0.271875 0.0046875 0.0046875
0 0.68203125 0.27421875 0.0140625 0.0140625
0 0.5296875 0.271875 0.0046875 0.0046875
0 0.478125 0.27265625 0.0046875 0.0046875
0 0.4875 0.2734375 0.0046875 0.0046875
0 0.525 0.27421875 0.0046875 0.0046875
0 0.51328125 0.2734375 0.0046875 0.0046875
0 0.559375 0.27421875 0.0046875 0.0046875
0 0.55 0.27421875 0.0046875 0.0046875
0 0.50859375 0.2734375 0.0046875 0.0046875
0 0.4578125 0.275 0.0046875 0.0046875
0 0.496875 0.27578125 0.009375 0.0046875
0 0.41796875 0.27421875 0.0046875 0.0046875
0 0.425 0.27421875 0.009375 0.0046875
0 0.57109375 0.27734375 0.009375 0.0046875
0 0.44375 0.275 0.0046875 0.009375
0 0.46953125 0.27734375 0.0046875 0.0046875
0 0.58515625 0.2796875 0.0046875 0.0046875
0 0.578125 0.28203125 0.0046875 0.0046875
0 0.54765625 0.28125 0.0046875 0.0046875
0 0.471875 0.2796875 0.0046875 0.0046875
0 0.46015625 0.2796875 0.0046875 0.0046875
0 0.48984375 0.28046875 0.009375 0.0046875
0 0.525 0.28125 0.0046875 0.0046875
0 0.5359375 0.28125 0.0046875 0.0046875
0 0.47578125 0.28125 0.009375 0.0046875
0 0.5546875 0.2828125 0.009375 0.0046875
0 0.5109375 0.28203125 0.0046875 0.0046875
0 0.48515625 0.28203125 0.0046875 0.0046875
0 0.61015625 0.28359375 0.009375 0.009375
0 0.50390625 0.28203125 0.0046875 0.0046875
0 0.59453125 0.28359375 0.009375 0.0046875
0 0.43671875 0.28359375 0.009375 0.0046875
0 0.515625 0.284375 0.0046875 0.0046875
0 0.58515625 0.2859375 0.0046875 0.0046875
0 0.4484375 0.28359375 0.0046875 0.0046875
0 0.3953125 0.2828125 0.009375 0.0046875
0 0.46953125 0.28359375 0.0046875 0.0046875
0 0.56171875 0.28515625 0.009375 0.0046875
0 0.49921875 0.28671875 0.0046875 0.009375
0 0.409375 0.28515625 0.0046875 0.009375
0 0.58046875 0.28828125 0.0046875 0.009375
0 0.4671875 0.28828125 0.009375 0.009375
0 0.53828125 0.28984375 0.009375 0.009375
0 0.45546875 0.28828125 0.0046875 0.0046875
0 0.621875 0.29140625 0.009375 0.0140625
0 0.56875 0.28984375 0.0046875 0.0046875
0 0.53203125 0.28984375 0.0046875 0.0046875
0 0.4203125 0.28984375 0.0046875 0.0046875
0 0.5203125 0.29140625 0.0046875 0.0046875
0 0.48046875 0.29140625 0.0046875 0.009375
0 0.52734375 0.2921875 0.009375 0.0046875
0 0.44375 0.290625 0.009375 0.009375
0 0.515625 0.29140625 0.0046875 0.0046875
0 0.59453125 0.29296875 0.009375 0.009375
0 0.60546875 0.29296875 0.009375 0.009375
0 0.4625 0.29296875 0.0046875 0.0046875
0 0.58515625 0.2953125 0.0046875 0.009375
0 0.57578125 0.2953125 0.0046875 0.0046875
0 0.4734375 0.29296875 0.0046875 0.0046875
0 0.55 0.296875 0.009375 0.009375
0 0.4046875 0.29453125 0.0046875 0.009375
0 0.50625 0.29609375 0.0046875 0.0140625
0 0.4390625 0.2953125 0.0046875 0.0046875
0 0.4875 0.2984375 0.009375 0.009375
0 0.5015625 0.2984375 0.009375 0.0140625
0 0.57265625 0.3 0.0046875 0.009375
0 0.45078125 0.29765625 0.009375 0.009375
0 0.5609375 0.29921875 0.0046875 0.009375
0 0.5265625 0.3015625 0.009375 0.009375
0 0.221875 0.29609375 0.0140625 0.0140625
0 0.41484375 0.3015625 0.009375 0.0140625
0 0.46640625 0.30234375 0.0140625 0.0140625
0 0.6 0.3046875 0.009375 0.009375
0 0.3640625 0.303125 0.0046875 0.0046875
0 0.43828125 0.3046875 0.009375 0.009375
0 0.34375 0.30234375 0.009375 0.0046875
0 0.47734375 0.3046875 0.009375 0.0140625
0 0.54921875 0.30859375 0.0140625 0.0140625
0 0.42421875 0.30625 0.009375 0.009375
0 0.56796875 0.30859375 0.009375 0.009375
0 0.49375 0.3078125 0.0046875 0.0140625
0 0.3875 0.3078125 0.009375 0.009375
0 0.521875 0.31015625 0.0046875 0.0140625
0 0.4984375 0.31015625 0.0046875 0.009375
0 0.45234375 0.309375 0.009375 0.009375
0 0.59375 0.31171875 0.0140625 0.009375
0 0.40859375 0.3109375 0.0046875 0.009375
0 0.40390625 0.3109375 0.009375 0.0140625
0 0.53359375 0.31328125 0.0140625 0.0140625
0 0.2484375 0.31015625 0.0140625 0.0140625
0 0.3296875 0.31171875 0.009375 0.0140625
0 0.36171875 0.3125 0.009375 0.009375
0 0.378125 0.3125 0.0046875 0.009375
0 0.459375 0.3140625 0.0046875 0.0140625
0 0.609375 0.31640625 0.01875 0.01875
0 0.15625 0.30859375 0.0046875 0.0140625
0 0.30859375 0.31171875 0.0046875 0.009375
0 0.37109375 0.3125 0.0046875 0.009375
0 0.2625 0.3109375 0.0140625 0.0234375
0 0.4265625 0.31328125 0.009375 0.0140625
0 0.34765625 0.31484375 0.009375 0.009375
0 0.46640625 0.31640625 0.0140625 0.0140625
0 0.1515625 0.31328125 0.0140625 0.0140625
0 0.4453125 0.31875 0.009375 0.01875
0 0.565625 0.3203125 0.0140625 0.0140625
0 0.51484375 0.321875 0.0140625 0.0234375
0 0.58671875 0.3234375 0.0140625 0.0140625
0 0.6765625 0.325 0.0140625 0.009375
0 0.190625 0.31640625 0.009375 0.0140625
0 0.43828125 0.32109375 0.009375 0.01875
0 0.18125 0.31875 0.009375 0.0140625
0 0.69765625 0.32734375 0.009375 0.01875
0 0.91015625 0.33125 0.028125 0.0328125
0 0.38515625 0.321875 0.0046875 0.0140625
0 0.54921875 0.325 0.009375 0.0140625
0 0.01015625 0.315625 0.015625 0.046875
0 0.24140625 0.31953125 0.0140625 0.01875
0 0.628125 0.3265625 0.009375 0.009375
0 0.325 0.3234375 0.0140625 0.0140625
0 0.6421875 0.32890625 0.0140625 0.01875
0 0.45703125 0.32578125 0.009375 0.009375
0 0.41484375 0.32734375 0.009375 0.0140625
0 0.82734375 0.334375 0.028125 0.0421875
0 0.42890625 0.32734375 0.009375 0.0140625
0 0.575 0.33046875 0.0140625 0.0140625
0 0.4890625 0.32890625 0.0140625 0.0234375
0 0.3109375 0.32578125 0.009375 0.0140625
0 0.88984375 0.33828125 0.0140625 0.01875
0 0.4015625 0.3296875 0.009375 0.0140625
0 0.4796875 0.33125 0.009375 0.01875
0 0.4984375 0.33359375 0.009375 0.0234375
0 0.565625 0.33671875 0.01875 0.0140625
0 0.7140625 0.33984375 0.028125 0.0421875
0 0.52890625 0.33671875 0.0140625 0.0234375
0 0.39453125 0.334375 0.009375 0.0140625
0 0.66484375 0.3390625 0.01875 0.01875
0 0.334375 0.3328125 0.0140625 0.0140625
0 0.67890625 0.3390625 0.01875 0.01875
0 0.22734375 0.33359375 0.028125 0.028125
0 0.03359375 0.33046875 0.0375 0.0515625
0 0.628125 0.34296875 0.028125 0.0140625
0 0.88671875 0.35 0.028125 0.0140625
0 0.8515625 0.34921875 0.0234375 0.0234375
0 0.58828125 0.34609375 0.01875 0.01875
0 0.928125 0.35234375 0.0234375 0.01875
0 0.27890625 0.340625 0.025 0.046875
0 0.31796875 0.34140625 0.0140625 0.0140625
0 0.1578125 0.340625 0.0234375 0.0421875
0 0.38671875 0.34453125 0.0140625 0.0140625
0 0.784375 0.3515625 0.0140625 0.01875
0 0.4609375 0.34609375 0.0140625 0.0234375
0 0.43046875 0.34765625 0.0140625 0.01875
0 0.60390625 0.35078125 0.0140625 0.01875
0 0.98359375 0.3625 0.0296875 0.0609375
0 0.740625 0.3578125 0.01875 0.028125
0 0.47890625 0.35390625 0.01875 0.01875
0 0.35859375 0.3515625 0.028125 0.0421875
0 0.2984375 0.35234375 0.0140625 0.01875
0 0.1875 0.35546875 0.0328125 0.0375
0 0.11796875 0.35625 0.0375 0.0515625
0 0.26171875 0.359375 0.01875 0.0328125
0 0.81953125 0.3734375 0.0234375 0.0421875
0 0.3359375 0.36484375 0.01875 0.0328125
0 0.7640625 0.375 0.01875 0.0234375
0 0.8796875 0.37890625 0.0328125 0.0421875
0 0.56484375 0.3734375 0.0296875 0.0515625
0 0.52109375 0.37265625 0.028125 0.0328125
0 0.403125 0.3734375 0.028125 0.0421875
0 0.43046875 0.37578125 0.0140625 0.0234375
0 0.78671875 0.38203125 0.028125 0.0421875
0 0.2265625 0.375 0.0328125 0.0421875
0 0.85625 0.3859375 0.0328125 0.046875
0 0.4703125 0.38125 0.028125 0.0375
0 0.20625 0.3765625 0.01875 0.0328125
0 0.590625 0.38828125 0.0296875 0.046875
0 0.64375 0.3890625 0.0296875 0.0609375
0 0.7421875 0.390625 0.01875 0.0375
0 0.934375 0.396875 0.0375 0.046875
0 0.69140625 0.4015625 0.0328125 0.0421875
0 0.0203125 0.39453125 0.0328125 0.0515625
0 0.94609375 0.4109375 0.0328125 0.01875
0 0.3234375 0.40859375 0.0375 0.0515625
0 0.28828125 0.41484375 0.01875 0.0421875
0 0.4296875 0.41953125 0.0328125 0.0375
0 0.0875 0.4140625 0.0375 0.0515625
0 0.7921875 0.43828125 0.0296875 0.0609375
0 0.203125 0.4296875 0.0421875 0.065625
0 0.46171875 0.44140625 0.0328125 0.0515625
0 0.55390625 0.44296875 0.0375 0.0515625
0 0.89453125 0.4515625 0.0421875 0.0609375
0 0.825 0.4546875 0.046875 0.075
0 0.70234375 0.453125 0.0328125 0.0515625
0 0.15625 0.4453125 0.0421875 0.0703125
0 0.95234375 0.459375 0.046875 0.0703125
0 0.05390625 0.46015625 0.046875 0.065625
0 0.42421875 0.4703125 0.028125 0.0421875
0 0.30859375 0.47578125 0.0375 0.046875
0 0.60859375 0.50625 0.05625 0.084375
0 0.08828125 0.5 0.0609375 0.046875
0 0.26640625 0.5171875 0.0671875 0.09375
0 0.665625 0.5375 0.046875 0.075
0 0.23046875 0.54375 0.0328125 0.0703125
0 0.8546875 0.596875 0.0625 0.0984375
0 0.08203125 0.5875 0.090625 0.1078125
0 0.41640625 0.6328125 0.075 0.0890625
0 0.73203125 0.7125 0.084375 0.0890625
0 0.33671875 0.73046875 0.0984375 0.1171875
0 0.67578125 0.78359375 0.1265625 0.1359375