0 0.5390625 0.096875 0.0234375 0.0390625
0 0.24921875 0.146875 0.021875 0.0296875
0 0.55703125 0.10859375 0.021875 0.0265625
0 0.490625 0.11796875 0.021875 0.0265625
0 0.35703125 0.13671875 0.028125 0.0390625
0 0.0765625 0.18046875 0.0328125 0.0359375
0 0.4 0.13515625 0.021875 0.0296875
0 0.43359375 0.13046875 0.0265625 0.03125
0 0.31796875 0.1515625 0.0265625 0.0265625
0 0.73984375 0.09453125 0.0265625 0.03125
0 0.18046875 0.17578125 0.0234375 0.0390625
0 0.58515625 0.12109375 0.034375 0.0453125
0 0.6546875 0.11640625 0.028125 0.034375
0 0.80546875 0.0953125 0.0328125 0.040625
0 0.0171875 0.20546875 0.0296875 0.04375
0 0.35234375 0.1609375 0.028125 0.034375
0 0.26953125 0.17265625 0.028125 0.0390625
0 0.46171875 0.1453125 0.021875 0.0296875
0 0.41875 0.15390625 0.0234375 0.034375
0 0.54765625 0.14296875 0.0265625 0.03125
0 0.90859375 0.09453125 0.028125 0.0390625
0 0.50234375 0.153125 0.021875 0.0296875
0 0.31015625 0.18046875 0.028125 0.034375
0 0.44296875 0.16171875 0.0265625 0.021875
0 0.20703125 0.19453125 0.0296875 0.04375
0 0.5328125 0.14921875 0.0328125 0.0359375
0 0.075 0.2203125 0.0328125 0.0359375
0 0.178125 0.20625 0.0234375 0.0390625
0 0.39140625 0.17578125 0.028125 0.034375
0 0.36875 0.18125 0.0265625 0.03125
0 0.48203125 0.17265625 0.0265625 0.03125
0 0.340625 0.19765625 0.0265625 0.021875
0 0.2953125 0.20390625 0.0234375 0.034375
0 0.14375 0.22734375 0.0234375 0.0390625
0 0.115625 0.23125 0.0234375 0.034375
0 0.24453125 0.215625 0.0265625 0.0265625
0 0.6078125 0.16484375 0.021875 0.0296875
0 0.446875 0.1875 0.0265625 0.03125
0 0.38203125 0.19609375 0.0171875 0.0296875
0 0.69453125 0.1546875 0.028125 0.0390625
0 0.64921875 0.16328125 0.0265625 0.03125
0 0.0578125 0.24921875 0.0234375 0.034375
0 0.6859375 0.16328125 0.0234375 0.034375
0 0.940625 0.12734375 0.0203125 0.0421875
0 0.28046875 0.2203125 0.028125 0.0390625
0 0.3171875 0.2171875 0.028125 0.034375
0 0.7265625 0.16171875 0.028125 0.034375
0 0.24453125 0.2296875 0.0265625 0.03125
0 0.221875 0.23515625 0.0296875 0.04375
0 0.67421875 0.17421875 0.034375 0.0453125
0 0.74453125 0.1640625 0.028125 0.0390625
0 0.078125 0.2578125 0.034375 0.05
0 0.56171875 0.18984375 0.028125 0.0390625
0 0.809375 0.16015625 0.0328125 0.040625
0 0.3125 0.2296875 0.0265625 0.03125
0 0.18828125 0.246875 0.0234375 0.034375
0 0.26875 0.2359375 0.0234375 0.0390625
0 0.00703125 0.27578125 0.0140625 0.0296875
0 0.86953125 0.15625 0.0234375 0.034375
0 0.15234375 0.25703125 0.03125 0.0265625
0 0.7875 0.16796875 0.0234375 0.0390625
0 0.58828125 0.1953125 0.0265625 0.0265625
0 0.83828125 0.16328125 0.0234375 0.034375
0 0.8890625 0.15546875 0.0328125 0.040625
0 0.3453125 0.23203125 0.0171875 0.0296875
0 0.375 0.228125 0.0171875 0.0296875
0 0.36171875 0.2296875 0.0296875 0.04375
0 0.77421875 0.17421875 0.028125 0.034375
0 0.62265625 0.1953125 0.028125 0.034375
0 0.54140625 0.209375 0.028125 0.0390625
0 0.6375 0.19609375 0.0234375 0.034375
0 0.4609375 0.22109375 0.021875 0.021875
0 0.2546875 0.2515625 0.0234375 0.0390625
0 0.4046875 0.23515625 0.021875 0.0296875
0 0.1640625 0.27109375 0.021875 0.021875
0 0.4390625 0.23515625 0.028125 0.0390625
0 0.1890625 0.2703125 0.028125 0.034375
0 0.30703125 0.25546875 0.028125 0.034375
0 0.93046875 0.1703125 0.0375 0.0453125
0 0.121875 0.284375 0.028125 0.0390625
0 0.68984375 0.20703125 0.0328125 0.040625
0 0.603125 0.21875 0.0171875 0.0203125
0 0.65390625 0.21171875 0.034375 0.0453125
0 0.13984375 0.2859375 0.028125 0.034375
0 0.2140625 0.278125 0.021875 0.0296875
0 0.83515625 0.190625 0.028125 0.034375
0 0.528125 0.234375 0.034375 0.0453125
0 0.73515625 0.20703125 0.0296875 0.0484375
0 0.24453125 0.2765625 0.028125 0.0390625
0 0.47578125 0.24609375 0.0328125 0.040625
0 0.58828125 0.2328125 0.034375 0.05
0 0.715625 0.21953125 0.034375 0.0453125
0 0.8734375 0.2 0.021875 0.0265625
0 0.3609375 0.271875 0.028125 0.0390625
0 0.78984375 0.2140625 0.034375 0.0453125
0 0.1640625 0.3015625 0.0234375 0.034375
0 0.109375 0.31171875 0.034375 0.05
0 0.00859375 0.3296875 0.0171875 0.040625
0 0.29765625 0.2875 0.0375 0.040625
0 0.815625 0.2171875 0.0328125 0.040625
0 0.18828125 0.3078125 0.028125 0.0390625
0 0.3828125 0.2828125 0.0375 0.0453125
0 0.775 0.228125 0.03125 0.03125
0 0.33515625 0.29453125 0.034375 0.0453125
0 0.62890625 0.253125 0.034375 0.0453125
0 0.690625 0.246875 0.0328125 0.040625
0 0.8953125 0.2203125 0.028125 0.034375
0 0.05234375 0.3390625 0.0328125 0.0359375
0 0.253125 0.3109375 0.034375 0.028125
0 0.86875 0.228125 0.034375 0.0453125
0 0.14921875 0.33125 0.0234375 0.0390625
0 0.45234375 0.2984375 0.034375 0.05
0 0.48125 0.296875 0.028125 0.034375
0 0.18046875 0.3390625 0.034375 0.0453125
0 0.53828125 0.29140625 0.034375 0.0453125
0 0.10078125 0.35234375 0.034375 0.0453125
0 0.834375 0.2515625 0.021875 0.0296875
0 0.81171875 0.2546875 0.0234375 0.034375
0 0.9421875 0.23671875 0.0421875 0.05
0 0.3171875 0.3265625 0.034375 0.0453125
0 0.26640625 0.334375 0.0296875 0.04375
0 0.9109375 0.24609375 0.0375 0.05
0 0.23046875 0.34375 0.028125 0.0390625
0 0.77578125 0.2671875 0.0453125 0.0640625
0 0.13203125 0.3578125 0.0296875 0.04375
0 0.65 0.2875 0.034375 0.0453125
0 0.3890625 0.3265625 0.0375 0.0453125
0 0.61171875 0.2953125 0.0375 0.05
0 0.85234375 0.2609375 0.034375 0.0546875
0 0.96015625 0.25078125 0.015625 0.0421875
0 0.02265625 0.38046875 0.034375 0.0546875
0 0.71015625 0.2859375 0.0296875 0.04375
0 0.28984375 0.3546875 0.034375 0.05
0 0.1484375 0.37890625 0.0328125 0.040625
0 0.5046875 0.33125 0.0328125 0.0359375
0 0.07578125 0.39375 0.0390625 0.0546875
0 0.34609375 0.35625 0.03125 0.03125
0 0.73984375 0.309375 0.034375 0.05
0 0.82890625 0.29921875 0.034375 0.05
0 0.2171875 0.38515625 0.0265625 0.0265625
0 0.1265625 0.4 0.0375 0.0453125
0 0.01796875 0.415625 0.0234375 0.0390625
0 0.434375 0.36171875 0.0421875 0.05
0 0.0515625 0.41796875 0.034375 0.05
0 0.665625 0.33359375 0.028125 0.0390625
0 0.96640625 0.29140625 0.0234375 0.0390625
0 0.928125 0.29921875 0.0375 0.0453125
0 0.5796875 0.35546875 0.0421875 0.046875
0 0.6359375 0.35234375 0.0375 0.0453125
0 0.69140625 0.34453125 0.0375 0.05
0 0.36875 0.39453125 0.034375 0.0453125
0 0.21953125 0.41796875 0.0390625 0.0546875
0 0.290625 0.4078125 0.0375 0.040625
0 0.7859375 0.340625 0.0375 0.0453125
0 0.86953125 0.33359375 0.034375 0.05
0 0.0765625 0.4453125 0.0359375 0.0359375
0 0.0234375 0.45234375 0.0234375 0.034375
0 0.90859375 0.33046875 0.0375 0.0453125
0 0.1984375 0.4328125 0.034375 0.0453125
0 0.50546875 0.38984375 0.04375 0.0546875
0 0.56328125 0.38359375 0.034375 0.0546875
0 0.4140625 0.4046875 0.0390625 0.0546875
0 0.1375 0.44609375 0.0375 0.05
0 0.17265625 0.45078125 0.034375 0.05
0 0.33984375 0.42734375 0.034375 0.0453125
0 0.28046875 0.4390625 0.034375 0.0453125
0 0.9515625 0.35234375 0.04375 0.059375
0 0.0203125 0.48359375 0.040625 0.0546875
0 0.628125 0.39765625 0.0390625 0.0546875
0 0.10625 0.47578125 0.0375 0.0453125
0 0.484375 0.425 0.0328125 0.040625
0 0.86171875 0.37890625 0.04375 0.0546875
0 0.97421875 0.365625 0.0234375 0.0703125
0 0.33046875 0.45390625 0.0484375 0.05625
0 0.90390625 0.38046875 0.04375 0.0546875
0 0.7078125 0.41015625 0.0375 0.05
0 0.56328125 0.43515625 0.034375 0.05
0 0.653125 0.425 0.05 0.065625
0 0.80078125 0.41328125 0.046875 0.0515625
0 0.19375 0.5015625 0.0390625 0.0546875
0 0.5953125 0.446875 0.0453125 0.0640625
0 0.16484375 0.51015625 0.0421875 0.0421875
0 0.7375 0.4296875 0.04375 0.059375
0 0.43125 0.475 0.028125 0.0390625
0 0.2734375 0.496875 0.0421875 0.0421875
0 0.46484375 0.4703125 0.04375 0.0546875
0 0.50703125 0.46640625 0.0375 0.0453125
0 0.0234375 0.534375 0.0421875 0.05
0 0.09921875 0.53046875 0.0421875 0.05
0 0.40078125 0.48828125 0.0484375 0.05625
0 0.059375 0.54296875 0.0390625 0.0546875
0 0.3265625 0.51015625 0.0375 0.05
0 0.9796875 0.4234375 0.034375 0.05
0 0.84921875 0.44375 0.05 0.065625
0 0.5546875 0.4921875 0.04375 0.059375
0 0.25078125 0.53984375 0.0375 0.05
0 0.9578125 0.4453125 0.04375 0.0546875
0 0.78359375 0.47421875 0.05 0.065625
0 0.36953125 0.53515625 0.0390625 0.0546875
0 0.14609375 0.5734375 0.04375 0.0546875
0 0.47421875 0.534375 0.0421875 0.046875
0 0.57890625 0.53046875 0.0484375 0.05625
0 0.0296875 0.61015625 0.0453125 0.0640625
0 0.7203125 0.51796875 0.0453125 0.0640625
0 0.878125 0.49609375 0.04375 0.0546875
0 0.64921875 0.53046875 0.0390625 0.059375
0 0.45 0.55859375 0.0421875 0.046875
0 0.21640625 0.59140625 0.0375 0.0453125
0 0.5359375 0.55546875 0.0453125 0.06875
0 0.9578125 0.5109375 0.04375 0.059375
0 0.3625 0.60390625 0.0390625 0.0546875
0 0.29296875 0.6203125 0.0390625 0.0546875
0 0.14609375 0.6453125 0.0375 0.05
0 0.07265625 0.65546875 0.04375 0.0546875
0 0.4625 0.6125 0.034375 0.0546875
0 0.21796875 0.6515625 0.04375 0.0546875
0 0.69453125 0.58671875 0.059375 0.0765625
0 0.609375 0.59921875 0.05 0.0703125
0 0.51171875 0.61484375 0.0546875 0.0703125
0 0.92890625 0.55859375 0.0515625 0.0796875
0 0.8046875 0.5765625 0.05 0.065625
0 0.39921875 0.6453125 0.05 0.065625
0 0.2359375 0.7171875 0.04375 0.059375
0 0.30703125 0.72109375 0.0453125 0.06875
0 0.1375 0.784375 0.04375 0.059375