0 0.54453125 0.38359375 0.0109375 0.0109375
0 0.99765625 0.4734375 0.0046875 0.015625
0 0.80390625 0.440625 0.0109375 0.0109375
0 0.553125 0.396875 0.0109375 0.0109375
0 0.98828125 0.47578125 0.0078125 0.0140625
0 0.546875 0.39765625 0.0109375 0.015625
0 0.9796875 0.47421875 0.0109375 0.015625
0 0.40703125 0.3734375 0.0109375 0.015625
0 0.9515625 0.471875 0.00625 0.009375
0 0.61171875 0.41171875 0.0109375 0.015625
0 0.56640625 0.40390625 0.0109375 0.015625
0 0.79453125 0.44375 0.0109375 0.015625
0 0.64375 0.41953125 0.0109375 0.0109375
0 0.7484375 0.43828125 0.0109375 0.015625
0 0.96484375 0.4765625 0.0171875 0.0203125
0 0.7875 0.4453125 0.0109375 0.0109375
0 0.61796875 0.41796875 0.0125 0.0203125
0 0.6546875 0.42421875 0.0109375 0.015625
0 0.83671875 0.45625 0.0171875 0.025
0 0.87734375 0.46328125 0.0109375 0.015625
0 0.73203125 0.43984375 0.0171875 0.0203125
0 0.86328125 0.46328125 0.0109375 0.015625
0 0.696875 0.434375 0.0171875 0.0203125
0 0.9046875 0.4703125 0.0109375 0.015625
0 0.80859375 0.45625 0.015625 0.015625
0 0.8015625 0.4546875 0.0109375 0.015625
0 0.6609375 0.4296875 0.0109375 0.015625
0 0.99296875 0.48828125 0.0078125 0.0140625
0 0.82421875 0.45859375 0.0109375 0.015625
0 0.91640625 0.475 0.0109375 0.015625
0 0.765625 0.4484375 0.015625 0.015625
0 0.5921875 0.4203125 0.0109375 0.0109375
0 0.7765625 0.453125 0.015625 0.015625
0 0.45234375 0.3953125 0.0171875 0.0203125
0 0.56640625 0.415625 0.015625 0.015625
0 0.6734375 0.434375 0.0109375 0.0109375
0 0.94453125 0.484375 0.0109375 0.015625
0 0.64609375 0.43125 0.015625 0.015625
0 0.97265625 0.4890625 0.0109375 0.015625
0 0.575 0.41875 0.0171875 0.0203125
0 0.6296875 0.42890625 0.0109375 0.015625
0 0.84453125 0.46875 0.015625 0.015625
0 0.82734375 0.46796875 0.015625 0.015625
0 0.984375 0.49609375 0.0109375 0.015625
0 0.89140625 0.4796875 0.0109375 0.015625
0 0.96484375 0.4921875 0.0109375 0.015625
0 0.3125 0.37734375 0.0125 0.0203125
0 0.74765625 0.45390625 0.0171875 0.0203125
0 0.61484375 0.4328125 0.015625 0.015625
0 0.77734375 0.46171875 0.015625 0.015625
0 0.02734375 0.3296875 0.0125 0.0203125
0 0.6875 0.4484375 0.015625 0.015625
0 0.215625 0.36484375 0.0171875 0.025
0 0.59453125 0.43203125 0.0171875 0.0203125
0 0.2796875 0.3765625 0.015625 0.015625
0 0.721875 0.4546875 0.015625 0.015625
0 0.0859375 0.34453125 0.0109375 0.0109375
0 0.20625 0.365625 0.015625 0.015625
0 0.35703125 0.3921875 0.021875 0.021875
0 0.25625 0.37421875 0.0171875 0.0203125
0 0.6578125 0.4453125 0.021875 0.021875
0 0.703125 0.453125 0.021875 0.0265625
0 0.73671875 0.46171875 0.0109375 0.015625
0 0.1671875 0.36328125 0.0171875 0.0203125
0 0.3265625 0.39140625 0.0171875 0.0203125
0 0.8921875 0.49140625 0.0109375 0.0109375
0 0.234375 0.38046875 0.015625 0.015625
0 0.909375 0.49921875 0.0109375 0.015625
0 0.140625 0.3640625 0.0125 0.0203125
0 0.5265625 0.43203125 0.0171875 0.0203125
0 0.93203125 0.503125 0.021875 0.0265625
0 0.26875 0.3859375 0.0171875 0.0203125
0 0.47265625 0.4296875 0.0171875 0.025
0 0.103125 0.3640625 0.0171875 0.0203125
0 0.515625 0.43671875 0.0171875 0.0203125
0 0.7578125 0.4796875 0.015625 0.015625
0 0.89140625 0.50546875 0.0171875 0.0203125
0 0.03671875 0.3546875 0.0125 0.0203125
0 0.30703125 0.4046875 0.0171875 0.0203125
0 0.184375 0.38359375 0.0171875 0.0203125
0 0.19609375 0.38515625 0.0109375 0.015625
0 0.2046875 0.38671875 0.015625 0.015625
0 0.29609375 0.403125 0.0171875 0.0203125
0 0.115625 0.37109375 0.0171875 0.0203125
0 0.5515625 0.44765625 0.021875 0.0265625
0 0.1359375 0.37734375 0.0171875 0.0203125
0 0.24765625 0.396875 0.0171875 0.0203125
0 0.56484375 0.45234375 0.0171875 0.025
0 0.06953125 0.36796875 0.0171875 0.0203125
0 0.0265625 0.36015625 0.0171875 0.0203125
0 0.04296875 0.36328125 0.0171875 0.0203125
0 0.971875 0.52890625 0.0109375 0.015625
0 0.5390625 0.45546875 0.0171875 0.0203125
0 0.40625 0.43203125 0.0265625 0.0265625
0 0.2671875 0.409375 0.0171875 0.0203125
0 0.98203125 0.5359375 0.0171875 0.025
0 0.26015625 0.40859375 0.0171875 0.025
0 0.53359375 0.45703125 0.0171875 0.0203125
0 0.1046875 0.38359375 0.021875 0.021875
0 0.2 0.4 0.0171875 0.025
0 0.3328125 0.4234375 0.015625 0.0109375
0 0.021875 0.3734375 0.0171875 0.0203125
0 0.1359375 0.39375 0.021875 0.021875
0 0.47734375 0.45390625 0.0171875 0.0203125
0 0.35 0.43359375 0.021875 0.0265625
0 0.853125 0.52265625 0.0171875 0.025
0 0.49765625 0.46015625 0.0171875 0.025
0 0.2109375 0.409375 0.021875 0.021875
0 0.08984375 0.38828125 0.0125 0.0203125
0 0.79296875 0.5140625 0.0171875 0.0203125
0 0.07578125 0.3875 0.0171875 0.0203125
0 0.33359375 0.43359375 0.015625 0.015625
0 0.65390625 0.49609375 0.0171875 0.025
0 0.15703125 0.40859375 0.021875 0.0265625
0 0.7328125 0.51015625 0.021875 0.021875
0 0.76015625 0.5171875 0.0171875 0.025
0 0.74609375 0.5171875 0.0171875 0.025
0 0.26953125 0.43359375 0.01875 0.0296875
0 0.784375 0.52421875 0.0171875 0.025
0 0.76640625 0.5234375 0.0171875 0.0203125
0 0.709375 0.515625 0.0171875 0.0203125
0 0.66953125 0.5109375 0.0171875 0.0203125
0 0.8015625 0.534375 0.0171875 0.0203125
0 0.07734375 0.40625 0.0171875 0.0203125
0 0.69921875 0.51640625 0.015625 0.015625
0 0.7296875 0.53125 0.0171875 0.0203125
0 0.43984375 0.48203125 0.021875 0.021875
0 0.5921875 0.51171875 0.0171875 0.025
0 0.62421875 0.5171875 0.0171875 0.025
0 0.37265625 0.475 0.0171875 0.025
0 0.69375 0.534375 0.0171875 0.0203125
0 0.30546875 0.4703125 0.021875 0.0265625
0 0.38046875 0.48359375 0.021875 0.021875
0 0.33046875 0.47734375 0.0234375 0.03125
0 0.7796875 0.56328125 0.021875 0.0265625
0 0.25 0.4796875 0.021875 0.021875
0 0.44921875 0.521875 0.021875 0.0265625
0 0.7453125 0.57421875 0.0171875 0.0203125
0 0.28203125 0.49375 0.0234375 0.03125
0 0.81171875 0.59921875 0.0171875 0.0203125
0 0.3046875 0.51484375 0.0171875 0.0203125
0 0.61875 0.57265625 0.021875 0.0265625
0 0.9328125 0.6328125 0.021875 0.0265625
0 0.5625 0.571875 0.021875 0.021875
0 0.07890625 0.4890625 0.0296875 0.040625
0 0.33125 0.540625 0.028125 0.03125
0 0.571875 0.58828125 0.0265625 0.0265625
0 0.46171875 0.59375 0.021875 0.021875
0 0.64140625 0.628125 0.0171875 0.0203125
0 0.34296875 0.60390625 0.028125 0.03125
0 0.31953125 0.62109375 0.028125 0.03125
0 0.35 0.64296875 0.0265625 0.0265625
0 0.290625 0.63671875 0.0328125 0.0359375
0 0.87578125 0.76640625 0.0234375 0.034375
0 0.8984375 0.78671875 0.028125 0.0359375
0 0.8859375 0.80546875 0.028125 0.0359375
0 0.6609375 0.85078125 0.021875 0.0265625
0 0.5953125 0.8625 0.0296875 0.040625
0 0.15546875 0.8390625 0.0359375 0.0328125