0 0.11796875 0.27265625 0.00625 0.00625
0 0.10078125 0.27578125 0.00625 0.00625
0 0.1484375 0.26640625 0.00625 0.00625
0 0.16796875 0.2625 0.00625 0.009375
0 0.184375 0.26171875 0.00625 0.009375
0 0.28515625 0.2421875 0.00625 0.00625
0 0.31171875 0.2375 0.0125 0.015625
0 0.41640625 0.2171875 0.00625 0.009375
0 0.11171875 0.2765625 0.0078125 0.0140625
0 0.128125 0.275 0.00625 0.00625
0 0.36953125 0.22890625 0.00625 0.009375
0 0.3015625 0.24375 0.009375 0.00625
0 0.33203125 0.240625 0.0125 0.015625
0 0.27734375 0.2515625 0.0125 0.0203125
0 0.3203125 0.24296875 0.0125 0.015625
0 0.4546875 0.21640625 0.0078125 0.0140625
0 0.33671875 0.2421875 0.0078125 0.0140625
0 0.42734375 0.22421875 0.0125 0.0203125
0 0.36640625 0.23828125 0.0078125 0.0140625
0 0.70546875 0.17265625 0.0125 0.015625
0 0.75546875 0.16328125 0.0125 0.015625
0 0.4484375 0.22265625 0.0125 0.015625
0 0.59453125 0.19453125 0.0171875 0.0171875
0 0.41328125 0.2359375 0.0125 0.0203125
0 0.7609375 0.18046875 0.0125 0.015625
0 0.23359375 0.30390625 0.0296875 0.040625
0 0.26796875 0.3 0.0296875 0.0359375
0 0.015625 0.3515625 0.0234375 0.0265625
0 0.01015625 0.371875 0.0203125 0.0375
0 0.21171875 0.3390625 0.040625 0.05625
0 0.5265625 0.296875 0.034375 0.0375
0 0.071875 0.3875 0.028125 0.0328125
0 0.10234375 0.38125 0.0296875 0.040625
0 0.62734375 0.28203125 0.04375 0.04375
0 0.20625 0.3734375 0.0359375 0.05
0 0.8234375 0.2578125 0.0515625 0.0625
0 0.26015625 0.3703125 0.028125 0.0328125
0 0.57109375 0.309375 0.034375 0.0375
0 0.51953125 0.321875 0.04375 0.046875
0 0.37890625 0.35390625 0.040625 0.0515625
0 0.2734375 0.37890625 0.0296875 0.040625
0 0.24296875 0.3875 0.04375 0.046875
0 0.62265625 0.31640625 0.0390625 0.046875
0 0.7546875 0.30859375 0.0421875 0.0609375
0 0.16015625 0.4265625 0.0359375 0.0453125
0 0.32109375 0.40234375 0.0359375 0.05
0 0.5734375 0.35625 0.0421875 0.065625
0 0.0171875 0.46640625 0.034375 0.0609375
0 0.51640625 0.36953125 0.040625 0.0515625
0 0.73359375 0.3296875 0.0421875 0.0609375
0 0.6671875 0.3421875 0.0453125 0.0515625
0 0.08359375 0.45859375 0.0390625 0.0421875
0 0.06484375 0.4671875 0.025 0.034375
0 0.3515625 0.415625 0.046875 0.065625
0 0.14375 0.465625 0.040625 0.05625
0 0.79609375 0.359375 0.0515625 0.0625
0 0.5703125 0.41328125 0.0515625 0.0625
0 0.27421875 0.4875 0.053125 0.071875
0 0.41640625 0.46953125 0.075 0.09375
0 0.14921875 0.57265625 0.06875 0.0828125
0 0.61328125 0.4875 0.0546875 0.0765625
0 0.8 0.45390625 0.06875 0.0828125
0 0.98046875 0.45234375 0.0390625 0.0703125
0 0.4046875 0.56796875 0.053125 0.071875
0 0.26875 0.6328125 0.05625 0.0625
0 0.38359375 0.67890625 0.0703125 0.065625
0 0.04609375 0.7484375 0.009375 0.00625
0 0.16953125 0.77890625 0.0984375 0.11875
0 0.3828125 0.74609375 0.0765625 0.0984375
0 0.89609375 0.70859375 0.065625 0.0921875
0 0.68046875 0.77109375 0.078125 0.0890625
0 0.559375 0.79453125 0.08125 0.0984375
0 0.35234375 0.85859375 0.1 0.1078125
0 0.87109375 0.76015625 0.078125 0.10625