0 0.97421875 0.31875 0.0515625 0.103125
0 0.8953125 0.32421875 0.06875 0.1171875
0 0.54296875 0.32578125 0.0921875 0.128125
0 0.6859375 0.3375 0.059375 0.103125
0 0.08203125 0.3296875 0.0640625 0.1171875
0 0.21640625 0.34375 0.078125 0.128125
0 0.4421875 0.36328125 0.0640625 0.1125
0 0.73984375 0.39296875 0.078125 0.128125
0 0.34453125 0.44140625 0.0890625 0.15625
0 0.8203125 0.471875 0.096875 0.1375
0 0.6796875 0.51796875 0.10625 0.1234375
0 0.565625 0.21328125 0.0421875 0.0421875
0 0.815625 0.221875 0.0453125 0.09375
0 0.14453125 0.1984375 0.04375 0.075
0 0.63046875 0.21796875 0.0390625 0.0703125
0 0.984375 0.234375 0.03125 0.046875
0 0.2453125 0.2171875 0.0578125 0.0765625
0 0.696875 0.23828125 0.04375 0.0609375
0 0.54609375 0.2375 0.053125 0.0484375
0 0.50234375 0.240625 0.053125 0.0625
0 0.934375 0.26015625 0.04375 0.0703125
0 0.1 0.23125 0.046875 0.04375
0 0.84921875 0.26171875 0.0546875 0.0953125
0 0.99375 0.27421875 0.0125 0.0703125
0 0.02734375 0.24296875 0.040625 0.1125
0 0.42265625 0.25625 0.0484375 0.0796875
0 0.7921875 0.28359375 0.0390625 0.0703125
0 0.34375 0.2703125 0.053125 0.090625
0 0.16328125 0.2703125 0.0546875 0.1125
0 0.6515625 0.28984375 0.0453125 0.09375