0 0.72890625 0.06171875 0.021875 0.034375
0 0.15703125 0.91328125 0.034375 0.0578125
0 0.7953125 0.853125 0.0265625 0.0390625
0 0.9265625 0.04140625 0.021875 0.0296875
0 0.35859375 0.10078125 0.021875 0.0296875
0 0.08125 0.928125 0.034375 0.0578125
0 0.834375 0.8515625 0.0328125 0.04375
0 0.49921875 0.8890625 0.0328125 0.04375
0 0.99140625 0.84140625 0.0171875 0.0484375
0 0.35703125 0.9109375 0.028125 0.04375
0 0.65234375 0.884375 0.0328125 0.0484375
0 0.5921875 0.890625 0.0328125 0.053125
0 0.42890625 0.9078125 0.0375 0.053125
0 0.92421875 0.85859375 0.0234375 0.0484375
0 0.3125 0.925 0.0328125 0.053125
0 0.90078125 0.86328125 0.034375 0.0578125
0 0.96796875 0.85859375 0.0328125 0.053125
0 0.9453125 0.8609375 0.028125 0.053125
0 0.1234375 0.9484375 0.0421875 0.059375
0 0.2390625 0.93671875 0.0328125 0.04375
0 0.8765625 0.871875 0.0375 0.0578125
0 0.3796875 0.92421875 0.028125 0.04375
0 0.06484375 0.96171875 0.034375 0.0671875
0 0.8515625 0.8796875 0.0375 0.053125
0 0.7703125 0.0625 0.021875 0.034375
0 0.69375 0.8984375 0.0375 0.0625
0 0.3515625 0.95078125 0.028125 0.0484375
0 0.328125 0.10859375 0.0171875 0.0296875
0 0.43203125 0.09921875 0.021875 0.034375
0 0.80546875 0.90546875 0.0359375 0.04375
0 0.03671875 0.14296875 0.0171875 0.0296875
0 0.89765625 0.05546875 0.021875 0.034375
0 0.465625 0.103125 0.0171875 0.0296875
0 0.5109375 0.0984375 0.021875 0.0296875
0 0.39140625 0.1109375 0.021875 0.0296875
0 0.190625 0.04140625 0.021875 0.025
0 0.32734375 0.02734375 0.021875 0.025
0 0.14296875 0.1390625 0.0171875 0.025
0 0.93984375 0.05546875 0.021875 0.034375
0 0.62421875 0.090625 0.021875 0.0296875
0 0.0859375 0.14765625 0.021875 0.0296875
0 0.1875 0.1390625 0.021875 0.0390625
0 0.6546875 0.08984375 0.015625 0.0203125
0 0.54921875 0.10390625 0.0171875 0.0296875
0 0.2484375 0.03515625 0.0171875 0.025
0 0.24140625 0.140625 0.021875 0.0390625
0 0.28515625 0.13828125 0.0265625 0.0390625
0 0.57265625 0.1109375 0.021875 0.0296875
0 0.1265625 0.05078125 0.021875 0.0296875
0 0.321875 0.1390625 0.0171875 0.0296875
0 0.446875 0.13046875 0.0265625 0.0390625
0 0.378125 0.13828125 0.0265625 0.034375
0 0.5953125 0.11796875 0.0171875 0.0328125
0 0.42265625 0.1359375 0.021875 0.034375
0 0.37734375 0.02421875 0.0203125 0.0203125
0 0.3015625 0.03203125 0.0171875 0.0296875
0 0.08359375 0.1734375 0.0171875 0.0328125
0 0.14609375 0.16953125 0.0171875 0.0296875
0 0.54296875 0.13046875 0.0171875 0.0296875
0 0.66484375 0.1171875 0.021875 0.0296875
0 0.50546875 0.134375 0.021875 0.034375
0 0.93359375 0.0890625 0.021875 0.0296875
0 0.565625 0.13046875 0.021875 0.0296875
0 0.6328125 0.1234375 0.021875 0.0296875
0 0.9 0.09765625 0.021875 0.034375
0 0.11953125 0.1796875 0.021875 0.034375
0 0.81484375 0.10859375 0.0171875 0.0328125
0 0.78515625 0.11171875 0.021875 0.0390625
0 0.709375 0.11953125 0.021875 0.034375
0 0.85 0.1046875 0.0171875 0.025
0 0.1984375 0.17578125 0.021875 0.0296875
0 0.15 0.05078125 0.0171875 0.025
0 0.39921875 0.02421875 0.021875 0.025
0 0.28203125 0.17421875 0.0171875 0.025
0 0.0125 0.2046875 0.021875 0.0390625
0 0.24140625 0.18203125 0.021875 0.034375
0 0.428125 0.1671875 0.021875 0.0296875
0 0.4625 0.1640625 0.0171875 0.0328125
0 0.48828125 0.1609375 0.021875 0.0390625
0 0.0640625 0.21015625 0.0234375 0.04375
0 0.5328125 0.165625 0.021875 0.034375
0 0.85703125 0.13203125 0.021875 0.034375
0 0.14296875 0.20703125 0.028125 0.04375
0 0.109375 0.21015625 0.021875 0.0296875
0 0.56484375 0.16484375 0.0171875 0.0296875
0 0.61328125 0.159375 0.021875 0.0296875
0 0.52265625 0.0140625 0.0171875 0.028125
0 0.93984375 0.128125 0.0265625 0.0390625
0 0.89921875 0.13203125 0.021875 0.0296875
0 0.75625 0.14921875 0.0234375 0.04375
0 0.79140625 0.1484375 0.021875 0.0390625
0 0.65546875 0.16484375 0.0171875 0.0296875
0 0.82578125 0.14921875 0.021875 0.034375
0 0.30390625 0.20390625 0.0171875 0.0328125
0 0.190625 0.21796875 0.0171875 0.0328125
0 0.40078125 0.19609375 0.0265625 0.0390625
0 0.4265625 0.1984375 0.021875 0.0390625
0 0.44765625 0.02421875 0.028125 0.04375
0 0.3296875 0.2109375 0.0171875 0.0328125
0 0.4921875 0.20078125 0.0171875 0.0328125
0 0.46640625 0.203125 0.0171875 0.0296875
0 0.62421875 0.19140625 0.021875 0.034375
0 0.2265625 0.046875 0.021875 0.034375
0 0.54609375 0.01328125 0.021875 0.025
0 0.58125 0.01328125 0.021875 0.0265625
0 0.0171875 0.06953125 0.021875 0.034375
0 0.0828125 0.253125 0.0265625 0.034375
0 0.8109375 0.1765625 0.021875 0.034375
0 0.9265625 0.16953125 0.021875 0.034375
0 0.84296875 0.178125 0.021875 0.034375
0 0.6546875 0.2 0.021875 0.0296875
0 0.95625 0.16875 0.01875 0.046875
0 0.4734375 0.02109375 0.0171875 0.0296875
0 0.31015625 0.23828125 0.021875 0.034375
0 0.6875 0.20078125 0.0171875 0.025
0 0.13203125 0.259375 0.021875 0.0390625
0 0.27265625 0.24453125 0.021875 0.034375
0 0.7375 0.00546875 0.021875 0.0109375
0 0.3859375 0.2390625 0.0171875 0.0296875
0 0.02109375 0.28515625 0.021875 0.0390625
0 0.4265625 0.24453125 0.021875 0.0390625
0 0.64296875 0.2265625 0.021875 0.0296875
0 0.47109375 0.24453125 0.0171875 0.0328125
0 0.571875 0.23671875 0.021875 0.034375
0 0.50390625 0.24375 0.021875 0.034375
0 0.609375 0.234375 0.021875 0.034375
0 0.69921875 0.2296875 0.021875 0.0296875
0 0.1125 0.29140625 0.021875 0.0390625
0 0.78515625 0.2234375 0.021875 0.034375
0 0.753125 0.2265625 0.021875 0.0296875
0 0.8546875 0.21875 0.021875 0.025
0 0.8265625 0.2234375 0.0328125 0.04375
0 0.1546875 0.29453125 0.021875 0.034375
0 0.1921875 0.29296875 0.0171875 0.0296875
0 0.5125 0.021875 0.015625 0.015625
0 0.23671875 0.2953125 0.021875 0.034375
0 0.6703125 0.0109375 0.021875 0.021875
0 0.85390625 0.23515625 0.021875 0.025
0 0.2875 0.29453125 0.021875 0.0390625
0 0.46015625 0.27890625 0.021875 0.0390625
0 0.33125 0.2921875 0.0265625 0.034375
0 0.41171875 0.28359375 0.0234375 0.04375
0 0.053125 0.321875 0.028125 0.04375
0 0.775 0.00546875 0.021875 0.0109375
0 0.2921875 0.04765625 0.021875 0.0296875
0 0.36875 0.29296875 0.0265625 0.034375
0 0.50078125 0.28046875 0.0171875 0.0375
0 0.0765625 0.325 0.028125 0.04375
0 0.5609375 0.28125 0.021875 0.0390625
0 0.58828125 0.27890625 0.021875 0.0296875
0 0.88515625 0.25 0.028125 0.04375
0 0.934375 0.246875 0.0234375 0.04375
0 0.96640625 0.24375 0.021875 0.034375
0 0.6421875 0.2796875 0.028125 0.04375
0 0.7921875 0.2640625 0.0171875 0.0328125
0 0.62578125 0.01484375 0.015625 0.0203125
0 0.06171875 0.07421875 0.021875 0.034375
0 0.7484375 0.26875 0.021875 0.034375
0 0.8515625 0.26015625 0.021875 0.0296875
0 0.13125 0.3359375 0.021875 0.034375
0 0.17578125 0.3359375 0.021875 0.034375
0 0.35703125 0.04296875 0.021875 0.0296875
0 0.66640625 0.2890625 0.0265625 0.0390625
0 0.7 0.01015625 0.021875 0.0203125
0 0.33828125 0.33515625 0.021875 0.0296875
0 0.02109375 0.3734375 0.021875 0.0390625
0 0.921875 0.28359375 0.021875 0.025
0 0.85234375 0.290625 0.021875 0.034375
0 0.32421875 0.04765625 0.0171875 0.0296875
0 0.11953125 0.375 0.021875 0.034375
0 0.0546875 0.384375 0.021875 0.034375
0 0.71328125 0.31484375 0.021875 0.0390625
0 0.17734375 0.3734375 0.040625 0.0359375
0 0.22734375 0.36875 0.0265625 0.034375
0 0.25859375 0.37109375 0.021875 0.0390625
0 0.3078125 0.37578125 0.021875 0.0390625
0 0.41796875 0.3640625 0.0265625 0.0390625
0 0.628125 0.346875 0.021875 0.025
0 0.46953125 0.36796875 0.0265625 0.034375
0 0.35234375 0.38046875 0.021875 0.0390625
0 0.5296875 0.36640625 0.0265625 0.034375
0 0.03046875 0.41875 0.028125 0.04375
0 0.92890625 0.3265625 0.0265625 0.0390625
0 0.70390625 0.353125 0.0171875 0.0328125
0 0.58828125 0.3671875 0.021875 0.034375
0 0.8046875 0.34453125 0.0265625 0.0390625
0 0.96640625 0.3296875 0.0234375 0.04375
0 0.7203125 0.35859375 0.028125 0.04375
0 0.003125 0.4359375 0.00625 0.0375
0 0.38984375 0.0484375 0.021875 0.025
0 0.07578125 0.428125 0.0265625 0.0390625
0 0.88203125 0.34609375 0.028125 0.04375
0 0.8453125 0.3546875 0.0265625 0.0390625
0 0.246875 0.4171875 0.0328125 0.04375
0 0.15234375 0.07265625 0.021875 0.0390625
0 0.1421875 0.43515625 0.028125 0.04375
0 0.3265625 0.41640625 0.0265625 0.0390625
0 0.18125 0.43359375 0.0265625 0.034375
0 0.2828125 0.42578125 0.021875 0.0390625
0 0.375 0.41953125 0.028125 0.0484375
0 0.55546875 0.0328125 0.021875 0.0296875
0 0.61953125 0.3984375 0.021875 0.034375
0 0.41484375 0.4203125 0.0265625 0.0390625
0 0.69453125 0.39765625 0.0265625 0.034375
0 0.5515625 0.41328125 0.021875 0.0390625
0 0.65234375 0.4046875 0.021875 0.0390625
0 0.76875 0.39453125 0.021875 0.0390625
0 0.90234375 0.38984375 0.0265625 0.0390625
0 0.8453125 0.39609375 0.0265625 0.0390625
0 0.10859375 0.47578125 0.028125 0.04375
0 0.5953125 0.03125 0.0171875 0.0328125
0 0.66171875 0.02421875 0.0265625 0.0296875
0 0.81328125 0.40390625 0.021875 0.0390625
0 0.528125 0.03828125 0.0171875 0.0296875
0 0.8125 0.01171875 0.021875 0.0234375
0 0.31796875 0.47265625 0.0265625 0.0390625
0 0.50546875 0.04296875 0.021875 0.0296875
0 0.71953125 0.0203125 0.021875 0.0296875
0 0.153125 0.49453125 0.0265625 0.0296875
0 0.36953125 0.47421875 0.028125 0.04375
0 0.42890625 0.46796875 0.021875 0.0390625
0 0.54140625 0.45625 0.021875 0.0390625
0 0.25234375 0.4890625 0.028125 0.0484375
0 0.11640625 0.08359375 0.021875 0.0296875
0 0.19765625 0.496875 0.0265625 0.0390625
0 0.590625 0.45625 0.021875 0.0390625
0 0.7734375 0.4390625 0.021875 0.034375
0 0.94609375 0.42265625 0.021875 0.0296875
0 0.84453125 0.0109375 0.0171875 0.021875
0 0.73203125 0.44765625 0.0328125 0.04375
0 0.98828125 0.42734375 0.0171875 0.0296875
0 0.78671875 0.015625 0.0171875 0.0296875
0 0.18046875 0.0796875 0.021875 0.0296875
0 0.42265625 0.05390625 0.021875 0.0390625
0 0.48671875 0.04765625 0.021875 0.0296875
0 0.85703125 0.44609375 0.021875 0.0390625
0 0.90390625 0.4484375 0.021875 0.034375
0 0.0109375 0.54375 0.021875 0.04375
0 0.0625 0.54609375 0.028125 0.0484375
0 0.11328125 0.5453125 0.021875 0.0390625
0 0.25859375 0.5296875 0.0265625 0.034375
0 0.565625 0.04140625 0.0171875 0.0296875
0 0.8828125 0.01015625 0.021875 0.0203125
0 0.93984375 0.00703125 0.0171875 0.0140625
0 0.4484375 0.05390625 0.021875 0.034375
0 0.3890625 0.52578125 0.028125 0.04375
0 0.14453125 0.5515625 0.028125 0.0484375
0 0.30625 0.53671875 0.0265625 0.0390625
0 0.47421875 0.521875 0.028125 0.04375
0 0.26484375 0.07578125 0.0171875 0.0328125
0 0.4390625 0.53671875 0.021875 0.0390625
0 0.62578125 0.0375 0.0171875 0.0296875
0 0.90625 0.0125 0.021875 0.025
0 0.56796875 0.525 0.0328125 0.053125
0 0.6046875 0.5234375 0.021875 0.0390625
0 0.6421875 0.521875 0.021875 0.034375
0 0.9484375 0.4921875 0.0234375 0.04375
0 0.69765625 0.03203125 0.021875 0.0390625
0 0.7640625 0.025 0.021875 0.0296875
0 0.903125 0.49921875 0.0265625 0.0390625
0 0.5203125 0.53984375 0.028125 0.053125
0 0.76953125 0.515625 0.03125 0.0390625
0 0.99296875 0.49375 0.0140625 0.0375
0 0.01875 0.10390625 0.0171875 0.0296875
0 0.21953125 0.59453125 0.0328125 0.04375
0 0.0578125 0.61171875 0.03125 0.0390625
0 0.01640625 0.61640625 0.0171875 0.0375
0 0.16171875 0.603125 0.0328125 0.04375
0 0.265625 0.5921875 0.028125 0.04375
0 0.3421875 0.5890625 0.028125 0.04375
0 0.12109375 0.6171875 0.0265625 0.0390625
0 0.43203125 0.584375 0.028125 0.04375
0 0.48671875 0.59453125 0.021875 0.0390625
0 0.68203125 0.57578125 0.028125 0.04375
0 0.63671875 0.5828125 0.0234375 0.04375
0 0.39765625 0.6078125 0.028125 0.04375
0 0.5609375 0.59140625 0.028125 0.04375
0 0.82578125 0.565625 0.0265625 0.034375
0 0.87421875 0.5625 0.0328125 0.04375
0 0.98671875 0.55078125 0.021875 0.034375
0 0.33671875 0.07734375 0.0171875 0.0296875
0 0.2390625 0.653125 0.028125 0.04375
0 0.19296875 0.66015625 0.028125 0.04375
0 0.3421875 0.65390625 0.0234375 0.04375
0 0.3 0.08359375 0.0171875 0.025
0 0.071875 0.6828125 0.0328125 0.053125
0 0.14609375 0.675 0.0328125 0.053125
0 0.28984375 0.6640625 0.028125 0.0484375
0 0.475 0.65625 0.0265625 0.0390625
0 0.571875 0.65234375 0.0234375 0.04375
0 0.609375 0.6484375 0.028125 0.04375
0 0.6640625 0.64296875 0.028125 0.04375
0 0.40390625 0.075 0.0171875 0.0296875
0 0.83671875 0.62734375 0.028125 0.04375
0 0.72890625 0.640625 0.028125 0.04375
0 0.88828125 0.6265625 0.021875 0.0390625
0 0.8046875 0.63515625 0.0265625 0.034375
0 0.5359375 0.665625 0.0328125 0.053125
0 0.3671875 0.07890625 0.0171875 0.025
0 0.9328125 0.63125 0.021875 0.0390625
0 0.98359375 0.62578125 0.028125 0.04375
0 0.8875 0.0265625 0.021875 0.0296875
0 0.0546875 0.05078125 0.015625 0.015625
0 0.090625 0.7453125 0.028125 0.04375
0 0.575 0.06171875 0.021875 0.0296875
0 0.603125 0.70390625 0.0328125 0.04375
0 0.04375 0.76484375 0.0328125 0.0484375
0 0.30234375 0.73984375 0.028125 0.053125
0 0.2078125 0.75390625 0.0328125 0.0484375
0 0.3484375 0.7390625 0.028125 0.0484375
0 0.89140625 0.684375 0.0328125 0.0484375
0 0.396875 0.7359375 0.028125 0.04375
0 0.50234375 0.725 0.028125 0.04375
0 0.8390625 0.6921875 0.0328125 0.053125
0 0.23828125 0.75546875 0.028125 0.04375
0 0.65546875 0.71640625 0.028125 0.04375
0 0.79140625 0.7015625 0.028125 0.04375
0 0.46640625 0.7359375 0.028125 0.04375
0 0.54296875 0.0671875 0.0171875 0.0296875
0 0.9828125 0.68671875 0.021875 0.034375
0 0.7546875 0.71015625 0.0328125 0.053125
0 0.69296875 0.721875 0.028125 0.04375
0 0.55703125 0.7359375 0.028125 0.04375
0 0.184375 0.775 0.028125 0.04375
0 0.94296875 0.7046875 0.028125 0.04375
0 0.4859375 0.07578125 0.0171875 0.0296875
0 0.4578125 0.07890625 0.0171875 0.025
0 0.22890625 0.81953125 0.0375 0.053125
0 0.79453125 0.0453125 0.021875 0.0296875
0 0.62109375 0.0640625 0.0171875 0.0296875
0 0.30078125 0.81875 0.0296875 0.0578125
0 0.7796875 0.7703125 0.0328125 0.04375
0 0.41640625 0.8109375 0.0328125 0.04375
0 0.85234375 0.0421875 0.021875 0.0296875
0 0.13984375 0.84296875 0.0328125 0.053125
0 0.046875 0.85703125 0.0296875 0.0625
0 0.3546875 0.825 0.028125 0.0484375
0 0.46796875 0.815625 0.0328125 0.04375
0 0.659375 0.0625 0.0171875 0.0296875
0 0.6359375 0.8 0.0328125 0.04375
0 0.9359375 0.76875 0.0328125 0.04375
0 0.85078125 0.78203125 0.028125 0.04375
0 0.73828125 0.79609375 0.028125 0.04375
0 0.81953125 0.0453125 0.021875 0.034375
0 0.90390625 0.78125 0.028125 0.04375
0 0.98515625 0.775 0.0265625 0.0390625
0 0.69765625 0.81015625 0.0421875 0.059375
0 0.52734375 0.828125 0.0375 0.053125
0 0.00703125 0.1359375 0.0140625 0.034375
0 0.74453125 0.0578125 0.0171875 0.0328125
0 0.29609375 0.1078125 0.0171875 0.0328125