0 0.37421875 0.259375 0.090625 0.1625
0 0.46875 0.30703125 0.071875 0.121875
0 0.646875 0.32421875 0.0328125 0.065625
0 0.1390625 0.3453125 0.0140625 0.0234375
0 0.67578125 0.359375 0.0328125 0.0421875
0 0.07890625 0.35390625 0.0140625 0.028125
0 0.1875 0.35546875 0.028125 0.0421875
0 0.1578125 0.35703125 0.01875 0.028125
0 0.115625 0.35625 0.0234375 0.0375
0 0.13203125 0.36171875 0.01875 0.0234375
0 0.05078125 0.36015625 0.028125 0.028125
0 0.92109375 0.37734375 0.0421875 0.075
0 0.2109375 0.36796875 0.0140625 0.0234375
0 0.1015625 0.36796875 0.0140625 0.028125
0 0.9515625 0.38515625 0.046875 0.0796875
0 0.79609375 0.3828125 0.053125 0.103125
0 0.82421875 0.38515625 0.0390625 0.09375
0 0.85546875 0.3953125 0.028125 0.0234375
0 0.8765625 0.4046875 0.01875 0.0234375
0 0.05234375 0.390625 0.046875 0.0515625
0 0.97890625 0.4109375 0.0421875 0.10625
0 0.60078125 0.4109375 0.0671875 0.13125
0 0.85546875 0.42734375 0.028125 0.0421875
0 0.82109375 0.55390625 0.0671875 0.1078125