0 0.5703125 0.1625 0.05625 0.0765625
0 0.41328125 0.1578125 0.065625 0.078125
0 0.31875 0.15234375 0.05625 0.0765625
0 0.74609375 0.2671875 0.0515625 0.0703125
0 0.90546875 0.29453125 0.0609375 0.0765625
0 0.50078125 0.2328125 0.0390625 0.0546875
0 0.62421875 0.25234375 0.0484375 0.0515625
0 0.4546875 0.2375 0.053125 0.084375
0 0.27421875 0.2203125 0.05 0.0609375
0 0.40234375 0.24296875 0.0625 0.0859375
0 0.53984375 0.27890625 0.0609375 0.071875
0 0.35546875 0.25625 0.0578125 0.08125
0 0.640625 0.30625 0.05625 0.0765625
0 0.6859375 0.3203125 0.0671875 0.0859375
0 0.60390625 0.3171875 0.0515625 0.0703125
0 0.7796875 0.35 0.0625 0.08125
0 0.890625 0.38359375 0.059375 0.09375
0 0.11328125 0.26328125 0.0625 0.0859375
0 0.478125 0.33046875 0.065625 0.078125
0 0.2796875 0.30625 0.05625 0.0765625
0 0.8484375 0.40234375 0.05 0.065625
0 0.196875 0.30859375 0.0609375 0.0765625
0 0.42890625 0.353125 0.0765625 0.0875
0 0.50390625 0.38359375 0.0625 0.0859375
0 0.684375 0.4421875 0.053125 0.084375
0 0.3140625 0.4 0.0609375 0.071875
0 0.75859375 0.4796875 0.0625 0.090625
0 0.625 0.465625 0.0640625 0.0953125
0 0.828125 0.54453125 0.0625 0.090625
0 0.1953125 0.45390625 0.071875 0.0921875
0 0.44453125 0.5125 0.075 0.1046875
0 0.39296875 0.6265625 0.075 0.0828125