0 0.3015625 0.4140625 0.0203125 0.025
0 0.4234375 0.42734375 0.0109375 0.0140625
0 0.615625 0.440625 0.00625 0.0140625
0 0.53828125 0.43984375 0.0046875 0.0046875
0 0.3609375 0.42734375 0.0046875 0.009375
0 0.36796875 0.428125 0.0046875 0.0046875
0 0.50703125 0.4375 0.0046875 0.0046875
0 0.559375 0.44140625 0.0046875 0.0046875
0 0.6078125 0.44453125 0.009375 0.009375
0 0.61953125 0.44609375 0.0046875 0.0046875
0 0.32890625 0.42734375 0.0046875 0.0046875
0 0.52265625 0.44140625 0.0046875 0.0046875
0 0.53203125 0.4421875 0.0046875 0.0046875
0 0.45625 0.43671875 0.0046875 0.0046875
0 0.56171875 0.44375 0.0046875 0.0046875
0 0.596875 0.45078125 0.0046875 0.009375
0 0.4625 0.44140625 0.009375 0.0046875
0 0.26328125 0.43046875 0.0046875 0.0046875
0 0.48046875 0.4453125 0.0046875 0.0046875
0 0.44609375 0.44296875 0.0046875 0.0046875
0 0.27265625 0.43125 0.0046875 0.009375
0 0.4921875 0.44609375 0.0046875 0.0046875
0 0.3421875 0.4359375 0.0046875 0.009375
0 0.4734375 0.44453125 0.0046875 0.009375
0 0.328125 0.43671875 0.0046875 0.0046875
0 0.3953125 0.44140625 0.0046875 0.0046875
0 0.4390625 0.44453125 0.0046875 0.0046875
0 0.23046875 0.43046875 0.0046875 0.0046875
0 0.4875 0.4484375 0.0046875 0.0046875
0 0.51484375 0.45 0.0046875 0.0046875
0 0.56796875 0.45390625 0.0046875 0.0046875
0 0.2375 0.4328125 0.0046875 0.0046875
0 0.32109375 0.4390625 0.0046875 0.009375
0 0.57734375 0.45703125 0.0046875 0.009375
0 0.44140625 0.44765625 0.0046875 0.0046875
0 0.44609375 0.44765625 0.0046875 0.0046875
0 0.4984375 0.4515625 0.0046875 0.0046875
0 0.52421875 0.453125 0.0046875 0.0046875
0 0.4546875 0.4484375 0.0046875 0.0046875
0 0.25390625 0.43671875 0.009375 0.009375
0 0.35546875 0.44375 0.015625 0.015625
0 0.55625 0.4578125 0.0046875 0.009375
0 0.6375 0.46328125 0.0046875 0.009375
0 0.27734375 0.43828125 0.0046875 0.009375
0 0.5515625 0.45703125 0.0046875 0.009375
0 0.565625 0.45859375 0.0046875 0.0046875
0 0.40390625 0.44921875 0.009375 0.009375
0 0.53515625 0.45859375 0.0046875 0.0046875
0 0.53984375 0.45859375 0.0046875 0.0046875
0 0.23046875 0.4375 0.0046875 0.0046875
0 0.26796875 0.43984375 0.0046875 0.009375
0 0.57265625 0.4609375 0.0046875 0.0046875
0 0.63046875 0.465625 0.0046875 0.009375
0 0.64375 0.46640625 0.0046875 0.0046875
0 0.19609375 0.43515625 0.0046875 0.009375
0 0.2609375 0.4390625 0.0046875 0.0046875
0 0.47734375 0.4546875 0.009375 0.0046875
0 0.9140625 0.48515625 0.0046875 0.0046875
0 0.32734375 0.44375 0.0046875 0.0046875
0 0.38046875 0.44765625 0.0046875 0.0046875
0 0.45234375 0.453125 0.0046875 0.0046875
0 0.9296875 0.48828125 0.0046875 0.0046875
0 0.2375 0.43984375 0.0046875 0.009375
0 0.46171875 0.45546875 0.0046875 0.009375
0 0.93671875 0.4890625 0.0109375 0.0140625
0 0.38515625 0.45078125 0.0046875 0.0046875
0 0.62265625 0.4671875 0.009375 0.009375
0 0.95078125 0.48984375 0.0046875 0.009375
0 0.90234375 0.4890625 0.0046875 0.0046875
0 0.24375 0.44296875 0.0046875 0.009375
0 0.440625 0.45703125 0.0046875 0.0046875
0 0.14765625 0.4359375 0.015625 0.025
0 0.8953125 0.48828125 0.009375 0.009375
0 0.9046875 0.4890625 0.0046875 0.0046875
0 0.20703125 0.440625 0.0046875 0.009375
0 0.13359375 0.43515625 0.0109375 0.0140625
0 0.46875 0.45859375 0.015625 0.015625
0 0.5046875 0.4609375 0.015625 0.0203125
0 0.52109375 0.4625 0.0046875 0.009375
0 0.56484375 0.465625 0.009375 0.009375
0 0.6015625 0.46796875 0.0109375 0.0140625
0 0.2578125 0.44609375 0.0046875 0.009375
0 0.4953125 0.4625 0.00625 0.0140625
0 0.5953125 0.46953125 0.0109375 0.0140625
0 0.0734375 0.43359375 0.015625 0.0203125
0 0.225 0.44375 0.00625 0.0140625
0 0.51640625 0.4640625 0.0046875 0.0046875
0 0.9578125 0.4953125 0.009375 0.009375
0 0.9203125 0.49296875 0.009375 0.009375
0 0.21875 0.44375 0.0109375 0.0140625
0 0.48828125 0.4625 0.0109375 0.0140625
0 0.253125 0.4484375 0.009375 0.009375
0 0.37265625 0.45703125 0.0046875 0.009375
0 0.28515625 0.45078125 0.0109375 0.0140625
0 0.04453125 0.43359375 0.0203125 0.0203125
0 0.27421875 0.45 0.00625 0.0140625
0 0.5765625 0.4734375 0.009375 0.009375
0 0.6171875 0.47578125 0.0109375 0.0140625
0 0.5390625 0.4703125 0.015625 0.015625
0 0.56484375 0.47265625 0.009375 0.0046875
0 0.9078125 0.49765625 0.0046875 0.0046875
0 0.3453125 0.45859375 0.015625 0.015625
0 0.6265625 0.478125 0.0046875 0.0046875
0 0.63828125 0.47890625 0.009375 0.009375
0 0.1765625 0.446875 0.0109375 0.0140625
0 0.05390625 0.43828125 0.015625 0.0203125
0 0.58984375 0.47578125 0.015625 0.015625
0 0.525 0.4734375 0.009375 0.009375
0 0.25234375 0.4546875 0.009375 0.009375
0 0.02890625 0.44140625 0.015625 0.025
0 0.44375 0.4703125 0.015625 0.0203125
0 0.0140625 0.44453125 0.0265625 0.0421875
0 0.196875 0.4578125 0.015625 0.0203125
0 0.3625 0.46953125 0.0109375 0.0140625
0 0.24765625 0.4609375 0.00625 0.0140625
0 0.3765625 0.4703125 0.0109375 0.0140625
0 0.12265625 0.45234375 0.0109375 0.01875
0 0.38359375 0.47109375 0.0046875 0.009375
0 0.45546875 0.47578125 0.0109375 0.01875
0 0.425 0.47578125 0.0109375 0.0234375
0 0.58203125 0.48671875 0.015625 0.015625
0 0.06953125 0.45078125 0.0203125 0.025
0 0.18515625 0.459375 0.015625 0.0203125
0 0.2375 0.46484375 0.015625 0.0203125
0 0.61640625 0.49140625 0.015625 0.0203125
0 0.153125 0.459375 0.015625 0.0203125
0 0.34609375 0.47265625 0.015625 0.025
0 0.56328125 0.48828125 0.0203125 0.025
0 0.43359375 0.4859375 0.0203125 0.0328125
0 0.39453125 0.48359375 0.015625 0.0203125
0 0.2921875 0.48046875 0.0203125 0.025
0 0.03828125 0.46328125 0.0203125 0.0296875
0 0.25078125 0.48046875 0.015625 0.0203125
0 0.26953125 0.48125 0.015625 0.025
0 0.57890625 0.50546875 0.0203125 0.0296875
0 0.18125 0.47734375 0.0203125 0.025
0 0.6890625 0.51328125 0.0203125 0.0203125
0 0.19765625 0.48125 0.0203125 0.025
0 0.0890625 0.4734375 0.0203125 0.025
0 0.1234375 0.47578125 0.015625 0.0296875
0 0.446875 0.503125 0.015625 0.0203125
0 0.0078125 0.47265625 0.015625 0.025
0 0.54296875 0.51484375 0.03125 0.0390625
0 0.51953125 0.51796875 0.0203125 0.0328125
0 0.50390625 0.51640625 0.0203125 0.0296875
0 0.38359375 0.50859375 0.0203125 0.025
0 0.671875 0.53046875 0.0203125 0.0296875
0 0.24453125 0.503125 0.025 0.0203125
0 0.228125 0.50234375 0.015625 0.0203125
0 0.48203125 0.521875 0.0265625 0.0375
0 0.209375 0.5078125 0.025 0.0328125
0 0.7421875 0.5515625 0.03125 0.0390625
0 0.11171875 0.509375 0.034375 0.034375
0 0.0890625 0.51015625 0.0203125 0.0328125
0 0.01171875 0.50390625 0.0234375 0.0421875
0 0.36328125 0.53203125 0.034375 0.0390625
0 0.15703125 0.521875 0.025 0.0328125
0 0.59765625 0.56484375 0.0296875 0.034375
0 0.271875 0.54921875 0.025 0.0328125
0 0.5390625 0.57265625 0.03125 0.04375
0 0.021875 0.5453125 0.04375 0.0625
0 0.8015625 0.60234375 0.040625 0.0625
0 0.2125 0.56875 0.025 0.0328125
0 0.1765625 0.58359375 0.0359375 0.053125
0 0.10625 0.5859375 0.0359375 0.0625
0 0.62109375 0.62890625 0.0453125 0.0625
0 0.91484375 0.66640625 0.0609375 0.0828125
0 0.77109375 0.66328125 0.05625 0.078125
0 0.73671875 0.665625 0.05625 0.078125
0 0.5375 0.65859375 0.05625 0.0875
0 0.3921875 0.73828125 0.0625 0.096875
0 0.24453125 0.76953125 0.05625 0.078125
0 0.1 0.77578125 0.0890625 0.14375