0 0.671875 0.0703125 0.015625 0.015625
0 0.43203125 0.0875 0.0109375 0.0140625
0 0.45 0.08828125 0.009375 0.009375
0 0.46640625 0.0875 0.0109375 0.0140625
0 0.80390625 0.0640625 0.0203125 0.025
0 0.19140625 0.10625 0.0046875 0.009375
0 0.4875 0.0859375 0.009375 0.009375
0 0.91484375 0.05859375 0.0296875 0.0296875
0 0.32109375 0.1 0.009375 0.009375
0 0.58671875 0.08125 0.0203125 0.025
0 0.2609375 0.10625 0.009375 0.009375
0 0.24296875 0.1078125 0.0046875 0.009375
0 0.3078125 0.103125 0.009375 0.009375
0 0.390625 0.09765625 0.0109375 0.01875
0 0.55 0.0859375 0.0140625 0.0109375
0 0.565625 0.0875 0.015625 0.015625
0 0.28203125 0.10703125 0.0046875 0.0046875
0 0.82265625 0.06953125 0.0203125 0.025
0 0.13203125 0.11796875 0.00625 0.0140625
0 0.18125 0.115625 0.0046875 0.009375
0 0.19921875 0.11484375 0.009375 0.009375
0 0.35078125 0.946875 0.1828125 0.10625
0 0.21328125 0.11328125 0.0109375 0.0140625
0 0.25390625 0.1109375 0.0109375 0.0140625
0 0.4328125 0.0984375 0.009375 0.009375
0 0.86484375 0.06796875 0.0296875 0.0296875
0 0.29921875 0.11015625 0.009375 0.009375
0 0.75546875 0.078125 0.025 0.0296875
0 0.95234375 0.0640625 0.0296875 0.0296875
0 0.60859375 0.08828125 0.0203125 0.0203125
0 0.08125 0.12734375 0.009375 0.009375
0 0.2390625 0.11640625 0.0109375 0.0140625
0 0.790625 0.078125 0.025 0.0203125
0 0.26640625 0.11484375 0.009375 0.009375
0 0.1859375 0.1203125 0.0046875 0.009375
0 0.15078125 0.125 0.009375 0.009375
0 0.50390625 0.1 0.015625 0.0203125
0 0.52734375 0.0984375 0.015625 0.0203125
0 0.28515625 0.115625 0.0109375 0.0140625
0 0.03359375 0.13359375 0.0109375 0.0140625
0 0.14140625 0.12578125 0.0109375 0.0140625
0 0.196875 0.121875 0.009375 0.009375
0 0.51328125 0.1 0.015625 0.015625
0 0.33359375 0.1125 0.015625 0.015625
0 0.66171875 0.09140625 0.0203125 0.025
0 0.678125 0.090625 0.0203125 0.025
0 0.31953125 0.115625 0.015625 0.015625
0 0.36875 0.1125 0.015625 0.015625
0 0.49140625 0.10390625 0.0203125 0.025
0 0.17265625 0.128125 0.0109375 0.0140625
0 0.30859375 0.11875 0.0109375 0.0140625
0 0.05703125 0.1359375 0.0109375 0.0140625
0 0.06796875 0.13515625 0.0109375 0.0140625
0 0.1609375 0.12890625 0.009375 0.009375
0 0.29921875 0.11953125 0.0109375 0.0140625
0 0.0125 0.14140625 0.0109375 0.0140625
0 0.5515625 0.10390625 0.0203125 0.025
0 0.09140625 0.1359375 0.0109375 0.0140625
0 0.25546875 0.125 0.0109375 0.0140625
0 0.46796875 0.11015625 0.015625 0.0296875
0 0.2234375 0.12734375 0.0109375 0.0140625
0 0.83515625 0.08671875 0.0203125 0.025
0 0.0796875 0.1390625 0.0109375 0.0140625
0 0.6296875 0.10078125 0.0296875 0.034375
0 0.053125 0.14140625 0.0109375 0.0140625
0 0.2046875 0.13046875 0.015625 0.015625
0 0.2140625 0.1296875 0.0109375 0.0140625
0 0.0296875 0.14296875 0.0109375 0.0140625
0 0.12265625 0.1390625 0.00625 0.0140625
0 0.26484375 0.12890625 0.0109375 0.0140625
0 0.60703125 0.1046875 0.0203125 0.0296875
0 0.08984375 0.14140625 0.0109375 0.0140625
0 0.0734375 0.14453125 0.009375 0.009375
0 0.45234375 0.11796875 0.015625 0.0203125
0 0.16171875 0.13828125 0.015625 0.015625
0 0.92109375 0.08515625 0.0203125 0.025
0 0.14765625 0.14140625 0.015625 0.015625
0 0.1875 0.1390625 0.0109375 0.0140625
0 0.2359375 0.13515625 0.015625 0.015625
0 0.13828125 0.1421875 0.0109375 0.0140625
0 0.33515625 0.13125 0.015625 0.015625
0 0.02109375 0.153125 0.0109375 0.0140625
0 0.61484375 0.11171875 0.015625 0.0203125
0 0.1296875 0.1453125 0.015625 0.015625
0 0.43203125 0.12421875 0.015625 0.025
0 0.4828125 0.1203125 0.025 0.025
0 0.946875 0.090625 0.03125 0.04375
0 0.78828125 0.10390625 0.025 0.0296875
0 0.16640625 0.14765625 0.0109375 0.0140625
0 0.1765625 0.14921875 0.0140625 0.0109375
0 0.08125 0.15546875 0.015625 0.015625
0 0.0328125 0.159375 0.0109375 0.0140625
0 0.07421875 0.15859375 0.015625 0.0203125
0 0.153125 0.153125 0.015625 0.0203125
0 0.3609375 0.13828125 0.0203125 0.025
0 0.4421875 0.1328125 0.0203125 0.025
0 0.05390625 0.1625 0.0109375 0.0140625
0 0.01484375 0.16484375 0.009375 0.009375
0 0.30859375 0.146875 0.025 0.0296875
0 0.3890625 0.14140625 0.015625 0.0203125
0 0.12421875 0.1625 0.015625 0.0203125
0 0.7265625 0.12265625 0.0296875 0.034375
0 0.48203125 0.1390625 0.0203125 0.0296875
0 0.51875 0.1390625 0.034375 0.04375
0 0.04375 0.175 0.0109375 0.0140625
0 0.7078125 0.128125 0.015625 0.025
0 0.20703125 0.16328125 0.015625 0.025
0 0.440625 0.146875 0.0203125 0.025
0 0.6046875 0.1359375 0.025 0.0328125
0 0.0640625 0.1734375 0.0203125 0.0328125
0 0.8609375 0.1203125 0.040625 0.0484375
0 0.184375 0.1671875 0.0203125 0.0296875
0 0.23515625 0.1640625 0.015625 0.0296875
0 0.4109375 0.15390625 0.025 0.0328125
0 0.24921875 0.16484375 0.0203125 0.0296875
0 0.28125 0.1625 0.0203125 0.0203125
0 0.690625 0.13671875 0.0359375 0.053125
0 0.93046875 0.11953125 0.03125 0.0390625
0 0.353125 0.1625 0.025 0.0296875
0 0.015625 0.1859375 0.015625 0.0203125
0 0.3328125 0.16640625 0.0265625 0.0421875
0 0.1359375 0.18125 0.025 0.025
0 0.1140625 0.18359375 0.0203125 0.025
0 0.82421875 0.1359375 0.0359375 0.0578125
0 0.04453125 0.190625 0.015625 0.025
0 0.1671875 0.18671875 0.0203125 0.0203125
0 0.578125 0.1578125 0.0359375 0.0484375
0 0.29453125 0.17734375 0.021875 0.046875
0 0.2640625 0.18203125 0.015625 0.0203125
0 0.03359375 0.1984375 0.025 0.0296875
0 0.49296875 0.16875 0.03125 0.04375
0 0.7609375 0.15234375 0.03125 0.0484375
0 0.45625 0.1734375 0.025 0.0296875
0 0.475 0.171875 0.015625 0.0328125
0 0.55078125 0.16640625 0.03125 0.0578125
0 0.91328125 0.14140625 0.040625 0.0484375
0 0.009375 0.20625 0.01875 0.034375
0 0.22109375 0.19453125 0.025 0.0328125
0 0.165625 0.203125 0.0296875 0.025
0 0.19375 0.20078125 0.03125 0.0390625
0 0.13203125 0.20546875 0.0203125 0.025
0 0.0671875 0.21015625 0.0296875 0.034375
0 0.11328125 0.20703125 0.025 0.0328125
0 0.28671875 0.2015625 0.03125 0.0578125
0 0.39765625 0.19609375 0.040625 0.053125
0 0.73046875 0.17734375 0.0453125 0.0578125
0 0.525 0.19921875 0.040625 0.0578125
0 0.05234375 0.23203125 0.0296875 0.025
0 0.26640625 0.221875 0.0390625 0.04375
0 0.628125 0.19921875 0.05 0.0578125
0 0.00703125 0.2453125 0.0140625 0.034375
0 0.47265625 0.21015625 0.03125 0.0484375
0 0.2140625 0.23046875 0.0265625 0.0375
0 0.671875 0.20078125 0.0515625 0.071875
0 0.44609375 0.22265625 0.05625 0.078125
0 0.1640625 0.24453125 0.0453125 0.0671875
0 0.11171875 0.25546875 0.040625 0.053125
0 0.2625 0.246875 0.0359375 0.0578125
0 0.94140625 0.20703125 0.05625 0.0734375
0 0.021875 0.27109375 0.0203125 0.0296875
0 0.00625 0.27421875 0.0125 0.0421875
0 0.5703125 0.23515625 0.04375 0.04375
0 0.7640625 0.22890625 0.0515625 0.071875
0 0.0765625 0.28125 0.05 0.0625
0 0.3078125 0.2765625 0.040625 0.0625
0 0.8578125 0.2453125 0.065625 0.0875
0 0.20234375 0.29140625 0.05625 0.078125
0 0.515625 0.26953125 0.0546875 0.06875
0 0.05234375 0.30390625 0.03125 0.053125
0 0.646875 0.278125 0.0515625 0.08125
0 0.02578125 0.32421875 0.05 0.053125
0 0.384375 0.30390625 0.05625 0.0828125
0 0.26953125 0.32578125 0.0703125 0.078125
0 0.76484375 0.0125 0.015625 0.025
0 0.5984375 0.3125 0.065625 0.078125
0 0.06875 0.37421875 0.0734375 0.05625
0 0.940625 0.32734375 0.08125 0.0984375
0 0.5234375 0.37578125 0.0671875 0.1109375
0 0.9078125 0.009375 0.015625 0.01875
0 0.12890625 0.43125 0.059375 0.059375
0 0.7796875 0.02109375 0.0109375 0.0140625
0 0.2140625 0.4359375 0.071875 0.1015625
0 0.29296875 0.4328125 0.0859375 0.0984375
0 0.78671875 0.02265625 0.015625 0.0203125
0 0.74296875 0.02578125 0.015625 0.0203125
0 0.63125 0.45390625 0.1015625 0.1359375
0 0.8859375 0.0203125 0.015625 0.0203125
0 0.75703125 0.0296875 0.015625 0.0203125
0 0.7296875 0.03359375 0.015625 0.0203125
0 0.521875 0.0484375 0.015625 0.015625
0 0.08046875 0.07890625 0.009375 0.009375
0 0.1265625 0.57265625 0.0984375 0.1546875
0 0.54296875 0.0515625 0.009375 0.009375
0 0.7390625 0.0375 0.015625 0.0203125
0 0.53359375 0.05234375 0.0046875 0.009375
0 0.30546875 0.571875 0.0828125 0.1296875
0 0.6703125 0.046875 0.009375 0.009375
0 0.5875 0.05546875 0.009375 0.009375
0 0.59921875 0.05703125 0.0046875 0.009375
0 0.7140625 0.0484375 0.0109375 0.0140625
0 0.47890625 0.065625 0.0046875 0.009375
0 0.684375 0.05078125 0.009375 0.009375
0 0.0671875 0.09375 0.009375 0.009375
0 0.69140625 0.053125 0.009375 0.009375
0 0.54609375 0.06328125 0.009375 0.009375
0 0.07734375 0.09765625 0.0140625 0.0109375
0 0.5625 0.0640625 0.009375 0.009375
0 0.678125 0.05625 0.015625 0.0203125
0 0.5015625 0.06796875 0.009375 0.009375
0 0.58046875 0.0625 0.009375 0.009375
0 0.615625 0.0625 0.015625 0.015625
0 0.69609375 0.05703125 0.0109375 0.0140625
0 0.56640625 0.06640625 0.0109375 0.0140625
0 0.45625 0.07421875 0.009375 0.009375
0 0.84453125 0.046875 0.0390625 0.0390625
0 0.6046875 0.065625 0.009375 0.009375
0 0.67109375 0.0609375 0.0109375 0.0140625
0 0.43828125 0.0796875 0.0046875 0.009375
0 0.4125 0.08125 0.009375 0.009375
0 0.62734375 0.06640625 0.0140625 0.0109375
0 0.446875 0.07890625 0.0046875 0.0046875
0 0.465625 0.078125 0.0046875 0.0046875
0 0.57421875 0.0703125 0.0109375 0.0140625
0 0.49140625 0.07578125 0.0046875 0.0046875
0 0.8140625 0.05390625 0.015625 0.025
0 0.4984375 0.07578125 0.009375 0.0046875
0 0.5375 0.07265625 0.0046875 0.009375
0 0.6921875 0.06484375 0.009375 0.009375
0 0.75859375 0.06015625 0.015625 0.015625
0 0.66015625 0.06640625 0.0140625 0.0109375
0 0.7109375 0.06328125 0.015625 0.0203125
0 0.484375 0.07890625 0.0140625 0.0109375
0 0.5140625 0.0765625 0.0046875 0.009375
0 0.61171875 0.0703125 0.015625 0.0203125
0 0.52578125 0.078125 0.0109375 0.0140625
0 0.45703125 0.08359375 0.0046875 0.009375
0 0.47578125 0.08203125 0.0046875 0.009375