0 0.42109375 0.16171875 0.0265625 0.0375
0 0.94453125 0.1296875 0.03125 0.04375
0 0.65625 0.15234375 0.0359375 0.0484375
0 0.51796875 0.1640625 0.0296875 0.034375
0 0.37578125 0.17421875 0.025 0.0328125
0 0.46484375 0.1703125 0.040625 0.053125
0 0.2765625 0.190625 0.025 0.0328125
0 0.63046875 0.16796875 0.03125 0.04375
0 0.7984375 0.15859375 0.040625 0.0484375
0 0.87734375 0.153125 0.040625 0.0484375
0 0.76171875 0.16640625 0.040625 0.0484375
0 0.496875 0.18671875 0.03125 0.04375
0 0.4140625 0.19765625 0.0390625 0.04375
0 0.2984375 0.2078125 0.03125 0.04375
0 0.3328125 0.20546875 0.0296875 0.034375
0 0.64453125 0.18359375 0.034375 0.04375
0 0.91328125 0.1671875 0.0265625 0.0421875
0 0.52734375 0.19453125 0.0390625 0.04375
0 0.853125 0.17578125 0.034375 0.0390625
0 0.271875 0.22890625 0.04375 0.0484375
0 0.48984375 0.215625 0.0296875 0.034375
0 0.33046875 0.23515625 0.040625 0.0484375
0 0.35625 0.2359375 0.0390625 0.04375
0 0.63984375 0.21640625 0.034375 0.0390625
0 0.6796875 0.21796875 0.034375 0.04375
0 0.40234375 0.23984375 0.040625 0.0484375
0 0.6015625 0.22578125 0.0265625 0.0375
0 0.4609375 0.240625 0.0453125 0.0578125
0 0.23984375 0.26015625 0.040625 0.0578125
0 0.2859375 0.25703125 0.0359375 0.0484375
0 0.5953125 0.23828125 0.0265625 0.0421875
0 0.5703125 0.24453125 0.0390625 0.04375
0 0.2125 0.26953125 0.0296875 0.034375
0 0.43203125 0.25390625 0.0359375 0.053125
0 0.5453125 0.2484375 0.03125 0.0484375
0 0.64453125 0.24609375 0.03125 0.0484375
0 0.265625 0.275 0.0390625 0.0390625
0 0.49765625 0.26328125 0.03125 0.0484375
0 0.88984375 0.23828125 0.0359375 0.053125
0 0.3453125 0.27890625 0.0359375 0.0484375
0 0.9421875 0.24453125 0.0359375 0.053125
0 0.575 0.2703125 0.025 0.0296875
0 0.52578125 0.27578125 0.03125 0.04375
0 0.66484375 0.27265625 0.0359375 0.053125
0 0.46015625 0.29609375 0.0390625 0.04375
0 0.2046875 0.31640625 0.040625 0.0578125
0 0.2578125 0.3125 0.0296875 0.034375
0 0.39140625 0.303125 0.040625 0.053125
0 0.6015625 0.29296875 0.03125 0.0390625
0 0.49375 0.3078125 0.0390625 0.034375
0 0.4390625 0.31875 0.034375 0.034375
0 0.55859375 0.31015625 0.0359375 0.0484375
0 0.3140625 0.33203125 0.03125 0.053125
0 0.33203125 0.33046875 0.0265625 0.0375
0 0.584375 0.315625 0.0296875 0.034375
0 0.81328125 0.3015625 0.0453125 0.0578125
0 0.728125 0.3171875 0.040625 0.0671875
0 0.278125 0.35078125 0.0359375 0.0578125
0 0.71015625 0.32578125 0.034375 0.04375
0 0.44765625 0.34609375 0.034375 0.0390625
0 0.37578125 0.353125 0.0359375 0.0484375
0 0.24453125 0.3640625 0.0453125 0.0671875
0 0.503125 0.3484375 0.0390625 0.0390625
0 0.34453125 0.37109375 0.03125 0.0390625
0 0.6890625 0.34765625 0.0453125 0.0578125
0 0.0703125 0.390625 0.0390625 0.04375
0 0.584375 0.35703125 0.034375 0.04375
0 0.45703125 0.3796875 0.034375 0.0390625
0 0.20546875 0.39765625 0.040625 0.0484375
0 0.48984375 0.38515625 0.0390625 0.04375
0 0.6609375 0.3796875 0.04375 0.0484375
0 0.346875 0.40625 0.028125 0.065625
0 0.39140625 0.403125 0.0484375 0.04375
0 0.41875 0.40625 0.040625 0.0671875
0 0.5671875 0.0359375 0.03125 0.04375
0 0.175 0.4296875 0.034375 0.04375
0 0.04296875 0.4390625 0.059375 0.06875
0 0.328125 0.4234375 0.040625 0.0625
0 0.140625 0.4390625 0.04375 0.04375
0 0.45546875 0.41953125 0.040625 0.0484375
0 0.23828125 0.4390625 0.0359375 0.0578125
0 0.78515625 0.403125 0.0453125 0.0625
0 0.64296875 0.41328125 0.05 0.0578125
0 0.2140625 0.45234375 0.040625 0.053125
0 0.5046875 0.43203125 0.0453125 0.053125
0 0.3828125 0.44296875 0.05 0.0578125
0 0.3015625 0.44921875 0.03125 0.0578125
0 0.02265625 0.4734375 0.0421875 0.071875
0 0.27734375 0.4625 0.0546875 0.0640625
0 0.59296875 0.44296875 0.0453125 0.053125
0 0.134375 0.48203125 0.05 0.053125
0 0.6703125 0.44921875 0.0453125 0.0578125
0 0.08203125 0.4921875 0.04375 0.0484375
0 0.45625 0.46640625 0.040625 0.053125
0 0.7484375 0.47109375 0.040625 0.0578125
0 0.56171875 0.4859375 0.05625 0.0734375
0 0.375 0.50390625 0.0453125 0.0625
0 0.7125 0.4828125 0.0515625 0.071875
0 0.6109375 0.4921875 0.0453125 0.0671875
0 0.51640625 0.5015625 0.05 0.0671875
0 0.79765625 0.48359375 0.046875 0.0765625
0 0.19375 0.53046875 0.046875 0.071875
0 0.459375 0.5171875 0.0453125 0.053125
0 0.24765625 0.5390625 0.065625 0.078125
0 0.30546875 0.54140625 0.0453125 0.0625
0 0.42265625 0.0578125 0.0265625 0.0421875
0 0.15390625 0.55859375 0.040625 0.0625
0 0.41484375 0.54296875 0.05 0.0625
0 0.11953125 0.565625 0.0578125 0.109375
0 0.3765625 0.56171875 0.040625 0.0625
0 0.534375 0.5578125 0.0546875 0.059375
0 0.6296875 0.56796875 0.05625 0.0875
0 0.534375 0.05703125 0.0296875 0.034375
0 0.80234375 0.5734375 0.059375 0.06875
0 0.19296875 0.62578125 0.05 0.0671875
0 0.75 0.59140625 0.0515625 0.0859375
0 0.53828125 0.60859375 0.0640625 0.0640625
0 0.61484375 0.053125 0.03125 0.04375
0 0.46015625 0.06640625 0.034375 0.04375
0 0.79140625 0.6234375 0.059375 0.0640625
0 0.64765625 0.053125 0.034375 0.04375
0 0.23125 0.6765625 0.0609375 0.078125
0 0.8921875 0.63671875 0.05625 0.0828125
0 0.39453125 0.68125 0.05625 0.0875
0 0.1703125 0.696875 0.0625 0.096875
0 0.771875 0.66875 0.0546875 0.0640625
0 0.04921875 0.73359375 0.0625 0.109375
0 0.33125 0.74609375 0.0609375 0.0921875
0 0.928125 0.71796875 0.05625 0.0921875
0 0.665625 0.7390625 0.0515625 0.090625
0 0.7578125 0.7375 0.071875 0.10625
0 0.48984375 0.75625 0.0765625 0.10625
0 0.21328125 0.77734375 0.0625 0.096875
0 0.39609375 0.77421875 0.05625 0.0921875
0 0.61171875 0.7640625 0.0671875 0.10625
0 0.33671875 0.09140625 0.034375 0.0390625
0 0.284375 0.83046875 0.075 0.0875
0 0.49453125 0.08515625 0.0296875 0.025
0 0.53828125 0.08203125 0.03125 0.0390625
0 0.28203125 0.10234375 0.0265625 0.0515625
0 0.38046875 0.884375 0.071875 0.1015625
0 0.6625 0.86484375 0.0703125 0.0875
0 0.759375 0.86484375 0.0609375 0.0875
0 0.37734375 0.09609375 0.03125 0.04375
0 0.28984375 0.91171875 0.06875 0.06875
0 0.43984375 0.9421875 0.0859375 0.115625
0 0.59765625 0.9390625 0.0796875 0.09375
0 0.30234375 0.965625 0.0890625 0.06875
0 0.315625 0.1109375 0.03125 0.04375
0 0.515625 0.1015625 0.03125 0.0484375
0 0.4125 0.11171875 0.0390625 0.04375
0 0.6390625 0.09765625 0.040625 0.0484375
0 0.45859375 0.1125 0.0359375 0.0484375
0 0.35078125 0.12734375 0.0265625 0.0421875
0 0.8359375 0.09609375 0.0359375 0.053125
0 0.5015625 0.11953125 0.0359375 0.053125
0 0.37265625 0.13046875 0.0265625 0.046875
0 0.54765625 0.11875 0.0359375 0.0484375
0 0.7375 0.1078125 0.03125 0.04375
0 0.33046875 0.13828125 0.025 0.0328125
0 0.86875 0.10078125 0.021875 0.0375
0 0.39296875 0.1359375 0.025 0.0328125
0 0.8828125 0.11171875 0.0296875 0.034375
0 0.63046875 0.1359375 0.034375 0.034375
0 0.57734375 0.14453125 0.0359375 0.0484375
0 0.3296875 0.1640625 0.025 0.025
0 0.85 0.13046875 0.0453125 0.053125