0 0.725 0.3609375 0.015625 0.015625
0 0.9515625 0.3375 0.025 0.0484375
0 0.8390625 0.35625 0.015625 0.0203125
0 0.91953125 0.3484375 0.0328125 0.04375
0 0.8078125 0.36484375 0.0359375 0.0359375
0 0.490625 0.4078125 0.028125 0.0484375
0 0.89140625 0.35859375 0.0375 0.0453125
0 0.87109375 0.365625 0.021875 0.034375
0 0.52578125 0.41015625 0.0171875 0.025
0 0.6828125 0.39296875 0.0421875 0.05
0 0.4140625 0.4265625 0.021875 0.025
0 0.471875 0.42421875 0.0171875 0.025
0 0.846875 0.3828125 0.0171875 0.025
0 0.275 0.45546875 0.028125 0.0484375
0 0.7328125 0.4015625 0.0375 0.0453125
0 0.3953125 0.44296875 0.015625 0.0203125
0 0.5828125 0.43125 0.0765625 0.1046875
0 0.3765625 0.4640625 0.021875 0.0296875
0 0.34921875 0.46953125 0.028125 0.04375
0 0.80859375 0.41328125 0.034375 0.0578125
0 0.26484375 0.48046875 0.0296875 0.053125
0 0.7328125 0.42265625 0.0296875 0.021875
0 0.33359375 0.47421875 0.0171875 0.0296875
0 0.93203125 0.41015625 0.0515625 0.0921875
0 0.49140625 0.46640625 0.034375 0.053125
0 0.30703125 0.5046875 0.05 0.0734375
0 0.44296875 0.48828125 0.028125 0.0390625
0 0.8796875 0.4390625 0.0640625 0.084375
0 0.021875 0.54609375 0.04375 0.0921875
0 0.23671875 0.5203125 0.0515625 0.0921875
0 0.69921875 0.46875 0.05 0.0828125
0 0.15546875 0.5375 0.0703125 0.1265625
0 0.528125 0.496875 0.0421875 0.0546875
0 0.21875 0.54375 0.0375 0.08125
0 0.42890625 0.53203125 0.04375 0.059375
0 0.75234375 0.5015625 0.0890625 0.1375
0 0.0859375 0.5828125 0.071875 0.103125
0 0.55859375 0.57734375 0.0578125 0.1015625
0 0.6546875 0.6 0.0671875 0.1078125
0 0.7015625 0.64296875 0.09375 0.1390625
0 0.50703125 0.790625 0.1484375 0.2078125