0 0.91953125 0.27421875 0.0421875 0.059375
0 0.1140625 0.19140625 0.0109375 0.0203125
0 0.98515625 0.2984375 0.0296875 0.06875
0 0.61171875 0.26015625 0.040625 0.05
0 0.7171875 0.27109375 0.021875 0.0296875
0 0.896875 0.29296875 0.0328125 0.04375
0 0.475 0.25078125 0.0265625 0.034375
0 0.54375 0.26484375 0.03125 0.0390625
0 0.7828125 0.2921875 0.0421875 0.059375
0 0.575 0.27265625 0.040625 0.0453125
0 0.36015625 0.26015625 0.0328125 0.0484375
0 0.728125 0.30078125 0.0375 0.053125
0 0.7046875 0.2984375 0.04375 0.06875
0 0.50234375 0.2796875 0.0375 0.0625
0 0.76640625 0.30859375 0.040625 0.05
0 0.384375 0.2734375 0.028125 0.04375
0 0.4140625 0.28125 0.03125 0.034375
0 0.5171875 0.2921875 0.021875 0.0296875
0 0.2125 0.26953125 0.0328125 0.0484375
0 0.246875 0.27265625 0.03125 0.0390625
0 0.315625 0.2828125 0.028125 0.04375
0 0.1640625 0.26640625 0.021875 0.025
0 0.1453125 0.2671875 0.0171875 0.025
0 0.56796875 0.3140625 0.03125 0.0390625
0 0.2828125 0.2859375 0.0375 0.053125
0 0.08203125 0.26953125 0.021875 0.025
0 0.125 0.2765625 0.0171875 0.0296875
0 0.06796875 0.27109375 0.0109375 0.0203125
0 0.39453125 0.3078125 0.0375 0.053125
0 0.19375 0.2890625 0.03125 0.0390625
0 0.05546875 0.27421875 0.021875 0.025
0 0.16640625 0.290625 0.03125 0.034375
0 0.54765625 0.35546875 0.0484375 0.06875
0 0.07578125 0.32734375 0.03125 0.0390625