0 0.95 0.028125 0.0375 0.05625
0 0.85546875 0.03046875 0.0375 0.05625
0 0.19921875 0.38515625 0.0328125 0.075
0 0.1203125 0.390625 0.0328125 0.0515625
0 0.31796875 0.38984375 0.0375 0.075
0 0.4015625 0.390625 0.0328125 0.0609375
0 0.4453125 0.3921875 0.046875 0.0609375
0 0.6625 0.390625 0.0375 0.05625
0 0.57265625 0.39453125 0.0375 0.0515625
0 0.0421875 0.40859375 0.0375 0.065625
0 0.46875 0.046875 0.0328125 0.065625
0 0.79296875 0.040625 0.0328125 0.0609375
0 0.04765625 0.4796875 0.0375 0.0609375
0 0.6171875 0.46953125 0.0421875 0.065625
0 0.8421875 0.465625 0.0375 0.065625
0 0.49453125 0.4765625 0.0421875 0.0609375
0 0.10390625 0.48359375 0.0328125 0.065625
0 0.4328125 0.48046875 0.0375 0.0703125
0 0.2453125 0.4859375 0.0328125 0.075
0 0.1828125 0.48671875 0.046875 0.065625
0 0.321875 0.48671875 0.0375 0.065625
0 0.68984375 0.4875 0.0375 0.0609375
0 0.38203125 0.4953125 0.0328125 0.0703125
0 0.77109375 0.48828125 0.0421875 0.0609375
0 0.909375 0.4859375 0.0375 0.075
0 0.98125 0.48671875 0.0328125 0.0796875
0 0.55546875 0.49453125 0.0375 0.065625
0 0.07265625 0.55859375 0.0375 0.0609375
0 0.23515625 0.5859375 0.0328125 0.075
0 0.3671875 0.590625 0.0328125 0.065625
0 0.71015625 0.590625 0.0328125 0.065625
0 0.91328125 0.59453125 0.0328125 0.0609375
0 0.48984375 0.60390625 0.0328125 0.065625
0 0.86484375 0.60234375 0.0375 0.0703125
0 0.30859375 0.66484375 0.0328125 0.065625
0 0.0421875 0.67890625 0.0421875 0.0609375
0 0.109375 0.678125 0.0421875 0.0703125
0 0.84609375 0.67890625 0.0375 0.0609375
0 0.4640625 0.6859375 0.0328125 0.0609375
0 0.55859375 0.6890625 0.0296875 0.0609375
0 0.76953125 0.68515625 0.0421875 0.065625
0 0.92421875 0.6828125 0.0375 0.065625
0 0.3875 0.69453125 0.0375 0.0703125
0 0.63515625 0.69453125 0.0375 0.065625
0 0.9828125 0.6875 0.034375 0.075
0 0.25078125 0.70390625 0.0375 0.0703125
0 0.7125 0.7 0.0328125 0.0609375
0 0.5578125 0.078125 0.0328125 0.046875
0 0.36328125 0.78046875 0.0328125 0.0609375
0 0.29375 0.78203125 0.0375 0.075
0 0.62265625 0.78203125 0.0421875 0.065625
0 0.14921875 0.8 0.0328125 0.05625
0 0.77421875 0.803125 0.0375 0.0703125
0 0.71640625 0.80625 0.0296875 0.0609375
0 0.20234375 0.815625 0.0328125 0.075
0 0.97734375 0.80625 0.0328125 0.065625
0 0.834375 0.81171875 0.0375 0.075
0 0.9109375 0.8171875 0.0375 0.075
0 0.51953125 0.8265625 0.0375 0.0796875
0 0.04765625 0.84140625 0.0375 0.065625
0 0.47265625 0.8921875 0.0375 0.065625
0 0.3984375 0.9109375 0.0296875 0.0609375
0 0.23125 0.09765625 0.0328125 0.0703125
0 0.71328125 0.9078125 0.0375 0.075
0 0.1921875 0.9265625 0.0375 0.075
0 0.2765625 0.92734375 0.0296875 0.075
0 0.546875 0.92734375 0.0375 0.0609375
0 0.3296875 0.97109375 0.0375 0.0515625
0 0.85546875 0.9796875 0.0421875 0.01875
0 0.40703125 0.10546875 0.0375 0.0609375
0 0.2984375 0.109375 0.0296875 0.05625
0 0.0625 0.12109375 0.0296875 0.065625
0 0.125 0.11953125 0.0296875 0.065625
0 0.52578125 0.121875 0.0296875 0.046875
0 0.584375 0.12109375 0.0328125 0.065625
0 0.8015625 0.12421875 0.0328125 0.05625
0 0.87578125 0.1234375 0.0328125 0.065625
0 0.73203125 0.13046875 0.0375 0.05625
0 0.4 0.1890625 0.0296875 0.0609375
0 0.2703125 0.1984375 0.0296875 0.0609375
0 0.140625 0.203125 0.0296875 0.0703125
0 0.190625 0.02890625 0.0375 0.046875
0 0.3390625 0.20703125 0.0296875 0.046875
0 0.925 0.19609375 0.0328125 0.0703125
0 0.4828125 0.20625 0.0328125 0.05625
0 0.60078125 0.20703125 0.0375 0.065625
0 0.21328125 0.215625 0.0421875 0.05625
0 0.5484375 0.21015625 0.0375 0.05625
0 0.6828125 0.21015625 0.0375 0.0609375
0 0.8515625 0.20703125 0.0375 0.0609375
0 0.07890625 0.22890625 0.0328125 0.075
0 0.75703125 0.21953125 0.0328125 0.0609375
0 0.26484375 0.0296875 0.0296875 0.0515625
0 0.21796875 0.28515625 0.0328125 0.0515625
0 0.30390625 0.2875 0.0375 0.0609375
0 0.0609375 0.296875 0.0328125 0.075
0 0.69765625 0.290625 0.0375 0.0609375
0 0.13828125 0.3046875 0.0328125 0.075
0 0.59375 0.3015625 0.0375 0.0609375
0 0.50859375 0.31015625 0.046875 0.075
0 0.75625 0.3078125 0.0375 0.0609375
0 0.890625 0.31484375 0.0421875 0.0703125