0 0.22734375 0.34453125 0.0109375 0.015625
0 0.28359375 0.4890625 0.0046875 0.0046875
0 0.33125 0.49921875 0.0046875 0.0046875
0 0.765625 0.5703125 0.00625 0.009375
0 0.7703125 0.57109375 0.00625 0.009375
0 0.815625 0.58046875 0.0046875 0.0046875
0 0.7828125 0.57578125 0.0046875 0.0046875
0 0.2796875 0.49609375 0.0046875 0.0046875
0 0.80625 0.58125 0.00625 0.009375
0 0.96328125 0.60546875 0.0046875 0.0046875
0 0.77578125 0.57578125 0.0046875 0.0046875
0 0.85625 0.5890625 0.0046875 0.0046875
0 0.96796875 0.60625 0.0046875 0.0046875
0 0.29609375 0.5 0.0046875 0.0046875
0 0.26875 0.49609375 0.0046875 0.0046875
0 0.2984375 0.50078125 0.0046875 0.0046875
0 0.26171875 0.496875 0.0046875 0.0046875
0 0.95703125 0.60703125 0.0046875 0.0046875
0 0.2546875 0.49609375 0.0046875 0.0046875
0 0.9453125 0.60546875 0.0046875 0.0046875
0 0.3046875 0.50625 0.00625 0.009375
0 0.32734375 0.51015625 0.0046875 0.0046875
0 0.28828125 0.50390625 0.00625 0.009375
0 0.34765625 0.51328125 0.00625 0.009375
0 0.94921875 0.60859375 0.00625 0.009375
0 0.35234375 0.5140625 0.0046875 0.0046875
0 0.978125 0.615625 0.0109375 0.0109375
0 0.2328125 0.49765625 0.00625 0.009375
0 0.275 0.50390625 0.00625 0.009375
0 0.27890625 0.5046875 0.00625 0.009375
0 0.96640625 0.615625 0.0046875 0.0046875
0 0.28984375 0.50859375 0.00625 0.009375
0 0.85 0.59765625 0.0046875 0.0046875
0 0.24453125 0.5015625 0.00625 0.009375
0 0.440625 0.53515625 0.009375 0.00625
0 0.8296875 0.596875 0.00625 0.009375
0 0.26171875 0.50859375 0.0109375 0.0109375
0 0.40078125 0.53359375 0.00625 0.009375
0 0.27109375 0.5125 0.0109375 0.0109375
0 0.3 0.5171875 0.00625 0.009375
0 0.2765625 0.51640625 0.00625 0.009375
0 0.24453125 0.51328125 0.0109375 0.015625
0 0.2671875 0.51953125 0.00625 0.009375
0 0.3265625 0.53359375 0.0046875 0.0046875
0 0.5359375 0.56640625 0.0109375 0.0109375
0 0.54296875 0.56796875 0.00625 0.009375
0 0.51875 0.5640625 0.0109375 0.0109375
0 0.28203125 0.5265625 0.00625 0.009375
0 0.29609375 0.52890625 0.0109375 0.0109375
0 0.3171875 0.53203125 0.0046875 0.0046875
0 0.41015625 0.546875 0.00625 0.009375
0 0.34375 0.53828125 0.00625 0.009375
0 0.25703125 0.525 0.00625 0.0140625
0 0.25 0.52578125 0.00625 0.0140625
0 0.2359375 0.52421875 0.0046875 0.0046875
0 0.2265625 0.52265625 0.00625 0.0140625
0 0.51328125 0.56796875 0.0109375 0.0109375
0 0.39765625 0.54921875 0.00625 0.009375
0 0.33046875 0.5390625 0.0046875 0.0046875
0 0.50546875 0.56875 0.00625 0.009375
0 0.365625 0.54921875 0.0109375 0.015625
0 0.26328125 0.5328125 0.0109375 0.015625
0 0.53203125 0.57578125 0.00625 0.0140625
0 0.321875 0.54453125 0.00625 0.009375
0 0.34921875 0.54921875 0.0046875 0.0046875
0 0.34453125 0.5484375 0.0109375 0.0109375
0 0.24375 0.534375 0.00625 0.009375
0 0.5546875 0.58359375 0.015625 0.015625
0 0.2984375 0.54296875 0.0109375 0.0109375
0 0.38828125 0.55703125 0.0109375 0.015625
0 0.284375 0.54140625 0.00625 0.009375
0 0.31484375 0.54609375 0.0109375 0.0109375
0 0.26875 0.540625 0.0109375 0.0109375
0 0.36015625 0.55546875 0.0125 0.0203125
0 0.353125 0.55390625 0.00625 0.0140625
0 0.18125 0.53203125 0.0109375 0.015625
0 0.33828125 0.55703125 0.0046875 0.0046875
0 0.33359375 0.55625 0.0046875 0.0046875
0 0.34296875 0.55703125 0.0109375 0.0109375
0 0.2953125 0.55 0.0109375 0.015625
0 0.315625 0.5578125 0.0109375 0.0109375
0 0.3265625 0.56171875 0.0109375 0.015625
0 0.353125 0.56640625 0.0109375 0.015625
0 0.2890625 0.5609375 0.0109375 0.0109375
0 0.25703125 0.55546875 0.00625 0.0140625
0 0.58125 0.60859375 0.0109375 0.015625
0 0.5171875 0.5984375 0.0171875 0.0203125
0 0.65625 0.6203125 0.0125 0.0203125
0 0.67890625 0.6265625 0.021875 0.021875
0 0.60859375 0.615625 0.0125 0.0203125
0 0.6171875 0.61640625 0.0109375 0.015625
0 0.39140625 0.58125 0.015625 0.015625
0 0.7109375 0.63125 0.0125 0.0203125
0 0.4390625 0.590625 0.0109375 0.015625
0 0.38203125 0.58203125 0.015625 0.015625
0 0.57421875 0.6125 0.0109375 0.015625
0 0.31953125 0.5765625 0.015625 0.015625
0 0.6234375 0.625 0.0109375 0.015625
0 0.34375 0.58046875 0.0125 0.0203125
0 0.56328125 0.61796875 0.015625 0.015625
0 0.53828125 0.61328125 0.0171875 0.025
0 0.73046875 0.64375 0.015625 0.015625
0 0.50625 0.60859375 0.021875 0.021875
0 0.07421875 0.5421875 0.0109375 0.015625
0 0.665625 0.6359375 0.015625 0.015625
0 0.26171875 0.571875 0.0171875 0.0203125
0 0.35703125 0.5875 0.015625 0.015625
0 0.4328125 0.59921875 0.0109375 0.015625
0 0.52109375 0.615625 0.0171875 0.0203125
0 0.33125 0.5859375 0.0171875 0.0203125
0 0.2921875 0.58203125 0.0171875 0.025
0 0.57421875 0.6265625 0.015625 0.015625
0 0.6765625 0.64296875 0.015625 0.015625
0 0.3125 0.58984375 0.015625 0.015625
0 0.78515625 0.6671875 0.0125 0.0203125
0 0.4359375 0.61171875 0.0109375 0.015625
0 0.36953125 0.60078125 0.0171875 0.0203125
0 0.6546875 0.64609375 0.0171875 0.0203125
0 0.73984375 0.66015625 0.0171875 0.0203125
0 0.628125 0.6421875 0.0171875 0.0203125
0 0.8921875 0.6859375 0.0171875 0.0203125
0 0.39140625 0.60703125 0.0109375 0.015625
0 0.6609375 0.65234375 0.015625 0.015625
0 0.67265625 0.65390625 0.0171875 0.0203125
0 0.35703125 0.60390625 0.015625 0.015625
0 0.70390625 0.65859375 0.015625 0.015625
0 0.7890625 0.67265625 0.0171875 0.0203125
0 0.384375 0.60859375 0.0171875 0.0203125
0 0.4046875 0.6140625 0.015625 0.015625
0 0.596875 0.64453125 0.0125 0.0203125
0 0.884375 0.68984375 0.021875 0.021875
0 0.5484375 0.6390625 0.015625 0.015625
0 0.3203125 0.603125 0.0109375 0.015625
0 0.58671875 0.6453125 0.0109375 0.015625
0 0.75234375 0.67109375 0.0171875 0.025
0 0.484375 0.62890625 0.0109375 0.015625
0 0.56640625 0.64453125 0.0109375 0.015625
0 0.3296875 0.609375 0.0171875 0.0203125
0 0.47421875 0.63203125 0.0109375 0.0109375
0 0.521875 0.63984375 0.0234375 0.03125
0 0.64140625 0.65859375 0.015625 0.015625
0 0.29609375 0.60625 0.0171875 0.0203125
0 0.39140625 0.62109375 0.0171875 0.0203125
0 0.4125 0.62421875 0.0171875 0.0203125
0 0.30703125 0.61015625 0.0171875 0.025
0 0.571875 0.65234375 0.0109375 0.015625
0 0.69765625 0.671875 0.0171875 0.0203125
0 0.2 0.59296875 0.0171875 0.0203125
0 0.3734375 0.62109375 0.0171875 0.0203125
0 0.58125 0.65390625 0.0109375 0.015625
0 0.725 0.67890625 0.0171875 0.025
0 0.62421875 0.6625 0.015625 0.015625
0 0.6859375 0.67265625 0.015625 0.015625
0 0.3515625 0.621875 0.0125 0.025
0 0.73359375 0.6828125 0.0171875 0.0203125
0 0.4015625 0.63203125 0.015625 0.015625
0 0.3421875 0.62265625 0.0125 0.0203125
0 0.48671875 0.64609375 0.0109375 0.015625
0 0.5046875 0.6484375 0.0125 0.0203125
0 0.88828125 0.709375 0.021875 0.021875
0 0.46328125 0.6421875 0.015625 0.015625
0 0.49296875 0.646875 0.0109375 0.015625
0 0.66953125 0.675 0.0125 0.0203125
0 0.74453125 0.6890625 0.0171875 0.0203125
0 0.31953125 0.621875 0.0171875 0.0203125
0 0.60703125 0.66953125 0.0171875 0.0203125
0 0.70234375 0.684375 0.0171875 0.0203125
0 0.91953125 0.721875 0.021875 0.0265625
0 0.36640625 0.63359375 0.0171875 0.0203125
0 0.453125 0.64765625 0.0171875 0.025
0 0.640625 0.67734375 0.0171875 0.025
0 0.67734375 0.6828125 0.0171875 0.025
0 0.46875 0.65 0.0125 0.0203125
0 0.57890625 0.6671875 0.015625 0.0109375
0 0.6203125 0.67421875 0.015625 0.015625
0 0.56328125 0.66484375 0.015625 0.015625
0 0.38203125 0.640625 0.021875 0.021875
0 0.409375 0.64453125 0.021875 0.021875
0 0.5328125 0.6640625 0.015625 0.0109375
0 0.54609375 0.66640625 0.0125 0.0203125
0 0.26953125 0.62265625 0.021875 0.021875
0 0.42734375 0.64765625 0.0171875 0.0203125
0 0.76328125 0.70078125 0.01875 0.0296875
0 0.51171875 0.6609375 0.01875 0.0296875
0 0.52578125 0.66328125 0.0109375 0.015625
0 0.2875 0.62734375 0.0171875 0.025
0 0.209375 0.615625 0.021875 0.0265625
0 0.47734375 0.6578125 0.0078125 0.01875
0 0.88828125 0.72265625 0.021875 0.0265625
0 0.23046875 0.61875 0.0171875 0.025
0 0.46328125 0.6578125 0.0171875 0.0203125
0 0.50234375 0.6640625 0.0125 0.0203125
0 0.57265625 0.675 0.0171875 0.0203125
0 0.77421875 0.70703125 0.0234375 0.03125
0 0.93828125 0.7328125 0.0203125 0.0171875
0 0.48359375 0.66328125 0.0171875 0.025
0 0.61328125 0.6890625 0.0171875 0.0203125
0 0.29765625 0.6390625 0.0171875 0.0203125
0 0.64921875 0.69453125 0.021875 0.0265625
0 0.6859375 0.70234375 0.015625 0.0109375
0 0.1984375 0.62578125 0.0171875 0.0203125
0 0.553125 0.68203125 0.0171875 0.025
0 0.7203125 0.7078125 0.021875 0.0265625
0 0.25390625 0.63671875 0.0171875 0.0203125
0 0.70625 0.70859375 0.0171875 0.0203125
0 0.3703125 0.6546875 0.0171875 0.0203125
0 0.75078125 0.71796875 0.0171875 0.025
0 0.90234375 0.74140625 0.0234375 0.03125
0 0.57734375 0.690625 0.0171875 0.0203125
0 0.5296875 0.6828125 0.0171875 0.025
0 0.63671875 0.70234375 0.0171875 0.0203125
0 0.66171875 0.70625 0.0171875 0.0203125
0 0.540625 0.68671875 0.0125 0.0203125
0 0.33515625 0.65390625 0.0171875 0.0203125
0 0.69140625 0.7109375 0.0171875 0.0203125
0 0.1703125 0.63046875 0.0125 0.0203125
0 0.14921875 0.62734375 0.0203125 0.0171875
0 0.48125 0.6796875 0.015625 0.015625
0 0.40078125 0.6671875 0.015625 0.015625
0 0.27890625 0.65 0.0171875 0.025
0 0.675 0.7125 0.028125 0.03125
0 0.46640625 0.68203125 0.01875 0.0296875
0 0.34765625 0.66328125 0.0171875 0.0203125
0 0.734375 0.72421875 0.015625 0.015625
0 0.309375 0.65703125 0.015625 0.015625
0 0.61953125 0.70859375 0.0171875 0.0203125
0 0.94140625 0.759375 0.0234375 0.03125
0 0.5890625 0.70625 0.0125 0.0203125
0 0.4421875 0.6828125 0.0125 0.025
0 0.5578125 0.7015625 0.0171875 0.0203125
0 0.2640625 0.65703125 0.021875 0.0265625
0 0.11328125 0.6359375 0.015625 0.015625
0 0.571875 0.70859375 0.015625 0.015625
0 0.7875 0.7421875 0.0234375 0.03125
0 0.23671875 0.65546875 0.015625 0.015625
0 0.6453125 0.7203125 0.021875 0.0265625
0 0.2984375 0.66484375 0.0171875 0.0203125
0 0.165625 0.64375 0.021875 0.0265625
0 0.496875 0.69921875 0.0171875 0.0203125
0 0.9171875 0.765625 0.0234375 0.03125
0 0.690625 0.73203125 0.01875 0.0296875
0 0.7203125 0.73671875 0.0234375 0.034375
0 0.4140625 0.68828125 0.015625 0.015625
0 0.14609375 0.6453125 0.028125 0.0359375
0 0.48046875 0.6984375 0.021875 0.0265625
0 0.775 0.7453125 0.0171875 0.025
0 0.734375 0.7390625 0.021875 0.0265625
0 0.31484375 0.675 0.0234375 0.034375
0 0.54140625 0.7109375 0.015625 0.015625
0 0.365625 0.6828125 0.021875 0.0265625
0 0.396875 0.68984375 0.0234375 0.034375
0 0.6328125 0.72734375 0.0234375 0.034375
0 0.7625 0.7484375 0.0234375 0.034375
0 0.59140625 0.72109375 0.021875 0.0265625
0 0.5609375 0.71875 0.015625 0.015625
0 0.19765625 0.6609375 0.021875 0.0265625
0 0.3421875 0.68359375 0.021875 0.0265625
0 0.125 0.64921875 0.028125 0.03125
0 0.62109375 0.73046875 0.01875 0.0296875
0 0.7046875 0.74609375 0.0171875 0.0203125
0 0.04453125 0.64140625 0.028125 0.0359375
0 0.5421875 0.72265625 0.021875 0.021875
0 0.60390625 0.73203125 0.021875 0.021875
0 0.503125 0.71640625 0.021875 0.021875
0 0.4640625 0.71015625 0.01875 0.0296875
0 0.1078125 0.65625 0.0171875 0.025
0 0.57109375 0.7296875 0.021875 0.0265625
0 0.09140625 0.65390625 0.0328125 0.0359375
0 0.2359375 0.6765625 0.01875 0.034375
0 0.24921875 0.68125 0.0234375 0.03125
0 0.65078125 0.74453125 0.0234375 0.034375
0 0.4890625 0.71875 0.021875 0.021875
0 0.95234375 0.79375 0.01875 0.034375
0 0.12890625 0.66328125 0.0171875 0.0203125
0 0.26171875 0.684375 0.0234375 0.03125
0 0.928125 0.78984375 0.0234375 0.034375
0 0.6671875 0.7484375 0.0171875 0.025
0 0.55703125 0.73359375 0.021875 0.0265625
0 0.7421875 0.76328125 0.0234375 0.03125
0 0.44140625 0.71796875 0.0171875 0.025
0 0.47421875 0.72265625 0.01875 0.0296875
0 0.45546875 0.7203125 0.0234375 0.03125
0 0.878125 0.7890625 0.0234375 0.03125
0 0.20390625 0.6828125 0.0234375 0.034375
0 0.3296875 0.70234375 0.028125 0.040625
0 0.3109375 0.7015625 0.028125 0.0359375
0 0.76796875 0.7765625 0.0328125 0.0359375
0 0.90078125 0.79765625 0.0375 0.0453125
0 0.35390625 0.7109375 0.028125 0.040625
0 0.50859375 0.73828125 0.0234375 0.034375
0 0.534375 0.7421875 0.0328125 0.0359375
0 0.58203125 0.7515625 0.0328125 0.040625
0 0.05859375 0.67109375 0.0328125 0.040625
0 0.70234375 0.77578125 0.028125 0.0359375
0 0.25390625 0.70703125 0.0234375 0.034375
0 0.48671875 0.74609375 0.0234375 0.034375
0 0.19375 0.7 0.028125 0.0359375
0 0.60546875 0.76953125 0.0171875 0.025
0 0.1109375 0.69609375 0.0328125 0.0359375
0 0.94453125 0.83046875 0.015625 0.0421875
0 0.41953125 0.77109375 0.034375 0.0453125
0 0.03359375 0.71015625 0.0375 0.040625
0 0.2984375 0.75625 0.0390625 0.05
0 0.1140625 0.73359375 0.0375 0.0453125
0 0.86015625 0.934375 0.05 0.065625