0 0.8625 0.58203125 0.0171875 0.0203125
0 0.54609375 0.5390625 0.0171875 0.0203125
0 0.53515625 0.546875 0.0109375 0.015625
0 0.9296875 0.60234375 0.0171875 0.025
0 0.9625 0.61640625 0.028125 0.034375
0 0.97421875 0.61796875 0.0234375 0.0390625
0 0.73359375 0.584375 0.0125 0.0203125
0 0.840625 0.6015625 0.0171875 0.0203125
0 0.4953125 0.553125 0.0375 0.05
0 0.8 0.59609375 0.021875 0.021875
0 0.61875 0.5703125 0.021875 0.0296875
0 0.9140625 0.61171875 0.0171875 0.0296875
0 0.69921875 0.58125 0.0125 0.0203125
0 0.24453125 0.5203125 0.0171875 0.0203125
0 0.5265625 0.559375 0.0171875 0.0203125
0 0.2328125 0.51875 0.015625 0.015625
0 0.709375 0.58515625 0.0171875 0.025
0 0.94140625 0.61796875 0.0171875 0.0296875
0 0.7875 0.5984375 0.0125 0.0203125
0 0.271875 0.5265625 0.015625 0.015625
0 0.85625 0.60859375 0.0171875 0.025
0 0.50625 0.559375 0.0171875 0.0203125
0 0.36796875 0.53984375 0.0328125 0.0359375
0 0.4390625 0.55 0.0171875 0.0203125
0 0.20546875 0.5171875 0.00625 0.009375
0 0.184375 0.51640625 0.015625 0.0109375
0 0.646875 0.58125 0.0171875 0.025
0 0.4015625 0.546875 0.0125 0.0203125
0 0.77109375 0.5984375 0.021875 0.0265625
0 0.72265625 0.5921875 0.0125 0.0203125
0 0.62734375 0.57890625 0.0171875 0.0203125
0 0.41328125 0.55078125 0.0109375 0.015625
0 0.81484375 0.60703125 0.0125 0.0203125
0 0.21171875 0.52265625 0.0109375 0.0109375
0 0.22265625 0.52421875 0.00625 0.009375
0 0.56953125 0.57265625 0.0328125 0.040625
0 0.6359375 0.58203125 0.0171875 0.0203125
0 0.82890625 0.609375 0.0125 0.0203125
0 0.20703125 0.521875 0.00625 0.0140625
0 0.390625 0.54765625 0.0109375 0.015625
0 0.89609375 0.62109375 0.0171875 0.025
0 0.671875 0.58984375 0.0171875 0.0203125
0 0.29375 0.53671875 0.0171875 0.025
0 0.59375 0.57890625 0.0125 0.0203125
0 0.421875 0.55703125 0.0171875 0.0203125
0 0.6625 0.590625 0.0171875 0.0203125
0 0.68828125 0.59453125 0.0171875 0.0296875
0 0.3140625 0.54375 0.0171875 0.025
0 0.2015625 0.528125 0.0109375 0.015625
0 0.40546875 0.55703125 0.0125 0.0203125
0 0.7375 0.60390625 0.0171875 0.0203125
0 0.75390625 0.60625 0.0171875 0.025
0 0.88671875 0.62734375 0.021875 0.021875
0 0.92109375 0.63203125 0.021875 0.021875
0 0.3046875 0.5453125 0.0125 0.0203125
0 0.18984375 0.52890625 0.015625 0.015625
0 0.5375 0.5828125 0.0171875 0.0203125
0 0.25078125 0.5421875 0.0171875 0.025
0 0.2625 0.54609375 0.0125 0.0203125
0 0.22734375 0.54375 0.0109375 0.015625
0 0.43828125 0.57578125 0.0171875 0.0203125
0 0.76953125 0.625 0.0171875 0.025
0 0.41484375 0.575 0.0125 0.0203125
0 0.425 0.58359375 0.0125 0.0203125
0 0.22265625 0.55625 0.00625 0.009375
0 0.51796875 0.6 0.0171875 0.025
0 0.9265625 0.6578125 0.028125 0.034375
0 0.390625 0.58515625 0.015625 0.015625
0 0.3984375 0.5859375 0.0109375 0.015625
0 0.85 0.65390625 0.01875 0.034375
0 0.21953125 0.565625 0.015625 0.015625
0 0.73046875 0.6375 0.021875 0.0296875
0 0.2765625 0.5734375 0.0171875 0.0203125
0 0.89296875 0.6625 0.021875 0.021875
0 0.26484375 0.5765625 0.0171875 0.0203125
0 0.65390625 0.6359375 0.021875 0.0296875
0 0.95625 0.678125 0.0171875 0.025
0 0.82421875 0.66953125 0.0171875 0.0203125
0 0.6109375 0.64453125 0.0171875 0.0203125
0 0.8640625 0.68671875 0.0234375 0.034375
0 0.88671875 0.725 0.0265625 0.03125