0 0.0984375 0.334375 0.040625 0.0640625
0 0.45625 0.2703125 0.0515625 0.0625
0 0.3859375 0.0421875 0.046875 0.0625
0 0.34609375 0.30859375 0.0546875 0.0984375
0 0.5796875 0.2625 0.0625 0.090625
0 0.70390625 0.25546875 0.0609375 0.0875
0 0.27890625 0.36015625 0.06875 0.1234375
0 0.40078125 0.334375 0.0765625 0.115625
0 0.08359375 0.4109375 0.05625 0.103125
0 0.0390625 0.43046875 0.078125 0.1078125
0 0.91796875 0.25078125 0.06875 0.1234375
0 0.19453125 0.41796875 0.04375 0.0828125
0 0.1578125 0.428125 0.0734375 0.1234375
0 0.63984375 0.346875 0.0640625 0.1
0 0.0734375 0.11953125 0.0421875 0.034375
0 0.753125 0.37734375 0.0640625 0.1
0 0.6 0.4265625 0.0859375 0.121875
0 0.45625 0.48046875 0.0765625 0.0984375
0 0.9359375 0.390625 0.090625 0.11875
0 0.04453125 0.60859375 0.0875 0.14375
0 0.79921875 0.01171875 0.0609375 0.0234375
0 0.78515625 0.49375 0.0703125 0.1046875
0 0.2859375 0.6046875 0.08125 0.1171875
0 0.53828125 0.64609375 0.090625 0.11875
0 0.75625 0.015625 0.0375 0.03125
0 0.78359375 0.63125 0.0953125 0.1234375
0 0.0109375 0.16953125 0.021875 0.0828125
0 0.96875 0.61875 0.0625 0.128125
0 0.275 0.79140625 0.1 0.1421875
0 0.328125 0.10625 0.05625 0.08125
0 0.44140625 0.8484375 0.1078125 0.1828125
0 0.66328125 0.0421875 0.0515625 0.0796875
0 0.7203125 0.890625 0.0859375 0.1171875
0 0.59609375 0.06328125 0.0625 0.0734375
0 0.196875 0.16171875 0.05625 0.08125
0 0.08984375 0.184375 0.0515625 0.084375
0 0.50859375 0.103125 0.040625 0.0640625
0 0.40234375 0.1328125 0.0421875 0.0734375
0 0.490625 0.0109375 0.046875 0.021875
0 0.85078125 0.05859375 0.0375 0.0734375
0 0.3921875 0.1796875 0.0453125 0.075
0 0.25390625 0.2109375 0.0515625 0.084375
0 0.884375 0.0796875 0.0625 0.090625
0 0.55 0.1671875 0.0546875 0.0765625
0 0.675 0.14296875 0.0515625 0.084375
0 0.171875 0.26015625 0.059375 0.078125
0 0.82734375 0.125 0.05625 0.103125
0 0.01015625 0.30625 0.0203125 0.075
0 0.34609375 0.23203125 0.0671875 0.0921875
0 0.44453125 0.21640625 0.0609375 0.0875
0 0.66484375 0.19765625 0.0546875 0.0765625