0 0.74296875 0.04375 0.0265625 0.0265625
0 0.16796875 0.0484375 0.025 0.04375
0 0.49296875 0.1 0.0296875 0.0453125
0 0.465625 0.0984375 0.025 0.0484375
0 0.9265625 0.1734375 0.0375 0.040625
0 0.453125 0.103125 0.025 0.0390625
0 0.54765625 0.1234375 0.0359375 0.028125
0 0.99140625 0.19609375 0.0171875 0.0453125
0 0.76015625 0.16171875 0.034375 0.05
0 0.53203125 0.01171875 0.0265625 0.0234375
0 0.42265625 0.1125 0.0296875 0.0453125
0 0.32421875 0.1 0.0296875 0.0453125
0 0.68046875 0.15859375 0.0296875 0.0453125
0 0.7109375 0.16328125 0.025 0.04375
0 0.34609375 0.1078125 0.0296875 0.0453125
0 0.99609375 0.21484375 0.0078125 0.0453125
0 0.446875 0.01015625 0.028125 0.0203125
0 0.4765625 0.0125 0.028125 0.025
0 0.54921875 0.16015625 0.034375 0.0453125
0 0.85078125 0.22265625 0.034375 0.05
0 0.81484375 0.2171875 0.03125 0.0578125
0 0.56875 0.1875 0.0359375 0.059375
0 0.08515625 0.1203125 0.034375 0.0453125
0 0.221875 0.1515625 0.0359375 0.0546875
0 0.4015625 0.0109375 0.034375 0.021875
0 0.98984375 0.27578125 0.0203125 0.0453125
0 0.49609375 0.19921875 0.0390625 0.0546875
0 0.97421875 0.2875 0.0359375 0.0546875
0 0.1390625 0.1609375 0.034375 0.05
0 0.90625 0.084375 0.034375 0.05
0 0.23046875 0.20625 0.0359375 0.0546875
0 0.7015625 0.290625 0.040625 0.0640625
0 0.4890625 0.259375 0.034375 0.05
0 0.7890625 0.06796875 0.034375 0.0453125
0 0.25 0.23125 0.040625 0.0640625
0 0.178125 0.22421875 0.040625 0.059375
0 0.409375 0.271875 0.04375 0.05625
0 0.725 0.32421875 0.046875 0.075
0 0.57890625 0.3109375 0.0515625 0.075
0 0.7265625 0.034375 0.015625 0.0109375
0 0.609375 0.04375 0.025 0.0390625
0 0.8921875 0.3890625 0.0484375 0.0796875
0 0.51015625 0.33046875 0.0453125 0.065625
0 0.54296875 0.03515625 0.028125 0.0359375
0 0.26640625 0.31484375 0.0453125 0.065625
0 0.83984375 0.4109375 0.046875 0.075
0 0.79921875 0.41171875 0.046875 0.075
0 0.46875 0.35859375 0.040625 0.059375
0 0.35625 0.36015625 0.05 0.065625
0 0.20859375 0.3578125 0.05625 0.071875
0 0.86171875 0.46328125 0.0390625 0.0546875
0 0.58984375 0.4203125 0.0515625 0.0703125
0 0.39140625 0.02109375 0.0296875 0.0421875
0 0.159375 0.38984375 0.0515625 0.096875
0 0.4046875 0.4359375 0.0515625 0.0703125
0 0.990625 0.11875 0.01875 0.03125
0 0.34140625 0.4375 0.0671875 0.090625
0 0.175 0.41796875 0.025 0.04375
0 0.865625 0.5296875 0.0453125 0.065625
0 0.3234375 0.0203125 0.03125 0.040625
0 0.675 0.5203125 0.04375 0.05625
0 0.63671875 0.02265625 0.0203125 0.0171875
0 0.453125 0.54609375 0.0578125 0.084375
0 0.01953125 0.47890625 0.0390625 0.0796875
0 0.4796875 0.04921875 0.0265625 0.0265625
0 0.93984375 0.6375 0.0484375 0.0796875
0 0.6859375 0.59765625 0.053125 0.084375
0 0.2 0.53203125 0.04375 0.078125
0 0.49921875 0.5796875 0.0625 0.08125
0 0.190625 0.0109375 0.01875 0.021875
0 0.83671875 0.1078125 0.0234375 0.034375
0 0.7515625 0.09453125 0.0234375 0.034375
0 0.86875 0.6734375 0.059375 0.0890625
0 0.3125 0.02734375 0.0296875 0.0484375
0 0.61171875 0.65390625 0.059375 0.0890625
0 0.7703125 0.7 0.0515625 0.0703125
0 0.32109375 0.6375 0.0578125 0.084375
0 0.6453125 0.0875 0.0328125 0.040625
0 0.2171875 0.02421875 0.025 0.0390625
0 0.5015625 0.07421875 0.0296875 0.0453125
0 0.22578125 0.75390625 0.059375 0.0625
0 0.51328125 0.846875 0.0625 0.090625
0 0.43203125 0.83828125 0.0625 0.090625
0 0.21328125 0.8296875 0.0921875 0.071875
0 0.72578125 0.12109375 0.0359375 0.0359375
0 0.53203125 0.090625 0.028125 0.040625
0 0.65 0.02734375 0.0171875 0.0203125
0 0.60703125 0.10625 0.034375 0.0453125
0 0.58125 0.1046875 0.025 0.0484375
0 0.5671875 0.10703125 0.0203125 0.0390625