0 0.2390625 0.1828125 0.0671875 0.09375
0 0.13515625 0.1859375 0.05625 0.084375
0 0.3390625 0.1984375 0.0671875 0.121875
0 0.64453125 0.20625 0.053125 0.103125
0 0.71796875 0.246875 0.053125 0.0984375
0 0.43515625 0.24140625 0.0578125 0.09375
0 0.571875 0.25390625 0.05625 0.0890625
0 0.49921875 0.28671875 0.0625 0.09375
0 0.86640625 0.31171875 0.0484375 0.1078125
0 0.80625 0.31796875 0.0625 0.121875
0 0.80625 0.59140625 0.0625 0.09375
0 0.6375 0.6015625 0.053125 0.1125
0 0.52890625 0.60234375 0.0671875 0.1125
0 0.4265625 0.60703125 0.053125 0.09375
0 0.71640625 0.6125 0.071875 0.103125
0 0.3640625 0.60859375 0.0625 0.1078125
0 0.29375 0.61640625 0.0671875 0.1125