0 0.23359375 0.10859375 0.0234375 0.0328125
0 0.83828125 0.12109375 0.028125 0.0375
0 0.44609375 0.0109375 0.0234375 0.021875
0 0.8859375 0.125 0.0234375 0.0375
0 0.91328125 0.1484375 0.01875 0.0328125
0 0.01953125 0.17421875 0.0296875 0.0515625
0 0.20234375 0.19140625 0.0328125 0.046875
0 0.60703125 0.203125 0.028125 0.0421875
0 0.28359375 0.19765625 0.0328125 0.05625
0 0.07734375 0.20078125 0.0328125 0.0515625
0 0.3640625 0.01953125 0.028125 0.0390625
0 0.853125 0.26796875 0.028125 0.0421875
0 0.28828125 0.26015625 0.0375 0.0515625
0 0.98515625 0.2796875 0.0296875 0.0609375
0 0.578125 0.27734375 0.0328125 0.0515625
0 0.76796875 0.28046875 0.0375 0.0515625
0 0.88828125 0.2875 0.028125 0.0375
0 0.17421875 0.02265625 0.0203125 0.0453125
0 0.38359375 0.2890625 0.0375 0.0609375
0 0.665625 0.296875 0.028125 0.0421875
0 0.0203125 0.2875 0.0328125 0.0609375
0 0.475 0.3140625 0.0328125 0.0515625
0 0.7234375 0.0359375 0.0296875 0.046875
0 0.99140625 0.34375 0.0171875 0.065625
0 0.8703125 0.346875 0.0375 0.065625
0 0.1375 0.33828125 0.0328125 0.0609375
0 0.0703125 0.03125 0.0296875 0.046875
0 0.02890625 0.0328125 0.025 0.046875
0 0.81171875 0.42890625 0.0421875 0.0703125
0 0.7375 0.434375 0.0375 0.065625
0 0.17421875 0.453125 0.046875 0.0796875
0 0.01953125 0.459375 0.034375 0.1015625
0 0.26953125 0.46796875 0.0421875 0.065625
0 0.11640625 0.04140625 0.0234375 0.0328125
0 0.9921875 0.503125 0.015625 0.084375
0 0.14921875 0.046875 0.01875 0.0421875
0 0.540625 0.53984375 0.0375 0.065625
0 0.390625 0.5375 0.0515625 0.075
0 0.684375 0.546875 0.0421875 0.084375
0 0.64453125 0.0578125 0.0296875 0.046875
0 0.29921875 0.05390625 0.025 0.046875
0 0.5125 0.06015625 0.0234375 0.0421875
0 0.865625 0.659375 0.05625 0.0890625
0 0.38515625 0.0671875 0.01875 0.0328125
0 0.484375 0.06953125 0.0140625 0.0375
0 0.98359375 0.08984375 0.0296875 0.0515625
0 0.55078125 0.0953125 0.01875 0.0328125
0 0.58359375 0.09609375 0.01875 0.0375