0 0.315625 0.61640625 0.0671875 0.090625
0 0.72109375 0.809375 0.0984375 0.11875
0 0.5234375 0.7828125 0.078125 0.1015625
0 0.21171875 0.73828125 0.06875 0.1
0 0.0421875 0.71328125 0.0734375 0.1015625
0 0.90625 0.85234375 0.090625 0.1171875
0 0.36640625 0.78125 0.0625 0.090625
0 0.81796875 0.1515625 0.05625 0.0765625
0 0.91015625 0.1734375 0.0625 0.08125
0 0.73203125 0.1453125 0.053125 0.0796875
0 0.0890625 0.04609375 0.05625 0.0765625
0 0.6234375 0.1375 0.05625 0.071875
0 0.5171875 0.128125 0.05 0.0609375
0 0.440625 0.1203125 0.0515625 0.075
0 0.30546875 0.09921875 0.0625 0.08125
0 0.2 0.084375 0.0546875 0.0671875
0 0.98984375 0.25390625 0.0203125 0.0765625
0 0.10546875 0.11875 0.0546875 0.0671875
0 0.7109375 0.2171875 0.0515625 0.0703125
0 0.52109375 0.18671875 0.0515625 0.075
0 0.3265625 0.1609375 0.05625 0.0765625
0 0.20859375 0.146875 0.065625 0.08125
0 0.425 0.18828125 0.0609375 0.0765625
0 0.8359375 0.25546875 0.0671875 0.090625
0 0.9140625 0.26796875 0.0609375 0.071875
0 0.59140625 0.21953125 0.046875 0.075
0 0.25078125 0.22421875 0.0625 0.08125
0 0.11328125 0.2046875 0.0625 0.08125
0 0.709375 0.3015625 0.0671875 0.0859375
0 0.36328125 0.25625 0.0625 0.0859375
0 0.9609375 0.3546875 0.065625 0.08125
0 0.45859375 0.284375 0.0578125 0.08125
0 0.571875 0.309375 0.0609375 0.071875
0 0.85625 0.3546875 0.0609375 0.071875
0 0.7171875 0.3890625 0.0625 0.08125
0 0.20859375 0.3109375 0.06875 0.0953125
0 0.5859375 0.37265625 0.0515625 0.075
0 0.07109375 0.29140625 0.06875 0.0953125
0 0.33828125 0.3359375 0.059375 0.0890625
0 0.8515625 0.42890625 0.0625 0.08125
0 0.97578125 0.4640625 0.0484375 0.08125
0 0.4578125 0.38359375 0.05625 0.0765625
0 0.5515625 0.45234375 0.0703125 0.0828125
0 0.26328125 0.425 0.071875 0.0875
0 0.8546875 0.525 0.0828125 0.0984375
0 0.7046875 0.51328125 0.0734375 0.096875
0 0.10703125 0.42109375 0.06875 0.0953125
0 0.3890625 0.47734375 0.065625 0.0734375
0 0.96796875 0.57890625 0.0625 0.0859375
0 0.91796875 0.6578125 0.0921875 0.1
0 0.77109375 0.63671875 0.090625 0.1171875
0 0.2171875 0.553125 0.0671875 0.090625
0 0.60859375 0.62734375 0.0703125 0.109375
0 0.45546875 0.603125 0.078125 0.1015625
0 0.03046875 0.55078125 0.0609375 0.1015625