0 0.221875 0.39140625 0.078125 0.10625
0 0.07109375 0.475 0.1 0.1328125
0 0.39296875 0.42578125 0.096875 0.1375
0 0.92890625 0.3265625 0.0921875 0.1359375
0 0.64296875 0.3890625 0.103125 0.125
0 0.82734375 0.4125 0.096875 0.1421875
0 0.22890625 0.53828125 0.09375 0.1234375
0 0.50625 0.49375 0.09375 0.1234375
0 0.75078125 0.51484375 0.11875 0.159375
0 0.425 0.6203125 0.1078125 0.1484375
0 0.9578125 0.5609375 0.084375 0.165625
0 0.0953125 0.74609375 0.1203125 0.15
0 0.2953125 0.709375 0.1046875 0.15625
0 0.63125 0.65625 0.1203125 0.1640625
0 0.88359375 0.675 0.121875 0.159375
0 0.42890625 0.25703125 0.096875 0.1375
0 0.7859375 0.19921875 0.1046875 0.1515625
0 0.9125 0.18203125 0.0828125 0.1078125
0 0.56171875 0.25 0.10625 0.14375
0 0.3015625 0.303125 0.103125 0.125
0 0.1375 0.33515625 0.096875 0.1375
0 0.6765625 0.23515625 0.09375 0.1234375
0 0.03046875 0.37578125 0.0609375 0.1390625