0 0.6546875 0.084375 0.0328125 0.0484375
0 0.88359375 0.05625 0.0375 0.0546875
0 0.5921875 0.0921875 0.0328125 0.04375
0 0.484375 0.1078125 0.0328125 0.040625
0 0.25234375 0.1359375 0.028125 0.0484375
0 0.8296875 0.0671875 0.0375 0.0453125
0 0.31484375 0.13515625 0.028125 0.0390625
0 0.7578125 0.090625 0.0328125 0.0484375
0 0.09140625 0.17265625 0.0375 0.05
0 0.7046875 0.096875 0.0234375 0.0390625
0 0.37890625 0.1390625 0.0328125 0.04375
0 0.41875 0.13671875 0.0359375 0.040625
0 0.02421875 0.196875 0.0328125 0.0484375
0 0.20390625 0.17734375 0.0328125 0.040625
0 0.53359375 0.015625 0.0328125 0.03125
0 0.47578125 0.01875 0.0359375 0.0375
0 0.69375 0.0046875 0.03125 0.009375
0 0.94609375 0.12578125 0.01875 0.0421875
0 0.8390625 0.14375 0.034375 0.053125
0 0.9109375 0.14375 0.034375 0.053125
0 0.76171875 0.16484375 0.0421875 0.05
0 0.52109375 0.19453125 0.0421875 0.05
0 0.58984375 0.1859375 0.0375 0.05
0 0.07578125 0.25390625 0.0328125 0.04375
0 0.365625 0.21796875 0.0359375 0.0359375
0 0.1359375 0.253125 0.0328125 0.04375
0 0.6421875 0.19609375 0.0328125 0.04375
0 0.01171875 0.2734375 0.0234375 0.04375
0 0.196875 0.2546875 0.0328125 0.04375
0 0.35859375 0.0375 0.028125 0.0390625
0 0.4296875 0.228125 0.03125 0.0359375
0 0.27109375 0.25 0.0328125 0.040625
0 0.3265625 0.24609375 0.028125 0.0390625
0 0.4140625 0.03046875 0.0328125 0.040625
0 0.63046875 0.0140625 0.0328125 0.028125
0 0.00703125 0.08359375 0.0140625 0.0359375
0 0.29765625 0.04921875 0.0328125 0.04375
0 0.153125 0.0671875 0.021875 0.0296875
0 0.746875 0.2484375 0.0328125 0.04375
0 0.16875 0.065625 0.028125 0.04375
0 0.55234375 0.28125 0.0328125 0.0484375
0 0.48828125 0.29140625 0.0328125 0.0484375
0 0.684375 0.26953125 0.0328125 0.0484375
0 0.9640625 0.2375 0.0109375 0.05625
0 0.80625 0.25703125 0.0328125 0.0484375
0 0.2640625 0.33046875 0.0265625 0.034375
0 0.41015625 0.3171875 0.0328125 0.04375
0 0.0953125 0.35625 0.0421875 0.05
0 0.35234375 0.32421875 0.028125 0.04375
0 0.6265625 0.2953125 0.0328125 0.04375
0 0.2078125 0.346875 0.028125 0.0390625
0 0.88125 0.26640625 0.0328125 0.04375
0 0.2296875 0.3515625 0.0375 0.05
0 0.15 0.365625 0.0328125 0.04375
0 0.028125 0.38046875 0.0328125 0.0484375
0 0.07109375 0.08125 0.0328125 0.0484375
0 0.95078125 0.33046875 0.0375 0.0546875
0 0.22109375 0.06953125 0.028125 0.0390625
0 0.746875 0.36484375 0.0328125 0.0484375
0 0.86875 0.35234375 0.034375 0.053125
0 0.246875 0.43125 0.028125 0.0484375
0 0.37578125 0.415625 0.0375 0.05
0 0.63125 0.38984375 0.034375 0.053125
0 0.00703125 0.4671875 0.0140625 0.0625
0 0.48828125 0.4078125 0.0328125 0.0484375
0 0.16328125 0.4546875 0.0328125 0.04375
0 0.0453125 0.48125 0.0375 0.05
0 0.434375 0.43828125 0.0328125 0.0484375
0 0.55390625 0.428125 0.0328125 0.0484375
0 0.3015625 0.46171875 0.028125 0.04375
0 0.78671875 0.40390625 0.028125 0.0390625
0 0.115625 0.0875 0.0265625 0.034375
0 0.57421875 0.49296875 0.0328125 0.0484375
0 0.3703125 0.52734375 0.0328125 0.0484375
0 0.18515625 0.5578125 0.0328125 0.04375
0 0.50703125 0.51796875 0.0328125 0.0484375
0 0.73203125 0.490625 0.0375 0.05
0 0.12109375 0.5703125 0.028125 0.04375
0 0.80625 0.4859375 0.0375 0.0546875
0 0.58125 0.03984375 0.028125 0.0484375
0 0.93984375 0.47421875 0.0375 0.0546875
0 0.428125 0.54375 0.0328125 0.0484375
0 0.065625 0.590625 0.028125 0.0390625
0 0.875 0.49296875 0.034375 0.053125
0 0.30703125 0.56328125 0.034375 0.053125
0 0.1359375 0.59140625 0.0328125 0.04375
0 0.6734375 0.52734375 0.0328125 0.040625
0 0.24609375 0.5796875 0.028125 0.0484375
0 0.26015625 0.08359375 0.0328125 0.040625
0 0.32109375 0.640625 0.0359375 0.040625
0 0.37734375 0.64296875 0.0328125 0.04375
0 0.528125 0.634375 0.0375 0.0546875
0 0.1171875 0.6875 0.0375 0.05
0 0.66015625 0.62265625 0.0375 0.0546875
0 0.59140625 0.63828125 0.0390625 0.059375
0 0.9 0.603125 0.0375 0.05
0 0.9625 0.59765625 0.0484375 0.059375
0 0.8265625 0.61640625 0.0328125 0.0484375
0 0.2 0.69765625 0.0390625 0.059375
0 0.44609375 0.6671875 0.0390625 0.059375
0 0.1 0.71640625 0.03125 0.0359375
0 0.7484375 0.6421875 0.0375 0.0453125
0 0.03359375 0.7296875 0.025 0.0578125
0 0.2640625 0.70390625 0.0328125 0.0484375
0 0.90078125 0.646875 0.0375 0.05
0 0.52265625 0.76328125 0.04375 0.0640625
0 0.30546875 0.79453125 0.0390625 0.059375
0 0.59765625 0.765625 0.0421875 0.0546875
0 0.95234375 0.72890625 0.0375 0.0546875
0 0.67578125 0.77421875 0.0484375 0.059375
0 0.22578125 0.8296875 0.04375 0.0640625
0 0.740625 0.76875 0.0375 0.0546875
0 0.35078125 0.82109375 0.04375 0.059375
0 0.1484375 0.8484375 0.0421875 0.0546875
0 0.0828125 0.8640625 0.0484375 0.0640625
0 0.83203125 0.77421875 0.04375 0.059375
0 0.4484375 0.82578125 0.04375 0.059375
0 0.921875 0.7796875 0.0421875 0.0546875
0 0.95625 0.83828125 0.040625 0.0359375
0 0.0796875 0.059375 0.034375 0.0265625
0 0.73515625 0.06484375 0.028125 0.04375
0 0.53828125 0.0890625 0.028125 0.04375
0 0.153125 0.14140625 0.0328125 0.040625