0 0.48828125 0.496875 0.0046875 0.0046875
0 0.4765625 0.49609375 0.0046875 0.0046875
0 0.50234375 0.49765625 0.0046875 0.0046875
0 0.5046875 0.49765625 0.0046875 0.0046875
0 0.509375 0.4984375 0.0046875 0.0046875
0 0.4859375 0.496875 0.0046875 0.0046875
0 0.5 0.49765625 0.0046875 0.0046875
0 0.48828125 0.49921875 0.0046875 0.0046875
0 0.49765625 0.5 0.0046875 0.0046875
0 0.4765625 0.4984375 0.0046875 0.0046875
0 0.51171875 0.50078125 0.0046875 0.0046875
0 0.51875 0.50078125 0.0046875 0.0046875
0 0.50703125 0.5 0.0046875 0.0046875
0 0.48828125 0.49921875 0.0046875 0.0046875
0 0.50234375 0.5 0.0046875 0.0046875
0 0.4859375 0.5015625 0.0046875 0.0046875
0 0.48828125 0.5015625 0.0046875 0.0046875
0 0.47421875 0.50078125 0.0046875 0.0046875
0 0.509375 0.503125 0.0046875 0.0046875
0 0.49765625 0.50234375 0.0046875 0.0046875
0 0.4859375 0.5015625 0.0046875 0.0046875
0 0.5140625 0.503125 0.0046875 0.0046875
0 0.51640625 0.50546875 0.0046875 0.0046875
0 0.5234375 0.50625 0.0046875 0.0046875
0 0.4765625 0.503125 0.0046875 0.0046875
0 0.509375 0.50546875 0.0046875 0.0046875
0 0.46328125 0.503125 0.0046875 0.0046875
0 0.4859375 0.50390625 0.0046875 0.0046875
0 0.5046875 0.5046875 0.0046875 0.0046875
0 0.50234375 0.5046875 0.0046875 0.0046875
0 0.5 0.50703125 0.0046875 0.0046875
0 0.49765625 0.50703125 0.0046875 0.0046875
0 0.50703125 0.50703125 0.0046875 0.0046875
0 0.5140625 0.5078125 0.0046875 0.0046875
0 0.509375 0.5078125 0.0046875 0.0046875
0 0.525 0.50859375 0.0046875 0.0046875
0 0.53359375 0.50859375 0.0046875 0.0046875
0 0.51796875 0.5078125 0.0046875 0.0046875
0 0.48828125 0.50625 0.0046875 0.0046875
0 0.51640625 0.5078125 0.0046875 0.0046875
0 0.52265625 0.50859375 0.0046875 0.0046875
0 0.53125 0.5109375 0.0046875 0.0046875
0 0.47578125 0.5078125 0.0046875 0.0046875
0 0.50390625 0.509375 0.0046875 0.0046875
0 0.54296875 0.51171875 0.0046875 0.0046875
0 0.48515625 0.50859375 0.0046875 0.0046875
0 0.496875 0.509375 0.0046875 0.0046875
0 0.46015625 0.50703125 0.0046875 0.0046875
0 0.5109375 0.51015625 0.0046875 0.0046875
0 0.45078125 0.50703125 0.0046875 0.0046875
0 0.50859375 0.51015625 0.0046875 0.0046875
0 0.53828125 0.51171875 0.0046875 0.0046875
0 0.48515625 0.50859375 0.0046875 0.0046875
0 0.5453125 0.51171875 0.0046875 0.0046875
0 0.4921875 0.51171875 0.0046875 0.0046875
0 0.49921875 0.51171875 0.0046875 0.0046875
0 0.5015625 0.51171875 0.0046875 0.0046875
0 0.53125 0.51328125 0.0046875 0.0046875
0 0.47578125 0.51015625 0.0046875 0.0046875
0 0.51796875 0.5125 0.0046875 0.0046875
0 0.42265625 0.5078125 0.009375 0.0046875
0 0.50625 0.51171875 0.0046875 0.0046875
0 0.53359375 0.51328125 0.0046875 0.0046875
0 0.525 0.51328125 0.0046875 0.0046875
0 0.540625 0.51640625 0.0046875 0.0046875
0 0.4484375 0.51171875 0.0046875 0.0046875
0 0.46484375 0.5125 0.0046875 0.0046875
0 0.47109375 0.5125 0.0046875 0.0046875
0 0.52734375 0.515625 0.0046875 0.0046875
0 0.48515625 0.51328125 0.0046875 0.0046875
0 0.55234375 0.5171875 0.0046875 0.0046875
0 0.478125 0.51328125 0.0046875 0.0046875
0 0.4296875 0.51015625 0.0046875 0.0046875
0 0.44140625 0.5109375 0.0046875 0.0046875
0 0.49921875 0.5140625 0.0046875 0.0046875
0 0.5296875 0.515625 0.0046875 0.0046875
0 0.56875 0.51796875 0.0046875 0.0046875
0 0.52265625 0.51796875 0.0046875 0.0046875
0 0.53828125 0.51875 0.0046875 0.0046875
0 0.51328125 0.5171875 0.0046875 0.0046875
0 0.51796875 0.5171875 0.0046875 0.0046875
0 0.4578125 0.5140625 0.0046875 0.0046875
0 0.5203125 0.5171875 0.0046875 0.0046875
0 0.56171875 0.51953125 0.0046875 0.009375
0 0.54765625 0.51875 0.0046875 0.0046875
0 0.559375 0.51953125 0.0046875 0.0046875
0 0.43203125 0.5125 0.0046875 0.009375
0 0.55234375 0.521875 0.0046875 0.0046875
0 0.540625 0.52109375 0.0046875 0.0046875
0 0.46484375 0.5171875 0.0046875 0.0046875
0 0.47578125 0.5171875 0.0046875 0.0046875
0 0.46875 0.5171875 0.0046875 0.0046875
0 0.4921875 0.51796875 0.0046875 0.0046875
0 0.45078125 0.51640625 0.0046875 0.0046875
0 0.4046875 0.51640625 0.0046875 0.0046875
0 0.44609375 0.51796875 0.0046875 0.0046875
0 0.41328125 0.51640625 0.009375 0.009375
0 0.53359375 0.52265625 0.0046875 0.0046875
0 0.5453125 0.5234375 0.0046875 0.0046875
0 0.425 0.5171875 0.009375 0.0046875
0 0.56796875 0.525 0.0046875 0.0046875
0 0.4390625 0.51796875 0.0046875 0.0046875
0 0.45546875 0.51875 0.0046875 0.0046875
0 0.53828125 0.5234375 0.0046875 0.0046875
0 0.5515625 0.52421875 0.0046875 0.0046875
0 0.51484375 0.52421875 0.009375 0.009375
0 0.48671875 0.52265625 0.0046875 0.0046875
0 0.51015625 0.52421875 0.0046875 0.0046875
0 0.575 0.52734375 0.009375 0.0046875
0 0.50546875 0.52578125 0.0046875 0.009375
0 0.46171875 0.5234375 0.009375 0.009375
0 0.49375 0.52578125 0.009375 0.009375
0 0.546875 0.528125 0.0046875 0.0046875
0 0.56328125 0.52890625 0.0046875 0.0046875
0 0.48203125 0.525 0.0046875 0.0046875
0 0.53046875 0.52734375 0.0046875 0.009375
0 0.58203125 0.5328125 0.0046875 0.009375
0 0.56796875 0.53203125 0.0046875 0.009375
0 0.609375 0.53359375 0.009375 0.009375
0 0.4546875 0.52578125 0.0046875 0.009375
0 0.4171875 0.52421875 0.0046875 0.009375
0 0.54921875 0.53046875 0.0046875 0.009375
0 0.53984375 0.53046875 0.0046875 0.009375
0 0.440625 0.52734375 0.0046875 0.0046875
0 0.45 0.528125 0.0046875 0.009375
0 0.55859375 0.53359375 0.0046875 0.0046875
0 0.3640625 0.5234375 0.0046875 0.0046875
0 0.48671875 0.53125 0.009375 0.0046875
0 0.4703125 0.53046875 0.0046875 0.0046875
0 0.35703125 0.52421875 0.009375 0.0046875
0 0.49375 0.53203125 0.009375 0.009375
0 0.521875 0.53359375 0.009375 0.0046875
0 0.4078125 0.5296875 0.009375 0.009375
0 0.421875 0.53046875 0.009375 0.009375
0 0.4265625 0.53046875 0.009375 0.009375
0 0.51015625 0.5375 0.009375 0.009375
0 0.46640625 0.53515625 0.0046875 0.009375
0 0.57421875 0.540625 0.009375 0.009375
0 0.6015625 0.5421875 0.009375 0.0140625
0 0.4359375 0.53359375 0.009375 0.009375
0 0.40390625 0.534375 0.0046875 0.009375
0 0.36875 0.53203125 0.009375 0.009375
0 0.5484375 0.54140625 0.009375 0.009375
0 0.5671875 0.54296875 0.0046875 0.009375
0 0.35703125 0.53125 0.009375 0.009375
0 0.39140625 0.5359375 0.009375 0.0140625
0 0.43046875 0.5375 0.009375 0.0046875
0 0.5625 0.54453125 0.0046875 0.009375
0 0.5296875 0.54296875 0.009375 0.009375
0 0.44453125 0.53828125 0.0140625 0.0140625
0 0.6109375 0.54765625 0.009375 0.009375
0 0.47421875 0.5421875 0.009375 0.009375
0 0.45625 0.54140625 0.009375 0.009375
0 0.58828125 0.5484375 0.009375 0.0046875
0 0.41875 0.53984375 0.009375 0.009375
0 0.50703125 0.546875 0.009375 0.009375
0 0.40703125 0.54140625 0.009375 0.0140625
0 0.5765625 0.55 0.009375 0.009375
0 0.51875 0.546875 0.009375 0.009375
0 0.42578125 0.54453125 0.009375 0.009375
0 0.37265625 0.5421875 0.0140625 0.0140625
0 0.6296875 0.55546875 0.009375 0.0140625
0 0.36328125 0.54375 0.0140625 0.0140625
0 0.55078125 0.553125 0.009375 0.009375
0 0.58515625 0.55546875 0.0140625 0.0140625
0 0.54296875 0.55546875 0.009375 0.0046875
0 0.65234375 0.5609375 0.0140625 0.0140625
0 0.39765625 0.55 0.009375 0.0140625
0 0.453125 0.553125 0.009375 0.0046875
0 0.40390625 0.55078125 0.0046875 0.009375
0 0.36015625 0.55078125 0.009375 0.009375
0 0.525 0.559375 0.0140625 0.0140625
0 0.57109375 0.56171875 0.009375 0.0140625
0 0.29296875 0.54921875 0.0140625 0.0140625
0 0.60546875 0.565625 0.009375 0.0046875
0 0.55234375 0.56328125 0.009375 0.009375
0 0.39296875 0.5546875 0.0140625 0.009375
0 0.453125 0.5578125 0.0046875 0.0046875
0 0.3671875 0.55546875 0.0140625 0.0140625
0 0.4390625 0.559375 0.0140625 0.009375
0 0.61953125 0.56875 0.01875 0.015625
0 0.3046875 0.5546875 0.01875 0.015625
0 0.63515625 0.571875 0.0203125 0.0203125
0 0.6046875 0.5703125 0.009375 0.009375
0 0.34375 0.559375 0.0140625 0.0140625
0 0.40859375 0.5625 0.009375 0.0140625
0 0.53984375 0.56953125 0.0203125 0.0203125
0 0.6671875 0.57578125 0.0140625 0.0140625
0 0.425 0.56328125 0.009375 0.009375
0 0.2859375 0.55625 0.01875 0.0109375
0 0.58671875 0.571875 0.0140625 0.0140625
0 0.35546875 0.56171875 0.0140625 0.0140625
0 0.45234375 0.5671875 0.0140625 0.0140625
0 0.3234375 0.56015625 0.009375 0.009375
0 0.3875 0.56640625 0.0140625 0.0140625
0 0.26796875 0.56015625 0.0140625 0.0140625
0 0.1796875 0.55546875 0.0140625 0.009375
0 0.55859375 0.575 0.009375 0.0140625
0 0.753125 0.58515625 0.01875 0.0109375
0 0.4359375 0.57109375 0.01875 0.015625
0 0.52421875 0.57578125 0.0203125 0.0203125
0 0.403125 0.56953125 0.0140625 0.0140625
0 0.67890625 0.5859375 0.0140625 0.0140625
0 0.31328125 0.5671875 0.01875 0.015625
0 0.234375 0.5625 0.015625 0.01875
0 0.378125 0.57265625 0.0140625 0.009375
0 0.171875 0.56171875 0.0140625 0.0140625
0 0.41015625 0.57421875 0.009375 0.0140625
0 0.82890625 0.59609375 0.0390625 0.034375
0 0.42890625 0.57734375 0.01875 0.015625
0 0.6015625 0.58671875 0.0140625 0.0140625
0 0.53671875 0.58359375 0.0140625 0.009375
0 0.36171875 0.57421875 0.0140625 0.0140625
0 0.2875 0.5703125 0.01875 0.015625
0 0.271875 0.56953125 0.0140625 0.0140625
0 0.2578125 0.57109375 0.0140625 0.0140625
0 0.4515625 0.58125 0.009375 0.009375
0 0.36640625 0.5765625 0.009375 0.009375
0 0.24609375 0.5703125 0.0203125 0.025
0 0.39609375 0.5828125 0.0203125 0.0203125
0 0.4609375 0.58671875 0.009375 0.0140625
0 0.57890625 0.5921875 0.0296875 0.0296875
0 0.48828125 0.5875 0.04375 0.053125
0 0.678125 0.59765625 0.015625 0.01875
0 0.5390625 0.59296875 0.0140625 0.009375
0 0.746875 0.60390625 0.0203125 0.0328125
0 0.11328125 0.57265625 0.0578125 0.04375
0 0.30078125 0.5828125 0.015625 0.01875
0 0.2265625 0.58046875 0.015625 0.01875
0 0.765625 0.60859375 0.0203125 0.0296875
0 0.5203125 0.5984375 0.0203125 0.0203125
0 0.2015625 0.58125 0.0203125 0.0203125
0 0.0078125 0.57265625 0.015625 0.0609375
0 0.375 0.590625 0.015625 0.01875
0 0.3265625 0.58828125 0.0296875 0.0375
0 0.56171875 0.60234375 0.015625 0.01875
0 0.63359375 0.60625 0.015625 0.0234375
0 0.2796875 0.5875 0.0203125 0.0296875
0 0.390625 0.59609375 0.0203125 0.0203125
0 0.55234375 0.6046875 0.015625 0.01875
0 0.68203125 0.6109375 0.0140625 0.0140625
0 0.01875 0.57890625 0.034375 0.0390625
0 0.21328125 0.5890625 0.0203125 0.025
0 0.60546875 0.609375 0.015625 0.01875
0 0.36015625 0.596875 0.01875 0.0109375
0 0.2609375 0.59609375 0.025 0.0296875
0 0.434375 0.60546875 0.0390625 0.034375
0 0.51328125 0.609375 0.015625 0.01875
0 0.88046875 0.63125 0.0203125 0.0296875
0 0.5375 0.615625 0.0296875 0.0296875
0 0.959375 0.6375 0.0390625 0.04375
0 0.8015625 0.63125 0.0390625 0.0390625
0 0.91171875 0.6421875 0.025 0.0328125
0 0.171875 0.60546875 0.0484375 0.053125
0 0.846875 0.6453125 0.025 0.0328125
0 0.70546875 0.65234375 0.053125 0.0578125
0 0.35390625 0.6359375 0.0484375 0.0578125
0 0.053125 0.625 0.053125 0.0625
0 0.97734375 0.67578125 0.0296875 0.0421875