0 0.903125 0.12421875 0.0203125 0.0171875
0 0.06171875 0.66484375 0.1234375 0.1109375
0 0.7359375 0.103125 0.015625 0.0109375
0 0.9671875 0.1359375 0.0203125 0.0171875
0 0.7109375 0.1 0.015625 0.0109375
0 0.74453125 0.10703125 0.0203125 0.0125
0 0.928125 0.1328125 0.0203125 0.0171875
0 0.82734375 0.11875 0.015625 0.0109375
0 0.73203125 0.11015625 0.025 0.0125
0 0.703125 0.10546875 0.015625 0.0109375
0 0.78515625 0.1171875 0.0203125 0.0125
0 0.846875 0.12578125 0.0203125 0.0171875
0 0.7625 0.11640625 0.0109375 0.0109375
0 0.71171875 0.11171875 0.015625 0.0109375
0 0.88125 0.13515625 0.0203125 0.0171875
0 0.7453125 0.11875 0.015625 0.0109375
0 0.253125 0.84140625 0.2953125 0.1578125
0 0.67109375 0.1109375 0.0109375 0.0109375
0 0.6875 0.11328125 0.015625 0.0109375
0 0.86171875 0.1375 0.025 0.0171875
0 0.93515625 0.14765625 0.021875 0.021875
0 0.75625 0.125 0.0203125 0.0125
0 0.70625 0.11796875 0.0203125 0.0125
0 0.98828125 0.1578125 0.0234375 0.028125
0 0.815625 0.13515625 0.0296875 0.021875
0 0.678125 0.115625 0.0140625 0.00625
0 0.94609375 0.153125 0.015625 0.015625
0 0.959375 0.1578125 0.0203125 0.0171875
0 0.90859375 0.15 0.0296875 0.0171875
0 0.68671875 0.11953125 0.0109375 0.0109375
0 0.79609375 0.13671875 0.0203125 0.0171875
0 0.64765625 0.11640625 0.0203125 0.0125
0 0.76640625 0.13515625 0.0203125 0.0171875
0 0.67421875 0.12421875 0.015625 0.0109375
0 0.6171875 0.11640625 0.0203125 0.0171875
0 0.87578125 0.1578125 0.0296875 0.021875
0 0.84296875 0.153125 0.03125 0.0265625
0 0.59296875 0.1203125 0.0203125 0.0171875
0 0.63203125 0.12578125 0.015625 0.0109375
0 0.6546875 0.12890625 0.0203125 0.0171875
0 0.69453125 0.134375 0.0203125 0.0125
0 0.5375 0.11484375 0.0140625 0.00625
0 0.5671875 0.12109375 0.0203125 0.0125
0 0.8171875 0.15625 0.0296875 0.021875
0 0.90625 0.17109375 0.034375 0.0234375
0 0.61484375 0.13046875 0.0203125 0.0125
0 0.7546875 0.15234375 0.021875 0.0265625
0 0.584375 0.128125 0.0203125 0.0125
0 0.63125 0.13515625 0.0203125 0.0171875
0 0.7359375 0.15234375 0.0296875 0.021875
0 0.56640625 0.13046875 0.01875 0.0078125
0 0.765625 0.15859375 0.021875 0.021875
0 0.47890625 0.11796875 0.0203125 0.0125
0 0.51328125 0.1234375 0.021875 0.021875
0 0.50390625 0.12421875 0.0109375 0.0109375
0 0.65234375 0.1453125 0.025 0.0125
0 0.528125 0.1296875 0.021875 0.021875
0 0.546875 0.1328125 0.0265625 0.021875
0 0.70078125 0.15625 0.0390625 0.028125
0 0.91796875 0.1875 0.0390625 0.028125
0 0.66796875 0.15234375 0.0296875 0.021875
0 0.4890625 0.1265625 0.0203125 0.0125
0 0.5671875 0.13984375 0.0203125 0.0171875
0 0.5875 0.14296875 0.015625 0.015625
0 0.784375 0.17109375 0.021875 0.021875
0 0.81015625 0.17421875 0.0296875 0.021875
0 0.8484375 0.1796875 0.0390625 0.0234375
0 0.4359375 0.12421875 0.0140625 0.00625
0 0.4609375 0.12734375 0.0109375 0.0109375
0 0.6359375 0.15234375 0.0296875 0.021875
0 0.471875 0.13125 0.0140625 0.00625
0 0.43828125 0.1265625 0.0140625 0.00625
0 0.4125 0.12578125 0.015625 0.0109375
0 0.49765625 0.1375 0.015625 0.0109375
0 0.61171875 0.15390625 0.0203125 0.0125
0 0.96796875 0.203125 0.0640625 0.05
0 0.3875 0.12421875 0.0203125 0.0171875
0 0.4046875 0.1265625 0.015625 0.0109375
0 0.5953125 0.15390625 0.0203125 0.0171875
0 0.378125 0.1234375 0.0140625 0.00625
0 0.565625 0.1515625 0.0296875 0.0125
0 0.4328125 0.1328125 0.009375 0.00625
0 0.35390625 0.12421875 0.0140625 0.00625
0 0.44375 0.13671875 0.0203125 0.0125
0 0.48671875 0.14296875 0.0265625 0.021875
0 0.4703125 0.14296875 0.025 0.0171875
0 0.365625 0.128125 0.015625 0.0109375
0 0.3171875 0.12421875 0.009375 0.00625
0 0.3484375 0.128125 0.009375 0.00625
0 0.66953125 0.1734375 0.034375 0.028125
0 0.61484375 0.16796875 0.0296875 0.021875
0 0.41953125 0.140625 0.0203125 0.0171875
0 0.36875 0.13515625 0.015625 0.0109375
0 0.4375 0.1453125 0.0203125 0.0171875
0 0.56171875 0.1625 0.0265625 0.021875
0 0.4125 0.14140625 0.01875 0.0078125
0 0.5359375 0.15859375 0.034375 0.0234375
0 0.815625 0.20078125 0.040625 0.0328125
0 0.33125 0.13203125 0.015625 0.0109375
0 0.40703125 0.14296875 0.0203125 0.0171875
0 0.65 0.17734375 0.03125 0.0265625
0 0.85234375 0.20546875 0.0453125 0.034375
0 0.32109375 0.13046875 0.0109375 0.0109375
0 0.3453125 0.134375 0.0140625 0.00625
0 0.296875 0.1296875 0.00625 0.009375
0 0.93203125 0.21953125 0.034375 0.0234375
0 0.27578125 0.12890625 0.0140625 0.00625
0 0.28984375 0.13125 0.015625 0.0109375
0 0.3953125 0.14609375 0.0203125 0.0171875
0 0.4984375 0.1609375 0.0296875 0.021875
0 0.77578125 0.19921875 0.0390625 0.028125
0 0.3515625 0.1421875 0.015625 0.0109375
0 0.3859375 0.146875 0.0203125 0.0171875
0 0.453125 0.15625 0.0296875 0.021875
0 0.58046875 0.1765625 0.03125 0.0265625
0 0.24375 0.1296875 0.025 0.0125
0 0.4078125 0.1546875 0.015625 0.015625
0 0.47265625 0.1640625 0.0296875 0.021875
0 0.2703125 0.13828125 0.015625 0.0109375
0 0.26171875 0.13671875 0.015625 0.0109375
0 0.36640625 0.1515625 0.0265625 0.021875
0 0.32109375 0.14765625 0.0265625 0.021875
0 0.34296875 0.15078125 0.0265625 0.021875
0 0.21484375 0.1328125 0.0203125 0.0125
0 0.7328125 0.2078125 0.05 0.034375
0 0.29296875 0.14609375 0.0203125 0.0125
0 0.61328125 0.190625 0.0453125 0.034375
0 0.228125 0.1390625 0.0203125 0.0125
0 0.35390625 0.15703125 0.015625 0.015625
0 0.6984375 0.20546875 0.034375 0.01875
0 0.278125 0.14609375 0.025 0.0171875
0 0.184375 0.13515625 0.0140625 0.00625
0 0.4296875 0.16953125 0.034375 0.0234375
0 0.5625 0.18828125 0.0203125 0.0171875
0 0.190625 0.140625 0.0203125 0.0125
0 0.48828125 0.18515625 0.0390625 0.0234375
0 0.21484375 0.146875 0.009375 0.00625
0 0.9171875 0.2453125 0.059375 0.04375
0 0.33203125 0.16328125 0.025 0.0171875
0 0.171875 0.14296875 0.0203125 0.0171875
0 0.23359375 0.1515625 0.025 0.0171875
0 0.35 0.1703125 0.0203125 0.0125
0 0.26328125 0.1609375 0.0296875 0.021875
0 0.15234375 0.1453125 0.025 0.0171875
0 0.20703125 0.153125 0.0296875 0.0171875
0 0.2921875 0.16484375 0.0296875 0.021875
0 0.565625 0.203125 0.04375 0.025
0 0.1203125 0.140625 0.015625 0.0109375
0 0.46640625 0.1890625 0.034375 0.0234375
0 0.69375 0.2234375 0.05 0.034375
0 0.37265625 0.178125 0.0359375 0.0328125
0 0.74765625 0.2359375 0.0453125 0.034375
0 0.103125 0.14765625 0.015625 0.0109375
0 0.09375 0.14609375 0.015625 0.015625
0 0.79296875 0.24453125 0.059375 0.04375
0 0.14609375 0.15625 0.0140625 0.00625
0 0.32734375 0.18125 0.0296875 0.021875
0 0.13046875 0.15625 0.015625 0.015625
0 0.06171875 0.14609375 0.01875 0.0078125
0 0.15703125 0.1625 0.025 0.0125
0 0.07890625 0.1515625 0.0203125 0.0125
0 0.3515625 0.18984375 0.034375 0.028125
0 0.2921875 0.18359375 0.034375 0.0234375
0 0.19296875 0.1734375 0.0390625 0.028125
0 0.5 0.2171875 0.0546875 0.04375
0 0.0625 0.15546875 0.0203125 0.0171875
0 0.56171875 0.228125 0.0453125 0.034375
0 0.64140625 0.2390625 0.0453125 0.034375
0 0.25234375 0.18671875 0.0359375 0.0328125
0 0.40078125 0.2078125 0.0453125 0.034375
0 0.09140625 0.1640625 0.0265625 0.021875
0 0.22890625 0.18359375 0.034375 0.028125
0 0.6921875 0.2484375 0.06875 0.0453125
0 0.46640625 0.221875 0.05625 0.0484375
0 0.17109375 0.1796875 0.034375 0.0234375
0 0.43515625 0.2171875 0.0453125 0.034375
0 0.11640625 0.17265625 0.034375 0.0234375
0 0.05390625 0.16328125 0.025 0.0171875
0 0.13828125 0.178125 0.015625 0.0109375
0 0.9578125 0.3 0.08125 0.0609375
0 0.8359375 0.28515625 0.059375 0.0390625
0 0.31640625 0.21484375 0.0359375 0.0359375
0 0.28359375 0.21015625 0.040625 0.0328125
0 0.08828125 0.1828125 0.015625 0.015625
0 0.1046875 0.1875 0.025 0.0171875
0 0.1203125 0.1921875 0.0265625 0.0265625
0 0.1421875 0.19765625 0.034375 0.01875
0 0.2390625 0.21328125 0.05 0.034375
0 0.5546875 0.2625 0.0640625 0.040625
0 0.05 0.19140625 0.0234375 0.0390625
0 0.6484375 0.27578125 0.0421875 0.0421875
0 0.10234375 0.203125 0.0296875 0.0171875
0 0.14765625 0.21015625 0.03125 0.0265625
0 0.35625 0.24375 0.0515625 0.0515625
0 0.396875 0.25 0.05 0.034375
0 0.27578125 0.2484375 0.040625 0.0375
0 0.21796875 0.24296875 0.05 0.0375
0 0.1375 0.23359375 0.04375 0.0296875
0 0.87734375 0.33984375 0.0859375 0.0609375
0 0.04765625 0.22578125 0.03125 0.03125
0 0.0859375 0.23359375 0.0546875 0.04375
0 0.6796875 0.31953125 0.05625 0.0484375
0 0.51171875 0.2984375 0.0375 0.040625
0 0.88671875 0.08046875 0.009375 0.00625
0 0.54609375 0.3078125 0.0703125 0.0546875
0 0.4171875 0.28984375 0.046875 0.0421875
0 0.79921875 0.35 0.0609375 0.053125
0 0.45234375 0.30390625 0.0546875 0.04375
0 0.95234375 0.09140625 0.0109375 0.0109375
0 0.64921875 0.3390625 0.0609375 0.0484375
0 0.9703125 0.09375 0.015625 0.0109375
0 0.19609375 0.2796875 0.040625 0.0375
0 0.7359375 0.36953125 0.08125 0.0609375
0 0.3890625 0.32109375 0.059375 0.04375
0 0.2625 0.3078125 0.0546875 0.04375
0 0.05 0.2796875 0.046875 0.046875
0 0.0859375 0.2875 0.0453125 0.034375
0 0.4125 0.3421875 0.0703125 0.05
0 0.9359375 0.09375 0.0109375 0.0109375
0 0.8625 0.4109375 0.0859375 0.065625
0 0.3234375 0.33984375 0.065625 0.0546875
0 0.04140625 0.3234375 0.046875 0.0421875
0 0.5140625 0.4015625 0.0859375 0.065625
0 0.19296875 0.3703125 0.090625 0.0671875
0 0.69765625 0.440625 0.0921875 0.0765625
0 0.10625 0.3578125 0.0859375 0.0609375
0 0.9046875 0.09375 0.015625 0.0109375
0 0.39453125 0.403125 0.090625 0.0625
0 0.87265625 0.475 0.0890625 0.053125
0 0.03984375 0.3671875 0.059375 0.0671875
0 0.884375 0.09296875 0.0109375 0.0109375
0 0.953125 0.10546875 0.0109375 0.0109375
0 0.32578125 0.44453125 0.08125 0.065625
0 0.8765625 0.096875 0.009375 0.00625
0 0.86328125 0.0953125 0.0109375 0.0109375
0 0.93515625 0.54921875 0.1203125 0.09375
0 0.4734375 0.484375 0.096875 0.0765625
0 0.0578125 0.43515625 0.08125 0.0703125
0 0.91484375 0.10703125 0.015625 0.0109375
0 0.93828125 0.11015625 0.015625 0.0109375
0 0.175 0.4984375 0.1234375 0.0796875
0 0.3296875 0.534375 0.1109375 0.0875
0 0.95390625 0.11484375 0.015625 0.0109375
0 0.8828125 0.10703125 0.0140625 0.00625
0 0.7640625 0.6171875 0.1453125 0.10625
0 0.825 0.09921875 0.0109375 0.0109375
0 0.90234375 0.11015625 0.015625 0.0109375
0 0.8109375 0.1015625 0.0203125 0.0125
0 0.846875 0.10703125 0.0203125 0.0125
0 0.51796875 0.65234375 0.140625 0.10625
0 0.78671875 0.10546875 0.0203125 0.0125
0 0.87890625 0.11875 0.015625 0.0109375
0 0.75703125 0.1015625 0.015625 0.0109375
0 0.69765625 0.0953125 0.009375 0.00625