0 0.23125 0.33046875 0.0109375 0.0109375
0 0.24453125 0.33515625 0.00625 0.009375
0 0.2484375 0.33828125 0.0109375 0.0109375
0 0.328125 0.35234375 0.00625 0.009375
0 0.2265625 0.334375 0.00625 0.009375
0 0.2375 0.33671875 0.00625 0.009375
0 0.2671875 0.34140625 0.0109375 0.015625
0 0.2546875 0.34140625 0.00625 0.009375
0 0.3515625 0.35859375 0.00625 0.009375
0 0.3421875 0.35703125 0.00625 0.009375
0 0.36640625 0.36171875 0.00625 0.009375
0 0.3234375 0.35390625 0.0109375 0.0109375
0 0.3375 0.35625 0.0109375 0.0109375
0 0.29375 0.35078125 0.00625 0.009375
0 0.3625 0.36328125 0.00625 0.009375
0 0.28671875 0.35234375 0.0109375 0.0109375
0 0.171875 0.334375 0.00625 0.009375
0 0.20625 0.340625 0.00625 0.009375
0 0.315625 0.359375 0.00625 0.009375
0 0.203125 0.3421875 0.0109375 0.015625
0 0.2125 0.34375 0.00625 0.009375
0 0.2734375 0.35703125 0.00625 0.009375
0 0.228125 0.34921875 0.00625 0.009375
0 0.2453125 0.3546875 0.0078125 0.0140625
0 0.25703125 0.35859375 0.0109375 0.015625
0 0.32265625 0.3703125 0.0109375 0.0109375
0 0.23828125 0.3578125 0.0078125 0.0140625
0 0.171875 0.34765625 0.0109375 0.015625
0 0.32421875 0.37734375 0.00625 0.009375
0 0.29453125 0.37421875 0.0109375 0.015625
0 0.28046875 0.371875 0.0109375 0.015625
0 0.26171875 0.37265625 0.0109375 0.0109375
0 0.14453125 0.3546875 0.0109375 0.015625
0 0.19921875 0.36484375 0.0109375 0.015625
0 0.22734375 0.36953125 0.0078125 0.0140625
0 0.271875 0.3796875 0.00625 0.009375
0 0.1609375 0.36015625 0.0109375 0.0109375
0 0.1328125 0.3578125 0.0109375 0.015625
0 0.2078125 0.37109375 0.0109375 0.0109375
0 0.19140625 0.36796875 0.0078125 0.0140625
0 0.7734375 0.4703125 0.00625 0.009375
0 0.76640625 0.46953125 0.0046875 0.0046875
0 0.2140625 0.37421875 0.0109375 0.0109375
0 0.30546875 0.390625 0.0109375 0.015625
0 0.66171875 0.453125 0.0046875 0.0046875
0 0.7 0.46015625 0.00625 0.009375
0 0.740625 0.4671875 0.00625 0.009375
0 0.61328125 0.44453125 0.00625 0.009375
0 0.72890625 0.46484375 0.0046875 0.0046875
0 0.7359375 0.46640625 0.0046875 0.0046875
0 0.6265625 0.44921875 0.0046875 0.0046875
0 0.7515625 0.47109375 0.00625 0.009375
0 0.6921875 0.4609375 0.0046875 0.0046875
0 0.721875 0.46875 0.0046875 0.0046875
0 0.65859375 0.45703125 0.0046875 0.0046875
0 0.66640625 0.45859375 0.00625 0.009375
0 0.2296875 0.384375 0.0109375 0.015625
0 0.27265625 0.39140625 0.00625 0.009375
0 0.69609375 0.46640625 0.0046875 0.0046875
0 0.67109375 0.46171875 0.0109375 0.0109375
0 0.70546875 0.46796875 0.0046875 0.0046875
0 0.7796875 0.48828125 0.0078125 0.0140625
0 0.16640625 0.3828125 0.00625 0.009375
0 0.6875 0.47421875 0.00625 0.009375
0 0.67109375 0.47421875 0.0046875 0.0046875
0 0.6828125 0.47578125 0.00625 0.009375
0 0.21640625 0.403125 0.0078125 0.0140625
0 0.2515625 0.4140625 0.0109375 0.0109375
0 0.7984375 0.51328125 0.0046875 0.0046875
0 0.76015625 0.50625 0.00625 0.009375
0 0.27421875 0.4203125 0.0109375 0.015625
0 0.11875 0.39296875 0.0109375 0.015625
0 0.1984375 0.409375 0.0109375 0.015625
0 0.84375 0.5234375 0.0046875 0.0046875
0 0.14140625 0.39921875 0.0078125 0.0140625
0 0.1484375 0.40078125 0.0078125 0.0140625
0 0.825 0.525 0.0109375 0.015625
0 0.9453125 0.54765625 0.0046875 0.0046875
0 0.86953125 0.53671875 0.00625 0.009375
0 0.13359375 0.40703125 0.0109375 0.015625
0 0.54296875 0.47890625 0.0109375 0.0109375
0 0.840625 0.53125 0.00625 0.009375
0 0.940625 0.54921875 0.00625 0.009375
0 0.7671875 0.51875 0.0046875 0.0046875
0 0.78125 0.52109375 0.00625 0.009375
0 0.4296875 0.459375 0.00625 0.009375
0 0.87109375 0.5390625 0.0109375 0.0109375
0 0.5359375 0.48046875 0.00625 0.009375
0 0.440625 0.46328125 0.0109375 0.0109375
0 0.54765625 0.48203125 0.0109375 0.0109375
0 0.66171875 0.50234375 0.0109375 0.015625
0 0.76015625 0.51953125 0.0109375 0.0109375
0 0.47265625 0.46875 0.00625 0.009375
0 0.525 0.478125 0.00625 0.009375
0 0.10390625 0.40390625 0.0109375 0.015625
0 0.44921875 0.4671875 0.00625 0.009375
0 0.4609375 0.46953125 0.0046875 0.0046875
0 0.80703125 0.53046875 0.0109375 0.015625
0 0.14375 0.41328125 0.0078125 0.0140625
0 0.8140625 0.53359375 0.0125 0.0203125
0 0.52890625 0.48359375 0.00625 0.009375
0 0.69765625 0.51328125 0.0109375 0.0109375
0 0.084375 0.40546875 0.0109375 0.0109375
0 0.234375 0.43203125 0.015625 0.015625
0 0.5375 0.48515625 0.0109375 0.0109375
0 0.11796875 0.41328125 0.0109375 0.015625
0 0.090625 0.40859375 0.0109375 0.015625
0 0.09765625 0.41015625 0.0109375 0.015625
0 0.15234375 0.41953125 0.00625 0.009375
0 0.3 0.44609375 0.0046875 0.0046875
0 0.41171875 0.465625 0.0046875 0.0046875
0 0.428125 0.46796875 0.0109375 0.0109375
0 0.075 0.40625 0.0109375 0.015625
0 0.78515625 0.53359375 0.00625 0.009375
0 0.2953125 0.446875 0.00625 0.009375
0 0.51640625 0.4859375 0.0109375 0.015625
0 0.86953125 0.5484375 0.00625 0.009375
0 0.06015625 0.40546875 0.0109375 0.015625
0 0.6734375 0.5140625 0.0109375 0.0109375
0 0.75859375 0.52890625 0.0109375 0.0109375
0 0.628125 0.50859375 0.0109375 0.015625
0 0.70078125 0.52109375 0.0109375 0.0109375
0 0.30859375 0.45234375 0.0109375 0.015625
0 0.56171875 0.496875 0.0109375 0.015625
0 0.57109375 0.4984375 0.0109375 0.015625
0 0.7328125 0.5265625 0.00625 0.009375
0 0.1421875 0.42265625 0.0109375 0.0109375
0 0.7828125 0.53515625 0.00625 0.009375
0 0.25390625 0.4421875 0.00625 0.009375
0 0.7390625 0.528125 0.0109375 0.015625
0 0.1375 0.42421875 0.00625 0.009375
0 0.1578125 0.428125 0.0109375 0.015625
0 0.2671875 0.446875 0.0109375 0.0109375
0 0.490625 0.48671875 0.0109375 0.015625
0 0.653125 0.51484375 0.0109375 0.015625
0 0.12578125 0.421875 0.015625 0.015625
0 0.19453125 0.434375 0.0109375 0.015625
0 0.26015625 0.44609375 0.00625 0.009375
0 0.03984375 0.40703125 0.0109375 0.015625
0 0.24453125 0.44296875 0.0109375 0.015625
0 0.34921875 0.46171875 0.0109375 0.015625
0 0.203125 0.43828125 0.00625 0.009375
0 0.21484375 0.43984375 0.0078125 0.0140625
0 0.1796875 0.434375 0.0109375 0.0109375
0 0.3578125 0.465625 0.0109375 0.015625
0 0.446875 0.48125 0.0109375 0.015625
0 0.2296875 0.44296875 0.0109375 0.0109375
0 0.3671875 0.4671875 0.0109375 0.0109375
0 0.41171875 0.47734375 0.0109375 0.015625
0 0.10859375 0.42421875 0.0109375 0.0109375
0 0.04765625 0.41328125 0.0109375 0.015625
0 0.87734375 0.559375 0.0109375 0.015625
0 0.025 0.409375 0.00625 0.009375
0 0.61484375 0.51328125 0.0109375 0.015625
0 0.4984375 0.4953125 0.015625 0.015625
0 0.29765625 0.459375 0.015625 0.015625
0 0.31171875 0.46171875 0.0109375 0.015625
0 0.5078125 0.496875 0.015625 0.015625
0 0.75859375 0.540625 0.0109375 0.0109375
0 0.64921875 0.521875 0.0109375 0.0109375
0 0.34375 0.46796875 0.00625 0.009375
0 0.27265625 0.4578125 0.0109375 0.0109375
0 0.39375 0.47890625 0.0109375 0.015625
0 0.459375 0.490625 0.0109375 0.015625
0 0.0578125 0.41953125 0.0109375 0.015625
0 0.6421875 0.52265625 0.0109375 0.015625
0 0.103125 0.42734375 0.0109375 0.015625
0 0.23046875 0.45234375 0.015625 0.015625
0 0.56875 0.51171875 0.0109375 0.015625
0 0.03515625 0.41796875 0.0109375 0.015625
0 0.81953125 0.55625 0.015625 0.015625
0 0.4703125 0.49453125 0.00625 0.009375
0 0.06484375 0.4234375 0.0109375 0.015625
0 0.69140625 0.53359375 0.015625 0.015625
0 0.734375 0.54140625 0.0109375 0.015625
0 0.59140625 0.51640625 0.0109375 0.015625
0 0.7984375 0.5546875 0.015625 0.015625
0 0.25078125 0.45859375 0.015625 0.015625
0 0.1984375 0.44921875 0.0109375 0.015625
0 0.3265625 0.471875 0.0171875 0.0203125
0 0.6296875 0.525 0.0171875 0.0203125
0 0.85234375 0.5671875 0.0171875 0.0203125
0 0.3484375 0.478125 0.0109375 0.015625
0 0.48515625 0.50234375 0.0171875 0.0203125
0 0.6453125 0.53046875 0.0109375 0.015625
0 0.75703125 0.55 0.0109375 0.0109375
0 0.76875 0.55234375 0.0109375 0.015625
0 0.1796875 0.4484375 0.015625 0.015625
0 0.7859375 0.5578125 0.0125 0.0203125
0 0.834375 0.56640625 0.021875 0.021875
0 0.21171875 0.45625 0.0109375 0.015625
0 0.4234375 0.49375 0.015625 0.015625
0 0.596875 0.52421875 0.0109375 0.015625
0 0.3796875 0.48828125 0.0171875 0.0203125
0 0.8421875 0.56953125 0.0109375 0.015625
0 0.2359375 0.46328125 0.0109375 0.015625
0 0.30703125 0.47578125 0.015625 0.015625
0 0.20625 0.46015625 0.0109375 0.015625
0 0.275 0.471875 0.015625 0.015625
0 0.91484375 0.58515625 0.0171875 0.0203125
0 0.86484375 0.5765625 0.0109375 0.0109375
0 0.81484375 0.56953125 0.0171875 0.0203125
0 0.8828125 0.58203125 0.0125 0.0203125
0 0.3421875 0.4890625 0.0109375 0.015625
0 0.4421875 0.50625 0.0171875 0.0203125
0 0.51796875 0.51953125 0.015625 0.015625
0 0.790625 0.5703125 0.009375 0.00625
0 0.4609375 0.51171875 0.0125 0.0203125
0 0.571875 0.53203125 0.0109375 0.015625
0 0.50625 0.5203125 0.0171875 0.0203125
0 0.925 0.59375 0.021875 0.021875
0 0.303125 0.484375 0.015625 0.015625
0 0.075 0.44375 0.0125 0.0203125
0 0.73828125 0.5609375 0.0109375 0.015625
0 0.87265625 0.5875 0.0171875 0.0203125
0 0.5578125 0.53125 0.015625 0.015625
0 0.0859375 0.4484375 0.015625 0.015625
0 0.27109375 0.48125 0.0171875 0.0203125
0 0.63046875 0.546875 0.0171875 0.0203125
0 0.70390625 0.559375 0.0109375 0.0109375
0 0.1546875 0.4625 0.0109375 0.015625
0 0.46796875 0.51796875 0.015625 0.015625
0 0.94921875 0.60546875 0.0171875 0.0203125
0 0.45234375 0.51796875 0.0171875 0.0203125
0 0.8375 0.5859375 0.015625 0.015625
0 0.23515625 0.4796875 0.015625 0.015625
0 0.6390625 0.553125 0.0171875 0.0203125
0 0.76015625 0.57421875 0.0171875 0.0203125
0 0.49765625 0.528125 0.0171875 0.0203125
0 0.5453125 0.53671875 0.0171875 0.0203125
0 0.8578125 0.59140625 0.0125 0.0203125
0 0.2875 0.49140625 0.015625 0.015625
0 0.78671875 0.57890625 0.0171875 0.0203125
0 0.9125 0.6015625 0.015625 0.015625
0 0.525 0.5328125 0.015625 0.015625
0 0.58359375 0.54609375 0.0171875 0.0203125
0 0.82578125 0.58828125 0.0125 0.0203125
0 0.809375 0.58515625 0.0171875 0.0203125
0 0.596875 0.5484375 0.021875 0.021875
0 0.253125 0.4890625 0.0171875 0.0203125
0 0.68984375 0.56875 0.0171875 0.0203125
0 0.1796875 0.478125 0.021875 0.0265625
0 0.7171875 0.5734375 0.0171875 0.0203125
0 0.28203125 0.49609375 0.0109375 0.015625
0 0.39609375 0.51640625 0.021875 0.021875
0 0.79921875 0.5875 0.0171875 0.0203125
0 0.2421875 0.49453125 0.015625 0.015625
0 0.55703125 0.55 0.021875 0.021875
0 0.84375 0.6 0.0125 0.0203125
0 0.5 0.53984375 0.0109375 0.015625
0 0.10078125 0.471875 0.0109375 0.015625
0 0.14453125 0.4796875 0.0171875 0.0203125
0 0.45859375 0.53515625 0.021875 0.021875
0 0.65859375 0.57265625 0.0171875 0.0203125
0 0.1296875 0.47890625 0.0171875 0.0203125
0 0.2078125 0.49296875 0.015625 0.015625
0 0.51484375 0.54921875 0.021875 0.021875
0 0.1109375 0.478125 0.0171875 0.0203125
0 0.95859375 0.6296875 0.0234375 0.03125
0 0.22890625 0.50390625 0.0171875 0.0203125
0 0.96953125 0.63671875 0.01875 0.0296875
0 0.74375 0.59921875 0.0171875 0.0203125
0 0.69609375 0.590625 0.021875 0.021875
0 0.21640625 0.50859375 0.021875 0.0265625
0 0.7109375 0.59609375 0.021875 0.0265625
0 0.91171875 0.63125 0.034375 0.040625
0 0.37109375 0.53828125 0.0234375 0.03125
0 0.8765625 0.63203125 0.021875 0.0265625
0 0.13984375 0.50234375 0.021875 0.0265625
0 0.40390625 0.5515625 0.0171875 0.025
0 0.84375 0.62890625 0.01875 0.0296875
0 0.11015625 0.49921875 0.021875 0.0265625
0 0.8296875 0.62890625 0.0234375 0.034375
0 0.61953125 0.59375 0.021875 0.0265625
0 0.746875 0.62109375 0.021875 0.021875
0 0.8578125 0.64296875 0.0171875 0.025
0 0.465625 0.57421875 0.0234375 0.03125
0 0.2796875 0.54609375 0.0234375 0.03125
0 0.4546875 0.5796875 0.021875 0.0265625
0 0.940625 0.66953125 0.01875 0.0296875
0 0.95546875 0.6765625 0.0171875 0.025
0 0.20546875 0.54609375 0.0234375 0.034375
0 0.259375 0.55859375 0.0234375 0.03125
0 0.7515625 0.65 0.028125 0.0359375
0 0.38671875 0.58515625 0.021875 0.0265625
0 0.28046875 0.56953125 0.0265625 0.0265625
0 0.69609375 0.6421875 0.0328125 0.0328125
0 0.82734375 0.66796875 0.0265625 0.0265625
0 0.44140625 0.609375 0.0234375 0.034375
0 0.04609375 0.53984375 0.0234375 0.03125
0 0.8921875 0.6890625 0.028125 0.03125
0 0.54375 0.6390625 0.034375 0.0453125
0 0.87421875 0.7 0.0296875 0.040625
0 0.2734375 0.596875 0.028125 0.0359375
0 0.94140625 0.7140625 0.040625 0.05625
0 0.8203125 0.69296875 0.0234375 0.034375
0 0.25078125 0.59453125 0.0234375 0.034375
0 0.2109375 0.590625 0.0390625 0.046875
0 0.39296875 0.625 0.0296875 0.0453125
0 0.17109375 0.59296875 0.034375 0.040625
0 0.39375 0.64765625 0.028125 0.03125
0 0.60390625 0.68515625 0.034375 0.0453125
0 0.81328125 0.73359375 0.03125 0.028125
0 0.290625 0.6484375 0.0296875 0.0453125
0 0.484375 0.6828125 0.034375 0.040625
0 0.44296875 0.67578125 0.01875 0.034375
0 0.02890625 0.61171875 0.0328125 0.0328125
0 0.69765625 0.73984375 0.0390625 0.046875
0 0.3296875 0.67734375 0.040625 0.05625
0 0.44765625 0.7 0.0296875 0.040625
0 0.81171875 0.76953125 0.046875 0.065625
0 0.94140625 0.81953125 0.01875 0.0515625
0 0.67265625 0.78671875 0.0421875 0.0640625
0 0.6390625 0.79296875 0.05625 0.071875
0 0.18671875 0.715625 0.0515625 0.0703125
0 0.72734375 0.83359375 0.0625 0.0765625
0 0.5625 0.8375 0.0859375 0.1078125
0 0.85078125 0.91015625 0.034375 0.040625
0 0.3359375 0.81953125 0.103125 0.128125
0 0.265625 0.81796875 0.0546875 0.0890625
0 0.14609375 0.815625 0.084375 0.0765625
0 0.40390625 0.87109375 0.0578125 0.0546875
0 0.859375 0.965625 0.0625 0.0296875