0 0.80390625 0.10703125 0.0484375 0.053125
0 0.340625 0.12578125 0.0484375 0.0671875
0 0.421875 0.125 0.053125 0.0671875
0 0.55703125 0.13203125 0.0390625 0.05625
0 0.75390625 0.13671875 0.0484375 0.0796875
0 0.63359375 0.14140625 0.053125 0.0578125
0 0.9640625 0.13671875 0.0484375 0.0765625
0 0.15234375 0.16484375 0.0484375 0.0625
0 0.6828125 0.153125 0.0390625 0.05625
0 0.30390625 0.19453125 0.04375 0.0703125
0 0.925 0.2046875 0.04375 0.05625
0 0.21484375 0.2390625 0.053125 0.0671875
0 0.596875 0.234375 0.04375 0.05625
0 0.4234375 0.240625 0.0484375 0.0765625
0 0.02421875 0.259375 0.0484375 0.08125
0 0.53671875 0.24140625 0.04375 0.05625
0 0.08828125 0.2640625 0.0484375 0.0796875
0 0.68359375 0.2578125 0.04375 0.065625
0 0.91015625 0.25390625 0.053125 0.053125
0 0.30546875 0.29375 0.0484375 0.071875
0 0.58828125 0.309375 0.0546875 0.0953125
0 0.48671875 0.3125 0.0484375 0.053125
0 0.778125 0.31171875 0.0484375 0.0578125
0 0.040625 0.36015625 0.0671875 0.0671875
0 0.25234375 0.3671875 0.053125 0.053125
0 0.159375 0.3703125 0.0578125 0.0765625
0 0.39609375 0.36953125 0.0484375 0.0796875
0 0.9140625 0.36484375 0.053125 0.0765625
0 0.653125 0.3765625 0.04375 0.0703125
0 0.2515625 0.4203125 0.0484375 0.0765625
0 0.828125 0.40234375 0.04375 0.0609375
0 0.759375 0.428125 0.0484375 0.0796875
0 0.0703125 0.459375 0.0578125 0.0859375
0 0.58671875 0.44609375 0.0625 0.08125
0 0.96796875 0.44921875 0.053125 0.0578125
0 0.7578125 0.03671875 0.0390625 0.065625
0 0.3671875 0.48125 0.053125 0.0765625
0 0.915625 0.478125 0.0484375 0.0796875
0 0.69765625 0.04140625 0.04375 0.065625
0 0.44296875 0.58359375 0.0484375 0.0765625
0 0.73203125 0.58046875 0.04375 0.084375
0 0.62734375 0.6296875 0.053125 0.0671875
0 0.778125 0.63671875 0.0625 0.0765625
0 0.55390625 0.66015625 0.053125 0.0671875
0 0.2390625 0.71796875 0.071875 0.0859375
0 0.72734375 0.765625 0.0625 0.090625
0 0.49609375 0.784375 0.0578125 0.090625
0 0.82578125 0.07890625 0.034375 0.046875
0 0.93984375 0.08359375 0.04375 0.065625
0 0.2359375 0.1078125 0.0484375 0.0796875
0 0.884375 0.090625 0.0390625 0.05625
0 0.50546875 0.1078125 0.04375 0.0609375
0 0.30390625 0.121875 0.04375 0.0609375