0 0.39140625 0.14765625 0.0046875 0.0046875
0 0.4828125 0.14765625 0.0046875 0.0046875
0 0.521875 0.14296875 0.0046875 0.0046875
0 0.50078125 0.14609375 0.00625 0.009375
0 0.546875 0.13984375 0.0046875 0.0046875
0 0.55625 0.14140625 0.0046875 0.0046875
0 0.5359375 0.14609375 0.00625 0.009375
0 0.4859375 0.1546875 0.009375 0.00625
0 0.5546875 0.14765625 0.00625 0.009375
0 0.48125 0.2109375 0.0046875 0.0046875
0 0.44140625 0.215625 0.0046875 0.0046875
0 0.490625 0.21015625 0.0046875 0.0046875
0 0.403125 0.22265625 0.00625 0.009375
0 0.4265625 0.2203125 0.0046875 0.0046875
0 0.45390625 0.21953125 0.0046875 0.0046875
0 0.4515625 0.21953125 0.0046875 0.0046875
0 0.47265625 0.2171875 0.0046875 0.0046875
0 0.41484375 0.2265625 0.0109375 0.0109375
0 0.465625 0.221875 0.0046875 0.0046875
0 0.40625 0.22890625 0.0046875 0.0046875
0 0.63828125 0.20078125 0.015625 0.015625
0 0.49140625 0.21875 0.0046875 0.0046875
0 0.45234375 0.22578125 0.0046875 0.0046875
0 0.4796875 0.221875 0.0046875 0.0046875
0 0.41796875 0.2296875 0.0046875 0.0046875
0 0.48671875 0.22109375 0.0046875 0.0046875
0 0.45703125 0.22734375 0.00625 0.009375
0 0.4296875 0.23046875 0.0109375 0.0109375
0 0.49453125 0.225 0.0046875 0.0046875
0 0.471875 0.23046875 0.0046875 0.0046875
0 0.62109375 0.21171875 0.015625 0.015625
0 0.64609375 0.20859375 0.0109375 0.015625
0 0.50625 0.228125 0.0046875 0.0046875
0 0.43046875 0.2375 0.0046875 0.0046875
0 0.4625 0.23359375 0.0046875 0.0046875
0 0.44453125 0.23828125 0.0046875 0.0046875
0 0.490625 0.2328125 0.0046875 0.0046875
0 0.3984375 0.24375 0.0046875 0.0046875
0 0.4078125 0.24296875 0.0046875 0.0046875
0 0.421875 0.24375 0.0046875 0.0046875
0 0.4984375 0.234375 0.0046875 0.0046875
0 0.6375 0.2171875 0.015625 0.015625
0 0.4796875 0.2390625 0.00625 0.009375
0 0.509375 0.23515625 0.0046875 0.0046875
0 0.465625 0.240625 0.0046875 0.0046875
0 0.67109375 0.21796875 0.015625 0.015625
0 0.47265625 0.2421875 0.0046875 0.0046875
0 0.4984375 0.2390625 0.0046875 0.0046875
0 0.5140625 0.23671875 0.0046875 0.0046875
0 0.4453125 0.24765625 0.0046875 0.0046875
0 0.48515625 0.24296875 0.00625 0.009375
0 0.4296875 0.25 0.00625 0.009375
0 0.45703125 0.24609375 0.00625 0.009375
0 0.6546875 0.221875 0.015625 0.015625
0 0.503125 0.240625 0.0046875 0.0046875
0 0.45 0.24921875 0.0046875 0.0046875
0 0.48046875 0.24609375 0.0046875 0.0046875
0 0.4046875 0.25546875 0.0046875 0.0046875
0 0.47421875 0.24921875 0.0046875 0.0046875
0 0.41640625 0.25625 0.0046875 0.0046875
0 0.4671875 0.25 0.0046875 0.0046875
0 0.49296875 0.24921875 0.00625 0.009375
0 0.50859375 0.246875 0.0046875 0.0046875
0 0.49765625 0.2484375 0.0046875 0.0046875
0 0.4765625 0.253125 0.0046875 0.0046875
0 0.48125 0.253125 0.0046875 0.0046875
0 0.21953125 0.28515625 0.00625 0.009375
0 0.4171875 0.2609375 0.0046875 0.0046875
0 0.51328125 0.2515625 0.0046875 0.0046875
0 0.46328125 0.25703125 0.0046875 0.0046875
0 0.44453125 0.259375 0.0046875 0.0046875
0 0.46796875 0.259375 0.0046875 0.0046875
0 0.50078125 0.25546875 0.0046875 0.0046875
0 0.42265625 0.26484375 0.0046875 0.0046875
0 0.4515625 0.2609375 0.0046875 0.0046875
0 0.4390625 0.26484375 0.0046875 0.0046875
0 0.49609375 0.2578125 0.0046875 0.0046875
0 0.4890625 0.25859375 0.0046875 0.0046875
0 0.44765625 0.2640625 0.0046875 0.0046875
0 0.459375 0.2625 0.009375 0.00625
0 0.49453125 0.2609375 0.0046875 0.0046875
0 0.4734375 0.26328125 0.00625 0.009375
0 0.63828125 0.24296875 0.015625 0.0203125
0 0.40703125 0.2734375 0.0046875 0.0046875
0 0.5265625 0.259375 0.0046875 0.0046875
0 0.4828125 0.2640625 0.0046875 0.0046875
0 0.4328125 0.2703125 0.0046875 0.0046875
0 0.4 0.2765625 0.0046875 0.0046875
0 0.4375 0.27265625 0.0046875 0.0046875
0 0.44609375 0.27109375 0.0046875 0.0046875
0 0.51484375 0.2625 0.0046875 0.0046875
0 0.42578125 0.2734375 0.0046875 0.0046875
0 0.4625 0.26953125 0.0046875 0.0046875
0 0.46953125 0.26875 0.0046875 0.0046875
0 0.51015625 0.26328125 0.0046875 0.0046875
0 0.7359375 0.2359375 0.0109375 0.0203125
0 0.48828125 0.26875 0.0046875 0.0046875
0 0.50859375 0.265625 0.0046875 0.0046875
0 0.4234375 0.2765625 0.0046875 0.0046875
0 0.53828125 0.2625 0.0046875 0.0046875
0 0.6859375 0.24453125 0.021875 0.025
0 0.50234375 0.26875 0.0046875 0.0046875
0 0.4421875 0.2765625 0.0046875 0.0046875
0 0.534375 0.26484375 0.0046875 0.0046875
0 0.52265625 0.26640625 0.0046875 0.0046875
0 0.64921875 0.25078125 0.015625 0.015625
0 0.49765625 0.26953125 0.0046875 0.0046875
0 0.446875 0.278125 0.0046875 0.0046875
0 0.45625 0.27734375 0.0046875 0.0046875
0 0.49296875 0.27265625 0.0046875 0.0046875
0 0.48203125 0.27421875 0.0046875 0.0046875
0 0.52734375 0.26875 0.0046875 0.0046875
0 0.51796875 0.26953125 0.0046875 0.0046875
0 0.47734375 0.27421875 0.0046875 0.0046875
0 0.4265625 0.2828125 0.0046875 0.0046875
0 0.465625 0.278125 0.009375 0.00625
0 0.3875 0.28828125 0.0046875 0.0046875
0 0.39453125 0.28671875 0.009375 0.00625
0 0.5390625 0.26953125 0.009375 0.00625
0 0.41328125 0.28515625 0.00625 0.009375
0 0.4390625 0.28359375 0.0046875 0.0046875
0 0.55390625 0.26953125 0.0046875 0.0046875
0 0.546875 0.2734375 0.0046875 0.0046875
0 0.51640625 0.2765625 0.0046875 0.0046875
0 0.44140625 0.2859375 0.0046875 0.0046875
0 0.4296875 0.2875 0.0046875 0.0046875
0 0.459375 0.28359375 0.009375 0.00625
0 0.49453125 0.2796875 0.0046875 0.0046875
0 0.5046875 0.278125 0.0046875 0.0046875
0 0.4453125 0.28671875 0.009375 0.00625
0 0.52421875 0.27734375 0.009375 0.00625
0 0.48046875 0.2828125 0.0046875 0.0046875
0 0.4546875 0.2859375 0.0046875 0.0046875
0 0.57890625 0.27109375 0.0109375 0.0109375
0 0.4734375 0.28359375 0.0046875 0.0046875
0 0.56328125 0.27265625 0.009375 0.00625
0 0.40703125 0.29453125 0.009375 0.00625
0 0.48515625 0.284375 0.0046875 0.0046875
0 0.5546875 0.27578125 0.0046875 0.0046875
0 0.41875 0.29296875 0.0046875 0.0046875
0 0.365625 0.29921875 0.009375 0.00625
0 0.43984375 0.28984375 0.0046875 0.0046875
0 0.53125 0.27890625 0.009375 0.00625
0 0.46953125 0.2890625 0.00625 0.009375
0 0.38046875 0.3 0.00625 0.009375
0 0.55 0.27890625 0.00625 0.009375
0 0.4375 0.2953125 0.0109375 0.0109375
0 0.50859375 0.28671875 0.0109375 0.0109375
0 0.4265625 0.296875 0.0046875 0.0046875
0 0.59140625 0.2765625 0.0109375 0.015625
0 0.53828125 0.2828125 0.0046875 0.0046875
0 0.50234375 0.2875 0.0046875 0.0046875
0 0.39140625 0.303125 0.0046875 0.0046875
0 0.490625 0.290625 0.0046875 0.0046875
0 0.4515625 0.29609375 0.00625 0.009375
0 0.49765625 0.28984375 0.009375 0.00625
0 0.41484375 0.3 0.0109375 0.0109375
0 0.4859375 0.29140625 0.0046875 0.0046875
0 0.56484375 0.28203125 0.0109375 0.0109375
0 0.575 0.28046875 0.0109375 0.0109375
0 0.43359375 0.3 0.0046875 0.0046875
0 0.55546875 0.28515625 0.00625 0.009375
0 0.54609375 0.28671875 0.0046875 0.0046875
0 0.44453125 0.29921875 0.0046875 0.0046875
0 0.52109375 0.2921875 0.0109375 0.0109375
0 0.3765625 0.309375 0.00625 0.009375
0 0.47734375 0.29765625 0.00625 0.0140625
0 0.4109375 0.30546875 0.0046875 0.0046875
0 0.459375 0.3015625 0.0109375 0.0109375
0 0.4734375 0.3 0.0109375 0.015625
0 0.54453125 0.29140625 0.00625 0.009375
0 0.42265625 0.30625 0.0109375 0.0109375
0 0.5328125 0.29296875 0.00625 0.009375
0 0.49921875 0.29921875 0.0109375 0.0109375
0 0.19609375 0.33671875 0.015625 0.015625
0 0.38828125 0.315625 0.0109375 0.015625
0 0.43984375 0.309375 0.015625 0.015625
0 0.571875 0.29296875 0.0109375 0.0109375
0 0.33828125 0.32421875 0.0046875 0.0046875
0 0.41171875 0.31484375 0.0109375 0.0109375
0 0.31796875 0.3265625 0.009375 0.00625
0 0.45078125 0.31015625 0.0109375 0.015625
0 0.52265625 0.30390625 0.015625 0.015625
0 0.3984375 0.31875 0.0109375 0.0109375
0 0.540625 0.3015625 0.0109375 0.0109375
0 0.4671875 0.31015625 0.00625 0.0140625
0 0.36171875 0.32578125 0.0109375 0.0109375
0 0.4953125 0.309375 0.00625 0.0140625
0 0.471875 0.3125 0.00625 0.009375
0 0.4265625 0.31796875 0.0109375 0.0109375
0 0.5671875 0.30078125 0.015625 0.0109375
0 0.38359375 0.32578125 0.00625 0.009375
0 0.37890625 0.32578125 0.0109375 0.015625
0 0.50703125 0.31015625 0.015625 0.015625
0 0.225 0.346875 0.015625 0.015625
0 0.30546875 0.3375 0.0109375 0.015625
0 0.33671875 0.33359375 0.0109375 0.0109375
0 0.353125 0.33125 0.00625 0.009375
0 0.434375 0.321875 0.00625 0.0140625
0 0.5828125 0.303125 0.0203125 0.0203125
0 0.1328125 0.35859375 0.00625 0.0140625
0 0.284375 0.33984375 0.00625 0.009375
0 0.34609375 0.33203125 0.00625 0.009375
0 0.23828125 0.3453125 0.0171875 0.025
0 0.4015625 0.32578125 0.0109375 0.015625
0 0.3234375 0.3375 0.0109375 0.0109375
0 0.44140625 0.32265625 0.015625 0.015625
0 0.12890625 0.3640625 0.015625 0.015625
0 0.4203125 0.328125 0.0109375 0.0203125
0 0.53984375 0.31328125 0.015625 0.015625
0 0.48984375 0.321875 0.0171875 0.025
0 0.5609375 0.31328125 0.015625 0.015625
0 0.65078125 0.30234375 0.015625 0.0109375
0 0.16796875 0.3609375 0.0109375 0.015625
0 0.4140625 0.33125 0.0109375 0.0203125
0 0.159375 0.36484375 0.0109375 0.015625
0 0.671875 0.3015625 0.0109375 0.0203125
0 0.8828125 0.27578125 0.03125 0.0359375
0 0.36171875 0.33984375 0.00625 0.0140625
0 0.52421875 0.31953125 0.0109375 0.015625
0 0.21875 0.3578125 0.015625 0.0203125
0 0.60234375 0.31015625 0.0109375 0.0109375
0 0.30234375 0.34921875 0.015625 0.015625
0 0.6171875 0.3109375 0.015625 0.0203125
0 0.4328125 0.33359375 0.0109375 0.0109375
0 0.39140625 0.340625 0.0109375 0.015625
0 0.80078125 0.290625 0.0328125 0.04375
0 0.40546875 0.3390625 0.0109375 0.015625
0 0.55078125 0.32109375 0.015625 0.015625
0 0.46484375 0.33203125 0.0171875 0.025
0 0.28828125 0.35390625 0.0109375 0.015625
0 0.86328125 0.28515625 0.015625 0.0203125
0 0.37890625 0.34453125 0.0109375 0.015625
0 0.45625 0.33515625 0.0109375 0.0203125
0 0.475 0.33515625 0.0125 0.025
0 0.5421875 0.3296875 0.0203125 0.015625
0 0.6890625 0.31171875 0.0328125 0.04375
0 0.50546875 0.334375 0.0171875 0.025
0 0.371875 0.35078125 0.0109375 0.015625
0 0.640625 0.3171875 0.0203125 0.0203125
0 0.3125 0.3578125 0.015625 0.015625
0 0.6546875 0.315625 0.0203125 0.0203125
0 0.20625 0.3734375 0.03125 0.03125
0 0.0171875 0.39609375 0.034375 0.0546875
0 0.6046875 0.3265625 0.0296875 0.0171875
0 0.8625 0.29765625 0.0296875 0.0171875
0 0.82734375 0.3015625 0.0265625 0.0265625
0 0.56640625 0.33515625 0.0203125 0.0203125
0 0.90390625 0.29375 0.025 0.021875
0 0.25859375 0.37265625 0.028125 0.0484375
0 0.29765625 0.36796875 0.015625 0.015625
0 0.1390625 0.38984375 0.028125 0.04375
0 0.36640625 0.36171875 0.015625 0.015625
0 0.7609375 0.31328125 0.015625 0.0203125
0 0.440625 0.353125 0.0171875 0.025
0 0.41015625 0.359375 0.015625 0.0203125
0 0.5828125 0.33828125 0.015625 0.0203125
0 0.96015625 0.29609375 0.0359375 0.0625
0 0.71875 0.32578125 0.021875 0.0296875
0 0.45859375 0.3578125 0.0203125 0.0203125
0 0.33984375 0.37265625 0.0328125 0.04375
0 0.28046875 0.38203125 0.015625 0.0203125
0 0.1703125 0.4 0.0359375 0.040625
0 0.1015625 0.4109375 0.0421875 0.0546875
0 0.24453125 0.39375 0.021875 0.034375
0 0.7984375 0.33046875 0.028125 0.04375
0 0.31875 0.3890625 0.021875 0.034375
0 0.74375 0.3390625 0.021875 0.025
0 0.859375 0.32734375 0.0375 0.0453125
0 0.546875 0.365625 0.034375 0.053125
0 0.503125 0.37109375 0.03125 0.0359375
0 0.3859375 0.38828125 0.0328125 0.04375
0 0.4140625 0.38671875 0.0171875 0.025
0 0.7671875 0.34375 0.0328125 0.04375
0 0.21171875 0.4140625 0.0375 0.0453125
0 0.83671875 0.3375 0.0375 0.05
0 0.45390625 0.38671875 0.0328125 0.040625
0 0.19140625 0.41875 0.021875 0.034375
0 0.5734375 0.3765625 0.0328125 0.0484375
0 0.6265625 0.3703125 0.0359375 0.0625
0 0.725 0.35859375 0.0234375 0.0390625
0 0.91640625 0.3375 0.0421875 0.05
0 0.67578125 0.37578125 0.0375 0.0453125
0 0.0140625 0.46171875 0.028125 0.0546875
0 0.9296875 0.35 0.034375 0.021875
0 0.3125 0.434375 0.0421875 0.0546875
0 0.278125 0.4453125 0.0234375 0.04375
0 0.41875 0.43046875 0.0359375 0.040625
0 0.0796875 0.471875 0.0421875 0.0546875
0 0.78125 0.39765625 0.0359375 0.0625
0 0.19609375 0.471875 0.0484375 0.06875
0 0.45390625 0.44765625 0.0375 0.0546875
0 0.5453125 0.4359375 0.0421875 0.0546875
0 0.884375 0.396875 0.0484375 0.0640625
0 0.815625 0.41015625 0.0546875 0.0796875
0 0.69375 0.425 0.0375 0.0546875
0 0.15234375 0.49375 0.05 0.0734375
0 0.9421875 0.396875 0.0546875 0.075
0 0.05234375 0.52265625 0.053125 0.0703125
0 0.4203125 0.48125 0.0328125 0.04375
0 0.30703125 0.50234375 0.0421875 0.05
0 0.60859375 0.49140625 0.065625 0.0890625
0 0.0921875 0.55703125 0.065625 0.053125
0 0.27109375 0.54921875 0.075 0.1
0 0.66953125 0.5140625 0.0546875 0.0796875
0 0.2390625 0.58046875 0.040625 0.0734375
0 0.86484375 0.546875 0.071875 0.103125
0 0.0984375 0.64453125 0.1 0.115625
0 0.4359375 0.64296875 0.084375 0.096875
0 0.759375 0.678125 0.09375 0.0984375
0 0.3703125 0.7515625 0.1109375 0.1265625
0 0.71328125 0.75625 0.140625 0.1484375