0 0.94765625 0.0359375 0.0328125 0.05625
0 0.4921875 0.284375 0.0328125 0.0703125
0 0.68125 0.3109375 0.0328125 0.046875
0 0.42421875 0.31328125 0.0421875 0.084375
0 0.54921875 0.315625 0.0421875 0.075
0 0.6234375 0.32890625 0.0328125 0.0703125
0 0.5125 0.33359375 0.0328125 0.0609375
0 0.79453125 0.34375 0.0328125 0.0703125
0 0.24375 0.33828125 0.0375 0.075
0 0.3203125 0.33984375 0.0375 0.0703125
0 0.4375 0.3484375 0.0296875 0.0609375
0 0.1484375 0.35234375 0.0375 0.075
0 0.759375 0.37265625 0.0328125 0.0796875
0 0.68984375 0.38046875 0.0328125 0.0703125
0 0.96328125 0.3875 0.0375 0.075
0 0.8515625 0.38828125 0.0421875 0.0796875
0 0.64140625 0.38671875 0.0421875 0.0609375
0 0.071875 0.38125 0.0296875 0.0609375
0 0.7953125 0.41484375 0.0328125 0.0703125
0 0.30234375 0.42734375 0.0375 0.0703125
0 0.38984375 0.43359375 0.0296875 0.065625
0 0.4640625 0.434375 0.0578125 0.1171875
0 0.11171875 0.4328125 0.0375 0.075
0 0.77890625 0.05078125 0.0375 0.075
0 0.8734375 0.05234375 0.0421875 0.075
0 0.190625 0.4390625 0.0375 0.075
0 0.4125 0.47265625 0.0296875 0.0515625
0 0.34921875 0.47890625 0.0375 0.0796875
0 0.596875 0.4828125 0.0375 0.075
0 0.153125 0.48671875 0.0421875 0.0703125
0 0.23125 0.490625 0.0375 0.065625
0 0.71640625 0.0546875 0.0375 0.0703125
0 0.03671875 0.50625 0.0296875 0.0796875
0 0.82421875 0.521875 0.04375 0.096875
0 0.65859375 0.05546875 0.0375 0.0609375
0 0.36953125 0.5296875 0.0328125 0.0609375
0 0.2515625 0.5484375 0.0375 0.0890625
0 0.6703125 0.55625 0.0421875 0.0890625
0 0.2765625 0.05390625 0.025 0.05625
0 0.29765625 0.5515625 0.0328125 0.0796875
0 0.16015625 0.565625 0.0328125 0.065625
0 0.86875 0.5875 0.0375 0.084375
0 0.01796875 0.5921875 0.0359375 0.075
0 0.50078125 0.59921875 0.046875 0.0796875
0 0.546875 0.60234375 0.0375 0.0796875
0 0.71640625 0.60546875 0.04375 0.096875
0 0.98359375 0.6171875 0.0296875 0.084375
0 0.615625 0.61328125 0.0421875 0.0890625
0 0.58125 0.62421875 0.0421875 0.0890625
0 0.909375 0.6484375 0.0375 0.084375
0 0.00546875 0.68125 0.0109375 0.084375
0 0.09609375 0.68984375 0.0375 0.0890625
0 0.11796875 0.071875 0.0328125 0.0703125
0 0.1875 0.07578125 0.025 0.0609375
0 0.2640625 0.8875 0.046875 0.084375
0 0.03203125 0.88359375 0.0515625 0.0890625
0 0.9234375 0.90625 0.046875 0.084375
0 0.596875 0.915625 0.0421875 0.0796875
0 0.32578125 0.9296875 0.025 0.075
0 0.11484375 0.93046875 0.0421875 0.084375
0 0.46875 0.9390625 0.0328125 0.0890625
0 0.22109375 0.94921875 0.0375 0.075
0 0.496875 0.95625 0.0375 0.0703125
0 0.16640625 0.10234375 0.0328125 0.065625
0 0.69140625 0.12578125 0.0296875 0.0703125
0 0.94375 0.1375 0.0328125 0.065625
0 0.059375 0.13125 0.0328125 0.0609375
0 0.40703125 0.146875 0.0375 0.075
0 0.978125 0.16171875 0.0328125 0.05625
0 0.33515625 0.0171875 0.0328125 0.034375
0 0.1328125 0.16953125 0.0375 0.084375
0 0.190625 0.18203125 0.0328125 0.075
0 0.084375 0.18515625 0.0296875 0.0609375
0 0.2671875 0.18828125 0.0375 0.075
0 0.9734375 0.20078125 0.0328125 0.075
0 0.021875 0.01640625 0.028125 0.0328125
0 0.1453125 0.01796875 0.0375 0.0359375
0 0.6046875 0.2078125 0.0421875 0.075
0 0.5390625 0.21640625 0.0328125 0.0703125
0 0.515625 0.0234375 0.0296875 0.046875
0 0.01640625 0.225 0.025 0.0703125
0 0.8796875 0.25390625 0.0375 0.0796875
0 0.1953125 0.02265625 0.046875 0.0453125
0 0.67734375 0.271875 0.0328125 0.0421875
0 0.040625 0.2609375 0.0375 0.0796875
0 0.7703125 0.27578125 0.0421875 0.075
0 0.85078125 0.27734375 0.0296875 0.0515625
0 0.58046875 0.275 0.0328125 0.0796875