0 0.89375 0.48828125 0.0109375 0.01875
0 0.51875 0.46953125 0.021875 0.0328125
0 0.2234375 0.4453125 0.00625 0.0140625
0 0.103125 0.43671875 0.021875 0.0296875
0 0.01640625 0.4296875 0.0109375 0.0140625
0 0.13125 0.43984375 0.0109375 0.0234375
0 0.140625 0.440625 0.00625 0.0140625
0 0.8453125 0.5046875 0.0109375 0.0109375
0 0.12421875 0.44140625 0.0125 0.028125
0 0.4515625 0.46953125 0.0109375 0.0140625
0 0.69375 0.49140625 0.0265625 0.0390625
0 0.4421875 0.46875 0.0109375 0.0140625
0 0.2875 0.45546875 0.0109375 0.01875
0 0.5 0.47421875 0.0109375 0.0140625
0 0.3296875 0.459375 0.0109375 0.0140625
0 0.23203125 0.453125 0.00625 0.009375
0 0.34921875 0.46328125 0.015625 0.025
0 0.0109375 0.43359375 0.00625 0.0140625
0 0.0828125 0.43984375 0.0109375 0.0109375
0 0.2390625 0.45390625 0.00625 0.009375
0 0.30625 0.459375 0.0109375 0.0109375
0 0.05234375 0.4375 0.015625 0.025
0 0.7875 0.5015625 0.0109375 0.0109375
0 0.55703125 0.48125 0.0109375 0.0140625
0 0.1421875 0.4453125 0.00625 0.009375
0 0.03828125 0.4359375 0.0109375 0.0140625
0 0.8546875 0.5078125 0.00625 0.009375
0 0.15625 0.44609375 0.00625 0.0140625
0 0.33828125 0.4625 0.00625 0.0140625
0 0.171875 0.45 0.0109375 0.0234375
0 0.4078125 0.47109375 0.0109375 0.01875
0 0.1625 0.44921875 0.00625 0.0140625
0 0.26015625 0.4578125 0.0109375 0.0140625
0 0.403125 0.4703125 0.00625 0.009375
0 0.43515625 0.4734375 0.0109375 0.0140625
0 0.87265625 0.5140625 0.0109375 0.0140625
0 0.03125 0.43984375 0.0109375 0.0140625
0 0.4828125 0.4796875 0.00625 0.0140625
0 0.578125 0.48828125 0.0109375 0.0109375
0 0.075 0.44375 0.0109375 0.01875
0 0.24765625 0.459375 0.0109375 0.01875
0 0.2734375 0.46171875 0.0109375 0.01875
0 0.1140625 0.44765625 0.0109375 0.0140625
0 0.375 0.4703125 0.0109375 0.0140625
0 0.00625 0.43828125 0.00625 0.0234375
0 0.84296875 0.5109375 0.0109375 0.0109375
0 0.0609375 0.44296875 0.0109375 0.01875
0 0.29609375 0.465625 0.0109375 0.0140625
0 0.34296875 0.46953125 0.00625 0.009375
0 0.35390625 0.47109375 0.0109375 0.0140625
0 0.415625 0.47578125 0.00625 0.009375
0 0.85859375 0.51484375 0.0109375 0.0109375
0 0.17578125 0.45546875 0.00625 0.009375
0 0.59140625 0.49140625 0.015625 0.015625
0 0.61171875 0.49296875 0.0109375 0.0140625
0 0.39765625 0.47421875 0.0109375 0.0140625
0 0.79140625 0.509375 0.0109375 0.0109375
0 0.02421875 0.4421875 0.0109375 0.0140625
0 0.38828125 0.4734375 0.0109375 0.0140625
0 0.6 0.49453125 0.0109375 0.0109375
0 0.4203125 0.47890625 0.0109375 0.01875
0 0.66484375 0.5 0.0109375 0.0109375
0 0.8171875 0.51328125 0.0109375 0.0140625
0 0.1484375 0.45546875 0.0109375 0.01875
0 0.4296875 0.4796875 0.0109375 0.01875
0 0.803125 0.5125 0.0109375 0.0140625
0 0.2828125 0.4671875 0.015625 0.025
0 0.63984375 0.4984375 0.0109375 0.0140625
0 0.30546875 0.46875 0.0109375 0.0140625
0 0.77109375 0.509375 0.015625 0.015625
0 0.4625 0.4828125 0.0109375 0.01875
0 0.4703125 0.4859375 0.0109375 0.01875
0 0.51015625 0.4890625 0.00625 0.0140625
0 0.8515625 0.51875 0.0109375 0.0140625
0 0.7546875 0.51015625 0.00625 0.0140625
0 0.08359375 0.4515625 0.0109375 0.01875
0 0.31640625 0.471875 0.015625 0.0203125
0 0.18046875 0.46015625 0.0109375 0.01875
0 0.2015625 0.4640625 0.0109375 0.0109375
0 0.89296875 0.525 0.015625 0.025
0 0.7640625 0.5140625 0.0109375 0.0140625
0 0.925 0.528125 0.015625 0.025
0 0.97109375 0.53203125 0.0109375 0.0140625
0 0.5421875 0.49453125 0.00625 0.0140625
0 0.575 0.496875 0.0046875 0.0046875
0 0.23515625 0.4671875 0.015625 0.015625
0 0.98203125 0.53515625 0.0109375 0.0140625
0 0.328125 0.478125 0.015625 0.0203125
0 0.0390625 0.45234375 0.015625 0.015625
0 0.73984375 0.51640625 0.0109375 0.0140625
0 0.45 0.490625 0.0109375 0.01875
0 0.6703125 0.5125 0.015625 0.015625
0 0.4953125 0.496875 0.00625 0.009375
0 0.39921875 0.4890625 0.0046875 0.0046875
0 0.56484375 0.50546875 0.00625 0.009375
0 0.48828125 0.49921875 0.0109375 0.0109375
0 0.078125 0.46328125 0.015625 0.015625
0 0.18671875 0.47265625 0.0109375 0.0109375
0 0.31796875 0.484375 0.0109375 0.0140625
0 0.67734375 0.515625 0.0109375 0.0140625
0 0.20234375 0.47421875 0.00625 0.009375
0 0.21171875 0.47734375 0.0109375 0.0140625
0 0.7375 0.5234375 0.0046875 0.0046875
0 0.65859375 0.51640625 0.0109375 0.0140625
0 0.39140625 0.49296875 0.0109375 0.0109375
0 0.40703125 0.49453125 0.0109375 0.0109375
0 0.365625 0.490625 0.0109375 0.0140625
0 0.26015625 0.48125 0.00625 0.0140625
0 0.95 0.54140625 0.0109375 0.0140625
0 0.54375 0.50625 0.0109375 0.0140625
0 0.48125 0.503125 0.0046875 0.0046875
0 0.97421875 0.54609375 0.0109375 0.0109375
0 0.55 0.509375 0.0109375 0.0140625
0 0.375 0.49375 0.0109375 0.0109375
0 0.45625 0.50078125 0.00625 0.0140625
0 0.33359375 0.48984375 0.00625 0.009375
0 0.56640625 0.51015625 0.0109375 0.0140625
0 0.471875 0.50234375 0.0109375 0.0109375
0 0.8390625 0.534375 0.0109375 0.0140625
0 0.5734375 0.5109375 0.0109375 0.0109375
0 0.40078125 0.49609375 0.0109375 0.0140625
0 0.8453125 0.53515625 0.015625 0.0203125
0 0.24765625 0.48515625 0.015625 0.015625
0 0.646875 0.5203125 0.015625 0.015625
0 0.81328125 0.534375 0.015625 0.015625
0 0.8203125 0.53515625 0.0109375 0.0109375
0 0.559375 0.5125 0.00625 0.0140625
0 0.75546875 0.5296875 0.015625 0.015625
0 0.79453125 0.5328125 0.0109375 0.0140625
0 0.16953125 0.478125 0.0109375 0.0109375
0 0.42578125 0.50078125 0.0109375 0.0109375
0 0.80625 0.53359375 0.0109375 0.0140625
0 0.19765625 0.48046875 0.0109375 0.0140625
0 0.7390625 0.53046875 0.0109375 0.0140625
0 0.9375 0.54765625 0.0109375 0.01875
0 0.78984375 0.534375 0.0109375 0.0140625
0 0.8265625 0.53828125 0.0109375 0.0140625
0 0.3609375 0.496875 0.015625 0.015625
0 0.31484375 0.49296875 0.015625 0.015625
0 0.74375 0.53046875 0.0109375 0.0140625
0 0.16484375 0.4796875 0.0109375 0.0109375
0 0.0328125 0.46875 0.0109375 0.0109375
0 0.38671875 0.49921875 0.0109375 0.0140625
0 0.49921875 0.509375 0.0109375 0.0140625
0 0.2109375 0.48671875 0.00625 0.009375
0 0.12578125 0.47890625 0.015625 0.015625
0 0.23125 0.48828125 0.0140625 0.0109375
0 0.28671875 0.49296875 0.0109375 0.0109375
0 0.390625 0.50234375 0.00625 0.009375
0 0.98515625 0.55390625 0.015625 0.0203125
0 0.21796875 0.48671875 0.0109375 0.0140625
0 0.3375 0.49765625 0.0109375 0.0109375
0 0.0125 0.46875 0.0140625 0.0109375
0 0.4921875 0.5109375 0.00625 0.0140625
0 0.60234375 0.52109375 0.015625 0.015625
0 0.37890625 0.5015625 0.0109375 0.0109375
0 0.48515625 0.51015625 0.0109375 0.01875
0 0.353125 0.5015625 0.015625 0.015625
0 0.14609375 0.4828125 0.015625 0.0203125
0 0.4734375 0.51171875 0.0109375 0.01875
0 0.1875 0.4890625 0.0109375 0.0140625
0 0.04140625 0.4765625 0.0109375 0.0109375
0 0.00546875 0.4734375 0.0109375 0.0140625
0 0.63671875 0.528125 0.0109375 0.0140625
0 0.34609375 0.503125 0.0109375 0.0140625
0 0.2421875 0.49375 0.0140625 0.0109375
0 0.66875 0.53125 0.015625 0.015625
0 0.43359375 0.5109375 0.0109375 0.01875
0 0.1796875 0.490625 0.0109375 0.01875
0 0.4796875 0.5171875 0.00625 0.0140625
0 0.46171875 0.515625 0.015625 0.0203125
0 0.2953125 0.50078125 0.0203125 0.015625
0 0.17109375 0.48984375 0.015625 0.015625
0 0.06953125 0.48125 0.021875 0.0296875
0 0.15234375 0.490625 0.0203125 0.015625
0 0.44765625 0.51640625 0.015625 0.0203125
0 0.765625 0.54453125 0.0109375 0.0140625
0 0.77890625 0.5453125 0.0109375 0.0140625
0 0.21015625 0.49609375 0.015625 0.015625
0 0.31875 0.50546875 0.0109375 0.0140625
0 0.39453125 0.51171875 0.0109375 0.01875
0 0.27890625 0.50390625 0.0203125 0.0203125
0 0.421875 0.51640625 0.015625 0.0203125
0 0.01875 0.48125 0.015625 0.015625
0 0.228125 0.5 0.0140625 0.0109375
0 0.746875 0.5453125 0.0109375 0.0140625
0 0.05546875 0.484375 0.0265625 0.0296875
0 0.36640625 0.51171875 0.00625 0.0140625
0 0.19140625 0.496875 0.0203125 0.0203125
0 0.81640625 0.5515625 0.00625 0.0140625
0 0.10078125 0.48828125 0.021875 0.0328125
0 0.02734375 0.484375 0.0109375 0.01875
0 0.2625 0.50546875 0.015625 0.025
0 0.3828125 0.515625 0.015625 0.015625
0 0.03359375 0.48515625 0.0109375 0.0140625
0 0.59453125 0.534375 0.0109375 0.0109375
0 0.75859375 0.5484375 0.0109375 0.01875
0 0.86875 0.56015625 0.021875 0.0296875
0 0.40703125 0.5203125 0.021875 0.0328125
0 0.0828125 0.49140625 0.03125 0.034375
0 0.79453125 0.55390625 0.015625 0.025
0 0.24609375 0.50625 0.015625 0.0203125
0 0.315625 0.51171875 0.0109375 0.0109375
0 0.21796875 0.50390625 0.00625 0.01875
0 0.753125 0.553125 0.015625 0.0203125
0 0.903125 0.565625 0.0171875 0.0296875
0 0.3515625 0.51796875 0.015625 0.015625
0 0.13046875 0.4984375 0.021875 0.0296875
0 0.95625 0.5703125 0.015625 0.025
0 0.665625 0.5453125 0.015625 0.0203125
0 0.9140625 0.56875 0.021875 0.0296875
0 0.10703125 0.49765625 0.0265625 0.034375
0 0.85703125 0.56328125 0.0171875 0.0296875
0 0.89140625 0.56640625 0.0171875 0.0296875
0 0.2984375 0.5171875 0.0109375 0.01875
0 0.834375 0.5640625 0.021875 0.0328125
0 0.63984375 0.546875 0.0109375 0.0234375
0 0.3328125 0.525 0.0265625 0.04375
0 0.98984375 0.58203125 0.0125 0.0328125
0 0.77578125 0.56328125 0.021875 0.0328125
0 0.7984375 0.56796875 0.015625 0.0203125
0 0.6046875 0.55078125 0.021875 0.0296875
0 0.37421875 0.53046875 0.021875 0.0296875
0 0.1484375 0.5109375 0.021875 0.0296875
0 0.196875 0.51484375 0.03125 0.0390625
0 0.6234375 0.55234375 0.021875 0.0296875
0 0.65546875 0.55546875 0.021875 0.0296875
0 0.421875 0.5375 0.015625 0.0203125
0 0.7640625 0.5671875 0.0109375 0.01875
0 0.115625 0.51015625 0.03125 0.03125
0 0.390625 0.534375 0.021875 0.0296875
0 0.575 0.55078125 0.021875 0.0375
0 0.228125 0.52265625 0.0171875 0.0375
0 0.290625 0.528125 0.0171875 0.0375
0 0.80703125 0.5734375 0.015625 0.025
0 0.64609375 0.559375 0.015625 0.0203125
0 0.3578125 0.53359375 0.021875 0.0296875
0 0.934375 0.584375 0.015625 0.025
0 0.54375 0.55234375 0.021875 0.0328125
0 0.309375 0.53203125 0.0171875 0.0296875
0 0.1796875 0.5203125 0.021875 0.0375
0 0.27265625 0.52890625 0.0265625 0.04375
0 0.7234375 0.5703125 0.021875 0.0328125
0 0.1609375 0.5234375 0.03125 0.04375
0 0.81796875 0.58125 0.021875 0.0296875
0 0.67734375 0.5734375 0.021875 0.0296875
0 0.8796875 0.59609375 0.0265625 0.034375
0 0.91640625 0.59921875 0.021875 0.0328125
0 0.9625 0.603125 0.0265625 0.034375
0 0.05859375 0.5265625 0.03125 0.04375
0 0.240625 0.54453125 0.0328125 0.053125
0 0.096875 0.5390625 0.03125 0.0390625
0 0.20390625 0.56875 0.0375 0.0625
0 0.121875 0.56875 0.0375 0.0625
0 0.459375 0.60078125 0.046875 0.06875
0 0.25390625 0.60859375 0.0453125 0.0546875
0 0.56875 0.64296875 0.0421875 0.0625
0 0.35390625 0.62890625 0.04375 0.0765625
0 0.0921875 0.615625 0.0515625 0.0640625
0 0.621875 0.675 0.065625 0.0703125
0 0.8109375 0.69453125 0.046875 0.06875
0 0.45625 0.67734375 0.0484375 0.0828125
0 0.22421875 0.678125 0.05 0.109375
0 0.49609375 0.709375 0.0578125 0.0921875
0 0.575 0.7265625 0.04375 0.0859375
0 0.9671875 0.76328125 0.0203125 0.075
0 0.81875 0.76484375 0.0796875 0.065625
0 0.0984375 0.734375 0.0703125 0.115625
0 0.85 0.80546875 0.0828125 0.0578125
0 0.6 0.78828125 0.0734375 0.1109375
0 0.959375 0.8515625 0.0234375 0.103125
0 0.2625 0.825 0.1 0.1515625
0 0.47890625 0.90546875 0.1578125 0.1875
0 0.8703125 0.934375 0.184375 0.13125
0 0.05625 0.921875 0.1125 0.08125