0 0.03515625 0.08984375 0.04375 0.0796875
0 0.2359375 0.15234375 0.0390625 0.0796875
0 0.04375 0.1546875 0.0296875 0.05625
0 0.4234375 0.17265625 0.053125 0.090625
0 0.47421875 0.18671875 0.0375 0.0375
0 0.16796875 0.18046875 0.0578125 0.0859375
0 0.69609375 0.19921875 0.0296875 0.05625
0 0.55625 0.203125 0.034375 0.0515625
0 0.58671875 0.20703125 0.0328125 0.0421875
0 0.72578125 0.2140625 0.034375 0.05625
0 0.975 0.2296875 0.025 0.0375
0 0.28828125 0.2078125 0.0296875 0.0421875
0 0.52109375 0.22265625 0.04375 0.065625
0 0.365625 0.21953125 0.053125 0.0765625
0 0.759375 0.2375 0.034375 0.05625
0 0.79375 0.24375 0.0390625 0.05625
0 0.8359375 0.24765625 0.034375 0.0609375
0 0.91171875 0.25 0.0390625 0.0703125
0 0.9578125 0.25390625 0.034375 0.0515625
0 0.12265625 0.225 0.06875 0.1125
0 0.66875 0.24375 0.053125 0.0765625
0 0.8671875 0.253125 0.025 0.046875
0 0.621875 0.2515625 0.0296875 0.0421875
0 0.58046875 0.25703125 0.0390625 0.0703125
0 0.26796875 0.2484375 0.0484375 0.0796875
0 0.515625 0.315625 0.053125 0.08125
0 0.8625 0.39921875 0.0390625 0.0609375