0 0.50546875 0.1203125 0.0046875 0.0046875
0 0.50078125 0.12265625 0.0046875 0.009375
0 0.4890625 0.12265625 0.0046875 0.0046875
0 0.5125 0.12265625 0.0046875 0.0046875
0 0.49609375 0.125 0.0046875 0.0046875
0 0.465625 0.128125 0.0046875 0.0046875
0 0.484375 0.12734375 0.0046875 0.0046875
0 0.51015625 0.12734375 0.0046875 0.0046875
0 0.565625 0.12578125 0.0046875 0.0046875
0 0.47734375 0.1296875 0.0046875 0.0046875
0 0.50078125 0.1296875 0.0046875 0.0046875
0 0.4546875 0.13515625 0.0046875 0.0046875
0 0.45 0.13515625 0.0046875 0.0046875
0 0.44296875 0.1375 0.0046875 0.0046875
0 0.46171875 0.1375 0.0046875 0.0046875
0 0.46796875 0.1375 0.0046875 0.0046875
0 0.51953125 0.1359375 0.0046875 0.0046875
0 0.48203125 0.13671875 0.0046875 0.0046875
0 0.48671875 0.13671875 0.0046875 0.0046875
0 0.50546875 0.1390625 0.0046875 0.0046875
0 0.57734375 0.1375 0.0046875 0.009375
0 0.47734375 0.1390625 0.0046875 0.0046875
0 0.49375 0.1390625 0.0046875 0.0046875
0 0.5125 0.14140625 0.0046875 0.0046875
0 0.5953125 0.13984375 0.009375 0.0046875
0 0.45703125 0.1421875 0.009375 0.0046875
0 0.41484375 0.1453125 0.009375 0.009375
0 0.43359375 0.14453125 0.009375 0.009375
0 0.5703125 0.1421875 0.0046875 0.0046875
0 0.465625 0.14453125 0.0046875 0.009375
0 0.53515625 0.1453125 0.0046875 0.0046875
0 0.58671875 0.14453125 0.009375 0.0046875
0 0.503125 0.14609375 0.0046875 0.0046875
0 0.41015625 0.14765625 0.009375 0.009375
0 0.51484375 0.1484375 0.0046875 0.009375
0 0.521875 0.14765625 0.009375 0.009375
0 0.48203125 0.1484375 0.0046875 0.0046875
0 0.546875 0.14765625 0.0046875 0.0046875
0 0.55859375 0.14765625 0.009375 0.0046875
0 0.47265625 0.1515625 0.009375 0.009375
0 0.49375 0.15078125 0.009375 0.009375
0 0.44296875 0.15390625 0.0046875 0.0046875
0 0.5796875 0.1515625 0.009375 0.0046875
0 0.475 0.15546875 0.0046875 0.009375
0 0.63515625 0.153125 0.009375 0.0140625
0 0.53515625 0.15625 0.0046875 0.009375
0 0.4453125 0.1578125 0.0046875 0.0046875
0 0.52578125 0.15625 0.0046875 0.009375
0 0.55859375 0.15625 0.009375 0.0140625
0 0.59296875 0.15546875 0.009375 0.0140625
0 0.546875 0.15625 0.009375 0.0140625
0 0.584375 0.15546875 0.009375 0.009375
0 0.59765625 0.15546875 0.009375 0.009375
0 0.43359375 0.16015625 0.009375 0.009375
0 0.38046875 0.16171875 0.0140625 0.0140625
0 0.4078125 0.16328125 0.009375 0.0140625
0 0.45234375 0.1625 0.009375 0.0140625
0 0.396875 0.16328125 0.009375 0.009375
0 0.49609375 0.16171875 0.0046875 0.009375
0 0.39296875 0.165625 0.0046875 0.009375
0 0.5328125 0.16328125 0.009375 0.009375
0 0.5109375 0.16640625 0.009375 0.0140625
0 0.58046875 0.16484375 0.009375 0.0140625
0 0.51796875 0.16875 0.009375 0.009375
0 0.371875 0.17109375 0.009375 0.009375
0 0.54765625 0.16796875 0.0046875 0.009375
0 0.4640625 0.16953125 0.0046875 0.009375
0 0.50390625 0.16875 0.0046875 0.0140625
0 0.44609375 0.171875 0.009375 0.0140625
0 0.525 0.1703125 0.0046875 0.009375
0 0.43203125 0.171875 0.009375 0.0140625
0 0.478125 0.17109375 0.009375 0.0140625
0 0.56171875 0.17265625 0.009375 0.0140625
0 0.603125 0.171875 0.0140625 0.01875
0 0.5453125 0.17265625 0.009375 0.0140625
0 0.4875 0.17578125 0.0046875 0.009375
0 0.35078125 0.178125 0.0140625 0.01875
0 0.415625 0.17734375 0.009375 0.0140625
0 0.496875 0.17578125 0.009375 0.0140625
0 0.52890625 0.175 0.009375 0.0140625
0 0.46875 0.17890625 0.009375 0.0140625
0 0.66796875 0.175 0.009375 0.01875
0 0.36953125 0.18046875 0.009375 0.0140625
0 0.55234375 0.17734375 0.009375 0.0140625
0 0.50859375 0.1828125 0.009375 0.0140625
0 0.5890625 0.18125 0.0140625 0.0140625
0 0.42265625 0.18671875 0.009375 0.0140625
0 0.53828125 0.184375 0.0140625 0.01875
0 0.65390625 0.1828125 0.009375 0.01875
0 0.6703125 0.18203125 0.009375 0.0140625
0 0.38359375 0.1875 0.009375 0.0140625
0 0.40859375 0.18671875 0.009375 0.009375
0 0.58046875 0.18359375 0.009375 0.0140625
0 0.3671875 0.18984375 0.0140625 0.009375
0 0.5203125 0.18671875 0.009375 0.0140625
0 0.453125 0.18828125 0.009375 0.0140625
0 0.4640625 0.18828125 0.009375 0.0140625
0 0.31875 0.19296875 0.0140625 0.0140625
0 0.44140625 0.190625 0.0140625 0.01875
0 0.57109375 0.18828125 0.009375 0.0140625
0 0.559375 0.1890625 0.0140625 0.01875
0 0.4875 0.18984375 0.009375 0.0140625
0 0.49453125 0.18984375 0.009375 0.01875
0 0.4734375 0.19296875 0.009375 0.0140625
0 0.6078125 0.190625 0.0140625 0.0140625
0 0.69140625 0.1890625 0.0140625 0.0234375
0 0.30703125 0.19765625 0.0140625 0.0234375
0 0.425 0.19609375 0.009375 0.009375
0 0.525 0.19375 0.009375 0.0140625
0 0.41328125 0.19609375 0.009375 0.0140625
0 0.61953125 0.1921875 0.009375 0.01875
0 0.35546875 0.19921875 0.0140625 0.01875
0 0.3375 0.2 0.01875 0.01875
0 0.52890625 0.1984375 0.009375 0.01875
0 0.5984375 0.19765625 0.009375 0.0140625
0 0.5203125 0.1984375 0.009375 0.0140625
0 0.640625 0.19921875 0.01875 0.01875
0 0.2703125 0.2078125 0.0140625 0.028125
0 0.434375 0.2046875 0.0140625 0.01875
0 0.4 0.20546875 0.009375 0.01875
0 0.38359375 0.20859375 0.0140625 0.0234375
0 0.29296875 0.21015625 0.009375 0.0140625
0 0.371875 0.20859375 0.01875 0.0234375
0 0.14375 0.2125 0.01875 0.028125
0 0.3953125 0.2078125 0.0140625 0.0234375
0 0.540625 0.20546875 0.009375 0.01875
0 0.5109375 0.20859375 0.0140625 0.01875
0 0.1546875 0.21484375 0.0140625 0.0328125
0 0.45546875 0.209375 0.0140625 0.0140625
0 0.41171875 0.2125 0.009375 0.01875
0 0.58828125 0.209375 0.0140625 0.01875
0 0.42109375 0.2125 0.0140625 0.01875
0 0.1875 0.21875 0.0234375 0.01875
0 0.56015625 0.2125 0.0140625 0.0234375
0 0.33828125 0.22109375 0.0140625 0.0234375
0 0.30546875 0.22265625 0.01875 0.028125
0 0.2640625 0.2234375 0.01875 0.028125
0 0.53203125 0.22109375 0.0140625 0.0140625
0 0.3265625 0.225 0.01875 0.0375
0 0.46953125 0.22265625 0.01875 0.0328125
0 0.4953125 0.221875 0.01875 0.0328125
0 0.35859375 0.2265625 0.0234375 0.0375
0 0.62265625 0.22421875 0.01875 0.01875
0 0.48125 0.2265625 0.009375 0.0234375
0 0.44921875 0.2296875 0.0234375 0.0328125
0 0.2890625 0.23515625 0.01875 0.0328125
0 0.42578125 0.2328125 0.01875 0.0234375
0 0.5296875 0.2328125 0.01875 0.028125
0 0.4046875 0.23984375 0.0234375 0.0328125
0 0.18515625 0.253125 0.0234375 0.0328125
0 0.48671875 0.259375 0.01875 0.0234375
0 0.03984375 0.2671875 0.0296875 0.046875
0 0.31328125 0.2625 0.01875 0.0328125
0 0.09296875 0.26875 0.01875 0.01875
0 0.33671875 0.26484375 0.0234375 0.028125
0 0.11875 0.27265625 0.0328125 0.0328125
0 0.5125 0.26875 0.028125 0.0421875
0 0.36875 0.2734375 0.01875 0.0234375
0 0.23671875 0.278125 0.025 0.046875
0 0.15546875 0.28203125 0.028125 0.0421875
0 0.065625 0.2859375 0.0296875 0.046875
0 0.59296875 0.27890625 0.0234375 0.028125
0 0.20234375 0.2875 0.028125 0.0421875
0 0.6140625 0.28203125 0.0140625 0.0328125
0 0.278125 0.290625 0.0234375 0.0375
0 0.22265625 0.29140625 0.01875 0.0234375
0 0.49375 0.2890625 0.028125 0.0328125
0 0.29453125 0.29296875 0.0328125 0.0421875
0 0.3390625 0.29453125 0.0234375 0.0328125
0 0.0953125 0.30078125 0.0328125 0.046875
0 0.459375 0.29453125 0.028125 0.0375
0 0.41328125 0.3 0.028125 0.0421875
0 0.55625 0.29765625 0.0328125 0.0421875
0 0.8734375 0.29453125 0.028125 0.0328125
0 0.64765625 0.30546875 0.0328125 0.046875
0 0.3671875 0.3171875 0.0328125 0.0515625
0 0.7234375 0.3109375 0.0609375 0.065625
0 0.0171875 0.33046875 0.034375 0.0890625
0 0.32109375 0.32734375 0.0234375 0.0375
0 0.03828125 0.33203125 0.0421875 0.0515625
0 0.75859375 0.32890625 0.046875 0.0609375
0 0.88125 0.33125 0.0609375 0.0703125
0 0.24453125 0.3453125 0.0421875 0.0515625
0 0.33125 0.36640625 0.0375 0.0515625
0 0.55546875 0.3671875 0.0296875 0.0515625
0 0.534375 0.36953125 0.0515625 0.05625
0 0.10859375 0.38203125 0.0328125 0.0609375
0 0.071875 0.3828125 0.0421875 0.0515625
0 0.1875 0.3875 0.01875 0.0234375
0 0.45703125 0.4015625 0.0609375 0.0890625
0 0.25078125 0.4140625 0.0421875 0.0609375
0 0.2046875 0.4171875 0.0328125 0.05625
0 0.3546875 0.428125 0.05625 0.0890625
0 0.01875 0.4796875 0.0375 0.09375
0 0.26328125 0.478125 0.065625 0.0890625
0 0.27734375 0.86484375 0.1171875 0.0984375