0 0.69765625 0.17890625 0.059375 0.075
0 0.3546875 0.14375 0.0546875 0.084375
0 0.4765625 0.1609375 0.05625 0.0890625
0 0.3203125 0.1609375 0.05625 0.09375
0 0.42109375 0.178125 0.0453125 0.0734375
0 0.8171875 0.22890625 0.06875 0.1125
0 0.2296875 0.1734375 0.04375 0.06875
0 0.71015625 0.23203125 0.053125 0.0703125
0 0.64609375 0.03515625 0.0421875 0.0453125
0 0.60625 0.221875 0.05 0.0828125
0 0.2578125 0.20625 0.0703125 0.1
0 0.159375 0.19453125 0.0671875 0.1078125
0 0.39453125 0.2375 0.0546875 0.084375
0 0.58046875 0.2625 0.0546875 0.084375
0 0.5125 0.2640625 0.075 0.1
0 0.3125 0.2390625 0.05 0.078125
0 0.64375 0.29453125 0.0578125 0.0984375
0 0.6921875 0.30234375 0.053125 0.096875
0 0.728125 0.35546875 0.065625 0.0984375
0 0.54765625 0.340625 0.08125 0.1140625
0 0.2671875 0.30859375 0.0515625 0.0875
0 0.3671875 0.3234375 0.0765625 0.109375
0 0.1984375 0.315625 0.0828125 0.1234375
0 0.46015625 0.3671875 0.0890625 0.1328125
0 0.78203125 0.40859375 0.0796875 0.13125
0 0.79453125 0.071875 0.0546875 0.0828125
0 0.65703125 0.40078125 0.0875 0.1234375
0 0.31875 0.0234375 0.04375 0.046875
0 0.265625 0.0171875 0.0375 0.034375
0 0.58359375 0.0484375 0.034375 0.053125
0 0.70546875 0.06328125 0.0375 0.0546875
0 0.7046875 0.45 0.078125 0.11875
0 0.59375 0.46015625 0.0953125 0.14375
0 0.95546875 0.10078125 0.0578125 0.1015625
0 0.19765625 0.4578125 0.1046875 0.14375
0 0.12109375 0.45078125 0.0859375 0.109375
0 0.76875 0.57265625 0.090625 0.146875
0 0.43984375 0.0421875 0.0328125 0.04375
0 0.81875 0.09140625 0.05625 0.09375
0 0.93984375 0.6453125 0.103125 0.1703125
0 0.27109375 0.56328125 0.115625 0.1671875
0 0.6796875 0.07890625 0.0453125 0.078125
0 0.47109375 0.603125 0.1046875 0.153125
0 0.096875 0.56953125 0.1 0.153125
0 0.221875 0.025 0.0375 0.05
0 0.6671875 0.6609375 0.109375 0.1453125
0 0.49296875 0.06328125 0.0375 0.0546875
0 0.721875 0.09609375 0.04375 0.06875
0 0.8625 0.11328125 0.0640625 0.0796875
0 0.634375 0.0921875 0.04375 0.06875
0 0.3421875 0.78125 0.1296875 0.2109375
0 0.69375 0.1015625 0.0390625 0.0640625
0 0.9015625 0.13203125 0.0609375 0.09375
0 0.59609375 0.096875 0.025 0.0578125
0 0.4328125 0.0796875 0.0375 0.0453125
0 0.24921875 0.05703125 0.0375 0.0546875
0 0.56640625 0.0953125 0.04375 0.0640625
0 0.36953125 0.08515625 0.0421875 0.0546875
0 0.41640625 0.0953125 0.053125 0.0609375
0 0.47421875 0.10234375 0.0421875 0.0453125
0 0.31953125 0.090625 0.04375 0.0640625
0 0.7484375 0.14765625 0.0609375 0.0890625
0 0.21015625 0.08671875 0.06875 0.0859375
0 0.26484375 0.10078125 0.0421875 0.0546875
0 0.41484375 0.13046875 0.0375 0.0546875
0 0.515625 0.14296875 0.0515625 0.0921875