0 0.61328125 0.16796875 0.028125 0.03125
0 0.596875 0.17578125 0.0171875 0.0203125
0 0.74765625 0.15390625 0.021875 0.0265625
0 0.3734375 0.2203125 0.0125 0.0203125
0 0.703125 0.16796875 0.0234375 0.03125
0 0.5875 0.19140625 0.021875 0.021875
0 0.39296875 0.22421875 0.0234375 0.03125
0 0.6359375 0.18828125 0.021875 0.0265625
0 0.7140625 0.18046875 0.0234375 0.03125
0 0.1109375 0.27734375 0.01875 0.0296875
0 0.4453125 0.23203125 0.028125 0.03125
0 0.63125 0.20703125 0.0234375 0.03125
0 0.73984375 0.196875 0.028125 0.040625
0 0.18203125 0.28515625 0.0171875 0.025
0 0.6015625 0.22109375 0.028125 0.040625
0 0.8484375 0.184375 0.028125 0.0359375
0 0.15390625 0.296875 0.0171875 0.025
0 0.27734375 0.27734375 0.0234375 0.03125
0 0.34609375 0.26640625 0.025 0.04375
0 0.4109375 0.2609375 0.0234375 0.034375
0 0.7078125 0.2140625 0.028125 0.040625
0 0.434375 0.2640625 0.0171875 0.025
0 0.62890625 0.2359375 0.0328125 0.040625
0 0.67109375 0.23359375 0.028125 0.040625
0 0.3171875 0.29453125 0.0171875 0.025
0 0.88515625 0.209375 0.0390625 0.05
0 0.77578125 0.22890625 0.0328125 0.040625
0 0.8125 0.2234375 0.0328125 0.040625
0 0.42734375 0.2890625 0.0328125 0.040625
0 0.36796875 0.3 0.028125 0.040625
0 0.2828125 0.3140625 0.028125 0.03125
0 0.6125 0.2640625 0.0234375 0.03125
0 0.315625 0.31328125 0.021875 0.0265625
0 0.084375 0.35 0.0265625 0.0265625
0 0.59375 0.2765625 0.0328125 0.040625
0 0.8546875 0.25390625 0.0234375 0.034375
0 0.69453125 0.28203125 0.028125 0.040625
0 0.3046875 0.34609375 0.028125 0.040625
0 0.66328125 0.2890625 0.0296875 0.0484375
0 0.26953125 0.3609375 0.028125 0.040625
0 0.87578125 0.26953125 0.028125 0.03125
0 0.296875 0.384375 0.0390625 0.05
0 0.3890625 0.39609375 0.0359375 0.0546875
0 0.49375 0.38359375 0.034375 0.0453125
0 0.81796875 0.34453125 0.04375 0.05625
0 0.1453125 0.453125 0.028125 0.040625
0 0.54375 0.39296875 0.028125 0.040625
0 0.5671875 0.39140625 0.034375 0.0453125
0 0.2859375 0.4515625 0.0390625 0.05
0 0.70078125 0.390625 0.0375 0.040625
0 0.1625 0.48515625 0.0328125 0.040625
0 0.46875 0.43671875 0.034375 0.05
0 0.0890625 0.49921875 0.04375 0.05625
0 0.1859375 0.484375 0.0328125 0.040625
0 0.628125 0.42109375 0.0453125 0.0296875
0 0.3546875 0.46953125 0.046875 0.075
0 0.73359375 0.409375 0.0390625 0.05
0 0.5046875 0.4546875 0.0421875 0.046875
0 0.6921875 0.4390625 0.0390625 0.0546875
0 0.8796875 0.41171875 0.0453125 0.0609375
0 0.2375 0.515625 0.0296875 0.0484375
0 0.13515625 0.53203125 0.0328125 0.0328125
0 0.6421875 0.4515625 0.0390625 0.05
0 0.17421875 0.53046875 0.0484375 0.05625
0 0.11796875 0.54375 0.0359375 0.028125
0 0.96484375 0.4171875 0.059375 0.0671875
0 0.8421875 0.44140625 0.0515625 0.0703125
0 0.80859375 0.45078125 0.0453125 0.065625
0 0.2609375 0.5453125 0.0484375 0.05625
0 0.52578125 0.5125 0.0453125 0.0609375
0 0.4890625 0.52109375 0.04375 0.0515625
0 0.12265625 0.590625 0.053125 0.053125
0 0.39296875 0.54921875 0.0546875 0.0671875
0 0.35546875 0.56484375 0.0546875 0.0671875
0 0.0328125 0.62578125 0.040625 0.0640625
0 0.22265625 0.59765625 0.0484375 0.05625
0 0.44453125 0.5625 0.05 0.0609375
0 0.53203125 0.59765625 0.05625 0.071875
0 0.0828125 0.67578125 0.046875 0.0421875
0 0.8703125 0.55859375 0.0640625 0.0953125
0 0.6609375 0.59609375 0.053125 0.084375
0 0.62890625 0.60625 0.0625 0.090625
0 0.5765625 0.65625 0.075 0.1046875
0 0.08359375 0.74375 0.0578125 0.084375
0 0.23125 0.72734375 0.053125 0.0578125
0 0.2 0.73984375 0.0421875 0.0734375
0 0.44375 0.725 0.0734375 0.096875
0 0.5078125 0.76875 0.0421875 0.0734375
0 0.428125 0.78359375 0.059375 0.0890625
0 0.25234375 0.8140625 0.075 0.109375
0 0.38359375 0.815625 0.065625 0.0734375
0 0.9625 0.72890625 0.0703125 0.109375
0 0.6390625 0.78515625 0.08125 0.115625
0 0.77890625 0.784375 0.0703125 0.1046875
0 0.828125 0.7953125 0.05 0.0890625
0 0.36171875 0.8875 0.0796875 0.10625
0 0.728125 0.834375 0.0609375 0.071875
0 0.7359375 0.05078125 0.0109375 0.015625
0 0.94765625 0.8671875 0.0828125 0.1296875
0 0.2796875 0.95703125 0.0875 0.0859375
0 0.1109375 0.9765625 0.084375 0.046875
0 0.43359375 0.94921875 0.0953125 0.1015625
0 0.76171875 0.0484375 0.0109375 0.015625
0 0.79609375 0.9234375 0.0890625 0.08125
0 0.6890625 0.0640625 0.0171875 0.0203125
0 0.78203125 0.04921875 0.015625 0.015625
0 0.67109375 0.06953125 0.0109375 0.015625
0 0.72109375 0.06171875 0.0109375 0.015625
0 0.65859375 0.08125 0.0109375 0.015625
0 0.5734375 0.10390625 0.015625 0.015625
0 0.72265625 0.08984375 0.0109375 0.015625
0 0.79140625 0.09296875 0.0171875 0.0203125
0 0.703125 0.10703125 0.0171875 0.0203125
0 0.7578125 0.10078125 0.0171875 0.025
0 0.5984375 0.128125 0.021875 0.021875
0 0.7265625 0.1109375 0.0171875 0.0203125
0 0.746875 0.10703125 0.0171875 0.025
0 0.68828125 0.12265625 0.0171875 0.0203125
0 0.78515625 0.11015625 0.0171875 0.0203125
0 0.83828125 0.10625 0.0171875 0.0203125
0 0.71640625 0.1328125 0.0171875 0.0203125
0 0.6390625 0.14765625 0.021875 0.0265625
0 0.7328125 0.1375 0.0171875 0.0203125
0 0.646875 0.153125 0.0171875 0.025
0 0.70859375 0.14375 0.021875 0.0265625
0 0.6703125 0.15625 0.021875 0.0265625
0 0.471875 0.18828125 0.0125 0.0203125