0 0.48046875 0.11328125 0.0109375 0.015625
0 0.46484375 0.121875 0.0109375 0.015625
0 0.65390625 0.1046875 0.0109375 0.015625
0 0.6609375 0.10390625 0.00625 0.0140625
0 0.71171875 0.10078125 0.0109375 0.015625
0 0.54375 0.11796875 0.0109375 0.015625
0 0.384375 0.13515625 0.0109375 0.0109375
0 0.72578125 0.1015625 0.0109375 0.0109375
0 0.475 0.13046875 0.0109375 0.015625
0 0.5859375 0.11875 0.015625 0.0109375
0 0.3671875 0.14140625 0.0109375 0.0109375
0 0.62421875 0.11484375 0.0109375 0.0109375
0 0.703125 0.10625 0.0109375 0.0109375
0 0.53046875 0.12421875 0.00625 0.009375
0 0.73828125 0.1046875 0.0109375 0.015625
0 0.5578125 0.12421875 0.015625 0.0109375
0 0.06328125 0.17578125 0.015625 0.015625
0 0.56953125 0.12265625 0.0109375 0.015625
0 0.71953125 0.10703125 0.0109375 0.015625
0 0.69609375 0.11171875 0.0109375 0.0203125
0 0.634375 0.11796875 0.0109375 0.0203125
0 0.4875 0.13359375 0.015625 0.0203125
0 0.74921875 0.10859375 0.0109375 0.015625
0 0.05 0.18203125 0.015625 0.015625
0 0.16953125 0.16953125 0.009375 0.00625
0 0.32109375 0.153125 0.0109375 0.015625
0 0.58203125 0.12578125 0.0109375 0.015625
0 0.715625 0.11171875 0.0109375 0.0203125
0 0.36328125 0.1515625 0.0046875 0.0046875
0 0.53359375 0.13359375 0.0109375 0.015625
0 0.5453125 0.13203125 0.0109375 0.015625
0 0.6671875 0.11953125 0.015625 0.015625
0 0.2921875 0.15859375 0.0109375 0.015625
0 0.61015625 0.128125 0.0109375 0.015625
0 0.67890625 0.1203125 0.015625 0.0203125
0 0.2 0.17109375 0.0109375 0.0203125
0 0.09921875 0.18125 0.015625 0.015625
0 0.1703125 0.17421875 0.015625 0.0109375
0 0.37265625 0.153125 0.0046875 0.0046875
0 0.40234375 0.15 0.015625 0.0203125
0 0.64921875 0.1234375 0.015625 0.015625
0 0.56328125 0.1328125 0.0109375 0.015625
0 0.734375 0.1171875 0.0109375 0.015625
0 0.77578125 0.1125 0.0109375 0.015625
0 0.13125 0.18046875 0.0109375 0.015625
0 0.340625 0.15859375 0.015625 0.0203125
0 0.36171875 0.15625 0.009375 0.00625
0 0.121875 0.18125 0.0109375 0.015625
0 0.3546875 0.159375 0.015625 0.0109375
0 0.1546875 0.1828125 0.015625 0.015625
0 0.1109375 0.1875 0.0109375 0.0203125
0 0.39375 0.1578125 0.0109375 0.015625
0 0.5484375 0.14140625 0.0109375 0.015625
0 0.6109375 0.1375 0.0109375 0.0203125
0 0.69609375 0.128125 0.015625 0.0203125
0 0.75859375 0.12421875 0.0109375 0.0109375
0 0.38515625 0.16328125 0.015625 0.0203125
0 0.07890625 0.1953125 0.015625 0.0109375
0 0.14140625 0.1890625 0.0109375 0.015625
0 0.1671875 0.1859375 0.015625 0.015625
0 0.309375 0.1734375 0.0265625 0.0296875
0 0.03125 0.203125 0.021875 0.025
0 0.328125 0.171875 0.0171875 0.025
0 0.18984375 0.1859375 0.0109375 0.015625
0 0.0453125 0.203125 0.015625 0.0203125
0 0.09375 0.19765625 0.015625 0.0203125
0 0.803125 0.1234375 0.0109375 0.0203125
0 0.68515625 0.1359375 0.015625 0.0203125
0 0.71953125 0.13203125 0.0203125 0.0203125
0 0.0609375 0.2015625 0.015625 0.0203125
0 0.27734375 0.178125 0.015625 0.0203125
0 0.6203125 0.14453125 0.0109375 0.015625
0 0.76796875 0.1296875 0.0203125 0.0203125
0 0.3703125 0.17109375 0.015625 0.0203125
0 0.784375 0.12734375 0.015625 0.0203125
0 0.2546875 0.18359375 0.0171875 0.025
0 0.57734375 0.1515625 0.0171875 0.025
0 0.28984375 0.18203125 0.015625 0.015625
0 0.3953125 0.17109375 0.015625 0.015625
0 0.35234375 0.178125 0.0203125 0.0203125
0 0.603125 0.1515625 0.0125 0.0296875
0 0.1265625 0.20390625 0.015625 0.0203125
0 0.1734375 0.2015625 0.015625 0.015625
0 0.46328125 0.17109375 0.015625 0.0203125
0 0.61796875 0.15703125 0.015625 0.0203125
0 0.67578125 0.15078125 0.015625 0.015625
0 0.659375 0.1546875 0.015625 0.015625
0 0.81796875 0.13828125 0.025 0.025
0 0.4359375 0.18046875 0.021875 0.025
0 0.09765625 0.21640625 0.015625 0.0203125
0 0.40859375 0.18359375 0.015625 0.015625
0 0.4203125 0.184375 0.0203125 0.0203125
0 0.72421875 0.153125 0.015625 0.0203125
0 0.38984375 0.18828125 0.015625 0.0203125
0 0.684375 0.15703125 0.0203125 0.0203125
0 0.7890625 0.1484375 0.021875 0.025
0 0.3421875 0.19765625 0.0171875 0.025
0 0.146875 0.2203125 0.0203125 0.0203125
0 0.30859375 0.20625 0.021875 0.0296875
0 0.3734375 0.19921875 0.025 0.025
0 0.09453125 0.23046875 0.0203125 0.015625
0 0.21875 0.21796875 0.015625 0.015625
0 0.6703125 0.1703125 0.0203125 0.0203125
0 0.18046875 0.22421875 0.021875 0.025
0 0.3296875 0.20859375 0.021875 0.025
0 0.4796875 0.19296875 0.021875 0.025
0 0.30234375 0.2109375 0.021875 0.025
0 0.28828125 0.21484375 0.0171875 0.025
0 0.40625 0.2046875 0.021875 0.0296875
0 0.3515625 0.21328125 0.0203125 0.0203125
0 0.625 0.184375 0.0265625 0.034375
0 0.3875 0.209375 0.021875 0.0296875
0 0.715625 0.1796875 0.021875 0.025
0 0.15859375 0.23828125 0.015625 0.0203125
0 0.7015625 0.18125 0.021875 0.025
0 0.42109375 0.2109375 0.015625 0.0203125
0 0.64375 0.1875 0.0265625 0.034375
0 0.04140625 0.253125 0.0109375 0.0203125
0 0.20234375 0.2359375 0.015625 0.0203125
0 0.2203125 0.234375 0.0203125 0.015625
0 0.8234375 0.1703125 0.03125 0.0390625
0 0.9578125 0.16328125 0.021875 0.025
0 0.5640625 0.2046875 0.021875 0.0296875
0 0.859375 0.1765625 0.040625 0.05
0 0.1046875 0.2578125 0.0265625 0.0296875
0 0.528125 0.21328125 0.021875 0.0296875
0 0.1734375 0.25078125 0.0203125 0.0203125
0 0.00390625 0.26953125 0.0078125 0.0296875
0 0.31484375 0.2375 0.021875 0.0296875
0 0.0515625 0.26484375 0.021875 0.0296875
0 0.77734375 0.19140625 0.03125 0.03125
0 0.20859375 0.25078125 0.015625 0.0203125
0 0.07265625 0.26796875 0.03125 0.034375
0 0.609375 0.2109375 0.03125 0.03125
0 0.72421875 0.19921875 0.0265625 0.0296875
0 0.48515625 0.2265625 0.03125 0.034375
0 0.80546875 0.19296875 0.0265625 0.0296875
0 0.03359375 0.27421875 0.021875 0.0296875
0 0.41640625 0.2359375 0.0203125 0.0203125
0 0.3359375 0.24453125 0.021875 0.025
0 0.95546875 0.18671875 0.021875 0.0296875
0 0.26015625 0.25703125 0.0265625 0.0390625
0 0.553125 0.2265625 0.021875 0.034375
0 0.75546875 0.2078125 0.0265625 0.0296875
0 0.18984375 0.2671875 0.021875 0.025
0 0.65859375 0.21796875 0.0203125 0.015625
0 0.009375 0.28515625 0.01875 0.0203125
0 0.1640625 0.26953125 0.025 0.025
0 0.6015625 0.22578125 0.0203125 0.0203125
0 0.23359375 0.2671875 0.0265625 0.034375
0 0.13046875 0.28046875 0.0265625 0.0390625
0 0.0984375 0.2859375 0.0171875 0.0296875
0 0.28515625 0.27109375 0.0328125 0.0484375
0 0.04140625 0.3015625 0.0265625 0.034375
0 0.46796875 0.259375 0.0328125 0.04375
0 0.6453125 0.2453125 0.025 0.025
0 0.41328125 0.26953125 0.0265625 0.0390625
0 0.703125 0.2390625 0.0375 0.053125
0 0.01171875 0.31875 0.0234375 0.040625
0 0.0546875 0.3140625 0.028125 0.0484375
0 0.3234375 0.28828125 0.0265625 0.034375
0 0.68125 0.25078125 0.0359375 0.0484375
0 0.5703125 0.26484375 0.0328125 0.04375
0 0.95078125 0.22734375 0.0421875 0.059375
0 0.1921875 0.31171875 0.0328125 0.04375
0 0.7875 0.24921875 0.0515625 0.059375
0 0.74453125 0.25390625 0.046875 0.0546875
0 0.15703125 0.3171875 0.0359375 0.0484375
0 0.596875 0.2703125 0.0390625 0.0671875
0 0.878125 0.24140625 0.0359375 0.0484375
0 0.0859375 0.32421875 0.0328125 0.053125
0 0.628125 0.2765625 0.0328125 0.053125
0 0.846875 0.2609375 0.0484375 0.06875
0 0.49765625 0.3 0.0359375 0.04375
0 0.55859375 0.30078125 0.053125 0.0734375
0 0.53125 0.30859375 0.0375 0.053125
0 0.671875 0.29375 0.0453125 0.05
0 0.96015625 0.27734375 0.0421875 0.0546875
0 0.4640625 0.334375 0.040625 0.0453125
0 0.39921875 0.340625 0.0671875 0.075
0 0.7828125 0.31015625 0.0421875 0.0640625
0 0.01328125 0.39453125 0.0265625 0.0640625
0 0.81953125 0.32421875 0.053125 0.0734375
0 0.2875 0.38515625 0.040625 0.05
0 0.74609375 0.33671875 0.0515625 0.0640625
0 0.64765625 0.35625 0.053125 0.06875
0 0.853125 0.33984375 0.0359375 0.0484375
0 0.190625 0.41171875 0.08125 0.071875
0 0.5953125 0.36875 0.0578125 0.0703125
0 0.4765625 0.38828125 0.04375 0.06875
0 0.1203125 0.43046875 0.0625 0.0796875
0 0.96328125 0.3515625 0.04375 0.0734375
0 0.259375 0.42578125 0.0640625 0.09375
0 0.5046875 0.4109375 0.0515625 0.0640625
0 0.74921875 0.415625 0.0734375 0.0953125
0 0.575 0.43671875 0.0625 0.0796875
0 0.88046875 0.42109375 0.06875 0.084375
0 0.9796875 0.4125 0.0375 0.0953125
0 0.3 0.484375 0.0640625 0.09375
0 0.66640625 0.46875 0.084375 0.109375
0 0.22109375 0.52734375 0.084375 0.1140625
0 0.53984375 0.50546875 0.0734375 0.1
0 0.37421875 0.56640625 0.0640625 0.09375
0 0.8625 0.54375 0.0859375 0.11875
0 0.76953125 0.5578125 0.084375 0.109375
0 0.07109375 0.6515625 0.0796875 0.103125