0 0.375 0.3625 0.040625 0.0671875
0 0.8328125 0.34296875 0.0203125 0.0296875
0 0.9578125 0.34375 0.05 0.0859375
0 0.48125 0.37109375 0.0421875 0.0984375
0 0.8078125 0.35859375 0.034375 0.0578125
0 0.35625 0.41640625 0.03125 0.065625
0 0.57421875 0.4078125 0.0390625 0.053125
0 0.7453125 0.3984375 0.0453125 0.08125
0 0.92109375 0.39453125 0.040625 0.08125
0 0.8421875 0.40078125 0.040625 0.0765625
0 0.28515625 0.43671875 0.0359375 0.0671875
0 0.10078125 0.4515625 0.040625 0.071875
0 0.2171875 0.459375 0.03125 0.05625
0 0.16640625 0.4640625 0.021875 0.065625
0 0.4671875 0.4578125 0.0359375 0.0671875
0 0.18828125 0.4796875 0.040625 0.08125
0 0.25546875 0.47578125 0.040625 0.0765625
0 0.57265625 0.46171875 0.0359375 0.0765625
0 0.971875 0.440625 0.0453125 0.0859375
0 0.34296875 0.47578125 0.0453125 0.071875
0 0.61640625 0.46328125 0.046875 0.0953125
0 0.28359375 0.4921875 0.040625 0.071875
0 0.75859375 0.475 0.0359375 0.0765625
0 0.39375 0.49609375 0.05 0.0671875
0 0.8046875 0.4796875 0.040625 0.0671875
0 0.1046875 0.5328125 0.05 0.090625
0 0.47421875 0.0515625 0.034375 0.0578125
0 0.5 0.05 0.0203125 0.0421875
0 0.84375 0.034375 0.0390625 0.0625
0 0.4484375 0.53125 0.040625 0.071875
0 0.85078125 0.5140625 0.05 0.0765625
0 0.67734375 0.52734375 0.040625 0.071875
0 0.7375 0.52421875 0.0453125 0.090625
0 0.41875 0.54375 0.05 0.0765625
0 0.259375 0.55625 0.0453125 0.08125
0 0.58359375 0.54375 0.05 0.0765625
0 0.171875 0.57265625 0.0453125 0.090625
0 0.203125 0.57578125 0.0515625 0.0953125
0 0.57578125 0.05546875 0.04375 0.053125
0 0.6609375 0.5953125 0.0453125 0.090625
0 0.475 0.63125 0.040625 0.090625
0 0.41875 0.634375 0.0515625 0.103125
0 0.8765625 0.646875 0.05 0.0859375
0 0.23984375 0.71796875 0.059375 0.0859375
0 0.53046875 0.71640625 0.0609375 0.1046875
0 0.05625 0.75703125 0.059375 0.090625
0 0.9390625 0.7390625 0.05 0.08125
0 0.7484375 0.065625 0.0296875 0.0375
0 0.03125 0.79140625 0.0375 0.103125
0 0.209375 0.784375 0.05625 0.109375
0 0.60546875 0.775 0.0703125 0.1046875
0 0.265625 0.80390625 0.05 0.090625
0 0.1578125 0.8234375 0.0765625 0.128125
0 0.69296875 0.8171875 0.0734375 0.0921875
0 0.64453125 0.07578125 0.03125 0.0515625
0 0.70703125 0.07421875 0.03125 0.046875
0 0.8640625 0.82578125 0.05625 0.109375
0 0.58828125 0.859375 0.0609375 0.0953125
0 0.3703125 0.09453125 0.034375 0.0484375
0 0.0734375 0.90234375 0.05 0.090625
0 0.43203125 0.88828125 0.03125 0.0703125
0 0.24765625 0.90546875 0.0609375 0.109375
0 0.04921875 0.915625 0.0578125 0.1375
0 0.68203125 0.884375 0.075 0.1140625
0 0.47265625 0.90078125 0.0640625 0.0859375
0 0.98359375 0.88046875 0.0328125 0.1359375
0 0.9234375 0.88359375 0.0625 0.1328125
0 0.2109375 0.9484375 0.0546875 0.0671875
0 0.84609375 0.07578125 0.034375 0.04375
0 0.17578125 0.1109375 0.034375 0.053125
0 0.8171875 0.940625 0.06875 0.0828125
0 0.44921875 0.9625 0.0640625 0.075
0 0.3546875 0.96953125 0.05 0.0609375
0 0.5171875 0.965625 0.0546875 0.0671875
0 0.5921875 0.0984375 0.0390625 0.0578125
0 0.553125 0.103125 0.03125 0.065625
0 0.6640625 0.096875 0.0203125 0.0421875
0 0.53046875 0.1109375 0.03125 0.0515625
0 0.23515625 0.12890625 0.0390625 0.0578125
0 0.13125 0.134375 0.0296875 0.0421875
0 0.91015625 0.0984375 0.040625 0.0671875
0 0.1890625 0.140625 0.034375 0.0578125
0 0.62421875 0.12265625 0.03125 0.0515625
0 0.47421875 0.13515625 0.040625 0.0671875
0 0.73046875 0.01015625 0.0296875 0.0203125
0 0.67578125 0.134375 0.034375 0.053125
0 0.2875 0.1640625 0.03125 0.05625
0 0.146875 0.175 0.034375 0.0625
0 0.23046875 0.1734375 0.04375 0.0578125
0 0.39921875 0.1734375 0.040625 0.0671875
0 0.72578125 0.1703125 0.04375 0.053125
0 0.52734375 0.18359375 0.040625 0.08125
0 0.62265625 0.178125 0.03125 0.065625
0 0.18046875 0.2015625 0.0453125 0.08125
0 0.44921875 0.18984375 0.034375 0.053125
0 0.43359375 0.20703125 0.0359375 0.0671875
0 0.6859375 0.203125 0.0390625 0.0625
0 0.1390625 0.23828125 0.034375 0.0625
0 0.33046875 0.23046875 0.03125 0.065625
0 0.3890625 0.2390625 0.0265625 0.0609375
0 0.2625 0.259375 0.040625 0.0671875
0 0.57734375 0.24765625 0.040625 0.0765625
0 0.35546875 0.26640625 0.040625 0.0671875
0 0.48125 0.26953125 0.03125 0.05625
0 0.21953125 0.2875 0.040625 0.0671875
0 0.31484375 0.2828125 0.034375 0.053125
0 0.5203125 0.27421875 0.040625 0.0765625
0 0.08828125 0.303125 0.05 0.08125
0 0.4421875 0.284375 0.040625 0.08125
0 0.86640625 0.2859375 0.0359375 0.071875
0 0.4734375 0.31328125 0.0390625 0.0578125
0 0.2890625 0.32578125 0.0421875 0.0953125
0 0.33984375 0.325 0.040625 0.0765625
0 0.6109375 0.3109375 0.05 0.08125
0 0.709375 0.32734375 0.040625 0.0765625