0 0.209375 0.1328125 0.0390625 0.0578125
0 0.96640625 0.1140625 0.03125 0.05625
0 0.925 0.11875 0.0390625 0.053125
0 0.490625 0.14609375 0.0390625 0.0578125
0 0.28046875 0.1640625 0.034375 0.0484375
0 0.003125 0.18125 0.00625 0.0375
0 0.10078125 0.17734375 0.03125 0.0515625
0 0.8515625 0.13828125 0.034375 0.0578125
0 0.7640625 0.15234375 0.040625 0.0671875
0 0.72109375 0.16171875 0.040625 0.0671875
0 0.01171875 0.2 0.0234375 0.053125
0 0.58203125 0.17578125 0.0390625 0.0625
0 0.68515625 0.17734375 0.0390625 0.0625
0 0.33515625 0.1953125 0.034375 0.053125
0 0.20625 0.20703125 0.0296875 0.0421875
0 0.52265625 0.190625 0.0453125 0.0671875
0 0.96953125 0.1765625 0.021875 0.0609375
0 0.64140625 0.19375 0.04375 0.0625
0 0.29296875 0.21640625 0.0390625 0.0578125
0 0.9359375 0.18984375 0.0453125 0.071875
0 0.1796875 0.23203125 0.040625 0.0671875
0 0.04609375 0.24140625 0.040625 0.0671875
0 0.8671875 0.209375 0.034375 0.053125
0 0.13671875 0.24765625 0.034375 0.0484375
0 0.596875 0.22578125 0.034375 0.0484375
0 0.19765625 0.25625 0.034375 0.0578125
0 0.83984375 0.22265625 0.034375 0.0578125
0 0.48671875 0.24296875 0.04375 0.053125
0 0.4078125 0.25 0.0390625 0.04375
0 0.34609375 0.2578125 0.034375 0.0578125
0 0.80859375 0.23359375 0.034375 0.0578125
0 0.3046875 0.271875 0.03125 0.0515625
0 0.746875 0.253125 0.0390625 0.053125
0 0.6265625 0.26171875 0.04375 0.0578125
0 0.4578125 0.27265625 0.034375 0.053125
0 0.87890625 0.253125 0.03125 0.05625
0 0.21953125 0.28984375 0.0390625 0.0578125
0 0.90625 0.25625 0.034375 0.0578125
0 0.7125 0.2703125 0.0390625 0.053125
0 0.10234375 0.3046875 0.034375 0.0578125
0 0.5703125 0.28515625 0.0390625 0.0484375
0 0.14296875 0.31015625 0.034375 0.0578125
0 0.9453125 0.27265625 0.0390625 0.0484375
0 0.5546875 0.3 0.034375 0.053125
0 0.025 0.3375 0.0390625 0.053125
0 0.3515625 0.33203125 0.0390625 0.034375
0 0.84921875 0.30546875 0.04375 0.0484375
0 0.19765625 0.3421875 0.04375 0.0390625
0 0.7359375 0.31640625 0.040625 0.071875
0 0.6328125 0.3265625 0.0390625 0.04375
0 0.57734375 0.3390625 0.0484375 0.053125
0 0.92890625 0.32890625 0.04375 0.0578125
0 0.42734375 0.36015625 0.0390625 0.04375
0 0.540625 0.35625 0.03125 0.0515625
0 0.35625 0.36796875 0.0390625 0.0484375
0 0.24296875 0.37421875 0.053125 0.053125
0 0.00859375 0.38671875 0.0171875 0.0328125
0 0.20234375 0.38125 0.034375 0.053125
0 0.83046875 0.3484375 0.04375 0.0578125
0 0.13828125 0.403125 0.0390625 0.0484375
0 0.06171875 0.40703125 0.0390625 0.0484375
0 0.46328125 0.3859375 0.04375 0.0625
0 0.4109375 0.39375 0.04375 0.053125
0 0.11796875 0.425 0.0390625 0.0578125
0 0.95078125 0.38203125 0.034375 0.053125
0 0.7171875 0.40703125 0.0390625 0.0578125
0 0.66171875 0.4125 0.04375 0.0625
0 0.2203125 0.43828125 0.04375 0.0578125
0 0.575 0.421875 0.04375 0.0625
0 0.76015625 0.41640625 0.040625 0.0671875
0 0.29296875 0.44609375 0.04375 0.053125
0 0.92421875 0.41484375 0.0390625 0.0625
0 0.80625 0.4234375 0.034375 0.0484375
0 0.98203125 0.41953125 0.0328125 0.0796875
0 0.55078125 0.446875 0.034375 0.053125
0 0.42109375 0.45546875 0.0390625 0.0578125
0 0.50703125 0.45546875 0.0390625 0.0578125
0 0.18359375 0.4796875 0.0390625 0.0625
0 0.8359375 0.44765625 0.04375 0.053125
0 0.3109375 0.48203125 0.0390625 0.0578125
0 0.10078125 0.4953125 0.03125 0.0515625
0 0.72109375 0.471875 0.0453125 0.0671875
0 0.5984375 0.48046875 0.040625 0.071875
0 0.06953125 0.515625 0.034375 0.0625
0 0.93984375 0.48671875 0.040625 0.071875
0 0.8390625 0.5078125 0.04375 0.0578125
0 0.08828125 0.55234375 0.040625 0.0671875
0 0.1921875 0.5578125 0.0265625 0.065625
0 0.115625 0.56171875 0.0453125 0.0671875
0 0.215625 0.55859375 0.0453125 0.0671875
0 0.3453125 0.58984375 0.040625 0.0671875
0 0.6359375 0.57421875 0.05 0.0765625
0 0.75234375 0.5859375 0.04375 0.0625
0 0.9703125 0.575 0.05 0.071875
0 0.03671875 0.63515625 0.053125 0.0484375
0 0.53203125 0.61875 0.0453125 0.0671875
0 0.21171875 0.66171875 0.0453125 0.071875
0 0.85625 0.6296875 0.0453125 0.0671875
0 0.13125 0.67265625 0.034375 0.0625
0 0.02734375 0.68203125 0.040625 0.08125
0 0.3 0.6703125 0.04375 0.0484375
0 0.90078125 0.66875 0.0546875 0.071875
0 0.46171875 0.69453125 0.0390625 0.04375
0 0.646875 0.68671875 0.0546875 0.0765625
0 0.41171875 0.70390625 0.0390625 0.0578125
0 0.31640625 0.71171875 0.0484375 0.0625
0 0.16484375 0.7265625 0.05 0.0765625
0 0.73515625 0.70625 0.05 0.0765625
0 0.109375 0.7453125 0.0484375 0.0578125
0 0.4640625 0.74296875 0.05 0.0671875
0 0.83984375 0.746875 0.0546875 0.0671875
0 0.68828125 0.77734375 0.05 0.0671875