0 0.92265625 0.29140625 0.0109375 0.015625
0 0.403125 0.35546875 0.0046875 0.0046875
0 0.3875 0.359375 0.00625 0.009375
0 0.72734375 0.31796875 0.0109375 0.015625
0 0.371875 0.3640625 0.0109375 0.0109375
0 0.44765625 0.3546875 0.0109375 0.0109375
0 0.9640625 0.29140625 0.015625 0.0203125
0 0.3828125 0.3625 0.0109375 0.015625
0 0.7203125 0.32109375 0.00625 0.009375
0 0.89921875 0.29921875 0.0109375 0.015625
0 0.58671875 0.3375 0.0109375 0.015625
0 0.2171875 0.38515625 0.0109375 0.015625
0 0.353125 0.36875 0.0109375 0.015625
0 0.29609375 0.378125 0.0109375 0.015625
0 0.31015625 0.378125 0.0109375 0.015625
0 0.690625 0.34140625 0.0109375 0.0109375
0 0.62421875 0.3515625 0.0109375 0.015625
0 0.334375 0.3875 0.009375 0.00625
0 0.46328125 0.371875 0.0109375 0.015625
0 0.52734375 0.365625 0.0046875 0.0046875
0 0.65625 0.35 0.0046875 0.0046875
0 0.78046875 0.33515625 0.009375 0.00625
0 0.6703125 0.3484375 0.0046875 0.0046875
0 0.74140625 0.33984375 0.00625 0.009375
0 0.68203125 0.346875 0.015625 0.0109375
0 0.321875 0.39375 0.0109375 0.0109375
0 0.39921875 0.384375 0.0109375 0.0109375
0 0.59921875 0.359375 0.0109375 0.015625
0 0.6984375 0.34765625 0.0046875 0.0046875
0 0.7625 0.3390625 0.0109375 0.0109375
0 0.26875 0.40234375 0.0109375 0.015625
0 0.09609375 0.4234375 0.0109375 0.015625
0 0.11484375 0.42109375 0.0109375 0.0109375
0 0.12421875 0.4203125 0.00625 0.009375
0 0.60859375 0.3609375 0.0109375 0.015625
0 0.771875 0.340625 0.0109375 0.0109375
0 0.840625 0.33203125 0.0109375 0.0109375
0 0.89375 0.32578125 0.0109375 0.0109375
0 0.1953125 0.41171875 0.00625 0.0140625
0 0.44609375 0.38046875 0.0109375 0.015625
0 0.5078125 0.3734375 0.015625 0.0203125
0 0.04375 0.43046875 0.0109375 0.015625
0 0.5609375 0.36640625 0.0109375 0.015625
0 0.0734375 0.4265625 0.0109375 0.015625
0 0.5375 0.371875 0.0109375 0.015625
0 0.1703125 0.4171875 0.0109375 0.015625
0 0.453125 0.38203125 0.0109375 0.015625
0 0.47578125 0.3796875 0.015625 0.015625
0 0.7515625 0.3453125 0.00625 0.0140625
0 0.9578125 0.3203125 0.0109375 0.0109375
0 0.10625 0.425 0.0109375 0.0109375
0 0.184375 0.4171875 0.00625 0.0140625
0 0.28984375 0.4046875 0.0109375 0.015625
0 0.35234375 0.396875 0.0109375 0.015625
0 0.46875 0.3828125 0.0109375 0.015625
0 0.64140625 0.36171875 0.0109375 0.015625
0 0.409375 0.38984375 0.0109375 0.015625
0 0.43515625 0.38671875 0.0109375 0.0109375
0 0.86484375 0.334375 0.0109375 0.015625
0 0.65546875 0.359375 0.015625 0.015625
0 0.7015625 0.35390625 0.0109375 0.0203125
0 0.7125 0.35234375 0.015625 0.015625
0 0.38984375 0.39453125 0.0109375 0.015625
0 0.66484375 0.3609375 0.0109375 0.015625
0 0.0171875 0.440625 0.0109375 0.015625
0 0.26328125 0.4125 0.0109375 0.015625
0 0.36875 0.4 0.015625 0.015625
0 0.58671875 0.37265625 0.015625 0.0203125
0 0.81015625 0.3453125 0.0109375 0.015625
0 0.421875 0.39296875 0.0171875 0.025
0 0.934375 0.33046875 0.0109375 0.015625
0 0.49765625 0.38359375 0.015625 0.015625
0 0.525 0.38046875 0.021875 0.025
0 0.25234375 0.41640625 0.0171875 0.025
0 0.38046875 0.40078125 0.015625 0.0203125
0 0.690625 0.3625 0.0109375 0.015625
0 0.821875 0.34609375 0.0171875 0.025
0 0.675 0.3640625 0.00625 0.009375
0 0.06171875 0.4421875 0.0109375 0.015625
0 0.84921875 0.3453125 0.021875 0.025
0 0.309375 0.41171875 0.0109375 0.015625
0 0.51640625 0.3859375 0.015625 0.015625
0 0.875 0.3421875 0.0171875 0.025
0 0.9140625 0.3375 0.0171875 0.025
0 0.56953125 0.38203125 0.00625 0.0140625
0 0.7875 0.35546875 0.015625 0.0203125
0 0.8015625 0.35390625 0.0109375 0.015625
0 0.44609375 0.39921875 0.0109375 0.015625
0 0.946875 0.33828125 0.0109375 0.015625
0 0.13125 0.43828125 0.015625 0.0203125
0 0.140625 0.43671875 0.015625 0.0203125
0 0.0046875 0.453125 0.009375 0.015625
0 0.1515625 0.4359375 0.0109375 0.015625
0 0.3421875 0.4125 0.0171875 0.025
0 0.434375 0.40078125 0.0109375 0.0203125
0 0.4890625 0.39453125 0.0109375 0.0203125
0 0.1171875 0.4421875 0.0125 0.025
0 0.68984375 0.371875 0.0203125 0.0203125
0 0.08984375 0.44609375 0.015625 0.0203125
0 0.1015625 0.44453125 0.0171875 0.025
0 0.40703125 0.40703125 0.0171875 0.025
0 0.3515625 0.41328125 0.015625 0.015625
0 0.0046875 0.459375 0.009375 0.025
0 0.24921875 0.43046875 0.015625 0.0203125
0 0.4671875 0.40390625 0.0109375 0.015625
0 0.5359375 0.3953125 0.015625 0.0203125
0 0.58046875 0.38984375 0.0171875 0.025
0 0.046875 0.45546875 0.028125 0.0390625
0 0.7453125 0.36953125 0.0171875 0.025
0 0.97265625 0.3421875 0.0171875 0.025
0 0.9796875 0.34140625 0.0125 0.0296875
0 0.08515625 0.45078125 0.0171875 0.025
0 0.61953125 0.3875 0.021875 0.025
0 0.7296875 0.37421875 0.0265625 0.034375
0 0.31640625 0.425 0.015625 0.015625
0 0.028125 0.46015625 0.0171875 0.0296875
0 0.64296875 0.3875 0.0234375 0.0390625
0 0.77734375 0.3703125 0.0171875 0.025
0 0.28125 0.43125 0.0171875 0.025
0 0.22890625 0.43984375 0.0171875 0.025
0 0.38359375 0.42265625 0.0171875 0.025
0 0.396875 0.42109375 0.021875 0.025
0 0.42890625 0.4171875 0.0171875 0.025
0 0.55078125 0.40234375 0.021875 0.025
0 0.015625 0.46796875 0.021875 0.025
0 0.50546875 0.4078125 0.021875 0.0296875
0 0.6609375 0.3890625 0.0171875 0.025
0 0.48671875 0.4125 0.0171875 0.025
0 0.87109375 0.365625 0.0265625 0.03125
0 0.51953125 0.4109375 0.021875 0.025
0 0.91640625 0.3625 0.0265625 0.0265625
0 0.47578125 0.41875 0.0171875 0.025
0 0.81640625 0.3765625 0.0234375 0.0390625
0 0.22109375 0.45234375 0.0234375 0.04375
0 0.67890625 0.3984375 0.03125 0.0265625
0 0.80078125 0.3859375 0.028125 0.0390625
0 0.00234375 0.4859375 0.0046875 0.025
0 0.31875 0.44765625 0.0171875 0.0328125
0 0.70703125 0.4 0.021875 0.0296875
0 0.725 0.39765625 0.028125 0.04375
0 0.3625 0.44453125 0.028125 0.0390625
0 0.5765625 0.4203125 0.0328125 0.04375
0 0.63671875 0.415625 0.021875 0.0296875
0 0.87109375 0.38671875 0.0328125 0.040625
0 0.7609375 0.40234375 0.0328125 0.0484375
0 0.44140625 0.4421875 0.021875 0.025
0 0.6078125 0.4265625 0.0234375 0.0390625
0 0.4625 0.44375 0.021875 0.025
0 0.1828125 0.48046875 0.028125 0.04375
0 0.3328125 0.4625 0.028125 0.04375
0 0.02734375 0.50234375 0.028125 0.0390625
0 0.284375 0.47265625 0.0328125 0.0484375
0 0.93984375 0.39453125 0.0265625 0.034375
0 0.25703125 0.47890625 0.0328125 0.040625
0 0.3859375 0.4625 0.028125 0.0484375
0 0.54453125 0.44375 0.028125 0.04375
0 0.97890625 0.3921875 0.021875 0.0703125
0 0.903125 0.40390625 0.0421875 0.0453125
0 0.75234375 0.425 0.0328125 0.04375
0 0.50234375 0.46015625 0.0359375 0.0625
0 0.16171875 0.5046875 0.0375 0.0546875
0 0.875 0.41953125 0.028125 0.04375
0 0.40859375 0.47890625 0.0328125 0.0484375
0 0.659375 0.4546875 0.0390625 0.059375
0 0.13515625 0.52578125 0.0375 0.0546875
0 0.31875 0.50546875 0.028125 0.0390625
0 0.43125 0.49453125 0.0359375 0.0625
0 0.78984375 0.45234375 0.0390625 0.059375
0 0.25546875 0.5203125 0.0375 0.05
0 0.6390625 0.4734375 0.0484375 0.06875
0 0.70625 0.465625 0.0453125 0.0734375
0 0.528125 0.496875 0.04375 0.0640625
0 0.5734375 0.490625 0.0484375 0.06875
0 0.475 0.50546875 0.0453125 0.078125
0 0.93359375 0.45859375 0.071875 0.071875
0 0.1046875 0.56953125 0.0515625 0.05625
0 0.225 0.56015625 0.059375 0.0796875
0 0.36796875 0.54453125 0.0625 0.0625
0 0.30859375 0.55546875 0.0375 0.05
0 0.715625 0.56484375 0.065625 0.0984375
0 0.796875 0.60390625 0.0890625 0.128125
0 0.059375 0.696875 0.065625 0.0984375
0 0.5859375 0.63203125 0.0796875 0.13125
0 0.965625 0.5890625 0.06875 0.15625
0 0.39921875 0.66640625 0.0703125 0.1265625
0 0.1359375 0.7078125 0.08125 0.1140625
0 0.9109375 0.92265625 0.1453125 0.071875