0 0.14765625 0.06484375 0.015625 0.015625
0 0.13828125 0.06640625 0.015625 0.0203125
0 0.428125 0.096875 0.015625 0.0203125
0 0.2140625 0.07421875 0.015625 0.0203125
0 0.23515625 0.0765625 0.0109375 0.015625
0 0.1015625 0.0625 0.0171875 0.025
0 0.79453125 0.1375 0.0171875 0.0296875
0 0.053125 0.059375 0.021875 0.0296875
0 0.25546875 0.0828125 0.0109375 0.0109375
0 0.19921875 0.07734375 0.0109375 0.015625
0 0.24375 0.08203125 0.0109375 0.015625
0 0.11953125 0.07109375 0.0109375 0.0109375
0 0.171875 0.0765625 0.0109375 0.015625
0 0.64375 0.1265625 0.015625 0.015625
0 0.153125 0.0796875 0.015625 0.0203125
0 0.1859375 0.0828125 0.015625 0.0203125
0 0.0953125 0.078125 0.021875 0.025
0 0.8546875 0.1578125 0.015625 0.015625
0 0.9765625 0.17265625 0.0203125 0.0203125
0 0.83828125 0.1609375 0.015625 0.0203125
0 0.81328125 0.16015625 0.0109375 0.0203125
0 0.82421875 0.16171875 0.015625 0.0203125
0 0.603125 0.13828125 0.0109375 0.015625
0 0.6421875 0.14453125 0.015625 0.015625
0 0.734375 0.1546875 0.021875 0.025
0 0.85078125 0.171875 0.0109375 0.015625
0 0.8765625 0.17421875 0.015625 0.0203125
0 0.5328125 0.14296875 0.0109375 0.0203125
0 0.89375 0.18046875 0.0171875 0.0328125
0 0.4984375 0.1390625 0.009375 0.00625
0 0.52578125 0.1421875 0.021875 0.034375
0 0.49140625 0.140625 0.009375 0.00625
0 0.3765625 0.12890625 0.015625 0.0109375
0 0.65703125 0.1609375 0.015625 0.0203125
0 0.94140625 0.190625 0.021875 0.0296875
0 0.98125 0.19453125 0.0265625 0.034375
0 0.45625 0.13984375 0.0109375 0.0203125
0 0.42890625 0.13671875 0.0109375 0.0109375
0 0.56875 0.1515625 0.0109375 0.0203125
0 0.4078125 0.13671875 0.0109375 0.0109375
0 0.46328125 0.14296875 0.0109375 0.015625
0 0.4703125 0.14296875 0.0109375 0.0109375
0 0.50859375 0.14765625 0.0171875 0.0296875
0 0.55546875 0.15234375 0.0171875 0.025
0 0.27890625 0.12578125 0.015625 0.0203125
0 0.58203125 0.1578125 0.015625 0.0203125
0 0.44609375 0.14296875 0.0109375 0.0203125
0 0.8421875 0.1875 0.025 0.025
0 0.74140625 0.1765625 0.021875 0.025
0 0.9234375 0.1953125 0.0234375 0.04375
0 0.25703125 0.128125 0.0171875 0.025
0 0.86796875 0.1921875 0.021875 0.034375
0 0.60078125 0.1640625 0.021875 0.0296875
0 0.70625 0.175 0.0265625 0.0296875
0 0.54296875 0.1578125 0.0265625 0.034375
0 0.3796875 0.14453125 0.015625 0.0203125
0 0.3328125 0.1421875 0.0171875 0.0296875
0 0.45 0.1546875 0.0171875 0.025
0 0.6359375 0.1765625 0.0265625 0.0296875
0 0.475 0.159375 0.015625 0.0203125
0 0.41328125 0.153125 0.015625 0.0203125
0 0.39453125 0.15078125 0.015625 0.015625
0 0.48671875 0.16328125 0.0203125 0.0203125
0 0.34609375 0.15078125 0.0171875 0.025
0 0.9578125 0.2171875 0.0265625 0.0390625
0 0.12734375 0.13046875 0.015625 0.0109375
0 0.05546875 0.12265625 0.015625 0.0203125
0 0.2421875 0.1421875 0.0203125 0.0203125
0 0.38203125 0.159375 0.0109375 0.0109375
0 0.30859375 0.1515625 0.0171875 0.025
0 0.35703125 0.15625 0.021875 0.025
0 0.1609375 0.1359375 0.015625 0.0203125
0 0.42578125 0.16640625 0.0203125 0.0203125
0 0.10546875 0.1375 0.021875 0.025
0 0.0890625 0.13515625 0.0203125 0.015625
0 0.5953125 0.19140625 0.0171875 0.025
0 0.0453125 0.1359375 0.015625 0.0203125
0 0.57890625 0.19140625 0.021875 0.034375
0 0.75859375 0.2109375 0.03125 0.03125
0 0.8484375 0.22265625 0.0359375 0.040625
0 0.0671875 0.140625 0.015625 0.0203125
0 0.60859375 0.19921875 0.021875 0.034375
0 0.23515625 0.1625 0.0265625 0.0296875
0 0.69296875 0.2109375 0.03125 0.034375
0 0.3984375 0.1796875 0.0265625 0.0296875
0 0.4671875 0.1890625 0.0265625 0.034375
0 0.13125 0.15390625 0.025 0.025
0 0.3734375 0.18203125 0.0265625 0.034375
0 0.175 0.1609375 0.0171875 0.0328125
0 0.54765625 0.2 0.0359375 0.04375
0 0.059375 0.15390625 0.0171875 0.025
0 0.33984375 0.1828125 0.025 0.0171875
0 0.24609375 0.17578125 0.0203125 0.0203125
0 0.51640625 0.20625 0.0328125 0.053125
0 0.41796875 0.1984375 0.03125 0.034375
0 0.7125 0.2296875 0.028125 0.04375
0 0.30546875 0.18671875 0.015625 0.0203125
0 0.1890625 0.1765625 0.0328125 0.0484375
0 0.95625 0.25703125 0.0265625 0.034375
0 0.0921875 0.16875 0.0359375 0.0359375
0 0.99453125 0.26875 0.0109375 0.034375
0 0.4765625 0.215625 0.0328125 0.04375
0 0.75703125 0.2453125 0.0265625 0.0390625
0 0.4046875 0.2078125 0.0265625 0.0390625
0 0.63046875 0.23203125 0.0359375 0.040625
0 0.80859375 0.25 0.0328125 0.053125
0 0.065625 0.175 0.021875 0.025
0 0.12421875 0.18046875 0.03125 0.0390625
0 0.59296875 0.23984375 0.0328125 0.053125
0 0.23359375 0.2015625 0.03125 0.0390625
0 0.31328125 0.2125 0.040625 0.040625
0 0.8453125 0.26875 0.046875 0.0546875
0 0.2578125 0.2140625 0.0328125 0.04375
0 0.9875 0.3 0.025 0.05
0 0.28671875 0.22890625 0.025 0.025
0 0.609375 0.2625 0.0328125 0.053125
0 0.36953125 0.23984375 0.0359375 0.0359375
0 0.665625 0.27578125 0.0375 0.0578125
0 0.44375 0.25703125 0.0421875 0.059375
0 0.15625 0.23125 0.0375 0.053125
0 0.48046875 0.26796875 0.0421875 0.0546875
0 0.534375 0.284375 0.046875 0.0546875
0 0.11953125 0.240625 0.046875 0.0546875
0 0.24609375 0.25625 0.028125 0.0484375
0 0.69453125 0.3109375 0.0625 0.075
0 0.26875 0.2875 0.0578125 0.0703125
0 0.9203125 0.3578125 0.059375 0.084375
0 0.97265625 0.37265625 0.0546875 0.1015625
0 0.03828125 0.2890625 0.0453125 0.0828125
0 0.7953125 0.37109375 0.0734375 0.0859375
0 0.33046875 0.321875 0.0578125 0.075
0 0.5234375 0.34453125 0.0578125 0.075
0 0.06328125 0.3328125 0.0546875 0.0875
0 0.13359375 0.3796875 0.0609375 0.1015625
0 0.515625 0.44375 0.084375 0.1046875
0 0.94140625 0.08984375 0.015625 0.0203125
0 0.66640625 0.4828125 0.0859375 0.11875
0 0.9015625 0.090625 0.0109375 0.0203125
0 0.63671875 0.0625 0.0109375 0.015625
0 0.2390625 0.4984375 0.096875 0.1328125
0 0.9859375 0.10859375 0.0109375 0.015625
0 0.971875 0.10703125 0.0171875 0.025
0 0.93046875 0.10546875 0.0171875 0.025
0 0.7828125 0.08984375 0.0265625 0.034375
0 0.875 0.1015625 0.0109375 0.015625
0 0.91640625 0.10625 0.015625 0.0203125
0 0.884375 0.10546875 0.0109375 0.0109375
0 0.77265625 0.69140625 0.115625 0.1484375
0 0.84140625 0.10546875 0.0109375 0.015625
0 0.6875 0.0890625 0.0171875 0.025
0 0.2140625 0.690625 0.13125 0.16875
0 0.85546875 0.10703125 0.015625 0.0203125
0 0.6734375 0.08984375 0.0109375 0.015625
0 0.52109375 0.0765625 0.0046875 0.0046875
0 0.75390625 0.10078125 0.0109375 0.0203125
0 0.7234375 0.1 0.015625 0.0203125
0 0.7625 0.10390625 0.0109375 0.0109375
0 0.82890625 0.11328125 0.0109375 0.015625
0 0.6515625 0.09453125 0.00625 0.0140625
0 0.7140625 0.1015625 0.0109375 0.015625
0 0.6359375 0.0953125 0.0109375 0.015625
0 0.78984375 0.11171875 0.0171875 0.025
0 0.80390625 0.11328125 0.00625 0.0140625
0 0.8125 0.11640625 0.015625 0.0203125
0 0.46015625 0.0796875 0.0109375 0.015625
0 0.559375 0.08984375 0.00625 0.0140625
0 0.4234375 0.07578125 0.015625 0.015625
0 0.50625 0.08671875 0.0109375 0.0109375
0 0.59609375 0.09609375 0.0125 0.025
0 0.61015625 0.09765625 0.0109375 0.0203125
0 0.7296875 0.11015625 0.015625 0.0203125
0 0.55234375 0.09140625 0.00625 0.009375
0 0.45 0.0828125 0.0109375 0.015625
0 0.49453125 0.0875 0.0203125 0.0203125
0 0.5265625 0.09140625 0.015625 0.0109375
0 0.6625 0.10546875 0.0109375 0.0203125
0 0.346875 0.075 0.015625 0.015625
0 0.6234375 0.10390625 0.0109375 0.015625
0 0.3421875 0.07421875 0.0109375 0.015625
0 0.43671875 0.084375 0.015625 0.0203125
0 0.565625 0.09765625 0.0109375 0.015625
0 0.3953125 0.0796875 0.0171875 0.025
0 0.2453125 0.065625 0.0109375 0.015625
0 0.51171875 0.09375 0.00625 0.0140625
0 0.58125 0.10078125 0.0109375 0.0203125
0 0.57421875 0.10234375 0.0109375 0.0203125
0 0.3078125 0.07421875 0.015625 0.0203125
0 0.3234375 0.07578125 0.015625 0.015625
0 0.4703125 0.09375 0.0203125 0.0203125
0 0.2859375 0.07421875 0.015625 0.015625
0 0.20078125 0.065625 0.015625 0.0109375
0 0.18984375 0.06640625 0.00625 0.009375
0 0.3671875 0.08515625 0.015625 0.015625
0 0.38046875 0.08671875 0.015625 0.015625
0 0.0703125 0.05390625 0.0171875 0.0296875
0 0.484375 0.09765625 0.0109375 0.015625
0 0.44765625 0.09609375 0.015625 0.015625
0 0.490625 0.10078125 0.00625 0.009375
0 0.16171875 0.06640625 0.0109375 0.015625