0 0.7984375 0.365625 0.0109375 0.015625
0 0.82265625 0.39296875 0.0109375 0.0109375
0 0.7703125 0.41796875 0.015625 0.0203125
0 0.41171875 0.4640625 0.0109375 0.015625
0 0.47578125 0.45625 0.00625 0.0140625
0 0.5203125 0.45546875 0.015625 0.015625
0 0.4421875 0.46796875 0.0109375 0.0203125
0 0.49765625 0.46328125 0.0109375 0.015625
0 0.509375 0.46171875 0.00625 0.0140625
0 0.4265625 0.471875 0.0109375 0.015625
0 0.47734375 0.46796875 0.0109375 0.0203125
0 0.53984375 0.4625 0.015625 0.0203125
0 0.5171875 0.4671875 0.015625 0.0203125
0 0.7140625 0.44296875 0.0109375 0.015625
0 0.5265625 0.46875 0.00625 0.009375
0 0.403125 0.48359375 0.015625 0.0203125
0 0.75625 0.43984375 0.0109375 0.0109375
0 0.69921875 0.446875 0.00625 0.009375
0 0.5015625 0.47421875 0.015625 0.0203125
0 0.54296875 0.47109375 0.0109375 0.015625
0 0.45390625 0.48203125 0.0109375 0.015625
0 0.5546875 0.471875 0.0109375 0.015625
0 0.8171875 0.4421875 0.015625 0.0203125
0 0.7046875 0.45625 0.0109375 0.0109375
0 0.603125 0.47109375 0.0109375 0.0109375
0 0.69375 0.459375 0.0109375 0.015625
0 0.75546875 0.45234375 0.00625 0.0140625
0 0.7625 0.45390625 0.015625 0.015625
0 0.57890625 0.47578125 0.00625 0.009375
0 0.59453125 0.47421875 0.0109375 0.015625
0 0.67265625 0.46484375 0.0109375 0.015625
0 0.7375 0.45703125 0.015625 0.0203125
0 0.6984375 0.4640625 0.0109375 0.0203125
0 0.8390625 0.446875 0.0109375 0.015625
0 0.60859375 0.475 0.0109375 0.0109375
0 0.615625 0.47421875 0.0109375 0.0109375
0 0.68203125 0.465625 0.0109375 0.015625
0 0.80859375 0.45 0.0109375 0.015625
0 0.62734375 0.475 0.0109375 0.015625
0 0.77265625 0.45703125 0.0109375 0.0203125
0 0.2671875 0.51953125 0.0046875 0.0046875
0 0.27890625 0.51796875 0.00625 0.009375
0 0.62265625 0.47578125 0.0109375 0.015625
0 0.75390625 0.459375 0.00625 0.009375
0 0.59296875 0.48125 0.0046875 0.0046875
0 0.271875 0.52109375 0.00625 0.009375
0 0.65703125 0.4734375 0.0109375 0.0109375
0 0.73359375 0.4640625 0.015625 0.015625
0 0.58203125 0.4828125 0.00625 0.009375
0 0.790625 0.45703125 0.0109375 0.0203125
0 0.98359375 0.43359375 0.015625 0.015625
0 0.6421875 0.47578125 0.0109375 0.0109375
0 0.71328125 0.46640625 0.0109375 0.015625
0 0.721875 0.46796875 0.0109375 0.015625
0 0.7796875 0.4609375 0.0109375 0.015625
0 0.28984375 0.52109375 0.00625 0.009375
0 0.69453125 0.47109375 0.0109375 0.015625
0 0.6078125 0.484375 0.0109375 0.0109375
0 0.2859375 0.52421875 0.00625 0.0140625
0 0.671875 0.4765625 0.0109375 0.015625
0 0.6515625 0.47890625 0.0109375 0.0109375
0 0.32734375 0.51875 0.0109375 0.0109375
0 0.6625 0.47734375 0.0109375 0.0109375
0 0.88828125 0.45234375 0.0109375 0.015625
0 0.82890625 0.459375 0.015625 0.0203125
0 0.67890625 0.478125 0.0109375 0.0109375
0 0.61484375 0.4859375 0.009375 0.00625
0 0.7484375 0.46953125 0.00625 0.0140625
0 0.278125 0.5296875 0.0109375 0.0109375
0 0.90625 0.45234375 0.015625 0.015625
0 0.5625 0.49453125 0.0109375 0.015625
0 0.30234375 0.5265625 0.00625 0.009375
0 0.309375 0.52578125 0.0109375 0.0109375
0 0.31640625 0.525 0.0046875 0.0046875
0 0.91796875 0.45078125 0.0109375 0.015625
0 0.32109375 0.5265625 0.00625 0.009375
0 0.74140625 0.475 0.0109375 0.015625
0 0.95078125 0.44921875 0.015625 0.0203125
0 0.57421875 0.4953125 0.015625 0.0203125
0 0.26640625 0.53359375 0.00625 0.009375
0 0.18359375 0.54375 0.0109375 0.0109375
0 0.32578125 0.52578125 0.0109375 0.0109375
0 0.63359375 0.48828125 0.0109375 0.015625
0 0.8796875 0.4578125 0.0109375 0.015625
0 0.29609375 0.5296875 0.00625 0.009375
0 0.60625 0.49140625 0.0109375 0.015625
0 0.590625 0.49609375 0.015625 0.0203125
0 0.93046875 0.45390625 0.0109375 0.015625
0 0.8015625 0.4703125 0.015625 0.015625
0 0.2296875 0.540625 0.00625 0.0140625
0 0.346875 0.52578125 0.00625 0.0140625
0 0.675 0.4859375 0.0109375 0.0109375
0 0.29140625 0.5328125 0.00625 0.009375
0 0.97421875 0.44921875 0.0203125 0.0203125
0 0.77421875 0.4734375 0.015625 0.0203125
0 0.65546875 0.490625 0.0109375 0.015625
0 0.6640625 0.4890625 0.009375 0.00625
0 0.69453125 0.4859375 0.015625 0.0203125
0 0.23203125 0.5421875 0.0046875 0.0046875
0 0.190625 0.54765625 0.0109375 0.0109375
0 0.72109375 0.48203125 0.0109375 0.015625
0 0.790625 0.4734375 0.0109375 0.015625
0 0.72890625 0.48359375 0.00625 0.0140625
0 0.2390625 0.54375 0.00625 0.009375
0 0.28515625 0.53828125 0.00625 0.009375
0 0.61875 0.496875 0.015625 0.0203125
0 0.68515625 0.4890625 0.0109375 0.015625
0 0.584375 0.5015625 0.00625 0.009375
0 0.7609375 0.4796875 0.015625 0.0203125
0 0.271875 0.53984375 0.0109375 0.015625
0 0.73359375 0.4828125 0.015625 0.015625
0 0.3296875 0.53515625 0.009375 0.00625
0 0.52265625 0.51171875 0.015625 0.015625
0 0.559375 0.50703125 0.0109375 0.015625
0 0.609375 0.50078125 0.0109375 0.0109375
0 0.70859375 0.48828125 0.0109375 0.015625
0 0.2921875 0.53984375 0.015625 0.015625
0 0.19609375 0.5515625 0.0109375 0.0109375
0 0.940625 0.46015625 0.0171875 0.025
0 0.17265625 0.5546875 0.015625 0.0203125
0 0.23515625 0.546875 0.00625 0.009375
0 0.2609375 0.54375 0.0140625 0.00625
0 0.41171875 0.52734375 0.015625 0.0109375
0 0.22578125 0.55 0.0109375 0.0109375
0 0.31796875 0.5390625 0.0109375 0.015625
0 0.60078125 0.50390625 0.0109375 0.015625
0 0.18515625 0.5578125 0.015625 0.015625
0 0.57109375 0.51015625 0.0109375 0.015625
0 0.21328125 0.55390625 0.015625 0.015625
0 0.07265625 0.57109375 0.009375 0.00625
0 0.4015625 0.53125 0.0109375 0.015625
0 0.44453125 0.52578125 0.0109375 0.0109375
0 0.4953125 0.51953125 0.015625 0.0203125
0 0.69765625 0.49453125 0.015625 0.0203125
0 0.79609375 0.4828125 0.015625 0.0203125
0 0.284375 0.5453125 0.0109375 0.0109375
0 0.30234375 0.54296875 0.0109375 0.0109375
0 0.309375 0.5421875 0.0109375 0.0109375
0 0.4609375 0.5234375 0.015625 0.0203125
0 0.33046875 0.53984375 0.009375 0.00625
0 0.11171875 0.56640625 0.0109375 0.0109375
0 0.25859375 0.5484375 0.009375 0.00625
0 0.67421875 0.49765625 0.0109375 0.015625
0 0.74375 0.49140625 0.015625 0.015625
0 0.20390625 0.5578125 0.0109375 0.0109375
0 0.2453125 0.55234375 0.00625 0.0140625
0 0.509375 0.5203125 0.015625 0.0203125
0 0.36484375 0.5375 0.0109375 0.015625
0 0.45234375 0.52734375 0.015625 0.015625
0 0.378125 0.5359375 0.015625 0.015625
0 0.23359375 0.55625 0.00625 0.009375
0 0.23828125 0.55546875 0.00625 0.009375
0 0.4109375 0.534375 0.0140625 0.00625
0 0.46875 0.52734375 0.0109375 0.015625
0 0.42890625 0.53203125 0.0109375 0.0203125
0 0.82265625 0.484375 0.021875 0.034375
0 0.2265625 0.55703125 0.00625 0.009375
0 0.31484375 0.5484375 0.0109375 0.0109375
0 0.35546875 0.54375 0.015625 0.0203125
0 0.4 0.53828125 0.0109375 0.015625
0 0.72109375 0.49921875 0.015625 0.0203125
0 0.33828125 0.54609375 0.0109375 0.0109375
0 0.665625 0.50546875 0.015625 0.0203125
0 0.61328125 0.5140625 0.015625 0.0203125
0 0.63671875 0.51171875 0.015625 0.0203125
0 0.29140625 0.55390625 0.0109375 0.0109375
0 0.07421875 0.58046875 0.0109375 0.0109375
0 0.4390625 0.5359375 0.0109375 0.0203125
0 0.98359375 0.46875 0.021875 0.0296875
0 0.26015625 0.5578125 0.015625 0.0109375
0 0.26953125 0.55703125 0.00625 0.009375
0 0.48515625 0.53046875 0.015625 0.015625
0 0.096875 0.578125 0.0109375 0.0109375
0 0.10546875 0.5765625 0.0109375 0.0109375
0 0.2765625 0.55546875 0.00625 0.009375
0 0.1796875 0.56796875 0.0109375 0.015625
0 0.56796875 0.5203125 0.015625 0.015625
0 0.44609375 0.53515625 0.0109375 0.0203125
0 0.53984375 0.52578125 0.015625 0.015625
0 0.16796875 0.57109375 0.015625 0.015625
0 0.24375 0.5625 0.0109375 0.0109375
0 0.2078125 0.56640625 0.015625 0.015625
0 0.090625 0.58125 0.0109375 0.0109375
0 0.1296875 0.578125 0.0109375 0.015625
0 0.23984375 0.5640625 0.015625 0.015625
0 0.2859375 0.55859375 0.0109375 0.0109375
0 0.80703125 0.49453125 0.0171875 0.0296875
0 0.21953125 0.56640625 0.015625 0.0203125
0 0.75703125 0.50078125 0.015625 0.0203125
0 0.06953125 0.58515625 0.0140625 0.00625
0 0.3515625 0.55078125 0.0109375 0.015625
0 0.4140625 0.54296875 0.0109375 0.015625
0 0.84453125 0.48984375 0.015625 0.0203125
0 0.3203125 0.55703125 0.015625 0.0203125
0 0.39609375 0.54765625 0.015625 0.0203125
0 0.6 0.52265625 0.015625 0.0203125
0 0.30625 0.55859375 0.015625 0.0203125
0 0.45390625 0.540625 0.0109375 0.0203125
0 0.5875 0.52421875 0.015625 0.0203125
0 0.7046875 0.51171875 0.0109375 0.0203125
0 0.3 0.56171875 0.0109375 0.015625
0 0.88125 0.48984375 0.025 0.021875
0 0.465625 0.54140625 0.0171875 0.025
0 0.7984375 0.5 0.015625 0.0203125
0 0.37578125 0.55234375 0.0109375 0.0109375
0 0.93203125 0.48359375 0.0203125 0.015625
0 0.25859375 0.56640625 0.015625 0.015625
0 0.1140625 0.58671875 0.015625 0.0203125
0 0.06328125 0.59296875 0.0109375 0.015625
0 0.10078125 0.58828125 0.0109375 0.015625
0 0.55078125 0.5328125 0.021875 0.0296875
0 0.1234375 0.5859375 0.0109375 0.0109375
0 0.34453125 0.5609375 0.015625 0.0203125
0 0.36015625 0.55859375 0.0140625 0.00625
0 0.509375 0.540625 0.00625 0.01875
0 0.1046875 0.58984375 0.0109375 0.0203125
0 0.24296875 0.5734375 0.015625 0.0109375
0 0.52109375 0.5390625 0.021875 0.025
0 0.09375 0.59140625 0.015625 0.0203125
0 0.26875 0.57265625 0.0203125 0.0203125
0 0.19296875 0.58203125 0.021875 0.025
0 0.07578125 0.59609375 0.015625 0.015625
0 0.56953125 0.53515625 0.0203125 0.0203125
0 0.42265625 0.55625 0.015625 0.0203125
0 0.7375 0.5171875 0.021875 0.025
0 0.7703125 0.51328125 0.021875 0.025
0 0.13359375 0.59140625 0.015625 0.0203125
0 0.86640625 0.5015625 0.021875 0.034375
0 0.3859375 0.56015625 0.015625 0.0203125
0 0.17421875 0.58671875 0.0109375 0.015625
0 0.37421875 0.56171875 0.015625 0.0203125
0 0.4828125 0.55078125 0.0109375 0.0203125
0 0.15234375 0.59375 0.015625 0.0203125
0 0.221875 0.58515625 0.0203125 0.0109375
0 0.48984375 0.55234375 0.015625 0.0203125
0 0.69453125 0.52734375 0.0171875 0.025
0 0.13203125 0.59609375 0.015625 0.015625
0 0.61171875 0.53984375 0.0171875 0.025
0 0.6609375 0.53359375 0.0203125 0.0203125
0 0.1203125 0.6 0.0203125 0.015625
0 0.39609375 0.56640625 0.015625 0.0203125
0 0.07421875 0.60546875 0.0109375 0.0109375
0 0.6328125 0.53984375 0.0171875 0.025
0 0.25390625 0.5859375 0.0109375 0.0203125
0 0.1828125 0.59453125 0.0109375 0.015625
0 0.3640625 0.57265625 0.0109375 0.015625
0 0.3546875 0.5734375 0.0203125 0.0203125
0 0.71875 0.52890625 0.021875 0.0296875
0 0.246875 0.58671875 0.015625 0.0203125
0 0.5875 0.54765625 0.021875 0.025
0 0.64765625 0.5421875 0.0109375 0.0203125
0 0.2359375 0.59296875 0.015625 0.0203125
0 0.68203125 0.53828125 0.021875 0.0296875
0 0.5046875 0.56015625 0.015625 0.0203125
0 0.93203125 0.5078125 0.0234375 0.0390625
0 0.62734375 0.54765625 0.021875 0.034375
0 0.89609375 0.5140625 0.0265625 0.034375
0 0.06875 0.615625 0.0109375 0.015625
0 0.409375 0.5765625 0.015625 0.0203125
0 0.44375 0.571875 0.021875 0.0296875
0 0.47578125 0.56796875 0.025 0.021875
0 0.571875 0.55625 0.0171875 0.0296875
0 0.21171875 0.603125 0.0109375 0.0203125
0 0.16796875 0.60859375 0.021875 0.0296875
0 0.31484375 0.590625 0.021875 0.0296875
0 0.1015625 0.61640625 0.015625 0.0203125
0 0.1453125 0.61328125 0.015625 0.0203125
0 0.115625 0.6171875 0.0265625 0.03125
0 0.83984375 0.528125 0.0265625 0.03125
0 0.9546875 0.51640625 0.0265625 0.034375
0 0.22890625 0.60546875 0.0265625 0.03125
0 0.55703125 0.56796875 0.021875 0.034375
0 0.35703125 0.5921875 0.0265625 0.0265625
0 0.08203125 0.62578125 0.021875 0.025
0 0.196875 0.6140625 0.0203125 0.0203125
0 0.6125 0.56328125 0.021875 0.025
0 0.99453125 0.5234375 0.0109375 0.0375
0 0.784375 0.5515625 0.0328125 0.040625
0 0.39765625 0.59921875 0.0265625 0.034375
0 0.8203125 0.546875 0.03125 0.03125
0 0.33828125 0.60859375 0.0171875 0.0296875
0 0.88828125 0.54375 0.028125 0.04375
0 0.47421875 0.59453125 0.0265625 0.034375
0 0.27734375 0.62109375 0.015625 0.0203125
0 0.0265625 0.6515625 0.0171875 0.025
0 0.73671875 0.56640625 0.0375 0.0453125
0 0.42890625 0.60625 0.0265625 0.03125
0 0.509375 0.59609375 0.0171875 0.0328125
0 0.06328125 0.6515625 0.021875 0.0296875
0 0.6640625 0.57734375 0.0421875 0.05
0 0.3515625 0.61796875 0.03125 0.0359375
0 0.2640625 0.62890625 0.0265625 0.03125
0 0.7625 0.56796875 0.021875 0.0296875
0 0.6890625 0.57890625 0.021875 0.034375
0 0.14453125 0.64609375 0.0265625 0.034375
0 0.1859375 0.640625 0.03125 0.0359375
0 0.5265625 0.6015625 0.03125 0.0359375
0 0.84375 0.56484375 0.021875 0.034375
0 0.12265625 0.65546875 0.03125 0.0359375
0 0.86484375 0.56484375 0.0375 0.0453125
0 0.02890625 0.66953125 0.0171875 0.0296875
0 0.31171875 0.6421875 0.021875 0.025
0 0.93046875 0.56875 0.0421875 0.0546875
0 0.09453125 0.67109375 0.0265625 0.0265625
0 0.60859375 0.6078125 0.03125 0.0265625
0 0.2359375 0.66328125 0.0328125 0.04375
0 0.27734375 0.66015625 0.028125 0.0390625
0 0.43828125 0.64296875 0.028125 0.0390625
0 0.49609375 0.640625 0.0328125 0.04375
0 0.19765625 0.68203125 0.0328125 0.040625
0 0.984375 0.58671875 0.03125 0.0640625
0 0.71171875 0.62578125 0.0328125 0.04375
0 0.6015625 0.64140625 0.0375 0.0546875
0 0.3921875 0.66953125 0.0375 0.0546875
0 0.415625 0.66875 0.028125 0.0484375
0 0.1515625 0.70078125 0.034375 0.053125
0 0.25859375 0.7 0.0375 0.0546875
0 0.47578125 0.68046875 0.0265625 0.0265625
0 0.64375 0.66171875 0.025 0.0484375
0 0.1015625 0.728125 0.0421875 0.0453125
0 0.67265625 0.66796875 0.0453125 0.0375
0 0.33203125 0.709375 0.0328125 0.04375
0 0.8515625 0.6484375 0.040625 0.040625
0 0.578125 0.684375 0.0375 0.0546875
0 0.215625 0.73125 0.0421875 0.0546875
0 0.07109375 0.753125 0.0328125 0.0484375
0 0.7796875 0.68515625 0.0421875 0.0546875
0 0.4765625 0.72421875 0.034375 0.053125
0 0.0375 0.78046875 0.0203125 0.046875
0 0.6828125 0.71328125 0.0390625 0.059375
0 0.6578125 0.71875 0.034375 0.053125
0 0.5078125 0.7390625 0.04375 0.059375
0 0.8578125 0.6984375 0.0484375 0.059375
0 0.60078125 0.74921875 0.0484375 0.06875
0 0.32421875 0.8171875 0.059375 0.084375
0 0.43203125 0.81875 0.0453125 0.078125
0 0.92265625 0.76796875 0.065625 0.0890625
0 0.59609375 0.86640625 0.06875 0.08125
0 0.18203125 0.9546875 0.0734375 0.090625