0 0.99375 0.48984375 0.0125 0.0265625
0 0.5 0.38671875 0.00625 0.00625
0 0.56328125 0.40234375 0.00625 0.00625
0 0.51953125 0.39765625 0.00625 0.00625
0 0.5265625 0.39921875 0.00625 0.009375
0 0.53984375 0.40234375 0.00625 0.009375
0 0.54921875 0.40390625 0.00625 0.009375
0 0.51015625 0.39609375 0.00625 0.00625
0 0.53515625 0.4015625 0.00625 0.00625
0 0.578125 0.41015625 0.0109375 0.0109375
0 0.62109375 0.41953125 0.0109375 0.0109375
0 0.61015625 0.4171875 0.00625 0.00625
0 0.59375 0.41640625 0.009375 0.00625
0 0.50078125 0.39609375 0.00625 0.009375
0 0.54375 0.40546875 0.00625 0.009375
0 0.56640625 0.41015625 0.00625 0.00625
0 0.5734375 0.41171875 0.00625 0.009375
0 0.603125 0.41796875 0.00625 0.009375
0 0.61328125 0.4203125 0.00625 0.009375
0 0.5140625 0.39921875 0.00625 0.009375
0 0.49140625 0.39453125 0.00625 0.00625
0 0.484375 0.3953125 0.00625 0.009375
0 0.55234375 0.409375 0.00625 0.009375
0 0.46171875 0.390625 0.00625 0.009375
0 0.52734375 0.4046875 0.00625 0.009375
0 0.5203125 0.40546875 0.009375 0.00625
0 0.50859375 0.403125 0.00625 0.009375
0 0.540625 0.41171875 0.00625 0.00625
0 0.58046875 0.4203125 0.0109375 0.0109375
0 0.46796875 0.396875 0.009375 0.00625
0 0.60625 0.42578125 0.00625 0.00625
0 0.57421875 0.41875 0.00625 0.00625
0 0.671875 0.43984375 0.00625 0.00625
0 0.5125 0.40625 0.00625 0.009375
0 0.503125 0.40546875 0.00625 0.00625
0 0.48984375 0.40234375 0.00625 0.009375
0 0.634375 0.43359375 0.0109375 0.0109375
0 0.49609375 0.40390625 0.00625 0.009375
0 0.66484375 0.43984375 0.0078125 0.0140625
0 0.68359375 0.44609375 0.00625 0.009375
0 0.46015625 0.39921875 0.0109375 0.0109375
0 0.5234375 0.4125 0.00625 0.00625
0 0.559375 0.4203125 0.00625 0.009375
0 0.4734375 0.4015625 0.0109375 0.0109375
0 0.61015625 0.43046875 0.0109375 0.0109375
0 0.6203125 0.4328125 0.0109375 0.0109375
0 0.53984375 0.415625 0.00625 0.00625
0 0.4390625 0.396875 0.00625 0.00625
0 0.45234375 0.4 0.0109375 0.0109375
0 0.52734375 0.415625 0.00625 0.009375
0 0.584375 0.42734375 0.00625 0.009375
0 0.5953125 0.4296875 0.0109375 0.0109375
0 0.64765625 0.44140625 0.00625 0.009375
0 0.6765625 0.44765625 0.0125 0.015625
0 0.565625 0.42578125 0.0109375 0.0109375
0 0.48203125 0.40859375 0.0109375 0.0109375
0 0.5015625 0.4125 0.0109375 0.0109375
0 0.5109375 0.41484375 0.00625 0.00625
0 0.5203125 0.41640625 0.00625 0.009375
0 0.5359375 0.41953125 0.00625 0.009375
0 0.46328125 0.40703125 0.00625 0.009375
0 0.67109375 0.45078125 0.0125 0.015625
0 0.421875 0.4 0.009375 0.00625
0 0.428125 0.40390625 0.0109375 0.0109375
0 0.49609375 0.41875 0.00625 0.009375
0 0.55234375 0.43046875 0.0125 0.015625
0 0.584375 0.4375 0.00625 0.009375
0 0.453125 0.409375 0.0125 0.015625
0 0.63203125 0.44765625 0.0109375 0.0109375
0 0.65 0.45390625 0.0171875 0.0171875
0 0.56484375 0.43828125 0.0109375 0.0109375
0 0.7328125 0.4734375 0.0109375 0.0109375
0 0.6421875 0.4546875 0.0109375 0.0109375
0 0.5109375 0.4265625 0.0125 0.015625
0 0.53828125 0.43203125 0.0125 0.015625
0 0.41796875 0.409375 0.0109375 0.0109375
0 0.59921875 0.44765625 0.0109375 0.0109375
0 0.6140625 0.45078125 0.0109375 0.0109375
0 0.521875 0.43125 0.0125 0.015625
0 0.68671875 0.46640625 0.0125 0.0203125
0 0.58515625 0.44453125 0.00625 0.009375
0 0.4171875 0.41171875 0.0109375 0.0109375
0 0.5328125 0.4359375 0.0125 0.015625
0 0.528125 0.43515625 0.0125 0.015625
0 0.7375 0.48203125 0.0125 0.015625
0 0.48046875 0.42734375 0.0109375 0.0109375
0 0.6453125 0.4625 0.0125 0.015625
0 0.3984375 0.41171875 0.0171875 0.0171875
0 0.66328125 0.46875 0.0109375 0.0109375
0 0.43203125 0.41953125 0.0125 0.015625
0 0.71953125 0.48046875 0.0171875 0.021875
0 0.41171875 0.41484375 0.0171875 0.021875
0 0.5578125 0.4484375 0.0171875 0.0171875
0 0.5671875 0.45078125 0.0171875 0.0171875
0 0.6171875 0.4609375 0.0125 0.015625
0 0.4921875 0.434375 0.0125 0.015625
0 0.49921875 0.4359375 0.0125 0.015625
0 0.609375 0.4640625 0.0125 0.015625
0 0.46953125 0.434375 0.0078125 0.0140625
0 0.68203125 0.4796875 0.0171875 0.0171875
0 0.47578125 0.43828125 0.0125 0.015625
0 0.575 0.459375 0.0171875 0.021875
0 0.59765625 0.4640625 0.0171875 0.021875
0 0.4484375 0.43203125 0.0171875 0.021875
0 0.54140625 0.45234375 0.015625 0.0125
0 0.63359375 0.47421875 0.01875 0.0265625
0 0.5609375 0.45859375 0.015625 0.0125
0 0.4203125 0.42890625 0.0171875 0.021875
0 0.5859375 0.4640625 0.0125 0.015625
0 0.4 0.4265625 0.0125 0.0203125
0 0.465625 0.440625 0.0171875 0.0171875
0 0.503125 0.45078125 0.0171875 0.021875
0 0.36015625 0.42109375 0.021875 0.021875
0 0.79296875 0.5125 0.021875 0.0171875
0 0.6484375 0.48203125 0.0171875 0.0171875
0 0.59140625 0.47265625 0.0171875 0.0171875
0 0.4859375 0.45234375 0.01875 0.0265625
0 0.61328125 0.47890625 0.0171875 0.021875
0 0.715625 0.50078125 0.028125 0.028125
0 0.77890625 0.51484375 0.0171875 0.021875
0 0.47578125 0.45 0.0125 0.0203125
0 0.40234375 0.43671875 0.0171875 0.0171875
0 0.42421875 0.44140625 0.021875 0.021875
0 0.678125 0.4953125 0.0234375 0.0265625
0 0.41171875 0.4390625 0.0109375 0.0109375
0 0.66640625 0.49296875 0.0171875 0.021875
0 0.69453125 0.49921875 0.015625 0.0125
0 0.92265625 0.54765625 0.03125 0.040625
0 0.5421875 0.46640625 0.0171875 0.021875
0 0.57421875 0.47578125 0.0125 0.015625
0 0.56015625 0.47265625 0.021875 0.021875
0 0.78984375 0.5265625 0.0265625 0.0234375
0 0.3375 0.43046875 0.03125 0.0234375
0 0.17890625 0.396875 0.0296875 0.0359375
0 0.525 0.47265625 0.0265625 0.04375
0 0.7375 0.51796875 0.0234375 0.03125
0 0.6921875 0.5078125 0.021875 0.0171875
0 0.7515625 0.5203125 0.028125 0.028125
0 0.6515625 0.50078125 0.021875 0.021875
0 0.58125 0.4859375 0.0171875 0.021875
0 0.5125 0.47421875 0.01875 0.0265625
0 0.371875 0.44609375 0.034375 0.0421875
0 0.93046875 0.5671875 0.040625 0.046875
0 0.55703125 0.48828125 0.03125 0.0234375
0 0.978125 0.57734375 0.0421875 0.0609375
0 0.30546875 0.434375 0.028125 0.0328125
0 0.4390625 0.46328125 0.0125 0.0203125
0 0.47421875 0.47265625 0.0234375 0.0265625
0 0.40078125 0.45703125 0.03125 0.040625
0 0.2796875 0.434375 0.028125 0.0328125
0 0.45390625 0.4734375 0.03125 0.0453125
0 0.6890625 0.5234375 0.0171875 0.021875
0 0.709375 0.528125 0.034375 0.0421875
0 0.5765625 0.50703125 0.0125 0.015625
0 0.50625 0.49375 0.0265625 0.0234375
0 0.67109375 0.52890625 0.0234375 0.0265625
0 0.2515625 0.44453125 0.034375 0.0421875
0 0.41484375 0.48671875 0.03125 0.040625
0 0.62578125 0.53359375 0.05 0.0703125
0 0.73125 0.55625 0.034375 0.0421875
0 0.77265625 0.5671875 0.0421875 0.05625
0 0.7984375 0.57578125 0.0359375 0.046875
0 0.64296875 0.5421875 0.0390625 0.059375
0 0.1609375 0.43984375 0.0421875 0.0390625
0 0.47109375 0.5109375 0.0375 0.0515625
0 0.31796875 0.478125 0.046875 0.0578125
0 0.55 0.5296875 0.0375 0.0515625
0 0.853125 0.596875 0.06875 0.0578125
0 0.225 0.465625 0.0625 0.0734375
0 0.5015625 0.5265625 0.034375 0.0421875
0 0.11171875 0.44375 0.046875 0.0578125
0 0.36875 0.5046875 0.040625 0.046875
0 0.6828125 0.5765625 0.0484375 0.0671875
0 0.44375 0.5328125 0.0515625 0.0578125
0 0.27890625 0.5046875 0.028125 0.053125
0 0.1515625 0.4828125 0.0609375 0.0609375
0 0.28984375 0.51953125 0.0359375 0.046875
0 0.05703125 0.46953125 0.0609375 0.0828125
0 0.565625 0.60390625 0.046875 0.0359375
0 0.7703125 0.65390625 0.06875 0.096875
0 0.3265625 0.5671875 0.0515625 0.0625
0 0.83203125 0.68671875 0.1359375 0.171875
0 0.6859375 0.68203125 0.0875 0.109375
0 0.58359375 0.69765625 0.14375 0.1640625
0 0.49375 0.6828125 0.090625 0.1453125
0 0.140625 0.78828125 0.28125 0.1703125