0 0.0828125 0.1328125 0.0640625 0.0859375
0 0.5015625 0.21171875 0.0375 0.059375
0 0.46953125 0.2171875 0.0453125 0.0609375
0 0.765625 0.271875 0.0359375 0.0546875
0 0.1453125 0.1671875 0.0375 0.0421875
0 0.15546875 0.17109375 0.0203125 0.04375
0 0.265625 0.19296875 0.046875 0.065625
0 0.575 0.25 0.0296875 0.0625
0 0.91640625 0.3125 0.0375 0.0640625
0 0.85234375 0.303125 0.03125 0.0546875
0 0.1859375 0.18828125 0.0640625 0.0859375
0 0.359375 0.21875 0.046875 0.0703125
0 0.56171875 0.259375 0.0671875 0.078125
0 0.6296875 0.27109375 0.0453125 0.0609375
0 0.9796875 0.33828125 0.0375 0.059375
0 0.31640625 0.22109375 0.0640625 0.0859375
0 0.7125 0.29296875 0.0171875 0.025
0 0.778125 0.30703125 0.01875 0.0296875
0 0.4296875 0.2453125 0.0453125 0.0828125
0 0.89609375 0.3328125 0.04375 0.0734375
0 0.38359375 0.2421875 0.0296875 0.0625
0 0.81015625 0.3171875 0.046875 0.065625
0 0.99375 0.35 0.0125 0.053125
0 0.49921875 0.26484375 0.0359375 0.0546875
0 0.28203125 0.22890625 0.0421875 0.06875
0 0.2296875 0.21953125 0.0484375 0.0796875
0 0.7453125 0.321875 0.0453125 0.0609375
0 0.671875 0.31171875 0.0515625 0.0671875
0 0.47109375 0.278125 0.0453125 0.05625
0 0.59375 0.30234375 0.0375 0.059375
0 0.415625 0.27109375 0.065625 0.0734375
0 0.06953125 0.2125 0.059375 0.090625
0 0.5203125 0.30390625 0.0578125 0.0765625
0 0.95234375 0.39921875 0.0375 0.0640625
0 0.75625 0.40390625 0.0421875 0.06875
0 0.0546875 0.384375 0.06875 0.0875