0 0.16640625 0.54296875 0.0484375 0.053125
0 0.6515625 0.57265625 0.0375 0.0203125
0 0.0296875 0.5421875 0.059375 0.109375
0 0.68828125 0.5796875 0.025 0.0203125
0 0.21015625 0.5546875 0.034375 0.0484375
0 0.8703125 0.59609375 0.025 0.0421875
0 0.32265625 0.5765625 0.0296875 0.0296875
0 0.3421875 0.58046875 0.0203125 0.025
0 0.28203125 0.57734375 0.0203125 0.0296875
0 0.384375 0.58671875 0.009375 0.0140625
0 0.57890625 0.596875 0.0203125 0.025
0 0.40078125 0.59140625 0.0203125 0.0328125
0 0.4140625 0.5921875 0.0203125 0.025
0 0.55234375 0.6 0.0109375 0.01875
0 0.54296875 0.59921875 0.0203125 0.025
0 0.559375 0.6 0.0046875 0.0140625
0 0.603125 0.6046875 0.0203125 0.0296875
0 0.24765625 0.58828125 0.059375 0.08125
0 0.46015625 0.6 0.009375 0.009375
0 0.47109375 0.60234375 0.0046875 0.0140625
0 0.44375 0.60078125 0.009375 0.0140625
0 0.42734375 0.6 0.009375 0.0140625
0 0.48046875 0.603125 0.0140625 0.0140625
0 0.4921875 0.60390625 0.0140625 0.0140625
0 0.67265625 0.61328125 0.0484375 0.04375
0 0.38359375 0.6 0.015625 0.0234375
0 0.4296875 0.60703125 0.009375 0.0140625
0 0.52265625 0.6125 0.053125 0.04375
0 0.46015625 0.609375 0.009375 0.009375
0 0.8203125 0.63046875 0.0796875 0.109375
0 0.28125 0.60234375 0.025 0.0375
0 0.33046875 0.60703125 0.025 0.0375
0 0.078125 0.59375 0.0546875 0.0671875
0 0.62578125 0.62265625 0.025 0.0421875
0 0.4453125 0.62265625 0.0203125 0.0328125
0 0.3546875 0.6171875 0.025 0.0328125
0 0.40078125 0.62265625 0.025 0.0296875
0 0.9703125 0.67578125 0.046875 0.1078125
0 0.38359375 0.65078125 0.0203125 0.0328125
0 0.1375 0.65 0.0765625 0.146875
0 0.4796875 0.6703125 0.078125 0.0828125