0 0.0703125 0.19609375 0.028125 0.0328125
0 0.084375 0.19921875 0.028125 0.0328125
0 0.18828125 0.203125 0.01875 0.028125
0 0.16875 0.2125 0.01875 0.0234375
0 0.25703125 0.21796875 0.01875 0.0328125
0 0.16171875 0.2203125 0.0140625 0.01875
0 0.22421875 0.23125 0.01875 0.0234375
0 0.215625 0.23828125 0.0140625 0.0234375
0 0.11796875 0.23828125 0.0234375 0.0234375
0 0.20625 0.24921875 0.01875 0.0234375
0 0.17265625 0.2515625 0.01875 0.01875
0 0.13828125 0.2578125 0.01875 0.0234375
0 0.63828125 0.2734375 0.0140625 0.0140625
0 0.675 0.28125 0.009375 0.01875
0 0.43125 0.33203125 0.01875 0.0234375
0 0.596875 0.34453125 0.009375 0.028125
0 0.70390625 0.3625 0.01875 0.0234375
0 0.4296875 0.3875 0.0234375 0.028125
0 0.52734375 0.40625 0.01875 0.0234375
0 0.61484375 0.41875 0.01875 0.028125
0 0.06171875 0.41796875 0.0140625 0.0328125
0 0.00625 0.41953125 0.009375 0.0421875
0 0.1265625 0.421875 0.028125 0.0375
0 0.03203125 0.425 0.01875 0.0234375
0 0.6953125 0.440625 0.01875 0.0234375
0 0.01484375 0.4359375 0.01875 0.028125
0 0.0578125 0.5015625 0.0140625 0.028125
0 0.1125 0.52734375 0.0140625 0.0140625
0 0.015625 0.52578125 0.0234375 0.0375
0 0.06171875 0.52890625 0.0140625 0.028125
0 0.05 0.53125 0.0140625 0.01875
0 0.21015625 0.5390625 0.01875 0.01875
0 0.8484375 0.55234375 0.0234375 0.028125
0 0.0984375 0.54140625 0.0140625 0.01875
0 0.12421875 0.5421875 0.01875 0.01875
0 0.81640625 0.55390625 0.0234375 0.01875
0 0.41796875 0.546875 0.01875 0.028125
0 0.58515625 0.5546875 0.009375 0.01875
0 0.34375 0.55078125 0.01875 0.028125
0 0.3625 0.553125 0.01875 0.028125
0 0.540625 0.55625 0.01875 0.028125
0 0.39765625 0.55625 0.0234375 0.028125
0 0.5109375 0.5578125 0.01875 0.01875
0 0.32578125 0.55703125 0.01875 0.0140625
0 0.55703125 0.56328125 0.0140625 0.01875
0 0.9796875 0.5734375 0.028125 0.0375
0 0.69140625 0.56796875 0.01875 0.0234375
0 0.4890625 0.56953125 0.01875 0.0140625
0 0.7390625 0.5734375 0.01875 0.01875
0 0.63984375 0.571875 0.0140625 0.01875
0 0.61640625 0.57421875 0.0234375 0.0234375
0 0.459375 0.57109375 0.0140625 0.01875
0 0.440625 0.5734375 0.0140625 0.01875
0 0.6625 0.584375 0.01875 0.01875
0 0.18125 0.5875 0.0234375 0.01875
0 0.89921875 0.61328125 0.0234375 0.0234375
0 0.97421875 0.6171875 0.01875 0.0328125
0 0.1515625 0.6046875 0.01875 0.028125
0 0.1765625 0.60546875 0.01875 0.01875
0 0.8609375 0.61953125 0.0234375 0.028125
0 0.93984375 0.62578125 0.01875 0.0234375
0 0.0625 0.621875 0.0234375 0.0375
0 0.8359375 0.63828125 0.01875 0.0328125
0 0.91171875 0.64140625 0.0234375 0.0234375
0 0.16640625 0.63125 0.01875 0.028125
0 0.07890625 0.6296875 0.0234375 0.0375
0 0.95625 0.646875 0.0234375 0.0328125
0 0.29140625 0.63984375 0.01875 0.0234375
0 0.8796875 0.65078125 0.0234375 0.028125
0 0.5234375 0.64921875 0.01875 0.0328125
0 0.7734375 0.653125 0.01875 0.0328125
0 0.8125 0.65390625 0.01875 0.01875
0 0.4953125 0.6484375 0.0234375 0.028125
0 0.2359375 0.6484375 0.0234375 0.0234375
0 0.321875 0.65 0.01875 0.028125
0 0.915625 0.66640625 0.028125 0.0328125
0 0.4296875 0.6578125 0.0140625 0.0234375
0 0.08515625 0.6546875 0.01875 0.01875
0 0.7234375 0.6703125 0.0234375 0.0375
0 0.3578125 0.66640625 0.01875 0.0234375
0 0.25625 0.66484375 0.01875 0.028125
0 0.86015625 0.67734375 0.0234375 0.0234375
0 0.40859375 0.66953125 0.009375 0.0234375
0 0.1125 0.6640625 0.0234375 0.01875
0 0.6453125 0.67578125 0.01875 0.0140625
0 0.81640625 0.68359375 0.028125 0.028125
0 0.22578125 0.6734375 0.01875 0.0140625
0 0.28125 0.67421875 0.01875 0.028125
0 0.425 0.67890625 0.01875 0.0234375
0 0.57578125 0.68203125 0.0140625 0.01875
0 0.934375 0.690625 0.0234375 0.0328125
0 0.5875 0.684375 0.009375 0.0234375
0 0.06171875 0.675 0.0140625 0.0234375
0 0.4734375 0.68203125 0.0140625 0.0328125
0 0.55 0.68359375 0.01875 0.0375
0 0.04296875 0.67734375 0.009375 0.028125
0 0.3375 0.68203125 0.0140625 0.0234375
0 0.70546875 0.6890625 0.01875 0.028125
0 0.9 0.69453125 0.028125 0.0328125
0 0.515625 0.6875 0.01875 0.0375
0 0.1984375 0.68203125 0.0234375 0.01875
0 0.41796875 0.6859375 0.01875 0.028125
0 0.11484375 0.6828125 0.0140625 0.0140625
0 0.45546875 0.6890625 0.0140625 0.028125
0 0.77265625 0.69453125 0.01875 0.028125
0 0.37421875 0.68984375 0.0234375 0.0328125
0 0.853125 0.6984375 0.0140625 0.01875
0 0.64765625 0.69921875 0.01875 0.01875
0 0.5734375 0.70078125 0.01875 0.0328125
0 0.3140625 0.69609375 0.01875 0.0234375
0 0.684375 0.70234375 0.01875 0.0234375
0 0.6234375 0.70390625 0.01875 0.028125
0 0.32734375 0.70078125 0.01875 0.0234375
0 0.34296875 0.7015625 0.01875 0.0234375
0 0.73203125 0.7078125 0.01875 0.0328125
0 0.859375 0.7125 0.0234375 0.0234375
0 0.1671875 0.703125 0.01875 0.028125
0 0.5515625 0.709375 0.0140625 0.01875
0 0.234375 0.70390625 0.0234375 0.0234375
0 0.109375 0.70390625 0.01875 0.01875
0 0.81328125 0.71640625 0.0234375 0.0328125
0 0.5078125 0.71328125 0.01875 0.028125
0 0.78515625 0.72421875 0.0234375 0.0328125
0 0.43828125 0.71875 0.0234375 0.0328125
0 0.18828125 0.71875 0.028125 0.028125
0 0.03515625 0.71640625 0.01875 0.028125
0 0.49140625 0.72421875 0.0234375 0.028125
0 0.63515625 0.7265625 0.01875 0.028125
0 0.00703125 0.71484375 0.0140625 0.0328125
0 0.7046875 0.728125 0.01875 0.028125
0 0.39453125 0.72265625 0.028125 0.0328125
0 0.53984375 0.72734375 0.0140625 0.028125
0 0.91015625 0.73828125 0.01875 0.01875
0 0.2765625 0.7296875 0.0234375 0.028125
0 0.6859375 0.73671875 0.028125 0.0375
0 0.92421875 0.74375 0.01875 0.0328125
0 0.83671875 0.7421875 0.028125 0.0328125
0 0.66953125 0.74140625 0.01875 0.0375
0 0.5078125 0.740625 0.01875 0.028125
0 0.34765625 0.740625 0.0234375 0.0234375
0 0.9859375 0.75390625 0.01875 0.0328125
0 0.23671875 0.740625 0.0234375 0.028125
0 0.11171875 0.740625 0.0234375 0.0328125
0 0.0921875 0.74296875 0.0234375 0.0328125
0 0.5859375 0.7515625 0.01875 0.0328125
0 0.72421875 0.75390625 0.028125 0.01875
0 0.65234375 0.75703125 0.01875 0.0328125
0 0.41171875 0.75546875 0.01875 0.028125
0 0.89375 0.7640625 0.0328125 0.0421875
0 0.7109375 0.7609375 0.0234375 0.028125
0 0.79609375 0.76484375 0.01875 0.028125
0 0.553125 0.76015625 0.01875 0.028125
0 0.30078125 0.75859375 0.01875 0.028125
0 0.36796875 0.76171875 0.0234375 0.028125
0 0.60859375 0.76796875 0.0234375 0.028125
0 0.33984375 0.76328125 0.0234375 0.01875
0 0.7640625 0.7734375 0.028125 0.0328125
0 0.24296875 0.7734375 0.0234375 0.028125
0 0.93984375 0.7859375 0.0234375 0.0328125
0 0.4140625 0.77890625 0.01875 0.01875
0 0.125 0.77421875 0.0234375 0.0234375
0 0.846875 0.78828125 0.01875 0.028125
0 0.52734375 0.78515625 0.0140625 0.0234375
0 0.31015625 0.78359375 0.0234375 0.01875
0 0.0046875 0.778125 0.009375 0.028125
0 0.1828125 0.78125 0.0234375 0.028125
0 0.29140625 0.7875 0.0234375 0.0234375
0 0.28125 0.7921875 0.01875 0.01875
0 0.53828125 0.796875 0.01875 0.0328125
0 0.41328125 0.79453125 0.01875 0.028125
0 0.0734375 0.79140625 0.028125 0.028125
0 0.371875 0.7984375 0.0234375 0.0328125
0 0.33515625 0.79765625 0.0234375 0.0234375
0 0.86015625 0.809375 0.01875 0.0328125
0 0.43671875 0.8046875 0.0234375 0.0328125
0 0.478125 0.81015625 0.0234375 0.0421875
0 0.09140625 0.8078125 0.028125 0.0234375
0 0.22109375 0.81015625 0.028125 0.028125
0 0.38125 0.8125 0.0234375 0.01875
0 0.9 0.82421875 0.028125 0.0328125
0 0.81640625 0.82265625 0.0234375 0.0328125
0 0.9578125 0.825 0.01875 0.0328125
0 0.77265625 0.82421875 0.0234375 0.0375
0 0.2953125 0.81796875 0.0234375 0.028125
0 0.94375 0.83203125 0.0234375 0.0375
0 0.78828125 0.8359375 0.0234375 0.028125
0 0.25625 0.82734375 0.01875 0.0234375
0 0.87109375 0.84453125 0.0328125 0.0375
0 0.4125 0.84140625 0.0234375 0.0328125
0 0.75546875 0.84765625 0.01875 0.01875
0 0.12578125 0.83828125 0.0234375 0.028125
0 0.14453125 0.840625 0.01875 0.0328125
0 0.403125 0.84765625 0.0140625 0.01875
0 0.62578125 0.8515625 0.0234375 0.0375
0 0.109375 0.84453125 0.0234375 0.028125
0 0.26015625 0.85234375 0.0234375 0.028125
0 0.234375 0.8515625 0.0140625 0.01875
0 0.35234375 0.85390625 0.01875 0.01875
0 0.19296875 0.853125 0.028125 0.0328125
0 0.70234375 0.86484375 0.028125 0.0421875
0 0.0328125 0.853125 0.01875 0.0328125
0 0.73203125 0.8671875 0.028125 0.0328125
0 0.0609375 0.8578125 0.0234375 0.028125
0 0.38046875 0.86328125 0.01875 0.0234375
0 0.51953125 0.86640625 0.01875 0.028125
0 0.5046875 0.884375 0.01875 0.0328125
0 0.821875 0.89453125 0.0234375 0.028125
0 0.3171875 0.890625 0.0234375 0.0328125
0 0.0765625 0.88671875 0.01875 0.0328125