0 0.2140625 0.1234375 0.0375 0.034375
0 0.64375 0.03203125 0.0359375 0.0296875
0 0.70078125 0.01953125 0.0359375 0.0296875
0 0.07890625 0.8234375 0.0484375 0.0484375
0 0.31171875 0.78359375 0.0421875 0.034375
0 0.1203125 0.14765625 0.040625 0.03125
0 0.89921875 0.7203125 0.0578125 0.046875
0 0.6546875 0.77421875 0.053125 0.0453125
0 0.771875 0.75234375 0.046875 0.040625
0 0.36953125 0.85703125 0.0515625 0.040625
0 0.56875 0.821875 0.046875 0.040625
0 0.23203125 0.89765625 0.05625 0.0421875
0 0.10703125 0.93203125 0.0578125 0.046875
0 0.80234375 0.78828125 0.0578125 0.046875
0 0.46484375 0.8671875 0.05625 0.0421875
0 0.45625 0.10703125 0.0375 0.034375
0 0.8375 0.028125 0.040625 0.03125
0 0.37421875 0.12890625 0.0328125 0.028125
0 0.54375 0.09296875 0.046875 0.0359375
0 0.28828125 0.15 0.0421875 0.034375
0 0.68046875 0.06875 0.0359375 0.0296875
0 0.60546875 0.084375 0.0359375 0.0296875
0 0.16953125 0.1796875 0.0421875 0.034375
0 0.7296875 0.065625 0.040625 0.03125
0 0.01171875 0.22421875 0.0234375 0.0296875
0 0.01015625 0.10859375 0.0203125 0.0296875
0 0.10859375 0.21875 0.0375 0.034375
0 0.41953125 0.0203125 0.0328125 0.028125
0 0.83828125 0.07734375 0.0421875 0.034375
0 0.5 0.0078125 0.021875 0.015625
0 0.56875 0.0046875 0.0375 0.009375
0 0.03984375 0.2515625 0.015625 0.0125
0 0.01484375 0.2625 0.0296875 0.025
0 0.68515625 0.12421875 0.0359375 0.0296875
0 0.09453125 0.09453125 0.0390625 0.0265625
0 0.2984375 0.209375 0.0421875 0.034375
0 0.06640625 0.26328125 0.046875 0.0359375
0 0.61875 0.1453125 0.0421875 0.034375
0 0.18671875 0.23984375 0.0421875 0.034375
0 0.90234375 0.0875 0.046875 0.0359375
0 0.5 0.17578125 0.046875 0.0359375
0 0.4234375 0.19453125 0.0421875 0.034375
0 0.76796875 0.12109375 0.0359375 0.0296875
0 0.321875 0.23984375 0.0390625 0.0265625
0 0.525 0.01015625 0.040625 0.0203125
0 0.8625 0.1359375 0.040625 0.03125
0 0.4203125 0.2375 0.0421875 0.034375
0 0.796875 0.16171875 0.0421875 0.034375
0 0.4828125 0.23125 0.0421875 0.034375
0 0.86171875 0.15546875 0.040625 0.03125
0 0.6546875 0.2015625 0.0359375 0.0296875
0 0.13828125 0.3140625 0.0421875 0.034375
0 0.73359375 0.1875 0.0375 0.034375
0 0.20078125 0.30546875 0.040625 0.03125
0 0.03984375 0.33984375 0.0453125 0.03125
0 0.284375 0.2875 0.0421875 0.034375
0 0.59921875 0.22109375 0.0359375 0.0296875
0 0.5453125 0.23515625 0.0359375 0.0296875
0 0.34453125 0.2796875 0.0421875 0.034375
0 0.4578125 0.02421875 0.0375 0.034375
0 0.54609375 0.01328125 0.0421875 0.0265625
0 0.02421875 0.12109375 0.0375 0.034375
0 0.75546875 0.2328125 0.0359375 0.0296875
0 0.9296875 0.1953125 0.0328125 0.0328125
0 0.66328125 0.2546875 0.046875 0.0359375
0 0.409375 0.30859375 0.0453125 0.03125
0 0.153125 0.09375 0.0375 0.034375
0 0.51171875 0.2890625 0.046875 0.040625
0 0.84765625 0.2203125 0.046875 0.040625
0 0.29453125 0.34453125 0.040625 0.03125
0 0.58984375 0.28671875 0.0421875 0.034375
0 0.08984375 0.3953125 0.0515625 0.040625
0 0.1703125 0.3953125 0.046875 0.040625
0 0.821875 0.27734375 0.046875 0.040625
0 0.51640625 0.0203125 0.03125 0.0234375
0 0.93828125 0.2578125 0.0484375 0.04375
0 0.6359375 0.3265625 0.0453125 0.03125
0 0.74296875 0.30625 0.0375 0.034375
0 0.31953125 0.3984375 0.0421875 0.034375
0 0.53359375 0.3578125 0.0359375 0.0296875
0 0.4453125 0.3765625 0.0453125 0.03125
0 0.3578125 0.421875 0.0453125 0.03125
0 0.10078125 0.48125 0.0359375 0.0296875
0 0.1421875 0.47421875 0.0515625 0.040625
0 0.03828125 0.5015625 0.046875 0.0359375
0 0.93984375 0.328125 0.0421875 0.034375
0 0.11484375 0.11328125 0.0359375 0.0296875
0 0.27890625 0.47578125 0.0484375 0.04375
0 0.18359375 0.10078125 0.03125 0.0234375
0 0.565625 0.4171875 0.046875 0.040625
0 0.853125 0.35859375 0.0421875 0.034375
0 0.48125 0.446875 0.04375 0.04375
0 0.73359375 0.3984375 0.0421875 0.034375
0 0.36875 0.48515625 0.0359375 0.0296875
0 0.159375 0.53515625 0.0375 0.0375
0 0.04765625 0.5671875 0.0484375 0.04375
0 0.08046875 0.1296875 0.040625 0.03125
0 0.6796875 0.4640625 0.0421875 0.034375
0 0.38046875 0.5375 0.05625 0.0375
0 0.2578125 0.56328125 0.046875 0.040625
0 0.5828125 0.49921875 0.046875 0.040625
0 0.78515625 0.4609375 0.0421875 0.034375
0 0.91171875 0.434375 0.0421875 0.034375
0 0.47421875 0.52734375 0.0421875 0.034375
0 0.08359375 0.6125 0.0515625 0.0375
0 0.484375 0.046875 0.0375 0.0375
0 0.196875 0.61171875 0.0421875 0.034375
0 0.68515625 0.01171875 0.0359375 0.0234375
0 0.43671875 0.6171875 0.046875 0.040625
0 0.5328125 0.59921875 0.046875 0.040625
0 0.63046875 0.58125 0.046875 0.0359375
0 0.9703125 0.50859375 0.046875 0.0359375
0 0.80234375 0.55390625 0.0515625 0.040625
0 0.28203125 0.6671875 0.046875 0.040625
0 0.90546875 0.53671875 0.046875 0.0359375
0 0.71328125 0.5796875 0.046875 0.040625
0 0.16484375 0.70625 0.046875 0.040625
0 0.42734375 0.06796875 0.0421875 0.034375
0 0.36171875 0.671875 0.0421875 0.034375
0 0.28515625 0.10078125 0.0375 0.0375
0 0.10625 0.73046875 0.0484375 0.04375
0 0.31484375 0.09453125 0.0359375 0.025
0 0.58125 0.0375 0.0375 0.034375
0 0.3578125 0.0875 0.040625 0.03125
0 0.03828125 0.15546875 0.0328125 0.028125
0 0.65 0.66015625 0.0515625 0.040625
0 0.96015625 0.59375 0.053125 0.0453125
0 0.77578125 0.640625 0.04375 0.04375
0 0.56640625 0.68984375 0.046875 0.0359375
0 0.875 0.6265625 0.0515625 0.040625
0 0.01171875 0.16640625 0.0234375 0.0296875
0 0.334375 0.7484375 0.05625 0.0375
0 0.453125 0.728125 0.0421875 0.034375
0 0.20625 0.78515625 0.0515625 0.040625