0 0.7328125 0.025 0.01875 0.0375
0 0.76796875 0.02578125 0.01875 0.0421875
0 0.65625 0.20859375 0.01875 0.0375
0 0.9375 0.2140625 0.025 0.046875
0 0.1 0.19921875 0.025 0.046875
0 0.7265625 0.2125 0.01875 0.0421875
0 0.97421875 0.21953125 0.0203125 0.0515625
0 0.05390625 0.203125 0.0296875 0.0515625
0 0.1953125 0.20546875 0.01875 0.0328125
0 0.446875 0.21015625 0.0140625 0.028125
0 0.9234375 0.2203125 0.01875 0.0421875
0 0.27578125 0.21171875 0.01875 0.0421875
0 0.3125 0.2125 0.025 0.046875
0 0.46796875 0.21484375 0.025 0.0515625
0 0.803125 0.2234375 0.0203125 0.05625
0 0.24765625 0.21328125 0.0140625 0.0375
0 0.35859375 0.2171875 0.01875 0.0375
0 0.2109375 0.21640625 0.01875 0.028125
0 0.68046875 0.225 0.0140625 0.0328125
0 0.4140625 0.2203125 0.01875 0.0328125
0 0.90546875 0.22890625 0.0203125 0.046875
0 0.67265625 0.0265625 0.0140625 0.0375
0 0.69609375 0.0265625 0.0140625 0.0375
0 0.309375 0.021875 0.015625 0.04375
0 0.5921875 0.025 0.0203125 0.046875
0 0.65078125 0.2359375 0.01875 0.0328125
0 0.340625 0.2328125 0.0203125 0.0515625
0 0.12734375 0.2296875 0.025 0.046875
0 0.39609375 0.2390625 0.01875 0.0375
0 0.74765625 0.24453125 0.025 0.0609375
0 0.8609375 0.24921875 0.025 0.046875
0 0.99453125 0.25390625 0.0109375 0.0609375
0 0.23125 0.240625 0.01875 0.0328125
0 0.77109375 0.25 0.01875 0.0421875
0 0.20546875 0.02265625 0.0296875 0.0453125
0 0.0671875 0.2375 0.0234375 0.0328125
0 0.42578125 0.24609375 0.01875 0.0375
0 0.92578125 0.25703125 0.01875 0.0421875
0 0.37265625 0.25 0.0234375 0.0375
0 0.446875 0.2515625 0.025 0.0515625
0 0.4734375 0.25390625 0.01875 0.0421875
0 0.5015625 0.25703125 0.025 0.05625
0 0.284375 0.253125 0.025 0.046875
0 0.33984375 0.25390625 0.0140625 0.028125
0 0.140625 0.25546875 0.025 0.0515625
0 0.80703125 0.2671875 0.0203125 0.046875
0 0.59453125 0.265625 0.01875 0.0375
0 0.71953125 0.2703125 0.025 0.0515625
0 0.97734375 0.03671875 0.01875 0.0421875
0 0.80625 0.03359375 0.01875 0.0421875
0 0.96953125 0.27421875 0.0234375 0.0375
0 0.6796875 0.26953125 0.01875 0.0375
0 0.32109375 0.265625 0.0234375 0.0375
0 0.41328125 0.271875 0.0203125 0.05625
0 0.6265625 0.27578125 0.0203125 0.05625
0 0.8765625 0.2796875 0.0203125 0.046875
0 0.103125 0.26875 0.025 0.0515625
0 0.54296875 0.2765625 0.025 0.0515625
0 0.81640625 0.28359375 0.01875 0.0375
0 0.23984375 0.2734375 0.0234375 0.0328125
0 0.13125 0.278125 0.01875 0.0421875
0 0.4390625 0.2859375 0.0203125 0.046875
0 0.9390625 0.29921875 0.0203125 0.046875
0 0.353125 0.2890625 0.01875 0.0328125
0 0.77265625 0.29609375 0.01875 0.0421875
0 0.46875 0.3 0.0203125 0.046875
0 0.65859375 0.30390625 0.01875 0.0421875
0 0.03359375 0.2953125 0.0234375 0.0421875
0 0.55625 0.30625 0.0203125 0.046875
0 0.86171875 0.31171875 0.0203125 0.046875
0 0.5125 0.03203125 0.009375 0.028125
0 0.60703125 0.03359375 0.0140625 0.0375
0 0.2390625 0.303125 0.0234375 0.0375
0 0.10703125 0.303125 0.0140625 0.0234375
0 0.18359375 0.3046875 0.01875 0.0328125
0 0.296875 0.30625 0.01875 0.0375
0 0.61640625 0.3125 0.01875 0.0421875
0 0.96875 0.3203125 0.0203125 0.0515625
0 0.2625 0.30859375 0.01875 0.0421875
0 0.67890625 0.315625 0.01875 0.0375
0 0.3296875 0.309375 0.01875 0.0421875
0 0.14453125 0.30859375 0.0203125 0.0515625
0 0.36875 0.31484375 0.01875 0.0421875
0 0.815625 0.32265625 0.01875 0.0421875
0 0.7390625 0.328125 0.0203125 0.0515625
0 0.0890625 0.3171875 0.01875 0.0375
0 0.1359375 0.02578125 0.01875 0.0421875
0 0.57734375 0.03359375 0.01875 0.0421875
0 0.8828125 0.03828125 0.0203125 0.046875
0 0.40625 0.3296875 0.0203125 0.046875
0 0.7046875 0.33515625 0.0203125 0.046875
0 0.77890625 0.3359375 0.0203125 0.046875
0 0.90390625 0.340625 0.0203125 0.0515625
0 0.04921875 0.328125 0.01875 0.0421875
0 0.51953125 0.3359375 0.01875 0.0421875
0 0.59140625 0.3375 0.0296875 0.05625
0 0.84921875 0.346875 0.025 0.0515625
0 0.23671875 0.3359375 0.01875 0.0375
0 0.44296875 0.33984375 0.025 0.046875
0 0.29453125 0.3390625 0.0234375 0.0421875
0 0.47890625 0.34453125 0.025 0.0515625
0 0.0171875 0.33828125 0.01875 0.0421875
0 0.10859375 0.33984375 0.025 0.046875
0 0.9328125 0.3546875 0.01875 0.0375
0 0.921875 0.04140625 0.0203125 0.0515625
0 0.55390625 0.03515625 0.0140625 0.0375
0 0.6421875 0.03671875 0.0140625 0.028125
0 0.159375 0.340625 0.0203125 0.046875
0 0.64609375 0.3515625 0.025 0.05625
0 0.67109375 0.3546875 0.025 0.0515625
0 0.971875 0.36015625 0.01875 0.0421875
0 0.08125 0.34921875 0.0203125 0.0515625
0 0.1921875 0.35546875 0.0203125 0.046875
0 0.55546875 0.36171875 0.0203125 0.0515625
0 0.57421875 0.3671875 0.01875 0.0375
0 0.47578125 0.0359375 0.0140625 0.0375
0 0.99296875 0.37890625 0.0109375 0.05625
0 0.3078125 0.3671875 0.025 0.046875
0 0.0484375 0.3625 0.0203125 0.046875
0 0.3609375 0.3703125 0.0203125 0.046875
0 0.33828125 0.371875 0.0203125 0.046875
0 0.259375 0.37109375 0.025 0.05625
0 0.21796875 0.37265625 0.0203125 0.0515625
0 0.7109375 0.38125 0.0203125 0.046875
0 0.6109375 0.38125 0.025 0.046875
0 0.73828125 0.3859375 0.025 0.065625
0 0.01640625 0.3734375 0.01875 0.0421875
0 0.38671875 0.3796875 0.01875 0.0421875
0 0.50703125 0.384375 0.025 0.0515625
0 0.52890625 0.03984375 0.0140625 0.028125
0 0.8484375 0.0453125 0.0203125 0.046875
0 0.13359375 0.38515625 0.01875 0.0375
0 0.23515625 0.3890625 0.0203125 0.0515625
0 0.7796875 0.3984375 0.0203125 0.05625
0 0.8140625 0.39921875 0.0296875 0.0609375
0 0.953125 0.40390625 0.025 0.0515625
0 0.18671875 0.390625 0.025 0.046875
0 0.10546875 0.39140625 0.01875 0.0375
0 0.5359375 0.4015625 0.0203125 0.05625
0 0.0640625 0.39296875 0.01875 0.0375
0 0.0296875 0.40078125 0.01875 0.0375
0 0.72109375 0.0453125 0.01875 0.028125
0 0.57578125 0.41328125 0.028125 0.0421875
0 0.1453125 0.40546875 0.025 0.046875
0 0.45546875 0.4109375 0.025 0.046875
0 0.65 0.4140625 0.0203125 0.046875
0 0.9 0.42109375 0.025 0.0515625
0 0.425 0.4125 0.025 0.046875
0 0.8578125 0.42265625 0.025 0.046875
0 0.01328125 0.41953125 0.0234375 0.0375
0 0.0515625 0.0359375 0.01875 0.0375
0 0.309375 0.4296875 0.01875 0.0421875
0 0.040625 0.42734375 0.025 0.05625
0 0.91953125 0.44453125 0.025 0.0515625
0 0.28125 0.4359375 0.0203125 0.0515625
0 0.5171875 0.4421875 0.025 0.0609375
0 0.253125 0.4421875 0.0234375 0.0421875
0 0.96875 0.4546875 0.0203125 0.046875
0 0.10703125 0.4421875 0.0203125 0.046875
0 0.0703125 0.44140625 0.0203125 0.046875
0 0.734375 0.453125 0.0203125 0.05625
0 0.3734375 0.04140625 0.0140625 0.0375
0 0.95 0.05390625 0.01875 0.0421875
0 0.3875 0.44921875 0.0296875 0.0515625
0 0.69765625 0.45703125 0.025 0.0703125
0 0.49140625 0.45625 0.0203125 0.065625
0 0.3453125 0.45625 0.0203125 0.046875
0 0.78984375 0.46328125 0.025 0.065625
0 0.128125 0.4546875 0.025 0.0515625
0 0.6578125 0.4640625 0.0296875 0.046875
0 0.01015625 0.45234375 0.0140625 0.0328125
0 0.6140625 0.465625 0.025 0.046875
0 0.825 0.47109375 0.0296875 0.0515625
0 0.225 0.4609375 0.0296875 0.065625
0 0.1671875 0.4640625 0.01875 0.0375
0 0.76640625 0.4859375 0.025 0.05625
0 0.55546875 0.484375 0.0296875 0.0609375
0 0.19921875 0.48046875 0.0203125 0.05625
0 0.053125 0.478125 0.025 0.046875
0 0.2984375 0.484375 0.025 0.05625
0 0.98828125 0.496875 0.015625 0.0515625
0 0.07890625 0.48125 0.01875 0.0328125
0 0.1828125 0.48515625 0.025 0.0609375
0 0.2921875 0.04453125 0.025 0.0515625
0 0.0390625 0.4875 0.0203125 0.046875
0 0.4375 0.49453125 0.025 0.046875
0 0.95859375 0.50546875 0.0203125 0.0515625
0 0.01171875 0.490625 0.0234375 0.046875
0 0.33359375 0.5015625 0.0234375 0.0421875
0 0.41875 0.5078125 0.025 0.046875
0 0.2671875 0.046875 0.01875 0.0375
0 0.5859375 0.5203125 0.0296875 0.05625
0 0.15546875 0.5125 0.025 0.0515625
0 0.7078125 0.525 0.0296875 0.0515625
0 0.5046875 0.52109375 0.0296875 0.0515625
0 0.09921875 0.51640625 0.0140625 0.0328125
0 0.1171875 0.5234375 0.0203125 0.0515625
0 0.46015625 0.5296875 0.025 0.065625
0 0.04765625 0.52421875 0.0234375 0.028125
0 0.6953125 0.05625 0.01875 0.0375
0 0.84609375 0.53828125 0.025 0.0609375
0 0.0875 0.52734375 0.025 0.0515625
0 0.371875 0.534375 0.025 0.0515625
0 0.2703125 0.5328125 0.01875 0.0421875
0 0.2234375 0.534375 0.0234375 0.0421875
0 0.4109375 0.5375 0.025 0.05625
0 0.65 0.54375 0.0296875 0.0609375
0 0.6171875 0.54609375 0.0203125 0.0515625
0 0.0109375 0.53984375 0.0140625 0.0421875
0 0.90234375 0.5578125 0.025 0.0609375
0 0.503125 0.05546875 0.0140625 0.0234375
0 0.75078125 0.06015625 0.0203125 0.046875
0 0.3375 0.55 0.025 0.0515625
0 0.140625 0.55625 0.025 0.05625
0 0.7609375 0.5671875 0.025 0.0609375
0 0.05703125 0.55703125 0.025 0.05625
0 0.96171875 0.57734375 0.0296875 0.0703125
0 0.29921875 0.56875 0.01875 0.0421875
0 0.09375 0.05078125 0.0203125 0.046875
0 0.7296875 0.578125 0.025 0.065625
0 0.53046875 0.5796875 0.01875 0.0421875
0 0.01953125 0.575 0.0203125 0.0515625
0 0.5078125 0.58359375 0.025 0.046875
0 0.1 0.58359375 0.025 0.046875
0 0.19296875 0.5875 0.025 0.046875
0 0.39921875 0.05859375 0.0234375 0.0421875
0 0.1671875 0.5890625 0.01875 0.0375
0 0.12578125 0.59296875 0.01875 0.0421875
0 0.37109375 0.596875 0.025 0.0515625
0 0.23671875 0.59453125 0.025 0.0609375
0 0.1578125 0.60703125 0.0203125 0.046875
0 0.671875 0.065625 0.0234375 0.0375
0 0.615625 0.6296875 0.0296875 0.0609375
0 0.021875 0.05390625 0.025 0.05625
0 0.16484375 0.05625 0.01875 0.028125
0 0.47578125 0.0640625 0.0140625 0.028125
0 0.76953125 0.06953125 0.01875 0.0328125
0 0.4375 0.6359375 0.025 0.0515625
0 0.67578125 0.6421875 0.025 0.0703125
0 0.01171875 0.6328125 0.0203125 0.0609375
0 0.5765625 0.64296875 0.0296875 0.0609375
0 0.89609375 0.6484375 0.025 0.065625
0 0.27109375 0.63984375 0.0203125 0.0515625
0 0.08125 0.63671875 0.0203125 0.0609375
0 0.4140625 0.64453125 0.025 0.05625
0 0.0484375 0.63828125 0.0203125 0.05625
0 0.1109375 0.64375 0.0296875 0.0515625
0 0.8515625 0.65703125 0.025 0.0609375
0 0.2296875 0.06015625 0.01875 0.0421875
0 0.79453125 0.06953125 0.015625 0.046875
0 0.640625 0.6578125 0.0203125 0.065625
0 0.9484375 0.67890625 0.0328125 0.05625
0 0.28828125 0.671875 0.0296875 0.0609375
0 0.459375 0.06875 0.01875 0.028125
0 0.03828125 0.67734375 0.0203125 0.0515625
0 0.98515625 0.69609375 0.025 0.084375
0 0.0078125 0.67890625 0.015625 0.0609375
0 0.3328125 0.684375 0.025 0.0609375
0 0.48046875 0.6921875 0.025 0.0609375
0 0.12890625 0.68828125 0.025 0.0515625
0 0.7125 0.703125 0.025 0.075
0 0.184375 0.69609375 0.025 0.0515625
0 0.60703125 0.7078125 0.025 0.0515625
0 0.0796875 0.7015625 0.01875 0.0375
0 0.5171875 0.71328125 0.0296875 0.0609375
0 0.14921875 0.709375 0.0203125 0.0609375
0 0.6375 0.07421875 0.01875 0.0328125
0 0.50078125 0.071875 0.0140625 0.028125
0 0.0703125 0.0640625 0.0234375 0.0375
0 0.86328125 0.078125 0.0140625 0.0421875
0 0.90546875 0.07890625 0.01875 0.0421875
0 0.028125 0.71015625 0.025 0.0609375
0 0.753125 0.72265625 0.0296875 0.065625
0 0.5421875 0.7203125 0.0296875 0.0609375
0 0.39921875 0.7203125 0.025 0.065625
0 0.36171875 0.721875 0.0203125 0.05625
0 0.20703125 0.72109375 0.0203125 0.046875
0 0.80859375 0.7390625 0.0296875 0.0703125
0 0.34140625 0.07109375 0.025 0.046875
0 0.09765625 0.73359375 0.0234375 0.0421875
0 0.55859375 0.74375 0.0296875 0.0609375
0 0.85625 0.75390625 0.0296875 0.0609375
0 0.125 0.74375 0.0296875 0.0609375
0 0.2546875 0.7484375 0.01875 0.0421875
0 0.03671875 0.74921875 0.0203125 0.046875
0 0.60859375 0.7703125 0.0296875 0.0609375
0 0.4609375 0.76796875 0.025 0.065625
0 0.00703125 0.76015625 0.0140625 0.0609375
0 0.18984375 0.76796875 0.025 0.05625
0 0.0625 0.7703125 0.025 0.0609375
0 0.10625 0.071875 0.01875 0.0328125
0 0.21953125 0.7796875 0.025 0.046875
0 0.4046875 0.7828125 0.025 0.05625
0 0.365625 0.78671875 0.025 0.0609375
0 0.15703125 0.78515625 0.0203125 0.0515625
0 0.265625 0.78984375 0.025 0.05625
0 0.02578125 0.78515625 0.0234375 0.0421875
0 0.50859375 0.79609375 0.0296875 0.0609375
0 0.61796875 0.08359375 0.01875 0.0375
0 0.53046875 0.08203125 0.01875 0.0421875
0 0.43671875 0.79765625 0.025 0.0609375
0 0.65859375 0.80390625 0.0296875 0.065625
0 0.9828125 0.81875 0.025 0.065625
0 0.47578125 0.8125 0.025 0.05625
0 0.37734375 0.08125 0.0140625 0.0375
0 0.11953125 0.81328125 0.025 0.05625
0 0.0890625 0.81484375 0.0203125 0.065625
0 0.91796875 0.83828125 0.025 0.0609375
0 0.17734375 0.828125 0.0296875 0.065625
0 0.3046875 0.8328125 0.0296875 0.065625
0 0.446875 0.0828125 0.01875 0.0375
0 0.5484375 0.084375 0.0140625 0.0328125
0 0.5671875 0.084375 0.0203125 0.046875
0 0.87734375 0.08984375 0.01875 0.0375
0 0.93984375 0.09140625 0.0203125 0.046875
0 0.00625 0.83203125 0.0125 0.0421875
0 0.21796875 0.83984375 0.025 0.065625
0 0.0375 0.84140625 0.0296875 0.0515625
0 0.45703125 0.8484375 0.025 0.05625
0 0.74140625 0.8578125 0.0296875 0.065625
0 0.5171875 0.8609375 0.0203125 0.05625
0 0.19296875 0.86484375 0.025 0.05625
0 0.075 0.865625 0.0328125 0.0609375
0 0.2390625 0.8703125 0.025 0.046875
0 0.55859375 0.87578125 0.0296875 0.0703125
0 0.7265625 0.0921875 0.0140625 0.0375
0 0.146875 0.87578125 0.0203125 0.0515625
0 0.271875 0.878125 0.025 0.0703125
0 0.00859375 0.8828125 0.0171875 0.05625
0 0.3984375 0.88984375 0.0203125 0.05625
0 0.75703125 0.8984375 0.0203125 0.05625
0 0.59921875 0.8953125 0.0296875 0.065625
0 0.81484375 0.90390625 0.0296875 0.0703125
0 0.34453125 0.89609375 0.0203125 0.0515625
0 0.09453125 0.89375 0.025 0.0609375
0 0.23359375 0.0859375 0.01875 0.0375
0 0.41015625 0.0890625 0.01875 0.0375
0 0.778125 0.0953125 0.01875 0.0421875
0 0.4609375 0.9046875 0.025 0.0609375
0 0.6640625 0.9125 0.025 0.0609375
0 0.37265625 0.90703125 0.025 0.0515625
0 0.428125 0.9078125 0.025 0.075
0 0.696875 0.09609375 0.01875 0.0375
0 0.18203125 0.92265625 0.0203125 0.05625
0 0.34140625 0.9328125 0.0296875 0.0609375
0 0.69375 0.93828125 0.0296875 0.0609375
0 0.11953125 0.9359375 0.0296875 0.05625
0 0.95625 0.10234375 0.0203125 0.046875
0 0.88125 0.9515625 0.025 0.046875
0 0.4875 0.946875 0.025 0.0609375
0 0.21015625 0.946875 0.0375 0.0609375
0 0.40625 0.95 0.0296875 0.065625
0 0.25390625 0.95234375 0.025 0.05625
0 0.45078125 0.95546875 0.025 0.046875
0 0.00546875 0.9515625 0.0109375 0.05625
0 0.29765625 0.96015625 0.025 0.065625
0 0.97109375 0.9671875 0.0328125 0.065625
0 0.05703125 0.95546875 0.01875 0.0421875
0 0.0828125 0.95859375 0.0296875 0.065625
0 0.16796875 0.96015625 0.0296875 0.05625
0 0.6234375 0.971875 0.0328125 0.05625
0 0.76015625 0.975 0.0328125 0.05
0 0.04921875 0.96875 0.028125 0.0375
0 0.546875 0.9796875 0.0234375 0.0375
0 0.31796875 0.978125 0.01875 0.028125
0 0.503125 0.98125 0.0234375 0.0328125
0 0.19765625 0.978125 0.0234375 0.028125
0 0.575 0.98671875 0.028125 0.0265625
0 0.6625 0.10234375 0.01875 0.0328125
0 0.17109375 0.09609375 0.01875 0.028125
0 0.45625 0.10078125 0.01875 0.0375
0 0.0671875 0.09375 0.0203125 0.046875
0 0.36015625 0.01015625 0.0234375 0.0203125
0 0.75625 0.01640625 0.0140625 0.0234375
0 0.975 0.11015625 0.01875 0.0421875
0 0.49296875 0.10390625 0.0140625 0.0234375
0 0.52109375 0.10390625 0.0140625 0.0375
0 0.75 0.10859375 0.01875 0.0375
0 0.58828125 0.1078125 0.0140625 0.0421875
0 0.79140625 0.115625 0.01875 0.0328125
0 0.81484375 0.11875 0.0203125 0.046875
0 0.36328125 0.1109375 0.01875 0.028125
0 0.63671875 0.11796875 0.0140625 0.0375
0 0.8359375 0.12109375 0.0203125 0.046875
0 0.384375 0.115625 0.01875 0.0421875
0 0.428125 0.11640625 0.0140625 0.0328125
0 0.12265625 0.11328125 0.01875 0.0375
0 0.19609375 0.1171875 0.0140625 0.0421875
0 0.3421875 0.11953125 0.0140625 0.0421875
0 0.6359375 0.0140625 0.0140625 0.0140625
0 0.91171875 0.13203125 0.0203125 0.046875
0 0.2421875 0.1203125 0.0234375 0.0375
0 0.39765625 0.1234375 0.0140625 0.0375
0 0.4625 0.12421875 0.0140625 0.0375
0 0.87421875 0.13125 0.0140625 0.0328125
0 0.034375 0.1171875 0.0234375 0.0421875
0 0.478125 0.12421875 0.01875 0.0421875
0 0.56875 0.12578125 0.01875 0.0421875
0 0.16796875 0.12421875 0.01875 0.0375
0 0.70078125 0.1328125 0.01875 0.028125
0 0.72578125 0.13359375 0.01875 0.0328125
0 0.54296875 0.1328125 0.0203125 0.046875
0 0.73515625 0.13828125 0.01875 0.028125
0 0.75625 0.14140625 0.01875 0.0328125
0 0.621875 0.14140625 0.01875 0.0375
0 0.12578125 0.00859375 0.0140625 0.0171875
0 0.525 0.0140625 0.0140625 0.028125
0 0.56640625 0.01484375 0.0140625 0.01875
0 0.71484375 0.01796875 0.01875 0.028125
0 0.01328125 0.13515625 0.0140625 0.0375
0 0.3625 0.14375 0.0234375 0.0421875
0 0.3 0.14453125 0.0203125 0.0515625
0 0.78203125 0.153125 0.0203125 0.046875
0 0.94375 0.15625 0.0203125 0.046875
0 0.33515625 0.14765625 0.0203125 0.0515625
0 0.6546875 0.153125 0.0234375 0.0421875
0 0.684375 0.15625 0.0296875 0.046875
0 0.8578125 0.159375 0.01875 0.0375
0 0.415625 0.15390625 0.015625 0.046875
0 0.0203125 0.1484375 0.01875 0.028125
0 0.978125 0.165625 0.0140625 0.0328125
0 0.81640625 0.16484375 0.0203125 0.046875
0 0.203125 0.15625 0.01875 0.0375
0 0.1453125 0.0125 0.0140625 0.0234375
0 0.23515625 0.0140625 0.01875 0.028125
0 0.44375 0.01796875 0.0140625 0.028125
0 0.46875 0.165625 0.0140625 0.0328125
0 0.25078125 0.1640625 0.0234375 0.028125
0 0.52890625 0.16953125 0.0203125 0.075
0 0.7390625 0.17265625 0.01875 0.0421875
0 0.5703125 0.17265625 0.01875 0.0421875
0 0.13515625 0.1671875 0.025 0.0515625
0 0.68828125 0.17890625 0.025 0.0515625
0 0.55859375 0.1765625 0.01875 0.0421875
0 0.59609375 0.18203125 0.01875 0.0421875
0 0.62578125 0.18515625 0.0203125 0.046875
0 0.28359375 0.01640625 0.0234375 0.0328125
0 0.0734375 0.01328125 0.01875 0.0265625
0 0.40234375 0.0171875 0.01875 0.028125
0 0.50546875 0.18515625 0.0203125 0.046875
0 0.44296875 0.18671875 0.015625 0.046875
0 0.85234375 0.19375 0.0234375 0.0375
0 0.08203125 0.18046875 0.025 0.05625
0 0.39453125 0.18828125 0.015625 0.046875
0 0.41484375 0.18828125 0.0140625 0.028125
0 0.47734375 0.1890625 0.01875 0.0421875
0 0.3296875 0.19140625 0.0140625 0.0375
0 0.88984375 0.2015625 0.0203125 0.0515625
0 0.0171875 0.19296875 0.025 0.05625