0 0.20859375 0.3984375 0.00625 0.00625
0 0.95859375 0.27421875 0.015625 0.0125
0 0.875 0.30234375 0.0171875 0.0171875
0 0.88359375 0.303125 0.0109375 0.0109375
0 0.91796875 0.29609375 0.0109375 0.0109375
0 0.934375 0.29296875 0.0109375 0.0109375
0 0.94765625 0.29296875 0.0109375 0.0109375
0 0.09375 0.4609375 0.00625 0.009375
0 0.00234375 0.4796875 0.0046875 0.015625
0 0.78203125 0.32734375 0.00625 0.009375
0 0.72421875 0.34375 0.0109375 0.0109375
0 0.74296875 0.33984375 0.0109375 0.0109375
0 0.08046875 0.46875 0.00625 0.009375
0 0.01796875 0.48046875 0.0125 0.015625
0 0.93125 0.303125 0.0125 0.015625
0 0.0265625 0.48125 0.0109375 0.0109375
0 0.06796875 0.4734375 0.0125 0.015625
0 0.14453125 0.45859375 0.0109375 0.0109375
0 0.75234375 0.340625 0.0109375 0.0109375
0 0.11875 0.465625 0.00625 0.00625
0 0.77734375 0.3375 0.00625 0.00625
0 0.7890625 0.3359375 0.0109375 0.0109375
0 0.9203125 0.31015625 0.0109375 0.0109375
0 0.14140625 0.46171875 0.0078125 0.0140625
0 0.43515625 0.40703125 0.0109375 0.0109375
0 0.05078125 0.48125 0.0109375 0.0109375
0 0.6828125 0.35859375 0.0109375 0.0109375
0 0.8171875 0.33515625 0.0109375 0.0109375
0 0.51875 0.39296875 0.0125 0.015625
0 0.56953125 0.3828125 0.0125 0.015625
0 0.903125 0.31796875 0.0109375 0.0109375
0 0.74453125 0.34921875 0.0109375 0.0109375
0 0.36484375 0.42265625 0.00625 0.009375
0 0.50390625 0.39609375 0.0109375 0.0109375
0 0.5921875 0.37890625 0.0125 0.015625
0 0.6484375 0.36796875 0.0125 0.015625
0 0.7328125 0.3515625 0.0109375 0.0109375
0 0.83046875 0.33203125 0.0125 0.015625
0 0.91015625 0.3171875 0.00625 0.009375
0 0.66484375 0.36484375 0.0109375 0.0109375
0 0.67421875 0.3625 0.0109375 0.0109375
0 0.80859375 0.3390625 0.0109375 0.0109375
0 0.8375 0.33359375 0.0125 0.015625
0 0.1109375 0.47421875 0.0109375 0.0109375
0 0.34453125 0.42890625 0.0109375 0.0109375
0 0.6171875 0.37578125 0.0109375 0.0109375
0 0.3203125 0.43359375 0.0109375 0.0109375
0 0.35859375 0.4265625 0.0109375 0.0109375
0 0.63515625 0.37265625 0.0109375 0.0109375
0 0.7765625 0.3453125 0.0109375 0.0109375
0 0.55859375 0.3875 0.0109375 0.0109375
0 0.9609375 0.31171875 0.025 0.0578125
0 0.4859375 0.40390625 0.0109375 0.0109375
0 0.6015625 0.38125 0.00625 0.009375
0 0.5765625 0.38671875 0.0109375 0.0109375
0 0.4515625 0.4109375 0.0109375 0.0109375
0 0.1203125 0.475 0.00625 0.009375
0 0.24296875 0.4515625 0.00625 0.009375
0 0.54296875 0.39296875 0.0109375 0.0109375
0 0.6109375 0.3796875 0.0125 0.015625
0 0.13203125 0.475 0.00625 0.009375
0 0.67265625 0.3703125 0.0109375 0.0109375
0 0.68671875 0.3671875 0.00625 0.00625
0 0.16171875 0.46953125 0.00625 0.00625
0 0.2890625 0.44453125 0.0625 0.0734375
0 0.7296875 0.359375 0.0171875 0.0171875
0 0.765625 0.35234375 0.0109375 0.0109375
0 0.234375 0.45546875 0.0109375 0.0109375
0 0.4296875 0.4171875 0.0109375 0.0109375
0 0.82265625 0.3421875 0.0109375 0.0109375
0 0.709375 0.36484375 0.0109375 0.0109375
0 0.31640625 0.440625 0.00625 0.00625
0 0.69140625 0.36796875 0.00625 0.009375
0 0.86640625 0.334375 0.0109375 0.0109375
0 0.34140625 0.4359375 0.00625 0.009375
0 0.5734375 0.390625 0.0109375 0.0109375
0 0.32578125 0.4390625 0.009375 0.00625
0 0.41875 0.42109375 0.009375 0.00625
0 0.81484375 0.346875 0.0125 0.015625
0 0.40546875 0.42578125 0.0109375 0.0109375
0 0.5375 0.40078125 0.00625 0.009375
0 0.59140625 0.38984375 0.0109375 0.0109375
0 0.09609375 0.4859375 0.0109375 0.0109375
0 0.03046875 0.49921875 0.0125 0.015625
0 0.51640625 0.4046875 0.0109375 0.0109375
0 0.63046875 0.38203125 0.0125 0.015625
0 0.64375 0.3796875 0.00625 0.009375
0 0.87421875 0.3375 0.0109375 0.0109375
0 0.74453125 0.3625 0.0109375 0.0109375
0 0.2375 0.4609375 0.0109375 0.0109375
0 0.5109375 0.4078125 0.0125 0.015625
0 0.5265625 0.40703125 0.0125 0.015625
0 0.68125 0.37734375 0.0109375 0.0109375
0 0.86328125 0.3421875 0.0109375 0.0109375
0 0.47421875 0.4171875 0.0125 0.015625
0 0.56328125 0.4 0.00625 0.009375
0 0.89765625 0.3375 0.0171875 0.0171875
0 0.4296875 0.42890625 0.0125 0.015625
0 0.70390625 0.375 0.0109375 0.0109375
0 0.4109375 0.43203125 0.0125 0.015625
0 0.95234375 0.3296875 0.0109375 0.0109375
0 0.52265625 0.4125 0.0109375 0.0109375
0 0.54140625 0.409375 0.0109375 0.0109375
0 0.50546875 0.41640625 0.00625 0.009375
0 0.6640625 0.38515625 0.0171875 0.0171875
0 0.24140625 0.4671875 0.00625 0.009375
0 0.4703125 0.42265625 0.0125 0.015625
0 0.49609375 0.41796875 0.0171875 0.0171875
0 0.62578125 0.39296875 0.0109375 0.0109375
0 0.23046875 0.471875 0.0125 0.015625
0 0.55078125 0.409375 0.0125 0.015625
0 0.7140625 0.378125 0.0109375 0.0109375
0 0.92578125 0.33671875 0.0125 0.015625
0 0.44453125 0.43046875 0.0109375 0.0109375
0 0.18125 0.484375 0.00625 0.009375
0 0.45546875 0.43046875 0.0125 0.015625
0 0.696875 0.38359375 0.0125 0.015625
0 0.4171875 0.43828125 0.00625 0.009375
0 0.79453125 0.36484375 0.0109375 0.0109375
0 0.75625 0.37421875 0.0109375 0.0109375
0 0.53359375 0.41796875 0.0125 0.015625
0 0.31796875 0.46171875 0.0171875 0.0171875
0 0.47265625 0.43203125 0.0125 0.015625
0 0.90625 0.34765625 0.0125 0.015625
0 0.8796875 0.353125 0.0171875 0.0171875
0 0.48828125 0.42890625 0.00625 0.009375
0 0.58359375 0.41015625 0.0109375 0.0109375
0 0.7578125 0.37890625 0.009375 0.00625
0 0.3875 0.453125 0.0109375 0.0109375
0 0.5171875 0.428125 0.0125 0.015625
0 0.5234375 0.42734375 0.00625 0.009375
0 0.64609375 0.403125 0.0171875 0.0171875
0 0.54375 0.42265625 0.0125 0.015625
0 0.6078125 0.4109375 0.0109375 0.0109375
0 0.72109375 0.38828125 0.0109375 0.0109375
0 0.92109375 0.35 0.0125 0.015625
0 0.4078125 0.44921875 0.0078125 0.0140625
0 0.8984375 0.35625 0.0125 0.015625
0 0.9125 0.35390625 0.0125 0.015625
0 0.63359375 0.4078125 0.0171875 0.0171875
0 0.2671875 0.47890625 0.0125 0.015625
0 0.7015625 0.39453125 0.0109375 0.0109375
0 0.49921875 0.434375 0.0125 0.015625
0 0.8875 0.3609375 0.0109375 0.0109375
0 0.46015625 0.44375 0.0125 0.015625
0 0.48828125 0.43828125 0.0109375 0.0109375
0 0.43359375 0.44921875 0.0125 0.015625
0 0.41953125 0.4515625 0.0109375 0.0109375
0 0.60390625 0.41640625 0.0109375 0.0109375
0 0.78125 0.38203125 0.0171875 0.0171875
0 0.56796875 0.42578125 0.0125 0.015625
0 0.6890625 0.40234375 0.0125 0.015625
0 0.809375 0.37890625 0.0171875 0.0171875
0 0.79765625 0.38125 0.0125 0.015625
0 0.86796875 0.3671875 0.0109375 0.0109375
0 0.584375 0.425 0.0125 0.015625
0 0.715625 0.39921875 0.0125 0.015625
0 0.5296875 0.43515625 0.0171875 0.0171875
0 0.75546875 0.39140625 0.0109375 0.0109375
0 0.4 0.46015625 0.0171875 0.0171875
0 0.4828125 0.446875 0.0171875 0.0171875
0 0.90078125 0.365625 0.0125 0.015625
0 0.14453125 0.5125 0.0125 0.015625
0 0.4671875 0.45234375 0.0125 0.015625
0 0.1359375 0.51640625 0.0171875 0.0171875
0 0.0859375 0.5265625 0.0109375 0.0109375
0 0.196875 0.5046875 0.0109375 0.0109375
0 0.64375 0.41796875 0.0125 0.015625
0 0.06328125 0.5328125 0.0125 0.015625
0 0.41953125 0.4640625 0.0109375 0.0109375
0 0.8703125 0.3765625 0.0125 0.015625
0 0.82265625 0.3859375 0.0171875 0.0171875
0 0.57265625 0.43671875 0.0109375 0.0109375
0 0.63203125 0.425 0.0171875 0.0171875
0 0.91328125 0.3703125 0.0125 0.015625
0 0.45234375 0.46015625 0.0125 0.015625
0 0.51875 0.446875 0.0125 0.015625
0 0.1140625 0.528125 0.0125 0.015625
0 0.7890625 0.396875 0.0125 0.015625
0 0.39375 0.4734375 0.0171875 0.0171875
0 0.62109375 0.43203125 0.0171875 0.0171875
0 0.65234375 0.42578125 0.0109375 0.0109375
0 0.728125 0.4109375 0.0125 0.015625
0 0.6421875 0.428125 0.0125 0.015625
0 0.41640625 0.471875 0.0125 0.015625
0 0.74140625 0.40859375 0.0109375 0.0109375
0 0.13515625 0.52890625 0.0171875 0.0171875
0 0.07421875 0.540625 0.0125 0.015625
0 0.52890625 0.4546875 0.0125 0.015625
0 0.8609375 0.38984375 0.0171875 0.0171875
0 0.3859375 0.48203125 0.0125 0.015625
0 0.0421875 0.54921875 0.0125 0.015625
0 0.43359375 0.47578125 0.0171875 0.0203125
0 0.50234375 0.4625 0.0171875 0.0171875
0 0.509375 0.4609375 0.0171875 0.0171875
0 0.65859375 0.43203125 0.0125 0.015625
0 0.175 0.52578125 0.053125 0.071875
0 0.56640625 0.45234375 0.0125 0.015625
0 0.52109375 0.4609375 0.0125 0.015625
0 0.74140625 0.41796875 0.0125 0.015625
0 0.12109375 0.5390625 0.0171875 0.0171875
0 0.0921875 0.546875 0.0171875 0.0171875
0 0.64453125 0.4390625 0.0171875 0.0171875
0 0.7984375 0.409375 0.0125 0.0203125
0 0.4234375 0.48359375 0.0171875 0.0171875
0 0.88828125 0.39609375 0.0125 0.015625
0 0.721875 0.428125 0.0171875 0.0171875
0 0.8671875 0.4 0.0125 0.015625
0 0.65078125 0.4421875 0.0171875 0.0171875
0 0.77421875 0.4203125 0.040625 0.0515625
0 0.11328125 0.54921875 0.0125 0.015625
0 0.75390625 0.42421875 0.0125 0.0203125
0 0.8375 0.4078125 0.0171875 0.0171875
0 0.22421875 0.52734375 0.0125 0.015625
0 0.6 0.45703125 0.0484375 0.0484375
0 0.56640625 0.46328125 0.0171875 0.0171875
0 0.209375 0.5328125 0.0171875 0.0203125
0 0.66171875 0.446875 0.0125 0.015625
0 0.74375 0.43125 0.0171875 0.0171875
0 0.55078125 0.47109375 0.0171875 0.0203125
0 0.51015625 0.47890625 0.0171875 0.0171875
0 0.453125 0.48984375 0.0171875 0.0171875
0 0.53984375 0.47578125 0.0171875 0.0171875
0 0.71484375 0.44140625 0.0171875 0.0203125
0 0.5015625 0.4828125 0.015625 0.0125
0 0.2359375 0.53671875 0.0109375 0.0109375
0 0.8890625 0.4125 0.028125 0.028125
0 0.0890625 0.56796875 0.0171875 0.0203125
0 0.51875 0.48671875 0.0109375 0.0109375
0 0.578125 0.475 0.0125 0.015625
0 0.63671875 0.4640625 0.0171875 0.0171875
0 0.45078125 0.50234375 0.0171875 0.0171875
0 0.4125 0.5125 0.0390625 0.046875
0 0.43046875 0.50859375 0.0171875 0.0203125
0 0.5578125 0.48359375 0.0171875 0.0203125
0 0.02890625 0.58671875 0.0171875 0.0171875
0 0.38984375 0.51640625 0.0171875 0.0203125
0 0.46328125 0.50234375 0.0125 0.015625
0 0.84453125 0.43046875 0.0234375 0.0265625
0 0.68125 0.4625 0.034375 0.0421875
0 0.22109375 0.55390625 0.0171875 0.0171875
0 0.915625 0.41953125 0.0171875 0.0203125
0 0.11328125 0.575 0.021875 0.021875
0 0.7390625 0.45859375 0.0171875 0.0171875
0 0.659375 0.4734375 0.0234375 0.03125
0 0.44453125 0.515625 0.0171875 0.0203125
0 0.10546875 0.58125 0.021875 0.021875
0 0.3625 0.53359375 0.0296875 0.0359375
0 0.86328125 0.44140625 0.0390625 0.046875
0 0.234375 0.565625 0.0234375 0.03125
0 0.53984375 0.51171875 0.021875 0.021875
0 0.56796875 0.50859375 0.0171875 0.0203125
0 0.475 0.5375 0.05 0.053125
0 0.7515625 0.48359375 0.0390625 0.0421875
0 0.0484375 0.6296875 0.0328125 0.0328125
0 0.8984375 0.471875 0.0515625 0.0625
0 0.0296875 0.640625 0.03125 0.0453125
0 0.36484375 0.59453125 0.0375 0.0546875
0 0.79921875 0.52421875 0.0859375 0.1046875
0 0.43046875 0.603125 0.0453125 0.05625
0 0.71328125 0.553125 0.0578125 0.071875
0 0.57578125 0.58828125 0.0828125 0.1078125
0 0.05703125 0.70625 0.0625 0.0734375
0 0.15703125 0.7359375 0.090625 0.109375
0 0.12578125 0.88125 0.15625 0.21875