0 0.709375 0.65546875 0.021875 0.0296875
0 0.26015625 0.59453125 0.0265625 0.03125
0 0.36796875 0.61015625 0.0296875 0.04375
0 0.553125 0.6359375 0.034375 0.0453125
0 0.14140625 0.578125 0.03125 0.0578125
0 0.31484375 0.6046875 0.0171875 0.0296875
0 0.6171875 0.64765625 0.0234375 0.034375
0 0.14921875 0.58203125 0.0171875 0.0296875
0 0.284375 0.603125 0.0125 0.0203125
0 0.0140625 0.5671875 0.028125 0.0390625
0 0.446875 0.628125 0.0125 0.0203125
0 0.46953125 0.63359375 0.0296875 0.04375
0 0.42109375 0.6296875 0.0125 0.025
0 0.49921875 0.640625 0.0234375 0.0390625
0 0.5765625 0.6515625 0.0109375 0.015625
0 0.10703125 0.58515625 0.0265625 0.03125
0 0.56796875 0.65 0.0109375 0.015625
0 0.29921875 0.61484375 0.0171875 0.0296875
0 0.28984375 0.61328125 0.0171875 0.0296875
0 0.40703125 0.6296875 0.0109375 0.015625
0 0.4296875 0.6328125 0.0234375 0.034375
0 0.33515625 0.62421875 0.028125 0.0390625
0 0.52265625 0.65546875 0.034375 0.0453125
0 0.765625 0.68984375 0.0296875 0.04375
0 0.25234375 0.61953125 0.034375 0.0546875
0 0.1828125 0.61015625 0.0484375 0.0609375
0 0.59765625 0.6703125 0.0328125 0.040625
0 0.38828125 0.64296875 0.0265625 0.03125
0 0.009375 0.61796875 0.01875 0.1234375
0 0.86328125 0.7453125 0.0453125 0.0640625
0 0.05390625 0.52890625 0.04375 0.059375
0 0.609375 0.62265625 0.021875 0.0296875
0 0.8875 0.66875 0.040625 0.06875
0 0.2203125 0.575 0.0328125 0.040625
0 0.19765625 0.571875 0.0234375 0.034375
0 0.4703125 0.6125 0.021875 0.021875
0 0.128125 0.5671875 0.0390625 0.0546875
0 0.43359375 0.609375 0.015625 0.015625
0 0.6578125 0.64140625 0.021875 0.0265625
0 0.6734375 0.64609375 0.028125 0.0390625
0 0.50625 0.62265625 0.0125 0.0203125
0 0.18046875 0.5765625 0.0328125 0.040625
0 0.39375 0.60625 0.0171875 0.025
0 0.08359375 0.565625 0.034375 0.0453125
0 0.32890625 0.60234375 0.015625 0.015625