0 0.440625 0.18828125 0.0359375 0.04375
0 0.08125 0.15703125 0.0421875 0.071875
0 0.9671875 0.23671875 0.0421875 0.0578125
0 0.7796875 0.22265625 0.0421875 0.0625
0 0.39375 0.0109375 0.025 0.021875
0 0.990625 0.25078125 0.01875 0.0578125
0 0.36328125 0.2046875 0.0359375 0.053125
0 0.90703125 0.25390625 0.03125 0.0390625
0 0.62734375 0.23671875 0.0328125 0.0484375
0 0.38984375 0.2203125 0.0328125 0.0625
0 0.5375 0.23359375 0.053125 0.078125
0 0.65703125 0.2484375 0.046875 0.06875
0 0.7375 0.2578125 0.0296875 0.0265625
0 0.4625 0.234375 0.046875 0.0640625
0 0.83125 0.053125 0.03125 0.04375
0 0.76015625 0.046875 0.0328125 0.0484375
0 0.85703125 0.05546875 0.0265625 0.0390625
0 0.92109375 0.28125 0.0421875 0.0625
0 0.83828125 0.2765625 0.0328125 0.0578125
0 0.33984375 0.2328125 0.028125 0.0484375
0 0.60703125 0.25859375 0.040625 0.053125
0 0.959375 0.29140625 0.0421875 0.0578125
0 0.81328125 0.2859375 0.028125 0.0625
0 0.42421875 0.25390625 0.0421875 0.0671875
0 0.578125 0.26796875 0.03125 0.0390625
0 0.14921875 0.23046875 0.0375 0.0671875
0 0.73984375 0.28203125 0.034375 0.0265625
0 0.31953125 0.24765625 0.0421875 0.0625
0 0.7828125 0.3 0.0453125 0.059375
0 0.6296875 0.28828125 0.03125 0.034375
0 0.1046875 0.24296875 0.046875 0.0734375
0 0.86484375 0.31171875 0.0421875 0.071875
0 0.92421875 0.065625 0.03125 0.03125
0 0.9921875 0.071875 0.015625 0.04375
0 0.66015625 0.2953125 0.0359375 0.04375
0 0.75546875 0.3109375 0.03125 0.04375
0 0.0703125 0.2578125 0.0421875 0.0625
0 0.72578125 0.31484375 0.046875 0.0640625
0 0.259375 0.27421875 0.0375 0.0578125
0 0.3671875 0.2859375 0.040625 0.053125
0 0.62890625 0.03984375 0.03125 0.04375
0 0.6609375 0.04296875 0.0359375 0.0484375
0 0.92421875 0.346875 0.0328125 0.0625
0 0.1734375 0.2828125 0.059375 0.059375
0 0.56484375 0.3171875 0.0484375 0.078125
0 0.98828125 0.3546875 0.0234375 0.03125
0 0.446875 0.309375 0.0515625 0.0734375
0 0.5234375 0.31640625 0.046875 0.0640625
0 0.48125 0.3171875 0.0484375 0.078125
0 0.03125 0.28046875 0.0359375 0.0859375
0 0.66796875 0.3359375 0.0453125 0.05
0 0.59609375 0.3296875 0.0484375 0.078125
0 0.83125 0.35234375 0.0375 0.0625
0 0.48046875 0.03125 0.0265625 0.0296875
0 0.5890625 0.040625 0.0421875 0.0671875
0 0.9 0.06796875 0.0234375 0.046875
0 0.940625 0.3765625 0.046875 0.0734375
0 0.978125 0.3796875 0.0328125 0.053125
0 0.6375 0.3609375 0.046875 0.06875
0 0.91796875 0.3921875 0.021875 0.0421875
0 0.49921875 0.0328125 0.03125 0.0390625
0 0.52890625 0.03515625 0.034375 0.0390625
0 0.88203125 0.06875 0.021875 0.0421875
0 0.3671875 0.34375 0.0421875 0.0625
0 0.33671875 0.34609375 0.046875 0.06875
0 0.08984375 0.32890625 0.034375 0.0390625
0 0.6421875 0.01484375 0.0234375 0.0109375
0 0.69296875 0.05390625 0.0359375 0.04375
0 0.22734375 0.35078125 0.05625 0.06875
0 0.05078125 0.3421875 0.0484375 0.078125
0 0.7359375 0.40234375 0.053125 0.078125
0 0.39453125 0.37734375 0.05 0.0546875
0 0.2046875 0.01640625 0.03125 0.0328125
0 0.959375 0.07734375 0.03125 0.04375
0 0.13984375 0.00859375 0.0296875 0.0171875
0 0.096875 0.3578125 0.0265625 0.0296875
0 0.98515625 0.43828125 0.0296875 0.1046875
0 0.94140625 0.44375 0.0359375 0.053125
0 0.90703125 0.4421875 0.0453125 0.059375
0 0.23359375 0.38359375 0.046875 0.0734375
0 0.125 0.37890625 0.046875 0.06875
0 0.81015625 0.06640625 0.021875 0.0296875
0 0.67734375 0.43125 0.046875 0.0734375
0 0.48359375 0.41953125 0.028125 0.053125
0 0.603125 0.4296875 0.046875 0.0734375
0 0.34609375 0.02890625 0.0359375 0.053125
0 0.78671875 0.0671875 0.0265625 0.0390625
0 0.54921875 0.43671875 0.0484375 0.0875
0 0.2953125 0.41953125 0.0484375 0.078125
0 0.7953125 0.465625 0.0484375 0.0921875
0 0.50234375 0.4421875 0.0421875 0.0671875
0 0.23203125 0.02109375 0.0328125 0.0421875
0 0.0265625 0.41484375 0.0453125 0.0546875
0 0.0796875 0.41953125 0.0578125 0.078125
0 0.38828125 0.453125 0.053125 0.0875
0 0.46875 0.4625 0.0359375 0.04375
0 0.7234375 0.06640625 0.03125 0.03125
0 0.9125 0.50546875 0.046875 0.0640625
0 0.265625 0.44921875 0.046875 0.0734375
0 0.05 0.0140625 0.021875 0.028125
0 0.76875 0.5140625 0.0390625 0.0390625
0 0.29296875 0.475 0.028125 0.0484375
0 0.625 0.50625 0.0421875 0.0671875
0 0.65546875 0.50859375 0.05 0.096875
0 0.96796875 0.53828125 0.0421875 0.0671875
0 0.0265625 0.46796875 0.053125 0.0546875
0 0.88671875 0.54765625 0.0578125 0.0875
0 0.984375 0.56328125 0.0296875 0.0765625
0 0.421875 0.51640625 0.046875 0.06875
0 0.175 0.02265625 0.0359375 0.04375
0 0.91484375 0.0875 0.021875 0.0328125
0 0.36875 0.03984375 0.028125 0.0484375
0 0.3984375 0.0421875 0.028125 0.0484375
0 0.084375 0.01953125 0.028125 0.0390625
0 0.7125 0.54453125 0.0484375 0.0875
0 0.5875 0.5359375 0.0484375 0.0828125
0 0.8546875 0.56171875 0.0359375 0.0484375
0 0.50234375 0.53046875 0.0515625 0.0640625
0 0.46953125 0.5296875 0.0375 0.0625
0 0.74609375 0.55390625 0.0421875 0.071875
0 0.14453125 0.50078125 0.034375 0.0765625
0 0.2984375 0.51484375 0.0546875 0.0453125
0 0.98515625 0.09609375 0.0296875 0.0484375
0 0.1125 0.0203125 0.03125 0.040625
0 0.76875 0.07734375 0.0265625 0.04375
0 0.334375 0.5390625 0.04375 0.0765625
0 0.18125 0.53046875 0.059375 0.1015625
0 0.77734375 0.5890625 0.0578125 0.0875
0 0.259375 0.54609375 0.0375 0.0671875
0 0.01796875 0.534375 0.0359375 0.1
0 0.1078125 0.54453125 0.0484375 0.040625
0 0.94765625 0.61875 0.0484375 0.0828125
0 0.2921875 0.565625 0.0515625 0.0640625
0 0.04453125 0.55078125 0.046875 0.06875
0 0.478125 0.05625 0.0265625 0.0296875
0 0.4765625 0.60234375 0.0625 0.078125
0 0.8875 0.64296875 0.0484375 0.0875
0 0.85625 0.65390625 0.03125 0.04375
0 0.2765625 0.6109375 0.0640625 0.046875
0 0.571875 0.63671875 0.0578125 0.0828125
0 0.9765625 0.68125 0.025 0.065625
0 0.0859375 0.60546875 0.04375 0.0765625
0 0.925 0.6859375 0.0375 0.0578125
0 0.1453125 0.6203125 0.0484375 0.0828125
0 0.93671875 0.10390625 0.03125 0.04375
0 0.0203125 0.6171875 0.040625 0.0875
0 0.0984375 0.625 0.0484375 0.0828125
0 0.77109375 0.68828125 0.0390625 0.0390625
0 0.4921875 0.66875 0.04375 0.08125
0 0.7 0.68671875 0.0625 0.0921875
0 0.51875 0.67578125 0.046875 0.06875
0 0.50078125 0.065625 0.025 0.025
0 0.44296875 0.06328125 0.0328125 0.0484375
0 0.26953125 0.6609375 0.059375 0.059375
0 0.43125 0.67734375 0.0578125 0.0921875
0 0.63125 0.7046875 0.053125 0.078125
0 0.52578125 0.0703125 0.040625 0.0484375
0 0.83046875 0.7265625 0.059375 0.096875
0 0.88359375 0.740625 0.0546875 0.1
0 0.96796875 0.75234375 0.0296875 0.0765625
0 0.74921875 0.7359375 0.0640625 0.1109375
0 0.6359375 0.08203125 0.03125 0.0390625
0 0.72890625 0.090625 0.03125 0.0390625
0 0.784375 0.75234375 0.046875 0.0640625
0 0.60703125 0.74140625 0.0546875 0.0546875
0 0.8 0.09921875 0.0328125 0.053125
0 0.659375 0.08671875 0.0328125 0.053125
0 0.31328125 0.725 0.053125 0.0921875
0 0.47578125 0.746875 0.0484375 0.0828125
0 0.13984375 0.04375 0.03125 0.04375
0 0.50390625 0.7515625 0.046875 0.06875
0 0.24296875 0.7328125 0.0484375 0.0875
0 0.6875 0.77421875 0.0484375 0.078125
0 0.0171875 0.71640625 0.034375 0.1015625
0 0.2625 0.05390625 0.03125 0.04375
0 0.2921875 0.059375 0.028125 0.0625
0 0.03828125 0.73203125 0.0578125 0.078125
0 0.1953125 0.75 0.059375 0.096875
0 0.93671875 0.81953125 0.06875 0.1015625
0 0.25859375 0.76015625 0.04375 0.0765625
0 0.22734375 0.053125 0.0296875 0.021875
0 0.96328125 0.11796875 0.0203125 0.025
0 0.2140625 0.05234375 0.021875 0.0421875
0 0.421875 0.0703125 0.0265625 0.034375
0 0.88203125 0.1109375 0.0265625 0.0296875
0 0.60390625 0.796875 0.05 0.1046875
0 0.12421875 0.7640625 0.0671875 0.0890625
0 0.34765625 0.78359375 0.053125 0.0921875
0 0.8296875 0.84453125 0.0625 0.078125
0 0.7 0.09921875 0.0359375 0.04375
0 0.059375 0.04375 0.0328125 0.053125
0 0.4375 0.8453125 0.03125 0.0859375
0 0.4625 0.85 0.0546875 0.1
0 0.50625 0.853125 0.0703125 0.115625
0 0.11171875 0.053125 0.0265625 0.04375
0 0.028125 0.82265625 0.05625 0.0890625
0 0.8453125 0.91171875 0.059375 0.1015625
0 0.33515625 0.07265625 0.0421875 0.0671875
0 0.3484375 0.8796875 0.0578125 0.0828125
0 0.2484375 0.878125 0.059375 0.096875
0 0.6515625 0.915625 0.084375 0.121875
0 0.50546875 0.009375 0.0328125 0.01875
0 0.59296875 0.01796875 0.0390625 0.0265625
0 0.7390625 0.03046875 0.025 0.025
0 0.91796875 0.1296875 0.03125 0.04375
0 0.37578125 0.9375 0.046875 0.06875
0 0.76953125 0.9703125 0.0640625 0.059375
0 0.28046875 0.9390625 0.053125 0.0875
0 0.01953125 0.915625 0.0390625 0.090625
0 0.325 0.9515625 0.0703125 0.075
0 0.41796875 0.9640625 0.078125 0.0625
0 0.50078125 0.09765625 0.0265625 0.034375
0 0.55546875 0.97734375 0.0734375 0.0453125
0 0.209375 0.9578125 0.0484375 0.0359375
0 0.7640625 0.99453125 0.071875 0.0109375
0 0.371875 0.08671875 0.0359375 0.053125
0 0.84140625 0.12734375 0.0328125 0.0484375
0 0.82734375 0.12890625 0.0265625 0.04375
0 0.4609375 0.096875 0.0453125 0.059375
0 0.615625 0.1125 0.03125 0.0390625
0 0.88203125 0.0453125 0.0265625 0.0296875
0 0.559375 0.1171875 0.0421875 0.0578125
0 0.98125 0.15625 0.0359375 0.0484375
0 0.64609375 0.12734375 0.0328125 0.0484375
0 0.74140625 0.13515625 0.0359375 0.0484375
0 0.23359375 0.09296875 0.046875 0.0640625
0 0.58125 0.1234375 0.0421875 0.0625
0 0.896875 0.15625 0.0359375 0.053125
0 0.13125 0.0890625 0.046875 0.0640625
0 0.71015625 0.1421875 0.0375 0.0625
0 0.77890625 0.15 0.03125 0.03125
0 0.871875 0.1609375 0.0328125 0.053125
0 0.80078125 0.03828125 0.034375 0.03125
0 0.94609375 0.0515625 0.0203125 0.0203125
0 0.9515625 0.17265625 0.03125 0.04375
0 0.1921875 0.10625 0.040625 0.04375
0 0.26171875 0.1171875 0.0328125 0.0578125
0 0.31875 0.1265625 0.0421875 0.0671875
0 0.61171875 0.15234375 0.040625 0.0484375
0 0.784375 0.17421875 0.034375 0.034375
0 0.9359375 0.1875 0.03125 0.034375
0 0.69375 0.16875 0.0421875 0.0578125
0 0.04375 0.1140625 0.0296875 0.0671875
0 0.296875 0.14296875 0.0328125 0.0578125
0 0.99609375 0.21015625 0.0078125 0.0484375
0 0.06171875 0.1265625 0.0296875 0.0671875
0 0.91171875 0.2015625 0.0453125 0.0453125
0 0.55390625 0.021875 0.034375 0.0390625
0 0.98046875 0.05625 0.0203125 0.025
0 0.5265625 0.171875 0.040625 0.04375
0 0.10703125 0.13515625 0.0421875 0.071875
0 0.4546875 0.16796875 0.03125 0.0390625
0 0.740625 0.1953125 0.0453125 0.059375
0 0.484375 0.17578125 0.0453125 0.059375
0 0.18046875 0.14921875 0.0328125 0.0578125
0 0.63125 0.19296875 0.040625 0.053125
0 0.2046875 0.1578125 0.0359375 0.053125
0 0.93515625 0.221875 0.0359375 0.0484375
0 0.4140625 0.17890625 0.0375 0.0578125