0 0.3171875 0.2875 0.0390625 0.075
0 0.553125 0.2953125 0.04375 0.075
0 0.98203125 0.309375 0.0359375 0.075
0 0.48359375 0.3 0.0484375 0.0765625
0 0.8 0.315625 0.0390625 0.046875
0 0.365625 0.303125 0.0296875 0.0609375
0 0.278125 0.3 0.0390625 0.075
0 0.88984375 0.33984375 0.04375 0.075
0 0.6515625 0.34140625 0.034375 0.075
0 0.95703125 0.35390625 0.04375 0.0796875
0 0.21171875 0.33046875 0.0390625 0.0703125
0 0.35 0.3375 0.0390625 0.0796875
0 0.4015625 0.3390625 0.0453125 0.09375
0 0.9078125 0.36328125 0.0390625 0.084375
0 0.51640625 0.35703125 0.034375 0.075
0 0.18828125 0.3453125 0.034375 0.0515625
0 0.79140625 0.36875 0.04375 0.075
0 0.6921875 0.36953125 0.05 0.103125
0 0.62265625 0.37421875 0.0390625 0.0890625
0 0.55234375 0.38828125 0.034375 0.0703125
0 0.97421875 0.446875 0.0453125 0.09375
0 0.49296875 0.43515625 0.034375 0.0515625
0 0.45625 0.440625 0.0390625 0.0515625
0 0.39609375 0.440625 0.0546875 0.0984375
0 0.353125 0.46015625 0.04375 0.0890625
0 0.75625 0.51796875 0.04375 0.084375
0 0.453125 0.521875 0.05 0.0984375
0 0.496875 0.53203125 0.0484375 0.0765625
0 0.21796875 0.540625 0.053125 0.0765625
0 0.9046875 0.56953125 0.0546875 0.0984375
0 0.70625 0.56484375 0.0546875 0.0984375
0 0.79375 0.575 0.0546875 0.1125
0 0.66171875 0.5703125 0.04375 0.0890625
0 0.39296875 0.58203125 0.059375 0.103125
0 0.13828125 0.046875 0.015625 0.028125
0 0.1703125 0.0578125 0.025 0.025
0 0.21875 0.059375 0.0203125 0.028125
0 0.30625 0.06484375 0.025 0.0296875
0 0.5515625 0.73828125 0.0546875 0.1125
0 0.71015625 0.7625 0.0640625 0.1265625
0 0.6125 0.78203125 0.0640625 0.1171875
0 0.065625 0.065625 0.0203125 0.0421875
0 0.521875 0.08203125 0.025 0.0328125
0 0.43359375 0.07890625 0.0203125 0.0328125
0 0.47578125 0.0828125 0.025 0.0421875
0 0.234375 0.07421875 0.025 0.0296875
0 0.2625 0.075 0.015625 0.0234375
0 0.11171875 0.06953125 0.0203125 0.0328125
0 0.4984375 0.0859375 0.0203125 0.0421875
0 0.56953125 0.090625 0.0203125 0.028125
0 0.084375 0.0734375 0.0203125 0.028125
0 0.15859375 0.07578125 0.0203125 0.0328125
0 0.190625 0.0796875 0.0203125 0.0328125
0 0.41015625 0.0875 0.025 0.0328125
0 0.45390625 0.0890625 0.025 0.0421875
0 0.615625 0.94375 0.078125 0.1125
0 0.35859375 0.0890625 0.025 0.046875
0 0.96796875 0.95703125 0.0265625 0.0859375
0 0.8578125 0.9625 0.071875 0.075
0 0.28046875 0.09140625 0.0296875 0.0421875
0 0.5453125 0.11015625 0.025 0.0515625
0 0.22265625 0.10078125 0.025 0.0296875
0 0.1390625 0.0984375 0.0296875 0.046875
0 0.1046875 0.096875 0.0203125 0.0234375
0 0.578125 0.115625 0.025 0.0328125
0 0.25625 0.109375 0.025 0.046875
0 0.175 0.10625 0.0203125 0.0328125
0 0.40234375 0.11640625 0.0203125 0.046875
0 0.36953125 0.12265625 0.0296875 0.0609375
0 0.596875 0.13046875 0.025 0.046875
0 0.34453125 0.12421875 0.0296875 0.05625
0 0.56328125 0.134375 0.0203125 0.0234375
0 0.6953125 0.13828125 0.034375 0.0609375
0 0.30625 0.12734375 0.0265625 0.0703125
0 0.61640625 0.140625 0.0203125 0.0515625
0 0.66796875 0.14453125 0.025 0.0515625
0 0.10546875 0.134375 0.025 0.046875
0 0.21875 0.14296875 0.025 0.046875
0 0.46328125 0.15390625 0.034375 0.0515625
0 0.2390625 0.14765625 0.025 0.0515625
0 0.40078125 0.153125 0.0296875 0.0328125
0 0.178125 0.14765625 0.0296875 0.046875
0 0.740625 0.16953125 0.0296875 0.046875
0 0.85 0.17578125 0.0296875 0.0609375
0 0.25234375 0.1625 0.0203125 0.046875
0 0.54140625 0.1796875 0.0296875 0.0515625
0 0.56875 0.18046875 0.0296875 0.0609375
0 0.81171875 0.1890625 0.0296875 0.0421875
0 0.6125 0.184375 0.025 0.0421875
0 0.63359375 0.18515625 0.025 0.0296875
0 0.434375 0.1875 0.0296875 0.0609375
0 0.87578125 0.20546875 0.034375 0.065625
0 0.91953125 0.20703125 0.025 0.0609375
0 0.46953125 0.1953125 0.025 0.0515625
0 0.28671875 0.19140625 0.034375 0.0609375
0 0.48203125 0.203125 0.025 0.0328125
0 0.334375 0.2046875 0.0390625 0.065625
0 0.1765625 0.2015625 0.03125 0.075
0 0.40859375 0.2125 0.034375 0.065625
0 0.9328125 0.23046875 0.03125 0.075
0 0.75703125 0.2265625 0.0203125 0.0515625
0 0.7359375 0.234375 0.0296875 0.065625
0 0.63671875 0.23828125 0.0390625 0.0609375
0 0.60234375 0.23671875 0.0296875 0.0515625
0 0.48359375 0.2375 0.0296875 0.0515625
0 0.19609375 0.24375 0.03125 0.075
0 0.80234375 0.26484375 0.034375 0.0609375
0 0.265625 0.25546875 0.0390625 0.075
0 0.21484375 0.25625 0.0203125 0.0515625
0 0.57265625 0.27578125 0.034375 0.0890625
0 0.60078125 0.28125 0.0296875 0.065625
0 0.6609375 0.28984375 0.034375 0.05625