0 0.5671875 0.5234375 0.046875 0.078125
0 0.77578125 0.52578125 0.040625 0.06875
0 0.909375 0.54375 0.028125 0.05
0 0.240625 0.54609375 0.040625 0.078125
0 0.96953125 0.553125 0.0234375 0.040625
0 0.50703125 0.553125 0.0375 0.05
0 0.875 0.56484375 0.03125 0.05
0 0.94921875 0.5671875 0.03125 0.046875
0 0.65546875 0.5671875 0.040625 0.05
0 0.84921875 0.571875 0.0234375 0.040625
0 0.721875 0.5765625 0.03125 0.05
0 0.2890625 0.58359375 0.0140625 0.03125
0 0.42578125 0.58828125 0.028125 0.040625
0 0.40546875 0.590625 0.01875 0.040625
0 0.31953125 0.590625 0.028125 0.05625
0 0.634375 0.59453125 0.0140625 0.01875
0 0.05078125 0.596875 0.0375 0.059375
0 0.3796875 0.60859375 0.0234375 0.0375
0 0.196875 0.61328125 0.01875 0.0375
0 0.10859375 0.62265625 0.03125 0.046875
0 0.0234375 0.625 0.03125 0.046875