0 0.1546875 0.478125 0.00625 0.009375
0 0.16640625 0.48671875 0.0109375 0.0109375
0 0.70546875 0.57890625 0.0171875 0.025
0 0.84921875 0.6046875 0.0109375 0.0109375
0 0.7640625 0.59296875 0.0109375 0.015625
0 0.95390625 0.6234375 0.0125 0.0203125
0 0.07109375 0.4859375 0.0328125 0.040625
0 0.5390625 0.5625 0.0109375 0.015625
0 0.44609375 0.54765625 0.0109375 0.015625
0 0.90234375 0.6203125 0.0234375 0.03125
0 0.49140625 0.5546875 0.0109375 0.0109375
0 0.6078125 0.57578125 0.00625 0.009375
0 0.8296875 0.6109375 0.0171875 0.0203125
0 0.78828125 0.60390625 0.0171875 0.025
0 0.534375 0.5640625 0.00625 0.009375
0 0.525 0.5625 0.0171875 0.0203125
0 0.46328125 0.55234375 0.0109375 0.015625
0 0.8546875 0.61484375 0.0171875 0.0203125
0 0.5890625 0.57265625 0.00625 0.009375
0 0.61171875 0.57890625 0.00625 0.0140625
0 0.6375 0.5828125 0.0109375 0.0109375
0 0.4546875 0.55390625 0.0046875 0.0046875
0 0.57109375 0.571875 0.00625 0.009375
0 0.0328125 0.48671875 0.0046875 0.0046875
0 0.5140625 0.56328125 0.0046875 0.0046875
0 0.5453125 0.56796875 0.00625 0.009375
0 0.22734375 0.51796875 0.00625 0.0140625
0 0.58203125 0.5765625 0.00625 0.009375
0 0.19765625 0.515625 0.0421875 0.046875
0 0.62734375 0.58359375 0.0109375 0.015625
0 0.56328125 0.5734375 0.0171875 0.0203125
0 0.3390625 0.5375 0.0109375 0.0109375
0 0.38046875 0.54453125 0.00625 0.009375
0 0.34375 0.53828125 0.015625 0.015625
0 0.50625 0.5640625 0.009375 0.00625
0 0.75546875 0.60390625 0.00625 0.0140625
0 0.353125 0.53984375 0.00625 0.009375
0 0.60234375 0.5796875 0.0046875 0.0046875
0 0.05546875 0.4953125 0.0109375 0.015625
0 0.103125 0.503125 0.0109375 0.015625
0 0.43515625 0.55546875 0.0171875 0.0203125
0 0.64921875 0.5890625 0.0171875 0.0203125
0 0.6609375 0.59140625 0.0125 0.0203125
0 0.28125 0.53125 0.015625 0.015625
0 0.55390625 0.57421875 0.0046875 0.0046875
0 0.38515625 0.54765625 0.0046875 0.0046875
0 0.17421875 0.5140625 0.009375 0.00625
0 0.4734375 0.56171875 0.0109375 0.015625
0 0.25234375 0.5265625 0.00625 0.009375
0 0.290625 0.5328125 0.0109375 0.0109375
0 0.57734375 0.578125 0.0125 0.0203125
0 0.68828125 0.59765625 0.0171875 0.0203125
0 0.09140625 0.503125 0.0109375 0.015625
0 0.14453125 0.51171875 0.0171875 0.0203125
0 0.27265625 0.53203125 0.00625 0.009375
0 0.76796875 0.61015625 0.0234375 0.03125
0 0.2859375 0.534375 0.00625 0.009375
0 0.36171875 0.54609375 0.0109375 0.0109375
0 0.4984375 0.56796875 0.00625 0.0140625
0 0.39375 0.5515625 0.00625 0.009375
0 0.00234375 0.4890625 0.0046875 0.009375
0 0.615625 0.5859375 0.0109375 0.0109375
0 0.4046875 0.553125 0.00625 0.009375
0 0.84375 0.62265625 0.021875 0.021875
0 0.15 0.51484375 0.0109375 0.015625
0 0.67421875 0.59765625 0.0171875 0.0203125
0 0.35859375 0.54765625 0.00625 0.009375
0 0.375 0.55078125 0.0109375 0.0109375
0 0.24453125 0.5296875 0.0109375 0.015625
0 0.29453125 0.5375 0.0109375 0.015625
0 0.2328125 0.528125 0.00625 0.009375
0 0.36796875 0.54921875 0.0109375 0.015625
0 0.2375 0.52890625 0.0046875 0.0046875
0 0.25859375 0.53203125 0.0109375 0.015625
0 0.22109375 0.52890625 0.015625 0.015625
0 0.16640625 0.51953125 0.0171875 0.0203125
0 0.30390625 0.54140625 0.0109375 0.0109375
0 0.040625 0.5 0.0109375 0.015625
0 0.50703125 0.57421875 0.0109375 0.015625
0 0.02265625 0.49921875 0.0125 0.0203125
0 0.084375 0.509375 0.0171875 0.0203125
0 0.959375 0.64765625 0.034375 0.0453125
0 0.321875 0.546875 0.0328125 0.0359375
0 0.00859375 0.49765625 0.0109375 0.015625
0 0.0078125 0.496875 0.015625 0.03125
0 0.04921875 0.50625 0.0109375 0.015625
0 0.8015625 0.625 0.03125 0.053125
0 0.20703125 0.53125 0.0125 0.0203125
0 0.3484375 0.553125 0.0109375 0.015625
0 0.028125 0.503125 0.0125 0.0203125
0 0.10546875 0.5171875 0.0109375 0.015625
0 0.12421875 0.5203125 0.0234375 0.03125
0 0.48515625 0.57734375 0.025 0.0390625
0 0.59296875 0.59453125 0.0171875 0.0203125
0 0.6515625 0.60625 0.0171875 0.0203125
0 0.4203125 0.57421875 0.0171875 0.025
0 0.72421875 0.625 0.0515625 0.0703125