0 0.9015625 0.1578125 0.075 0.1046875
0 0.5671875 0.12109375 0.1078125 0.1421875
0 0.5734375 0.021875 0.040625 0.0375
0 0.3765625 0.15703125 0.1171875 0.1484375
0 0.63203125 0.03828125 0.0484375 0.0515625
0 0.97890625 0.3046875 0.0421875 0.134375
0 0.80703125 0.06875 0.0625 0.059375
0 0.0859375 0.18515625 0.1109375 0.196875
0 0.7484375 0.32578125 0.103125 0.140625
0 0.94921875 0.371875 0.0828125 0.125
0 0.53671875 0.31328125 0.0953125 0.121875
0 0.4 0.025 0.05625 0.05
0 0.31171875 0.32734375 0.109375 0.15625
0 0.146875 0.303125 0.1140625 0.1515625
0 0.83515625 0.42421875 0.10625 0.1375
0 0.884375 0.45546875 0.103125 0.1453125
0 0.51015625 0.421875 0.1078125 0.1421875
0 0.7328125 0.46171875 0.08125 0.1203125
0 0.36484375 0.43671875 0.1140625 0.15625
0 0.95703125 0.56953125 0.0859375 0.1484375
0 0.3296875 0.03515625 0.078125 0.0703125
0 0.775 0.56484375 0.1421875 0.1703125
0 0.53515625 0.88046875 0.2125 0.1265625