0 0.9375 0.246875 0.025 0.0296875
0 0.91875 0.25234375 0.0203125 0.025
0 0.88984375 0.2609375 0.0203125 0.0296875
0 0.74453125 0.2734375 0.025 0.025
0 0.78828125 0.2734375 0.0203125 0.0296875
0 0.53828125 0.290625 0.0296875 0.025
0 0.7671875 0.27890625 0.0203125 0.025
0 0.7328125 0.284375 0.0203125 0.0296875
0 0.659375 0.2890625 0.0203125 0.025
0 0.45 0.30625 0.03125 0.04375
0 0.88125 0.278125 0.0359375 0.0484375
0 0.59765625 0.303125 0.034375 0.04375
0 0.90234375 0.28359375 0.0359375 0.053125
0 0.70625 0.29765625 0.034375 0.0390625
0 0.84921875 0.28984375 0.0203125 0.0296875
0 0.68359375 0.30390625 0.025 0.0328125
0 0.51953125 0.315625 0.0296875 0.034375
0 0.9328125 0.2890625 0.040625 0.0484375
0 0.82734375 0.2984375 0.025 0.0328125
0 0.80625 0.3 0.0265625 0.0421875
0 0.3125 0.33671875 0.0453125 0.053125
0 0.56875 0.31875 0.0296875 0.034375
0 0.63828125 0.31640625 0.025 0.0328125
0 0.4421875 0.3328125 0.034375 0.04375
0 0.534375 0.328125 0.034375 0.04375
0 0.7515625 0.315625 0.0359375 0.0484375
0 0.67109375 0.3234375 0.040625 0.0484375
0 0.77265625 0.31875 0.03125 0.0484375
0 0.79140625 0.3171875 0.0203125 0.0328125
0 0.59453125 0.33359375 0.03125 0.0390625
0 0.38828125 0.3640625 0.0453125 0.053125
0 0.6078125 0.35078125 0.0359375 0.0484375
0 0.86875 0.33515625 0.0453125 0.0578125
0 0.63359375 0.35390625 0.03125 0.0390625
0 0.896875 0.33984375 0.040625 0.053125
0 0.26015625 0.3890625 0.046875 0.071875
0 0.7890625 0.359375 0.040625 0.053125
0 0.95703125 0.3640625 0.03125 0.0484375
0 0.975 0.3625 0.025 0.0296875
0 0.5859375 0.3921875 0.03125 0.0484375
0 0.2203125 0.4203125 0.0453125 0.0578125
0 0.12109375 0.42734375 0.0453125 0.0578125
0 0.35 0.415625 0.03125 0.0484375
0 0.16796875 0.434375 0.040625 0.0625
0 0.68828125 0.3984375 0.040625 0.0484375
0 0.01796875 0.45625 0.0359375 0.071875
0 0.984375 0.3890625 0.0203125 0.0328125
0 0.8 0.40703125 0.040625 0.0578125
0 0.89296875 0.403125 0.034375 0.0390625
0 0.534375 0.43046875 0.0359375 0.053125
0 0.403125 0.4421875 0.0515625 0.0765625
0 0.72890625 0.42109375 0.0453125 0.0671875
0 0.4546875 0.44296875 0.040625 0.053125
0 0.63984375 0.43671875 0.0359375 0.053125
0 0.865625 0.4234375 0.0453125 0.0671875
0 0.23984375 0.4671875 0.040625 0.053125
0 0.1296875 0.47734375 0.0453125 0.0625
0 0.8296875 0.43046875 0.046875 0.071875
0 0.34453125 0.4671875 0.0359375 0.053125
0 0.6796875 0.44375 0.0453125 0.053125
0 0.1859375 0.4875 0.0453125 0.0625
0 0.94375 0.434375 0.0609375 0.0828125
0 0.596875 0.46484375 0.05 0.0671875
0 0.28984375 0.48671875 0.05 0.0578125
0 0.98046875 0.44296875 0.028125 0.075
0 0.78515625 0.465625 0.05 0.0671875
0 0.90546875 0.46484375 0.0546875 0.06875
0 0.16015625 0.5234375 0.05 0.0671875
0 0.703125 0.4859375 0.0453125 0.0625
0 0.36640625 0.5140625 0.046875 0.08125
0 0.04765625 0.53671875 0.05625 0.078125
0 0.55390625 0.50546875 0.065625 0.0921875
0 0.41796875 0.5265625 0.05625 0.0875
0 0.215625 0.54375 0.059375 0.06875
0 0.31484375 0.5453125 0.0515625 0.090625
0 0.11015625 0.56640625 0.0609375 0.0828125
0 0.2796875 0.559375 0.0671875 0.1015625
0 0.8234375 0.54453125 0.0515625 0.0859375
0 0.9359375 0.56640625 0.0953125 0.1171875
0 0.07578125 0.63359375 0.0671875 0.1109375
0 0.78515625 0.5890625 0.075 0.0921875
0 0.61015625 0.775 0.1859375 0.225