0 0.990625 0.22265625 0.0171875 0.0203125
0 0.63515625 0.16171875 0.0234375 0.03125
0 0.68515625 0.17109375 0.0171875 0.0203125
0 0.54453125 0.15078125 0.0234375 0.03125
0 0.61328125 0.16328125 0.0171875 0.0203125
0 0.31484375 0.11015625 0.0234375 0.034375
0 0.953125 0.225 0.021875 0.021875
0 0.79765625 0.19765625 0.021875 0.021875
0 0.78125 0.1953125 0.0171875 0.0203125
0 0.8515625 0.21015625 0.028125 0.0359375
0 0.71484375 0.1859375 0.0234375 0.03125
0 0.4984375 0.15 0.021875 0.021875
0 0.57109375 0.1625 0.021875 0.0265625
0 0.5125 0.15234375 0.0171875 0.0203125
0 0.98046875 0.2390625 0.01875 0.0296875
0 0.20390625 0.1015625 0.0234375 0.034375
0 0.6046875 0.17265625 0.0171875 0.0203125
0 0.73671875 0.19609375 0.0234375 0.03125
0 0.48359375 0.1515625 0.0171875 0.0203125
0 0.81953125 0.21015625 0.021875 0.0265625
0 0.89453125 0.2234375 0.0296875 0.040625
0 0.3609375 0.1296875 0.021875 0.021875
0 0.61640625 0.17421875 0.015625 0.015625
0 0.8734375 0.22265625 0.021875 0.0265625
0 0.91640625 0.23203125 0.0234375 0.034375
0 0.9296875 0.234375 0.025 0.04375
0 0.40546875 0.1421875 0.021875 0.021875
0 0.12734375 0.09296875 0.028125 0.0359375
0 0.5328125 0.16484375 0.0265625 0.021875
0 0.99296875 0.24609375 0.0140625 0.0359375
0 0.446875 0.14921875 0.0234375 0.034375
0 0.66328125 0.1875 0.028125 0.0359375
0 0.990625 0.24609375 0.01875 0.0453125
0 0.17734375 0.10234375 0.01875 0.034375
0 0.6671875 0.190625 0.0234375 0.034375
0 0.190625 0.10703125 0.0234375 0.03125
0 0.0859375 0.08828125 0.0171875 0.025
0 0.29765625 0.12578125 0.025 0.0390625
0 0.42265625 0.15 0.0171875 0.025
0 0.74921875 0.2078125 0.028125 0.03125
0 0.68515625 0.19609375 0.0296875 0.0453125
0 0.89296875 0.2328125 0.028125 0.0359375
0 0.56015625 0.17421875 0.0234375 0.03125
0 0.8375 0.22578125 0.028125 0.03125
0 0.265625 0.125 0.0171875 0.0203125
0 0.5875 0.18125 0.0234375 0.03125
0 0.33828125 0.1375 0.0234375 0.034375
0 0.25625 0.12265625 0.0171875 0.0203125
0 0.440625 0.15546875 0.0234375 0.034375
0 0.103125 0.09609375 0.01875 0.0296875
0 0.36953125 0.1453125 0.0171875 0.025
0 0.16640625 0.109375 0.025 0.04375
0 0.29453125 0.13203125 0.028125 0.03125
0 0.46484375 0.1625 0.0171875 0.025
0 0.2375 0.121875 0.01875 0.034375
0 0.29921875 0.1328125 0.0171875 0.0203125
0 0.8640625 0.23515625 0.028125 0.03125
0 0.27890625 0.13203125 0.021875 0.021875
0 0.48359375 0.16796875 0.021875 0.0265625
0 0.80234375 0.22421875 0.028125 0.0359375
0 0.44453125 0.1609375 0.021875 0.021875
0 0.5015625 0.17109375 0.0265625 0.0265625
0 0.2125 0.1203125 0.028125 0.03125
0 0.9390625 0.25078125 0.0234375 0.034375
0 0.68359375 0.20546875 0.028125 0.0359375
0 0.59453125 0.18984375 0.021875 0.021875
0 0.21640625 0.12578125 0.0234375 0.03125
0 0.3546875 0.15 0.021875 0.0265625
0 0.96328125 0.25703125 0.0296875 0.040625
0 0.340625 0.14765625 0.021875 0.0265625
0 0.63515625 0.19921875 0.0234375 0.034375
0 0.653125 0.20234375 0.0234375 0.03125
0 0.61640625 0.1984375 0.0234375 0.03125
0 0.99765625 0.2671875 0.0046875 0.034375
0 0.25390625 0.134375 0.021875 0.0265625
0 0.75078125 0.22421875 0.0234375 0.034375
0 0.6984375 0.215625 0.0171875 0.0203125
0 0.5234375 0.184375 0.034375 0.040625
0 0.1828125 0.1265625 0.028125 0.03125
0 0.0875 0.11015625 0.028125 0.0359375
0 0.77265625 0.2328125 0.03125 0.05
0 0.06875 0.10859375 0.021875 0.0484375
0 0.8890625 0.25390625 0.0328125 0.0359375
0 0.2796875 0.14609375 0.021875 0.021875
0 0.63125 0.20859375 0.0171875 0.025
0 0.1453125 0.125 0.028125 0.0359375
0 0.98984375 0.2734375 0.0203125 0.034375
0 0.1296875 0.121875 0.0234375 0.034375
0 0.3984375 0.171875 0.021875 0.0265625
0 0.9171875 0.265625 0.0265625 0.021875
0 0.1078125 0.1234375 0.0265625 0.021875
0 0.54609375 0.2 0.021875 0.021875
0 0.7734375 0.240625 0.0234375 0.034375
0 0.66875 0.221875 0.0328125 0.0359375
0 0.29453125 0.15625 0.0265625 0.0265625
0 0.46328125 0.1859375 0.028125 0.0359375
0 0.315625 0.16171875 0.0234375 0.034375
0 0.7140625 0.23203125 0.028125 0.0359375
0 0.5203125 0.1984375 0.021875 0.0265625
0 0.496875 0.19609375 0.0234375 0.034375
0 0.4359375 0.1859375 0.021875 0.0265625
0 0.85703125 0.26015625 0.0328125 0.0328125
0 0.81171875 0.25390625 0.0234375 0.03125
0 0.2390625 0.153125 0.0203125 0.0171875
0 0.5921875 0.215625 0.0234375 0.034375
0 0.96875 0.28203125 0.0234375 0.034375
0 0.3828125 0.17890625 0.021875 0.0265625
0 0.44921875 0.190625 0.028125 0.0359375
0 0.46875 0.19375 0.021875 0.021875
0 0.209375 0.15078125 0.028125 0.03125
0 0.16328125 0.1421875 0.0234375 0.034375
0 0.571875 0.2140625 0.0359375 0.0546875
0 0.71015625 0.24140625 0.028125 0.0359375
0 0.071875 0.12890625 0.01875 0.0296875
0 0.2609375 0.16171875 0.0234375 0.03125
0 0.415625 0.1890625 0.028125 0.0359375
0 0.73046875 0.246875 0.0234375 0.034375
0 0.12890625 0.140625 0.034375 0.040625
0 0.82109375 0.265625 0.0234375 0.034375
0 0.5703125 0.22109375 0.025 0.04375
0 0.75078125 0.253125 0.0234375 0.034375
0 0.60625 0.2296875 0.0234375 0.03125
0 0.65390625 0.23828125 0.028125 0.0359375
0 0.6265625 0.2359375 0.021875 0.0265625
0 0.9296875 0.2890625 0.028125 0.0359375
0 0.08828125 0.140625 0.028125 0.0359375
0 0.5515625 0.22265625 0.028125 0.0359375
0 0.5125 0.2171875 0.0328125 0.0359375
0 0.1296875 0.15 0.0296875 0.040625
0 0.63359375 0.2390625 0.0390625 0.046875
0 0.796875 0.26953125 0.034375 0.0453125
0 0.1765625 0.1609375 0.0234375 0.03125
0 0.30234375 0.1828125 0.0171875 0.025
0 0.69921875 0.25234375 0.0296875 0.040625
0 0.47734375 0.215625 0.0296875 0.040625
0 0.91015625 0.2921875 0.0234375 0.034375
0 0.28984375 0.1828125 0.0265625 0.0265625
0 0.51171875 0.221875 0.028125 0.0359375
0 0.9921875 0.309375 0.015625 0.034375
0 0.978125 0.30703125 0.025 0.0390625
0 0.3375 0.19375 0.028125 0.0359375
0 0.26953125 0.18203125 0.0234375 0.03125
0 0.31953125 0.19296875 0.0234375 0.034375
0 0.44453125 0.21484375 0.0296875 0.040625
0 0.8 0.27734375 0.028125 0.0359375
0 0.77734375 0.2734375 0.0296875 0.0453125
0 0.23203125 0.17734375 0.0296875 0.040625
0 0.06171875 0.14765625 0.0171875 0.025
0 0.63828125 0.2515625 0.028125 0.03125
0 0.39140625 0.21015625 0.028125 0.0359375
0 0.71484375 0.2671875 0.0234375 0.03125
0 0.37109375 0.20703125 0.0296875 0.040625
0 0.86484375 0.29609375 0.040625 0.0609375
0 0.92421875 0.30703125 0.021875 0.0265625
0 0.9625 0.31328125 0.03125 0.05
0 0.103125 0.16171875 0.0171875 0.025
0 0.61171875 0.25390625 0.021875 0.021875
0 0.203125 0.184375 0.025 0.04375
0 0.5359375 0.24296875 0.028125 0.0359375
0 0.565625 0.2484375 0.021875 0.021875
0 0.15 0.175 0.021875 0.021875
0 0.23046875 0.1890625 0.0328125 0.0328125
0 0.8546875 0.3015625 0.0203125 0.04375
0 0.5171875 0.2421875 0.0296875 0.040625
0 0.58984375 0.25703125 0.01875 0.034375
0 0.12265625 0.175 0.0234375 0.034375
0 0.4140625 0.2265625 0.021875 0.0265625
0 0.45234375 0.2328125 0.028125 0.0359375
0 0.49453125 0.240625 0.03125 0.028125
0 0.840625 0.3015625 0.0390625 0.0515625
0 0.18359375 0.190625 0.021875 0.0265625
0 0.759375 0.2921875 0.034375 0.040625
0 0.296875 0.21015625 0.0234375 0.034375
0 0.39296875 0.22734375 0.021875 0.0265625
0 0.8671875 0.31328125 0.0359375 0.05
0 0.88671875 0.31640625 0.025 0.04375
0 0.34609375 0.2234375 0.0171875 0.025
0 0.64296875 0.27578125 0.025 0.0390625
0 0.25078125 0.20703125 0.021875 0.021875
0 0.45078125 0.2421875 0.0296875 0.01875
0 0.28203125 0.21484375 0.028125 0.03125
0 0.69296875 0.2875 0.0234375 0.034375
0 0.08125 0.1796875 0.021875 0.0265625
0 0.05859375 0.178125 0.0234375 0.03125
0 0.70078125 0.29140625 0.0296875 0.040625
0 0.31640625 0.2234375 0.03125 0.028125
0 0.82109375 0.3171875 0.040625 0.05625
0 0.90546875 0.33203125 0.0421875 0.06875
0 0.6140625 0.28046875 0.034375 0.040625
0 0.57890625 0.2765625 0.0234375 0.03125
0 0.4171875 0.25078125 0.0296875 0.0453125
0 0.1390625 0.2015625 0.0203125 0.0390625
0 0.21171875 0.2140625 0.025 0.0390625
0 0.55625 0.275 0.028125 0.0359375
0 0.090625 0.19296875 0.028125 0.03125
0 0.97734375 0.35390625 0.03125 0.0546875
0 0.49375 0.26875 0.0265625 0.0484375
0 0.81875 0.32890625 0.04375 0.046875
0 0.1859375 0.2171875 0.0328125 0.0359375
0 0.7640625 0.31875 0.0328125 0.0359375
0 0.92421875 0.346875 0.0359375 0.0546875
0 0.3609375 0.24765625 0.034375 0.040625
0 0.90546875 0.34609375 0.03125 0.0546875
0 0.953125 0.3546875 0.03125 0.05
0 0.40390625 0.2578125 0.01875 0.0296875
0 0.11171875 0.20859375 0.0234375 0.03125
0 0.471875 0.271875 0.0296875 0.040625
0 0.38359375 0.25625 0.025 0.0390625
0 0.4453125 0.2671875 0.0359375 0.05
0 0.30546875 0.24296875 0.0234375 0.034375
0 0.2234375 0.2296875 0.0296875 0.0453125
0 0.53046875 0.28671875 0.0359375 0.028125
0 0.05234375 0.20234375 0.0171875 0.025
0 0.15390625 0.2203125 0.0203125 0.0390625
0 0.253125 0.2375 0.028125 0.0359375
0 0.125 0.2171875 0.01875 0.034375
0 0.6875 0.31640625 0.03125 0.028125
0 0.85390625 0.3484375 0.034375 0.0453125
0 0.2859375 0.24765625 0.0296875 0.040625
0 0.18984375 0.2359375 0.03125 0.028125
0 0.7890625 0.34140625 0.0296875 0.040625
0 0.0640625 0.21640625 0.0296875 0.0453125
0 0.72421875 0.33515625 0.034375 0.040625
0 0.33671875 0.26640625 0.03125 0.0546875
0 0.821875 0.3546875 0.034375 0.0453125
0 0.6390625 0.321875 0.0265625 0.0265625
0 0.31953125 0.26796875 0.0203125 0.0390625
0 0.565625 0.31171875 0.0234375 0.034375
0 0.08203125 0.22890625 0.028125 0.03125
0 0.76875 0.35 0.0265625 0.0265625
0 0.48984375 0.30546875 0.034375 0.0453125
0 0.865625 0.37421875 0.0296875 0.040625
0 0.52265625 0.31640625 0.0296875 0.040625
0 0.4203125 0.29765625 0.034375 0.0453125
0 0.91484375 0.3875 0.0359375 0.0328125
0 0.69296875 0.3484375 0.028125 0.0359375
0 0.5796875 0.328125 0.021875 0.0484375
0 0.6390625 0.3390625 0.0265625 0.0265625
0 0.153125 0.253125 0.0359375 0.0328125
0 0.30546875 0.28515625 0.0328125 0.0359375
0 0.7890625 0.3703125 0.021875 0.0265625
0 0.6109375 0.3390625 0.0359375 0.05
0 0.10859375 0.25234375 0.0265625 0.0265625
0 0.3984375 0.30390625 0.0328125 0.0328125
0 0.184375 0.265625 0.0234375 0.03125
0 0.2703125 0.28359375 0.034375 0.040625
0 0.35234375 0.29765625 0.028125 0.0359375
0 0.771875 0.371875 0.034375 0.0234375
0 0.9890625 0.41015625 0.021875 0.0390625
0 0.5890625 0.3421875 0.025 0.04375
0 0.66875 0.35859375 0.0359375 0.028125
0 0.471875 0.32578125 0.0328125 0.0328125
0 0.9578125 0.41171875 0.0359375 0.05
0 0.3671875 0.3078125 0.0296875 0.040625
0 0.64453125 0.35859375 0.0265625 0.0265625
0 0.5421875 0.340625 0.0265625 0.021875
0 0.20703125 0.28203125 0.021875 0.0265625
0 0.91328125 0.4109375 0.0375 0.0421875
0 0.07578125 0.265625 0.03125 0.05
0 0.03984375 0.259375 0.0171875 0.046875
0 0.1421875 0.27734375 0.028125 0.0359375
0 0.49921875 0.3421875 0.0296875 0.0453125
0 0.8046875 0.39609375 0.0265625 0.0484375
0 0.7109375 0.38203125 0.0359375 0.0328125
0 0.5421875 0.35703125 0.0328125 0.0359375
0 0.18671875 0.29375 0.028125 0.03125
0 0.7765625 0.4 0.04375 0.0515625
0 0.2953125 0.315625 0.034375 0.040625
0 0.4453125 0.34453125 0.0359375 0.05
0 0.6640625 0.38515625 0.034375 0.040625
0 0.7390625 0.40078125 0.03125 0.05
0 0.61328125 0.38125 0.025 0.04375
0 0.84296875 0.421875 0.0375 0.0421875
0 0.2546875 0.31796875 0.0375 0.059375
0 0.71328125 0.3984375 0.034375 0.0453125
0 0.68515625 0.39609375 0.028125 0.0359375
0 0.23125 0.31875 0.040625 0.05625
0 0.96875 0.453125 0.028125 0.0359375
0 0.58125 0.38515625 0.0359375 0.0328125
0 0.63359375 0.39453125 0.0390625 0.0515625
0 0.46484375 0.3671875 0.034375 0.040625
0 0.99140625 0.46328125 0.0171875 0.0453125
0 0.10859375 0.30859375 0.03125 0.05
0 0.4296875 0.365625 0.0296875 0.040625
0 0.54609375 0.38828125 0.0390625 0.0515625
0 0.39296875 0.3609375 0.0390625 0.046875
0 0.15546875 0.31953125 0.0375 0.0375
0 0.19375 0.32890625 0.034375 0.040625
0 0.884375 0.453125 0.034375 0.0453125
0 0.97109375 0.46796875 0.025 0.0390625
0 0.91171875 0.46015625 0.03125 0.05
0 0.33203125 0.3578125 0.0359375 0.0546875
0 0.8265625 0.44765625 0.0328125 0.0328125
0 0.6625 0.42109375 0.0421875 0.0421875
0 0.59140625 0.4109375 0.03125 0.0546875
0 0.48203125 0.39140625 0.0375 0.0375
0 0.92265625 0.4734375 0.0296875 0.040625
0 0.3546875 0.378125 0.0421875 0.0421875
0 0.6875 0.43671875 0.0328125 0.0359375
0 0.76015625 0.4515625 0.0203125 0.0390625
0 0.56171875 0.41640625 0.034375 0.0453125
0 0.9859375 0.49140625 0.028125 0.0515625
0 0.21015625 0.359375 0.028125 0.0359375
0 0.06484375 0.33828125 0.04375 0.0515625
0 0.3 0.3796875 0.03125 0.0546875
0 0.27265625 0.375 0.0359375 0.0546875
0 0.1515625 0.35625 0.0390625 0.0515625
0 0.721875 0.45625 0.0296875 0.040625
0 0.74609375 0.4609375 0.0265625 0.053125
0 0.84921875 0.47890625 0.0359375 0.0546875
0 0.4359375 0.40859375 0.0390625 0.0515625
0 0.778125 0.46875 0.0375 0.059375
0 0.8140625 0.47734375 0.0328125 0.0359375
0 0.33359375 0.39296875 0.0390625 0.0515625
0 0.61796875 0.44296875 0.04375 0.0515625
0 0.47890625 0.42109375 0.0390625 0.0515625
0 0.51015625 0.42890625 0.028125 0.0359375
0 0.09296875 0.35546875 0.0328125 0.0359375
0 0.1859375 0.371875 0.028125 0.0359375
0 0.0328125 0.34921875 0.0359375 0.05
0 0.6484375 0.46015625 0.0453125 0.05625
0 0.68203125 0.46640625 0.0390625 0.046875
0 0.8875 0.50234375 0.0375 0.0375
0 0.5796875 0.4484375 0.04375 0.046875
0 0.34375 0.4140625 0.0359375 0.028125
0 0.25859375 0.40078125 0.0375 0.059375
0 0.4953125 0.4453125 0.0296875 0.0453125
0 0.3765625 0.4265625 0.046875 0.065625
0 0.23125 0.40078125 0.0390625 0.0515625
0 0.9296875 0.5265625 0.046875 0.065625
0 0.82265625 0.51015625 0.0265625 0.0265625
0 0.87265625 0.51875 0.034375 0.040625
0 0.40546875 0.43671875 0.0296875 0.0453125
0 0.96640625 0.5375 0.03125 0.05
0 0.0375 0.3765625 0.0390625 0.046875
0 0.69609375 0.49453125 0.025 0.04375
0 0.559375 0.47109375 0.0390625 0.0515625
0 0.1578125 0.40234375 0.040625 0.0609375
0 0.36015625 0.440625 0.0296875 0.0453125
0 0.98203125 0.55234375 0.0359375 0.05
0 0.64921875 0.4953125 0.0390625 0.0515625
0 0.2796875 0.43046875 0.0328125 0.059375
0 0.8578125 0.534375 0.0296875 0.040625
0 0.0578125 0.39375 0.0359375 0.0546875
0 0.09921875 0.403125 0.034375 0.0453125
0 0.9078125 0.5453125 0.025 0.0390625
0 0.72734375 0.51640625 0.040625 0.05625
0 0.8875 0.54453125 0.0453125 0.05625
0 0.3421875 0.45078125 0.04375 0.046875
0 0.30078125 0.44375 0.0359375 0.05
0 0.76796875 0.528125 0.0453125 0.05625
0 0.93828125 0.5609375 0.040625 0.05625
0 0.534375 0.4890625 0.05 0.0578125
0 0.70078125 0.5234375 0.025 0.04375
0 0.0234375 0.40390625 0.034375 0.0453125
0 0.83671875 0.55 0.04375 0.0515625
0 0.47109375 0.4875 0.03125 0.028125
0 0.4125 0.48671875 0.0359375 0.05
0 0.07734375 0.43046875 0.04375 0.0515625
0 0.62109375 0.53125 0.046875 0.065625
0 0.2203125 0.4625 0.0453125 0.0609375
0 0.38828125 0.496875 0.0421875 0.06875
0 0.14609375 0.45625 0.0453125 0.05625
0 0.58828125 0.53671875 0.0359375 0.05
0 0.971875 0.609375 0.0328125 0.0640625
0 0.27265625 0.48359375 0.034375 0.0453125
0 0.34921875 0.5 0.0484375 0.075
0 0.52265625 0.5328125 0.0265625 0.0484375
0 0.446875 0.521875 0.0359375 0.0546875
0 0.54453125 0.540625 0.0453125 0.05625
0 0.8515625 0.59921875 0.04375 0.0515625
0 0.09921875 0.46640625 0.040625 0.05625
0 0.01171875 0.45 0.0234375 0.053125
0 0.47734375 0.53359375 0.0390625 0.046875
0 0.7734375 0.6 0.05 0.0625
0 0.69140625 0.5875 0.0390625 0.046875
0 0.3984375 0.53828125 0.0390625 0.046875
0 0.275 0.52109375 0.040625 0.0609375
0 0.2 0.50859375 0.0390625 0.0515625
0 0.15 0.50859375 0.040625 0.0609375
0 0.0671875 0.50390625 0.05625 0.0671875
0 0.65703125 0.61015625 0.04375 0.046875
0 0.61015625 0.609375 0.0453125 0.05625
0 0.021875 0.51875 0.04375 0.046875
0 0.8203125 0.66875 0.0453125 0.0609375