0 0.1640625 0.003125 0.025 0.00625
0 0.5234375 0.1 0.03125 0.065625
0 0.828125 0.03046875 0.0296875 0.0296875
0 0.971875 0.16796875 0.0359375 0.0671875
0 0.32890625 0.13671875 0.034375 0.0625
0 0.39140625 0.14453125 0.0359375 0.0671875
0 0.54375 0.15703125 0.040625 0.0765625
0 0.46953125 0.153125 0.0359375 0.0671875
0 0.115625 0.13515625 0.034375 0.0625
0 0.053125 0.1328125 0.03125 0.05625
0 0.36328125 0.0125 0.0296875 0.025
0 0.86875 0.18046875 0.0359375 0.0765625
0 0.2515625 0.15078125 0.0359375 0.0671875
0 0.68828125 0.178125 0.040625 0.071875
0 0.79296875 0.18359375 0.034375 0.0625
0 0.65 0.02578125 0.0296875 0.0375
0 0.60078125 0.17578125 0.03125 0.0609375
0 0.9125 0.196875 0.0359375 0.071875
0 0.59453125 0.0234375 0.0296875 0.0375
0 0.89453125 0.04140625 0.0390625 0.04375
0 0.2953125 0.015625 0.034375 0.03125
0 0.05390625 0.00859375 0.0296875 0.0171875
0 0.74453125 0.20234375 0.0359375 0.071875
0 0.63359375 0.24765625 0.034375 0.0625
0 0.10234375 0.2265625 0.034375 0.0578125
0 0.82734375 0.26953125 0.0265625 0.046875
0 0.76015625 0.2703125 0.0265625 0.05625
0 0.3 0.24609375 0.040625 0.0765625
0 0.90546875 0.28046875 0.0453125 0.0765625
0 0.50078125 0.259375 0.0359375 0.0671875
0 0.17265625 0.24453125 0.034375 0.053125
0 0.70390625 0.27421875 0.034375 0.053125
0 0.234375 0.25234375 0.0359375 0.08125
0 0.3734375 0.259375 0.034375 0.0578125
0 0.97890625 0.2984375 0.03125 0.0609375
0 0.5578125 0.278125 0.03125 0.05625
0 0.4421875 0.27265625 0.03125 0.065625
0 0.02578125 0.25703125 0.03125 0.05625
0 0.7125 0.33984375 0.0359375 0.071875
0 0.12578125 0.334375 0.03125 0.065625
0 0.8359375 0.37578125 0.0359375 0.0671875
0 0.36875 0.3515625 0.040625 0.0859375
0 0.89609375 0.38125 0.0359375 0.0671875
0 0.96484375 0.3875 0.040625 0.0765625
0 0.45859375 0.3609375 0.034375 0.0625
0 0.76328125 0.38125 0.0359375 0.0765625
0 0.2828125 0.3609375 0.040625 0.08125
0 0.03046875 0.35 0.0328125 0.0796875
0 0.5203125 0.37578125 0.0359375 0.08125
0 0.5828125 0.38125 0.0359375 0.071875
0 0.64765625 0.3875 0.0359375 0.0765625
0 0.209375 0.3828125 0.0359375 0.071875
0 0.425 0.0390625 0.03125 0.0609375
0 0.37265625 0.45390625 0.0390625 0.0625
0 0.57578125 0.4734375 0.0359375 0.0890625
0 0.16796875 0.45703125 0.0359375 0.0671875
0 0.0421875 0.46875 0.0359375 0.0671875
0 0.75234375 0.50859375 0.0328125 0.0890625
0 0.24375 0.48203125 0.040625 0.0671875
0 0.8359375 0.515625 0.03125 0.0609375
0 0.92734375 0.525 0.0421875 0.0953125
0 0.4421875 0.50390625 0.034375 0.0625
0 0.91171875 0.071875 0.034375 0.0625
0 0.66484375 0.52734375 0.040625 0.090625
0 0.1078125 0.4984375 0.0390625 0.0625
0 0.5015625 0.52109375 0.0359375 0.0765625
0 0.3140625 0.5140625 0.040625 0.0671875
0 0.97734375 0.5484375 0.0359375 0.0765625
0 0.1140625 0.03671875 0.03125 0.05625
0 0.1734375 0.584375 0.03125 0.075
0 0.03515625 0.6125 0.040625 0.090625
0 0.3265625 0.628125 0.03125 0.075
0 0.8578125 0.6578125 0.040625 0.090625
0 0.10390625 0.61875 0.0359375 0.0765625
0 0.55234375 0.646875 0.040625 0.0671875
0 0.7765625 0.65859375 0.0359375 0.084375
0 0.9796875 0.67109375 0.028125 0.084375
0 0.72578125 0.6578125 0.0453125 0.08125
0 0.4109375 0.64140625 0.040625 0.08125
0 0.25859375 0.6359375 0.03125 0.0703125
0 0.82109375 0.08125 0.034375 0.053125
0 0.6328125 0.6640625 0.040625 0.0671875
0 0.48671875 0.65625 0.040625 0.0671875
0 0.03984375 0.0421875 0.034375 0.0484375
0 0.23828125 0.053125 0.034375 0.0625
0 0.92109375 0.69609375 0.0359375 0.0765625
0 0.3609375 0.06171875 0.03125 0.0609375
0 0.6515625 0.07890625 0.03125 0.05625
0 0.178125 0.0546875 0.03125 0.0515625
0 0.59375 0.07890625 0.03125 0.0609375
0 0.7046875 0.084375 0.03125 0.065625
0 0.76015625 0.08984375 0.03125 0.0609375
0 0.06796875 0.7484375 0.0359375 0.08125
0 0.24296875 0.76484375 0.046875 0.0984375
0 0.621875 0.78515625 0.0359375 0.0765625
0 0.00546875 0.75546875 0.0109375 0.0890625
0 0.77578125 0.80390625 0.0453125 0.0859375
0 0.984375 0.10390625 0.03125 0.046875
0 0.16328125 0.77890625 0.0453125 0.0859375
0 0.76796875 0.02265625 0.025 0.0203125
0 0.5421875 0.803125 0.03125 0.065625
0 0.3359375 0.7953125 0.0359375 0.08125
0 0.4796875 0.8046875 0.0453125 0.0859375
0 0.85625 0.8265625 0.040625 0.090625
0 0.4078125 0.803125 0.0421875 0.0984375
0 0.30390625 0.07265625 0.0453125 0.08125
0 0.6890625 0.8296875 0.0453125 0.0859375
0 0.93203125 0.8453125 0.0359375 0.0890625
0 0.87265625 0.10703125 0.03125 0.0703125
0 0.97421875 0.03359375 0.025 0.0203125
0 0.08515625 0.93515625 0.05 0.0859375
0 0.7921875 0.96640625 0.040625 0.0671875
0 0.95390625 0.96953125 0.0359375 0.0609375
0 0.01484375 0.93515625 0.0296875 0.0765625
0 0.621875 0.96796875 0.040625 0.0640625
0 0.278125 0.95390625 0.0453125 0.071875
0 0.7078125 0.97421875 0.053125 0.0515625
0 0.8796875 0.98046875 0.04375 0.0390625
0 0.184375 0.95234375 0.0484375 0.0578125
0 0.44296875 0.96953125 0.0390625 0.0578125
0 0.36171875 0.96796875 0.0390625 0.053125
0 0.534375 0.9828125 0.034375 0.034375