0 0.15625 0.24609375 0.0203125 0.025
0 0.2484375 0.25078125 0.015625 0.01875
0 0.23671875 0.25234375 0.015625 0.0234375
0 0.49375 0.265625 0.015625 0.0234375
0 0.21875 0.2515625 0.0140625 0.0140625
0 0.13984375 0.25390625 0.009375 0.0140625
0 0.28046875 0.26640625 0.009375 0.0140625
0 0.67734375 0.28984375 0.025 0.0328125
0 0.2203125 0.26953125 0.015625 0.0234375
0 0.2296875 0.26953125 0.015625 0.0234375
0 0.2984375 0.2734375 0.0203125 0.025
0 0.17109375 0.26953125 0.0109375 0.0234375
0 0.471875 0.2875 0.015625 0.028125
0 0.54296875 0.29140625 0.0203125 0.025
0 0.33515625 0.2828125 0.025 0.025
0 0.246875 0.28046875 0.025 0.0296875
0 0.62421875 0.3 0.0203125 0.0296875
0 0.265625 0.28125 0.0203125 0.0296875
0 0.434375 0.2921875 0.015625 0.0234375
0 0.65625 0.30625 0.025 0.0421875
0 0.37421875 0.29140625 0.0203125 0.025
0 0.1453125 0.28203125 0.0203125 0.0296875
0 0.18671875 0.28671875 0.0203125 0.0296875
0 0.309375 0.29296875 0.0203125 0.0296875
0 0.325 0.2984375 0.0203125 0.0375
0 0.06171875 0.28671875 0.0265625 0.046875
0 0.5890625 0.31484375 0.0203125 0.0296875
0 0.27890625 0.30078125 0.0203125 0.0296875
0 0.12109375 0.2921875 0.0203125 0.0296875
0 0.2234375 0.29765625 0.0203125 0.0375
0 0.16328125 0.296875 0.0203125 0.0296875
0 0.375 0.31015625 0.015625 0.0234375
0 0.69921875 0.32734375 0.0203125 0.0375
0 0.47890625 0.315625 0.0203125 0.0296875
0 0.39140625 0.31328125 0.015625 0.0234375
0 0.25703125 0.30859375 0.0203125 0.0296875
0 0.196875 0.30546875 0.015625 0.028125
0 0.51875 0.32265625 0.0203125 0.0296875
0 0.5578125 0.32734375 0.0203125 0.0296875
0 0.94609375 0.34765625 0.0484375 0.0578125
0 0.53984375 0.32578125 0.0203125 0.0328125
0 0.571875 0.32734375 0.015625 0.01875
0 0.428125 0.325 0.0203125 0.0296875
0 0.44453125 0.32578125 0.015625 0.0234375
0 0.45546875 0.33125 0.015625 0.028125
0 0.49921875 0.33359375 0.009375 0.0140625
0 0.29296875 0.325 0.0203125 0.0296875
0 0.35546875 0.328125 0.0203125 0.025
0 0.4046875 0.33046875 0.0203125 0.0296875
0 0.71484375 0.346875 0.0203125 0.0328125
0 0.3375 0.3296875 0.0203125 0.0375
0 0.13828125 0.325 0.025 0.0375
0 0.309375 0.33671875 0.025 0.0421875
0 0.5125 0.35703125 0.0203125 0.0375
0 0.7875 0.37109375 0.03125 0.0515625
0 0.58125 0.3625 0.0296875 0.0375
0 0.53046875 0.3625 0.0203125 0.0328125
0 0.19921875 0.35234375 0.03125 0.046875
0 0.22890625 0.35859375 0.03125 0.05625
0 0.63359375 0.3796875 0.0203125 0.025
0 0.16640625 0.36171875 0.034375 0.0484375
0 0.55703125 0.3875 0.015625 0.028125
0 0.44140625 0.38359375 0.034375 0.04375
0 0.6765625 0.39609375 0.025 0.0375
0 0.1078125 0.36875 0.034375 0.053125
0 0.346875 0.38125 0.034375 0.0578125
0 0.57734375 0.39296875 0.0203125 0.0375
0 0.378125 0.38515625 0.025 0.0375
0 0.62578125 0.4 0.0296875 0.0296875
0 0.52421875 0.39921875 0.03125 0.046875
0 0.68046875 0.41484375 0.0203125 0.0375
0 0.90703125 0.43046875 0.034375 0.0578125
0 0.490625 0.4109375 0.040625 0.0671875
0 0.02890625 0.3890625 0.05 0.08125
0 0.07890625 0.396875 0.0453125 0.08125
0 0.975 0.44609375 0.0359375 0.0671875
0 0.29765625 0.4125 0.034375 0.0625
0 0.58515625 0.43515625 0.034375 0.053125
0 0.14765625 0.4140625 0.034375 0.053125
0 0.7390625 0.44765625 0.05 0.0859375
0 0.2671875 0.42734375 0.0390625 0.0578125
0 0.61875 0.45078125 0.0390625 0.0625
0 0.86796875 0.46640625 0.034375 0.053125
0 0.6875 0.45859375 0.0390625 0.0625
0 0.3703125 0.45859375 0.0546875 0.0765625
0 0.85234375 0.490625 0.04375 0.0625
0 0.4625 0.47421875 0.05 0.090625
0 0.12421875 0.46171875 0.040625 0.08125
0 0.96328125 0.5125 0.034375 0.0578125
0 0.77109375 0.509375 0.04375 0.0484375
0 0.66796875 0.52265625 0.05 0.0765625
0 0.09921875 0.49296875 0.0453125 0.0765625
0 0.62109375 0.53671875 0.0546875 0.0765625
0 0.95 0.58125 0.05625 0.1
0 0.2375 0.5578125 0.0703125 0.1
0 0.8890625 0.5921875 0.05 0.090625
0 0.578125 0.603125 0.0453125 0.0859375
0 0.7890625 0.6359375 0.0453125 0.0859375
0 0.334375 0.69296875 0.0796875 0.1234375
0 0.94609375 0.74765625 0.065625 0.1234375
0 0.73671875 0.853125 0.109375 0.1578125
0 0.07265625 0.83203125 0.071875 0.1421875