0 0.265625 0.31484375 0.0703125 0.103125
0 0.096875 0.35078125 0.090625 0.128125
0 0.41953125 0.3984375 0.0875 0.1328125
0 0.959375 0.459375 0.08125 0.13125
0 0.66953125 0.4359375 0.0953125 0.11875
0 0.8390625 0.51171875 0.0875 0.1375
0 0.2296875 0.4578125 0.0859375 0.11875
0 0.5078125 0.49609375 0.0859375 0.11875
0 0.73515625 0.5875 0.1078125 0.153125
0 0.39296875 0.59296875 0.096875 0.1421875
0 0.93359375 0.696875 0.0984375 0.1609375
0 0.04765625 0.615625 0.0953125 0.14375
0 0.24296875 0.640625 0.09375 0.1515625
0 0.5796875 0.6875 0.1078125 0.1578125
0 0.815625 0.7796875 0.1109375 0.153125
0 0.503125 0.246875 0.0875 0.1328125
0 0.86171875 0.29609375 0.09375 0.146875
0 0.975 0.315625 0.05 0.103125
0 0.63203125 0.27890625 0.096875 0.1375
0 0.36796875 0.25390625 0.0953125 0.11875
0 0.2015625 0.2359375 0.0875 0.1328125
0 0.746875 0.2984375 0.0859375 0.11875
0 0.06640625 0.2375 0.0953125 0.1328125