0 0.628125 0.115625 0.021875 0.0375
0 0.33515625 0.1 0.021875 0.0296875
0 0.64375 0.13125 0.0203125 0.025
0 0.5765625 0.12578125 0.0203125 0.025
0 0.44296875 0.1140625 0.0265625 0.0390625
0 0.159375 0.09375 0.03125 0.034375
0 0.484375 0.121875 0.021875 0.0296875
0 0.51875 0.125 0.0265625 0.0296875
0 0.40078125 0.11953125 0.025 0.025
0 0.825 0.159375 0.0265625 0.0296875
0 0.26171875 0.1125 0.021875 0.0375
0 0.66796875 0.15 0.03125 0.04375
0 0.73671875 0.1609375 0.0265625 0.034375
0 0.88828125 0.17421875 0.03125 0.0390625
0 0.0953125 0.1046875 0.0265625 0.04375
0 0.43203125 0.13671875 0.0265625 0.034375
0 0.34921875 0.12890625 0.0265625 0.0390625
0 0.54296875 0.14609375 0.021875 0.0296875
0 0.49921875 0.14453125 0.021875 0.0328125
0 0.6265625 0.1625 0.0265625 0.0296875
0 0.9875 0.19609375 0.025 0.0390625
0 0.58046875 0.1625 0.021875 0.0296875
0 0.38671875 0.14609375 0.0265625 0.034375
0 0.5203125 0.1578125 0.025 0.0203125
0 0.2828125 0.13671875 0.0265625 0.04375
0 0.6109375 0.165625 0.03125 0.034375
0 0.1484375 0.13203125 0.03125 0.034375
0 0.25234375 0.14140625 0.021875 0.0375
0 0.4671875 0.16015625 0.0265625 0.034375
0 0.44375 0.16015625 0.0265625 0.0296875
0 0.046875 0.128125 0.0265625 0.034375
0 0.55625 0.17734375 0.0265625 0.0296875
0 0.4125 0.16953125 0.025 0.0203125
0 0.3671875 0.165625 0.021875 0.0328125
0 0.2140625 0.15390625 0.021875 0.0375
0 0.1859375 0.1515625 0.021875 0.0328125
0 0.31484375 0.165625 0.025 0.025
0 0.68046875 0.19765625 0.021875 0.0296875
0 0.51796875 0.1828125 0.0265625 0.0296875
0 0.45390625 0.17734375 0.0171875 0.0296875
0 0.7671875 0.20703125 0.0265625 0.0390625
0 0.72109375 0.20546875 0.0265625 0.0296875
0 0.12578125 0.15625 0.021875 0.0328125
0 0.75703125 0.21328125 0.021875 0.0328125
0 0.34921875 0.178125 0.0265625 0.0390625
0 0.3859375 0.18359375 0.0265625 0.034375
0 0.79609375 0.221875 0.0265625 0.034375
0 0.31171875 0.17890625 0.0265625 0.0296875
0 0.2890625 0.1796875 0.0265625 0.04375
0 0.74296875 0.221875 0.03125 0.04375
0 0.8140625 0.228125 0.0265625 0.0390625
0 0.14296875 0.16953125 0.0328125 0.0484375
0 0.6296875 0.21171875 0.0265625 0.0390625
0 0.878125 0.23828125 0.03125 0.0390625
0 0.37734375 0.19453125 0.0265625 0.0296875
0 0.253125 0.18359375 0.021875 0.0328125
0 0.334375 0.190625 0.021875 0.0375
0 0.06640625 0.16953125 0.021875 0.0296875
0 0.9375 0.2484375 0.021875 0.0328125
0 0.21640625 0.18515625 0.0296875 0.0265625
0 0.85546875 0.240625 0.021875 0.0375
0 0.6546875 0.2234375 0.025 0.025
0 0.90546875 0.24765625 0.021875 0.0328125
0 0.95625 0.25234375 0.03125 0.0390625
0 0.41015625 0.20390625 0.0171875 0.0296875
0 0.4390625 0.20703125 0.0171875 0.0296875
0 0.42578125 0.20546875 0.0265625 0.04375
0 0.840625 0.24453125 0.0265625 0.034375
0 0.68828125 0.23125 0.0265625 0.034375
0 0.60546875 0.22578125 0.0265625 0.0390625
0 0.70234375 0.234375 0.021875 0.0328125
0 0.52421875 0.21875 0.0203125 0.0203125
0 0.31640625 0.20234375 0.021875 0.0375
0 0.46640625 0.2203125 0.021875 0.0296875
0 0.22421875 0.2015625 0.0203125 0.0203125
0 0.5 0.228125 0.0265625 0.0390625
0 0.24921875 0.20625 0.0265625 0.034375
0 0.3671875 0.21875 0.0265625 0.034375
0 0.9875 0.275 0.025 0.04375
0 0.1796875 0.2046875 0.0265625 0.0390625
0 0.75078125 0.25703125 0.03125 0.0390625
0 0.6640625 0.24921875 0.015625 0.0203125
0 0.71484375 0.25390625 0.03125 0.04375
0 0.19765625 0.2109375 0.0265625 0.034375
0 0.27109375 0.21953125 0.021875 0.0296875
0 0.89609375 0.27421875 0.0265625 0.034375
0 0.5875 0.246875 0.03125 0.04375
0 0.79453125 0.26796875 0.028125 0.0484375
0 0.3015625 0.22421875 0.0265625 0.0390625
0 0.53359375 0.24765625 0.03125 0.0390625
0 0.646875 0.259375 0.0328125 0.0484375
0 0.77265625 0.275 0.03125 0.04375
0 0.93125 0.29140625 0.0203125 0.025
0 0.415625 0.24609375 0.0265625 0.0390625
0 0.846875 0.28671875 0.03125 0.04375
0 0.2171875 0.23125 0.021875 0.0328125
0 0.16171875 0.22890625 0.0328125 0.0484375
0 0.05078125 0.221875 0.034375 0.0390625
0 0.35 0.24765625 0.034375 0.0390625
0 0.87109375 0.2953125 0.03125 0.0390625
0 0.2390625 0.24296875 0.0265625 0.0390625
0 0.434375 0.2625 0.0359375 0.04375
0 0.82890625 0.296875 0.03125 0.03125
0 0.3859375 0.2625 0.03125 0.04375
0 0.68046875 0.28828125 0.03125 0.04375
0 0.74296875 0.29609375 0.03125 0.0390625
0 0.9484375 0.31640625 0.0265625 0.034375
0 0.1 0.2421875 0.03125 0.034375
0 0.30234375 0.26015625 0.034375 0.0265625
0 0.9203125 0.31796875 0.03125 0.04375
0 0.19609375 0.25703125 0.021875 0.0375
0 0.0296875 0.24453125 0.021875 0.0421875
0 0.49921875 0.29296875 0.0328125 0.0484375
0 0.52734375 0.29765625 0.0265625 0.034375
0 0.225 0.27109375 0.03125 0.04375
0 0.584375 0.3046875 0.03125 0.04375
0 0.14375 0.26640625 0.03125 0.04375
0 0.88125 0.33359375 0.021875 0.0296875
0 0.859375 0.33125 0.021875 0.0328125
0 0.984375 0.34296875 0.03125 0.0484375
0 0.3609375 0.28984375 0.03125 0.04375
0 0.309375 0.2859375 0.0265625 0.04375
0 0.9578125 0.34453125 0.0359375 0.0484375
0 0.27265625 0.2875 0.0265625 0.0390625
0 0.82109375 0.33515625 0.0421875 0.0625
0 0.1734375 0.27890625 0.0265625 0.04375
0 0.69375 0.3265625 0.03125 0.04375
0 0.43046875 0.30546875 0.0359375 0.04375
0 0.6546875 0.325 0.0359375 0.0484375
0 0.896875 0.346875 0.0328125 0.053125
0 0.06171875 0.27578125 0.0328125 0.053125
0 0.753125 0.33828125 0.0265625 0.04375
0 0.328125 0.3109375 0.0328125 0.0484375
0 0.02578125 0.2890625 0.021875 0.0328125
0 0.184375 0.303125 0.03125 0.0390625
0 0.5421875 0.33671875 0.03125 0.034375
0 0.11015625 0.3015625 0.0359375 0.053125
0 0.3828125 0.325 0.03125 0.03125
0 0.7765625 0.36796875 0.0328125 0.0484375
0 0.865625 0.378125 0.0328125 0.0484375
0 0.25 0.32421875 0.025 0.025
0 0.15859375 0.31875 0.0359375 0.04375
0 0.04921875 0.309375 0.021875 0.0375
0 0.4671875 0.35078125 0.040625 0.0484375
0 0.08125 0.31875 0.0328125 0.0484375
0 0.69921875 0.37578125 0.0265625 0.0390625
0 0.99453125 0.4015625 0.0109375 0.0375
0 0.96171875 0.40078125 0.0359375 0.04375
0 0.61015625 0.37734375 0.040625 0.04375
0 0.665625 0.38671875 0.0359375 0.04375
0 0.72109375 0.39140625 0.0359375 0.0484375
0 0.3953125 0.36796875 0.03125 0.04375
0 0.2453125 0.35703125 0.0359375 0.053125
0 0.31640625 0.36328125 0.034375 0.0390625
0 0.81484375 0.409375 0.0359375 0.04375
0 0.89765625 0.42109375 0.0328125 0.0484375
0 0.1 0.3515625 0.034375 0.034375
0 0.04609375 0.346875 0.021875 0.0328125
0 0.9359375 0.4265625 0.0359375 0.04375
0 0.221875 0.36640625 0.03125 0.04375
0 0.53046875 0.39375 0.040625 0.053125
0 0.5875 0.40078125 0.0328125 0.053125
0 0.4375 0.3875 0.0359375 0.053125
0 0.15859375 0.365625 0.0359375 0.0484375
0 0.1921875 0.378125 0.0328125 0.0484375
0 0.36015625 0.39296875 0.03125 0.04375
0 0.3 0.39140625 0.03125 0.04375
0 0.9734375 0.4578125 0.0421875 0.0578125
0 0.03515625 0.37578125 0.040625 0.053125
0 0.6484375 0.42890625 0.0359375 0.053125
0 0.121875 0.3875 0.0359375 0.04375
0 0.50234375 0.4234375 0.03125 0.0390625
0 0.8796875 0.46328125 0.040625 0.053125
0 0.990625 0.47578125 0.01875 0.0703125
0 0.3453125 0.41640625 0.0453125 0.0546875
0 0.9203125 0.47421875 0.040625 0.053125
0 0.72265625 0.459375 0.0359375 0.0484375
0 0.5765625 0.45078125 0.0328125 0.0484375
0 0.665625 0.4609375 0.046875 0.0640625
0 0.8125 0.48359375 0.0453125 0.05
0 0.2015625 0.43203125 0.0359375 0.053125
0 0.6046875 0.4703125 0.0421875 0.0625
0 0.17109375 0.434375 0.0390625 0.0390625
0 0.74765625 0.48515625 0.0421875 0.0578125
0 0.43828125 0.46015625 0.0265625 0.0390625
0 0.2796875 0.44609375 0.0390625 0.0390625
0 0.47265625 0.46328125 0.040625 0.053125
0 0.51484375 0.46875 0.0359375 0.04375
0 0.028125 0.4265625 0.040625 0.0484375
0 0.103125 0.4390625 0.040625 0.0484375
0 0.40546875 0.465625 0.0453125 0.0546875
0 0.0609375 0.44296875 0.0359375 0.053125
0 0.328125 0.47109375 0.0359375 0.0484375
0 0.984375 0.53203125 0.03125 0.0484375
0 0.853125 0.52421875 0.046875 0.0640625
0 0.55546875 0.5046875 0.0421875 0.0578125
0 0.2484375 0.4828125 0.0359375 0.0484375
0 0.95859375 0.54921875 0.040625 0.053125
0 0.78203125 0.5390625 0.046875 0.0640625
0 0.36484375 0.5046875 0.0359375 0.053125
0 0.13828125 0.4921875 0.040625 0.053125
0 0.4671875 0.52734375 0.040625 0.04375
0 0.5703125 0.54765625 0.0453125 0.0546875
0 0.01875 0.5015625 0.0375 0.0625
0 0.7109375 0.5671875 0.0421875 0.0625
0 0.86953125 0.58125 0.040625 0.053125
0 0.6390625 0.56328125 0.0375 0.0578125
0 0.43828125 0.5453125 0.040625 0.04375
0 0.203125 0.525 0.0359375 0.04375
0 0.52265625 0.5625 0.0421875 0.0671875
0 0.94375 0.61328125 0.0421875 0.0578125
0 0.3421875 0.5703125 0.0359375 0.053125
0 0.27109375 0.57109375 0.0359375 0.053125
0 0.12265625 0.56171875 0.0359375 0.0484375
0 0.04921875 0.55546875 0.040625 0.053125
0 0.4375 0.6015625 0.0328125 0.053125
0 0.190625 0.584375 0.040625 0.053125
0 0.66953125 0.62890625 0.05625 0.0734375
0 0.584375 0.62109375 0.046875 0.06875
0 0.48515625 0.61484375 0.0515625 0.06875
0 0.9046875 0.65390625 0.0484375 0.078125
0 0.7796875 0.64296875 0.046875 0.0640625
0 0.36875 0.61875 0.046875 0.0640625
0 0.19453125 0.65234375 0.0421875 0.0578125
0 0.2625 0.671875 0.0421875 0.0671875
0 0.0828125 0.6953125 0.0421875 0.0578125