0 0.91953125 0.0609375 0.0703125 0.121875
0 0.796875 0.1578125 0.046875 0.0546875
0 0.1640625 0.25234375 0.0328125 0.04375
0 0.51328125 0.209375 0.0109375 0.0109375
0 0.2265625 0.246875 0.0265625 0.034375
0 0.45390625 0.221875 0.0109375 0.015625
0 0.3375 0.23984375 0.021875 0.025
0 0.38515625 0.23359375 0.015625 0.0203125
0 0.50546875 0.221875 0.00625 0.009375
0 0.459375 0.2296875 0.0109375 0.0109375
0 0.53125 0.2203125 0.0046875 0.0046875
0 0.2875 0.25078125 0.021875 0.025
0 0.51953125 0.221875 0.0109375 0.015625
0 0.2125 0.26484375 0.0328125 0.040625
0 0.40546875 0.240625 0.021875 0.025
0 0.4375 0.2390625 0.015625 0.0203125
0 0.25625 0.2640625 0.021875 0.0296875
0 0.7046875 0.20859375 0.0046875 0.0046875
0 0.48203125 0.2359375 0.028125 0.0390625
0 0.19921875 0.2734375 0.0171875 0.0328125
0 0.33671875 0.25625 0.0171875 0.025
0 0.01875 0.29765625 0.0375 0.0640625
0 0.31015625 0.26171875 0.0171875 0.0296875
0 0.7265625 0.215625 0.0109375 0.0109375
0 0.2875 0.271875 0.0265625 0.034375
0 0.6609375 0.23046875 0.0265625 0.0265625
0 0.52734375 0.246875 0.015625 0.0203125
0 0.51875 0.253125 0.0234375 0.0390625
0 0.54375 0.25 0.015625 0.0203125
0 0.4515625 0.2609375 0.0171875 0.0296875
0 0.50703125 0.2546875 0.0125 0.0328125
0 0.73515625 0.22890625 0.0109375 0.015625
0 0.56953125 0.2515625 0.0109375 0.015625
0 0.75390625 0.23359375 0.0171875 0.025
0 0.5546875 0.26015625 0.015625 0.0203125
0 0.6625 0.24921875 0.025 0.021875
0 0.70390625 0.24453125 0.028125 0.0484375
0 0.53671875 0.26484375 0.0203125 0.0109375
0 0.6890625 0.2484375 0.0328125 0.0484375
0 0.09609375 0.3234375 0.0796875 0.096875
0 0.565625 0.26875 0.0171875 0.025
0 0.71875 0.2515625 0.021875 0.0296875
0 0.76328125 0.253125 0.0203125 0.0203125
0 0.55234375 0.28125 0.0359375 0.03125
0 0.66328125 0.271875 0.0359375 0.040625
0 0.73671875 0.26328125 0.0375 0.05
0 0.01953125 0.3640625 0.0390625 0.071875
0 0.77109375 0.27578125 0.0375 0.05
0 0.659375 0.2984375 0.04375 0.059375
0 0.5765625 0.30859375 0.0421875 0.0546875
0 0.54140625 0.32265625 0.0390625 0.059375
0 0.2921875 0.3625 0.053125 0.065625
0 0.24375 0.37109375 0.059375 0.075
0 0.171875 0.39296875 0.08125 0.1046875
0 0.78125 0.325 0.046875 0.046875
0 0.6234375 0.3609375 0.040625 0.040625
0 0.68359375 0.35859375 0.0375 0.05
0 0.08359375 0.434375 0.0875 0.1234375
0 0.290625 0.41171875 0.059375 0.0796875
0 0.396875 0.40546875 0.04375 0.0328125
0 0.59453125 0.396875 0.059375 0.0796875
0 0.77734375 0.3890625 0.05 0.0734375
0 0.04296875 0.4796875 0.0859375 0.1625
0 0.67265625 0.40625 0.034375 0.053125
0 0.7125 0.40859375 0.05625 0.09375
0 0.8390625 0.41171875 0.0859375 0.109375
0 0.4125 0.47109375 0.0890625 0.096875
0 0.26796875 0.49140625 0.09375 0.134375
0 0.571875 0.4796875 0.090625 0.075
0 0.68359375 0.49375 0.0671875 0.1078125
0 0.38984375 0.58828125 0.1125 0.15
0 0.51171875 0.5921875 0.09375 0.1390625
0 0.60625 0.59140625 0.103125 0.1390625