0 0.03125 0.22578125 0.034375 0.071875
0 0.3984375 0.16328125 0.03125 0.05
0 0.51796875 0.0109375 0.0234375 0.021875
0 0.44765625 0.0203125 0.025 0.0390625
0 0.190625 0.225 0.040625 0.0609375
0 0.44609375 0.1828125 0.0296875 0.0625
0 0.0140625 0.2625 0.028125 0.040625
0 0.08046875 0.2515625 0.034375 0.0671875
0 0.284375 0.22109375 0.034375 0.071875
0 0.121875 0.2515625 0.0296875 0.0625
0 0.10859375 0.25625 0.028125 0.0578125
0 0.17109375 0.24765625 0.03125 0.0765625
0 0.5203125 0.18828125 0.0328125 0.059375
0 0.26796875 0.23515625 0.0296875 0.0671875
0 0.4 0.2125 0.0390625 0.06875
0 0.61328125 0.19765625 0.0296875 0.0671875
0 0.14140625 0.08203125 0.0234375 0.053125
0 0.55078125 0.2421875 0.0390625 0.06875
0 0.2578125 0.30078125 0.0359375 0.0765625
0 0.38125 0.27890625 0.03125 0.071875
0 0.35625 0.04609375 0.028125 0.0578125
0 0.7015625 0.2296875 0.028125 0.0578125
0 0.8296875 0.21171875 0.0359375 0.0765625
0 0.93046875 0.19609375 0.0296875 0.0625
0 0.76640625 0.225 0.0375 0.08125
0 0.34140625 0.30546875 0.028125 0.0578125
0 0.0421875 0.3578125 0.0328125 0.0640625
0 0.15625 0.3375 0.0328125 0.0359375
0 0.315625 0.32109375 0.0390625 0.0734375
0 0.1265625 0.0890625 0.028125 0.0578125
0 0.7375 0.26015625 0.040625 0.078125
0 0.38203125 0.328125 0.034375 0.071875
0 0.56015625 0.296875 0.0375 0.08125
0 0.228125 0.3578125 0.0328125 0.0640625
0 0.95390625 0.234375 0.028125 0.084375
0 0.66328125 0.290625 0.03125 0.071875
0 0.621875 0.29765625 0.040625 0.078125
0 0.5828125 0.021875 0.034375 0.04375
0 0.74375 0.0078125 0.034375 0.015625
0 0.31640625 0.05703125 0.021875 0.0484375
0 0.6859375 0.29140625 0.040625 0.078125
0 0.89140625 0.2546875 0.0421875 0.0640625
0 0.14375 0.38671875 0.0296875 0.040625
0 0.81171875 0.27109375 0.0359375 0.0765625
0 0.54609375 0.3203125 0.040625 0.0828125
0 0.16796875 0.38984375 0.04375 0.0921875
0 0.2984375 0.37109375 0.0328125 0.059375
0 0.50625 0.33671875 0.0421875 0.0875
0 0.0109375 0.4265625 0.021875 0.071875
0 0.46171875 0.34921875 0.040625 0.078125
0 0.03125 0.4296875 0.034375 0.071875
0 0.271875 0.39453125 0.0390625 0.0734375
0 0.7875 0.30546875 0.0390625 0.0734375
0 0.3796875 0.37734375 0.05 0.084375
0 0.20625 0.40859375 0.03125 0.071875
0 0.10546875 0.43515625 0.0328125 0.059375
0 0.15 0.43515625 0.034375 0.071875
0 0.85859375 0.321875 0.040625 0.0828125
0 0.3484375 0.428125 0.0390625 0.06875
0 0.48671875 0.4125 0.0328125 0.08125
0 0.31875 0.4421875 0.0375 0.08125
0 0.2453125 0.46953125 0.0453125 0.0828125
0 0.01875 0.51640625 0.0375 0.0640625
0 0.5484375 0.428125 0.0375 0.08125
0 0.96640625 0.36171875 0.0375 0.0859375
0 0.5625 0.03046875 0.034375 0.0609375
0 0.653125 0.0234375 0.03125 0.046875
0 0.51796875 0.4546875 0.04375 0.078125
0 0.74765625 0.4234375 0.0359375 0.0546875
0 0.41953125 0.5 0.040625 0.078125
0 0.60703125 0.4671875 0.034375 0.071875
0 0.17890625 0.54453125 0.0421875 0.0640625
0 0.6859375 0.4625 0.03125 0.0765625
0 0.2625 0.5375 0.0421875 0.06875
0 0.01171875 0.58359375 0.0171875 0.046875
0 0.12421875 0.56875 0.0375 0.0640625
0 0.81171875 0.4546875 0.053125 0.0796875
0 0.0546875 0.58828125 0.034375 0.0671875
0 0.9390625 0.44375 0.040625 0.0828125
0 0.32421875 0.55703125 0.040625 0.078125
0 0.59765625 0.50859375 0.0375 0.0640625
0 0.15625 0.5890625 0.025 0.0609375
0 0.0421875 0.609375 0.040625 0.0609375
0 0.75859375 0.48515625 0.0359375 0.0546875
0 0.209375 0.58203125 0.0359375 0.0546875
0 0.52734375 0.53515625 0.0390625 0.06875
0 0.73125 0.5203125 0.040625 0.0828125
0 0.028125 0.6515625 0.025 0.04375
0 0.16875 0.63359375 0.0328125 0.0359375
0 0.86171875 0.5140625 0.04375 0.0734375
0 0.58828125 0.58515625 0.028125 0.03125
0 0.47890625 0.6046875 0.0421875 0.0640625
0 0.94375 0.525 0.040625 0.0828125
0 0.06484375 0.684375 0.0328125 0.0640625
0 0.3484375 0.6390625 0.040625 0.078125
0 0.70859375 0.578125 0.05 0.0890625
0 0.42734375 0.63046875 0.034375 0.0671875
0 0.25546875 0.09921875 0.0328125 0.059375
0 0.00625 0.14296875 0.0125 0.0484375
0 0.5734375 0.609375 0.05 0.0625
0 0.8546875 0.5640625 0.034375 0.071875
0 0.528125 0.63125 0.0453125 0.0875
0 0.1015625 0.72109375 0.0375 0.0640625
0 0.27734375 0.68984375 0.0390625 0.0734375
0 0.93046875 0.58203125 0.0453125 0.0875
0 0.8375 0.6 0.046875 0.0921875
0 0.38984375 0.68828125 0.040625 0.0828125
0 0.79140625 0.61796875 0.046875 0.0921875
0 0.6828125 0.64140625 0.0484375 0.0796875
0 0.98984375 0.60390625 0.0203125 0.0921875
0 0.609375 0.6921875 0.0484375 0.0796875
0 0.3453125 0.0921875 0.034375 0.071875
0 0.1 0.79375 0.0375 0.0640625
0 0.478125 0.73359375 0.0578125 0.103125
0 0.8890625 0.66640625 0.04375 0.078125
0 0.64921875 0.70859375 0.0296875 0.0671875
0 0.1984375 0.12109375 0.0375 0.08125
0 0.3203125 0.77109375 0.0390625 0.0734375
0 0.24609375 0.79140625 0.0375 0.059375
0 0.79609375 0.7109375 0.0390625 0.06875
0 0.58359375 0.7484375 0.04375 0.078125
0 0.0859375 0.84609375 0.0328125 0.059375
0 0.52890625 0.77265625 0.0484375 0.0796875
0 0.053125 0.1515625 0.0328125 0.059375
0 0.7203125 0.75234375 0.0453125 0.0828125
0 0.40703125 0.82890625 0.0484375 0.1015625
0 0.92578125 0.73984375 0.04375 0.046875
0 0.7078125 0.78515625 0.053125 0.075
0 0.4671875 0.8375 0.0390625 0.090625
0 0.50625 0.83984375 0.0453125 0.0875
0 0.11171875 0.91171875 0.0328125 0.059375
0 0.32578125 0.8828125 0.0390625 0.0734375
0 0.8390625 0.80703125 0.040625 0.078125
0 0.41484375 0.096875 0.0359375 0.0765625
0 0.77265625 0.83046875 0.0421875 0.0875
0 0.984375 0.79375 0.03125 0.096875
0 0.4109375 0.9015625 0.0515625 0.0703125
0 0.5375 0.075 0.028125 0.0578125
0 0.88828125 0.81953125 0.0421875 0.06875
0 0.15390625 0.953125 0.0390625 0.09375
0 0.8203125 0.83828125 0.0375 0.08125
0 0.45703125 0.9078125 0.05 0.0890625
0 0.578125 0.88828125 0.04375 0.0921875
0 0.71328125 0.8671875 0.0515625 0.11875
0 0.95078125 0.8296875 0.0453125 0.0875
0 0.11953125 0.15390625 0.0296875 0.0671875
0 0.92265625 0.84375 0.0484375 0.0796875
0 0.30390625 0.95234375 0.0515625 0.0953125
0 0.62890625 0.9 0.04375 0.0734375
0 0.5609375 0.9125 0.0453125 0.1046875
0 0.68828125 0.88984375 0.046875 0.0921875
0 0.3671875 0.9484375 0.0328125 0.0640625
0 0.7671875 0.89453125 0.0390625 0.06875
0 0.45 0.096875 0.0296875 0.0625
0 0.5125 0.953125 0.05625 0.09375
0 0.8640625 0.89921875 0.0640625 0.0859375
0 0.51484375 0.08828125 0.0328125 0.0640625
0 0.76875 0.9296875 0.0515625 0.0671875
0 0.42265625 0.98125 0.0453125 0.0375
0 0.93125 0.9078125 0.0484375 0.0484375
0 0.178125 0.05859375 0.021875 0.021875
0 0.2140625 0.0546875 0.0265625 0.0265625
0 0.31953125 0.12734375 0.0375 0.08125
0 0.80859375 0.05078125 0.0359375 0.0765625
0 0.91328125 0.03203125 0.0328125 0.0640625
0 0.834375 0.05078125 0.0296875 0.0671875
0 0.71171875 0.07734375 0.03125 0.071875
0 0.871875 0.0515625 0.0328125 0.08125
0 0.09140625 0.19609375 0.021875 0.0265625
0 0.0328125 0.0890625 0.021875 0.0265625
0 0.23671875 0.18203125 0.034375 0.0671875
0 0.61171875 0.12109375 0.0328125 0.0640625