0 0.71171875 0.08671875 0.0671875 0.078125
0 0.37421875 0.1484375 0.059375 0.0859375
0 0.16015625 0.06640625 0.0453125 0.034375
0 0.871875 0.075 0.0453125 0.05625
0 0.66953125 0.11796875 0.0625 0.08125
0 0.45 0.16328125 0.0546875 0.0625
0 0.33515625 0.19296875 0.053125 0.075
0 0.846875 0.109375 0.05 0.0625
0 0.00859375 0.09921875 0.0171875 0.0421875
0 0.27578125 0.22734375 0.0671875 0.0828125
0 0.61796875 0.16875 0.0515625 0.0703125
0 0.1328125 0.25703125 0.046875 0.065625
0 0.1578125 0.25234375 0.0515625 0.0703125
0 0.1953125 0.25078125 0.0515625 0.0671875
0 0.50546875 0.01796875 0.0484375 0.0359375
0 0.853125 0.16953125 0.0765625 0.10625
0 0.5453125 0.23359375 0.0515625 0.0703125
0 0.4875 0.26484375 0.06875 0.0921875
0 0.73984375 0.23515625 0.0515625 0.0703125
0 0.33046875 0.3109375 0.0765625 0.1109375
0 0.6859375 0.2890625 0.0734375 0.0921875
0 0.64765625 0.32578125 0.0734375 0.0921875
0 0.0875 0.4265625 0.059375 0.0859375
0 0.5171875 0.36015625 0.0640625 0.0859375
0 0.21953125 0.4296875 0.0578125 0.08125
0 0.26171875 0.425 0.065625 0.0953125
0 0.3265625 0.0625 0.046875 0.065625
0 0.74375 0.3609375 0.078125 0.09375
0 0.4484375 0.41953125 0.084375 0.125
0 0.28125 0.075 0.0453125 0.05625
0 0.4484375 0.04609375 0.046875 0.065625
0 0.171875 0.09453125 0.034375 0.0453125
0 0.02578125 0.5484375 0.0515625 0.084375
0 0.78203125 0.4359375 0.084375 0.125
0 0.52578125 0.48359375 0.0875 0.1171875
0 0.4171875 0.05859375 0.040625 0.0609375
0 0.63984375 0.028125 0.0703125 0.05625
0 0.87734375 0.52265625 0.0875 0.121875
0 0.36015625 0.08046875 0.0484375 0.075
0 0.22890625 0.68203125 0.1046875 0.1375
0 0.75546875 0.021875 0.0453125 0.04375
0 0.53046875 0.0625 0.0515625 0.0703125
0 0.09765625 0.140625 0.046875 0.065625
0 0.7828125 0.03125 0.053125 0.0625
0 0.23046875 0.928125 0.1203125 0.14375
0 0.1140625 0.9484375 0.1 0.103125
0 0.1921875 0.140625 0.0578125 0.08125
0 0.0328125 0.1703125 0.0453125 0.05625
0 0.13125 0.16796875 0.053125 0.0796875