0 0.21171875 0.14453125 0.0109375 0.015625
0 0.0515625 0.17265625 0.0171875 0.0203125
0 0.4046875 0.11875 0.015625 0.015625
0 0.01796875 0.1796875 0.0171875 0.0203125
0 0.49140625 0.10546875 0.0109375 0.015625
0 0.415625 0.11953125 0.0109375 0.015625
0 0.07578125 0.17578125 0.015625 0.015625
0 0.18359375 0.15859375 0.0171875 0.0203125
0 0.1328125 0.16640625 0.0109375 0.015625
0 0.13984375 0.165625 0.00625 0.0140625
0 0.09765625 0.175 0.0109375 0.015625
0 0.5015625 0.1109375 0.0125 0.0203125
0 0.1203125 0.1734375 0.0171875 0.0203125
0 0.16328125 0.16640625 0.0171875 0.0203125
0 0.25703125 0.1515625 0.0171875 0.0203125
0 0.31484375 0.14296875 0.0171875 0.0203125
0 0.33515625 0.1390625 0.0171875 0.0203125
0 0.4609375 0.11953125 0.0109375 0.015625
0 0.3484375 0.13984375 0.0171875 0.0203125
0 0.10859375 0.17734375 0.0125 0.0203125
0 0.59453125 0.10078125 0.0125 0.025
0 0.52109375 0.1125 0.0109375 0.015625
0 0.203125 0.1625 0.0171875 0.025
0 0.44765625 0.12421875 0.015625 0.015625
0 0.0015625 0.19453125 0.003125 0.0203125
0 0.48203125 0.12109375 0.0109375 0.015625
0 0.51171875 0.11640625 0.0109375 0.015625
0 0.55078125 0.11015625 0.0109375 0.015625
0 0.39140625 0.1375 0.0109375 0.0109375
0 0.2921875 0.153125 0.0171875 0.0203125
0 0.434375 0.13046875 0.0171875 0.0203125
0 0.09609375 0.184375 0.0203125 0.0171875
0 0.2703125 0.15703125 0.0171875 0.0203125
0 0.23125 0.165625 0.0171875 0.0203125
0 0.37265625 0.14296875 0.0109375 0.015625
0 0.42109375 0.13515625 0.0171875 0.0203125
0 0.5375 0.11640625 0.0125 0.0203125
0 0.1953125 0.1734375 0.0171875 0.025
0 0.31875 0.15390625 0.0109375 0.015625
0 0.33046875 0.15234375 0.0125 0.0203125
0 0.57265625 0.11328125 0.0171875 0.025
0 0.04375 0.19765625 0.021875 0.021875
0 0.021875 0.203125 0.015625 0.015625
0 0.70078125 0.0953125 0.0171875 0.0203125
0 0.7125 0.09375 0.0171875 0.0203125
0 0.38984375 0.14453125 0.015625 0.015625
0 0.45234375 0.1375 0.0171875 0.0203125
0 0.65859375 0.10703125 0.0171875 0.0203125
0 0.05625 0.20234375 0.0171875 0.0203125
0 0.3171875 0.1609375 0.0171875 0.0203125
0 0.1625 0.18828125 0.0171875 0.0203125
0 0.67890625 0.10625 0.0109375 0.015625
0 0.51015625 0.13515625 0.0109375 0.015625
0 0.15390625 0.19140625 0.0125 0.0203125
0 0.37265625 0.15703125 0.0109375 0.015625
0 0.478125 0.140625 0.0109375 0.015625
0 0.5625 0.12734375 0.015625 0.015625
0 0.62421875 0.1171875 0.0109375 0.015625
0 0.2890625 0.17265625 0.0171875 0.025
0 0.42578125 0.15078125 0.0109375 0.015625
0 0.13125 0.19765625 0.0171875 0.0203125
0 0.09296875 0.20625 0.021875 0.021875
0 0.02421875 0.2171875 0.0171875 0.0203125
0 0.43828125 0.15390625 0.0171875 0.0203125
0 0.59140625 0.1296875 0.015625 0.015625
0 0.490625 0.1453125 0.015625 0.015625
0 0.57109375 0.1328125 0.015625 0.015625
0 0.60703125 0.1296875 0.015625 0.015625
0 0.65625 0.121875 0.0109375 0.015625
0 0.3453125 0.17109375 0.0171875 0.0203125
0 0.3625 0.16796875 0.0125 0.0203125
0 0.36953125 0.1671875 0.0125 0.0203125
0 0.390625 0.1640625 0.0125 0.0203125
0 0.42265625 0.1609375 0.0171875 0.0203125
0 0.67421875 0.12109375 0.0171875 0.0203125
0 0.528125 0.14453125 0.015625 0.0109375
0 0.0734375 0.21875 0.0171875 0.025
0 0.53828125 0.1453125 0.0125 0.0203125
0 0.64296875 0.12890625 0.0109375 0.015625
0 0.51015625 0.14921875 0.0171875 0.0203125
0 0.69765625 0.11953125 0.0171875 0.0203125
0 0.3796875 0.171875 0.0171875 0.0203125
0 0.63125 0.13203125 0.0109375 0.015625
0 0.60625 0.13828125 0.015625 0.015625
0 0.665625 0.12890625 0.0171875 0.0203125
0 0.525 0.15390625 0.0171875 0.0203125
0 0.5890625 0.14375 0.0109375 0.015625
0 0.3125 0.18984375 0.0171875 0.025
0 0.459375 0.16875 0.0171875 0.0203125
0 0.63984375 0.13984375 0.0171875 0.0203125
0 0.7 0.1328125 0.0171875 0.0203125
0 0.0140625 0.24375 0.0234375 0.03125
0 0.7625 0.128125 0.0109375 0.015625
0 0.55390625 0.1609375 0.0171875 0.025
0 0.6296875 0.14921875 0.0171875 0.0203125
0 0.61328125 0.1515625 0.015625 0.015625
0 0.86484375 0.11171875 0.0109375 0.015625
0 0.73046875 0.13515625 0.0171875 0.025
0 0.78828125 0.12578125 0.0109375 0.015625
0 0.69375 0.14140625 0.0125 0.0203125
0 0.81484375 0.121875 0.0109375 0.015625
0 0.721875 0.1390625 0.0171875 0.0203125
0 0.89765625 0.1109375 0.015625 0.015625
0 0.74921875 0.134375 0.0125 0.0203125
0 0.92734375 0.10625 0.0109375 0.015625
0 0.70859375 0.14375 0.0171875 0.0203125
0 0.596875 0.1609375 0.0171875 0.0203125
0 0.66328125 0.153125 0.0171875 0.025
0 0.775 0.13515625 0.0171875 0.0203125
0 0.8234375 0.12734375 0.0171875 0.025
0 0.759375 0.13984375 0.0125 0.0203125
0 0.86015625 0.1265625 0.0125 0.0203125
0 0.6890625 0.15390625 0.0171875 0.025
0 0.4109375 0.2 0.0171875 0.0203125
0 0.91171875 0.12109375 0.0109375 0.015625
0 0.36953125 0.209375 0.0171875 0.025
0 0.26171875 0.22578125 0.0171875 0.0203125
0 0.52734375 0.184375 0.0171875 0.025
0 0.3453125 0.215625 0.021875 0.0265625
0 0.2171875 0.2359375 0.0109375 0.0109375
0 0.79140625 0.146875 0.015625 0.015625
0 0.846875 0.14296875 0.021875 0.0265625
0 0.17890625 0.2484375 0.021875 0.021875
0 0.73671875 0.16015625 0.0171875 0.025
0 0.9359375 0.12890625 0.021875 0.0265625
0 0.21171875 0.24609375 0.015625 0.015625
0 0.71484375 0.16640625 0.021875 0.021875
0 0.23828125 0.24140625 0.0171875 0.0203125
0 0.8171875 0.15234375 0.0171875 0.0203125
0 0.22109375 0.246875 0.0171875 0.0203125
0 0.88828125 0.14140625 0.0171875 0.0203125
0 0.9140625 0.1390625 0.0109375 0.015625
0 0.90078125 0.14140625 0.0125 0.0203125
0 0.553125 0.19921875 0.0171875 0.025
0 0.59921875 0.19140625 0.0171875 0.0203125
0 0.78671875 0.1640625 0.021875 0.0265625
0 0.5765625 0.19765625 0.0171875 0.025
0 0.91328125 0.14921875 0.0125 0.0203125
0 0.86484375 0.15703125 0.021875 0.0265625
0 0.20859375 0.2609375 0.0171875 0.0203125
0 0.9296875 0.15 0.015625 0.015625
0 0.8390625 0.16953125 0.021875 0.021875
0 0.253125 0.2625 0.0171875 0.0203125
0 0.89609375 0.16015625 0.0171875 0.0203125
0 0.1421875 0.28203125 0.015625 0.015625
0 0.315625 0.2546875 0.0171875 0.0203125
0 0.8875 0.1640625 0.0171875 0.025
0 0.284375 0.26171875 0.0171875 0.0203125
0 0.90625 0.16328125 0.0171875 0.025
0 0.4859375 0.23046875 0.0171875 0.025
0 0.43515625 0.24296875 0.0171875 0.025
0 0.8109375 0.18359375 0.0234375 0.03125
0 0.1640625 0.2859375 0.0234375 0.03125
0 0.925 0.16796875 0.0171875 0.025
0 0.93671875 0.16796875 0.0171875 0.0203125
0 0.02734375 0.31484375 0.0171875 0.025
0 0.14453125 0.29609375 0.015625 0.015625
0 0.27265625 0.278125 0.021875 0.0265625
0 0.67109375 0.21484375 0.021875 0.0265625
0 0.62734375 0.22421875 0.0171875 0.0203125
0 0.4 0.2671875 0.0171875 0.025
0 0.05234375 0.32265625 0.0171875 0.025
0 0.353125 0.2796875 0.0171875 0.025
0 0.5671875 0.24609375 0.0171875 0.025
0 0.55546875 0.24765625 0.0171875 0.025
0 0.10859375 0.32109375 0.021875 0.0265625
0 0.25078125 0.303125 0.021875 0.0265625
0 0.75625 0.22265625 0.0171875 0.025
0 0.50703125 0.2625 0.0171875 0.0203125
0 0.5984375 0.24765625 0.0171875 0.025
0 0.71328125 0.23203125 0.021875 0.0265625
0 0.4796875 0.26875 0.0171875 0.0203125
0 0.6609375 0.240625 0.01875 0.0296875
0 0.94609375 0.19765625 0.0234375 0.03125
0 0.19375 0.31640625 0.0171875 0.025
0 0.45 0.27578125 0.0171875 0.025
0 0.1625 0.321875 0.0171875 0.025
0 0.31953125 0.296875 0.0171875 0.025
0 0.6359375 0.24921875 0.0171875 0.025
0 0.096875 0.3390625 0.0171875 0.025
0 0.50390625 0.27734375 0.0171875 0.0203125
0 0.30703125 0.31484375 0.021875 0.0265625
0 0.7859375 0.24609375 0.0171875 0.025
0 0.021875 0.36953125 0.0234375 0.03125
0 0.2375 0.33515625 0.0171875 0.025
0 0.38984375 0.3109375 0.021875 0.0265625
0 0.1734375 0.3453125 0.028125 0.0359375
0 0.8203125 0.2453125 0.021875 0.0265625
0 0.5234375 0.2921875 0.0171875 0.025
0 0.75859375 0.25703125 0.021875 0.0265625
0 0.10546875 0.3609375 0.021875 0.021875
0 0.67578125 0.275 0.0171875 0.025
0 0.0546875 0.378125 0.0171875 0.025
0 0.6125 0.2921875 0.021875 0.0265625
0 0.58515625 0.29921875 0.0171875 0.0203125
0 0.72734375 0.2765625 0.0234375 0.03125
0 0.65859375 0.28984375 0.021875 0.0265625
0 0.2578125 0.3625 0.0234375 0.034375
0 0.321875 0.3546875 0.0234375 0.03125
0 0.38828125 0.34453125 0.021875 0.0265625
0 0.7984375 0.284375 0.021875 0.0265625
0 0.56328125 0.32109375 0.021875 0.0265625
0 0.9015625 0.2703125 0.021875 0.0265625
0 0.01953125 0.41484375 0.021875 0.0265625
0 0.52734375 0.334375 0.0234375 0.034375
0 0.45078125 0.353125 0.021875 0.0265625
0 0.165625 0.4 0.0328125 0.0328125
0 0.6265625 0.334375 0.0234375 0.03125
0 0.78671875 0.31171875 0.021875 0.0265625
0 0.05703125 0.4265625 0.0234375 0.03125
0 0.8921875 0.296875 0.021875 0.0265625
0 0.8375 0.3078125 0.0234375 0.034375
0 0.0953125 0.43046875 0.0328125 0.0328125
0 0.91640625 0.30078125 0.028125 0.03125
0 0.48671875 0.37109375 0.028125 0.03125
0 0.7265625 0.3328125 0.021875 0.0265625
0 0.69140625 0.34296875 0.021875 0.0265625
0 0.34921875 0.0546875 0.0109375 0.0109375
0 0.4171875 0.39140625 0.028125 0.03125
0 0.0109375 0.45546875 0.021875 0.0328125
0 0.96484375 0.3140625 0.0234375 0.03125
0 0.69921875 0.36328125 0.021875 0.0265625
0 0.346875 0.42109375 0.028125 0.03125
0 0.246875 0.4421875 0.028125 0.0359375
0 0.63359375 0.38046875 0.021875 0.0265625
0 0.53046875 0.396875 0.021875 0.0265625
0 0.1609375 0.459375 0.0234375 0.03125
0 0.07265625 0.478125 0.028125 0.040625
0 0.0109375 0.5046875 0.021875 0.040625
0 0.725 0.3984375 0.028125 0.0359375
0 0.87734375 0.3796875 0.028125 0.0359375
0 0.578125 0.4265625 0.028125 0.0359375
0 0.6484375 0.41796875 0.028125 0.0359375
0 0.78125 0.39921875 0.028125 0.0359375
0 0.52734375 0.43984375 0.0234375 0.03125
0 0.921875 0.38203125 0.0328125 0.040625
0 0.440625 0.4625 0.028125 0.040625
0 0.3765625 0.06015625 0.0109375 0.0109375
0 0.2296875 0.51171875 0.028125 0.0359375
0 0.40234375 0.50390625 0.0296875 0.0453125
0 0.3140625 0.525 0.0328125 0.040625
0 0.04453125 0.571875 0.0328125 0.040625
0 0.14375 0.575 0.028125 0.0359375
0 0.703125 0.49140625 0.028125 0.0359375
0 0.34296875 0.07265625 0.0109375 0.0109375
0 0.81796875 0.48203125 0.034375 0.0453125
0 0.2171875 0.5796875 0.028125 0.040625
0 0.01875 0.61328125 0.01875 0.034375
0 0.571875 0.5375 0.0328125 0.040625
0 0.62890625 0.52890625 0.034375 0.0453125
0 0.9015625 0.5046875 0.034375 0.0453125
0 0.06015625 0.684375 0.028125 0.040625
0 0.17578125 0.66875 0.0296875 0.0453125
0 0.5390625 0.61328125 0.0328125 0.040625
0 0.45234375 0.6296875 0.0296875 0.0453125
0 0.38359375 0.07578125 0.0109375 0.0109375
0 0.33828125 0.08515625 0.0109375 0.0109375
0 0.34453125 0.084375 0.0109375 0.0109375
0 0.40078125 0.07734375 0.0109375 0.015625
0 0.8640625 0.6203125 0.0390625 0.05
0 0.93671875 0.6234375 0.0390625 0.0546875
0 0.7984375 0.65 0.04375 0.0515625
0 0.73515625 0.6671875 0.0375 0.0453125
0 0.325 0.74140625 0.034375 0.05
0 0.23046875 0.76484375 0.0359375 0.0546875
0 0.3859375 0.08671875 0.0109375 0.0109375
0 0.48515625 0.7625 0.0390625 0.0546875
0 0.49140625 0.075 0.0109375 0.0109375
0 0.35390625 0.09921875 0.00625 0.0140625
0 0.46484375 0.08125 0.0109375 0.015625
0 0.68984375 0.79375 0.05 0.0609375
0 0.36640625 0.09921875 0.0109375 0.015625
0 0.44609375 0.86953125 0.0453125 0.0609375
0 0.471875 0.0875 0.0109375 0.015625
0 0.35078125 0.10703125 0.0125 0.0203125
0 0.52109375 0.08203125 0.0109375 0.015625
0 0.2765625 0.12109375 0.0171875 0.0203125
0 0.4546875 0.0953125 0.0109375 0.015625
0 0.17578125 0.1390625 0.0171875 0.0203125
0 0.44375 0.0984375 0.0109375 0.015625
0 0.08046875 0.15859375 0.0203125 0.0171875
0 0.30390625 0.12265625 0.015625 0.015625
0 0.42734375 0.103125 0.015625 0.015625
0 0.109375 0.15390625 0.0171875 0.0203125
0 0.1328125 0.15 0.015625 0.015625
0 0.2203125 0.13828125 0.0109375 0.015625
0 0.25 0.13359375 0.0171875 0.0203125
0 0.03359375 0.1703125 0.015625 0.015625
0 0.5296875 0.0921875 0.0109375 0.015625
0 0.54765625 0.09140625 0.0109375 0.015625