0 0.71015625 0.1375 0.0375 0.0546875
0 0.08671875 0.0171875 0.0109375 0.034375
0 0.23515625 0.0453125 0.028125 0.0328125
0 0.97734375 0.1890625 0.034375 0.0375
0 0.534375 0.10546875 0.0375 0.0375
0 0.9546875 0.090625 0.040625 0.0296875
0 0.44921875 0.003125 0.0234375 0.00625
0 0.9125 0.18125 0.034375 0.0421875
0 0.79609375 0.16328125 0.0296875 0.040625
0 0.18046875 0.04375 0.028125 0.0328125
0 0.628125 0.13125 0.0359375 0.0453125
0 0.596875 0.125 0.0234375 0.03125
0 0.4375 0.09375 0.0359375 0.0453125
0 0.6890625 0.1453125 0.034375 0.0421875
0 0.3703125 0.0859375 0.034375 0.0375
0 0.103125 0.03359375 0.0328125 0.0328125
0 0.3203125 0.07578125 0.028125 0.0328125
0 0.52421875 0.0125 0.0328125 0.025
0 0.615625 0.02734375 0.0328125 0.0328125
0 0.48828125 0.10859375 0.0296875 0.0359375
0 0.20859375 0.05625 0.0328125 0.0328125
0 0.25390625 0.06796875 0.034375 0.0375
0 0.94453125 0.20234375 0.0296875 0.040625
0 0.85078125 0.1859375 0.034375 0.0375
0 0.5078125 0.11953125 0.0296875 0.040625
0 0.99375 0.21796875 0.0125 0.0453125
0 0.75859375 0.05546875 0.0234375 0.0265625
0 0.77890625 0.059375 0.0234375 0.03125
0 0.6921875 0.0421875 0.021875 0.021875
0 0.725 0.16640625 0.0296875 0.0359375
0 0.14296875 0.0578125 0.03125 0.0453125
0 0.39921875 0.1078125 0.0359375 0.0453125
0 0.87578125 0.203125 0.034375 0.0421875
0 0.63828125 0.03203125 0.0234375 0.03125
0 0.5375 0.01328125 0.01875 0.0265625
0 0.55859375 0.01640625 0.028125 0.028125
0 0.16953125 0.075 0.034375 0.0375
0 0.81328125 0.2 0.0359375 0.0453125
0 0.59921875 0.15859375 0.034375 0.0375
0 0.22265625 0.08515625 0.034375 0.0375
0 0.496875 0.1390625 0.0296875 0.0359375
0 0.85 0.07265625 0.028125 0.0328125
0 0.90546875 0.2203125 0.034375 0.0375
0 0.9796875 0.2375 0.0375 0.034375
0 0.97734375 0.23671875 0.0328125 0.028125
0 0.11875 0.0703125 0.03125 0.0453125
0 0.259375 0.1 0.028125 0.0328125
0 0.45 0.13671875 0.0296875 0.040625
0 0.22265625 0.0953125 0.0390625 0.0421875
0 0.74296875 0.19765625 0.034375 0.0421875
0 0.9890625 0.103125 0.021875 0.0375
0 0.48671875 0.153125 0.0296875 0.040625
0 0.37578125 0.13125 0.0296875 0.040625
0 0.43515625 0.14296875 0.025 0.0390625
0 0.859375 0.22734375 0.040625 0.0515625
0 0.33671875 0.12578125 0.0234375 0.03125
0 0.78125 0.21484375 0.0359375 0.0453125
0 0.19296875 0.10078125 0.0296875 0.0359375
0 0.90546875 0.08828125 0.034375 0.0421875
0 0.2796875 0.11953125 0.025 0.034375
0 0.55546875 0.17578125 0.0328125 0.0328125
0 0.08359375 0.08359375 0.03125 0.05
0 0.13515625 0.09609375 0.028125 0.0328125
0 0.41640625 0.15078125 0.0328125 0.0328125
0 0.6140625 0.1921875 0.025 0.0390625
0 0.71484375 0.21171875 0.0328125 0.0328125
0 0.30703125 0.13203125 0.0296875 0.040625
0 0.21875 0.11484375 0.0375 0.0375
0 0.84296875 0.2390625 0.034375 0.0375
0 0.89609375 0.24921875 0.0390625 0.046875
0 0.515625 0.1796875 0.028125 0.0328125
0 0.9765625 0.26953125 0.0453125 0.05625
0 0.35546875 0.14921875 0.034375 0.0421875
0 0.3921875 0.15859375 0.034375 0.0421875
0 0.45234375 0.175 0.0359375 0.0453125
0 0.64140625 0.21171875 0.028125 0.0328125
0 0.25859375 0.13984375 0.0390625 0.046875
0 0.95 0.27421875 0.0390625 0.046875
0 0.76796875 0.23828125 0.0359375 0.0453125
0 0.171875 0.125 0.0390625 0.0421875
0 0.69921875 0.2296875 0.0375 0.0375
0 0.74140625 0.059375 0.034375 0.0375
0 0.334375 0.1640625 0.034375 0.0421875
0 0.42265625 0.18359375 0.0390625 0.046875
0 0.51328125 0.203125 0.034375 0.0421875
0 0.19921875 0.14453125 0.034375 0.0375
0 0.56875 0.21875 0.0390625 0.0421875
0 0.078125 0.1234375 0.03125 0.0234375
0 0.14609375 0.13671875 0.0328125 0.0328125
0 0.66328125 0.2421875 0.0359375 0.05
0 0.8765625 0.2859375 0.0390625 0.046875
0 0.81328125 0.2734375 0.034375 0.0421875
0 0.928125 0.3 0.0453125 0.05625
0 0.3609375 0.19453125 0.0359375 0.0453125
0 0.2359375 0.1703125 0.034375 0.0421875
0 0.88359375 0.0890625 0.034375 0.0421875
0 0.16796875 0.15703125 0.03125 0.0453125
0 0.2921875 0.18359375 0.0359375 0.0453125
0 0.596875 0.24296875 0.034375 0.0421875
0 0.74296875 0.27109375 0.0359375 0.0453125
0 0.46484375 0.21953125 0.0359375 0.0453125
0 0.528125 0.23203125 0.0390625 0.0421875
0 0.85546875 0.2953125 0.040625 0.05625
0 0.6390625 0.2578125 0.0359375 0.0453125
0 0.4 0.2140625 0.0296875 0.040625
0 0.3296875 0.2 0.0359375 0.0453125
0 0.715625 0.275 0.0359375 0.0453125
0 0.0703125 0.15234375 0.0296875 0.040625
0 0.78515625 0.29375 0.040625 0.05625
0 0.09609375 0.16171875 0.0296875 0.040625
0 0.97265625 0.3375 0.040625 0.05625
0 0.13671875 0.175 0.0296875 0.040625
0 0.90625 0.3265625 0.05 0.053125
0 0.83359375 0.3125 0.040625 0.05625
0 0.26875 0.21015625 0.0484375 0.0484375
0 0.75546875 0.3046875 0.0421875 0.0390625
0 0.1984375 0.1984375 0.040625 0.05625
0 0.690625 0.29921875 0.034375 0.0421875
0 0.4265625 0.24765625 0.0359375 0.05
0 0.5828125 0.28046875 0.0296875 0.040625
0 0.8078125 0.32421875 0.040625 0.05625
0 0.6046875 0.28984375 0.0390625 0.046875
0 0.16328125 0.20625 0.034375 0.0421875
0 0.88359375 0.34609375 0.0453125 0.0515625
0 0.94609375 0.36328125 0.0375 0.0546875
0 0.3125 0.24140625 0.03125 0.05
0 0.40703125 0.2625 0.0375 0.034375
0 0.55703125 0.29140625 0.0328125 0.0328125
0 0.53203125 0.28671875 0.034375 0.0421875
0 0.21796875 0.228125 0.028125 0.0328125
0 0.4328125 0.0109375 0.028125 0.021875
0 0.3375 0.25390625 0.040625 0.0515625
0 0.64921875 0.3140625 0.034375 0.0421875
0 0.2421875 0.2375 0.040625 0.05625
0 0.0765625 0.20546875 0.0546875 0.0546875
0 0.37421875 0.26328125 0.034375 0.0375
0 0.72578125 0.33125 0.0390625 0.046875
0 0.753125 0.34140625 0.046875 0.0390625
0 0.49453125 0.0203125 0.025 0.01875
0 0.82578125 0.08515625 0.028125 0.0328125
0 0.4515625 0.2875 0.0484375 0.0484375
0 0.846875 0.3671875 0.0453125 0.0515625
0 0.6765625 0.33359375 0.0453125 0.0515625
0 0.50703125 0.303125 0.0390625 0.046875
0 0.58203125 0.31796875 0.0390625 0.046875
0 0.91875 0.3859375 0.05 0.0578125
0 0.15078125 0.24375 0.0421875 0.0390625
0 0.0625 0.22890625 0.040625 0.0296875
0 0.53203125 0.325 0.040625 0.05625
0 0.21484375 0.26796875 0.0390625 0.046875
0 0.33828125 0.00390625 0.0234375 0.0078125
0 0.80078125 0.38671875 0.0453125 0.0515625
0 0.73671875 0.3765625 0.0453125 0.0515625
0 0.5546875 0.34375 0.040625 0.05625
0 0.43828125 0.32109375 0.040625 0.0515625
0 0.79375 0.0828125 0.025 0.034375
0 0.359375 0.3125 0.0515625 0.0625
0 0.59140625 0.3578125 0.0390625 0.0421875
0 0.059375 0.25625 0.0359375 0.0453125
0 0.94453125 0.43046875 0.0515625 0.0625
0 0.23203125 0.2921875 0.034375 0.0421875
0 0.6515625 0.3734375 0.040625 0.0515625
0 0.2703125 0.29921875 0.0390625 0.0421875
0 0.1421875 0.2765625 0.04375 0.046875
0 0.6984375 0.3875 0.040625 0.05625
0 0.3890625 0.00703125 0.021875 0.0140625
0 0.9265625 0.1109375 0.0359375 0.0453125
0 0.8609375 0.428125 0.0421875 0.0609375
0 0.72734375 0.071875 0.0296875 0.040625
0 0.309375 0.33046875 0.0484375 0.0703125
0 0.7859375 0.4234375 0.0453125 0.0515625
0 0.38125 0.346875 0.046875 0.065625
0 0.22421875 0.31640625 0.04375 0.046875
0 0.51953125 0.3765625 0.046875 0.0609375
0 0.66953125 0.4171875 0.046875 0.0609375
0 0.7484375 0.4328125 0.0375 0.0546875
0 0.98984375 0.4828125 0.0203125 0.059375
0 0.0828125 0.30546875 0.034375 0.0375
0 0.83515625 0.45234375 0.040625 0.05625
0 0.134375 0.31796875 0.04375 0.046875
0 0.60703125 0.41015625 0.0453125 0.05625
0 0.44765625 0.38125 0.0515625 0.0625
0 0.86328125 0.10078125 0.0390625 0.0421875
0 0.11328125 0.31875 0.04375 0.046875
0 0.265625 0.3578125 0.034375 0.0421875
0 0.18125 0.34296875 0.05 0.053125
0 0.4875 0.40546875 0.046875 0.065625
0 0.709375 0.453125 0.046875 0.0609375
0 0.97890625 0.12578125 0.0359375 0.0453125
0 0.3109375 0.378125 0.046875 0.0609375
0 0.5046875 0.415625 0.05 0.0578125
0 0.22109375 0.37265625 0.046875 0.065625
0 0.565625 0.43984375 0.059375 0.059375
0 0.4046875 0.4109375 0.05 0.0796875
0 0.9015625 0.509375 0.0484375 0.0703125
0 0.79921875 0.48984375 0.0453125 0.0796875
0 0.42578125 0.02109375 0.028125 0.0328125
0 0.63046875 0.459375 0.0453125 0.05625
0 0.9640625 0.5265625 0.0578125 0.071875
0 0.059375 0.353125 0.0484375 0.0484375
0 0.02734375 0.34921875 0.028125 0.0796875
0 0.271875 0.4015625 0.05 0.053125
0 0.11171875 0.37265625 0.046875 0.0609375
0 0.41875 0.43203125 0.0453125 0.0515625
0 0.8703125 0.52265625 0.04375 0.0703125
0 0.7609375 0.50625 0.0609375 0.0640625
0 0.34921875 0.428125 0.0625 0.0734375
0 0.6734375 0.49375 0.0453125 0.05625
0 0.1796875 0.4 0.0453125 0.05625
0 0.4953125 0.46171875 0.053125 0.071875
0 0.54140625 0.0453125 0.0234375 0.03125
0 0.08125 0.3859375 0.0453125 0.05625
0 0.8421875 0.5453125 0.0546875 0.0765625
0 0.8109375 0.10078125 0.0296875 0.0359375
0 0.56640625 0.4984375 0.040625 0.0734375
0 0.39609375 0.465625 0.05625 0.0625
0 0.71875 0.53515625 0.0578125 0.0765625
0 0.2859375 0.4515625 0.0453125 0.05625
0 0.35078125 0.4640625 0.053125 0.071875
0 0.72109375 0.040625 0.0296875 0.01875
0 0.678125 0.07734375 0.0359375 0.0453125
0 0.53046875 0.5015625 0.0515625 0.0671875
0 0.44765625 0.4921875 0.0515625 0.0625
0 0.03828125 0.421875 0.046875 0.04375
0 0.91796875 0.59296875 0.0515625 0.0625
0 0.1109375 0.4390625 0.040625 0.05625
0 0.65 0.55078125 0.053125 0.071875
0 0.775 0.57734375 0.0515625 0.0625
0 0.24296875 0.47421875 0.046875 0.0609375
0 0.6890625 0.5609375 0.0546875 0.08125
0 0.14296875 0.45703125 0.0421875 0.0609375
0 0.646875 0.0734375 0.0328125 0.028125
0 0.1671875 0.4640625 0.0515625 0.0625
0 0.9078125 0.12421875 0.03125 0.0453125
0 0.26484375 0.00859375 0.0296875 0.0171875
0 0.09140625 0.4578125 0.0453125 0.05625
0 0.859375 0.61484375 0.0609375 0.06875
0 0.3140625 0.0109375 0.025 0.01875
0 0.7140625 0.0890625 0.03125 0.0453125
0 0.9671875 0.6421875 0.040625 0.06875
0 0.61015625 0.06875 0.0265625 0.04375
0 0.46796875 0.55234375 0.0515625 0.0890625
0 0.35859375 0.5359375 0.0546875 0.0765625
0 0.76171875 0.1 0.034375 0.0421875
0 0.034375 0.478125 0.046875 0.065625
0 0.640625 0.61015625 0.0609375 0.090625
0 0.54375 0.59140625 0.05625 0.090625
0 0.42265625 0.5703125 0.05625 0.0671875
0 0.3640625 0.0234375 0.028125 0.028125
0 0.31953125 0.55703125 0.0546875 0.0546875
0 0.184375 0.53359375 0.05 0.0578125
0 0.95234375 0.13984375 0.0390625 0.0421875
0 0.49453125 0.6140625 0.0578125 0.071875
0 0.94140625 0.7015625 0.06875 0.0875
0 0.11015625 0.53984375 0.05625 0.0625
0 0.8390625 0.68359375 0.0640625 0.0828125
0 0.6046875 0.64296875 0.0640625 0.0828125
0 0.184375 0.003125 0.028125 0.00625
0 0.7125 0.66875 0.0671875 0.096875
0 0.06953125 0.56796875 0.065625 0.0921875
0 0.26015625 0.6046875 0.065625 0.0875
0 0.3234375 0.6171875 0.0703125 0.0921875
0 0.909375 0.7359375 0.0671875 0.096875
0 0.41875 0.63984375 0.0625 0.078125
0 0.67734375 0.69296875 0.078125 0.0890625
0 0.7859375 0.7140625 0.05625 0.0859375
0 0.5421875 0.67265625 0.0625 0.0734375
0 0.88046875 0.7484375 0.065625 0.0875
0 0.1703125 0.61953125 0.06875 0.0875
0 0.13828125 0.00390625 0.0328125 0.0078125
0 0.7359375 0.10703125 0.025 0.0390625
0 0.68046875 0.0328125 0.0203125 0.0171875
0 0.2390625 0.01328125 0.028125 0.0265625
0 0.584375 0.078125 0.0296875 0.0359375
0 0.4390625 0.04921875 0.0296875 0.0359375
0 0.75 0.7515625 0.071875 0.1015625
0 0.6296875 0.73046875 0.0546875 0.08125
0 0.39296875 0.04296875 0.028125 0.0328125
0 0.8453125 0.13125 0.034375 0.0421875
0 0.30234375 0.02578125 0.028125 0.028125
0 0.33828125 0.0328125 0.0234375 0.03125
0 0.50390625 0.06484375 0.0265625 0.04375
0 0.48671875 0.728125 0.065625 0.0875
0 0.234375 0.67890625 0.0828125 0.1078125
0 0.01484375 0.63515625 0.0296875 0.0640625
0 0.89453125 0.14296875 0.034375 0.0375
0 0.82734375 0.80625 0.0703125 0.0921875
0 0.51953125 0.0703125 0.0296875 0.0359375
0 0.10625 0.67109375 0.06875 0.0875
0 0.02265625 0.6625 0.0453125 0.08125
0 0.3171875 0.0328125 0.034375 0.0375
0 0.16015625 0.0078125 0.0328125 0.015625
0 0.66875 0.79453125 0.0734375 0.084375
0 0.4765625 0.0640625 0.03125 0.0453125
0 0.78046875 0.12578125 0.0296875 0.0359375
0 0.57265625 0.7953125 0.06875 0.0828125
0 0.4015625 0.7640625 0.06875 0.0828125
0 0.90859375 0.86953125 0.0609375 0.0859375
0 0.9890625 0.1671875 0.021875 0.0375
0 0.3015625 0.75390625 0.0703125 0.0921875
0 0.48203125 0.00390625 0.0265625 0.0078125
0 0.2640625 0.02734375 0.028125 0.0328125
0 0.675 0.1078125 0.03125 0.0453125
0 0.128125 0.75078125 0.053125 0.071875
0 0.63125 0.1015625 0.0296875 0.040625
0 0.07109375 0.7671875 0.0609375 0.0859375
0 0.88984375 0.93359375 0.0828125 0.1125
0 0.709375 0.91328125 0.075 0.09375
0 0.39375 0.85390625 0.0828125 0.090625
0 0.8078125 0.94453125 0.0859375 0.078125
0 0.19921875 0.021875 0.028125 0.0328125
0 0.20234375 0.83125 0.0703125 0.065625
0 0.31953125 0.85859375 0.0671875 0.05625
0 0.653125 0.9359375 0.065625 0.0421875
0 0.92578125 0.165625 0.025 0.0390625
0 0.3796875 0.06171875 0.0328125 0.0328125
0 0.83203125 0.15 0.0296875 0.0359375
0 0.81640625 0.146875 0.03125 0.0453125
0 0.8796875 0.1609375 0.034375 0.0375
0 0.5546875 0.09765625 0.0296875 0.040625
0 0.30078125 0.0484375 0.028125 0.0328125
0 0.465625 0.0828125 0.0296875 0.040625
0 0.6546875 0.11953125 0.034375 0.0421875
0 0.7515625 0.140625 0.028125 0.0328125