0 0.0171875 0.34921875 0.021875 0.034375
0 0.159375 0.35078125 0.0171875 0.025
0 0.04765625 0.36875 0.0171875 0.025
0 0.35625 0.3359375 0.0046875 0.0046875
0 0.3515625 0.33671875 0.0046875 0.0046875
0 0.11484375 0.365625 0.0234375 0.0390625
0 0.30859375 0.34375 0.0109375 0.015625
0 0.0609375 0.37890625 0.0265625 0.034375
0 0.29296875 0.35078125 0.0109375 0.0109375
0 0.42890625 0.33671875 0.0046875 0.0046875
0 0.40546875 0.3390625 0.0046875 0.0046875
0 0.44296875 0.334375 0.0046875 0.0046875
0 0.41484375 0.33828125 0.0046875 0.0046875
0 0.40078125 0.3421875 0.0046875 0.0046875
0 0.475 0.3328125 0.0046875 0.0046875
0 0.43828125 0.3375 0.0046875 0.0046875
0 0.465625 0.334375 0.0046875 0.0046875
0 0.36953125 0.3484375 0.0109375 0.0109375
0 0.484375 0.334375 0.0046875 0.0046875
0 0.45390625 0.33828125 0.0046875 0.0046875
0 0.0890625 0.38515625 0.021875 0.034375
0 0.365625 0.3515625 0.0109375 0.0109375
0 0.45 0.340625 0.00625 0.009375
0 0.47734375 0.3375 0.0046875 0.0046875
0 0.53515625 0.3328125 0.0046875 0.0046875
0 0.34453125 0.35625 0.0109375 0.015625
0 0.37734375 0.35234375 0.0109375 0.0203125
0 0.390625 0.353125 0.0109375 0.015625
0 0.53125 0.3359375 0.0046875 0.0046875
0 0.15859375 0.38125 0.015625 0.0203125
0 0.46875 0.34296875 0.00625 0.009375
0 0.36171875 0.35859375 0.0109375 0.015625
0 0.5546875 0.33515625 0.0046875 0.0046875
0 0.4140625 0.35234375 0.015625 0.0203125
0 0.27890625 0.3703125 0.0265625 0.0265625
0 0.403125 0.35546875 0.0109375 0.015625
0 0.55 0.3375 0.0046875 0.0046875
0 0.57109375 0.334375 0.0046875 0.0046875
0 0.325 0.36484375 0.0171875 0.025
0 0.44453125 0.35 0.0109375 0.015625
0 0.54140625 0.340625 0.00625 0.0140625
0 0.3546875 0.36328125 0.0109375 0.015625
0 0.30234375 0.3703125 0.021875 0.034375
0 0.4796875 0.35078125 0.0109375 0.015625
0 0.49765625 0.3484375 0.0109375 0.0203125
0 0.45390625 0.35625 0.0109375 0.0109375
0 0.48671875 0.35234375 0.0109375 0.015625
0 0.5875 0.33984375 0.015625 0.0109375
0 0.11640625 0.39765625 0.0265625 0.0265625
0 0.5140625 0.3484375 0.00625 0.0140625
0 0.50546875 0.35 0.0109375 0.015625
0 0.5578125 0.3453125 0.0109375 0.015625
0 0.54921875 0.346875 0.0109375 0.0109375
0 0.57265625 0.34609375 0.009375 0.00625
0 0.43203125 0.365625 0.0171875 0.025
0 0.6453125 0.33984375 0.0109375 0.015625
0 0.53046875 0.35390625 0.015625 0.0203125
0 0.4734375 0.36328125 0.0203125 0.0203125
0 0.68984375 0.33671875 0.015625 0.0203125
0 0.4046875 0.371875 0.015625 0.0203125
0 0.58203125 0.35234375 0.0109375 0.015625
0 0.60546875 0.34921875 0.015625 0.0203125
0 0.5734375 0.353125 0.0109375 0.015625
0 0.4578125 0.36953125 0.015625 0.0203125
0 0.5203125 0.3625 0.0109375 0.015625
0 0.54765625 0.35859375 0.015625 0.0203125
0 0.63125 0.35078125 0.015625 0.015625
0 0.4953125 0.3671875 0.021875 0.025
0 0.6609375 0.34921875 0.015625 0.0203125
0 0.3859375 0.3859375 0.0171875 0.025
0 0.15078125 0.41484375 0.0234375 0.0390625
0 0.684375 0.34921875 0.0171875 0.025
0 0.3328125 0.39453125 0.021875 0.025
0 0.01640625 0.434375 0.0328125 0.05
0 0.121875 0.42265625 0.0328125 0.040625
0 0.075 0.43359375 0.028125 0.04375
0 0.27421875 0.40859375 0.0375 0.0546875
0 0.3546875 0.4015625 0.021875 0.034375
0 0.540625 0.378125 0.0203125 0.015625
0 0.40390625 0.40234375 0.021875 0.034375
0 0.49140625 0.39140625 0.021875 0.025
0 0.7515625 0.359375 0.0171875 0.025
0 0.478125 0.3953125 0.021875 0.034375
0 0.528125 0.3921875 0.0171875 0.025
0 0.609375 0.38203125 0.015625 0.0203125
0 0.8296875 0.35703125 0.04375 0.0640625
0 0.45390625 0.40546875 0.0265625 0.034375
0 0.54296875 0.39453125 0.021875 0.025
0 0.703125 0.3859375 0.021875 0.0296875
0 0.8546875 0.36953125 0.0375 0.0546875
0 0.53125 0.41640625 0.021875 0.025
0 0.3515625 0.453125 0.0375 0.05
0 0.44921875 0.4453125 0.0328125 0.040625
0 0.02734375 0.5109375 0.0546875 0.115625
0 0.52890625 0.45234375 0.0375 0.05
0 0.37578125 0.49140625 0.0515625 0.05625
0 0.20859375 0.5171875 0.075 0.1
0 0.6015625 0.51328125 0.0609375 0.0890625
0 0.3515625 0.5671875 0.1046875 0.1078125
0 0.62578125 0.634375 0.1015625 0.125
0 0.92734375 0.65078125 0.05 0.0734375