0 0.9375 0.090625 0.0296875 0.0515625
0 0.3296875 0.11640625 0.04375 0.05625
0 0.734375 0.1046875 0.034375 0.0515625
0 0.68828125 0.10625 0.0390625 0.0515625
0 0.79453125 0.11015625 0.0296875 0.0515625
0 0.2828125 0.12734375 0.0390625 0.046875
0 0.76015625 0.11328125 0.025 0.0515625
0 0.17421875 0.13359375 0.034375 0.046875
0 0.2484375 0.13125 0.0296875 0.046875
0 0.9703125 0.12265625 0.025 0.05625
0 0.65859375 0.13359375 0.0390625 0.0515625
0 0.14453125 0.15859375 0.034375 0.0515625
0 0.0765625 0.03125 0.0375 0.0328125
0 0.8859375 0.134375 0.034375 0.046875
0 0.43984375 0.15703125 0.0390625 0.065625
0 0.80234375 0.14453125 0.0328125 0.0296875
0 0.65390625 0.01328125 0.0328125 0.0265625
0 0.025 0.1734375 0.034375 0.065625
0 0.09921875 0.1734375 0.0296875 0.0515625
0 0.39140625 0.16328125 0.034375 0.05625
0 0.48125 0.16484375 0.034375 0.046875
0 0.06015625 0.17890625 0.0296875 0.05625
0 0.8421875 0.15390625 0.0296875 0.0515625
0 0.3203125 0.19375 0.0296875 0.065625
0 0.19296875 0.2 0.034375 0.0609375
0 0.25546875 0.20078125 0.04375 0.065625
0 0.8015625 0.1859375 0.04375 0.05625
0 0.34609375 0.209375 0.025 0.05625
0 0.14296875 0.22109375 0.0296875 0.0515625
0 0.04140625 0.03671875 0.025 0.0296875
0 0.578125 0.20546875 0.0296875 0.05625
0 0.21875 0.2203125 0.015625 0.0515625
0 0.61484375 0.209375 0.034375 0.05625
0 0.53359375 0.2140625 0.0390625 0.05625
0 0.98046875 0.20234375 0.0109375 0.0515625
0 0.54296875 0.02265625 0.0296875 0.0453125
0 0.00703125 0.2390625 0.0140625 0.05625
0 0.91796875 0.209375 0.04375 0.065625
0 0.06015625 0.24375 0.0296875 0.05625
0 0.03203125 0.24765625 0.0390625 0.05625
0 0.09453125 0.24765625 0.025 0.065625
0 0.95625 0.2171875 0.0296875 0.0609375
0 0.94140625 0.01328125 0.0296875 0.0265625
0 0.49765625 0.240625 0.04375 0.0609375
0 0.39453125 0.246875 0.0390625 0.065625
0 0.78984375 0.2421875 0.034375 0.0609375
0 0.421875 0.259375 0.025 0.05625
0 0.71171875 0.26328125 0.0296875 0.0515625
0 0.69140625 0.26640625 0.034375 0.05625
0 0.2515625 0.2890625 0.04375 0.0609375
0 0.65859375 0.275 0.034375 0.0515625
0 0.959375 0.0171875 0.025 0.034375
0 0.18515625 0.29765625 0.0390625 0.0609375
0 0.46484375 0.03125 0.025 0.046875
0 0.5921875 0.290625 0.04375 0.0609375
0 0.98359375 0.27890625 0.0203125 0.046875
0 0.03203125 0.3125 0.0484375 0.053125
0 0.91875 0.28125 0.0484375 0.053125
0 0.53671875 0.296875 0.034375 0.0609375
0 0.12265625 0.3140625 0.04375 0.0515625
0 0.0140625 0.04609375 0.028125 0.0515625
0 0.80078125 0.30390625 0.034375 0.0515625
0 0.32734375 0.3234375 0.0390625 0.0609375
0 0.8734375 0.30859375 0.0390625 0.05625
0 0.3953125 0.03515625 0.034375 0.0515625
0 0.3734375 0.32890625 0.034375 0.05625
0 0.74375 0.3203125 0.034375 0.05625
0 0.778125 0.31875 0.0390625 0.0609375
0 0.6890625 0.3359375 0.0296875 0.05625
0 0.290625 0.3515625 0.034375 0.0703125
0 0.8921875 0.0203125 0.015625 0.040625
0 0.66328125 0.34140625 0.03125 0.0703125
0 0.39765625 0.35234375 0.025 0.0421875
0 0.6265625 0.346875 0.0390625 0.065625
0 0.259375 0.36484375 0.0296875 0.05625
0 0.37734375 0.040625 0.0296875 0.05625
0 0.8796875 0.35703125 0.025 0.046875
0 0.05390625 0.38828125 0.025 0.0421875
0 0.8703125 0.0234375 0.025 0.046875
0 0.9515625 0.36171875 0.0390625 0.065625
0 0.51953125 0.3765625 0.0203125 0.05625
0 0.4984375 0.3796875 0.0390625 0.0609375
0 0.0125 0.3984375 0.025 0.075
0 0.234375 0.39375 0.0390625 0.0703125
0 0.57421875 0.0359375 0.034375 0.046875
0 0.17421875 0.39765625 0.04375 0.0515625
0 0.91015625 0.37734375 0.0296875 0.0609375
0 0.44296875 0.39765625 0.0296875 0.065625
0 0.834375 0.38671875 0.04375 0.065625
0 0.09140625 0.41484375 0.034375 0.065625
0 0.5953125 0.39765625 0.034375 0.0609375
0 0.79765625 0.3953125 0.0484375 0.053125
0 0.3578125 0.41640625 0.034375 0.0515625
0 0.3140625 0.4203125 0.0390625 0.065625
0 0.71640625 0.4109375 0.034375 0.065625
0 0.29375 0.43984375 0.034375 0.0703125
0 0.7546875 0.42890625 0.0390625 0.0609375
0 0.98359375 0.42734375 0.0203125 0.05625
0 0.70859375 0.4328125 0.034375 0.05625
0 0.90078125 0.43046875 0.0421875 0.0375
0 0.51484375 0.0453125 0.034375 0.046875
0 0.9515625 0.4359375 0.034375 0.0515625
0 0.1234375 0.46953125 0.04375 0.075
0 0.18125 0.46953125 0.034375 0.065625
0 0.55 0.46640625 0.034375 0.0796875
0 0.63125 0.46484375 0.034375 0.065625
0 0.8328125 0.034375 0.0296875 0.0515625
0 0.515625 0.47578125 0.04375 0.065625
0 0.86953125 0.465625 0.0390625 0.0609375
0 0.5984375 0.47578125 0.034375 0.075
0 0.44140625 0.48359375 0.0390625 0.05625
0 0.76484375 0.0390625 0.025 0.046875
0 0.91171875 0.4859375 0.0296875 0.0515625
0 0.81953125 0.4890625 0.034375 0.075
0 0.05625 0.065625 0.0328125 0.025
0 0.3828125 0.5203125 0.03125 0.0890625
0 0.76484375 0.50703125 0.0390625 0.05625
0 0.71171875 0.51875 0.0484375 0.0671875
0 0.98671875 0.5109375 0.01875 0.01875
0 0.9546875 0.52578125 0.0296875 0.0609375
0 0.20234375 0.065625 0.034375 0.05625
0 0.67265625 0.5421875 0.0390625 0.065625
0 0.125 0.5640625 0.0484375 0.0765625
0 0.61953125 0.546875 0.0390625 0.065625
0 0.1328125 0.06796875 0.034375 0.0515625
0 0.02109375 0.57890625 0.0390625 0.084375
0 0.98828125 0.54765625 0.0203125 0.05625
0 0.5484375 0.56796875 0.0390625 0.0609375
0 0.928125 0.55703125 0.0390625 0.0609375
0 0.49140625 0.57890625 0.04375 0.065625
0 0.8890625 0.56796875 0.0296875 0.065625
0 0.01328125 0.61171875 0.015625 0.05625
0 0.84375 0.58515625 0.034375 0.0515625
0 0.80703125 0.5953125 0.0390625 0.075
0 0.75625 0.60703125 0.034375 0.0609375
0 0.25234375 0.640625 0.034375 0.0703125
0 0.30078125 0.64375 0.0390625 0.065625
0 0.65078125 0.059375 0.0296875 0.046875
0 0.21875 0.6609375 0.0390625 0.075
0 0.95859375 0.63515625 0.04375 0.065625
0 0.86875 0.64921875 0.046875 0.0296875
0 0.85078125 0.67734375 0.0515625 0.015625
0 0.45859375 0.69375 0.0390625 0.0703125
0 0.3265625 0.7125 0.04375 0.075
0 0.40390625 0.71875 0.04375 0.0796875
0 0.90546875 0.70546875 0.0390625 0.065625
0 0.03125 0.73828125 0.0484375 0.0671875
0 0.86640625 0.71875 0.0390625 0.05625
0 0.27421875 0.0171875 0.0375 0.0203125
0 0.21953125 0.74609375 0.0484375 0.0671875
0 0.3 0.75234375 0.034375 0.0703125
0 0.6453125 0.7546875 0.053125 0.053125
0 0.12265625 0.775 0.0390625 0.0796875
0 0.61015625 0.07265625 0.0296875 0.065625
0 0.978125 0.74921875 0.04375 0.0671875
0 0.51640625 0.77265625 0.0390625 0.0796875
0 0.17890625 0.78984375 0.0390625 0.0703125
0 0.0265625 0.796875 0.0328125 0.0328125
0 0.075 0.796875 0.0484375 0.0625
0 0.3484375 0.79453125 0.0390625 0.065625
0 0.48515625 0.815625 0.0484375 0.0671875
0 0.9546875 0.06484375 0.0296875 0.046875
0 0.66640625 0.8140625 0.053125 0.0578125
0 0.228125 0.01875 0.0328125 0.0203125
0 0.0796875 0.8640625 0.0484375 0.0765625
0 0.0359375 0.865625 0.0484375 0.0671875
0 0.23203125 0.86328125 0.0609375 0.0390625
0 0.8640625 0.84375 0.034375 0.05625
0 0.5015625 0.0859375 0.0296875 0.0421875
0 0.959375 0.8453125 0.0390625 0.0515625
0 0.63984375 0.8609375 0.0390625 0.065625
0 0.8296875 0.85703125 0.0484375 0.0671875
0 0.6703125 0.8671875 0.0390625 0.0609375
0 0.23125 0.89609375 0.0625 0.0484375
0 0.6015625 0.88359375 0.0625 0.0484375
0 0.153125 0.9015625 0.065625 0.0296875
0 0.91640625 0.8796875 0.0515625 0.034375
0 0.48203125 0.896875 0.046875 0.025
0 0.0625 0.10546875 0.04375 0.046875
0 0.54140625 0.09296875 0.0296875 0.0421875
0 0.90234375 0.0828125 0.0203125 0.0515625
0 0.5921875 0.0984375 0.025 0.0515625
0 0.87734375 0.08828125 0.0328125 0.0375