0 0.22109375 0.52109375 0.009375 0.0140625
0 0.11953125 0.52578125 0.0140625 0.0140625
0 0.2609375 0.5421875 0.009375 0.0140625
0 0.09375 0.55546875 0.0140625 0.01875
0 0.57265625 0.58046875 0.009375 0.009375
0 0.87578125 0.58515625 0.0140625 0.01875
0 0.96640625 0.58671875 0.009375 0.01875
0 0.86171875 0.5875 0.0140625 0.01875
0 0.90546875 0.58828125 0.0140625 0.0234375
0 0.95 0.5890625 0.0140625 0.0234375
0 0.8296875 0.58671875 0.0140625 0.01875
0 0.61640625 0.58359375 0.0046875 0.009375
0 0.3828125 0.58125 0.0140625 0.0140625
0 0.57734375 0.58515625 0.009375 0.009375
0 0.584375 0.58515625 0.009375 0.009375
0 0.33671875 0.58046875 0.009375 0.0140625
0 0.6 0.5875 0.0046875 0.009375
0 0.6375 0.590625 0.0046875 0.009375
0 0.56328125 0.5890625 0.0046875 0.009375
0 0.63046875 0.590625 0.0046875 0.0140625
0 0.52890625 0.59140625 0.0046875 0.009375
0 0.5125 0.590625 0.0046875 0.0046875
0 0.52421875 0.59140625 0.0046875 0.009375
0 0.5515625 0.59375 0.0046875 0.0140625
0 0.59140625 0.59453125 0.009375 0.009375
0 0.60703125 0.59609375 0.009375 0.0140625
0 0.76015625 0.59921875 0.0140625 0.009375
0 0.29453125 0.590625 0.009375 0.009375
0 0.80625 0.60234375 0.0140625 0.0234375
0 0.9890625 0.60546875 0.009375 0.01875
0 0.48203125 0.596875 0.009375 0.0140625
0 0.46796875 0.59609375 0.009375 0.0140625
0 0.7765625 0.60390625 0.0140625 0.0140625
0 0.8203125 0.6046875 0.0140625 0.028125
0 0.52890625 0.6 0.0140625 0.0140625
0 0.66953125 0.60234375 0.009375 0.0140625
0 0.8390625 0.60546875 0.01875 0.028125
0 0.3015625 0.59609375 0.009375 0.009375
0 0.95703125 0.609375 0.01875 0.0234375
0 0.65546875 0.60390625 0.009375 0.0140625
0 0.78515625 0.60859375 0.009375 0.0140625
0 0.6 0.60546875 0.0140625 0.009375
0 0.26953125 0.6 0.0046875 0.009375
0 0.89453125 0.61328125 0.028125 0.0328125
0 0.97734375 0.61484375 0.0140625 0.0234375
0 0.8640625 0.61484375 0.01875 0.028125
0 0.5796875 0.61015625 0.01875 0.028125
0 0.4453125 0.6078125 0.0234375 0.0140625
0 0.5515625 0.609375 0.0140625 0.0234375
0 0.5125 0.60859375 0.009375 0.01875
0 0.48671875 0.6109375 0.009375 0.0140625
0 0.4984375 0.6109375 0.0140625 0.028125
0 0.52421875 0.61171875 0.01875 0.01875
0 0.34296875 0.60859375 0.0140625 0.0140625
0 0.67109375 0.61640625 0.009375 0.0140625
0 0.715625 0.6171875 0.0046875 0.009375
0 0.72421875 0.6171875 0.009375 0.009375
0 0.759375 0.61796875 0.009375 0.01875
0 0.7734375 0.61796875 0.01875 0.01875
0 0.29453125 0.609375 0.0140625 0.0140625
0 0.5390625 0.6140625 0.0140625 0.0234375
0 0.75 0.61796875 0.0140625 0.0234375
0 0.38203125 0.61328125 0.0140625 0.0140625
0 0.68515625 0.61875 0.0140625 0.0234375
0 0.79140625 0.62109375 0.0140625 0.01875
0 0.259375 0.61171875 0.0140625 0.009375
0 0.6296875 0.6203125 0.01875 0.0140625
0 0.32421875 0.6171875 0.0140625 0.01875
0 0.33359375 0.6171875 0.009375 0.0140625
0 0.446875 0.61953125 0.009375 0.0140625
0 0.6015625 0.621875 0.01875 0.0234375
0 0.365625 0.61796875 0.0140625 0.01875
0 0.07890625 0.61328125 0.009375 0.028125
0 0.490625 0.6203125 0.0140625 0.01875
0 0.090625 0.615625 0.0140625 0.0328125
0 0.409375 0.62109375 0.0140625 0.01875
0 0.28671875 0.62109375 0.009375 0.01875
0 0.92578125 0.6328125 0.028125 0.0375
0 0.39609375 0.6234375 0.009375 0.01875
0 0.428125 0.6234375 0.0140625 0.01875
0 0.26875 0.6234375 0.009375 0.01875
0 0.1875 0.621875 0.01875 0.0234375
0 0.7015625 0.63125 0.01875 0.0328125
0 0.740625 0.63359375 0.0140625 0.0375
0 0.23359375 0.625 0.01875 0.0234375
0 0.62265625 0.63203125 0.01875 0.0234375
0 0.6390625 0.634375 0.01875 0.0375
0 0.2796875 0.628125 0.0140625 0.01875
0 0.72421875 0.6359375 0.0140625 0.028125
0 0.30078125 0.63125 0.0140625 0.01875
0 0.68515625 0.63984375 0.0140625 0.01875
0 0.34453125 0.634375 0.01875 0.0234375
0 0.7796875 0.64609375 0.01875 0.0328125
0 0.0078125 0.63671875 0.015625 0.0328125
0 0.97890625 0.659375 0.028125 0.0421875
0 0.759375 0.65546875 0.028125 0.0421875
0 0.28203125 0.64921875 0.01875 0.028125
0 0.22421875 0.65234375 0.0140625 0.028125
0 0.09453125 0.65 0.0234375 0.0375
0 0.184375 0.65859375 0.028125 0.0421875
0 0.13828125 0.66484375 0.0234375 0.0421875
0 0.0078125 0.7 0.015625 0.046875
0 0.43359375 0.73046875 0.053125 0.1125