0 0.40859375 0.01484375 0.015625 0.0234375
0 0.74609375 0.0078125 0.0296875 0.015625
0 0.378125 0.1171875 0.04375 0.065625
0 0.084375 0.02578125 0.009375 0.0140625
0 0.209375 0.021875 0.0140625 0.0140625
0 0.14453125 0.0234375 0.009375 0.0140625
0 0.63359375 0.01171875 0.0203125 0.0234375
0 0.0265625 0.1484375 0.04375 0.0703125
0 0.30703125 0.0203125 0.0140625 0.01875
0 0.71640625 0.1359375 0.0734375 0.1234375
0 0.2796875 0.0234375 0.015625 0.0234375
0 0.67734375 0.01328125 0.0328125 0.0265625
0 0.159375 0.16875 0.04375 0.0515625
0 0.834375 0.01015625 0.0375 0.0203125
0 0.3515625 0.02109375 0.0328125 0.0328125
0 0.65078125 0.01328125 0.0296875 0.0265625
0 0.534375 0.171875 0.0484375 0.0578125
0 0.16640625 0.03046875 0.0046875 0.009375
0 0.2359375 0.02734375 0.01875 0.01875
0 0.2015625 0.02890625 0.009375 0.01875
0 0.55859375 0.0171875 0.0203125 0.034375
0 0.115625 0.034375 0.0140625 0.0140625
0 0.096875 0.03515625 0.009375 0.01875
0 0.25234375 0.0296875 0.009375 0.0140625
0 0.01171875 0.2328125 0.0234375 0.05625
0 0.42109375 0.221875 0.06875 0.1171875
0 0.26171875 0.03125 0.015625 0.0234375
0 0.1296875 0.0359375 0.009375 0.01875
0 0.14609375 0.2484375 0.0625 0.08125
0 0.56796875 0.25 0.06875 0.0984375
0 0.8296875 0.2453125 0.0875 0.1375
0 0.2234375 0.2734375 0.0546875 0.0984375
0 0.32421875 0.29296875 0.0828125 0.1234375
0 0.00859375 0.021875 0.0140625 0.009375
0 0.02421875 0.02109375 0.009375 0.009375
0 0.11171875 0.33515625 0.078125 0.11875
0 0.578125 0.02890625 0.025 0.025
0 0.4671875 0.03515625 0.0328125 0.0421875
0 0.42578125 0.03671875 0.025 0.0375
0 0.275 0.04453125 0.025 0.0328125
0 0.03125 0.39140625 0.0625 0.1265625
0 0.18359375 0.05234375 0.0296875 0.0421875
0 0.61640625 0.0390625 0.0375 0.0421875
0 0.234375 0.05546875 0.0203125 0.0234375
0 0.6140625 0.46171875 0.16875 0.21875
0 0.22421875 0.4953125 0.125 0.153125
0 0.12109375 0.0640625 0.01875 0.01875
0 0.28359375 0.0140625 0.01875 0.0140625
0 0.30234375 0.01328125 0.01875 0.0140625
0 0.38984375 0.0109375 0.01875 0.0140625
0 0.51171875 0.56953125 0.13125 0.1703125
0 0.175 0.01796875 0.0046875 0.009375
0 0.015625 0.07890625 0.025 0.0296875
0 0.37109375 0.66171875 0.203125 0.2609375
0 0.43671875 0.0109375 0.01875 0.01875
0 0.5375 0.00859375 0.01875 0.0171875
0 0.79296875 0.06875 0.0625 0.0859375
0 0.32734375 0.01484375 0.01875 0.01875
0 0.4734375 0.01015625 0.0234375 0.0203125
0 0.96640625 0.06953125 0.03125 0.0890625
0 0.8765625 0.07265625 0.0875 0.1046875
0 0.58515625 0.0875 0.04375 0.0609375
0 0.1890625 0.0203125 0.009375 0.0140625
0 0.22109375 0.01875 0.0140625 0.0140625
0 0.37421875 0.01328125 0.01875 0.01875
0 0.13125 0.021875 0.0046875 0.009375
0 0.4859375 0.096875 0.04375 0.0609375
0 0.31015625 0.11015625 0.0640625 0.0984375