0 0.52578125 0.23203125 0.1203125 0.1765625
0 0.61171875 0.21328125 0.05625 0.08125
0 0.9234375 0.1546875 0.0453125 0.0875
0 0.7328125 0.21640625 0.0734375 0.1234375
0 0.70859375 0.23515625 0.0734375 0.11875
0 0.671875 0.28125 0.0875 0.1265625
0 0.046875 0.41875 0.09375 0.171875
0 0.903125 0.246875 0.096875 0.171875
0 0.775 0.3140625 0.0828125 0.125
0 0.28671875 0.47890625 0.14375 0.2125
0 0.415625 0.5671875 0.1140625 0.1671875
0 0.8515625 0.60703125 0.1078125 0.15625
0 0.1578125 0.146875 0.0984375 0.1546875
0 0.44921875 0.11328125 0.096875 0.128125
0 0.0609375 0.21484375 0.109375 0.165625
0 0.29296875 0.19609375 0.0984375 0.1546875
0 0.5609375 0.153125 0.08125 0.1171875
0 0.15234375 0.2546875 0.0734375 0.11875
0 0.38125 0.21796875 0.0890625 0.1359375
0 0.77421875 0.1390625 0.078125 0.125
0 0.82578125 0.1375 0.065625 0.109375