0 0.7109375 0.18515625 0.078125 0.115625
0 0.43125 0.1421875 0.06875 0.0921875
0 0.55234375 0.20390625 0.0671875 0.1046875
0 0.76015625 0.25234375 0.0765625 0.10625
0 0.48125 0.20546875 0.06875 0.1140625
0 0.1734375 0.15390625 0.096875 0.1453125
0 0.6078125 0.234375 0.071875 0.109375
0 0.3859375 0.2140625 0.084375 0.0984375
0 0.6953125 0.325 0.0796875 0.125
0 0.25625 0.26640625 0.08125 0.1109375
0 0.496875 0.3328125 0.0890625 0.1265625
0 0.39296875 0.3609375 0.096875 0.15
0 0.6 0.41484375 0.0875 0.1703125
0 0.6921875 0.55546875 0.128125 0.1984375
0 0.4484375 0.56640625 0.11875 0.19375
0 0.16875 0.53984375 0.1125 0.1828125
0 0.809375 0.73046875 0.121875 0.1671875
0 0.87421875 0.1921875 0.09375 0.1265625