0 0.81484375 0.31171875 0.025 0.046875
0 0.50390625 0.321875 0.025 0.05625
0 0.27265625 0.3140625 0.025 0.046875
0 0.3 0.3171875 0.0296875 0.0515625
0 0.9796875 0.34296875 0.025 0.0375
0 0.42421875 0.3484375 0.0484375 0.0671875
0 0.36640625 0.34921875 0.0484375 0.071875
0 0.02421875 0.3421875 0.040625 0.0984375
0 0.7265625 0.3734375 0.0484375 0.053125
0 0.53671875 0.3671875 0.053125 0.0671875
0 0.615625 0.37421875 0.053125 0.0671875
0 0.3234375 0.37578125 0.0390625 0.05625
0 0.1703125 0.375 0.034375 0.0515625
0 0.79453125 0.40625 0.0390625 0.0703125
0 0.93125 0.41328125 0.0578125 0.071875
0 0.84609375 0.41875 0.0625 0.0765625
0 0.1515625 0.396875 0.0546875 0.0984375
0 0.24140625 0.41640625 0.0640625 0.1359375
0 0.5625 0.428125 0.0671875 0.053125
0 0.7375 0.4625 0.0546875 0.0953125
0 0.3625 0.45390625 0.078125 0.0953125
0 0.9640625 0.4859375 0.06875 0.121875
0 0.62734375 0.49296875 0.0640625 0.1078125
0 0.065625 0.48046875 0.084375 0.146875
0 0.5453125 0.5203125 0.078125 0.1328125
0 0.89765625 0.53515625 0.0734375 0.1234375
0 0.82421875 0.5625 0.1015625 0.146875
0 0.13515625 0.19765625 0.0390625 0.065625