0 0.6125 0.2484375 0.0828125 0.0859375
0 0.08046875 0.19765625 0.0859375 0.16875
0 0.234375 0.215625 0.0625 0.1203125
0 0.409375 0.34609375 0.0875 0.1328125
0 0.65703125 0.37890625 0.103125 0.1515625
0 0.15625 0.34296875 0.1046875 0.1703125
0 0.8375 0.43359375 0.0953125 0.1640625
0 0.70859375 0.06328125 0.0578125 0.0703125
0 0.98359375 0.49765625 0.0328125 0.1453125
0 0.11171875 0.025 0.0640625 0.05
0 0.42734375 0.04375 0.0515625 0.0875
0 0.21640625 0.03359375 0.0609375 0.0671875
0 0.83359375 0.08828125 0.0546875 0.0828125
0 0.17734375 0.0328125 0.0640625 0.065625
0 0.759375 0.5828125 0.1203125 0.2
0 0.35703125 0.5546875 0.1265625 0.209375
0 0.05859375 0.54375 0.1171875 0.23125
0 0.56875 0.0671875 0.0609375 0.1109375
0 0.315625 0.0453125 0.05 0.0828125
0 0.86953125 0.84140625 0.1390625 0.246875
0 0.1625 0.76953125 0.1609375 0.2265625
0 0.56875 0.81875 0.1609375 0.2359375
0 0.54375 0.1296875 0.075 0.1125
0 0.98984375 0.18828125 0.0203125 0.1203125
0 0.21171875 0.11640625 0.078125 0.13125
0 0.71015625 0.18203125 0.06875 0.134375
0 0.059375 0.11328125 0.0546875 0.1375
0 0.371875 0.14609375 0.0625 0.115625
0 0.87578125 0.24609375 0.0890625 0.15
0 0.44453125 0.2078125 0.0796875 0.15