0 0.46015625 0.0984375 0.0890625 0.1375
0 0.640625 0.13203125 0.096875 0.1296875
0 0.71875 0.14453125 0.021875 0.025
0 0.74375 0.16640625 0.0265625 0.0265625
0 0.32109375 0.1140625 0.046875 0.0546875
0 0.78515625 0.1734375 0.0203125 0.015625
0 0.57734375 0.153125 0.0609375 0.0890625
0 0.771875 0.18125 0.021875 0.0296875
0 0.99375 0.215625 0.0125 0.06875
0 0.69609375 0.17890625 0.0546875 0.075
0 0.51328125 0.1609375 0.0734375 0.1171875
0 0.83359375 0.21171875 0.0640625 0.084375
0 0.7296875 0.20859375 0.04375 0.059375
0 0.76796875 0.21328125 0.03125 0.03125
0 0.9265625 0.2515625 0.146875 0.2125
0 0.14296875 0.1578125 0.1765625 0.2515625
0 0.40625 0.2015625 0.1046875 0.1484375
0 0.3296875 0.234375 0.11875 0.190625
0 0.7078125 0.30859375 0.103125 0.134375
0 0.5015625 0.35546875 0.103125 0.1703125
0 0.53984375 0.0984375 0.0421875 0.0546875