0 0.809375 0.01484375 0.009375 0.0140625
0 0.428125 0.0953125 0.0140625 0.01875
0 0.5015625 0.96796875 0.0140625 0.0234375
0 0.715625 0.9734375 0.0140625 0.028125
0 0.17265625 0.96640625 0.0140625 0.0234375
0 0.840625 0.103125 0.0140625 0.0234375
0 0.89609375 0.10390625 0.0140625 0.0234375
0 0.77578125 0.97890625 0.01875 0.0234375
0 0.3359375 0.978125 0.0140625 0.0234375
0 0.35 0.09453125 0.0140625 0.01875
0 0.74296875 0.103125 0.009375 0.0140625
0 0.74609375 0.98828125 0.0140625 0.0234375
0 0.36171875 0.98359375 0.01875 0.0234375
0 0.95859375 0.109375 0.009375 0.0140625
0 0.22265625 0.096875 0.0140625 0.0234375
0 0.9421875 0.11171875 0.009375 0.0140625
0 0.31015625 0.10078125 0.0140625 0.0140625
0 0.221875 0.00703125 0.009375 0.0140625
0 0.6640625 0.11171875 0.0140625 0.01875
0 0.95625 0.11640625 0.009375 0.0140625
0 0.10859375 0.1015625 0.0140625 0.0234375
0 0.17578125 0.1078125 0.0140625 0.0140625
0 0.9140625 0.1203125 0.0140625 0.0140625
0 0.35 0.1109375 0.009375 0.0140625
0 0.75703125 0.1203125 0.0140625 0.01875
0 0.23359375 0.1109375 0.009375 0.01875
0 0.9921875 0.1265625 0.0140625 0.01875
0 0.3515625 0.115625 0.009375 0.0140625
0 0.85546875 0.1265625 0.009375 0.0140625
0 0.22265625 0.115625 0.009375 0.0234375
0 0.03046875 0.1140625 0.0140625 0.0140625
0 0.38125 0.1203125 0.0140625 0.0234375
0 0.48515625 0.12265625 0.0140625 0.01875
0 0.7953125 0.13046875 0.0140625 0.01875
0 0.36953125 0.01171875 0.0140625 0.0140625
0 0.94140625 0.1328125 0.009375 0.01875
0 0.06875 0.11953125 0.0140625 0.01875
0 0.1265625 0.12109375 0.0140625 0.01875
0 0.1984375 0.121875 0.0046875 0.0140625
0 0.1796875 0.12421875 0.0140625 0.0140625
0 0.41796875 0.128125 0.009375 0.01875
0 0.6359375 0.13203125 0.009375 0.01875
0 0.478125 0.12890625 0.0140625 0.0140625
0 0.18671875 0.1265625 0.009375 0.0140625
0 0.2421875 0.1296875 0.0140625 0.01875
0 0.953125 0.14453125 0.009375 0.0140625
0 0.91796875 0.14375 0.0140625 0.01875
0 0.96953125 0.14453125 0.0140625 0.01875
0 0.5109375 0.13671875 0.0140625 0.01875
0 0.3234375 0.13359375 0.0140625 0.01875
0 0.0828125 0.13203125 0.009375 0.01875
0 0.52265625 0.14140625 0.0140625 0.01875
0 0.45546875 0.140625 0.0140625 0.01875
0 0.26328125 0.1375 0.0140625 0.01875
0 0.20546875 0.13828125 0.0140625 0.01875
0 0.496875 0.0140625 0.0140625 0.01875
0 0.58515625 0.1453125 0.009375 0.01875
0 0.4390625 0.1453125 0.009375 0.0140625
0 0.0296875 0.1375 0.0140625 0.01875
0 0.2125 0.14375 0.009375 0.0140625
0 0.55703125 0.1515625 0.0140625 0.01875
0 0.12421875 0.14453125 0.0140625 0.01875
0 0.42265625 0.1515625 0.0140625 0.01875
0 0.18671875 0.14765625 0.01875 0.01875
0 0.33046875 0.15234375 0.0140625 0.0234375
0 0.99453125 0.16328125 0.0109375 0.0234375
0 0.7515625 0.16171875 0.0140625 0.0234375
0 0.0546875 0.14921875 0.01875 0.0234375
0 0.28828125 0.153125 0.01875 0.01875
0 0.140625 0.153125 0.01875 0.01875
0 0.53671875 0.16015625 0.0140625 0.01875
0 0.3421875 0.15625 0.0140625 0.01875
0 0.453125 0.15859375 0.0140625 0.028125
0 0.90234375 0.16640625 0.0140625 0.0234375
0 0.3625 0.15703125 0.0140625 0.01875
0 0.39765625 0.1578125 0.009375 0.01875
0 0.0390625 0.00859375 0.009375 0.0140625
0 0.721875 0.0203125 0.009375 0.0140625
0 0.265625 0.16015625 0.009375 0.01875
0 0.03671875 0.15625 0.0140625 0.0234375
0 0.27890625 0.16484375 0.0140625 0.0234375
0 0.5515625 0.17421875 0.009375 0.0140625
0 0.44609375 0.015625 0.0140625 0.0140625
0 0.40625 0.171875 0.0140625 0.0234375
0 0.1375 0.16953125 0.0140625 0.01875
0 0.41953125 0.17421875 0.009375 0.01875
0 0.47109375 0.17734375 0.0140625 0.01875
0 0.3484375 0.18046875 0.0140625 0.0234375
0 0.37421875 0.01640625 0.0140625 0.0140625
0 0.2390625 0.1828125 0.0140625 0.01875
0 0.10234375 0.1828125 0.009375 0.01875
0 0.35234375 0.18984375 0.009375 0.01875
0 0.88359375 0.00859375 0.009375 0.0046875
0 0.88828125 0.02578125 0.0140625 0.01875
0 0.59609375 0.19609375 0.0140625 0.01875
0 0.09140625 0.18984375 0.01875 0.01875
0 0.63046875 0.19921875 0.009375 0.0140625
0 0.60703125 0.20078125 0.0140625 0.01875
0 0.13984375 0.19765625 0.0140625 0.01875
0 0.9765625 0.21953125 0.0140625 0.0140625
0 0.3359375 0.2078125 0.009375 0.01875
0 0.375 0.20859375 0.0140625 0.01875
0 0.91796875 0.028125 0.0140625 0.01875
0 0.35546875 0.01875 0.009375 0.0140625
0 0.3609375 0.2171875 0.01875 0.01875
0 0.38671875 0.21953125 0.01875 0.0234375
0 0.43671875 0.021875 0.0140625 0.01875
0 0.48828125 0.22421875 0.0140625 0.0234375
0 0.83125 0.2296875 0.0140625 0.01875
0 0.58828125 0.2328125 0.0140625 0.01875
0 0.509375 0.23359375 0.0140625 0.01875
0 0.4140625 0.23203125 0.01875 0.0234375
0 0.85625 0.2421875 0.0140625 0.0234375
0 0.08359375 0.22890625 0.0140625 0.0234375
0 0.43984375 0.2375 0.009375 0.0140625
0 0.321875 0.23515625 0.0140625 0.0234375
0 0.4625 0.025 0.0140625 0.0140625
0 0.928125 0.25078125 0.0140625 0.01875
0 0.5328125 0.24375 0.0140625 0.0140625
0 0.54375 0.24375 0.009375 0.0140625
0 0.8890625 0.25 0.0140625 0.0234375
0 0.6734375 0.2484375 0.009375 0.0234375
0 0.903125 0.25234375 0.0140625 0.0234375
0 0.45859375 0.2515625 0.009375 0.01875
0 0.99453125 0.26015625 0.0109375 0.0234375
0 0.1109375 0.24765625 0.0140625 0.0234375
0 0.43671875 0.25625 0.009375 0.01875
0 0.471875 0.25625 0.01875 0.01875
0 0.57578125 0.2609375 0.0140625 0.0234375
0 0.81875 0.26484375 0.0140625 0.01875
0 0.71484375 0.0296875 0.0140625 0.0140625
0 0.8765625 0.03203125 0.009375 0.0140625
0 0.15234375 0.25546875 0.0140625 0.01875
0 0.69609375 0.26484375 0.009375 0.01875
0 0.60546875 0.26796875 0.009375 0.0234375
0 0.809375 0.27421875 0.0140625 0.01875
0 0.228125 0.0234375 0.009375 0.009375
0 0.79765625 0.2765625 0.01875 0.01875
0 0.1703125 0.26796875 0.0140625 0.0234375
0 0.7125 0.27734375 0.0140625 0.01875
0 0.478125 0.27265625 0.0140625 0.01875
0 0.721875 0.2796875 0.009375 0.01875
0 0.17734375 0.2703125 0.0140625 0.0234375
0 0.40234375 0.2765625 0.009375 0.0140625
0 0.49453125 0.278125 0.0140625 0.01875
0 0.50390625 0.28046875 0.0140625 0.0140625
0 0.0734375 0.0203125 0.009375 0.01875
0 0.76015625 0.0328125 0.009375 0.01875
0 0.415625 0.27890625 0.0140625 0.0234375
0 0.640625 0.2828125 0.009375 0.01875
0 0.51796875 0.28203125 0.0140625 0.01875
0 0.74921875 0.28671875 0.0140625 0.0234375
0 0.3765625 0.02578125 0.0046875 0.0140625
0 0.9484375 0.29921875 0.0140625 0.01875
0 0.68671875 0.29453125 0.0140625 0.01875
0 0.5359375 0.2921875 0.0140625 0.0234375
0 0.42734375 0.28984375 0.0140625 0.0234375
0 0.80703125 0.296875 0.0140625 0.0234375
0 0.9734375 0.30234375 0.0140625 0.0234375
0 0.184375 0.28828125 0.01875 0.0234375
0 0.66328125 0.296875 0.0140625 0.01875
0 0.55703125 0.29453125 0.009375 0.0140625
0 0.23515625 0.02578125 0.0046875 0.0046875
0 0.2796875 0.0265625 0.009375 0.009375
0 0.42265625 0.02890625 0.0140625 0.01875
0 0.78984375 0.30546875 0.0140625 0.0234375
0 0.08515625 0.29375 0.0140625 0.01875
0 0.06875 0.29296875 0.009375 0.01875
0 0.67890625 0.30390625 0.009375 0.0140625
0 0.43828125 0.30234375 0.0140625 0.0140625
0 0.95234375 0.3109375 0.009375 0.01875
0 0.22109375 0.30078125 0.01875 0.0234375
0 0.63515625 0.31015625 0.0140625 0.01875
0 0.2 0.30234375 0.0140625 0.01875
0 0.3640625 0.30546875 0.01875 0.01875
0 0.46640625 0.30703125 0.01875 0.01875
0 0.78828125 0.03515625 0.0140625 0.01875
0 0.84765625 0.31640625 0.0140625 0.0234375
0 0.89921875 0.321875 0.0140625 0.0234375
0 0.040625 0.02421875 0.009375 0.01875
0 0.28828125 0.028125 0.0046875 0.0140625
0 0.734375 0.3234375 0.0140625 0.01875
0 0.1375 0.31328125 0.0140625 0.01875
0 0.2140625 0.3171875 0.0140625 0.01875
0 0.61171875 0.328125 0.009375 0.01875
0 0.71640625 0.33046875 0.0140625 0.01875
0 0.359375 0.3265625 0.0140625 0.01875
0 0.984375 0.3375 0.01875 0.0234375
0 0.93359375 0.34140625 0.01875 0.0234375
0 0.78515625 0.340625 0.01875 0.0234375
0 0.796875 0.34140625 0.0140625 0.01875
0 0.690625 0.0375 0.01875 0.01875
0 0.22734375 0.0296875 0.0046875 0.009375
0 0.99296875 0.346875 0.0140625 0.01875
0 0.421875 0.3390625 0.0140625 0.01875
0 0.85625 0.34921875 0.0140625 0.0234375
0 0.20703125 0.3375 0.0140625 0.01875
0 0.53671875 0.3453125 0.0140625 0.01875
0 0.26484375 0.340625 0.0140625 0.01875
0 0.84296875 0.35078125 0.009375 0.0140625
0 0.253125 0.33984375 0.0140625 0.0140625
0 0.875 0.35546875 0.0140625 0.01875
0 0.6578125 0.35234375 0.0140625 0.01875
0 0.284375 0.3453125 0.0140625 0.0140625
0 0.446875 0.3484375 0.0140625 0.01875
0 0.82890625 0.3546875 0.009375 0.01875
0 0.55546875 0.35 0.0140625 0.01875
0 0.2640625 0.35 0.0140625 0.01875
0 0.2984375 0.35234375 0.01875 0.0234375
0 0.98203125 0.04296875 0.009375 0.01875
0 0.571875 0.3578125 0.01875 0.01875
0 0.44921875 0.3578125 0.0140625 0.01875
0 0.4609375 0.3578125 0.01875 0.01875
0 0.14609375 0.3546875 0.0234375 0.0234375
0 0.01875 0.35234375 0.01875 0.0234375
0 0.9375 0.37109375 0.0140625 0.01875
0 0.95859375 0.37578125 0.0140625 0.0234375
0 0.6734375 0.37578125 0.0140625 0.0234375
0 0.97890625 0.38125 0.01875 0.0234375
0 0.11796875 0.36796875 0.01875 0.01875
0 0.7484375 0.040625 0.009375 0.01875
0 0.08671875 0.0296875 0.0140625 0.0234375
0 0.7546875 0.38203125 0.0140625 0.0234375
0 0.62734375 0.3796875 0.0140625 0.0234375
0 0.26171875 0.3734375 0.01875 0.01875
0 0.7984375 0.38515625 0.0140625 0.01875
0 0.1875 0.37421875 0.01875 0.0234375
0 0.83828125 0.390625 0.0140625 0.01875
0 0.52578125 0.38515625 0.01875 0.0234375
0 0.775 0.39140625 0.0140625 0.01875
0 0.82109375 0.3921875 0.0140625 0.0234375
0 0.31015625 0.3859375 0.01875 0.0234375
0 0.88359375 0.3984375 0.0140625 0.01875
0 0.86015625 0.4 0.0140625 0.01875
0 0.66796875 0.396875 0.009375 0.0140625
0 0.41796875 0.39453125 0.01875 0.0234375
0 0.7078125 0.4 0.0140625 0.01875
0 0.6984375 0.39921875 0.0140625 0.0234375
0 0.9 0.40546875 0.0140625 0.01875
0 0.64765625 0.403125 0.0140625 0.01875
0 0.040625 0.39296875 0.01875 0.0234375
0 0.55234375 0.40390625 0.0140625 0.01875
0 0.85234375 0.0453125 0.0140625 0.01875
0 0.1765625 0.03359375 0.009375 0.009375
0 0.38984375 0.0390625 0.0046875 0.0140625
0 0.1984375 0.4015625 0.01875 0.0234375
0 0.9203125 0.4140625 0.01875 0.0234375
0 0.2421875 0.40234375 0.0140625 0.01875
0 0.290625 0.403125 0.0140625 0.0234375
0 0.44609375 0.40859375 0.01875 0.028125
0 0.5734375 0.4109375 0.01875 0.01875
0 0.3671875 0.409375 0.01875 0.01875
0 0.60546875 0.415625 0.0140625 0.01875
0 0.6765625 0.04453125 0.0140625 0.0234375
0 0.88046875 0.04765625 0.0140625 0.01875
0 0.90625 0.0484375 0.0140625 0.01875
0 0.2390625 0.03671875 0.0140625 0.01875
0 0.35078125 0.41171875 0.01875 0.0234375
0 0.16328125 0.41015625 0.0140625 0.0234375
0 0.58984375 0.41796875 0.0140625 0.0234375
0 0.78359375 0.42578125 0.0140625 0.01875
0 0.63125 0.4234375 0.01875 0.0234375
0 0.7375 0.425 0.0140625 0.01875
0 0.33671875 0.03828125 0.009375 0.009375
0 0.98515625 0.43203125 0.0140625 0.01875
0 0.7125 0.4296875 0.0140625 0.0234375
0 0.7953125 0.43125 0.0140625 0.01875
0 0.3671875 0.42578125 0.009375 0.01875
0 0.8375 0.434375 0.0140625 0.0234375
0 0.65625 0.43515625 0.01875 0.01875
0 0.08046875 0.42578125 0.01875 0.0234375
0 0.82265625 0.440625 0.0140625 0.01875
0 0.86171875 0.44140625 0.0140625 0.01875
0 0.4015625 0.43359375 0.0140625 0.01875
0 0.38515625 0.43515625 0.009375 0.01875
0 0.85 0.44375 0.0140625 0.0234375
0 0.90625 0.446875 0.0140625 0.01875
0 0.690625 0.44296875 0.0140625 0.0234375
0 0.878125 0.4484375 0.0140625 0.0234375
0 0.30859375 0.040625 0.0140625 0.01875
0 0.43125 0.0421875 0.0140625 0.0140625
0 0.30859375 0.44609375 0.0140625 0.0234375
0 0.55390625 0.45234375 0.0140625 0.01875
0 0.725 0.45546875 0.0140625 0.0140625
0 0.4015625 0.04453125 0.009375 0.0140625
0 0.709375 0.4578125 0.0140625 0.01875
0 0.9703125 0.4640625 0.0140625 0.0234375
0 0.1328125 0.4546875 0.01875 0.01875
0 0.7484375 0.465625 0.0140625 0.0140625
0 0.95234375 0.46875 0.0140625 0.0234375
0 0.521875 0.4609375 0.0140625 0.01875
0 0.05625 0.453125 0.009375 0.01875
0 0.7625 0.46796875 0.009375 0.0140625
0 0.378125 0.04375 0.0140625 0.0140625
0 0.0125 0.4609375 0.0140625 0.01875
0 0.7765625 0.4765625 0.009375 0.0140625
0 0.3203125 0.4734375 0.01875 0.0234375
0 0.48359375 0.47890625 0.0140625 0.01875
0 0.6484375 0.48125 0.0140625 0.0234375
0 0.2546875 0.47734375 0.0140625 0.01875
0 0.8765625 0.0109375 0.009375 0.009375
0 0.78125 0.053125 0.0140625 0.01875
0 0.65390625 0.05078125 0.0140625 0.0234375
0 0.215625 0.47890625 0.0140625 0.01875
0 0.471875 0.4828125 0.01875 0.0234375
0 0.5140625 0.4859375 0.01875 0.0234375
0 0.77109375 0.49296875 0.0140625 0.01875
0 0.8890625 0.4953125 0.01875 0.028125
0 0.159375 0.48203125 0.01875 0.0234375
0 0.13515625 0.0421875 0.009375 0.01875
0 0.6640625 0.4984375 0.0140625 0.0234375
0 0.0671875 0.4875 0.0140625 0.01875
0 0.91640625 0.50703125 0.009375 0.0234375
0 0.93515625 0.5078125 0.009375 0.01875
0 0.9546875 0.05859375 0.009375 0.0140625
0 0.28828125 0.046875 0.0140625 0.0140625
0 0.40859375 0.04921875 0.009375 0.0140625
0 0.42109375 0.50546875 0.0140625 0.028125
0 0.53203125 0.5078125 0.0140625 0.01875
0 0.3078125 0.50625 0.01875 0.0234375
0 0.34375 0.04765625 0.009375 0.01875
0 0.090625 0.50703125 0.0140625 0.028125
0 0.80078125 0.521875 0.01875 0.028125
0 0.83125 0.521875 0.0140625 0.01875
0 0.46953125 0.51796875 0.0140625 0.01875
0 0.853125 0.5296875 0.01875 0.028125
0 0.62421875 0.528125 0.01875 0.028125
0 0.5984375 0.52734375 0.01875 0.01875
0 0.88125 0.5375 0.0140625 0.01875
0 0.45546875 0.5296875 0.01875 0.0234375
0 0.434375 0.53125 0.0140625 0.01875
0 0.5359375 0.53515625 0.01875 0.01875
0 0.65 0.53671875 0.0140625 0.01875
0 0.7796875 0.5390625 0.01875 0.0234375
0 0.496875 0.53671875 0.01875 0.0234375
0 0.06171875 0.53125 0.01875 0.01875
0 0.675 0.5421875 0.0140625 0.01875
0 0.69140625 0.5421875 0.0140625 0.01875
0 0.34375 0.53671875 0.01875 0.0234375
0 0.415625 0.5375 0.01875 0.028125
0 0.37421875 0.5390625 0.01875 0.01875
0 0.72109375 0.54765625 0.01875 0.01875
0 0.58046875 0.54765625 0.0140625 0.0234375
0 0.94765625 0.06328125 0.0140625 0.01875
0 0.228125 0.54609375 0.0140625 0.01875
0 0.75625 0.55546875 0.0140625 0.028125
0 0.26328125 0.55390625 0.01875 0.01875
0 0.1859375 0.05 0.0140625 0.01875
0 0.0359375 0.5546875 0.01875 0.0234375
0 0.48046875 0.5625 0.01875 0.028125
0 0.63046875 0.06015625 0.0140625 0.0140625
0 0.3484375 0.05546875 0.009375 0.0140625
0 0.82265625 0.575 0.0140625 0.0234375
0 0.90703125 0.0140625 0.01875 0.0140625
0 0.27421875 0.0046875 0.0140625 0.009375
0 0.359375 0.00546875 0.01875 0.0109375
0 0.73515625 0.0109375 0.0140625 0.0140625
0 0.29921875 0.05390625 0.009375 0.0140625
0 0.296875 0.575 0.0140625 0.01875
0 0.17421875 0.57578125 0.0140625 0.01875
0 0.85 0.5875 0.0140625 0.0234375
0 0.64921875 0.5859375 0.0140625 0.01875
0 0.93125 0.59140625 0.0140625 0.01875
0 0.32265625 0.5828125 0.0140625 0.0234375
0 0.87578125 0.0640625 0.0140625 0.01875
0 0.92421875 0.06484375 0.0140625 0.01875
0 0.50078125 0.58828125 0.0140625 0.0234375
0 0.67890625 0.59375 0.0140625 0.01875
0 0.6140625 0.5953125 0.01875 0.0328125
0 0.6234375 0.5953125 0.0140625 0.01875
0 0.9171875 0.6 0.0140625 0.0234375
0 0.94765625 0.60234375 0.0140625 0.01875
0 0.253125 0.05546875 0.0140625 0.0140625
0 0.4453125 0.059375 0.009375 0.01875
0 0.0171875 0.58828125 0.01875 0.0234375
0 0.18125 0.59609375 0.01875 0.0234375
0 0.21171875 0.596875 0.0140625 0.01875
0 0.1953125 0.5984375 0.0140625 0.01875
0 0.51953125 0.60390625 0.01875 0.028125
0 0.7 0.61171875 0.0140625 0.028125
0 0.40078125 0.6140625 0.009375 0.0234375
0 0.05625 0.6078125 0.0140625 0.0234375
0 0.82265625 0.06796875 0.009375 0.0140625
0 0.20703125 0.05703125 0.01875 0.0234375
0 0.0390625 0.6125 0.0140625 0.0234375
0 0.8078125 0.628125 0.009375 0.01875
0 0.73359375 0.6265625 0.01875 0.01875
0 0.3265625 0.621875 0.0140625 0.028125
0 0.7734375 0.6296875 0.009375 0.028125
0 0.87734375 0.63125 0.0140625 0.01875
0 0.7640625 0.63203125 0.01875 0.0234375
0 0.83359375 0.6328125 0.01875 0.028125
0 0.30078125 0.62421875 0.01875 0.028125
0 0.59921875 0.63125 0.0140625 0.01875
0 0.9421875 0.63984375 0.01875 0.0234375
0 0.221875 0.6296875 0.01875 0.028125
0 0.4421875 0.63359375 0.0140625 0.0234375
0 0.95234375 0.0703125 0.0140625 0.0140625
0 0.26640625 0.6328125 0.0140625 0.0234375
0 0.42109375 0.63515625 0.0140625 0.0234375
0 0.90078125 0.64609375 0.01875 0.0234375
0 0.971875 0.65 0.01875 0.0140625
0 0.9796875 0.0734375 0.0140625 0.01875
0 0.85625 0.6546875 0.01875 0.028125
0 0.153125 0.64453125 0.01875 0.01875
0 0.64375 0.65546875 0.0140625 0.0234375
0 0.4046875 0.65390625 0.009375 0.01875
0 0.43046875 0.65546875 0.009375 0.01875
0 0.37734375 0.6546875 0.0140625 0.01875
0 0.2859375 0.65546875 0.0140625 0.028125
0 0.49921875 0.66171875 0.01875 0.0234375
0 0.68671875 0.66484375 0.0140625 0.0234375
0 0.25546875 0.0625 0.009375 0.0140625
0 0.36015625 0.6640625 0.0140625 0.0234375
0 0.746875 0.678125 0.01875 0.028125
0 0.1671875 0.00390625 0.01875 0.0078125
0 0.46171875 0.00625 0.0140625 0.0125
0 0.85234375 0.0734375 0.009375 0.0140625
0 0.10234375 0.06015625 0.0140625 0.0234375
0 0.7234375 0.68203125 0.0140625 0.028125
0 0.4 0.6765625 0.01875 0.01875
0 0.4203125 0.6765625 0.01875 0.0234375
0 0.52890625 0.6859375 0.01875 0.0234375
0 0.371875 0.68515625 0.0140625 0.01875
0 0.0828125 0.6828125 0.0140625 0.028125
0 0.18203125 0.684375 0.01875 0.028125
0 0.58515625 0.69375 0.009375 0.01875
0 0.76484375 0.07421875 0.0140625 0.0140625
0 0.853125 0.70078125 0.01875 0.028125
0 0.61484375 0.69921875 0.0140625 0.01875
0 0.5984375 0.6984375 0.01875 0.01875
0 0.8109375 0.075 0.0140625 0.01875
0 0.459375 0.07109375 0.009375 0.0140625
0 0.6375 0.7109375 0.0140625 0.01875
0 0.59609375 0.0734375 0.0140625 0.0140625
0 0.146875 0.065625 0.009375 0.0140625
0 0.6765625 0.71875 0.01875 0.0234375
0 0.7140625 0.728125 0.0140625 0.01875
0 0.7484375 0.7359375 0.01875 0.0234375
0 0.28125 0.0703125 0.01875 0.01875
0 0.771875 0.740625 0.01875 0.0234375
0 0.49609375 0.7359375 0.0140625 0.0234375
0 0.79609375 0.75546875 0.0140625 0.0234375
0 0.54609375 0.753125 0.0140625 0.0234375
0 0.296875 0.07265625 0.0140625 0.01875
0 0.83828125 0.7609375 0.0140625 0.028125
0 0.571875 0.7609375 0.0140625 0.01875
0 0.23359375 0.759375 0.0140625 0.01875
0 0.38203125 0.7640625 0.01875 0.0234375
0 0.61328125 0.77109375 0.01875 0.0328125
0 0.0859375 0.76171875 0.01875 0.0234375
0 0.67265625 0.0125 0.0140625 0.01875
0 0.65703125 0.01171875 0.009375 0.01875
0 0.775 0.0140625 0.0140625 0.0140625
0 0.15625 0.0703125 0.0140625 0.0140625
0 0.41875 0.771875 0.0140625 0.0234375
0 0.9375 0.78125 0.01875 0.0234375
0 0.43046875 0.77890625 0.01875 0.0234375
0 0.9140625 0.0859375 0.009375 0.0140625
0 0.01953125 0.0703125 0.0140625 0.028125
0 0.66171875 0.78515625 0.01875 0.01875
0 0.6484375 0.78671875 0.01875 0.028125
0 0.25 0.7796875 0.01875 0.028125
0 0.71328125 0.79296875 0.01875 0.0234375
0 0.5359375 0.7921875 0.01875 0.028125
0 0.1171875 0.78984375 0.0140625 0.01875
0 0.2703125 0.7921875 0.01875 0.0234375
0 0.5109375 0.7984375 0.01875 0.0234375
0 0.56875 0.80234375 0.01875 0.0234375
0 0.78359375 0.80546875 0.01875 0.028125
0 0.9734375 0.809375 0.01875 0.0234375
0 0.809375 0.8109375 0.01875 0.0234375
0 0.2859375 0.8015625 0.01875 0.028125
0 0.84375 0.81171875 0.0140625 0.028125
0 0.32109375 0.80234375 0.01875 0.028125
0 0.82109375 0.81328125 0.0140625 0.028125
0 0.26640625 0.07734375 0.0140625 0.0140625
0 0.3171875 0.078125 0.0140625 0.0140625
0 0.85625 0.0875 0.0140625 0.0234375
0 0.00625 0.80625 0.0125 0.028125
0 0.08515625 0.81015625 0.01875 0.0234375
0 0.7421875 0.82109375 0.0140625 0.01875
0 0.34140625 0.81953125 0.0140625 0.01875
0 0.19609375 0.8234375 0.01875 0.028125
0 0.5875 0.83046875 0.01875 0.0234375
0 0.61953125 0.8359375 0.01875 0.0234375
0 0.25234375 0.08125 0.009375 0.0140625
0 0.02421875 0.840625 0.01875 0.0234375
0 0.67890625 0.8546875 0.0140625 0.0234375
0 0.7359375 0.08984375 0.01875 0.01875
0 0.7640625 0.090625 0.0140625 0.01875
0 0.9078125 0.09296875 0.009375 0.0140625
0 0.946875 0.09375 0.009375 0.0140625
0 0.41875 0.084375 0.01875 0.01875
0 0.725 0.86484375 0.01875 0.0234375
0 0.4359375 0.86015625 0.01875 0.028125
0 0.403125 0.86171875 0.0234375 0.028125
0 0.465625 0.86484375 0.01875 0.028125
0 0.54921875 0.86640625 0.01875 0.01875
0 0.0578125 0.078125 0.009375 0.0140625
0 0.80859375 0.8734375 0.0140625 0.028125
0 0.7578125 0.88203125 0.009375 0.01875
0 0.7734375 0.884375 0.01875 0.0234375
0 0.5046875 0.88203125 0.01875 0.0375
0 0.4953125 0.090625 0.0140625 0.0140625
0 0.525 0.8921875 0.01875 0.0234375
0 0.1015625 0.8890625 0.0140625 0.028125
0 0.87734375 0.096875 0.009375 0.0234375
0 0.33359375 0.8953125 0.01875 0.0375
0 0.14375 0.89453125 0.01875 0.028125
0 0.9703125 0.10078125 0.0140625 0.0140625
0 0.39609375 0.91484375 0.01875 0.028125
0 0.16640625 0.915625 0.0140625 0.028125
0 0.65546875 0.0953125 0.0140625 0.028125
0 0.42265625 0.93125 0.0234375 0.0234375
0 0.4484375 0.93203125 0.01875 0.0234375
0 0.26171875 0.0890625 0.009375 0.0140625
0 0.58359375 0.09453125 0.009375 0.0140625
0 0.27109375 0.090625 0.009375 0.0140625
0 0.20546875 0.9328125 0.01875 0.028125
0 0.0890625 0.9328125 0.01875 0.0234375
0 0.0546875 0.934375 0.0140625 0.028125
0 0.0203125 0.93359375 0.01875 0.028125
0 0.05078125 0.08671875 0.009375 0.0140625
0 0.153125 0.08828125 0.009375 0.0234375
0 0.2328125 0.9421875 0.01875 0.028125
0 0.6078125 0.9484375 0.01875 0.028125
0 0.4828125 0.946875 0.0140625 0.0234375
0 0.38125 0.946875 0.01875 0.028125
0 0.56875 0.95078125 0.01875 0.028125
0 0.2953125 0.9484375 0.01875 0.028125
0 0.85390625 0.10078125 0.009375 0.0140625
0 0.928125 0.1015625 0.009375 0.0140625
0 0.16875 0.0890625 0.0140625 0.0140625
0 0.8 0.96875 0.0140625 0.028125
0 0.559375 0.9640625 0.01875 0.028125
0 0.68671875 0.96640625 0.01875 0.028125
0 0.65625 0.96640625 0.01875 0.028125
0 0.40859375 0.96171875 0.0140625 0.01875