0 0.0921875 0.334375 0.0109375 0.0140625
0 0.52265625 0.371875 0.0109375 0.0140625
0 0.08203125 0.3359375 0.0109375 0.0140625
0 0.45078125 0.36796875 0.015625 0.025
0 0.146875 0.34140625 0.021875 0.0328125
0 0.19765625 0.3453125 0.015625 0.015625
0 0.10078125 0.3375 0.0109375 0.01875
0 0.25234375 0.353125 0.00625 0.0140625
0 0.2296875 0.35078125 0.00625 0.009375
0 0.26640625 0.35390625 0.0171875 0.0328125
0 0.40703125 0.36640625 0.015625 0.0203125
0 0.278125 0.35546875 0.00625 0.009375
0 0.04296875 0.334375 0.0265625 0.0390625
0 0.2453125 0.35234375 0.0046875 0.0046875
0 0.28984375 0.35859375 0.015625 0.025
0 0.0703125 0.3390625 0.015625 0.025
0 0.196875 0.35 0.0109375 0.01875
0 0.5609375 0.38203125 0.00625 0.009375
0 0.13515625 0.3453125 0.015625 0.025
0 0.240625 0.35390625 0.0171875 0.0296875
0 0.8171875 0.4046875 0.0046875 0.0046875
0 0.5421875 0.3828125 0.00625 0.0140625
0 0.60078125 0.38828125 0.00625 0.009375
0 0.665625 0.39375 0.0046875 0.0046875
0 0.3046875 0.3625 0.00625 0.01875
0 0.61640625 0.3890625 0.0046875 0.0046875
0 0.50078125 0.3796875 0.0109375 0.0140625
0 0.53125 0.38203125 0.00625 0.009375
0 0.609375 0.3890625 0.0109375 0.0109375
0 0.71796875 0.3984375 0.0046875 0.0046875
0 0.2109375 0.35390625 0.015625 0.015625
0 0.51015625 0.38046875 0.0046875 0.0046875
0 0.52421875 0.38125 0.0109375 0.0140625
0 0.62109375 0.38984375 0.00625 0.009375
0 0.3859375 0.371875 0.03125 0.04375
0 0.72734375 0.4015625 0.0046875 0.0046875
0 0.75 0.403125 0.0046875 0.0046875
0 0.6421875 0.39375 0.0046875 0.0046875
0 0.68984375 0.3984375 0.0046875 0.0046875
0 0.73359375 0.40234375 0.0046875 0.0046875
0 0.63984375 0.39375 0.0046875 0.0046875
0 0.27265625 0.36171875 0.0109375 0.0140625
0 0.47578125 0.3796875 0.0109375 0.0234375
0 0.8765625 0.41484375 0.0046875 0.0046875
0 0.48203125 0.3796875 0.00625 0.009375
0 0.6921875 0.3984375 0.0046875 0.0046875
0 0.71328125 0.4 0.0046875 0.0046875
0 0.68046875 0.39765625 0.0046875 0.0046875
0 0.41796875 0.37421875 0.00625 0.009375
0 0.54921875 0.3859375 0.0109375 0.0140625
0 0.696875 0.3984375 0.0046875 0.0046875
0 0.7203125 0.40078125 0.0046875 0.0046875
0 0.7453125 0.403125 0.0046875 0.0046875
0 0.22265625 0.35703125 0.015625 0.025
0 0.653125 0.3953125 0.0046875 0.0046875
0 0.18984375 0.3546875 0.0140625 0.0109375
0 0.246875 0.36171875 0.00625 0.009375
0 0.53828125 0.3875 0.0109375 0.0140625
0 0.68515625 0.4 0.0046875 0.0046875
0 0.309375 0.3671875 0.0109375 0.0140625
0 0.6578125 0.39765625 0.00625 0.009375
0 0.34453125 0.3703125 0.053125 0.0875
0 0.565625 0.38984375 0.00625 0.0140625
0 0.6625 0.3984375 0.0046875 0.0046875
0 0.725 0.40390625 0.0046875 0.0046875
0 0.16875 0.3546875 0.0203125 0.0203125
0 0.79765625 0.41015625 0.0046875 0.0046875
0 0.62265625 0.39453125 0.009375 0.00625
0 0.125 0.35078125 0.015625 0.025
0 0.8140625 0.41171875 0.0046875 0.0046875
0 0.5703125 0.38984375 0.00625 0.0140625
0 0.51015625 0.38515625 0.00625 0.009375
0 0.72734375 0.40390625 0.00625 0.009375
0 0.73125 0.40390625 0.0046875 0.0046875
0 0.7203125 0.403125 0.0046875 0.0046875
0 0.55546875 0.39140625 0.0109375 0.0140625
0 0.32109375 0.3703125 0.0109375 0.0140625
0 0.8 0.4125 0.0046875 0.0046875
0 0.65078125 0.39921875 0.00625 0.009375
0 0.415625 0.37890625 0.00625 0.009375
0 0.06015625 0.34765625 0.015625 0.025
0 0.73828125 0.40703125 0.0046875 0.0046875
0 0.87421875 0.41875 0.00625 0.0140625
0 0.70546875 0.40703125 0.0046875 0.0046875
0 0.7421875 0.41015625 0.0046875 0.0046875
0 0.80234375 0.41484375 0.0046875 0.0046875
0 0.4953125 0.38828125 0.0109375 0.0140625
0 0.10546875 0.35390625 0.015625 0.025
0 0.70078125 0.40625 0.0109375 0.0140625
0 0.81640625 0.41640625 0.0046875 0.0046875
0 0.64609375 0.4015625 0.0109375 0.0140625
0 0.81875 0.41640625 0.0046875 0.0046875
0 0.88125 0.421875 0.00625 0.009375
0 0.8 0.41484375 0.0046875 0.0046875
0 0.809375 0.415625 0.00625 0.009375
0 0.296875 0.37109375 0.00625 0.009375
0 0.465625 0.38828125 0.0109375 0.01875
0 0.53046875 0.39375 0.00625 0.0140625
0 0.83046875 0.41953125 0.021875 0.0328125
0 0.74453125 0.4125 0.00625 0.009375
0 0.8140625 0.41875 0.00625 0.009375
0 0.68671875 0.40703125 0.0109375 0.0109375
0 0.63828125 0.403125 0.00625 0.0140625
0 0.6109375 0.40078125 0.015625 0.025
0 0.7265625 0.4109375 0.00625 0.009375
0 0.7375 0.41171875 0.0046875 0.0046875
0 0.796875 0.41953125 0.0046875 0.0046875
0 0.80390625 0.4203125 0.0046875 0.0046875
0 0.640625 0.40546875 0.0109375 0.0109375
0 0.01328125 0.35078125 0.0046875 0.0046875
0 0.45859375 0.38984375 0.0109375 0.01875
0 0.7328125 0.4140625 0.0046875 0.0046875
0 0.62421875 0.40390625 0.0109375 0.0140625
0 0.7078125 0.4140625 0.0109375 0.0109375
0 0.91328125 0.43203125 0.0578125 0.0875
0 0.55234375 0.4 0.00625 0.0140625
0 0.68203125 0.41171875 0.0109375 0.01875
0 0.4765625 0.39609375 0.0109375 0.01875
0 0.540625 0.4015625 0.0109375 0.01875
0 0.85234375 0.42890625 0.015625 0.025
0 0.559375 0.403125 0.0109375 0.0140625
0 0.88671875 0.43203125 0.0109375 0.0140625
0 0.015625 0.35546875 0.00625 0.009375
0 0.025 0.35625 0.0109375 0.0140625
0 0.075 0.36328125 0.0125 0.0328125
0 0.7234375 0.4203125 0.015625 0.0203125
0 0.6375 0.4125 0.0109375 0.0109375
0 0.82265625 0.42890625 0.0109375 0.01875
0 0.79921875 0.4265625 0.00625 0.009375
0 0.1875 0.37578125 0.0171875 0.0296875
0 0.525 0.4046875 0.0109375 0.0234375
0 0.58203125 0.41015625 0.021875 0.0421875
0 0.20390625 0.3765625 0.021875 0.0296875
0 0.3078125 0.38828125 0.021875 0.0296875
0 0.5109375 0.40625 0.00625 0.01875
0 0.32109375 0.39140625 0.0125 0.028125
0 0.51953125 0.40859375 0.0109375 0.01875
0 0.6046875 0.415625 0.021875 0.0421875
0 0.09296875 0.3734375 0.021875 0.0328125
0 0.49375 0.4109375 0.0265625 0.0296875
0 0.63671875 0.4234375 0.015625 0.025
0 0.56796875 0.4171875 0.00625 0.01875
0 0.5578125 0.41875 0.015625 0.025
0 0.21484375 0.39140625 0.015625 0.025
0 0.67109375 0.43125 0.0328125 0.053125
0 0.80234375 0.44453125 0.021875 0.0296875
0 0.69140625 0.43515625 0.015625 0.0203125
0 0.24375 0.3984375 0.0171875 0.0328125
0 0.65234375 0.43671875 0.0109375 0.0140625
0 0.71875 0.44453125 0.021875 0.0328125
0 0.621875 0.4359375 0.021875 0.0296875
0 0.7671875 0.4515625 0.046875 0.06875
0 0.70234375 0.44765625 0.015625 0.0203125
0 0.43203125 0.4265625 0.0390625 0.0765625
0 0.5125 0.43359375 0.021875 0.0328125
0 0.37421875 0.42421875 0.0265625 0.0296875
0 0.1578125 0.40703125 0.0375 0.0578125
0 0.25625 0.415625 0.028125 0.053125
0 0.6390625 0.4515625 0.015625 0.0203125
0 0.528125 0.44453125 0.015625 0.025
0 0.5 0.46953125 0.021875 0.0296875
0 0.97421875 0.54375 0.04375 0.090625
0 0.825 0.53515625 0.0484375 0.0921875
0 0.7609375 0.5734375 0.0359375 0.04375