0 0.52734375 0.28671875 0.0046875 0.0046875
0 0.50703125 0.3078125 0.00625 0.0140625
0 0.49765625 0.309375 0.00625 0.009375
0 0.48671875 0.3125 0.00625 0.0140625
0 0.4734375 0.31875 0.0109375 0.015625
0 0.4484375 0.3265625 0.0109375 0.015625
0 0.340625 0.3421875 0.015625 0.0203125
0 0.4625 0.3296875 0.0109375 0.015625
0 0.29296875 0.353125 0.0328125 0.04375
0 0.403125 0.33984375 0.0109375 0.015625
0 0.353125 0.34765625 0.015625 0.0203125
0 0.265625 0.35859375 0.0234375 0.04375
0 0.5 0.3296875 0.0109375 0.015625
0 0.3875 0.34609375 0.015625 0.015625
0 0.3625 0.34921875 0.021875 0.025
0 0.45625 0.3375 0.0109375 0.015625
0 0.5703125 0.32578125 0.015625 0.015625
0 0.321875 0.35625 0.0109375 0.015625
0 0.434375 0.34296875 0.0109375 0.015625
0 0.41328125 0.34765625 0.00625 0.0140625
0 0.4421875 0.346875 0.00625 0.0140625
0 0.46171875 0.34375 0.015625 0.015625
0 0.59296875 0.328125 0.015625 0.0203125
0 0.58125 0.3296875 0.0109375 0.0203125
0 0.09453125 0.3890625 0.053125 0.0703125
0 0.3796875 0.35390625 0.015625 0.015625
0 0.32890625 0.3625 0.0109375 0.0109375
0 0.54765625 0.3359375 0.0171875 0.025
0 0.44921875 0.34765625 0.00625 0.0140625
0 0.34296875 0.3625 0.021875 0.0296875
0 0.30390625 0.3671875 0.021875 0.0296875
0 0.46953125 0.346875 0.0109375 0.0109375
0 0.4171875 0.35625 0.015625 0.0203125
0 0.5640625 0.3375 0.015625 0.0203125
0 0.440625 0.353125 0.0109375 0.015625
0 0.37421875 0.36328125 0.0109375 0.015625
0 0.6203125 0.3359375 0.021875 0.025
0 0.45859375 0.3578125 0.0203125 0.0203125
0 0.5578125 0.3453125 0.0171875 0.025
0 0.50546875 0.35234375 0.028125 0.04375
0 0.52578125 0.35 0.0375 0.05
0 0.3265625 0.3765625 0.0109375 0.0203125
0 0.3890625 0.37109375 0.021875 0.034375
0 0.478125 0.36015625 0.0171875 0.0296875
0 0.36328125 0.37421875 0.0171875 0.0328125
0 0.4875 0.359375 0.0171875 0.025
0 0.63046875 0.34375 0.015625 0.015625
0 0.4046875 0.371875 0.0265625 0.03125
0 0.4375 0.36796875 0.015625 0.015625
0 0.6671875 0.34140625 0.0203125 0.0203125
0 0.81484375 0.32578125 0.0484375 0.06875
0 0.778125 0.33515625 0.0375 0.0453125
0 0.60390625 0.3609375 0.0234375 0.04375
0 0.6234375 0.365625 0.021875 0.034375
0 0.4328125 0.3890625 0.021875 0.025
0 0.65078125 0.3625 0.0328125 0.0484375
0 0.4578125 0.38671875 0.0421875 0.05
0 0.58671875 0.375 0.0328125 0.040625
0 0.7234375 0.36328125 0.0375 0.0453125
0 0.92109375 0.3390625 0.065625 0.0890625
0 0.67421875 0.37890625 0.0328125 0.04375
0 0.18046875 0.4453125 0.0625 0.071875
0 0.86328125 0.3640625 0.046875 0.0546875
0 0.34765625 0.44140625 0.0328125 0.0484375