0 0.50390625 0.10546875 0.028125 0.034375
0 0.4859375 0.10234375 0.0265625 0.0265625
0 0.67109375 0.13125 0.0234375 0.034375
0 0.41875 0.09765625 0.034375 0.0453125
0 0.55390625 0.1171875 0.0234375 0.034375
0 0.59921875 0.1234375 0.0234375 0.034375
0 0.64921875 0.1328125 0.034375 0.05
0 0.17734375 0.06640625 0.0296875 0.0484375
0 0.26015625 0.08046875 0.021875 0.021875
0 0.28203125 0.08359375 0.0296875 0.04375
0 0.14296875 0.06640625 0.028125 0.034375
0 0.53671875 0.121875 0.028125 0.034375
0 0.73984375 0.1546875 0.0234375 0.0390625
0 0.0984375 0.06484375 0.021875 0.0296875
0 0.70390625 0.15 0.021875 0.0265625
0 0.8296875 0.16796875 0.021875 0.0296875
0 0.43515625 0.11484375 0.021875 0.0265625
0 0.109375 0.06875 0.025 0.04375
0 0.375 0.10859375 0.0375 0.040625
0 0.5765625 0.1390625 0.021875 0.0296875
0 0.47265625 0.1265625 0.021875 0.0296875
0 0.26875 0.10078125 0.0234375 0.0390625
0 0.31015625 0.10625 0.0296875 0.04375
0 0.40859375 0.1203125 0.028125 0.034375
0 0.94765625 0.19609375 0.0265625 0.03125
0 0.690625 0.1625 0.028125 0.034375
0 0.39453125 0.12109375 0.0265625 0.03125
0 0.76796875 0.1734375 0.021875 0.0296875
0 0.44765625 0.128125 0.0171875 0.025
0 0.78515625 0.18046875 0.0234375 0.034375
0 0.728125 0.17265625 0.028125 0.0390625
0 0.865625 0.19140625 0.0171875 0.025
0 0.91875 0.19921875 0.021875 0.0296875
0 0.8796875 0.19609375 0.021875 0.0296875
0 0.83984375 0.190625 0.03125 0.03125
0 0.9 0.1984375 0.021875 0.0296875
0 0.796875 0.184375 0.021875 0.021875
0 0.32421875 0.1203125 0.0265625 0.03125
0 0.0875 0.0890625 0.0328125 0.0359375
0 0.61015625 0.1625 0.028125 0.0390625
0 0.55546875 0.1578125 0.021875 0.0296875
0 0.59140625 0.1625 0.028125 0.034375
0 0.6625 0.175 0.021875 0.0296875
0 0.5140625 0.15390625 0.0328125 0.0359375
0 0.92421875 0.21171875 0.0171875 0.0296875
0 0.98828125 0.2203125 0.0234375 0.03125
0 0.62578125 0.17109375 0.028125 0.034375
0 0.18828125 0.11015625 0.0328125 0.0359375
0 0.70546875 0.1828125 0.028125 0.0390625
0 0.56796875 0.165625 0.021875 0.0296875
0 0.1375 0.1046875 0.034375 0.0453125
0 0.7375 0.19140625 0.028125 0.034375
0 0.79453125 0.2 0.0171875 0.0296875
0 0.94765625 0.22578125 0.0234375 0.034375
0 0.96796875 0.23125 0.0171875 0.025
0 0.83671875 0.21484375 0.0171875 0.0203125
0 0.9171875 0.2265625 0.0265625 0.03125
0 0.82109375 0.215625 0.034375 0.0453125
0 0.98359375 0.23828125 0.021875 0.0296875
0 0.67109375 0.196875 0.0234375 0.0390625
0 0.8453125 0.22109375 0.0234375 0.034375
0 0.6828125 0.20078125 0.034375 0.0453125
0 0.8859375 0.23125 0.0234375 0.034375
0 0.86484375 0.23359375 0.0265625 0.03125
0 0.07578125 0.12734375 0.028125 0.034375
0 0.771875 0.225 0.028125 0.0390625
0 0.96015625 0.25390625 0.021875 0.0296875
0 0.9140625 0.25 0.03125 0.03125
0 0.59453125 0.20703125 0.0328125 0.0359375
0 0.2484375 0.1796875 0.0265625 0.03125
0 0.715625 0.2453125 0.021875 0.0296875
0 0.2984375 0.190625 0.0296875 0.04375
0 0.2359375 0.18203125 0.01875 0.034375
0 0.22265625 0.18046875 0.034375 0.05
0 0.07734375 0.16171875 0.034375 0.0453125
0 0.35234375 0.203125 0.0375 0.0453125
0 0.14453125 0.18125 0.034375 0.0453125
0 0.75546875 0.27421875 0.0265625 0.03125
0 0.3890625 0.225 0.0328125 0.040625
0 0.26015625 0.209375 0.0328125 0.040625
0 0.4296875 0.23515625 0.028125 0.0390625
0 0.23984375 0.20859375 0.028125 0.034375
0 0.4703125 0.24375 0.0296875 0.04375
0 0.54140625 0.25546875 0.034375 0.05
0 0.58828125 0.26953125 0.0328125 0.040625
0 0.4875 0.2578125 0.0328125 0.040625
0 0.296875 0.23515625 0.0296875 0.04375
0 0.64609375 0.29375 0.021875 0.0265625
0 0.92109375 0.33515625 0.034375 0.0453125
0 0.61796875 0.2921875 0.0265625 0.03125
0 0.84453125 0.3265625 0.0296875 0.04375
0 0.87421875 0.33125 0.0328125 0.0359375
0 0.346875 0.25859375 0.0296875 0.04375
0 0.7796875 0.32421875 0.021875 0.0265625
0 0.66953125 0.3109375 0.021875 0.0265625
0 0.96015625 0.3515625 0.0328125 0.040625
0 0.56953125 0.3015625 0.0328125 0.040625
0 0.71875 0.32265625 0.0234375 0.0390625
0 0.79921875 0.3359375 0.025 0.04375
0 0.7328125 0.3265625 0.0328125 0.0359375
0 0.63828125 0.315625 0.021875 0.0265625
0 0.7609375 0.3375 0.0234375 0.034375
0 0.83125 0.3546875 0.0328125 0.0359375
0 0.28125 0.27734375 0.0328125 0.040625
0 0.2 0.26875 0.0390625 0.059375
0 0.77109375 0.3484375 0.0234375 0.034375
0 0.86484375 0.36640625 0.0234375 0.034375
0 0.93515625 0.37890625 0.0265625 0.03125
0 0.6125 0.3359375 0.025 0.0484375
0 0.3640625 0.303125 0.0375 0.040625
0 0.97109375 0.39140625 0.0375 0.05
0 0.6734375 0.34921875 0.0234375 0.0390625
0 0.73671875 0.36484375 0.0296875 0.04375
0 0.42578125 0.3328125 0.0375 0.05
0 0.81328125 0.396875 0.034375 0.0453125
0 0.8640625 0.40390625 0.028125 0.0390625
0 0.99140625 0.42421875 0.0171875 0.0359375
0 0.91328125 0.425 0.028125 0.0390625
0 0.8671875 0.4328125 0.0265625 0.03125
0 0.325 0.36328125 0.034375 0.05
0 0.37734375 0.3734375 0.034375 0.0453125
0 0.16015625 0.3421875 0.034375 0.0453125
0 0.6421875 0.421875 0.0375 0.0453125
0 0.19453125 0.36328125 0.0375 0.040625
0 0.8125 0.4546875 0.034375 0.05
0 0.5578125 0.41875 0.0375 0.0453125
0 0.071875 0.353125 0.034375 0.0546875
0 0.534375 0.42265625 0.0234375 0.034375
0 0.93203125 0.48359375 0.034375 0.0453125
0 0.98671875 0.50078125 0.0265625 0.0546875
0 0.88046875 0.48828125 0.0375 0.0453125
0 0.68671875 0.46796875 0.034375 0.05
0 0.55390625 0.47890625 0.0421875 0.046875
0 0.49140625 0.475 0.034375 0.0546875
0 0.115625 0.0046875 0.028125 0.009375
0 0.72890625 0.53203125 0.034375 0.0453125
0 0.66015625 0.525 0.0328125 0.040625
0 0.76796875 0.5421875 0.0375 0.0453125
0 0.17734375 0.00546875 0.0171875 0.0109375
0 0.175 0.46640625 0.0375 0.0453125
0 0.8984375 0.57734375 0.034375 0.05
0 0.97265625 0.5921875 0.0375 0.05
0 0.25625 0.50546875 0.034375 0.05
0 0.08359375 0.4859375 0.0390625 0.0546875
0 0.36171875 0.534375 0.0359375 0.059375
0 0.78359375 0.6125 0.0390625 0.0546875
0 0.634375 0.59375 0.0421875 0.046875
0 0.846875 0.62578125 0.034375 0.0453125
0 0.70625 0.6109375 0.04375 0.059375
0 0.09609375 0.0078125 0.0234375 0.015625
0 0.88046875 0.65625 0.0375 0.0453125
0 0.44453125 0.6140625 0.04375 0.0546875
0 0.31015625 0.60390625 0.0390625 0.059375
0 0.52265625 0.6390625 0.0390625 0.059375
0 0.0265625 0.58828125 0.04375 0.059375
0 0.3859375 0.64140625 0.0296875 0.053125
0 0.15859375 0.01484375 0.0328125 0.0296875
0 0.61953125 0.68046875 0.0453125 0.06875
0 0.26484375 0.0296875 0.028125 0.0390625
0 0.68671875 0.71796875 0.0484375 0.05625
0 0.925 0.7515625 0.034375 0.0546875
0 0.871875 0.7484375 0.034375 0.05
0 0.7796875 0.7359375 0.0421875 0.05
0 0.21875 0.028125 0.0265625 0.0265625
0 0.18046875 0.66328125 0.0390625 0.0546875
0 0.42734375 0.70546875 0.04375 0.0546875
0 0.34609375 0.6984375 0.0375 0.0453125
0 0.1140625 0.671875 0.034375 0.05
0 0.24609375 0.69296875 0.0421875 0.05
0 0.17421875 0.02421875 0.0234375 0.034375
0 0.00546875 0.67109375 0.0109375 0.0546875
0 0.34296875 0.7375 0.0453125 0.0640625
0 0.41640625 0.0609375 0.0265625 0.0265625
0 0.0890625 0.72734375 0.0296875 0.04375
0 0.11875 0.02109375 0.0265625 0.03125
0 0.203125 0.03515625 0.021875 0.0296875
0 0.23046875 0.775 0.034375 0.05
0 0.31796875 0.0515625 0.0171875 0.025
0 0.13671875 0.02578125 0.028125 0.034375
0 0.74609375 0.859375 0.0484375 0.0609375
0 0.89609375 0.8921875 0.04375 0.059375
0 0.3515625 0.05859375 0.01875 0.034375
0 0.82421875 0.8875 0.04375 0.059375
0 0.08125 0.02265625 0.0328125 0.040625
0 0.2890625 0.05234375 0.0234375 0.0390625
0 0.934375 0.91875 0.0125 0.0203125
0 0.5203125 0.87421875 0.05 0.065625
0 0.37890625 0.0671875 0.021875 0.0296875
0 0.45 0.87421875 0.0484375 0.0609375
0 0.303125 0.05625 0.01875 0.034375
0 0.3375 0.06171875 0.0171875 0.0296875
0 0.21328125 0.8453125 0.0375 0.0453125
0 0.7421875 0.91953125 0.0421875 0.05
0 0.63984375 0.90546875 0.0421875 0.05
0 0.384375 0.871875 0.0515625 0.046875
0 0.1609375 0.85 0.0390625 0.028125
0 0.19453125 0.859375 0.0265625 0.021875
0 0.4671875 0.084375 0.0265625 0.03125
0 0.39375 0.07578125 0.015625 0.015625
0 0.43203125 0.08359375 0.03125 0.0265625
0 0.3296875 0.06875 0.0125 0.0296875
0 0.5421875 0.09921875 0.0171875 0.0203125
0 0.234375 0.06015625 0.028125 0.034375
0 0.2140625 0.0578125 0.0265625 0.03125
0 0.45234375 0.090625 0.0234375 0.034375