0 0.33828125 0.28203125 0.109375 0.171875
0 0.4390625 0.31484375 0.0859375 0.128125
0 0.6171875 0.30390625 0.040625 0.06875
0 0.11953125 0.40390625 0.0171875 0.025
0 0.6515625 0.33359375 0.0375 0.0453125
0 0.06171875 0.42109375 0.0171875 0.0296875
0 0.16875 0.40625 0.034375 0.0453125
0 0.13984375 0.4125 0.021875 0.0296875
0 0.09765625 0.41875 0.028125 0.0390625
0 0.11484375 0.42109375 0.021875 0.0265625
0 0.034375 0.43203125 0.03125 0.03125
0 0.896875 0.31328125 0.0515625 0.0796875
0 0.19375 0.4140625 0.0171875 0.025
0 0.0859375 0.43203125 0.0171875 0.0296875
0 0.928125 0.31640625 0.05625 0.084375
0 0.7734375 0.3375 0.0640625 0.1078125
0 0.80234375 0.3359375 0.05 0.096875
0 0.83515625 0.340625 0.03125 0.0265625
0 0.85703125 0.346875 0.021875 0.0265625
0 0.04140625 0.46171875 0.053125 0.05625
0 0.9609375 0.3375 0.05625 0.1109375
0 0.5859375 0.39609375 0.0828125 0.1375
0 0.83984375 0.37265625 0.034375 0.0453125
0 0.82578125 0.503125 0.0796875 0.1140625