0 0.17265625 0.134375 0.0546875 0.0765625
0 0.60390625 0.13515625 0.103125 0.134375
0 0.44140625 0.16640625 0.04375 0.0625
0 0.071875 0.1953125 0.0546875 0.08125
0 0.35078125 0.2140625 0.05 0.0765625
0 0.29296875 0.21640625 0.040625 0.0671875
0 0.74453125 0.20859375 0.059375 0.08125
0 0.5265625 0.22265625 0.034375 0.0390625
0 0.0078125 0.25390625 0.015625 0.0515625
0 0.65078125 0.2484375 0.0546875 0.0765625
0 0.85078125 0.25 0.034375 0.0484375
0 0.81484375 0.271875 0.0390625 0.053125
0 0.79140625 0.27578125 0.040625 0.071875
0 0.965625 0.27578125 0.0484375 0.0578125
0 0.9109375 0.29296875 0.034375 0.0484375