0 0.02109375 0.64375 0.0125 0.0203125
0 0.078125 0.63515625 0.015625 0.0109375
0 0.05546875 0.63828125 0.0125 0.0203125
0 0.0671875 0.64140625 0.0109375 0.0109375
0 0.04765625 0.64453125 0.0109375 0.0109375
0 0.09140625 0.63984375 0.00625 0.009375
0 0.9828125 0.50078125 0.0171875 0.0203125
0 0.26953125 0.6140625 0.0046875 0.0046875
0 0.1734375 0.62890625 0.00625 0.009375
0 0.1078125 0.63984375 0.00625 0.009375
0 0.04140625 0.65234375 0.0109375 0.0109375
0 0.31328125 0.609375 0.0046875 0.0046875
0 0.2015625 0.62734375 0.0109375 0.0109375
0 0.03515625 0.65625 0.0109375 0.0109375
0 0.18359375 0.6328125 0.0046875 0.0046875
0 0.23828125 0.6234375 0.0046875 0.0046875
0 0.2453125 0.62265625 0.0046875 0.0046875
0 0.25234375 0.62421875 0.00625 0.0140625
0 0.14765625 0.640625 0.00625 0.009375
0 0.30703125 0.61484375 0.0046875 0.0046875
0 0.4125 0.5984375 0.0109375 0.0109375
0 0.58671875 0.57109375 0.015625 0.0109375
0 0.4328125 0.5953125 0.0046875 0.0046875
0 0.43984375 0.59453125 0.0046875 0.0046875
0 0.378125 0.60625 0.00625 0.009375
0 0.21875 0.63125 0.00625 0.009375
0 0.56328125 0.5765625 0.0171875 0.0203125
0 0.2828125 0.6234375 0.0109375 0.0109375
0 0.40859375 0.60390625 0.0109375 0.015625
0 0.48828125 0.59140625 0.021875 0.021875
0 0.55 0.58125 0.0125 0.0203125
0 0.6078125 0.575 0.015625 0.015625
0 0.5234375 0.58828125 0.015625 0.015625
0 0.4 0.6078125 0.0109375 0.015625
0 0.3453125 0.61875 0.00625 0.009375
0 0.53046875 0.5890625 0.0109375 0.015625
0 0.86875 0.5375 0.021875 0.021875
0 0.82109375 0.54453125 0.0234375 0.03125
0 0.18984375 0.64453125 0.00625 0.009375
0 0.6953125 0.56484375 0.0171875 0.0203125
0 0.2890625 0.62890625 0.0109375 0.0109375
0 0.34140625 0.62109375 0.0046875 0.0046875
0 0.13125 0.65625 0.0109375 0.015625
0 0.09921875 0.66171875 0.0109375 0.015625
0 0.73203125 0.56328125 0.021875 0.0265625
0 0.7859375 0.55546875 0.0328125 0.040625
0 0.11484375 0.66171875 0.015625 0.015625
0 0.1265625 0.659375 0.0109375 0.015625
0 0.165625 0.653125 0.0109375 0.015625
0 0.58203125 0.5875 0.015625 0.015625
0 0.66953125 0.57578125 0.0171875 0.0203125
0 0.1546875 0.6578125 0.015625 0.015625
0 0.15078125 0.6609375 0.00625 0.0140625
0 0.3171875 0.634375 0.0109375 0.0109375
0 0.51171875 0.603125 0.015625 0.015625
0 0.23515625 0.646875 0.0171875 0.0203125
0 0.39765625 0.62109375 0.0171875 0.0203125
0 0.22890625 0.65078125 0.015625 0.015625
0 0.715625 0.5734375 0.015625 0.015625
0 0.246875 0.64765625 0.015625 0.0109375
0 0.1765625 0.65859375 0.0171875 0.0203125
0 0.21015625 0.653125 0.0109375 0.015625
0 0.32890625 0.634375 0.0109375 0.015625
0 0.34765625 0.634375 0.015625 0.015625
0 0.359375 0.63203125 0.0109375 0.0109375
0 0.44609375 0.61875 0.0171875 0.0203125
0 0.3015625 0.64140625 0.015625 0.015625
0 0.06015625 0.68203125 0.0234375 0.03125
0 0.6546875 0.5875 0.0328125 0.040625
0 0.3796875 0.63125 0.0109375 0.0109375
0 0.028125 0.68671875 0.0125 0.025
0 0.27734375 0.64765625 0.021875 0.021875
0 0.190625 0.6640625 0.0265625 0.021875
0 0.46796875 0.621875 0.0125 0.0203125
0 0.07421875 0.684375 0.0265625 0.021875
0 0.77265625 0.5765625 0.0171875 0.0203125
0 0.61015625 0.60234375 0.0203125 0.0171875
0 0.43828125 0.62890625 0.0125 0.0203125
0 0.10234375 0.68203125 0.03125 0.028125
0 0.41171875 0.6359375 0.0265625 0.0265625
0 0.29765625 0.65390625 0.0203125 0.0171875
0 0.578125 0.609375 0.021875 0.021875
0 0.053125 0.69296875 0.0109375 0.015625
0 0.834375 0.56875 0.0171875 0.0203125
0 0.25078125 0.6609375 0.0171875 0.025
0 0.365625 0.6453125 0.0171875 0.0203125
0 0.5125 0.621875 0.0171875 0.0203125
0 0.88984375 0.5625 0.021875 0.0265625
0 0.23828125 0.665625 0.0125 0.0203125
0 0.63125 0.603125 0.0171875 0.025
0 0.95390625 0.55234375 0.0109375 0.015625
0 0.53984375 0.61796875 0.0171875 0.0203125
0 0.4984375 0.6265625 0.0171875 0.0203125
0 0.04453125 0.6984375 0.0234375 0.03125
0 0.42734375 0.63828125 0.0234375 0.034375
0 0.675 0.59921875 0.015625 0.015625
0 0.44921875 0.63671875 0.025 0.0171875
0 0.753125 0.59140625 0.021875 0.0265625
0 0.57109375 0.62265625 0.021875 0.0265625
0 0.11171875 0.69765625 0.0234375 0.03125
0 0.0890625 0.70078125 0.0421875 0.046875
0 0.2125 0.68359375 0.028125 0.0359375
0 0.3359375 0.6640625 0.028125 0.03125
0 0.7 0.609375 0.028125 0.03125
0 0.61953125 0.621875 0.0171875 0.0203125
0 0.83046875 0.590625 0.028125 0.03125
0 0.1375 0.70078125 0.0484375 0.0515625
0 0.8671875 0.5875 0.0234375 0.03125
0 0.75390625 0.6078125 0.0234375 0.03125
0 0.5109375 0.64609375 0.0328125 0.0328125
0 0.9859375 0.5703125 0.028125 0.03125
0 0.4796875 0.653125 0.0296875 0.0453125
0 0.3125 0.6796875 0.028125 0.040625
0 0.95078125 0.58125 0.028125 0.040625
0 0.9328125 0.584375 0.021875 0.0265625
0 0.46484375 0.6609375 0.028125 0.0359375
0 0.5953125 0.63984375 0.0234375 0.03125
0 0.37734375 0.67421875 0.028125 0.03125
0 0.5390625 0.65546875 0.0328125 0.040625
0 0.63984375 0.64140625 0.0328125 0.040625
0 0.5171875 0.68203125 0.05 0.0609375
0 0.86171875 0.63515625 0.0390625 0.05
0 0.3921875 0.709375 0.0390625 0.05
0 0.74921875 0.65546875 0.04375 0.05625
0 0.2265625 0.78671875 0.0734375 0.096875