0 0.23828125 0.465625 0.0265625 0.0296875
0 0.93203125 0.55234375 0.0265625 0.0390625
0 0.0109375 0.459375 0.021875 0.04375
0 0.06796875 0.4734375 0.028125 0.0484375
0 0.12421875 0.484375 0.028125 0.04375
0 0.1703125 0.49140625 0.021875 0.034375
0 0.425 0.5265625 0.0109375 0.015625
0 0.40859375 0.52734375 0.015625 0.0203125
0 0.4453125 0.53359375 0.015625 0.0203125
0 0.43125 0.534375 0.0109375 0.0203125
0 0.4953125 0.54375 0.015625 0.0203125
0 0.2515625 0.5203125 0.021875 0.025
0 0.08515625 0.50546875 0.021875 0.034375
0 0.1796875 0.51484375 0.00625 0.0140625
0 0.28984375 0.52890625 0.0109375 0.015625
0 0.41796875 0.54453125 0.0265625 0.0296875
0 0.384375 0.54140625 0.0109375 0.015625
0 0.01796875 0.503125 0.015625 0.0203125
0 0.35390625 0.53828125 0.015625 0.0203125
0 0.18828125 0.52265625 0.00625 0.01875
0 0.2984375 0.53671875 0.00625 0.0140625
0 0.328125 0.53984375 0.0109375 0.015625
0 0.31484375 0.53828125 0.00625 0.009375
0 0.36484375 0.54375 0.0109375 0.015625
0 0.36953125 0.54453125 0.0109375 0.0109375
0 0.57421875 0.56796875 0.00625 0.0140625
0 0.02421875 0.51015625 0.0125 0.0296875
0 0.34375 0.54375 0.0109375 0.015625
0 0.2015625 0.52890625 0.0109375 0.0203125
0 0.52578125 0.56328125 0.0046875 0.0046875
0 0.5875 0.56953125 0.0046875 0.0046875
0 0.67578125 0.57890625 0.0046875 0.0046875
0 0.6640625 0.57734375 0.00625 0.009375
0 0.5125 0.56171875 0.0046875 0.0046875
0 0.35546875 0.54765625 0.00625 0.009375
0 0.46328125 0.55859375 0.00625 0.009375
0 0.5671875 0.56953125 0.00625 0.009375
0 0.60625 0.57421875 0.0109375 0.0109375
0 0.61796875 0.575 0.00625 0.009375
0 0.60390625 0.5734375 0.00625 0.009375
0 0.475 0.56015625 0.0046875 0.0046875
0 0.64609375 0.578125 0.00625 0.0140625
0 0.65 0.57890625 0.0046875 0.0046875
0 0.7375 0.5875 0.0109375 0.0203125
0 0.89453125 0.60390625 0.00625 0.009375
0 0.65859375 0.5796875 0.00625 0.009375
0 0.51640625 0.5671875 0.00625 0.009375
0 0.4765625 0.5625 0.0046875 0.0046875
0 0.64296875 0.58046875 0.00625 0.009375
0 0.63359375 0.57890625 0.0109375 0.0109375
0 0.6265625 0.57890625 0.00625 0.009375
0 0.778125 0.596875 0.00625 0.009375
0 0.56484375 0.57421875 0.00625 0.0140625
0 0.5046875 0.56796875 0.00625 0.009375
0 0.46953125 0.5640625 0.0109375 0.0109375
0 0.59375 0.57734375 0.0109375 0.015625
0 0.56015625 0.57421875 0.00625 0.009375
0 0.38984375 0.55625 0.0109375 0.015625
0 0.665625 0.58515625 0.0046875 0.0046875
0 0.5984375 0.578125 0.0109375 0.0109375
0 0.5453125 0.575 0.00625 0.009375
0 0.61953125 0.5828125 0.00625 0.009375
0 0.7 0.590625 0.0046875 0.0046875
0 0.58671875 0.57890625 0.00625 0.0140625
0 0.690625 0.58984375 0.0046875 0.0046875
0 0.5546875 0.57578125 0.0109375 0.015625
0 0.73203125 0.59453125 0.0046875 0.0046875
0 0.68125 0.5890625 0.0046875 0.0046875
0 0.66953125 0.5875 0.0046875 0.0046875
0 0.87734375 0.609375 0.0046875 0.0046875
0 0.315625 0.553125 0.0109375 0.0109375
0 0.7640625 0.6 0.0046875 0.0046875
0 0.6171875 0.584375 0.00625 0.009375
0 0.72265625 0.5953125 0.0046875 0.0046875
0 0.8078125 0.6046875 0.0046875 0.0046875
0 0.7578125 0.59921875 0.0109375 0.0109375
0 0.83984375 0.6078125 0.0046875 0.0046875
0 0.85390625 0.609375 0.0046875 0.0046875
0 0.875 0.61171875 0.0046875 0.0046875
0 0.79609375 0.603125 0.0109375 0.0203125
0 0.6953125 0.59296875 0.0046875 0.0046875
0 0.85859375 0.61015625 0.0046875 0.0046875
0 0.7265625 0.5984375 0.0046875 0.0046875
0 0.87890625 0.61484375 0.00625 0.009375
0 0.83359375 0.609375 0.0046875 0.0046875
0 0.69765625 0.5953125 0.00625 0.009375
0 0.70234375 0.59609375 0.0046875 0.0046875
0 0.784375 0.6046875 0.00625 0.009375
0 0.803125 0.60625 0.00625 0.009375
0 0.50859375 0.57578125 0.00625 0.009375
0 0.8265625 0.60859375 0.0046875 0.0046875
0 0.76640625 0.60234375 0.00625 0.009375
0 0.8171875 0.6078125 0.0046875 0.0046875
0 0.8671875 0.61328125 0.00625 0.009375
0 0.846875 0.6109375 0.00625 0.009375
0 0.8625 0.61484375 0.00625 0.009375
0 0.8234375 0.6109375 0.00625 0.009375
0 0.2890625 0.55703125 0.0328125 0.04375
0 0.73046875 0.60625 0.0109375 0.015625
0 0.1921875 0.54921875 0.0109375 0.015625
0 0.4546875 0.57734375 0.0109375 0.015625
0 0.68984375 0.6015625 0.0046875 0.0046875
0 0.7125 0.60390625 0.021875 0.0296875
0 0.746875 0.61015625 0.0109375 0.0109375
0 0.85 0.62109375 0.0046875 0.0046875
0 0.84296875 0.62265625 0.00625 0.009375
0 0.8640625 0.625 0.00625 0.009375
0 0.80390625 0.61875 0.0109375 0.0109375
0 0.825 0.6203125 0.0046875 0.0046875
0 0.68203125 0.60546875 0.00625 0.009375
0 0.63125 0.60234375 0.00625 0.009375
0 0.64921875 0.6046875 0.0046875 0.0046875
0 0.73671875 0.6140625 0.009375 0.00625
0 0.684375 0.6078125 0.0046875 0.0046875
0 0.59609375 0.6015625 0.0109375 0.0109375
0 0.3109375 0.57109375 0.015625 0.0203125
0 0.65859375 0.6078125 0.0046875 0.0046875
0 0.6703125 0.609375 0.00625 0.009375
0 0.65625 0.6078125 0.00625 0.009375
0 0.603125 0.60234375 0.00625 0.009375
0 0.75546875 0.61796875 0.0109375 0.0109375
0 0.83125 0.62578125 0.00625 0.009375
0 0.73203125 0.615625 0.0109375 0.0109375
0 0.690625 0.6109375 0.00625 0.009375
0 0.82265625 0.625 0.0109375 0.0109375
0 0.61953125 0.60390625 0.00625 0.009375
0 0.8078125 0.62578125 0.015625 0.015625
0 0.45859375 0.5890625 0.0109375 0.015625
0 0.5890625 0.603125 0.0046875 0.0046875
0 0.7 0.61484375 0.015625 0.015625
0 0.83515625 0.62890625 0.0109375 0.0109375
0 0.84921875 0.63046875 0.0109375 0.0109375
0 0.725 0.6171875 0.015625 0.015625
0 0.4671875 0.59140625 0.0109375 0.0203125
0 0.57109375 0.60234375 0.0109375 0.0109375
0 0.68359375 0.6140625 0.0046875 0.0046875
0 0.79375 0.62578125 0.0109375 0.0109375
0 0.76640625 0.6234375 0.0109375 0.015625
0 0.62578125 0.60859375 0.009375 0.00625
0 0.6140625 0.60703125 0.00625 0.009375
0 0.73671875 0.61953125 0.0109375 0.0109375
0 0.8265625 0.6296875 0.0046875 0.0046875
0 0.8703125 0.63359375 0.009375 0.00625
0 0.77734375 0.62421875 0.0109375 0.015625
0 0.5796875 0.60546875 0.0109375 0.0109375
0 0.59296875 0.60703125 0.00625 0.009375
0 0.55234375 0.603125 0.0109375 0.015625
0 0.78671875 0.62734375 0.0109375 0.015625
0 0.515625 0.59921875 0.021875 0.025
0 0.33515625 0.58046875 0.00625 0.009375
0 0.75 0.6234375 0.0109375 0.0109375
0 0.8859375 0.63828125 0.0109375 0.015625
0 0.6 0.6078125 0.0109375 0.0109375
0 0.459375 0.5953125 0.0109375 0.015625
0 0.81875 0.63359375 0.0109375 0.015625
0 0.49921875 0.6 0.015625 0.015625
0 0.634375 0.61640625 0.0109375 0.0203125
0 0.87890625 0.6421875 0.0109375 0.015625
0 0.6390625 0.61640625 0.0109375 0.0203125
0 0.84375 0.63828125 0.0109375 0.015625
0 0.57265625 0.609375 0.00625 0.009375
0 0.00859375 0.55078125 0.0171875 0.0296875
0 0.68984375 0.62421875 0.0109375 0.015625
0 0.80703125 0.63671875 0.0109375 0.015625
0 0.5375 0.60859375 0.0109375 0.015625
0 0.528125 0.60703125 0.015625 0.0203125
0 0.35546875 0.5890625 0.0265625 0.0296875
0 0.48203125 0.60234375 0.021875 0.0296875
0 0.5875 0.6140625 0.0109375 0.015625
0 0.5625 0.61328125 0.0109375 0.0203125
0 0.625 0.6203125 0.0109375 0.0203125
0 0.33671875 0.58984375 0.0109375 0.0203125
0 0.86171875 0.64453125 0.015625 0.0203125
0 0.32578125 0.58828125 0.0109375 0.0109375
0 0.60390625 0.61796875 0.0109375 0.0203125
0 0.64375 0.621875 0.0125 0.0296875
0 0.85234375 0.64609375 0.0125 0.025
0 0.078125 0.571875 0.025 0.025
0 0.55234375 0.621875 0.015625 0.0203125
0 0.0265625 0.56875 0.021875 0.025
0 0.5734375 0.6265625 0.0203125 0.0203125
0 0.73125 0.64296875 0.021875 0.0296875
0 0.6578125 0.63515625 0.0265625 0.0390625
0 0.46640625 0.61484375 0.0265625 0.034375
0 0.834375 0.65859375 0.0359375 0.0484375
0 0.1953125 0.59140625 0.0453125 0.05
0 0.51015625 0.62421875 0.0265625 0.034375
0 0.7515625 0.65234375 0.03125 0.0390625
0 0.88984375 0.66640625 0.0328125 0.053125
0 0.49609375 0.625 0.0171875 0.0296875
0 0.0609375 0.58203125 0.021875 0.034375
0 0.56484375 0.6375 0.0125 0.0375
0 0.78359375 0.66015625 0.040625 0.05
0 0.93046875 0.678125 0.0359375 0.04375
0 0.43828125 0.6265625 0.0265625 0.0390625
0 0.94609375 0.684375 0.0328125 0.053125
0 0.96640625 0.68671875 0.028125 0.053125
0 0.10234375 0.603125 0.040625 0.0453125
0 0.5859375 0.65390625 0.0375 0.0578125
0 0.41328125 0.6375 0.0421875 0.0546875
0 0.678125 0.66796875 0.0296875 0.0625
0 0.3484375 0.6359375 0.0421875 0.0546875
0 0.7421875 0.6796875 0.0453125 0.040625
0 0.90234375 0.6984375 0.0359375 0.040625
0 0.18125 0.63125 0.0484375 0.0734375
0 0.64296875 0.6890625 0.053125 0.078125
0 0.03046875 0.62734375 0.0609375 0.0796875
0 0.92890625 0.7359375 0.04375 0.0734375
0 0.89609375 0.73515625 0.0421875 0.0640625
0 0.44921875 0.6953125 0.0453125 0.0875
0 0.71015625 0.73203125 0.059375 0.09375
0 0.25625 0.69765625 0.04375 0.06875
0 0.50234375 0.7234375 0.0609375 0.10625
0 0.8828125 0.77265625 0.05 0.0875
0 0.809375 0.771875 0.1203125 0.1546875
0 0.103125 0.70703125 0.0703125 0.0984375
0 0.959375 0.8 0.0359375 0.1265625
0 0.309375 0.76328125 0.1078125 0.153125
0 0.5765625 0.8296875 0.1140625 0.1796875
0 0.07109375 0.846875 0.1421875 0.23125