0 0.75390625 0.21171875 0.0515625 0.075
0 0.03671875 0.32734375 0.0453125 0.065625
0 0.62890625 0.2359375 0.0515625 0.0703125
0 0.24609375 0.3015625 0.040625 0.0640625
0 0.48984375 0.271875 0.0453125 0.065625
0 0.20625 0.33515625 0.0390625 0.0546875
0 0.13984375 0.3578125 0.046875 0.075
0 0.6 0.01953125 0.040625 0.0390625
0 0.43125 0.328125 0.0546875 0.0625
0 0.08828125 0.3875 0.0515625 0.0703125
0 0.3046875 0.3625 0.0515625 0.075
0 0.67109375 0.334375 0.0515625 0.075
0 0.94609375 0.2984375 0.0671875 0.1453125
0 0.49609375 0.371875 0.0484375 0.0796875
0 0.209375 0.42890625 0.0484375 0.0796875
0 0.56328125 0.028125 0.0453125 0.05625
0 0.5953125 0.3796875 0.065625 0.103125
0 0.75859375 0.35390625 0.0703125 0.109375
0 0.7 0.36796875 0.0390625 0.0546875
0 0.1671875 0.08828125 0.034375 0.05
0 0.42890625 0.43359375 0.0703125 0.1046875
0 0.84921875 0.0078125 0.0453125 0.015625
0 0.63515625 0.41796875 0.0640625 0.0953125
0 0.878125 0.384375 0.0578125 0.084375
0 0.2765625 0.48359375 0.0734375 0.1015625
0 0.73359375 0.43671875 0.078125 0.1015625
0 0.40078125 0.50625 0.05 0.065625
0 0.06875 0.5609375 0.065625 0.103125
0 0.24375 0.57109375 0.0828125 0.103125
0 0.61640625 0.528125 0.0828125 0.1296875
0 0.85390625 0.50234375 0.0828125 0.1296875
0 0.92734375 0.50546875 0.0796875 0.10625
0 0.3875 0.63515625 0.0890625 0.14375
0 0.025 0.13203125 0.0234375 0.034375
0 0.278125 0.69921875 0.1046875 0.1234375
0 0.06640625 0.73984375 0.084375 0.1421875
0 0.1375 0.11953125 0.040625 0.0640625
0 0.7328125 0.6671875 0.090625 0.1484375
0 0.78046875 0.02421875 0.046875 0.046875
0 0.3109375 0.77109375 0.0921875 0.134375
0 0.25703125 0.8453125 0.08125 0.0890625
0 0.0625 0.14765625 0.0296875 0.0453125
0 0.67578125 0.05546875 0.05 0.065625
0 0.2625 0.1234375 0.0390625 0.05
0 0.184375 0.13515625 0.028125 0.040625
0 0.14609375 0.97578125 0.1296875 0.0484375
0 0.3921875 0.115625 0.0296875 0.0453125
0 0.48125 0.1015625 0.034375 0.05
0 0.42578125 0.12265625 0.040625 0.0640625
0 0.80078125 0.06328125 0.0390625 0.05
0 0.7625 0.06953125 0.0453125 0.065625
0 0.0921875 0.18984375 0.0390625 0.0546875
0 0.0140625 0.20234375 0.028125 0.0609375
0 0.15 0.1828125 0.0234375 0.034375
0 0.36875 0.16015625 0.046875 0.0703125
0 0.04609375 0.2109375 0.0453125 0.0609375
0 0.26171875 0.1796875 0.0453125 0.065625
0 0.1390625 0.2171875 0.0390625 0.05
0 0.17265625 0.21171875 0.040625 0.059375
0 0.78671875 0.15 0.034375 0.05
0 0.89765625 0.1375 0.040625 0.059375
0 0.8390625 0.1515625 0.034375 0.0453125
0 0.44765625 0.21328125 0.0328125 0.0359375
0 0.51484375 0.01953125 0.0390625 0.0390625
0 0.584375 0.2046875 0.05 0.0609375
0 0.4984375 0.22578125 0.0359375 0.0359375
0 0.7921875 0.1984375 0.0453125 0.0609375
0 0.66640625 0.21796875 0.0453125 0.065625