0 0.59296875 0.11953125 0.078125 0.10625
0 0.79296875 0.1796875 0.065625 0.0875
0 0.47109375 0.1546875 0.0640625 0.0828125
0 0.11328125 0.09921875 0.059375 0.0546875
0 0.96328125 0.27578125 0.0734375 0.0671875
0 0.31328125 0.15 0.0328125 0.059375
0 0.69296875 0.22421875 0.0859375 0.1046875
0 0.71875 0.0546875 0.0578125 0.05
0 0.346875 0.17109375 0.0609375 0.06875
0 0.803125 0.26171875 0.0890625 0.1015625
0 0.17578125 0.13984375 0.0515625 0.084375
0 0.08515625 0.13828125 0.0640625 0.1078125
0 0.98125 0.32421875 0.0375 0.0984375
0 0.59765625 0.25234375 0.0671875 0.1015625
0 0.4078125 0.22265625 0.09375 0.1234375
0 0.928125 0.3234375 0.08125 0.103125
0 0.1125 0.175 0.053125 0.071875
0 0.228125 0.2 0.1 0.1328125
0 0.4875 0.25 0.084375 0.121875
0 0.30703125 0.2171875 0.0890625 0.1015625
0 0.4578125 0.02109375 0.05625 0.0421875
0 0.7578125 0.06953125 0.040625 0.0515625
0 0.53515625 0.0296875 0.0609375 0.059375
0 0.54375 0.30078125 0.0796875 0.1203125
0 0.6265625 0.34296875 0.0828125 0.1078125
0 0.93984375 0.11328125 0.071875 0.0828125
0 0.84296875 0.42265625 0.078125 0.10625
0 0.08359375 0.27734375 0.0734375 0.10625
0 0.13515625 0.28984375 0.0921875 0.1140625
0 0.68046875 0.06328125 0.053125 0.0796875
0 0.70625 0.434375 0.1015625 0.1375
0 0.2625 0.35 0.084375 0.121875
0 0.4984375 0.39609375 0.0546875 0.059375
0 0.934375 0.48359375 0.109375 0.1296875
0 0.453125 0.403125 0.0796875 0.1203125
0 0.3890625 0.41484375 0.078125 0.1109375
0 0.8640625 0.51640625 0.103125 0.146875
0 0.57734375 0.05234375 0.05625 0.0671875
0 0.50546875 0.4703125 0.0921875 0.1140625
0 0.0625 0.3984375 0.1046875 0.1515625
0 0.80390625 0.56171875 0.0984375 0.1234375
0 0.79921875 0.103125 0.075 0.09375
0 0.4125 0.53671875 0.084375 0.0953125
0 0.6484375 0.58515625 0.1015625 0.1421875
0 0.21171875 0.51484375 0.115625 0.1234375
0 0.3359375 0.55546875 0.1203125 0.15
0 0.54921875 0.59921875 0.1109375 0.14375
0 0.18046875 0.0171875 0.0609375 0.034375
0 0.1125 0.01171875 0.05625 0.0234375
0 0.6859375 0.69453125 0.1125 0.1703125
0 0.86796875 0.7296875 0.0984375 0.1453125
0 0.109375 0.58203125 0.0875 0.1078125
0 0.7921875 0.73125 0.1203125 0.1640625
0 0.403125 0.66015625 0.1328125 0.1703125
0 0.16640625 0.6265625 0.134375 0.109375
0 0.27421875 0.03359375 0.0765625 0.0671875
0 0.9375 0.80859375 0.040625 0.14375
0 0.04609375 0.6359375 0.0921875 0.146875
0 0.58046875 0.79140625 0.1390625 0.175
0 0.73828125 0.825 0.1234375 0.0984375
0 0.13046875 0.715625 0.13125 0.1609375
0 0.709375 0.1140625 0.071875 0.1015625
0 0.8203125 0.8921875 0.109375 0.1296875
0 0.909375 0.93984375 0.040625 0.1171875
0 0.69375 0.8984375 0.0875 0.1078125
0 0.515625 0.08125 0.0671875 0.096875
0 0.76328125 0.93046875 0.121875 0.084375
0 0.89140625 0.159375 0.0859375 0.1046875