0 0.17890625 0.21328125 0.01875 0.0265625
0 0.2328125 0.20234375 0.01875 0.0265625
0 0.209375 0.22109375 0.01875 0.0265625
0 0.55234375 0.0046875 0.0140625 0.009375
0 0.12109375 0.2421875 0.0203125 0.0296875
0 0.03515625 0.2625 0.0203125 0.034375
0 0.06328125 0.259375 0.01875 0.0265625
0 0.15234375 0.2421875 0.0234375 0.03125
0 0.33125 0.2046875 0.01875 0.0265625
0 0.81015625 0.11015625 0.025 0.0359375
0 0.38515625 0.20234375 0.0203125 0.0296875
0 0.778125 0.11875 0.0234375 0.03125
0 0.34375 0.21328125 0.015625 0.0296875
0 0.26796875 0.23203125 0.0203125 0.034375
0 0.15078125 0.26953125 0.025 0.0359375
0 0.75078125 0.14375 0.0203125 0.034375
0 0.6984375 0.1625 0.0234375 0.03125
0 0.22578125 0.26484375 0.0203125 0.0296875
0 0.57890625 0.18984375 0.021875 0.0390625
0 0.190625 0.27890625 0.0203125 0.0296875
0 0.25625 0.26484375 0.0265625 0.0390625
0 0.51484375 0.2125 0.0203125 0.0296875
0 0.56015625 0.20546875 0.0203125 0.034375
0 0.0265625 0.31875 0.0203125 0.034375
0 0.8375 0.1484375 0.025 0.0359375
0 0.47890625 0.225 0.0265625 0.0390625
0 0.01171875 0.33125 0.0203125 0.034375
0 0.446875 0.2390625 0.0203125 0.0296875
0 0.6265625 0.203125 0.025 0.0359375
0 0.80078125 0.18046875 0.025 0.0359375
0 0.57578125 0.2328125 0.025 0.0359375
0 0.7765625 0.1953125 0.025 0.0359375
0 0.57734375 0.00625 0.0140625 0.0125
0 0.88984375 0.1734375 0.0203125 0.0296875
0 0.346875 0.2890625 0.01875 0.0265625
0 0.83359375 0.1875 0.021875 0.0390625
0 0.58671875 0.0046875 0.0171875 0.009375
0 0.2703125 0.06640625 0.0140625 0.025
0 0.38125 0.04296875 0.0203125 0.0296875
0 0.27265625 0.31953125 0.0203125 0.0296875
0 0.39921875 0.2921875 0.0234375 0.0265625
0 0.37734375 0.303125 0.0203125 0.0296875
0 0.34453125 0.31484375 0.025 0.0359375
0 0.06953125 0.38046875 0.021875 0.0390625
0 0.00625 0.4046875 0.0125 0.04375
0 0.4546875 0.03125 0.0203125 0.0296875
0 0.04296875 0.3984375 0.021875 0.0390625
0 0.74140625 0.25703125 0.0265625 0.0390625
0 0.3859375 0.3328125 0.025 0.0359375
0 0.78671875 0.2546875 0.0265625 0.0390625
0 0.2421875 0.0765625 0.01875 0.0265625
0 0.15078125 0.3921875 0.021875 0.0390625
0 0.1171875 0.4015625 0.0265625 0.04375
0 0.1671875 0.39140625 0.0234375 0.0265625
0 0.20078125 0.3859375 0.0265625 0.0390625
0 0.33046875 0.35859375 0.0203125 0.034375
0 0.5046875 0.321875 0.0203125 0.034375
0 0.88828125 0.2453125 0.03125 0.040625
0 0.4953125 0.025 0.0203125 0.0296875
0 0.2375 0.38828125 0.03125 0.040625
0 0.05 0.43046875 0.021875 0.0390625
0 0.2796875 0.38671875 0.0265625 0.0390625
0 0.7734375 0.2828125 0.0203125 0.0296875
0 0.40234375 0.3640625 0.0265625 0.0390625
0 0.16484375 0.41484375 0.0203125 0.034375
0 0.534375 0.33828125 0.0203125 0.034375
0 0.28984375 0.06875 0.0171875 0.021875
0 0.83125 0.278125 0.025 0.0359375
0 0.48359375 0.35390625 0.0234375 0.03125
0 0.1859375 0.42265625 0.025 0.0359375
0 0.91796875 0.27109375 0.0265625 0.0390625
0 0.365625 0.0546875 0.0203125 0.0296875
0 0.53984375 0.01796875 0.0125 0.015625
0 0.3171875 0.06484375 0.0203125 0.0296875
0 0.77421875 0.33046875 0.025 0.0359375
0 0.0078125 0.496875 0.015625 0.04375
0 0.19609375 0.4609375 0.0265625 0.0390625
0 0.4796875 0.403125 0.0234375 0.03125
0 0.0375 0.496875 0.0203125 0.034375
0 0.828125 0.33125 0.025 0.0359375
0 0.56953125 0.01640625 0.0171875 0.021875
0 0.246875 0.478125 0.0265625 0.0390625
0 0.171875 0.103125 0.0203125 0.0296875
0 0.44140625 0.04609375 0.01875 0.0265625
0 0.54609375 0.02578125 0.0125 0.015625
0 0.95703125 0.36796875 0.028125 0.0484375
0 0.0578125 0.59140625 0.03125 0.040625
0 0.3046875 0.5609375 0.0265625 0.0390625
0 0.5859375 0.50078125 0.0265625 0.04375
0 0.3328125 0.559375 0.03125 0.0453125
0 0.98671875 0.43125 0.0265625 0.0390625
0 0.96015625 0.44921875 0.0359375 0.046875
0 0.14921875 0.1203125 0.0203125 0.0296875
0 0.9234375 0.46640625 0.0265625 0.04375
0 0.49609375 0.56015625 0.0265625 0.0390625
0 0.05625 0.66328125 0.03125 0.0453125
0 0.140625 0.6453125 0.0265625 0.0390625
0 0.8203125 0.51484375 0.0265625 0.0390625
0 0.61328125 0.56640625 0.0265625 0.0390625
0 0.85234375 0.53125 0.025 0.0359375
0 0.53984375 0.0421875 0.0171875 0.021875
0 0.1578125 0.70546875 0.0265625 0.04375
0 0.1046875 0.7234375 0.0265625 0.0390625
0 0.75078125 0.5890625 0.0328125 0.05
0 0.01796875 0.16015625 0.0203125 0.0296875
0 0.5140625 0.0546875 0.01875 0.0265625
0 0.71328125 0.634375 0.0421875 0.0609375
0 0.1640625 0.78984375 0.0328125 0.0546875
0 0.08984375 0.840625 0.0328125 0.05
0 0.6671875 0.02890625 0.0203125 0.0296875
0 0.16953125 0.06875 0.0171875 0.021875
0 0.61953125 0.046875 0.0203125 0.0296875
0 0.64765625 0.04765625 0.0203125 0.0296875
0 0.64140625 0.0515625 0.0171875 0.021875
0 0.38046875 0.0265625 0.0234375 0.0265625
0 0.3921875 0.10703125 0.0203125 0.0296875
0 0.4390625 0.10078125 0.0203125 0.0296875
0 0.69921875 0.04765625 0.01875 0.0265625
0 0.36640625 0.12578125 0.0203125 0.034375
0 0.00546875 0.2109375 0.0109375 0.034375
0 0.55234375 0.0984375 0.0125 0.0203125
0 0.43046875 0.01796875 0.0140625 0.025
0 0.64296875 0.08359375 0.01875 0.0265625
0 0.27109375 0.1703125 0.01875 0.0265625
0 0.35078125 0.153125 0.0203125 0.034375
0 0.52109375 0.121875 0.0203125 0.0296875
0 0.31171875 0.16875 0.0203125 0.0296875
0 0.08046875 0.21796875 0.0203125 0.0296875
0 0.48984375 0.13046875 0.0203125 0.0296875
0 0.0578125 0.225 0.0203125 0.0296875
0 0.8296875 0.0609375 0.0125 0.0203125
0 0.778125 0.07421875 0.0171875 0.021875
0 0.25 0.19375 0.0203125 0.0296875
0 0.7578125 0.0859375 0.0203125 0.034375
0 0.19921875 0.20703125 0.0203125 0.0296875