0 0.434375 0.296875 0.0234375 0.0328125
0 0.94296875 0.30859375 0.0328125 0.0421875
0 0.87109375 0.309375 0.0234375 0.0328125
0 0.68828125 0.31328125 0.028125 0.0375
0 0.40390625 0.3109375 0.025 0.046875
0 0.86640625 0.32109375 0.0140625 0.0234375
0 0.2921875 0.315625 0.01875 0.0375
0 0.5171875 0.321875 0.0296875 0.0515625
0 0.4796875 0.3265625 0.0234375 0.0375
0 0.4171875 0.32734375 0.0234375 0.0421875
0 0.734375 0.33984375 0.0296875 0.046875
0 0.55390625 0.3390625 0.0296875 0.0515625
0 0.13046875 0.334375 0.0296875 0.046875
0 0.51953125 0.034375 0.0203125 0.046875
0 0.9171875 0.04140625 0.0234375 0.0375
0 0.14453125 0.33828125 0.0140625 0.0375
0 0.10703125 0.3375 0.0140625 0.0375
0 0.096875 0.3421875 0.0140625 0.0375
0 0.340625 0.353125 0.025 0.046875
0 0.8703125 0.3671875 0.025 0.0515625
0 0.215625 0.35859375 0.025 0.0515625
0 0.18515625 0.3578125 0.0296875 0.0515625
0 0.43046875 0.3640625 0.0234375 0.0421875
0 0.6921875 0.36875 0.0296875 0.0609375
0 0.77578125 0.37734375 0.0328125 0.0609375
0 0.38203125 0.37265625 0.025 0.046875
0 0.85390625 0.38828125 0.0328125 0.05625
0 0.25625 0.3921875 0.01875 0.0328125
0 0.890625 0.40546875 0.0328125 0.0609375
0 0.54921875 0.0421875 0.01875 0.0375
0 0.93671875 0.4171875 0.0421875 0.075
0 0.8328125 0.41484375 0.0421875 0.065625
0 0.5203125 0.41640625 0.0375 0.0515625
0 0.55234375 0.41953125 0.01875 0.0421875
0 0.4 0.41953125 0.0375 0.0609375
0 0.75390625 0.428125 0.0421875 0.075
0 0.790625 0.428125 0.0421875 0.065625
0 0.36171875 0.04140625 0.0140625 0.01875
0 0.40859375 0.0421875 0.0234375 0.0375
0 0.990625 0.4390625 0.01875 0.075
0 0.6125 0.43203125 0.0328125 0.0703125
0 0.9796875 0.44140625 0.0296875 0.0515625
0 0.1703125 0.4296875 0.0421875 0.0796875
0 0.47734375 0.43671875 0.0375 0.0609375
0 0.2671875 0.440625 0.025 0.0609375
0 0.646875 0.446875 0.0296875 0.065625
0 0.11640625 0.4609375 0.046875 0.065625
0 0.32265625 0.46875 0.0375 0.0703125
0 0.56328125 0.475 0.0328125 0.0609375
0 0.84453125 0.4828125 0.0515625 0.084375
0 0.715625 0.48046875 0.0328125 0.0703125
0 0.38203125 0.48125 0.0578125 0.0984375
0 0.5046875 0.48359375 0.0375 0.075
0 0.3109375 0.04765625 0.01875 0.0328125
0 0.04140625 0.478125 0.0375 0.0703125
0 0.20625 0.49921875 0.0375 0.075
0 0.75 0.51171875 0.05625 0.065625
0 0.44453125 0.50859375 0.0421875 0.0703125
0 0.990625 0.52265625 0.015625 0.075
0 0.66328125 0.52421875 0.0328125 0.075
0 0.2640625 0.51953125 0.025 0.065625
0 0.28828125 0.521875 0.0296875 0.0703125
0 0.99609375 0.065625 0.0078125 0.046875
0 0.31875 0.55 0.0390625 0.096875
0 0.3828125 0.05546875 0.01875 0.0375
0 0.475 0.578125 0.0484375 0.0984375
0 0.0703125 0.5734375 0.0421875 0.0890625
0 0.0953125 0.5765625 0.0515625 0.084375
0 0.1859375 0.578125 0.0328125 0.0609375
0 0.5171875 0.5859375 0.0421875 0.0890625
0 0.7921875 0.6 0.053125 0.121875
0 0.24609375 0.59921875 0.04375 0.1015625
0 0.7359375 0.6171875 0.0671875 0.13125
0 0.88203125 0.6203125 0.071875 0.1265625
0 0.41875 0.61640625 0.0484375 0.0984375
0 0.2859375 0.05859375 0.01875 0.028125
0 0.56953125 0.63828125 0.0421875 0.084375
0 0.3796875 0.63671875 0.0671875 0.1265625
0 0.67578125 0.64453125 0.0671875 0.1078125
0 0.10390625 0.64375 0.05625 0.084375
0 0.1890625 0.6609375 0.053125 0.121875
0 0.1765625 0.06640625 0.0234375 0.0328125
0 0.24609375 0.0671875 0.0234375 0.0328125
0 0.09296875 0.70859375 0.053125 0.09375
0 0.33203125 0.72578125 0.0625 0.121875
0 0.0171875 0.73203125 0.034375 0.1015625
0 0.96328125 0.75078125 0.0625 0.121875
0 0.2640625 0.78046875 0.0578125 0.103125
0 0.4015625 0.81796875 0.071875 0.13125
0 0.94375 0.83203125 0.071875 0.1078125
0 0.48046875 0.83125 0.071875 0.121875
0 0.64453125 0.8796875 0.1 0.159375
0 0.11796875 0.0859375 0.0140625 0.0375
0 0.15078125 0.08671875 0.01875 0.0328125
0 0.90859375 0.91796875 0.1140625 0.1640625
0 0.4390625 0.9484375 0.1171875 0.0984375
0 0.615625 0.115625 0.01875 0.0328125
0 0.7078125 0.121875 0.01875 0.028125
0 0.74453125 0.12421875 0.0140625 0.028125
0 0.9671875 0.128125 0.01875 0.0328125
0 0.775 0.13203125 0.009375 0.028125
0 0.871875 0.13359375 0.01875 0.0375
0 0.57578125 0.13125 0.01875 0.0375
0 0.7953125 0.13515625 0.01875 0.0328125
0 0.45546875 0.13125 0.0140625 0.0234375
0 0.8375 0.1375 0.0234375 0.0328125
0 0.5015625 0.13671875 0.0140625 0.0234375
0 0.48046875 0.13828125 0.01875 0.01875
0 0.43203125 0.13984375 0.0140625 0.0328125
0 0.95078125 0.02890625 0.01875 0.0375
0 0.4875 0.28203125 0.0140625 0.028125