0 0.0421875 0.56875 0.046875 0.0515625
0 0.24453125 0.08203125 0.028125 0.034375
0 0.1984375 0.5640625 0.0453125 0.0640625
0 0.23046875 0.56171875 0.0453125 0.0640625
0 0.0796875 0.58515625 0.03125 0.0578125
0 0.90234375 0.009375 0.0296875 0.01875
0 0.9734375 0.46171875 0.0484375 0.0609375
0 0.63046875 0.5125 0.040625 0.0640625
0 0.71328125 0.50234375 0.05625 0.0796875
0 0.8015625 0.49921875 0.05 0.0703125
0 0.921875 0.0078125 0.025 0.015625
0 0.671875 0.5296875 0.0453125 0.0640625
0 0.43125 0.06328125 0.028125 0.0390625
0 0.56484375 0.04453125 0.034375 0.05
0 0.18125 0.6265625 0.05 0.065625
0 0.415625 0.065625 0.0234375 0.034375
0 0.05546875 0.646875 0.0609375 0.08125
0 0.92421875 0.525 0.05625 0.0796875
0 0.459375 0.5921875 0.053125 0.0890625
0 0.278125 0.61796875 0.05 0.0703125
0 0.234375 0.6265625 0.0484375 0.0609375
0 0.54609375 0.5828125 0.0671875 0.1
0 0.97890625 0.52578125 0.0421875 0.0703125
0 0.8078125 0.5484375 0.0484375 0.05625
0 0.61953125 0.0390625 0.0328125 0.040625
0 0.8796875 0.55625 0.0484375 0.0609375
0 0.6484375 0.5890625 0.046875 0.078125
0 0.14375 0.66171875 0.04375 0.059375
0 0.29375 0.08515625 0.0296875 0.0484375
0 0.88515625 0.00859375 0.0265625 0.0171875
0 0.3828125 0.63125 0.0234375 0.0390625
0 0.60390625 0.6046875 0.0625 0.09375
0 0.41328125 0.6453125 0.046875 0.078125
0 0.7 0.61015625 0.0671875 0.090625
0 0.79453125 0.59921875 0.0578125 0.0625
0 0.3546875 0.08125 0.028125 0.034375
0 0.503125 0.6421875 0.0609375 0.0859375
0 0.31171875 0.6765625 0.0578125 0.0890625
0 0.05625 0.71484375 0.0578125 0.0578125
0 0.8421875 0.60390625 0.0734375 0.1046875
0 0.16640625 0.1078125 0.0328125 0.040625
0 0.2421875 0.69296875 0.0375 0.06875
0 0.10703125 0.7140625 0.040625 0.06875
0 0.990625 0.58828125 0.01875 0.0453125
0 0.19453125 0.70390625 0.05 0.075
0 0.38046875 0.68046875 0.05 0.0703125
0 0.80859375 0.0203125 0.0296875 0.040625
0 0.95390625 0.60390625 0.0421875 0.0421875
0 0.125 0.72578125 0.0296875 0.04375
0 0.90234375 0.61875 0.0453125 0.0734375
0 0.540625 0.66953125 0.040625 0.0375
0 0.7859375 0.63515625 0.0625 0.09375
0 0.49921875 0.06328125 0.021875 0.0296875
0 0.78125 0.0234375 0.0328125 0.040625
0 0.2015625 0.1046875 0.028125 0.034375
0 0.1703125 0.72890625 0.0515625 0.084375
0 0.46171875 0.69453125 0.0734375 0.078125
0 0.059375 0.75625 0.05 0.0703125
0 0.26015625 0.73984375 0.040625 0.0734375
0 0.996875 0.64765625 0.00625 0.0578125
0 0.45 0.075 0.0203125 0.0171875
0 0.6359375 0.70078125 0.0421875 0.05
0 0.95234375 0.6578125 0.0765625 0.096875
0 0.45078125 0.7359375 0.0703125 0.08125
0 0.75 0.703125 0.0453125 0.0640625
0 0.68828125 0.7140625 0.053125 0.05625
0 0.56953125 0.73046875 0.0625 0.09375
0 0.3140625 0.77109375 0.0703125 0.1125
0 0.05625 0.81484375 0.040625 0.06875
0 0.5328125 0.75234375 0.0578125 0.0984375
0 0.16875 0.80390625 0.040625 0.06875
0 0.15 0.121875 0.0234375 0.034375
0 0.21796875 0.80390625 0.0609375 0.08125
0 0.63046875 0.75078125 0.0453125 0.06875
0 0.34765625 0.09375 0.021875 0.0296875
0 0.5328125 0.06796875 0.0359375 0.0328125
0 0.115625 0.82578125 0.0671875 0.0953125
0 0.4328125 0.78359375 0.0515625 0.0796875
0 0.675 0.05 0.03125 0.03125
0 0.72265625 0.04375 0.034375 0.0453125
0 0.36953125 0.803125 0.0609375 0.08125
0 0.8765625 0.73203125 0.065625 0.0546875
0 0.98515625 0.71640625 0.0296875 0.0765625
0 0.81015625 0.74375 0.071875 0.1
0 0.7296875 0.76875 0.059375 0.103125
0 0.51640625 0.80390625 0.0421875 0.05
0 0.27734375 0.84921875 0.0703125 0.08125
0 0.3984375 0.09140625 0.0171875 0.0296875
0 0.84296875 0.02890625 0.0359375 0.0359375
0 0.6875 0.80078125 0.08125 0.128125
0 0.22265625 0.11875 0.0296875 0.04375
0 0.621875 0.8171875 0.05 0.0703125
0 0.1921875 0.88515625 0.0765625 0.1015625
0 0.87734375 0.80234375 0.0671875 0.0953125
0 0.378125 0.09921875 0.0296875 0.04375
0 0.88515625 0.03046875 0.034375 0.05
0 0.571875 0.859375 0.0625 0.0984375
0 0.48515625 0.87578125 0.065625 0.1171875
0 0.4953125 0.08515625 0.025 0.0171875
0 0.465625 0.0890625 0.028125 0.0390625
0 0.35390625 0.90625 0.0734375 0.1359375
0 0.41484375 0.09609375 0.0265625 0.03125
0 0.0890625 0.94453125 0.053125 0.1109375
0 0.98515625 0.82578125 0.0296875 0.1328125
0 0.0734375 0.9515625 0.04375 0.096875
0 0.13671875 0.9484375 0.0859375 0.103125
0 0.2609375 0.94453125 0.071875 0.0953125
0 0.8359375 0.87578125 0.071875 0.0953125
0 0.634375 0.90859375 0.0890625 0.115625
0 0.2625 0.12265625 0.0234375 0.0390625
0 0.7734375 0.05078125 0.0375 0.0453125
0 0.31015625 0.1171875 0.034375 0.0453125
0 0.7890625 0.9109375 0.0796875 0.1140625
0 0.9375 0.90390625 0.0875 0.0796875
0 0.5046875 0.96953125 0.059375 0.0609375
0 0.06796875 0.15390625 0.034375 0.0453125
0 0.28984375 0.9921875 0.0515625 0.015625
0 0.19375 0.1359375 0.028125 0.034375
0 0.565625 0.08828125 0.0375 0.040625
0 0.15390625 0.14609375 0.034375 0.0453125
0 0.334375 0.12109375 0.021875 0.0296875
0 0.34921875 0.028125 0.021875 0.0265625
0 0.45625 0.10625 0.0296875 0.04375
0 0.12890625 0.15703125 0.034375 0.05
0 0.70703125 0.07578125 0.0234375 0.034375
0 0.53046875 0.10078125 0.0265625 0.03125
0 0.67265625 0.0828125 0.028125 0.034375
0 0.69140625 0.08046875 0.028125 0.034375
0 0.74609375 0.07265625 0.0375 0.05
0 0.84765625 0.05859375 0.028125 0.034375
0 0.49609375 0.11015625 0.028125 0.034375
0 0.9296875 0.04921875 0.0203125 0.0421875
0 0.284375 0.1421875 0.028125 0.0390625
0 0.8296875 0.06796875 0.034375 0.0453125
0 0.0984375 0.1703125 0.0296875 0.04375
0 0.9078125 0.05703125 0.034375 0.0453125
0 0.72890625 0.084375 0.0234375 0.0390625
0 0.3515625 0.13984375 0.0234375 0.034375
0 0.43125 0.13125 0.028125 0.0390625
0 0.884375 0.071875 0.0296875 0.04375
0 0.59609375 0.11484375 0.0296875 0.04375
0 0.61328125 0.1125 0.025 0.04375
0 0.18984375 0.171875 0.028125 0.0390625
0 0.14375 0.178125 0.0296875 0.0484375
0 0.55 0.1234375 0.0375 0.040625
0 0.628125 0.1125 0.0296875 0.0484375
0 0.03046875 0.19921875 0.028125 0.034375
0 0.65234375 0.11640625 0.0296875 0.04375
0 0.35 0.16171875 0.0375 0.05
0 0.521875 0.1375 0.0234375 0.034375
0 0.28125 0.17109375 0.0234375 0.034375
0 0.8625 0.0890625 0.028125 0.034375
0 0.4890625 0.14140625 0.0265625 0.0265625
0 0.24453125 0.04765625 0.0328125 0.0359375
0 0.92265625 0.08359375 0.0234375 0.034375
0 0.2265625 0.18125 0.0296875 0.0484375
0 0.4625 0.15 0.028125 0.034375
0 0.703125 0.11640625 0.028125 0.034375
0 0.7265625 0.115625 0.0328125 0.040625
0 0.20625 0.18828125 0.0296875 0.0484375
0 0.678125 0.12265625 0.034375 0.0453125
0 0.3375 0.17265625 0.0375 0.0453125
0 0.41796875 0.16328125 0.028125 0.034375
0 0.83984375 0.1046875 0.0375 0.0453125
0 0.37109375 0.0296875 0.021875 0.0296875
0 0.07109375 0.2125 0.03125 0.0578125
0 0.134375 0.2125 0.0375 0.05
0 0.02265625 0.228125 0.034375 0.05
0 0.775 0.12421875 0.0234375 0.0390625
0 0.0484375 0.2265625 0.0234375 0.0390625
0 0.746875 0.13046875 0.028125 0.0390625
0 0.54765625 0.15859375 0.0265625 0.03125
0 0.39453125 0.1828125 0.0265625 0.03125
0 0.45 0.17734375 0.03125 0.03125
0 0.49765625 0.1703125 0.0328125 0.0359375
0 0.10703125 0.228125 0.0296875 0.04375
0 0.5359375 0.1703125 0.021875 0.0296875
0 0.58671875 0.16953125 0.034375 0.028125
0 0.83671875 0.134375 0.0375 0.040625
0 0.6921875 0.1546875 0.028125 0.0390625
0 0.30078125 0.2125 0.04375 0.0546875
0 0.37578125 0.2015625 0.028125 0.0390625
0 0.8046875 0.14140625 0.0265625 0.0265625
0 0.33515625 0.2078125 0.028125 0.0390625
0 0.6703125 0.16484375 0.0359375 0.0328125
0 0.92890625 0.12890625 0.046875 0.046875
0 0.14140625 0.2421875 0.0375 0.05
0 0.42578125 0.20390625 0.034375 0.05
0 0.4859375 0.1984375 0.0234375 0.0390625
0 0.01015625 0.265625 0.0203125 0.05
0 0.45625 0.02265625 0.028125 0.034375
0 0.35859375 0.22109375 0.0328125 0.040625
0 0.56640625 0.19140625 0.028125 0.0390625
0 0.40859375 0.2140625 0.0265625 0.03125
0 0.5203125 0.1984375 0.025 0.04375
0 0.45625 0.20703125 0.0328125 0.0359375
0 0.628125 0.1828125 0.0328125 0.0359375
0 0.4765625 0.01953125 0.0234375 0.0390625
0 0.09296875 0.26328125 0.025 0.04375
0 0.19609375 0.25078125 0.04375 0.059375
0 0.24921875 0.24609375 0.0296875 0.04375
0 0.80390625 0.16796875 0.03125 0.03125
0 0.3796875 0.22734375 0.021875 0.021875
0 0.78125 0.17109375 0.04375 0.0546875
0 0.60546875 0.1984375 0.0375 0.040625
0 0.721875 0.18203125 0.0375 0.0453125
0 0.034375 0.28046875 0.0359375 0.059375
0 0.75625 0.18046875 0.0390625 0.059375
0 0.27265625 0.2484375 0.0296875 0.04375
0 0.4125 0.03125 0.0265625 0.03125
0 0.6703125 0.1953125 0.0421875 0.046875
0 0.1265625 0.271875 0.0328125 0.0359375
0 0.02109375 0.2890625 0.0234375 0.0390625
0 0.071875 0.28203125 0.0390625 0.0546875
0 0.5578125 0.21328125 0.034375 0.05
0 0.22578125 0.26015625 0.0296875 0.053125
0 0.30078125 0.046875 0.0234375 0.034375
0 0.85703125 0.17578125 0.0296875 0.04375
0 0.40703125 0.2390625 0.028125 0.0390625
0 0.6875 0.00546875 0.028125 0.0109375
0 0.5015625 0.228125 0.028125 0.034375
0 0.3421875 0.2578125 0.034375 0.0453125
0 0.8421875 0.1875 0.0375 0.0453125
0 0.00546875 0.30546875 0.0109375 0.0484375
0 0.49609375 0.240625 0.034375 0.05
0 0.3890625 0.25859375 0.0328125 0.040625
0 0.6578125 0.22265625 0.0234375 0.0390625
0 0.63203125 0.2265625 0.0359375 0.0359375
0 0.56640625 0.01484375 0.0328125 0.0296875
0 0.30078125 0.27578125 0.034375 0.0453125
0 0.94453125 0.18984375 0.03125 0.0625
0 0.115625 0.075 0.034375 0.05
0 0.81640625 0.21015625 0.0328125 0.040625
0 0.58984375 0.2421875 0.0296875 0.0484375
0 0.2484375 0.28984375 0.0296875 0.053125
0 0.16875 0.30390625 0.034375 0.0453125
0 0.13828125 0.3078125 0.034375 0.05
0 0.92578125 0.19921875 0.0296875 0.0484375
0 0.52421875 0.25625 0.0296875 0.021875
0 0.4765625 0.26484375 0.0390625 0.0546875
0 0.23046875 0.06171875 0.021875 0.0296875
0 0.6078125 0.24921875 0.0296875 0.04375
0 0.11015625 0.31875 0.034375 0.0546875
0 0.4375 0.275 0.0375 0.05
0 0.7359375 0.23359375 0.034375 0.0453125
0 0.27734375 0.29765625 0.0296875 0.0484375
0 0.67265625 0.246875 0.028125 0.0390625
0 0.7 0.24296875 0.0375 0.0453125
0 0.90234375 0.2171875 0.034375 0.0453125
0 0.0078125 0.34609375 0.015625 0.0421875
0 0.3734375 0.29375 0.0296875 0.053125
0 0.0765625 0.0828125 0.0375 0.05
0 0.059375 0.33984375 0.04375 0.0546875
0 0.87734375 0.2265625 0.0234375 0.0390625
0 0.55703125 0.271875 0.0265625 0.03125
0 0.34375 0.3015625 0.034375 0.05
0 0.79140625 0.24140625 0.0375 0.040625
0 0.50546875 0.025 0.028125 0.0390625
0 0.34921875 0.046875 0.028125 0.034375
0 0.58984375 0.01328125 0.0203125 0.0171875
0 0.76484375 0.00390625 0.0234375 0.0078125
0 0.85859375 0.2390625 0.0484375 0.05625
0 0.63203125 0.27578125 0.034375 0.0546875
0 0.45078125 0.303125 0.0265625 0.03125
0 0.51328125 0.29453125 0.021875 0.0296875
0 0.0046875 0.36953125 0.009375 0.0640625
0 0.3984375 0.31328125 0.021875 0.0296875
0 0.5375 0.2984375 0.025 0.0484375
0 0.19375 0.346875 0.0390625 0.059375
0 0.58984375 0.29296875 0.034375 0.05
0 0.26484375 0.34375 0.040625 0.0640625
0 0.309375 0.33984375 0.0265625 0.0578125
0 0.46796875 0.32265625 0.0390625 0.059375
0 0.04453125 0.384375 0.034375 0.0546875
0 0.8234375 0.27734375 0.0484375 0.0609375
0 0.5265625 0.0234375 0.025 0.04375
0 0.75390625 0.2890625 0.0359375 0.059375
0 0.340625 0.34765625 0.034375 0.0453125
0 0.9546875 0.26328125 0.034375 0.0453125
0 0.1 0.38359375 0.0359375 0.059375
0 0.4421875 0.0359375 0.0328125 0.0359375
0 0.07578125 0.39375 0.0296875 0.0484375
0 0.40859375 0.34921875 0.0421875 0.05
0 0.57109375 0.3265625 0.0453125 0.0640625
0 0.37265625 0.35703125 0.0234375 0.034375
0 0.403125 0.04375 0.0265625 0.03125
0 0.86328125 0.28828125 0.0484375 0.05625
0 0.13046875 0.3953125 0.0453125 0.0640625
0 0.790625 0.3046875 0.05 0.065625
0 0.44921875 0.3546875 0.0453125 0.0734375
0 0.49765625 0.35078125 0.0546875 0.075
0 0.01796875 0.4203125 0.0359375 0.05
0 0.1875 0.0734375 0.0234375 0.034375
0 0.39921875 0.36875 0.04375 0.059375
0 0.65234375 0.340625 0.05 0.065625
0 0.0046875 0.44140625 0.009375 0.0671875
0 0.8953125 0.31796875 0.0546875 0.065625
0 0.26640625 0.40625 0.05 0.065625
0 0.64140625 0.01484375 0.0234375 0.0296875
0 0.70390625 0.3546875 0.0484375 0.05625
0 0.1296875 0.4421875 0.040625 0.0640625
0 0.196875 0.4375 0.034375 0.0546875
0 0.1578125 0.4453125 0.0390625 0.059375
0 0.2734375 0.06875 0.028125 0.0390625
0 0.9703125 0.33984375 0.0328125 0.071875
0 0.4046875 0.42421875 0.05 0.0703125
0 0.7765625 0.371875 0.040625 0.06875
0 0.3359375 0.43359375 0.04375 0.059375
0 0.06171875 0.475 0.046875 0.0515625
0 0.03203125 0.5 0.05 0.075
0 0.58828125 0.0265625 0.021875 0.0296875
0 0.23203125 0.4890625 0.0484375 0.0609375
0 0.64765625 0.4328125 0.0453125 0.06875
0 0.1828125 0.503125 0.0484375 0.0609375
0 0.828125 0.0046875 0.021875 0.009375
0 0.309375 0.48984375 0.0453125 0.06875
0 0.715625 0.0125 0.021875 0.025
0 0.734375 0.01171875 0.021875 0.0234375
0 0.43046875 0.4859375 0.0453125 0.06875
0 0.01484375 0.54453125 0.0296875 0.0671875
0 0.37265625 0.06171875 0.028125 0.034375
0 0.51953125 0.48984375 0.059375 0.071875