0 0.321875 0.1046875 0.053125 0.0671875
0 0.24921875 0.1046875 0.04375 0.065625
0 0.4390625 0.12265625 0.0390625 0.0609375
0 0.66796875 0.1375 0.059375 0.0953125
0 0.13203125 0.0078125 0.0328125 0.015625
0 0.11484375 0.12265625 0.053125 0.090625
0 0.18828125 0.1328125 0.053125 0.0859375
0 0.05390625 0.1328125 0.06875 0.0953125
0 0.29453125 0.14375 0.053125 0.0859375
0 0.4796875 0.1546875 0.0390625 0.065625
0 0.803125 0.16953125 0.071875 0.090625
0 0.51171875 0.16640625 0.0484375 0.0765625
0 0.971875 0.19453125 0.05625 0.1265625
0 0.6296875 0.02265625 0.0375 0.0375
0 0.246875 0.18515625 0.0578125 0.08125
0 0.034375 0.18046875 0.0484375 0.0890625
0 0.94765625 0.22421875 0.0921875 0.11875
0 0.40546875 0.021875 0.0484375 0.04375
0 0.87734375 0.0359375 0.053125 0.0484375
0 0.43046875 0.0234375 0.0328125 0.0421875
0 0.0890625 0.01796875 0.034375 0.0359375
0 0.55546875 0.03203125 0.0390625 0.0515625
0 0.784375 0.315625 0.10625 0.146875
0 0.6828125 0.03828125 0.04375 0.05625
0 0.7875 0.04140625 0.0390625 0.046875
0 0.72265625 0.04453125 0.04375 0.0609375
0 0.41640625 0.3671875 0.075 0.140625
0 0.2546875 0.0328125 0.0390625 0.046875
0 0.990625 0.0609375 0.01875 0.075
0 0.9625 0.059375 0.0390625 0.0609375
0 0.08828125 0.428125 0.13125 0.165625
0 0.496875 0.446875 0.13125 0.1890625
0 0.046875 0.03046875 0.0625 0.0609375
0 0.31875 0.04453125 0.0484375 0.0625
0 0.4484375 0.05546875 0.034375 0.0609375
0 0.159375 0.04765625 0.0390625 0.05625
0 0.7921875 0.09375 0.0390625 0.0515625
0 0.6109375 0.09453125 0.053125 0.0859375
0 0.05078125 0.07890625 0.053125 0.090625
0 0.20390625 0.0859375 0.0484375 0.0671875