0 0.69375 0.25625 0.0265625 0.046875
0 0.659375 0.278125 0.0265625 0.046875
0 0.56484375 0.315625 0.025 0.0421875
0 0.534375 0.321875 0.03125 0.05625
0 0.6 0.328125 0.0265625 0.046875
0 0.93828125 0.32578125 0.0359375 0.0671875
0 0.66796875 0.33984375 0.0265625 0.0515625
0 0.61484375 0.3453125 0.015625 0.028125
0 0.6359375 0.34453125 0.03125 0.05625
0 0.4390625 0.359375 0.0265625 0.0515625
0 0.159375 0.3765625 0.0296875 0.0421875
0 0.25 0.371875 0.0265625 0.046875
0 0.3609375 0.365625 0.021875 0.046875
0 0.49765625 0.35859375 0.03125 0.0515625
0 0.35390625 0.36875 0.0265625 0.046875
0 0.73515625 0.3484375 0.0265625 0.0515625
0 0.78359375 0.34609375 0.03125 0.0515625
0 0.88828125 0.340625 0.034375 0.053125
0 0.27109375 0.375 0.025 0.0421875
0 0.4625 0.3671875 0.0265625 0.046875
0 0.375 0.371875 0.0265625 0.046875
0 0.321875 0.37734375 0.03125 0.046875
0 0.3984375 0.3734375 0.0203125 0.0375
0 0.23203125 0.38671875 0.0265625 0.0515625
0 0.70859375 0.36171875 0.0265625 0.046875
0 0.4125 0.37734375 0.025 0.0421875
0 0.18828125 0.39140625 0.034375 0.053125
0 0.30625 0.38515625 0.0265625 0.0515625
0 0.85625 0.35625 0.03125 0.05625
0 0.1515625 0.39765625 0.03125 0.046875
0 0.8203125 0.3671875 0.021875 0.046875
0 0.26171875 0.4109375 0.0296875 0.025
0 0.84140625 0.38515625 0.0265625 0.0515625
0 0.10390625 0.42734375 0.025 0.0375
0 0.08125 0.42890625 0.0265625 0.0515625
0 0.0953125 0.48671875 0.0265625 0.0609375
0 0.05078125 0.51875 0.034375 0.053125
0 0.5046875 0.49765625 0.03125 0.0515625
0 0.56015625 0.49921875 0.03125 0.0515625
0 0.43046875 0.50625 0.0265625 0.0609375
0 0.60390625 0.49921875 0.0390625 0.0625
0 0.36640625 0.51640625 0.0265625 0.05625
0 0.74609375 0.50390625 0.03125 0.046875
0 0.6515625 0.50859375 0.03125 0.0515625
0 0.70234375 0.50546875 0.034375 0.053125
0 0.246875 0.53203125 0.03125 0.0515625
0 0.309375 0.53125 0.034375 0.0625
0 0.80859375 0.5046875 0.034375 0.0484375
0 0.1390625 0.54921875 0.0265625 0.0515625
0 0.20859375 0.54609375 0.034375 0.053125
0 0.16640625 0.5515625 0.0265625 0.05625
0 0.8859375 0.51875 0.03125 0.0609375
0 0.6078125 0.578125 0.03125 0.0609375
0 0.484375 0.68828125 0.0359375 0.0671875
0 0.3765625 0.70625 0.034375 0.053125
0 0.75078125 0.24375 0.034375 0.0578125