0 0.0671875 0.30078125 0.0421875 0.0546875
0 0.5453125 0.36015625 0.0328125 0.053125
0 0.79609375 0.40078125 0.0421875 0.0640625
0 0.98828125 0.4328125 0.0234375 0.08125
0 0.25703125 0.35546875 0.028125 0.053125
0 0.12734375 0.34453125 0.046875 0.0640625
0 0.0265625 0.3359375 0.0296875 0.0625
0 0.3109375 0.36875 0.028125 0.053125
0 0.4703125 0.38984375 0.046875 0.0546875
0 0.21796875 0.3703125 0.0359375 0.0484375
0 0.065625 0.359375 0.046875 0.0546875
0 0.34453125 0.38984375 0.0421875 0.0640625
0 0.87265625 0.471875 0.0328125 0.0484375
0 0.14609375 0.3953125 0.0421875 0.059375
0 0.2234375 0.4078125 0.0375 0.0625
0 0.43046875 0.43203125 0.0421875 0.0546875
0 0.615625 0.45859375 0.0359375 0.04375
0 0.03125 0.40234375 0.0359375 0.04375
0 0.31328125 0.43671875 0.0375 0.053125
0 0.24375 0.43125 0.046875 0.0640625
0 0.49765625 0.4578125 0.040625 0.05
0 0.0984375 0.4234375 0.0375 0.053125
0 0.54921875 0.4703125 0.046875 0.0546875
0 0.05859375 0.425 0.0421875 0.0546875
0 0.88671875 0.51953125 0.0421875 0.059375
0 0.82890625 0.515625 0.0421875 0.059375
0 0.41171875 0.47421875 0.0421875 0.0640625
0 0.96953125 0.546875 0.04375 0.06875
0 0.72734375 0.5265625 0.0375 0.053125
0 0.990625 0.10078125 0.01875 0.0640625
0 0.52734375 0.53359375 0.0484375 0.06875
0 0.46640625 0.53125 0.0515625 0.0640625
0 0.1921875 0.50703125 0.046875 0.0640625
0 0.328125 0.52109375 0.0421875 0.059375
0 0.93359375 0.60390625 0.0421875 0.0640625
0 0.08984375 0.54765625 0.0375 0.0578125
0 0.9234375 0.1046875 0.0359375 0.040625
0 0.96484375 0.67890625 0.0359375 0.0859375
0 0.8921875 0.10625 0.0328125 0.0484375
0 0.62109375 0.08203125 0.0328125 0.04375
0 0.96796875 0.11875 0.0359375 0.0484375
0 0.5671875 0.08125 0.0265625 0.0390625
0 0.8 0.1078125 0.0328125 0.04375
0 0.8171875 0.11953125 0.0265625 0.034375
0 0.7203125 0.11171875 0.0421875 0.0546875
0 0.52109375 0.096875 0.0265625 0.0390625
0 0.84296875 0.1328125 0.03125 0.0390625
0 0.56015625 0.1078125 0.0359375 0.0484375
0 0.69609375 0.125 0.0265625 0.034375
0 0.43515625 0.09765625 0.0265625 0.0390625
0 0.40546875 0.09375 0.0328125 0.04375
0 0.48359375 0.1046875 0.0234375 0.04375
0 0.61953125 0.11875 0.03125 0.034375
0 0.46640625 0.11015625 0.021875 0.0390625
0 0.1484375 0.07890625 0.034375 0.03125
0 0.34375 0.1015625 0.0265625 0.0390625
0 0.275 0.09453125 0.0265625 0.034375
0 0.25 0.09453125 0.021875 0.0296875
0 0.32109375 0.1015625 0.021875 0.025
0 0.93125 0.165625 0.0421875 0.0546875
0 0.5046875 0.1234375 0.028125 0.0484375
0 0.79921875 0.15703125 0.0359375 0.0484375
0 0.9671875 0.17421875 0.0328125 0.0484375
0 0.52265625 0.1296875 0.0234375 0.053125
0 0.909375 0.1703125 0.0359375 0.04375
0 0.3640625 0.11328125 0.021875 0.0296875
0 0.88359375 0.1703125 0.0359375 0.0359375
0 0.2390625 0.10703125 0.0328125 0.04375
0 0.60234375 0.1453125 0.0203125 0.0203125
0 0.74296875 0.1625 0.03125 0.0390625
0 0.7171875 0.16015625 0.0265625 0.034375
0 0.55625 0.14765625 0.03125 0.0390625
0 0.834375 0.1765625 0.0359375 0.040625
0 0.76484375 0.16953125 0.0328125 0.053125
0 0.2046875 0.115625 0.0328125 0.04375
0 0.69765625 0.1671875 0.0328125 0.053125
0 0.309375 0.1265625 0.0265625 0.034375
0 0.18046875 0.1125 0.03125 0.03125
0 0.0484375 0.1015625 0.021875 0.0296875
0 0.15625 0.1125 0.0203125 0.0203125
0 0.13359375 0.11015625 0.0265625 0.034375
0 0.0875 0.1078125 0.0359375 0.0484375
0 0.4421875 0.14765625 0.0328125 0.053125
0 0.26171875 0.12890625 0.0265625 0.034375
0 0.51015625 0.1546875 0.03125 0.0390625
0 0.11484375 0.1171875 0.028125 0.0484375
0 0.40859375 0.15234375 0.028125 0.0484375
0 0.87578125 0.20390625 0.0328125 0.0484375
0 0.53671875 0.17109375 0.028125 0.04375
0 0.63046875 0.1828125 0.0421875 0.059375
0 0.60625 0.18046875 0.0328125 0.0484375
0 0.38203125 0.159375 0.0375 0.053125
0 0.06015625 0.12578125 0.0265625 0.0296875
0 0.2546875 0.15078125 0.03125 0.034375
0 0.29140625 0.15703125 0.0421875 0.0546875
0 0.16015625 0.1453125 0.0265625 0.034375
0 0.22890625 0.1546875 0.0359375 0.0484375
0 0.353125 0.1703125 0.0328125 0.0484375
0 0.796875 0.221875 0.0375 0.0578125
0 0.83828125 0.22578125 0.0421875 0.059375
0 0.7375 0.215625 0.040625 0.05
0 0.56015625 0.19921875 0.0328125 0.04375
0 0.1375 0.15703125 0.0328125 0.0484375
0 0.0625 0.14921875 0.021875 0.034375
0 0.66328125 0.2125 0.0328125 0.04375
0 0.2 0.165625 0.0328125 0.053125
0 0.95 0.246875 0.0359375 0.0484375
0 0.0453125 0.15234375 0.028125 0.053125
0 0.53046875 0.2078125 0.0234375 0.0484375
0 0.0953125 0.1625 0.0265625 0.0296875
0 0.3390625 0.18984375 0.028125 0.04375
0 0.69140625 0.2296875 0.034375 0.0578125
0 0.47734375 0.209375 0.0375 0.0578125
0 0.44609375 0.2109375 0.0390625 0.0671875
0 0.58671875 0.22578125 0.03125 0.0390625
0 0.50859375 0.21875 0.034375 0.0578125
0 0.25 0.19375 0.0328125 0.04375
0 0.903125 0.27421875 0.0359375 0.0484375
0 0.4078125 0.22265625 0.0359375 0.0484375
0 0.103125 0.2 0.03125 0.0390625
0 0.1609375 0.20625 0.0375 0.053125
0 0.31953125 0.225 0.034375 0.0625
0 0.5984375 0.25390625 0.021875 0.0390625
0 0.71953125 0.26953125 0.0375 0.053125
0 0.04453125 0.20546875 0.0375 0.053125
0 0.6515625 0.2765625 0.040625 0.05
0 0.57265625 0.2703125 0.0421875 0.0546875
0 0.1375 0.225 0.0328125 0.04375
0 0.26640625 0.23828125 0.0328125 0.053125
0 0.35 0.246875 0.0390625 0.0671875
0 0.4734375 0.26484375 0.0375 0.053125
0 0.06796875 0.221875 0.0375 0.0578125
0 0.98515625 0.328125 0.0296875 0.06875
0 0.23671875 0.26015625 0.0375 0.053125
0 0.39375 0.02109375 0.0375 0.0421875
0 0.3953125 0.27890625 0.0296875 0.0671875
0 0.74453125 0.31796875 0.0328125 0.053125
0 0.40859375 0.28515625 0.0328125 0.053125
0 0.11640625 0.2546875 0.0328125 0.053125
0 0.22265625 0.28671875 0.0328125 0.0484375
0 0.89375 0.36484375 0.0421875 0.0640625
0 0.16640625 0.290625 0.046875 0.059375
0 0.14296875 0.28828125 0.028125 0.04375
0 0.5609375 0.33671875 0.03125 0.0390625
0 0.7703125 0.3609375 0.0421875 0.0546875
0 0.33046875 0.31953125 0.0375 0.0578125
0 0.640625 0.3546875 0.0421875 0.059375