0 0.46953125 0.1015625 0.021875 0.034375
0 0.2921875 0.0828125 0.028125 0.0390625
0 0.3890625 0.096875 0.0328125 0.040625
0 0.2953125 0.115625 0.028125 0.0484375
0 0.4234375 0.13671875 0.0265625 0.03125
0 0.51953125 0.1484375 0.0203125 0.015625
0 0.646875 0.17265625 0.0265625 0.034375
0 0.45859375 0.1515625 0.015625 0.0203125
0 0.5578125 0.1640625 0.015625 0.0203125
0 0.684375 0.1796875 0.0359375 0.040625
0 0.89453125 0.21015625 0.03125 0.0359375
0 0.52890625 0.16953125 0.0359375 0.040625
0 0.33515625 0.15078125 0.0453125 0.0734375
0 0.38515625 0.159375 0.0375 0.0546875
0 0.353125 0.1578125 0.034375 0.053125
0 0.58203125 0.18828125 0.021875 0.034375
0 0.7609375 0.2125 0.021875 0.0296875
0 0.8578125 0.22421875 0.03125 0.03125
0 0.428125 0.17421875 0.0265625 0.034375
0 0.453125 0.1796875 0.025 0.021875
0 0.628125 0.203125 0.0328125 0.0484375
0 0.19140625 0.14921875 0.0375 0.05
0 0.234375 0.1546875 0.0328125 0.040625
0 0.07265625 0.13984375 0.0546875 0.075
0 0.11875 0.14765625 0.0484375 0.059375
0 0.265625 0.165625 0.03125 0.0359375
0 0.4125 0.18359375 0.0265625 0.034375
0 0.5484375 0.20078125 0.021875 0.0296875
0 0.30078125 0.1703125 0.0265625 0.03125
0 0.134375 0.15234375 0.0375 0.0546875
0 0.56171875 0.20703125 0.0171875 0.0296875
0 0.66484375 0.221875 0.03125 0.0359375
0 0.79765625 0.240625 0.0484375 0.0640625
0 0.69140625 0.2296875 0.028125 0.04375
0 0.909375 0.259375 0.0234375 0.0390625
0 0.6109375 0.225 0.0265625 0.034375
0 0.6453125 0.22890625 0.0328125 0.040625
0 0.70234375 0.23828125 0.0390625 0.059375
0 0.2265625 0.1796875 0.0375 0.0453125
0 0.50703125 0.2140625 0.0296875 0.0578125
0 0.16484375 0.175 0.0375 0.0453125
0 0.4703125 0.2125 0.0390625 0.0640625
0 0.58515625 0.2265625 0.0328125 0.040625
0 0.95 0.27265625 0.0484375 0.0640625
0 0.534375 0.221875 0.0421875 0.0546875
0 0.740625 0.2515625 0.0421875 0.0546875
0 0.43515625 0.21640625 0.0390625 0.0640625
0 0.203125 0.19765625 0.0421875 0.0546875
0 0.98671875 0.29609375 0.0203125 0.0203125
0 0.384375 0.2265625 0.0484375 0.06875
0 0.87734375 0.2921875 0.05 0.0734375
0 0.6734375 0.26953125 0.0390625 0.059375
0 0.27265625 0.22265625 0.0484375 0.06875
0 0.81640625 0.29375 0.0328125 0.04375
0 0.98125 0.32109375 0.0265625 0.034375
0 0.62265625 0.2796875 0.046875 0.0515625
0 0.9 0.32109375 0.0234375 0.04375
0 0.16640625 0.2375 0.04375 0.0640625
0 0.7328125 0.33515625 0.04375 0.059375
0 0.47890625 0.3109375 0.046875 0.0546875
0 0.984375 0.403125 0.03125 0.04375
0 0.53125 0.36171875 0.0421875 0.0546875
0 0.83984375 0.4671875 0.0515625 0.0875
0 0.96875 0.525 0.0578125 0.0703125
0 0.7375 0.503125 0.0515625 0.05625
0 0.459375 0.47109375 0.0546875 0.075
0 0.63515625 0.50234375 0.0546875 0.075
0 0.203125 0.44921875 0.046875 0.0546875
0 0.34296875 0.4875 0.0546875 0.0796875
0 0.0453125 0.45859375 0.0546875 0.0796875
0 0.15390625 0.47421875 0.0375 0.0546875
0 0.2953125 0.49140625 0.0484375 0.0640625
0 0.475 0.51328125 0.04375 0.06875
0 0.8078125 0.559375 0.0484375 0.06875
0 0.6796875 0.553125 0.0609375 0.0890625
0 0.19609375 0.5046875 0.0546875 0.075
0 0.95234375 0.61640625 0.0484375 0.06875
0 0.0203125 0.50078125 0.040625 0.0640625
0 0.0984375 0.51875 0.0546875 0.075
0 0.82578125 0.61953125 0.05 0.0828125
0 0.1625 0.56796875 0.0640625 0.0796875
0 0.72265625 0.64140625 0.0546875 0.075
0 0.4171875 0.60390625 0.065625 0.0890625
0 0.30703125 0.59296875 0.065625 0.0890625
0 0.6046875 0.63671875 0.0640625 0.0796875
0 0.4953125 0.6375 0.065625 0.0890625