0 0.1984375 0.0703125 0.046875 0.059375
0 0.80703125 0.15078125 0.0421875 0.059375
0 0.55546875 0.1265625 0.0421875 0.0640625
0 0.7625 0.1484375 0.0421875 0.0546875
0 0.52109375 0.1390625 0.0265625 0.034375
0 0.6734375 0.15546875 0.0375 0.0625
0 0.36015625 0.1296875 0.046875 0.0546875
0 0.5 0.146875 0.0421875 0.059375
0 0.428125 0.01171875 0.040625 0.0234375
0 0.88671875 0.21015625 0.0421875 0.0546875
0 0.85390625 0.20859375 0.0328125 0.0484375
0 0.1421875 0.134375 0.0421875 0.0640625
0 0.26484375 0.165625 0.046875 0.0640625
0 0.8125 0.228125 0.0375 0.0578125
0 0.5359375 0.20625 0.0390625 0.0671875
0 0.93125 0.25234375 0.0421875 0.0546875
0 0.4609375 0.2078125 0.046875 0.0640625
0 0.70390625 0.2390625 0.0421875 0.0640625
0 0.61015625 0.23203125 0.053125 0.06875
0 0.7703125 0.25546875 0.0375 0.053125
0 0.36484375 0.215625 0.046875 0.059375
0 0.80234375 0.28515625 0.040625 0.0453125
0 0.8875 0.31328125 0.0375 0.0625
0 0.94921875 0.3421875 0.0421875 0.059375
0 0.38046875 0.284375 0.053125 0.06875
0 0.23125 0.26875 0.0625 0.075
0 0.759375 0.334375 0.0484375 0.0734375
0 0.78984375 0.35625 0.053125 0.06875
0 0.3453125 0.021875 0.0375 0.04375
0 0.81875 0.36640625 0.0328125 0.053125
0 0.98125 0.3859375 0.0375 0.059375
0 0.6125 0.35546875 0.0515625 0.059375
0 0.709375 0.3703125 0.0578125 0.0703125
0 0.92421875 0.40234375 0.0390625 0.0671875
0 0.94921875 0.4140625 0.03125 0.034375
0 0.6359375 0.4046875 0.059375 0.0890625
0 0.13515625 0.01484375 0.0421875 0.0296875
0 0.74296875 0.44375 0.059375 0.084375
0 0.88984375 0.47109375 0.0625 0.0796875
0 0.2171875 0.42421875 0.0640625 0.0890625
0 0.32578125 0.51875 0.06875 0.0890625
0 0.50234375 0.5421875 0.059375 0.084375
0 0.475 0.0484375 0.0328125 0.053125
0 0.83203125 0.5765625 0.059375 0.0890625
0 0.0296875 0.49375 0.059375 0.084375
0 0.70078125 0.07421875 0.0421875 0.0546875
0 0.88828125 0.63828125 0.06875 0.09375
0 0.7625 0.68359375 0.0703125 0.0984375
0 0.5 0.0625 0.0359375 0.04375
0 0.96171875 0.734375 0.04375 0.1140625
0 0.62109375 0.0796875 0.0375 0.0578125
0 0.4984375 0.69296875 0.06875 0.0890625
0 0.325 0.6796875 0.0734375 0.090625
0 0.78984375 0.109375 0.0421875 0.059375
0 0.41171875 0.07890625 0.0328125 0.053125
0 0.2546875 0.06640625 0.0421875 0.0640625
0 0.06640625 0.046875 0.04375 0.078125
0 0.346875 0.0765625 0.0375 0.053125
0 0.4453125 0.09140625 0.0328125 0.053125