0 0.65234375 0.20390625 0.0484375 0.06875
0 0.28359375 0.16796875 0.0375 0.053125
0 0.9 0.2375 0.05625 0.096875
0 0.778125 0.2265625 0.05 0.0921875
0 0.41171875 0.18828125 0.0375 0.0625
0 0.51953125 0.2046875 0.0484375 0.0734375
0 0.69375 0.2296875 0.0390625 0.071875
0 0.9921875 0.26484375 0.015625 0.1140625
0 0.12265625 0.1765625 0.0609375 0.1015625
0 0.953125 0.265625 0.05 0.0875
0 0.38125 0.2078125 0.0390625 0.0765625
0 0.4546875 0.2203125 0.05 0.0828125
0 0.5734375 0.24453125 0.0484375 0.0734375
0 0.85625 0.2765625 0.0515625 0.096875
0 0.30859375 0.22109375 0.034375 0.0625
0 0.72890625 0.27265625 0.053125 0.078125
0 0.284375 0.23046875 0.05 0.0828125
0 0.34140625 0.2390625 0.0546875 0.0921875
0 0.4015625 0.26171875 0.04375 0.0734375
0 0.64765625 0.2921875 0.0375 0.0578125
0 0.1546875 0.24296875 0.05625 0.1015625
0 0.2375 0.25546875 0.0515625 0.1
0 0.77265625 0.33984375 0.0484375 0.06875
0 0.5484375 0.3328125 0.046875 0.0640625
0 0.3 0.3390625 0.040625 0.08125
0 0.37421875 0.346875 0.0453125 0.0828125
0 0.253125 0.36484375 0.05 0.0828125
0 0.4484375 0.38984375 0.0546875 0.0921875
0 0.49921875 0.39765625 0.0375 0.0625
0 0.60234375 0.41328125 0.0375 0.0625
0 0.06640625 0.375 0.0578125 0.0796875
0 0.56015625 0.434375 0.0484375 0.078125
0 0.72109375 0.46015625 0.05 0.0921875
0 0.5078125 0.44765625 0.0421875 0.0546875
0 0.65546875 0.46328125 0.05 0.0828125
0 0.97578125 0.5375 0.0484375 0.109375
0 0.471875 0.496875 0.04375 0.078125
0 0.76640625 0.55859375 0.05 0.0921875
0 0.33515625 0.51953125 0.0609375 0.1015625
0 0.06015625 0.49765625 0.0578125 0.0796875
0 0.2515625 0.5390625 0.0625 0.115625
0 0.14765625 0.53046875 0.0671875 0.115625
0 0.403125 0.5765625 0.04375 0.078125
0 0.87109375 0.64375 0.05 0.0921875
0 0.5828125 0.615625 0.071875 0.1171875
0 0.31484375 0.690625 0.06875 0.1390625
0 0.9421875 0.18828125 0.04375 0.0734375
0 0.73359375 0.184375 0.053125 0.0734375
0 0.83359375 0.20234375 0.0375 0.0625