0 0.1828125 0.37578125 0.0296875 0.04375
0 0.440625 0.42109375 0.021875 0.0296875
0 0.0921875 0.375 0.0171875 0.0296875
0 0.359375 0.41484375 0.0171875 0.025
0 0.03671875 0.371875 0.0234375 0.0390625
0 0.465625 0.43203125 0.0171875 0.0296875
0 0.59375 0.45 0.021875 0.021875
0 0.971875 0.50546875 0.0453125 0.06875
0 0.1578125 0.39140625 0.0234375 0.034375
0 0.2578125 0.4078125 0.0234375 0.0390625
0 0.2859375 0.41171875 0.0265625 0.03125
0 0.071875 0.38359375 0.025 0.04375
0 0.11328125 0.38984375 0.034375 0.0546875
0 0.4140625 0.434375 0.0296875 0.0484375
0 0.340625 0.42421875 0.01875 0.034375
0 0.19765625 0.40625 0.0109375 0.015625
0 0.2359375 0.41171875 0.021875 0.0296875
0 0.48359375 0.44609375 0.0234375 0.034375
0 0.671875 0.47265625 0.0296875 0.04375
0 0.55078125 0.45546875 0.0234375 0.034375
0 0.378125 0.434375 0.0078125 0.01875
0 0.53671875 0.45625 0.0234375 0.034375
0 0.70625 0.48046875 0.034375 0.0453125
0 0.65625 0.47265625 0.0078125 0.01875
0 0.77734375 0.4921875 0.034375 0.05
0 0.14453125 0.403125 0.0125 0.0203125
0 0.21484375 0.415625 0.0109375 0.015625
0 0.88671875 0.51015625 0.034375 0.0453125
0 0.20078125 0.41640625 0.0109375 0.015625
0 0.21953125 0.42109375 0.00625 0.009375
0 0.20703125 0.421875 0.0109375 0.015625
0 0.83515625 0.51484375 0.021875 0.0265625
0 0.396875 0.4546875 0.0234375 0.0390625
0 0.6921875 0.4984375 0.025 0.04375
0 0.80390625 0.5140625 0.0171875 0.0296875
0 0.015625 0.40625 0.0234375 0.065625
0 0.8625 0.5296875 0.0234375 0.0390625
0 0.82421875 0.52421875 0.021875 0.0296875
0 0.44375 0.47109375 0.0390625 0.059375
0 0.48359375 0.48125 0.028125 0.0390625
0 0.27265625 0.45625 0.034375 0.0546875
0 0.6296875 0.5109375 0.046875 0.078125
0 0.58125 0.50703125 0.040625 0.06875
0 0.303125 0.4703125 0.05 0.0703125
0 0.73203125 0.53046875 0.0359375 0.0640625
0 0.8984375 0.56328125 0.05625 0.0796875
0 0.775 0.5578125 0.046875 0.078125
0 0.03203125 0.45546875 0.0640625 0.1078125