0 0.475 0.284375 0.0109375 0.0109375
0 0.925 0.34921875 0.0109375 0.015625
0 0.57265625 0.30546875 0.0109375 0.0109375
0 0.99453125 0.3578125 0.0109375 0.015625
0 0.7515625 0.328125 0.0109375 0.0109375
0 0.9171875 0.35078125 0.00625 0.009375
0 0.97265625 0.35703125 0.00625 0.009375
0 0.67421875 0.3203125 0.0109375 0.0109375
0 0.82265625 0.3390625 0.0109375 0.015625
0 0.9796875 0.3578125 0.00625 0.009375
0 0.75859375 0.33125 0.0109375 0.015625
0 0.946875 0.35390625 0.0109375 0.0109375
0 0.98671875 0.359375 0.00625 0.009375
0 0.9609375 0.3578125 0.0109375 0.015625
0 0.77890625 0.3359375 0.0109375 0.015625
0 0.56015625 0.309375 0.00625 0.009375
0 0.69609375 0.32578125 0.00625 0.009375
0 0.70078125 0.3265625 0.0109375 0.0109375
0 0.740625 0.33125 0.00625 0.0140625
0 0.56953125 0.31015625 0.0109375 0.015625
0 0.71875 0.33125 0.0046875 0.0046875
0 0.72578125 0.33203125 0.0046875 0.0046875
0 0.68125 0.32890625 0.0109375 0.0109375
0 0.69296875 0.33046875 0.0109375 0.015625
0 0.88828125 0.35390625 0.0109375 0.015625
0 0.9953125 0.3671875 0.009375 0.015625
0 0.709375 0.334375 0.00625 0.009375
0 0.9359375 0.36484375 0.00625 0.0140625
0 0.978125 0.36953125 0.0109375 0.015625
0 0.1578125 0.26875 0.00625 0.009375
0 0.24296875 0.2796875 0.0109375 0.015625
0 0.15234375 0.27109375 0.0078125 0.0234375
0 0.91796875 0.3671875 0.0109375 0.0109375
0 0.1453125 0.27265625 0.0109375 0.015625
0 0.19609375 0.278125 0.00625 0.009375
0 0.89453125 0.3640625 0.0109375 0.015625
0 0.925 0.36796875 0.00625 0.009375
0 0.94921875 0.37109375 0.0109375 0.015625
0 0.73203125 0.34453125 0.0109375 0.015625
0 0.11953125 0.26875 0.0109375 0.015625
0 0.2140625 0.2828125 0.00625 0.009375
0 0.13359375 0.27578125 0.0109375 0.015625
0 0.9921875 0.38125 0.015625 0.0203125
0 0.25234375 0.28984375 0.00625 0.009375
0 0.28046875 0.29375 0.015625 0.015625
0 0.23671875 0.290625 0.015625 0.015625
0 0.17734375 0.28359375 0.0109375 0.0203125
0 0.2203125 0.28828125 0.00625 0.009375
0 0.11484375 0.27578125 0.015625 0.0203125
0 0.18515625 0.28671875 0.0109375 0.015625
0 0.196875 0.28828125 0.0109375 0.0109375
0 0.15390625 0.2828125 0.0109375 0.015625
0 0.16484375 0.284375 0.015625 0.015625
0 0.2703125 0.296875 0.0109375 0.015625
0 0.3328125 0.30703125 0.015625 0.0203125
0 0.7484375 0.3578125 0.0203125 0.0203125
0 0.86953125 0.375 0.0203125 0.0203125
0 0.2265625 0.29609375 0.0109375 0.0203125
0 0.19375 0.29453125 0.015625 0.015625
0 0.11953125 0.28828125 0.015625 0.0203125
0 0.29296875 0.309375 0.0109375 0.015625
0 0.11328125 0.28984375 0.0125 0.025
0 0.209375 0.3015625 0.015625 0.0203125
0 0.1359375 0.2921875 0.015625 0.015625
0 0.3640625 0.3203125 0.015625 0.0203125
0 0.375 0.321875 0.015625 0.0203125
0 0.2546875 0.309375 0.015625 0.0203125
0 0.278125 0.3125 0.015625 0.0203125
0 0.28515625 0.315625 0.015625 0.015625
0 0.74375 0.371875 0.015625 0.0203125
0 0.346875 0.32265625 0.021875 0.025
0 0.15859375 0.3015625 0.021875 0.025
0 0.40625 0.33203125 0.015625 0.015625
0 0.19453125 0.30859375 0.021875 0.025
0 0.44296875 0.3390625 0.015625 0.0203125
0 0.33515625 0.32578125 0.015625 0.0203125
0 0.315625 0.32578125 0.021875 0.025
0 0.2265625 0.31484375 0.015625 0.0203125
0 0.32734375 0.32890625 0.0109375 0.015625
0 0.58671875 0.3609375 0.0171875 0.025
0 0.115625 0.30546875 0.015625 0.0203125
0 0.359375 0.3359375 0.015625 0.0203125
0 0.525 0.35546875 0.015625 0.0203125
0 0.375 0.3375 0.0171875 0.025
0 0.43046875 0.34453125 0.0171875 0.025
0 0.45546875 0.35 0.0171875 0.025
0 0.2140625 0.3203125 0.021875 0.025
0 0.765625 0.3875 0.015625 0.0203125
0 0.10625 0.309375 0.0109375 0.0203125
0 0.49609375 0.35703125 0.0171875 0.025
0 0.3859375 0.34375 0.0171875 0.025
0 0.253125 0.32734375 0.015625 0.0203125
0 0.4 0.34765625 0.015625 0.0203125
0 0.4734375 0.35703125 0.015625 0.0203125
0 0.42109375 0.35 0.0171875 0.0296875
0 0.29453125 0.334375 0.0171875 0.025
0 0.6171875 0.3765625 0.015625 0.0203125
0 0.346875 0.34375 0.015625 0.015625
0 0.63359375 0.37890625 0.021875 0.025
0 0.284375 0.33828125 0.0125 0.025
0 0.44296875 0.3578125 0.015625 0.0203125
0 0.7046875 0.38984375 0.021875 0.034375
0 0.12265625 0.3203125 0.015625 0.0203125
0 0.36640625 0.35078125 0.021875 0.025
0 0.134375 0.321875 0.0125 0.025
0 0.27265625 0.3390625 0.015625 0.0203125
0 0.246875 0.3359375 0.021875 0.025
0 0.32734375 0.34609375 0.021875 0.025
0 0.16484375 0.328125 0.0203125 0.0203125
0 0.23359375 0.33671875 0.015625 0.015625
0 0.609375 0.3828125 0.0171875 0.025
0 0.40546875 0.3578125 0.015625 0.0203125
0 0.14375 0.32578125 0.015625 0.0203125
0 0.521875 0.3765625 0.021875 0.0296875
0 0.5609375 0.38359375 0.0171875 0.0296875
0 0.46015625 0.371875 0.015625 0.0203125
0 0.10859375 0.328125 0.0171875 0.025
0 0.3375 0.35859375 0.015625 0.0203125
0 0.390625 0.365625 0.0171875 0.025
0 0.5359375 0.3828125 0.0171875 0.025
0 0.1921875 0.34375 0.028125 0.0390625
0 0.43359375 0.37265625 0.0171875 0.025
0 0.54453125 0.3890625 0.0171875 0.025
0 0.40859375 0.375 0.0171875 0.025
0 0.34609375 0.36953125 0.0171875 0.025
0 0.696875 0.41484375 0.0171875 0.025
0 0.49921875 0.390625 0.0265625 0.0265625
0 0.44921875 0.384375 0.021875 0.0296875
0 0.23046875 0.36015625 0.028125 0.0390625
0 0.28359375 0.36640625 0.0265625 0.03125
0 0.3109375 0.36953125 0.021875 0.0296875
0 0.47890625 0.390625 0.0265625 0.034375
0 0.71328125 0.41875 0.0328125 0.0484375
0 0.76328125 0.425 0.0109375 0.0203125
0 0.746875 0.42578125 0.0265625 0.034375
0 0.3625 0.38046875 0.0265625 0.03125
0 0.25234375 0.36953125 0.0265625 0.0265625
0 0.5875 0.4171875 0.0203125 0.015625
0 0.3828125 0.3921875 0.015625 0.0203125
0 0.1890625 0.3703125 0.0265625 0.03125
0 0.51796875 0.4109375 0.0234375 0.0390625
0 0.53671875 0.415625 0.0171875 0.0328125
0 0.4296875 0.4046875 0.021875 0.0296875
0 0.79765625 0.45 0.0171875 0.025
0 0.1515625 0.37265625 0.0265625 0.0265625
0 0.321875 0.39375 0.0265625 0.03125
0 0.5046875 0.42109375 0.0234375 0.0390625
0 0.459375 0.415625 0.0171875 0.025
0 0.2203125 0.38828125 0.0328125 0.04375
0 0.39921875 0.41015625 0.028125 0.04375
0 0.57109375 0.43125 0.0265625 0.034375
0 0.59296875 0.44609375 0.0265625 0.034375
0 0.4734375 0.4359375 0.021875 0.025
0 0.28046875 0.4125 0.0234375 0.04375
0 0.67421875 0.465625 0.021875 0.034375
0 0.296875 0.42421875 0.028125 0.04375
0 0.4296875 0.44296875 0.0328125 0.040625
0 0.19765625 0.41640625 0.021875 0.0296875
0 0.64609375 0.47109375 0.021875 0.034375
0 0.18125 0.41640625 0.0265625 0.03125
0 0.459375 0.45078125 0.0234375 0.0390625
0 0.484375 0.45625 0.021875 0.034375
0 0.0890625 0.41015625 0.034375 0.053125
0 0.6078125 0.4765625 0.028125 0.04375
0 0.9453125 0.51796875 0.04375 0.059375
0 0.34140625 0.44609375 0.028125 0.0484375
0 0.53828125 0.4703125 0.0328125 0.04375
0 0.365625 0.453125 0.0359375 0.0359375
0 0.84453125 0.52109375 0.040625 0.040625
0 0.58125 0.4890625 0.021875 0.0296875
0 0.2078125 0.44765625 0.03125 0.0359375
0 0.65625 0.50234375 0.0328125 0.04375
0 0.3984375 0.4734375 0.0265625 0.034375
0 0.678125 0.5078125 0.0265625 0.034375
0 0.28125 0.46171875 0.028125 0.04375
0 0.5671875 0.5015625 0.0328125 0.04375
0 0.15078125 0.45703125 0.0421875 0.0453125
0 0.36171875 0.4828125 0.028125 0.04375
0 0.47578125 0.5015625 0.0328125 0.04375
0 0.76171875 0.53671875 0.0359375 0.03125
0 0.9078125 0.5546875 0.046875 0.0515625
0 0.69453125 0.53125 0.0328125 0.04375
0 0.5078125 0.51015625 0.0421875 0.0453125
0 0.17265625 0.46953125 0.0375 0.0546875
0 0.63359375 0.5328125 0.028125 0.0390625
0 0.8515625 0.56171875 0.0421875 0.05
0 0.8765625 0.56484375 0.0328125 0.04375
0 0.38046875 0.50390625 0.0421875 0.0546875
0 0.21171875 0.49296875 0.0515625 0.05625
0 0.609375 0.54140625 0.028125 0.04375
0 0.74921875 0.5625 0.0375 0.0453125
0 0.290625 0.5109375 0.0484375 0.059375
0 0.32265625 0.5203125 0.0375 0.0546875
0 0.453125 0.54296875 0.0328125 0.04375
0 0.6484375 0.5671875 0.0375 0.0453125
0 0.7015625 0.58984375 0.046875 0.0546875
0 0.04140625 0.509375 0.0265625 0.034375
0 0.53046875 0.5734375 0.046875 0.0546875
0 0.41953125 0.5625 0.0484375 0.059375
0 0.84921875 0.615625 0.0484375 0.0640625
0 0.1234375 0.52890625 0.046875 0.0546875
0 0.975 0.65625 0.025 0.0578125
0 0.05703125 0.55703125 0.0421875 0.0546875
0 0.690625 0.6421875 0.046875 0.0546875
0 0.8015625 0.66796875 0.046875 0.0546875
0 0.51484375 0.64453125 0.071875 0.071875
0 0.6109375 0.6609375 0.0484375 0.06875
0 0.96328125 0.7171875 0.034375 0.0578125
0 0.759375 0.69921875 0.0484375 0.0640625
0 0.6953125 0.7296875 0.0578125 0.0703125
0 0.93828125 0.784375 0.05 0.0734375
0 0.44609375 0.72890625 0.075 0.090625
0 0.734375 0.796875 0.06875 0.0765625
0 0.94140625 0.85234375 0.046875 0.0875
0 0.6421875 0.825 0.0484375 0.06875
0 0.15 0.7671875 0.08125 0.1046875
0 0.21171875 0.81875 0.0859375 0.1046875
0 0.44765625 0.85234375 0.078125 0.0828125
0 0.36875 0.8453125 0.0796875 0.1