0 0.00703125 0.24921875 0.0140625 0.1140625
0 0.41796875 0.20859375 0.0484375 0.0734375
0 0.940625 0.15859375 0.0609375 0.1109375
0 0.76640625 0.17890625 0.065625 0.1109375
0 0.23046875 0.23515625 0.0609375 0.1109375
0 0.753125 0.009375 0.05 0.01875
0 0.3484375 0.23359375 0.059375 0.09375
0 0.69765625 0.21171875 0.0609375 0.1109375
0 0.8109375 0.00625 0.040625 0.0125
0 0.859375 0.196875 0.0609375 0.10625
0 0.4703125 0.23984375 0.0546875 0.0828125
0 0.06328125 0.2828125 0.0484375 0.06875
0 0.53515625 0.23515625 0.0515625 0.096875
0 0.19453125 0.2921875 0.059375 0.0890625
0 0.58125 0.25625 0.05625 0.1015625
0 0.0484375 0.34453125 0.05 0.0875
0 0.421875 0.3078125 0.0609375 0.1015625
0 0.625 0.025 0.053125 0.05
0 0.3625 0.04375 0.046875 0.0671875
0 0.30234375 0.34609375 0.0609375 0.10625
0 0.2015625 0.36171875 0.05 0.0921875
0 0.49296875 0.340625 0.0625 0.125
0 0.70234375 0.3390625 0.0625 0.1203125
0 0.83046875 0.32578125 0.0625 0.115625
0 0.08125 0.40625 0.05625 0.1015625
0 0.93125 0.33125 0.071875 0.1171875
0 0.253125 0.409375 0.0671875 0.125
0 0.6765625 0.0296875 0.059375 0.059375
0 0.4328125 0.04609375 0.053125 0.0875
0 0.35703125 0.4453125 0.065625 0.10625
0 0.1125 0.08203125 0.0609375 0.0921875
0 0.0125 0.49140625 0.025 0.1171875
0 0.1828125 0.0765625 0.0453125 0.0828125
0 0.42421875 0.4640625 0.071875 0.1265625
0 0.1359375 0.51484375 0.06875 0.1296875
0 0.64296875 0.4640625 0.0671875 0.125
0 0.79765625 0.45703125 0.0703125 0.103125
0 0.5765625 0.515625 0.0625 0.115625
0 0.33671875 0.56328125 0.078125 0.13125
0 0.87734375 0.5234375 0.05 0.0921875
0 0.7375 0.5453125 0.0671875 0.115625
0 0.04921875 0.62421875 0.0625 0.125
0 0.8359375 0.5484375 0.0703125 0.103125
0 0.190625 0.6390625 0.065625 0.1109375
0 0.31796875 0.07890625 0.05 0.0921875
0 0.51875 0.6328125 0.084375 0.15
0 0.6984375 0.61640625 0.0703125 0.1125
0 0.0484375 0.73828125 0.065625 0.14375
0 0.125 0.74453125 0.0703125 0.1125
0 0.428125 0.71953125 0.0765625 0.1171875
0 0.29296875 0.740625 0.0828125 0.140625
0 0.86015625 0.71328125 0.0625 0.125
0 0.5265625 0.75546875 0.0796875 0.15
0 0.21015625 0.79609375 0.0828125 0.140625
0 0.715625 0.759375 0.0984375 0.15625
0 0.39453125 0.8296875 0.071875 0.1265625
0 0.14453125 0.9046875 0.078125 0.1359375
0 0.58125 0.07734375 0.0609375 0.1015625
0 0.48828125 0.8734375 0.0828125 0.13125
0 0.3140625 0.91796875 0.0765625 0.1265625
0 0.05 0.13828125 0.0609375 0.0984375
0 0.665625 0.94375 0.0828125 0.0859375
0 0.07734375 0.98828125 0.0578125 0.0234375
0 0.390625 0.9765625 0.046875 0.046875
0 0.2234375 0.12578125 0.05 0.0921875
0 0.64453125 0.103125 0.065625 0.1109375
0 0.16875 0.1578125 0.059375 0.09375
0 0.51875 0.128125 0.0609375 0.1109375
0 0.284375 0.171875 0.05625 0.1015625
0 0.09140625 0.203125 0.0609375 0.1109375