0 0.9734375 0.1734375 0.053125 0.10625
0 0.89375 0.171875 0.0625 0.1125
0 0.8265625 0.18828125 0.0515625 0.1015625
0 0.39765625 0.10234375 0.0546875 0.1203125
0 0.71796875 0.18671875 0.0546875 0.09375
0 0.59609375 0.171875 0.053125 0.1109375
0 0.78515625 0.21484375 0.0578125 0.1109375
0 0.421875 0.1421875 0.053125 0.1109375
0 0.63203125 0.2015625 0.0625 0.1125
0 0.32890625 0.13671875 0.0578125 0.1109375
0 0.1953125 0.10859375 0.0609375 0.125
0 0.2734375 0.1296875 0.059375 0.1203125
0 0.52734375 0.19375 0.059375 0.115625
0 0.4921875 0.20078125 0.053125 0.1109375
0 0.67109375 0.240625 0.065625 0.1265625
0 0.4546875 0.20390625 0.053125 0.1109375
0 0.134375 0.16171875 0.0671875 0.1359375
0 0.96328125 0.3453125 0.0703125 0.1265625
0 0.74765625 0.3140625 0.0640625 0.121875
0 0.70390625 0.30703125 0.0625 0.1296875
0 0.84453125 0.33671875 0.0625 0.134375
0 0.54453125 0.28046875 0.0671875 0.153125
0 0.79609375 0.33359375 0.065625 0.1265625
0 0.8921875 0.35625 0.0671875 0.1578125
0 0.365625 0.26328125 0.053125 0.10625
0 0.575 0.3125 0.0578125 0.1296875
0 0.65234375 0.32890625 0.0625 0.1296875
0 0.2140625 0.240625 0.0625 0.1125
0 0.26015625 0.25 0.0515625 0.1015625
0 0.4984375 0.3078125 0.059375 0.115625
0 0.15859375 0.2359375 0.0703125 0.1265625
0 0.3953125 0.28828125 0.0609375 0.125
0 0.60625 0.33359375 0.0546875 0.115625
0 0.32890625 0.27890625 0.059375 0.115625
0 0.43828125 0.32421875 0.053125 0.10625