0 0.91328125 0.16015625 0.0046875 0.0046875
0 0.9203125 0.1625 0.009375 0.0046875
0 0.97421875 0.165625 0.009375 0.0046875
0 0.94375 0.16484375 0.009375 0.0046875
0 0.9390625 0.1671875 0.009375 0.009375
0 0.88125 0.165625 0.009375 0.009375
0 0.9546875 0.16953125 0.009375 0.0140625
0 0.86875 0.1703125 0.009375 0.009375
0 0.896875 0.17109375 0.0046875 0.0046875
0 0.91484375 0.17109375 0.009375 0.009375
0 0.90859375 0.1734375 0.009375 0.0140625
0 0.85 0.175 0.009375 0.0140625
0 0.9015625 0.17578125 0.009375 0.009375
0 0.834375 0.1765625 0.0140625 0.01875
0 0.92890625 0.17890625 0.009375 0.0140625
0 0.8875 0.178125 0.009375 0.009375
0 0.96875 0.17890625 0.009375 0.009375
0 0.81796875 0.17890625 0.009375 0.0140625
0 0.78984375 0.178125 0.009375 0.0140625
0 0.959375 0.18359375 0.0140625 0.0140625
0 0.8640625 0.184375 0.009375 0.0140625
0 0.975 0.18671875 0.0140625 0.01875
0 0.84609375 0.18671875 0.009375 0.01875
0 0.88984375 0.18984375 0.009375 0.009375
0 0.81328125 0.18828125 0.009375 0.0140625
0 0.8734375 0.19140625 0.009375 0.0140625
0 0.86640625 0.19140625 0.009375 0.0140625
0 0.7234375 0.19375 0.0140625 0.01875
0 0.92421875 0.19921875 0.0140625 0.01875
0 0.8296875 0.20234375 0.0140625 0.01875
0 0.8875 0.20390625 0.0140625 0.01875
0 0.8546875 0.203125 0.01875 0.01875
0 0.9734375 0.21015625 0.0140625 0.01875
0 0.90859375 0.20859375 0.0140625 0.01875
0 0.94296875 0.21171875 0.0140625 0.028125
0 0.98359375 0.21484375 0.0140625 0.0140625
0 0.759375 0.21328125 0.0140625 0.0234375
0 0.91875 0.2203125 0.0140625 0.0234375
0 0.86796875 0.21953125 0.0140625 0.0234375
0 0.89609375 0.22265625 0.0140625 0.0234375
0 0.71796875 0.221875 0.0140625 0.028125
0 0.678125 0.22265625 0.01875 0.0328125
0 0.79609375 0.22734375 0.01875 0.028125
0 0.98125 0.2328125 0.0234375 0.028125
0 0.81953125 0.23203125 0.01875 0.0328125
0 0.84765625 0.2375 0.01875 0.0328125
0 0.78046875 0.2359375 0.01875 0.0375
0 0.95625 0.24140625 0.01875 0.0140625
0 0.884375 0.2453125 0.01875 0.01875
0 0.7359375 0.24921875 0.0234375 0.0375
0 0.85546875 0.26328125 0.0328125 0.0375
0 0.9296875 0.26484375 0.028125 0.0375
0 0.75390625 0.26640625 0.028125 0.0421875
0 0.03203125 0.2609375 0.0421875 0.0703125
0 0.96015625 0.27890625 0.0296875 0.046875
0 0.8859375 0.28046875 0.0375 0.0515625
0 0.58984375 0.27734375 0.0375 0.0515625
0 0.98515625 0.284375 0.0296875 0.0609375
0 0.63125 0.28046875 0.0375 0.0515625
0 0.93203125 0.296875 0.028125 0.0375
0 0.753125 0.30546875 0.0375 0.0515625
0 0.83203125 0.31328125 0.0375 0.065625
0 0.33359375 0.3765625 0.0515625 0.065625
0 0.67578125 0.38515625 0.0328125 0.0609375
0 0.5765625 0.3859375 0.0515625 0.0796875
0 0.028125 0.3828125 0.0484375 0.103125
0 0.7828125 0.43984375 0.0421875 0.0609375
0 0.6375 0.465625 0.071875 0.09375
0 0.68984375 0.4984375 0.0421875 0.0515625
0 0.95390625 0.56171875 0.0921875 0.1640625
0 0.71015625 0.559375 0.065625 0.0890625
0 0.4921875 0.5625 0.0859375 0.1359375
0 0.825 0.575 0.0609375 0.0890625
0 0.26953125 0.5703125 0.090625 0.1078125
0 0.08203125 0.57890625 0.0890625 0.0375
0 0.63984375 0.59921875 0.0953125 0.1546875
0 0.76484375 0.60859375 0.103125 0.1359375
0 0.3265625 0.63828125 0.0859375 0.1359375
0 0.40859375 0.66015625 0.1375 0.1875
0 0.13359375 0.68359375 0.1078125 0.1359375
0 0.90390625 0.7015625 0.103125 0.121875
0 0.8796875 0.7875 0.1 0.178125
0 0.05546875 0.78359375 0.1 0.1875
0 0.6625 0.85703125 0.1546875 0.090625