0 0.01640625 0.275 0.0109375 0.015625
0 0.00859375 0.2859375 0.0109375 0.015625
0 0.10078125 0.27421875 0.0171875 0.0203125
0 0.02109375 0.28828125 0.0171875 0.0203125
0 0.06171875 0.28359375 0.021875 0.021875
0 0.121875 0.27578125 0.015625 0.015625
0 0.10703125 0.284375 0.0171875 0.0203125
0 0.02734375 0.2984375 0.0125 0.0203125
0 0.08203125 0.29140625 0.0171875 0.0203125
0 0.04453125 0.3 0.0109375 0.0109375
0 0.121875 0.2890625 0.0109375 0.015625
0 0.14765625 0.28671875 0.021875 0.021875
0 0.06328125 0.30390625 0.0171875 0.0203125
0 0.27109375 0.2671875 0.0234375 0.03125
0 0.003125 0.31875 0.00625 0.021875
0 0.19453125 0.28828125 0.0171875 0.0203125
0 0.06953125 0.3125 0.0171875 0.0203125
0 0.13671875 0.30546875 0.021875 0.0265625
0 0.196875 0.3 0.021875 0.021875
0 0.17421875 0.30390625 0.028125 0.03125
0 0.08984375 0.32109375 0.021875 0.0265625
0 0.0578125 0.32890625 0.0125 0.0203125
0 0.075 0.328125 0.021875 0.0265625
0 0.11015625 0.3265625 0.021875 0.0265625
0 0.81640625 0.2046875 0.0328125 0.0359375
0 0.028125 0.34375 0.0265625 0.0265625
0 0.13125 0.328125 0.0171875 0.025
0 0.09921875 0.33359375 0.021875 0.0265625
0 0.14765625 0.32734375 0.0171875 0.025
0 0.2046875 0.3171875 0.0234375 0.03125
0 0.1640625 0.3265625 0.021875 0.0265625
0 0.009375 0.353125 0.01875 0.021875
0 0.2765625 0.3140625 0.03125 0.028125
0 0.15625 0.33515625 0.0078125 0.0140625
0 0.34375 0.30625 0.028125 0.0359375
0 0.02265625 0.365625 0.0265625 0.0265625
0 0.0890625 0.3578125 0.0328125 0.0359375
0 0.2265625 0.334375 0.0234375 0.03125
0 0.1546875 0.35390625 0.025 0.0390625
0 0.00625 0.38203125 0.0125 0.0265625
0 0.1875 0.353125 0.028125 0.03125
0 0.2015625 0.35546875 0.0234375 0.03125
0 0.22890625 0.3625 0.0296875 0.040625
0 0.09921875 0.3875 0.028125 0.03125
0 0.26875 0.3625 0.0359375 0.05
0 0.2984375 0.35703125 0.034375 0.0453125
0 0.015625 0.409375 0.0234375 0.034375
0 0.0828125 0.40234375 0.0296875 0.040625
0 0.33671875 0.36015625 0.0359375 0.05
0 0.83046875 0.28203125 0.0359375 0.05
0 0.4734375 0.34921875 0.034375 0.040625
0 0.41640625 0.359375 0.0328125 0.0359375
0 0.4578125 0.3546875 0.025 0.0390625
0 0.109375 0.41796875 0.028125 0.0359375
0 0.38125 0.37265625 0.0359375 0.0546875
0 0.1578125 0.4140625 0.034375 0.0453125
0 0.1953125 0.4078125 0.034375 0.0453125
0 0.175 0.4140625 0.034375 0.0453125
0 0.68828125 0.32578125 0.034375 0.0453125
0 0.29453125 0.40234375 0.0390625 0.0515625
0 0.80859375 0.31640625 0.04375 0.046875
0 0.41640625 0.38515625 0.0390625 0.046875
0 0.5484375 0.3625 0.025 0.0390625
0 0.0171875 0.45546875 0.0234375 0.03125
0 0.66953125 0.34296875 0.028125 0.0359375
0 0.14296875 0.4359375 0.0390625 0.046875
0 0.26875 0.41640625 0.034375 0.040625
0 0.03203125 0.46015625 0.0171875 0.025
0 0.6203125 0.35625 0.0359375 0.05
0 0.25703125 0.428125 0.025 0.04375
0 0.41484375 0.41640625 0.028125 0.0359375
0 0.3890625 0.4296875 0.03125 0.05
0 0.22578125 0.465625 0.01875 0.034375
0 0.49140625 0.4234375 0.034375 0.0453125
0 0.240625 0.46796875 0.0359375 0.05
0 0.4375 0.43828125 0.0453125 0.05625
0 0.51875 0.4234375 0.0390625 0.0515625
0 0.5859375 0.4140625 0.034375 0.0453125
0 0.3015625 0.4671875 0.0390625 0.0515625
0 0.07890625 0.50859375 0.04375 0.0515625
0 0.01640625 0.5203125 0.0328125 0.06875
0 0.5546875 0.43671875 0.0390625 0.0515625
0 0.38046875 0.48828125 0.0515625 0.0671875
0 0.75625 0.43125 0.0484375 0.053125
0 0.7421875 0.43359375 0.034375 0.0453125
0 0.7875 0.4375 0.05 0.0578125
0 0.60546875 0.48828125 0.05 0.0578125
0 0.87578125 0.44296875 0.0484375 0.075
0 0.56796875 0.5 0.059375 0.0859375
0 0.903125 0.44296875 0.0515625 0.0703125
0 0.81484375 0.47265625 0.04375 0.025
0 0.73515625 0.4890625 0.0578125 0.0765625
0 0.7015625 0.5109375 0.0609375 0.0734375
0 0.4875 0.5515625 0.05625 0.071875
0 0.3703125 0.57890625 0.0515625 0.0671875
0 0.42890625 0.578125 0.05 0.0625
0 0.840625 0.5109375 0.071875 0.0828125
0 0.64921875 0.546875 0.0515625 0.0703125
0 0.1984375 0.6703125 0.05625 0.071875
0 0.425 0.6453125 0.05625 0.0671875
0 0.553125 0.625 0.053125 0.075
0 0.06875 0.71015625 0.05625 0.071875
0 0.3125 0.6765625 0.05625 0.0671875
0 0.12734375 0.7234375 0.0515625 0.0671875
0 0.7625 0.61796875 0.0625 0.08125
0 0.478125 0.70859375 0.0515625 0.0703125
0 0.08359375 0.89765625 0.05625 0.0984375