0 0.6140625 0.546875 0.0109375 0.0109375
0 0.7515625 0.5703125 0.0109375 0.015625
0 0.0859375 0.465625 0.0109375 0.0109375
0 0.678125 0.559375 0.0109375 0.0109375
0 0.6046875 0.54765625 0.00625 0.009375
0 0.83984375 0.584375 0.0109375 0.015625
0 0.0421875 0.46015625 0.0109375 0.015625
0 0.09453125 0.46796875 0.0109375 0.0109375
0 0.1453125 0.4765625 0.00625 0.009375
0 0.58671875 0.54609375 0.0109375 0.0109375
0 0.39453125 0.515625 0.0109375 0.0109375
0 0.38046875 0.51328125 0.0109375 0.0109375
0 0.575 0.54453125 0.00625 0.009375
0 0.63671875 0.55390625 0.0046875 0.0046875
0 0.778125 0.5765625 0.00625 0.009375
0 0.5703125 0.54609375 0.0109375 0.0109375
0 0.81484375 0.584375 0.0109375 0.0109375
0 0.734375 0.571875 0.0109375 0.0109375
0 0.72734375 0.57109375 0.00625 0.009375
0 0.5609375 0.54453125 0.0109375 0.0109375
0 0.784375 0.5796875 0.0109375 0.0109375
0 0.62734375 0.5546875 0.00625 0.009375
0 0.278125 0.5 0.00625 0.009375
0 0.32734375 0.51015625 0.00625 0.009375
0 0.61796875 0.55546875 0.00625 0.009375
0 0.64296875 0.56015625 0.00625 0.009375
0 0.65390625 0.56171875 0.00625 0.009375
0 0.71796875 0.571875 0.0109375 0.015625
0 0.4046875 0.521875 0.0109375 0.0109375
0 0.33671875 0.51171875 0.00625 0.009375
0 0.54453125 0.54453125 0.00625 0.009375
0 0.66796875 0.5640625 0.00625 0.009375
0 0.4234375 0.525 0.00625 0.009375
0 0.3984375 0.52109375 0.00625 0.009375
0 0.78828125 0.58515625 0.0109375 0.0109375
0 0.25625 0.50078125 0.00625 0.009375
0 0.809375 0.58828125 0.00625 0.009375
0 0.48203125 0.53671875 0.00625 0.009375
0 0.50078125 0.53984375 0.0046875 0.0046875
0 0.77265625 0.5828125 0.0109375 0.0109375
0 0.75859375 0.5828125 0.0046875 0.0046875
0 0.83359375 0.59453125 0.0109375 0.0109375
0 0.5296875 0.546875 0.009375 0.00625
0 0.6859375 0.57109375 0.0109375 0.0109375
0 0.70859375 0.575 0.0046875 0.0046875
0 0.45703125 0.53515625 0.0046875 0.0046875
0 0.5234375 0.5453125 0.0046875 0.0046875
0 0.43671875 0.53203125 0.00625 0.009375
0 0.321875 0.51640625 0.0046875 0.0046875
0 0.75390625 0.584375 0.0046875 0.0046875
0 0.509375 0.54609375 0.0109375 0.0109375
0 0.51640625 0.546875 0.0046875 0.0046875
0 0.43359375 0.53359375 0.0046875 0.0046875
0 0.55234375 0.55234375 0.0046875 0.0046875
0 0.49765625 0.54609375 0.00625 0.009375
0 0.3125 0.5171875 0.0109375 0.015625
0 0.4625 0.540625 0.00625 0.009375
0 0.46953125 0.5421875 0.00625 0.009375
0 0.4546875 0.5515625 0.0109375 0.0109375
0 0.47890625 0.6015625 0.0109375 0.015625
0 0.49921875 0.6078125 0.00625 0.009375
0 0.4921875 0.60859375 0.00625 0.009375
0 0.521875 0.61328125 0.00625 0.009375
0 0.4390625 0.6046875 0.00625 0.009375
0 0.45234375 0.60703125 0.00625 0.009375
0 0.3390625 0.61328125 0.0109375 0.0109375
0 0.63203125 0.66171875 0.0109375 0.0109375
0 0.5921875 0.66953125 0.0109375 0.0109375
0 0.653125 0.68828125 0.0046875 0.0046875
0 0.65703125 0.690625 0.0046875 0.0046875
0 0.6640625 0.6921875 0.00625 0.009375
0 0.65 0.6921875 0.00625 0.009375
0 0.675 0.6984375 0.0046875 0.0046875
0 0.32421875 0.6453125 0.0109375 0.015625
0 0.6515625 0.696875 0.00625 0.009375
0 0.66796875 0.7 0.00625 0.009375
0 0.31953125 0.64453125 0.00625 0.0140625
0 0.66015625 0.70078125 0.0046875 0.0046875
0 0.62109375 0.696875 0.0109375 0.015625
0 0.6890625 0.71015625 0.00625 0.009375
0 0.2296875 0.63984375 0.00625 0.009375
0 0.234375 0.640625 0.00625 0.009375
0 0.67265625 0.7125 0.0109375 0.0109375
0 0.2765625 0.65 0.00625 0.009375
0 0.6359375 0.70625 0.0109375 0.0109375
0 0.68671875 0.71484375 0.0046875 0.0046875
0 0.7296875 0.7234375 0.0109375 0.0109375
0 0.73828125 0.7296875 0.00625 0.009375
0 0.7546875 0.7375 0.0046875 0.0046875
0 0.1796875 0.64609375 0.0109375 0.0109375
0 0.734375 0.73671875 0.00625 0.009375
0 0.18828125 0.65 0.00625 0.009375
0 0.76640625 0.74140625 0.0109375 0.0109375
0 0.6796875 0.73046875 0.0109375 0.0109375
0 0.6859375 0.73125 0.0109375 0.0109375
0 0.77890625 0.75078125 0.0109375 0.015625
0 0.2421875 0.665625 0.00625 0.009375
0 0.7171875 0.740625 0.00625 0.009375
0 0.7328125 0.74609375 0.0109375 0.0109375
0 0.29609375 0.67890625 0.00625 0.009375
0 0.66875 0.73828125 0.0109375 0.015625
0 0.25234375 0.671875 0.00625 0.009375
0 0.48828125 0.709375 0.00625 0.009375
0 0.7640625 0.75546875 0.0109375 0.0109375
0 0.2296875 0.6703125 0.00625 0.009375
0 0.428125 0.70234375 0.0109375 0.0109375
0 0.65625 0.740625 0.0109375 0.0109375
0 0.809375 0.76484375 0.0109375 0.015625
0 0.23984375 0.67734375 0.00625 0.009375
0 0.69921875 0.75 0.0109375 0.015625
0 0.54609375 0.728125 0.00625 0.0140625
0 0.1453125 0.66484375 0.0109375 0.015625
0 0.8265625 0.77421875 0.0109375 0.015625
0 0.27109375 0.6859375 0.0109375 0.0109375
0 0.553125 0.73046875 0.00625 0.009375
0 0.6390625 0.74453125 0.0109375 0.0109375
0 0.43203125 0.71171875 0.0109375 0.015625
0 0.6625 0.74765625 0.0109375 0.0109375
0 0.49765625 0.721875 0.00625 0.009375
0 0.5296875 0.72734375 0.0109375 0.015625
0 0.5953125 0.73984375 0.0109375 0.0109375
0 0.63203125 0.7453125 0.0109375 0.0109375
0 0.6484375 0.7484375 0.00625 0.0140625
0 0.02421875 0.64921875 0.0109375 0.015625
0 0.75078125 0.7640625 0.0109375 0.015625
0 0.26796875 0.690625 0.0109375 0.0109375
0 0.61328125 0.74765625 0.0109375 0.015625
0 0.809375 0.778125 0.0109375 0.015625
0 0.521875 0.7328125 0.0109375 0.015625
0 0.778125 0.7734375 0.0109375 0.015625
0 0.146875 0.6734375 0.00625 0.009375
0 0.6015625 0.74765625 0.0109375 0.0109375
0 0.62890625 0.75234375 0.009375 0.00625
0 0.134375 0.6765625 0.0109375 0.015625
0 0.271875 0.69765625 0.00625 0.0140625
0 0.2625 0.696875 0.0109375 0.0109375
0 0.178125 0.68515625 0.00625 0.009375
0 0.62734375 0.759375 0.0109375 0.0109375
0 0.7 0.77265625 0.0109375 0.015625
0 0.678125 0.76953125 0.0109375 0.015625
0 0.09921875 0.678125 0.0125 0.0203125
0 0.8171875 0.79140625 0.0109375 0.015625
0 0.521875 0.74453125 0.00625 0.0140625
0 0.71171875 0.775 0.0109375 0.0109375
0 0.12578125 0.684375 0.0125 0.0203125
0 0.546875 0.75078125 0.0109375 0.015625
0 0.56953125 0.7546875 0.0125 0.0203125
0 0.76171875 0.78515625 0.0109375 0.015625
0 0.74296875 0.78203125 0.0109375 0.0109375
0 0.53359375 0.74921875 0.0109375 0.015625
0 0.7984375 0.790625 0.0125 0.0203125
0 0.73203125 0.7828125 0.015625 0.015625
0 0.79375 0.7921875 0.0125 0.0203125
0 0.76796875 0.78828125 0.0109375 0.015625
0 0.87734375 0.8078125 0.0171875 0.0203125
0 0.10703125 0.68828125 0.0125 0.0203125
0 0.86171875 0.81015625 0.0109375 0.015625
0 0.91640625 0.81875 0.0109375 0.015625
0 0.840625 0.80703125 0.0109375 0.015625
0 0.684375 0.784375 0.0109375 0.015625
0 0.5859375 0.76953125 0.0125 0.0203125
0 0.23828125 0.71875 0.0109375 0.0109375
0 0.734375 0.79765625 0.0109375 0.015625
0 0.6453125 0.7828125 0.0109375 0.015625
0 0.65390625 0.784375 0.0109375 0.015625
0 0.7015625 0.79453125 0.0171875 0.0203125
0 0.81953125 0.8203125 0.0125 0.0203125
0 0.8078125 0.82109375 0.015625 0.015625
0 0.67109375 0.79921875 0.0125 0.0203125
0 0.75078125 0.81171875 0.0109375 0.015625
0 0.08984375 0.70703125 0.0125 0.0203125
0 0.0828125 0.70859375 0.0171875 0.0203125
0 0.628125 0.79921875 0.0109375 0.0109375
0 0.24609375 0.74140625 0.0109375 0.015625
0 0.1171875 0.7234375 0.00625 0.0140625
0 0.56796875 0.79453125 0.0171875 0.0203125
0 0.9421875 0.8578125 0.015625 0.015625
0 0.66171875 0.81328125 0.0125 0.025
0 0.128125 0.73125 0.0125 0.0203125
0 0.16015625 0.73671875 0.0125 0.0203125
0 0.6359375 0.81171875 0.0171875 0.0203125
0 0.6078125 0.81484375 0.0125 0.0203125
0 0.3484375 0.77578125 0.0171875 0.0203125
0 0.1375 0.74453125 0.015625 0.015625
0 0.26796875 0.765625 0.0109375 0.015625
0 0.56484375 0.81484375 0.0109375 0.015625
0 0.5578125 0.815625 0.0109375 0.015625
0 0.66484375 0.8375 0.021875 0.021875
0 0.23828125 0.775 0.021875 0.0265625
0 0.13984375 0.76171875 0.0171875 0.0203125
0 0.51953125 0.821875 0.0171875 0.0203125
0 0.50234375 0.82421875 0.0125 0.0203125
0 0.51171875 0.825 0.0171875 0.0203125
0 0.28515625 0.7921875 0.0125 0.0203125
0 0.47265625 0.82421875 0.0171875 0.0203125
0 0.79375 0.87734375 0.021875 0.021875
0 0.58828125 0.846875 0.021875 0.021875
0 0.2171875 0.79296875 0.0125 0.0203125
0 0.3421875 0.81484375 0.0171875 0.0203125
0 0.00625 0.7609375 0.0125 0.03125
0 0.3921875 0.82578125 0.0171875 0.0203125
0 0.87890625 0.90234375 0.021875 0.021875
0 0.021875 0.76640625 0.0234375 0.03125
0 0.8484375 0.9 0.0234375 0.03125
0 0.8671875 0.903125 0.028125 0.03125
0 0.75 0.88671875 0.01875 0.0296875
0 0.6859375 0.8765625 0.015625 0.015625
0 0.46953125 0.84375 0.0171875 0.0203125
0 0.71875 0.8953125 0.0171875 0.025
0 0.68828125 0.8953125 0.021875 0.0265625
0 0.6578125 0.90703125 0.0234375 0.03125
0 0.165625 0.83359375 0.021875 0.0265625
0 0.921875 0.95625 0.028125 0.03125
0 0.60625 0.90859375 0.0234375 0.03125
0 0.571875 0.90546875 0.021875 0.0265625
0 0.10234375 0.83359375 0.021875 0.0265625
0 0.4890625 0.90625 0.0234375 0.03125
0 0.12109375 0.88046875 0.0171875 0.025
0 0.27109375 0.91171875 0.0234375 0.034375
0 0.29921875 0.92265625 0.01875 0.034375