0 0.91328125 0.28359375 0.025 0.04375
0 0.15859375 0.41875 0.0296875 0.0453125
0 0.53359375 0.3578125 0.025 0.04375
0 0.04609375 0.44375 0.0296875 0.0453125
0 0.64765625 0.3375 0.028125 0.0359375
0 0.80078125 0.3109375 0.0296875 0.0453125
0 0.19921875 0.41875 0.028125 0.0359375
0 0.00234375 0.4546875 0.0046875 0.034375
0 0.32890625 0.3984375 0.025 0.0390625
0 0.703125 0.33515625 0.0234375 0.034375
0 0.234375 0.41796875 0.03125 0.0546875
0 0.58125 0.36328125 0.028125 0.0359375
0 0.9625 0.29609375 0.025 0.0390625
0 0.76875 0.3328125 0.028125 0.0359375
0 0.6125 0.3625 0.0296875 0.0453125
0 0.5265625 0.02734375 0.025 0.0390625
0 0.5234375 0.39296875 0.025 0.04375
0 0.865625 0.334375 0.0265625 0.0484375
0 0.1296875 0.46484375 0.028125 0.0359375
0 0.48984375 0.403125 0.025 0.0390625
0 0.30234375 0.4453125 0.0296875 0.0453125
0 0.32734375 0.440625 0.025 0.04375
0 0.18125 0.46640625 0.0296875 0.0453125
0 0.65078125 0.38359375 0.03125 0.0546875
0 0.43046875 0.425 0.03125 0.05
0 0.45625 0.425 0.025 0.04375
0 0.89609375 0.34765625 0.0296875 0.040625
0 0.69140625 0.3859375 0.034375 0.0453125
0 0.6234375 0.015625 0.025 0.03125
0 0.6625 0.01484375 0.025 0.0296875
0 0.37109375 0.45 0.021875 0.0265625
0 0.1546875 0.48828125 0.028125 0.0359375
0 0.76015625 0.38828125 0.025 0.04375
0 0.78515625 0.38359375 0.01875 0.034375
0 0.21171875 0.4875 0.0296875 0.0453125
0 0.01953125 0.52109375 0.0359375 0.0546875
0 0.48671875 0.4390625 0.0296875 0.040625
0 0.9453125 0.3578125 0.025 0.04375
0 0.259375 0.48125 0.028125 0.0359375
0 0.58125 0.425 0.025 0.04375
0 0.91640625 0.36796875 0.0296875 0.0453125
0 0.559375 0.4359375 0.025 0.04375
0 0.52265625 0.44453125 0.0296875 0.0453125
0 0.88984375 0.3890625 0.0234375 0.034375
0 0.56953125 0.0265625 0.0234375 0.03125
0 0.09296875 0.534375 0.0359375 0.0546875
0 0.3265625 0.5 0.028125 0.03125
0 0.70546875 0.43515625 0.0234375 0.034375
0 0.7203125 0.4328125 0.025 0.04375
0 0.68515625 0.44140625 0.0296875 0.0453125
0 0.8375 0.4140625 0.0140625 0.0296875
0 0.43203125 0.48828125 0.0296875 0.040625
0 0.13359375 0.54296875 0.0375 0.0375
0 0.74296875 0.43828125 0.0234375 0.034375
0 0.37890625 0.50703125 0.0296875 0.040625
0 0.0578125 0.56640625 0.034375 0.0453125
0 0.22421875 0.53671875 0.034375 0.0453125
0 0.59375 0.471875 0.0296875 0.0453125
0 0.6734375 0.4578125 0.0296875 0.0453125
0 0.51484375 0.48984375 0.028125 0.0359375
0 0.7953125 0.440625 0.01875 0.034375
0 0.184375 0.5484375 0.034375 0.0453125
0 0.540625 0.490625 0.025 0.04375
0 0.15546875 0.55859375 0.025 0.04375
0 0.28984375 0.53671875 0.034375 0.0453125
0 0.653125 0.475 0.034375 0.040625
0 0.20234375 0.55703125 0.0296875 0.040625
0 0.3375 0.5359375 0.0296875 0.0453125
0 0.465625 0.515625 0.025 0.04375
0 0.93671875 0.4328125 0.025 0.04375
0 0.41953125 0.52578125 0.0296875 0.0453125
0 0.5046875 0.5109375 0.0234375 0.034375
0 0.97109375 0.42890625 0.0234375 0.034375
0 0.85390625 0.45390625 0.0296875 0.0453125
0 0.78671875 0.47578125 0.025 0.04375
0 0.61171875 0.50859375 0.0296875 0.0453125
0 0.23984375 0.57421875 0.028125 0.0359375
0 0.36796875 0.5515625 0.0234375 0.034375
0 0.2640625 0.57265625 0.0296875 0.040625
0 0.49140625 0.5328125 0.025 0.0390625
0 0.49296875 0.04765625 0.025 0.04375
0 0.20234375 0.10078125 0.028125 0.0359375
0 0.91796875 0.4609375 0.025 0.04375
0 0.75234375 0.490625 0.025 0.04375
0 0.56875 0.5296875 0.025 0.04375
0 0.88125 0.475 0.0234375 0.034375
0 0.31640625 0.5765625 0.0296875 0.0453125
0 0.740625 0.50703125 0.025 0.04375
0 0.9796875 0.46484375 0.025 0.0390625
0 0.028125 0.63515625 0.03125 0.05
0 0.534375 0.5453125 0.0296875 0.040625
0 0.13046875 0.63359375 0.025 0.04375
0 0.33359375 0.08046875 0.025 0.0390625
0 0.89375 0.50625 0.0296875 0.040625
0 0.66171875 0.546875 0.025 0.04375
0 0.45 0.59140625 0.028125 0.0359375
0 0.52109375 0.58125 0.0359375 0.0546875
0 0.96953125 0.50703125 0.0296875 0.040625
0 0.365625 0.61796875 0.028125 0.0359375
0 0.47734375 0.5984375 0.0234375 0.034375
0 0.99296875 0.5078125 0.0140625 0.04375
0 0.75078125 0.5515625 0.034375 0.0453125
0 0.83984375 0.5453125 0.03125 0.05
0 0.1390625 0.11953125 0.0234375 0.034375
0 0.08046875 0.1296875 0.0234375 0.03125
0 0.72265625 0.5734375 0.0296875 0.0453125
0 0.5015625 0.6171875 0.025 0.04375
0 0.225 0.67109375 0.05 0.0578125
0 0.3109375 0.6578125 0.03125 0.0546875
0 0.67421875 0.59375 0.0296875 0.040625
0 0.14609375 0.69140625 0.03125 0.0546875
0 0.76875 0.584375 0.0421875 0.0640625
0 0.184375 0.6875 0.025 0.0390625
0 0.41875 0.65078125 0.0296875 0.040625
0 0.94921875 0.55703125 0.01875 0.0296875
0 0.890625 0.5703125 0.025 0.0390625
0 0.2875 0.67890625 0.034375 0.0453125
0 0.734375 0.01875 0.025 0.0375
0 0.66484375 0.621875 0.025 0.0390625
0 0.93828125 0.5734375 0.025 0.0390625
0 0.98984375 0.56328125 0.0203125 0.0453125
0 0.6375 0.62890625 0.0296875 0.0453125
0 0.40390625 0.6765625 0.028125 0.0359375
0 0.596875 0.646875 0.034375 0.0453125
0 0.753125 0.61953125 0.0234375 0.03125
0 0.87890625 0.59765625 0.0296875 0.0453125
0 0.4484375 0.071875 0.0296875 0.0453125
0 0.6078125 0.04375 0.0234375 0.03125
0 0.9140625 0.60546875 0.0359375 0.0546875
0 0.4609375 0.6921875 0.0234375 0.03125
0 0.1625 0.7453125 0.0296875 0.040625
0 0.36796875 0.7109375 0.0296875 0.0453125
0 0.0734375 0.76328125 0.0296875 0.0453125
0 0.69375 0.65390625 0.0296875 0.0453125
0 0.196875 0.74140625 0.034375 0.0453125
0 0.86171875 0.63125 0.0234375 0.034375
0 0.49140625 0.7015625 0.0296875 0.0453125
0 0.64609375 0.67421875 0.028125 0.0359375
0 0.346875 0.7265625 0.0234375 0.03125
0 0.83984375 0.63984375 0.025 0.04375
0 0.8 0.65390625 0.0296875 0.0453125
0 0.4890625 0.0046875 0.015625 0.009375
0 0.31640625 0.09765625 0.0203125 0.04375
0 0.36640625 0.0890625 0.025 0.0390625
0 0.634375 0.69296875 0.0296875 0.0453125
0 0.24140625 0.76484375 0.03125 0.0546875
0 0.28984375 0.76015625 0.0359375 0.05
0 0.45 0.73671875 0.0234375 0.034375
0 0.74921875 0.68359375 0.0234375 0.034375
0 0.58671875 0.71484375 0.0390625 0.046875
0 0.5484375 0.721875 0.0296875 0.0453125
0 0.10859375 0.8015625 0.034375 0.040625
0 0.69921875 0.69765625 0.03125 0.0546875
0 0.16640625 0.79609375 0.034375 0.040625
0 0.4203125 0.75390625 0.0296875 0.040625
0 0.84296875 0.68359375 0.025 0.0390625
0 0.23203125 0.79140625 0.034375 0.0453125
0 0.19609375 0.8 0.0390625 0.0515625
0 0.578125 0.7328125 0.0359375 0.0546875
0 0.76796875 0.0203125 0.028125 0.0359375
0 0.403125 0.08671875 0.0296875 0.0453125
0 0.7 0.034375 0.0296875 0.0453125
0 0.39921875 0.771875 0.034375 0.0453125
0 0.92734375 0.68125 0.034375 0.0453125
0 0.98671875 0.67890625 0.0265625 0.0546875
0 0.359375 0.7953125 0.0296875 0.040625
0 0.3046875 0.8171875 0.028125 0.0359375
0 0.2453125 0.82734375 0.0296875 0.0453125
0 0.065625 0.86171875 0.025 0.04375
0 0.778125 0.746875 0.0296875 0.0453125
0 0.3546875 0.82421875 0.0296875 0.040625
0 0.92109375 0.72890625 0.0390625 0.0515625
0 0.86953125 0.74296875 0.0296875 0.040625
0 0.48671875 0.8125 0.0296875 0.0453125
0 0.71484375 0.77265625 0.0296875 0.0453125
0 0.6171875 0.7921875 0.034375 0.040625
0 0.959375 0.7359375 0.025 0.04375
0 0.42265625 0.08828125 0.0234375 0.03125
0 0.5578125 0.81640625 0.040625 0.05625
0 0.65390625 0.8 0.04375 0.046875
0 0.99453125 0.740625 0.0109375 0.034375
0 0.75703125 0.7984375 0.03125 0.05
0 0.9578125 0.7625 0.025 0.04375
0 0.2328125 0.89296875 0.0296875 0.040625
0 0.890625 0.7796875 0.0296875 0.0453125
0 0.94140625 0.7765625 0.0234375 0.034375
0 0.378125 0.103125 0.0234375 0.034375
0 0.5515625 0.07265625 0.028125 0.03125
0 0.8359375 0.80234375 0.0296875 0.0453125
0 0.3390625 0.8921875 0.0296875 0.0453125
0 0.621875 0.84296875 0.0453125 0.05625
0 0.925 0.7890625 0.0296875 0.040625
0 0.39296875 0.88984375 0.05 0.0625
0 0.69453125 0.84140625 0.0296875 0.0453125
0 0.10390625 0.9484375 0.040625 0.05625
0 0.51484375 0.87578125 0.0390625 0.0515625
0 0.21875 0.928125 0.03125 0.05
0 0.7390625 0.84375 0.025 0.04375
0 0.77421875 0.8421875 0.034375 0.0453125
0 0.30234375 0.92734375 0.0296875 0.040625
0 0.80859375 0.83828125 0.0296875 0.0453125
0 0.08671875 0.96875 0.0328125 0.0625
0 0.56171875 0.89140625 0.034375 0.0453125
0 0.96015625 0.83046875 0.0234375 0.03125
0 0.66640625 0.88671875 0.0328125 0.0359375
0 0.88359375 0.85 0.034375 0.040625
0 0.86171875 0.859375 0.0296875 0.0453125
0 0.2265625 0.9734375 0.0390625 0.046875
0 0.0125 0.17265625 0.025 0.0453125
0 0.08046875 0.1609375 0.0265625 0.053125
0 0.6828125 0.05625 0.025 0.04375
0 0.0328125 0.1703125 0.0234375 0.034375
0 0.49453125 0.9359375 0.0453125 0.05625
0 0.99296875 0.85234375 0.0140625 0.0453125
0 0.16875 0.9921875 0.034375 0.015625
0 0.47890625 0.95234375 0.028125 0.0359375
0 0.66171875 0.9203125 0.034375 0.0453125
0 0.72578125 0.9140625 0.0359375 0.0546875
0 0.38203125 0.9765625 0.0390625 0.046875
0 0.35234375 0.98046875 0.0296875 0.0390625
0 0.965625 0.87421875 0.0296875 0.040625
0 0.9125 0.89296875 0.046875 0.065625
0 0.88125 0.0234375 0.01875 0.0296875
0 0.28125 0.12890625 0.01875 0.0296875
0 0.8015625 0.0375 0.0296875 0.0453125
0 0.94921875 0.8890625 0.0296875 0.0453125
0 0.27265625 0.99453125 0.0390625 0.0109375
0 0.803125 0.92578125 0.0296875 0.0453125
0 0.31953125 0.9921875 0.0390625 0.015625
0 0.421875 0.9875 0.028125 0.025
0 0.76796875 0.9390625 0.034375 0.040625
0 0.66328125 0.96015625 0.0328125 0.0359375
0 0.9609375 0.9125 0.0265625 0.021875
0 0.71953125 0.0546875 0.01875 0.0296875
0 0.4765625 0.1 0.025 0.04375
0 0.58515625 0.08046875 0.0234375 0.034375
0 0.153125 0.15859375 0.0296875 0.040625
0 0.45234375 0.10625 0.0296875 0.0453125
0 0.6390625 0.0734375 0.0296875 0.040625
0 0.8484375 0.03671875 0.01875 0.0296875
0 0.21015625 0.14921875 0.0296875 0.0453125
0 0.91484375 0.02734375 0.025 0.04375
0 0.178125 0.0609375 0.021875 0.0265625
0 0.24921875 0.0484375 0.021875 0.0265625
0 0.05078125 0.08359375 0.0171875 0.025
0 0.32421875 0.0375 0.0234375 0.03125
0 0.396875 0.025 0.0234375 0.03125
0 0.0234375 0.090625 0.0234375 0.03125
0 0.18984375 0.1546875 0.0203125 0.0390625
0 0.24609375 0.15234375 0.0171875 0.025
0 0.3859375 0.1296875 0.028125 0.0359375
0 0.42421875 0.1234375 0.025 0.0390625
0 0.8953125 0.03984375 0.0234375 0.034375
0 0.6171875 0.09609375 0.025 0.04375
0 0.746875 0.0734375 0.0296875 0.0453125
0 0.125 0.1875 0.025 0.04375
0 0.3265625 0.1546875 0.03125 0.05
0 0.68515625 0.09609375 0.0296875 0.0453125
0 0.78046875 0.07890625 0.0234375 0.034375
0 0.5578125 0.12109375 0.0328125 0.0359375
0 0.65546875 0.10390625 0.01875 0.0296875
0 0.2984375 0.17109375 0.0234375 0.034375
0 0.29921875 0.0421875 0.0234375 0.03125
0 0.1359375 0.0734375 0.028125 0.0359375
0 0.41171875 0.02421875 0.0234375 0.034375
0 0.040625 0.2171875 0.028125 0.0359375
0 0.440625 0.1484375 0.025 0.04375
0 0.25625 0.18359375 0.028125 0.0359375
0 0.88125 0.07578125 0.03125 0.05
0 0.5125 0.14296875 0.0234375 0.03125
0 0.665625 0.12265625 0.0234375 0.03125
0 0.609375 0.1375 0.025 0.04375
0 0.72421875 0.11953125 0.0296875 0.0453125
0 0.75390625 0.1140625 0.0234375 0.03125
0 0.81796875 0.103125 0.03125 0.05
0 0.478125 0.16484375 0.025 0.0390625
0 0.37890625 0.18515625 0.028125 0.0359375
0 0.584375 0.1484375 0.0296875 0.0453125
0 0.21328125 0.21875 0.0265625 0.0484375
0 0.63984375 0.14375 0.028125 0.0359375
0 0.8578125 0.10546875 0.0234375 0.03125
0 0.378125 0.0328125 0.025 0.0390625
0 0.4328125 0.0234375 0.0234375 0.034375
0 0.47734375 0.01953125 0.0296875 0.0390625
0 0.91875 0.1015625 0.028125 0.03125
0 0.265625 0.22421875 0.025 0.04375
0 0.90625 0.1109375 0.0296875 0.0453125
0 0.46953125 0.190625 0.0234375 0.034375
0 0.14296875 0.24765625 0.03125 0.05
0 0.36015625 0.21484375 0.0296875 0.0453125
0 0.01015625 0.27578125 0.0203125 0.0359375
0 0.61171875 0.175 0.025 0.0390625
0 0.634375 0.18046875 0.0234375 0.034375
0 0.72578125 0.16640625 0.025 0.04375
0 0.10390625 0.2765625 0.0234375 0.034375
0 0.50546875 0.01484375 0.0234375 0.0296875
0 0.03671875 0.09765625 0.01875 0.034375
0 0.434375 0.2203125 0.0296875 0.040625
0 0.053125 0.2875 0.0203125 0.0390625
0 0.67890625 0.18203125 0.025 0.0390625
0 0.75390625 0.16875 0.03125 0.0546875
0 0.175 0.27265625 0.0296875 0.0453125
0 0.52421875 0.2109375 0.0234375 0.034375
0 0.55390625 0.20546875 0.03125 0.05
0 0.6671875 0.1859375 0.01875 0.034375
0 0.84375 0.1546875 0.0296875 0.0453125
0 0.50390625 0.21484375 0.025 0.0390625
0 0.80078125 0.16953125 0.0234375 0.034375
0 0.91015625 0.159375 0.0296875 0.0453125
0 0.23359375 0.28125 0.0296875 0.040625
0 0.10625 0.30390625 0.025 0.0390625
0 0.04296875 0.31953125 0.0234375 0.03125
0 0.45625 0.2515625 0.025 0.04375
0 0.35390625 0.04453125 0.025 0.0390625
0 0.28125 0.059375 0.0328125 0.059375
0 0.44921875 0.0296875 0.0234375 0.034375
0 0.54765625 0.0171875 0.0296875 0.034375
0 0.31484375 0.27890625 0.0296875 0.0453125
0 0.54375 0.23828125 0.0234375 0.034375
0 0.378125 0.275 0.0296875 0.0453125
0 0.00625 0.3453125 0.0125 0.046875
0 0.41015625 0.27109375 0.0359375 0.0546875
0 0.77734375 0.20703125 0.0296875 0.0453125
0 0.6296875 0.23515625 0.028125 0.0359375
0 0.73671875 0.21640625 0.0234375 0.034375
0 0.66484375 0.23359375 0.0265625 0.053125
0 0.16328125 0.32421875 0.021875 0.0265625
0 0.8859375 0.196875 0.0234375 0.034375
0 0.07890625 0.3390625 0.028125 0.0359375
0 0.7 0.234375 0.0234375 0.034375
0 0.92734375 0.19453125 0.0234375 0.03125
0 0.49609375 0.278125 0.025 0.0390625
0 0.5921875 0.2609375 0.03125 0.0546875
0 0.55546875 0.26875 0.0265625 0.0484375
0 0.20234375 0.07578125 0.0328125 0.0359375
0 0.68671875 0.00546875 0.0203125 0.0109375
0 0.05234375 0.36015625 0.0203125 0.0390625
0 0.84765625 0.21953125 0.025 0.0390625
0 0.17109375 0.34140625 0.0265625 0.0484375
0 0.10078125 0.35390625 0.028125 0.0359375
0 0.23125 0.33359375 0.0296875 0.040625
0 0.63984375 0.26796875 0.021875 0.0265625
0 0.45078125 0.30390625 0.0359375 0.0546875
0 0.73203125 0.2546875 0.025 0.0390625
0 0.54296875 0.28984375 0.025 0.04375
0 0.009375 0.3859375 0.01875 0.034375
0 0.415625 0.31484375 0.01875 0.034375
0 0.77734375 0.25859375 0.025 0.0390625
0 0.91640625 0.23359375 0.0296875 0.040625
0 0.278125 0.3484375 0.03125 0.0546875
0 0.2109375 0.36796875 0.034375 0.0453125
0 0.36171875 0.34140625 0.03125 0.0546875
0 0.61015625 0.29765625 0.0296875 0.0453125
0 0.95 0.23984375 0.0265625 0.0484375
0 0.4109375 0.33984375 0.0234375 0.034375
0 0.5015625 0.32578125 0.025 0.04375
0 0.403125 0.35078125 0.025 0.04375
0 0.665625 0.30390625 0.0296875 0.040625
0 0.32109375 0.36484375 0.0296875 0.0453125
0 0.11640625 0.403125 0.025 0.04375
0 0.2453125 0.38515625 0.0296875 0.040625
0 0.47265625 0.346875 0.0296875 0.040625
0 0.7609375 0.30078125 0.025 0.04375
0 0.06640625 0.4234375 0.0234375 0.034375