0 0.95390625 0.1078125 0.0375 0.0453125
0 0.89921875 0.48359375 0.0703125 0.1046875
0 0.59140625 0.44375 0.0953125 0.121875
0 0.75625 0.08125 0.0359375 0.0546875
0 0.6375 0.0625 0.0328125 0.040625
0 0.10078125 0.40234375 0.0578125 0.084375
0 0.13984375 0.41953125 0.090625 0.090625
0 0.309375 0.02109375 0.04375 0.0421875
0 0.85078125 0.5625 0.1046875 0.1546875
0 0.5109375 0.046875 0.0390625 0.05
0 0.725 0.0828125 0.0421875 0.0421875
0 0.415625 0.5265625 0.1203125 0.1703125
0 0.15625 0.49453125 0.0921875 0.134375
0 0.65703125 0.5859375 0.0984375 0.11875
0 0.29609375 0.52890625 0.1328125 0.190625
0 0.18828125 0.01875 0.0453125 0.0375
0 0.37578125 0.03984375 0.0375 0.040625
0 0.53671875 0.65390625 0.121875 0.121875
0 0.4828125 0.05703125 0.028125 0.0359375
0 0.546875 0.0671875 0.0453125 0.065625
0 0.60859375 0.0765625 0.03125 0.053125
0 0.8265625 0.11328125 0.0375 0.040625
0 0.64921875 0.72734375 0.134375 0.1765625
0 0.159375 0.0171875 0.034375 0.034375
0 0.57890625 0.07890625 0.040625 0.059375
0 0.03671875 0.659375 0.0734375 0.16875
0 0.32734375 0.7609375 0.078125 0.1234375
0 0.5078125 0.7890625 0.1421875 0.1921875
0 0.64609375 0.09921875 0.0390625 0.0546875
0 0.7640625 0.87734375 0.1765625 0.2375
0 0.6953125 0.11171875 0.0375 0.040625
0 0.0109375 0.8046875 0.021875 0.175
0 0.62109375 0.1046875 0.04375 0.05625
0 0.4390625 0.88671875 0.1875 0.2265625
0 0.4765625 0.084375 0.0328125 0.040625
0 0.58984375 0.96484375 0.1546875 0.0703125
0 0.8296875 0.153125 0.034375 0.05
0 0.2390625 0.0625 0.0390625 0.05
0 0.72890625 0.146875 0.046875 0.0703125
0 0.40703125 0.11015625 0.0578125 0.08125
0 0.68359375 0.15390625 0.065625 0.0734375
0 0.14375 0.07109375 0.05 0.065625
0 0.4640625 0.12421875 0.0375 0.0640625
0 0.34921875 0.10625 0.05625 0.071875
0 0.52890625 0.1390625 0.0484375 0.0515625
0 0.86875 0.19765625 0.053125 0.053125
0 0.86328125 0.06796875 0.0328125 0.0359375
0 0.44140625 0.13203125 0.040625 0.0640625
0 0.5640625 0.15625 0.0484375 0.05625
0 0.97265625 0.2234375 0.0328125 0.040625
0 0.24453125 0.11484375 0.0375 0.040625
0 0.77734375 0.19921875 0.046875 0.075
0 0.49375 0.15625 0.04375 0.05625
0 0.49921875 0.0140625 0.0328125 0.028125
0 0.95234375 0.23359375 0.0390625 0.0546875
0 0.7984375 0.21171875 0.0375 0.0453125
0 0.68984375 0.040625 0.0359375 0.0359375
0 0.4125 0.009375 0.028125 0.01875
0 0.99296875 0.2578125 0.0140625 0.040625
0 0.86640625 0.24609375 0.0609375 0.071875
0 0.93828125 0.084375 0.0328125 0.0359375
0 0.22421875 0.1515625 0.053125 0.0796875
0 0.93046875 0.26875 0.040625 0.059375
0 0.60546875 0.21953125 0.065625 0.103125
0 0.88828125 0.26640625 0.05625 0.071875
0 0.840625 0.06875 0.0375 0.0453125
0 0.49765625 0.2203125 0.0625 0.090625
0 0.26171875 0.18515625 0.0625 0.0859375
0 0.4734375 0.01640625 0.028125 0.0328125
0 0.69609375 0.25625 0.053125 0.0796875
0 0.52890625 0.2296875 0.046875 0.0703125
0 0.0640625 0.15859375 0.040625 0.059375
0 0.37109375 0.221875 0.078125 0.1015625
0 0.65078125 0.27109375 0.053125 0.084375
0 0.94609375 0.3171875 0.0515625 0.0703125
0 0.8515625 0.309375 0.0421875 0.06875
0 0.98125 0.33359375 0.0375 0.0703125
0 0.76640625 0.3125 0.0546875 0.0984375
0 0.7171875 0.3140625 0.0734375 0.1015625
0 0.790625 0.06796875 0.034375 0.05
0 0.303125 0.2625 0.05625 0.071875
0 0.871875 0.3546875 0.0625 0.0859375
0 0.53515625 0.03046875 0.0296875 0.0453125
0 0.0484375 0.24375 0.0453125 0.11875
0 0.38984375 0.01796875 0.0359375 0.0359375
0 0.09296875 0.271875 0.0890625 0.1078125
0 0.515625 0.34140625 0.0734375 0.1015625
0 0.40546875 0.35859375 0.084375 0.10625
0 0.675 0.415625 0.08125 0.115625
0 0.99140625 0.47265625 0.0171875 0.1078125
0 0.3140625 0.37265625 0.0890625 0.1078125
0 0.82109375 0.45546875 0.0796875 0.1109375