0 0.91328125 0.03203125 0.0234375 0.0578125
0 0.1 0.18046875 0.078125 0.1203125
0 0.734375 0.11015625 0.084375 0.125
0 0.55546875 0.146875 0.1015625 0.15
0 0.32265625 0.03984375 0.028125 0.0359375
0 0.86953125 0.1171875 0.0671875 0.1046875
0 0.57265625 0.01171875 0.0390625 0.0234375
0 0.0703125 0.0890625 0.034375 0.0453125
0 0.24375 0.0609375 0.053125 0.053125
0 0.39609375 0.034375 0.0390625 0.0515625
0 0.5125 0.025 0.05 0.05
0 0.25546875 0.41640625 0.121875 0.1625
0 0.946875 0.30390625 0.0953125 0.26875
0 0.55390625 0.02734375 0.0453125 0.0546875
0 0.14765625 0.10390625 0.084375 0.103125
0 0.853125 0.00625 0.05 0.0125
0 0.434375 0.06015625 0.0421875 0.0640625
0 0.47109375 0.05859375 0.046875 0.065625
0 0.646875 0.0375 0.059375 0.075
0 0.30234375 0.74921875 0.165625 0.2375
0 0.21640625 0.11796875 0.053125 0.075
0 0.65 0.76484375 0.1765625 0.225
0 0.25859375 0.11484375 0.0765625 0.10625
0 0.02421875 0.16796875 0.0484375 0.1609375
0 0.38125 0.1078125 0.0953125 0.140625