0 0.97734375 0.33515625 0.0265625 0.03125
0 0.95859375 0.33671875 0.021875 0.025
0 0.928125 0.33984375 0.021875 0.0296875
0 0.7828125 0.32421875 0.0265625 0.0265625
0 0.82578125 0.33203125 0.021875 0.0296875
0 0.578125 0.3015625 0.03125 0.0265625
0 0.8046875 0.334375 0.021875 0.025
0 0.7703125 0.3328125 0.021875 0.0296875
0 0.69609375 0.3234375 0.021875 0.025
0 0.4875 0.3 0.0328125 0.04375
0 0.9171875 0.35546875 0.0375 0.05
0 0.63359375 0.325 0.0375 0.0453125
0 0.9359375 0.36484375 0.0375 0.0546875
0 0.740625 0.340625 0.0359375 0.040625
0 0.8828125 0.36015625 0.021875 0.0296875
0 0.71796875 0.3421875 0.0265625 0.034375
0 0.55390625 0.32265625 0.03125 0.0359375
0 0.965625 0.375 0.0421875 0.05
0 0.86015625 0.36484375 0.0265625 0.034375
0 0.8390625 0.3625 0.028125 0.04375
0 0.346875 0.30390625 0.046875 0.0546875
0 0.60234375 0.33515625 0.03125 0.0359375
0 0.67109375 0.34609375 0.0265625 0.034375
0 0.475 0.32421875 0.0375 0.0453125
0 0.56640625 0.33828125 0.0375 0.0453125
0 0.78203125 0.3671875 0.0375 0.05
0 0.7015625 0.359375 0.0421875 0.05
0 0.80234375 0.37421875 0.0328125 0.0484375
0 0.8203125 0.3765625 0.021875 0.034375
0 0.625 0.3546875 0.0328125 0.040625
0 0.41640625 0.3453125 0.046875 0.0546875
0 0.634375 0.37421875 0.0375 0.05
0 0.89375 0.40859375 0.0484375 0.059375
0 0.659375 0.38203125 0.0328125 0.040625
0 0.9203125 0.41875 0.0421875 0.0546875
0 0.2859375 0.3453125 0.05 0.0734375
0 0.8109375 0.4171875 0.0421875 0.0546875
0 0.975 0.45390625 0.0328125 0.0484375
0 0.98984375 0.4546875 0.0203125 0.03125
0 0.6046875 0.41015625 0.0328125 0.0484375
0 0.240625 0.36796875 0.0484375 0.059375
0 0.1421875 0.35625 0.0484375 0.059375
0 0.36875 0.38828125 0.0328125 0.0484375
0 0.18671875 0.37265625 0.04375 0.0640625
0 0.70390625 0.4359375 0.0421875 0.05
0 0.03203125 0.365625 0.0453125 0.0734375
0 0.9921875 0.4828125 0.015625 0.034375
0 0.81171875 0.465625 0.04375 0.059375
0 0.90390625 0.4796875 0.0359375 0.040625
0 0.546875 0.43828125 0.0375 0.0546875
0 0.415625 0.42421875 0.0546875 0.0796875
0 0.73984375 0.46640625 0.0484375 0.06875
0 0.46640625 0.43515625 0.0421875 0.0546875
0 0.64921875 0.46484375 0.0375 0.0546875
0 0.8734375 0.49453125 0.0484375 0.06875
0 0.25078125 0.41796875 0.0421875 0.0546875
0 0.140625 0.40703125 0.0484375 0.0640625
0 0.83671875 0.49453125 0.05 0.0734375
0 0.353125 0.43828125 0.0375 0.0546875
0 0.68671875 0.47890625 0.046875 0.0546875
0 0.19375 0.428125 0.0484375 0.0640625
0 0.94765625 0.5203125 0.0640625 0.084375
0 0.6015625 0.484375 0.053125 0.0703125
0 0.29609375 0.446875 0.053125 0.0609375
0 0.9828125 0.5359375 0.0328125 0.0765625
0 0.7859375 0.52109375 0.053125 0.0703125
0 0.9046875 0.54296875 0.0578125 0.0703125
0 0.16171875 0.45859375 0.053125 0.0703125
0 0.70234375 0.525 0.0484375 0.0640625
0 0.36640625 0.48828125 0.05 0.0828125
0 0.04921875 0.44921875 0.059375 0.0796875
0 0.5515625 0.515625 0.0703125 0.0953125
0 0.41484375 0.5109375 0.0609375 0.0890625
0 0.2125 0.48828125 0.0625 0.071875
0 0.31015625 0.50859375 0.05625 0.09375
0 0.1046875 0.490625 0.0640625 0.084375
0 0.271875 0.51640625 0.071875 0.103125
0 0.80859375 0.60546875 0.05625 0.0890625
0 0.915625 0.6484375 0.1015625 0.1203125
0 0.0578125 0.55 0.0734375 0.1125
0 0.7625 0.64140625 0.0796875 0.096875
0 0.55546875 0.790625 0.1953125 0.2328125