0 0.45859375 0.54140625 0.0046875 0.0046875
0 0.4609375 0.54140625 0.0046875 0.0046875
0 0.53671875 0.54609375 0.0046875 0.0046875
0 0.45859375 0.54375 0.0046875 0.0046875
0 0.53203125 0.54765625 0.0046875 0.0046875
0 0.45859375 0.54609375 0.0046875 0.0046875
0 0.5390625 0.55078125 0.0046875 0.0046875
0 0.534375 0.55 0.0046875 0.0046875
0 0.528125 0.55234375 0.0046875 0.0046875
0 0.5484375 0.553125 0.0046875 0.0046875
0 0.4515625 0.55078125 0.0046875 0.0046875
0 0.53828125 0.55546875 0.0046875 0.0046875
0 0.3796875 0.546875 0.0046875 0.0046875
0 0.525 0.5546875 0.0046875 0.0046875
0 0.5203125 0.55390625 0.0046875 0.0046875
0 0.4734375 0.5515625 0.0046875 0.0046875
0 0.51796875 0.55390625 0.0046875 0.0046875
0 0.45859375 0.55078125 0.0046875 0.0046875
0 0.3859375 0.54921875 0.0046875 0.0046875
0 0.38125 0.54921875 0.0046875 0.0046875
0 0.346875 0.54765625 0.0046875 0.0046875
0 0.540625 0.5578125 0.0046875 0.0046875
0 0.4828125 0.5546875 0.0046875 0.0046875
0 0.62890625 0.5625 0.0046875 0.0046875
0 0.37890625 0.54921875 0.0046875 0.0046875
0 0.36484375 0.55078125 0.0046875 0.0046875
0 0.4109375 0.553125 0.0046875 0.0046875
0 0.6453125 0.565625 0.0046875 0.0046875
0 0.36953125 0.55078125 0.0046875 0.0046875
0 0.46484375 0.55625 0.0046875 0.0046875
0 0.46015625 0.55546875 0.0046875 0.0046875
0 0.37421875 0.5515625 0.0046875 0.0046875
0 0.65234375 0.565625 0.0046875 0.0046875
0 0.53125 0.559375 0.0046875 0.0046875
0 0.453125 0.55546875 0.0046875 0.0046875
0 0.59140625 0.56484375 0.0046875 0.0046875
0 0.52265625 0.56171875 0.0046875 0.0046875
0 0.621875 0.56640625 0.0046875 0.0046875
0 0.4921875 0.56015625 0.0046875 0.0046875
0 0.4828125 0.559375 0.0046875 0.0046875
0 0.40625 0.55546875 0.0046875 0.0046875
0 0.46640625 0.55859375 0.0046875 0.0046875
0 0.50625 0.5609375 0.0046875 0.0046875
0 0.371875 0.55390625 0.0046875 0.0046875
0 0.3953125 0.55703125 0.0046875 0.0046875
0 0.45546875 0.56015625 0.009375 0.0046875
0 0.478125 0.56171875 0.0046875 0.0046875
0 0.54296875 0.56484375 0.0046875 0.0046875
0 0.35546875 0.5546875 0.0046875 0.0046875
0 0.4734375 0.5609375 0.0046875 0.0046875
0 0.4203125 0.5609375 0.0046875 0.0046875
0 0.4109375 0.56015625 0.0046875 0.0046875
0 0.40390625 0.56015625 0.0046875 0.0046875
0 0.5328125 0.56875 0.0046875 0.0046875
0 0.50546875 0.56796875 0.0046875 0.0046875
0 0.521875 0.57109375 0.0046875 0.0046875
0 0.4796875 0.56875 0.0046875 0.0046875
0 0.6234375 0.57578125 0.0046875 0.0046875
0 0.35078125 0.56171875 0.009375 0.0046875
0 0.4546875 0.5671875 0.009375 0.0046875
0 0.41484375 0.56484375 0.0046875 0.0046875
0 0.53515625 0.57109375 0.0046875 0.0046875
0 0.6375 0.5765625 0.009375 0.0046875
0 0.6140625 0.57578125 0.009375 0.0046875
0 0.390625 0.5640625 0.0046875 0.0046875
0 0.49140625 0.56953125 0.0046875 0.0046875
0 0.63046875 0.57890625 0.009375 0.0046875
0 0.53984375 0.57421875 0.0046875 0.0046875
0 0.61875 0.578125 0.0046875 0.0046875
0 0.50078125 0.571875 0.009375 0.0046875
0 0.58671875 0.5765625 0.009375 0.0046875
0 0.35234375 0.56640625 0.0046875 0.0046875
0 0.55625 0.57734375 0.0046875 0.0046875
0 0.5515625 0.57734375 0.0046875 0.0046875
0 0.39453125 0.56875 0.0046875 0.0046875
0 0.4078125 0.56953125 0.009375 0.0046875
0 0.36875 0.5671875 0.009375 0.0046875
0 0.53046875 0.578125 0.009375 0.0046875
0 0.671875 0.5859375 0.0046875 0.0046875
0 0.49140625 0.5765625 0.009375 0.0046875
0 0.396875 0.57109375 0.0046875 0.0046875
0 0.334375 0.56796875 0.009375 0.0046875
0 0.61875 0.5828125 0.0046875 0.0046875
0 0.46796875 0.575 0.009375 0.0046875
0 0.52421875 0.578125 0.009375 0.0046875
0 0.5078125 0.57734375 0.009375 0.0046875
0 0.5796875 0.58046875 0.0046875 0.0046875
0 0.60703125 0.58203125 0.009375 0.0046875
0 0.38046875 0.57265625 0.009375 0.0046875
0 0.62734375 0.5859375 0.009375 0.0046875
0 0.65234375 0.58671875 0.009375 0.0046875
0 0.68046875 0.58828125 0.009375 0.0046875
0 0.5171875 0.5796875 0.0046875 0.0046875
0 0.32265625 0.56953125 0.009375 0.0046875
0 0.43125 0.57578125 0.0046875 0.0046875
0 0.56328125 0.58203125 0.009375 0.0046875
0 0.546875 0.58125 0.009375 0.0046875
0 0.44765625 0.57890625 0.0046875 0.0046875
0 0.63203125 0.58828125 0.009375 0.0046875
0 0.39921875 0.57578125 0.0046875 0.0046875
0 0.571875 0.58515625 0.009375 0.0046875
0 0.5265625 0.5828125 0.0046875 0.0046875
0 0.4890625 0.58046875 0.0046875 0.0046875
0 0.67109375 0.590625 0.009375 0.0046875
0 0.66171875 0.58984375 0.009375 0.0046875
0 0.62265625 0.5875 0.009375 0.0046875
0 0.71953125 0.5953125 0.009375 0.0046875
0 0.60859375 0.5890625 0.009375 0.0046875
0 0.59453125 0.5890625 0.009375 0.0046875
0 0.55078125 0.58671875 0.0046875 0.0046875
0 0.62265625 0.58984375 0.009375 0.0046875
0 0.30390625 0.57578125 0.009375 0.0046875
0 0.68046875 0.5953125 0.009375 0.0046875
0 0.78671875 0.60078125 0.0046875 0.0046875
0 0.49765625 0.5859375 0.0046875 0.0046875
0 0.54609375 0.58828125 0.009375 0.0046875
0 0.534375 0.5875 0.009375 0.0046875
0 0.7109375 0.596875 0.009375 0.0046875
0 0.6734375 0.5953125 0.0046875 0.0046875
0 0.21171875 0.57109375 0.0046875 0.0046875
0 0.40234375 0.58125 0.0046875 0.0046875
0 0.41875 0.58203125 0.009375 0.0046875
0 0.32265625 0.5765625 0.009375 0.0046875
0 0.79140625 0.60390625 0.009375 0.0046875
0 0.409375 0.58359375 0.009375 0.0046875
0 0.58984375 0.59296875 0.0046875 0.0046875
0 0.7015625 0.59921875 0.009375 0.009375
0 0.43515625 0.58515625 0.009375 0.0046875
0 0.45390625 0.5859375 0.009375 0.0046875
0 0.3359375 0.5796875 0.009375 0.0046875
0 0.44921875 0.5859375 0.0046875 0.0046875
0 0.46484375 0.58671875 0.0046875 0.0046875
0 0.34453125 0.5828125 0.009375 0.009375
0 0.65703125 0.59921875 0.009375 0.009375
0 0.73984375 0.603125 0.009375 0.009375
0 0.56953125 0.59453125 0.009375 0.0046875
0 0.58828125 0.5953125 0.009375 0.009375
0 0.2265625 0.5765625 0.009375 0.009375
0 0.6875 0.60078125 0.009375 0.009375
0 0.41171875 0.5859375 0.009375 0.0046875
0 0.64609375 0.5984375 0.009375 0.009375
0 0.553125 0.59609375 0.009375 0.009375
0 0.45390625 0.590625 0.009375 0.0046875
0 0.72109375 0.6046875 0.0140625 0.0046875
0 0.284375 0.58203125 0.0140625 0.009375
0 0.675 0.60234375 0.0140625 0.009375
0 0.36796875 0.5859375 0.009375 0.0046875
0 0.21328125 0.578125 0.009375 0.009375
0 0.2984375 0.584375 0.009375 0.0046875
0 0.3265625 0.5859375 0.0140625 0.0046875
0 0.79296875 0.61015625 0.009375 0.0046875
0 0.31015625 0.584375 0.0140625 0.0046875
0 0.7375 0.60703125 0.0140625 0.0046875
0 0.50703125 0.5953125 0.009375 0.0046875
0 0.8140625 0.6109375 0.009375 0.0046875
0 0.20625 0.57890625 0.0046875 0.0046875
0 0.52109375 0.59609375 0.009375 0.0046875
0 0.4421875 0.59375 0.009375 0.0046875
0 0.5875 0.6015625 0.009375 0.009375
0 0.34921875 0.5890625 0.009375 0.009375
0 0.79765625 0.6125 0.009375 0.0046875
0 0.46875 0.59765625 0.009375 0.0046875
0 0.56875 0.603125 0.0140625 0.009375
0 0.7421875 0.61171875 0.009375 0.009375
0 0.35859375 0.5921875 0.009375 0.009375
0 0.20390625 0.58359375 0.009375 0.009375
0 0.1734375 0.584375 0.0140625 0.0046875
0 0.22890625 0.5875 0.0140625 0.009375
0 0.78359375 0.61640625 0.009375 0.009375
0 0.82109375 0.61875 0.009375 0.009375
0 0.8296875 0.62109375 0.009375 0.009375
0 0.43671875 0.60078125 0.009375 0.0046875
0 0.44609375 0.6015625 0.009375 0.0046875
0 0.23984375 0.590625 0.0140625 0.009375
0 0.85234375 0.625 0.009375 0.009375
0 0.4109375 0.6015625 0.009375 0.009375
0 0.2515625 0.59375 0.009375 0.009375
0 0.4203125 0.60234375 0.009375 0.0046875
0 0.65078125 0.61640625 0.009375 0.009375
0 0.6171875 0.61484375 0.009375 0.009375
0 0.56328125 0.6140625 0.009375 0.009375
0 0.88984375 0.63125 0.0140625 0.009375
0 0.19375 0.5953125 0.009375 0.0046875
0 0.34609375 0.603125 0.0140625 0.009375
0 0.86640625 0.63046875 0.0140625 0.009375
0 0.14765625 0.5953125 0.009375 0.009375
0 0.378125 0.609375 0.0140625 0.009375
0 0.21640625 0.60078125 0.009375 0.0046875
0 0.20546875 0.6 0.0046875 0.009375
0 0.1171875 0.59609375 0.0140625 0.009375
0 0.6046875 0.62109375 0.0140625 0.009375
0 0.26796875 0.60390625 0.0140625 0.009375
0 0.4265625 0.61171875 0.009375 0.009375
0 0.1984375 0.6 0.0046875 0.0046875
0 0.7921875 0.63359375 0.009375 0.009375
0 0.1703125 0.60078125 0.0140625 0.0140625
0 0.590625 0.625 0.0140625 0.009375
0 0.63515625 0.62734375 0.0140625 0.009375
0 0.21796875 0.60546875 0.0140625 0.009375
0 0.503125 0.6203125 0.009375 0.0046875
0 0.61875 0.6265625 0.0140625 0.009375
0 0.81015625 0.63671875 0.0140625 0.009375
0 0.1859375 0.60390625 0.009375 0.009375
0 0.7796875 0.6375 0.0140625 0.0140625
0 0.54921875 0.62578125 0.0140625 0.009375
0 0.5328125 0.62421875 0.009375 0.009375
0 0.92578125 0.64765625 0.01875 0.015625
0 0.9609375 0.64921875 0.0140625 0.009375
0 0.40078125 0.6203125 0.0140625 0.009375
0 0.13984375 0.60625 0.01875 0.0109375
0 0.821875 0.6421875 0.0140625 0.009375
0 0.109375 0.609375 0.0140625 0.009375
0 0.084375 0.6078125 0.01875 0.0109375
0 0.909375 0.6515625 0.0203125 0.0203125
0 0.03046875 0.6078125 0.01875 0.015625
0 0.3609375 0.625 0.0140625 0.009375
0 0.98046875 0.65703125 0.0140625 0.009375
0 0.0125 0.609375 0.009375 0.009375
0 0.890625 0.6546875 0.0140625 0.009375
0 0.87421875 0.65625 0.0140625 0.009375
0 0.08203125 0.61484375 0.0140625 0.0046875
0 0.1203125 0.61953125 0.01875 0.015625
0 0.9828125 0.6671875 0.009375 0.0140625
0 0.159375 0.6234375 0.01875 0.015625
0 0.06953125 0.61875 0.01875 0.015625
0 0.56875 0.64765625 0.01875 0.015625
0 0.6703125 0.65546875 0.0140625 0.0140625
0 0.88359375 0.66640625 0.0234375 0.015625
0 0.94296875 0.66953125 0.01875 0.015625
0 0.8234375 0.66328125 0.0234375 0.015625
0 0.959375 0.6703125 0.01875 0.015625
0 0.36015625 0.6390625 0.01875 0.015625
0 0.603125 0.65390625 0.01875 0.0109375
0 0.003125 0.62265625 0.00625 0.0140625
0 0.08359375 0.6265625 0.01875 0.015625
0 0.78828125 0.6640625 0.0234375 0.015625
0 0.31875 0.64140625 0.0140625 0.0140625
0 0.30234375 0.6453125 0.0140625 0.009375
0 0.10078125 0.63515625 0.01875 0.015625
0 0.62109375 0.66171875 0.0234375 0.015625
0 0.03828125 0.63125 0.0140625 0.009375
0 0.815625 0.671875 0.01875 0.0109375
0 0.015625 0.634375 0.0234375 0.015625
0 0.403125 0.6546875 0.009375 0.0140625
0 0.575 0.665625 0.0140625 0.0140625
0 0.41484375 0.6578125 0.01875 0.015625
0 0.690625 0.671875 0.01875 0.015625
0 0.46796875 0.6625 0.01875 0.015625
0 0.76484375 0.678125 0.01875 0.015625
0 0.51015625 0.6671875 0.01875 0.015625
0 0.30859375 0.65625 0.01875 0.015625
0 0.60234375 0.67421875 0.01875 0.015625
0 0.3640625 0.6640625 0.01875 0.015625
0 0.00234375 0.64765625 0.0046875 0.0140625
0 0.03984375 0.64921875 0.0234375 0.015625
0 0.79140625 0.69140625 0.01875 0.015625
0 0.51171875 0.67890625 0.01875 0.015625
0 0.08125 0.66328125 0.0234375 0.0109375
0 0.3609375 0.678125 0.025 0.0203125
0 0.73984375 0.69765625 0.0234375 0.015625
0 0.5390625 0.6875 0.01875 0.0109375
0 0.0140625 0.66484375 0.028125 0.015625
0 0.55703125 0.69296875 0.01875 0.015625
0 0.08515625 0.67109375 0.0234375 0.015625
0 0.1078125 0.67890625 0.01875 0.015625
0 0.63046875 0.70625 0.0234375 0.015625
0 0.32578125 0.690625 0.0296875 0.025
0 0.1890625 0.68359375 0.025 0.0203125
0 0.2234375 0.6875 0.0203125 0.0203125
0 0.53984375 0.70390625 0.025 0.0203125
0 0.1703125 0.684375 0.028125 0.015625
0 0.0828125 0.68671875 0.025 0.0203125
0 0.05 0.68515625 0.028125 0.015625
0 0.1515625 0.690625 0.0203125 0.0203125
0 0.79140625 0.7265625 0.01875 0.015625
0 0.10234375 0.69296875 0.0296875 0.0203125
0 0.128125 0.69375 0.025 0.0203125
0 0.7640625 0.73359375 0.0296875 0.0203125
0 0.0234375 0.696875 0.01875 0.015625
0 0.7859375 0.74453125 0.0328125 0.0203125
0 0.63515625 0.76015625 0.0296875 0.0203125
0 0.56015625 0.76328125 0.0296875 0.0203125
0 0.83203125 0.7984375 0.025 0.0203125
0 0.49296875 0.8125 0.0296875 0.025
0 0.54609375 0.81796875 0.0328125 0.025
0 0.46640625 0.82265625 0.0375 0.025
0 0.21875 0.81953125 0.0328125 0.0296875
0 0.128125 0.828125 0.0328125 0.025
0 0.065625 0.8359375 0.0375 0.0296875
0 0.82421875 0.9453125 0.0578125 0.053125
0 0.94453125 0.96640625 0.053125 0.053125
0 0.23515625 0.95625 0.0859375 0.0546875