0 0.82890625 0.0875 0.0640625 0.0984375
0 0.49375 0.115625 0.0921875 0.1328125
0 0.95703125 0.12734375 0.0515625 0.04375
0 0.48046875 0.01640625 0.0375 0.0328125
0 0.31328125 0.18671875 0.1015625 0.1375
0 0.540625 0.02265625 0.04375 0.0453125
0 0.95390625 0.21328125 0.06875 0.1265625
0 0.71953125 0.021875 0.0578125 0.04375
0 0.03828125 0.26953125 0.0765625 0.1890625
0 0.12265625 0.040625 0.0671875 0.0484375
0 0.71015625 0.28125 0.0875 0.1328125
0 0.91640625 0.28828125 0.06875 0.1171875
0 0.50078125 0.31015625 0.0828125 0.1140625
0 0.309375 0.040625 0.0484375 0.0703125
0 0.28203125 0.36640625 0.09375 0.146875
0 0.115625 0.37421875 0.0984375 0.1421875
0 0.81484375 0.36171875 0.0921875 0.128125
0 0.86875 0.3828125 0.0875 0.1375
0 0.49453125 0.42109375 0.0921875 0.1328125
0 0.721875 0.41796875 0.06875 0.1125
0 0.3546875 0.46328125 0.0984375 0.146875
0 0.96328125 0.48046875 0.0734375 0.1421875
0 0.24140625 0.06171875 0.06875 0.0953125
0 0.7828125 0.5109375 0.125 0.1578125
0 0.60703125 0.86640625 0.203125 0.103125