0 0.2625 0.046875 0.0171875 0.025
0 0.384375 0.034375 0.021875 0.034375
0 0.159375 0.253125 0.028125 0.0390625
0 0.78203125 0.1765625 0.0375 0.0453125
0 0.2171875 0.2484375 0.0375 0.0546875
0 0.5890625 0.20234375 0.034375 0.0578125
0 0.75 0.18515625 0.0203125 0.0203125
0 0.0546875 0.2703125 0.0375 0.0546875
0 0.509375 0.21640625 0.028125 0.04375
0 0.1859375 0.25625 0.0328125 0.0484375
0 0.5375 0.2125 0.04375 0.0640625
0 0.92109375 0.165625 0.0234375 0.0390625
0 0.9484375 0.16484375 0.0328125 0.04375
0 0.56953125 0.2109375 0.034375 0.0578125
0 0.8625 0.1796875 0.0328125 0.0484375
0 0.340625 0.2484375 0.04375 0.059375
0 0.55703125 0.01484375 0.015625 0.0203125
0 0.23203125 0.271875 0.034375 0.053125
0 0.81953125 0.19921875 0.028125 0.04375
0 0.840625 0.196875 0.03125 0.0359375
0 0.3140625 0.2640625 0.0375 0.05
0 0.0828125 0.2921875 0.0328125 0.040625
0 0.4328125 0.25390625 0.04375 0.0640625
0 0.15 0.29375 0.0375 0.05
0 0.37578125 0.265625 0.0421875 0.05
0 0.02265625 0.30859375 0.0453125 0.0609375
0 0.61640625 0.0078125 0.0109375 0.015625
0 0.4515625 0.028125 0.0203125 0.0203125
0 0.7109375 0.00390625 0.021875 0.0078125
0 0.475 0.25625 0.0546875 0.0796875
0 0.76640625 0.2203125 0.0484375 0.06875
0 0.528125 0.2515625 0.0234375 0.04375
0 0.259375 0.28984375 0.0390625 0.0640625
0 0.290625 0.29296875 0.0328125 0.0484375
0 0.51796875 0.2671875 0.0375 0.0546875
0 0.09765625 0.31875 0.0421875 0.05
0 0.7921875 0.2359375 0.04375 0.0640625
0 0.28828125 0.05078125 0.021875 0.0296875
0 0.4609375 0.0296875 0.015625 0.015625
0 0.6328125 0.009375 0.015625 0.01875
0 0.16484375 0.315625 0.0390625 0.059375
0 0.12890625 0.32421875 0.0328125 0.040625
0 0.625 0.26328125 0.04375 0.059375
0 0.59765625 0.26875 0.0375 0.0453125
0 0.85703125 0.23671875 0.0390625 0.0640625
0 0.06015625 0.334375 0.0484375 0.059375
0 0.91953125 0.23125 0.0453125 0.0734375
0 0.19609375 0.325 0.0390625 0.0640625
0 0.3828125 0.3109375 0.0421875 0.0546875
0 0.00703125 0.36015625 0.0140625 0.0546875
0 0.3421875 0.31875 0.0375 0.05
0 0.56015625 0.3015625 0.04375 0.059375
0 0.1265625 0.36171875 0.04375 0.0640625
0 0.08671875 0.36640625 0.05 0.078125
0 0.4484375 0.32890625 0.053125 0.0703125
0 0.59375 0.3140625 0.0421875 0.0546875
0 0.03125 0.38515625 0.0578125 0.0703125
0 0.6359375 0.31796875 0.04375 0.0640625
0 0.34453125 0.05 0.0171875 0.025
0 0.38515625 0.3578125 0.046875 0.046875
0 0.87890625 0.296875 0.0578125 0.065625
0 0.83515625 0.3046875 0.0484375 0.059375
0 0.42734375 0.3640625 0.0421875 0.0546875
0 0.25546875 0.06328125 0.015625 0.0203125
0 0.72109375 0.0078125 0.0203125 0.015625
0 0.2828125 0.06015625 0.015625 0.0203125
0 0.95390625 0.30390625 0.05625 0.09375
0 0.1609375 0.4015625 0.0265625 0.034375
0 0.2421875 0.39375 0.04375 0.0640625
0 0.75234375 0.33125 0.059375 0.084375
0 0.18515625 0.403125 0.0484375 0.0640625
0 0.4046875 0.38828125 0.0484375 0.059375
0 0.60390625 0.0203125 0.0171875 0.0296875
0 0.734375 0.009375 0.021875 0.01875
0 0.0640625 0.08671875 0.021875 0.0296875
0 0.42734375 0.04453125 0.0265625 0.03125
0 0.49453125 0.0359375 0.021875 0.025
0 0.5265625 0.03203125 0.015625 0.0203125
0 0.5421875 0.03046875 0.015625 0.0203125
0 0.66640625 0.0171875 0.0328125 0.034375
0 0.61328125 0.3765625 0.05 0.0734375
0 0.9171875 0.34609375 0.05 0.078125
0 0.12109375 0.45546875 0.0625 0.0671875
0 0.87109375 0.365625 0.0515625 0.0875
0 0.15234375 0.4609375 0.0390625 0.06875
0 0.5703125 0.0296875 0.0203125 0.0203125
0 0.275 0.453125 0.0546875 0.075
0 0.365625 0.44921875 0.0546875 0.084375
0 0.31875 0.4640625 0.0515625 0.0921875
0 0.359375 0.0578125 0.0234375 0.0390625
0 0.4421875 0.04765625 0.015625 0.0203125
0 0.8140625 0.0078125 0.021875 0.015625
0 0.68828125 0.01953125 0.0171875 0.025
0 0.21328125 0.4796875 0.0546875 0.0796875
0 0.690625 0.4375 0.0640625 0.115625
0 0.9734375 0.4046875 0.0421875 0.0921875
0 0.81484375 0.42421875 0.0484375 0.059375
0 0.30859375 0.06640625 0.0203125 0.0203125
0 0.465625 0.046875 0.021875 0.0296875
0 0.46015625 0.47421875 0.05625 0.09375
0 0.52421875 0.46875 0.059375 0.0796875
0 0.0265625 0.53515625 0.053125 0.0984375
0 0.05625 0.53125 0.0515625 0.0875
0 0.1234375 0.5296875 0.059375 0.0796875
0 0.19453125 0.0828125 0.0265625 0.0265625
0 0.2109375 0.08046875 0.0171875 0.0296875
0 0.88125 0.00625 0.021875 0.0125
0 0.25390625 0.52578125 0.065625 0.0984375
0 0.41015625 0.51328125 0.0859375 0.1046875
0 0.1609375 0.55078125 0.0609375 0.0890625
0 0.853125 0.4734375 0.0671875 0.103125
0 0.23359375 0.0828125 0.021875 0.0296875
0 0.7984375 0.5 0.0609375 0.0890625
0 0.97265625 0.48828125 0.0546875 0.0984375
0 0.53828125 0.55078125 0.0765625 0.109375
0 0.678125 0.0328125 0.0265625 0.0265625
0 0.8046875 0.0171875 0.021875 0.025
0 0.01171875 0.1140625 0.0171875 0.025
0 0.16640625 0.09765625 0.021875 0.0296875
0 0.79140625 0.56875 0.0890625 0.128125
0 0.0953125 0.10859375 0.021875 0.034375
0 0.34375 0.078125 0.0171875 0.0328125
0 0.3796875 0.07421875 0.0265625 0.03125
0 0.7 0.5921875 0.065625 0.09375
0 0.43046875 0.01171875 0.0203125 0.015625
0 0.56640625 0.05078125 0.0265625 0.034375
0 0.71640625 0.03515625 0.021875 0.025
0 0.971875 0.5828125 0.05625 0.103125
0 0.41875 0.071875 0.0234375 0.0390625
0 0.7890625 0.02578125 0.0328125 0.040625
0 0.12109375 0.11015625 0.021875 0.025
0 0.821875 0.02421875 0.0265625 0.03125
0 0.29140625 0.0921875 0.028125 0.0390625
0 0.63359375 0.05 0.0265625 0.03125
0 0.36484375 0.08515625 0.021875 0.034375
0 0.00859375 0.128125 0.0171875 0.025
0 0.6625 0.05078125 0.0265625 0.034375
0 0.89296875 0.68203125 0.1 0.1484375
0 0.971875 0.67109375 0.05625 0.1421875
0 0.1484375 0.7734375 0.084375 0.096875
0 0.51875 0.73046875 0.1 0.14375
0 0.74609375 0.7359375 0.103125 0.0984375
0 0.159375 0.1171875 0.021875 0.0296875
0 0.7453125 0.04765625 0.0328125 0.0484375
0 0.21015625 0.11640625 0.0265625 0.034375
0 0.7 0.05625 0.0328125 0.040625
0 0.2421875 0.0375 0.015625 0.0203125
0 0.4828125 0.00859375 0.015625 0.0171875
0 0.465625 0.01015625 0.0203125 0.0203125
0 0.01796875 0.1421875 0.0171875 0.025
0 0.871875 0.0375 0.0328125 0.040625
0 0.778125 0.0484375 0.0265625 0.034375
0 0.4515625 0.0890625 0.028125 0.0390625
0 0.57890625 0.07578125 0.021875 0.0296875
0 0.121875 0.13671875 0.0171875 0.025
0 0.03515625 0.146875 0.021875 0.025
0 0.21875 0.128125 0.021875 0.025
0 0.63203125 0.07734375 0.03125 0.0359375
0 0.23671875 0.12578125 0.0328125 0.04375
0 0.17109375 0.13671875 0.028125 0.04375
0 0.81640625 0.05703125 0.028125 0.04375
0 0.88359375 0.0515625 0.028125 0.0390625
0 0.5015625 0.0984375 0.0234375 0.04375
0 0.215625 0.04296875 0.00625 0.0140625
0 0.04296875 0.0640625 0.0265625 0.0265625
0 0.27734375 0.13046875 0.021875 0.034375
0 0.38125 0.1203125 0.0375 0.05
0 0.60625 0.0921875 0.021875 0.0296875
0 0.15390625 0.15078125 0.021875 0.0296875
0 0.32890625 0.13125 0.0234375 0.04375
0 0.4296875 0.12109375 0.0265625 0.0265625
0 0.36328125 0.13203125 0.028125 0.04375
0 0.48984375 0.11875 0.0234375 0.04375
0 0.57578125 0.1078125 0.0328125 0.04375
0 0.55 0.11328125 0.0265625 0.034375
0 0.309375 0.14296875 0.028125 0.04375
0 0.72109375 0.09296875 0.028125 0.04375
0 0.51875 0.1171875 0.0328125 0.04375
0 0.215625 0.15703125 0.0265625 0.034375
0 0.5875 0.00703125 0.021875 0.0140625
0 0.0390625 0.18359375 0.028125 0.0390625
0 0.60546875 0.11875 0.0328125 0.040625
0 0.64609375 0.1140625 0.0375 0.0453125
0 0.1984375 0.1734375 0.028125 0.0390625
0 0.7890625 0.10078125 0.0328125 0.04375
0 0.1765625 0.178125 0.028125 0.0390625
0 0.2796875 0.165625 0.0328125 0.040625
0 0.92734375 0.090625 0.0234375 0.0390625
0 0.2546875 0.1734375 0.028125 0.0390625
0 0.07734375 0.1953125 0.021875 0.034375
0 0.5671875 0.00703125 0.015625 0.0140625
0 0.43671875 0.15625 0.021875 0.034375
0 0.87109375 0.1046875 0.04375 0.0640625
0 0.1546875 0.19296875 0.028125 0.04375
0 0.840625 0.1171875 0.03125 0.0359375
0 0.13671875 0.20390625 0.0265625 0.03125
0 0.22421875 0.19296875 0.0328125 0.040625
0 0.396875 0.171875 0.0265625 0.034375
0 0.7484375 0.13125 0.0375 0.05
0 0.11484375 0.20859375 0.021875 0.034375
0 0.77890625 0.1296875 0.0328125 0.0484375
0 0.2296875 0.0484375 0.015625 0.0203125
0 0.00546875 0.07578125 0.0109375 0.0296875
0 0.31484375 0.1890625 0.0328125 0.0484375
0 0.634375 0.15234375 0.034375 0.053125
0 0.01953125 0.234375 0.028125 0.0390625
0 0.84921875 0.1328125 0.03125 0.03125
0 0.50703125 0.1796875 0.0421875 0.05
0 0.06640625 0.2359375 0.028125 0.04375
0 0.45546875 0.19296875 0.034375 0.053125
0 0.4109375 0.02578125 0.0203125 0.0203125
0 0.35703125 0.2078125 0.028125 0.0484375
0 0.3265625 0.2109375 0.0359375 0.040625
0 0.87578125 0.14609375 0.0359375 0.040625
0 0.95 0.13671875 0.0203125 0.046875
0 0.6171875 0.18046875 0.0390625 0.059375
0 0.09375 0.246875 0.0390625 0.0640625
0 0.13515625 0.24453125 0.028125 0.0390625
0 0.821875 0.16015625 0.0390625 0.0640625
0 0.72421875 0.1765625 0.0390625 0.059375
0 0.67578125 0.1828125 0.0484375 0.059375
0 0.28515625 0.2328125 0.0421875 0.0546875
0 0.8484375 0.165625 0.028125 0.04375