0 0.39765625 0.2140625 0.08125 0.09375
0 0.49140625 0.22890625 0.071875 0.0875
0 0.21640625 0.1875 0.0796875 0.0796875
0 0.1078125 0.1796875 0.0875 0.071875
0 0.57265625 0.26328125 0.06875 0.1
0 0.634375 0.27265625 0.078125 0.1015625
0 0.7125 0.31171875 0.0640625 0.06875
0 0.325 0.25625 0.05625 0.071875
0 0.1375 0.2265625 0.0890625 0.08125
0 0.37578125 0.28828125 0.0625 0.0859375
0 0.18984375 0.26796875 0.078125 0.1015625
0 0.53046875 0.32421875 0.0703125 0.078125
0 0.45625 0.3171875 0.0546875 0.0625
0 0.6734375 0.3515625 0.06875 0.0953125
0 0.2890625 0.2953125 0.0734375 0.096875
0 0.596875 0.36015625 0.0515625 0.075
0 0.79140625 0.39140625 0.04375 0.05625
0 0.71953125 0.38671875 0.0625 0.0859375
0 0.1203125 0.31796875 0.1109375 0.115625
0 0.409375 0.37578125 0.0890625 0.1078125
0 0.6625 0.42265625 0.065625 0.078125
0 0.7515625 0.43671875 0.0765625 0.0875
0 0.55625 0.40859375 0.0796875 0.1109375
0 0.803125 0.44765625 0.0609375 0.071875
0 0.9265625 0.4671875 0.0765625 0.0921875
0 0.0421875 0.3296875 0.05 0.0609375
0 0.24765625 0.3734375 0.0875 0.0984375
0 0.49453125 0.41484375 0.0625 0.090625
0 0.3109375 0.3921875 0.0859375 0.1203125
0 0.5921875 0.46796875 0.0734375 0.096875
0 0.97890625 0.53203125 0.0421875 0.0734375
0 0.66796875 0.48671875 0.0828125 0.0984375
0 0.46484375 0.45703125 0.08125 0.09375
0 0.76328125 0.51328125 0.071875 0.0921875
0 0.82421875 0.52734375 0.071875 0.0875
0 0.90546875 0.54296875 0.0765625 0.0921875
0 0.13984375 0.42421875 0.09375 0.1078125
0 0.04765625 0.4109375 0.0921875 0.1078125
0 0.4078125 0.47578125 0.0625 0.08125
0 0.2234375 0.4515625 0.078125 0.075
0 0.3125 0.47265625 0.0828125 0.0984375
0 0.95625 0.61875 0.071875 0.0921875
0 0.89140625 0.62265625 0.0734375 0.096875
0 0.82734375 0.625 0.0890625 0.1078125
0 0.25234375 0.53828125 0.1078125 0.1421875
0 0.596875 0.59765625 0.08125 0.115625
0 0.74375 0.62109375 0.06875 0.0953125
0 0.68359375 0.6140625 0.09375 0.1390625
0 0.4453125 0.5828125 0.090625 0.1171875
0 0.3546875 0.57265625 0.1 0.1265625
0 0.5375 0.60390625 0.075 0.109375
0 0.06875 0.5296875 0.109375 0.1234375
0 0.17578125 0.5515625 0.090625 0.121875