0 0.4390625 0.10078125 0.0828125 0.134375
0 0.62109375 0.12578125 0.0921875 0.1265625
0 0.69921875 0.13359375 0.0203125 0.025
0 0.7265625 0.15390625 0.025 0.025
0 0.3015625 0.12421875 0.0453125 0.053125
0 0.7671875 0.159375 0.0203125 0.015625
0 0.55859375 0.14921875 0.05625 0.0875
0 0.7546875 0.16796875 0.0203125 0.0296875
0 0.98671875 0.18828125 0.0265625 0.0671875
0 0.67890625 0.16875 0.0515625 0.071875
0 0.4953125 0.1609375 0.0671875 0.115625
0 0.81796875 0.19453125 0.0609375 0.0828125
0 0.7140625 0.196875 0.040625 0.0578125
0 0.753125 0.2 0.0296875 0.0296875
0 0.91328125 0.2296875 0.1390625 0.2078125
0 0.12578125 0.17734375 0.1640625 0.2453125
0 0.390625 0.20703125 0.0984375 0.1453125
0 0.315625 0.24375 0.109375 0.1875
0 0.69765625 0.29765625 0.096875 0.13125
0 0.49375 0.35546875 0.0953125 0.1671875
0 0.51875 0.096875 0.040625 0.053125