0 0.52578125 0.01015625 0.0203125 0.0203125
0 0.53515625 0.01015625 0.0203125 0.0203125
0 0.546875 0.009375 0.015625 0.01875
0 0.059375 0.13359375 0.0203125 0.0296875
0 0.196875 0.12421875 0.015625 0.0203125
0 0.23203125 0.121875 0.015625 0.0203125
0 0.29921875 0.1171875 0.0203125 0.0203125
0 0.69375 0.0890625 0.025 0.0296875
0 0.803125 0.08203125 0.0203125 0.0296875
0 0.64765625 0.0953125 0.0203125 0.0328125
0 0.0984375 0.13359375 0.021875 0.0375
0 0.765625 0.08671875 0.025 0.0296875
0 0.2765625 0.1234375 0.015625 0.0203125
0 0.35 0.11796875 0.0203125 0.025
0 0.17734375 0.1328125 0.015625 0.025
0 0.81640625 0.0875 0.0203125 0.0296875
0 0.2578125 0.1265625 0.015625 0.015625
0 0.13125 0.13828125 0.0203125 0.025
0 0.96484375 0.0796875 0.015625 0.0203125
0 0.75078125 0.09453125 0.025 0.0328125
0 0.94375 0.08359375 0.0203125 0.0328125
0 0.92578125 0.08515625 0.025 0.0296875
0 0.3203125 0.12734375 0.015625 0.025
0 0.0109375 0.14921875 0.0203125 0.0296875
0 0.61875 0.10859375 0.0296875 0.0296875
0 0.84765625 0.09296875 0.0203125 0.0203125
0 0.2859375 0.13203125 0.0203125 0.025
0 0.240625 0.13515625 0.015625 0.015625
0 0.38515625 0.125 0.0203125 0.0203125
0 0.3078125 0.1328125 0.015625 0.0203125
0 0.51015625 0.11875 0.0203125 0.025
0 0.53359375 0.1171875 0.0203125 0.025
0 0.0765625 0.1515625 0.015625 0.0203125
0 0.66953125 0.0015625 0.0140625 0.003125
0 0.478125 0.0140625 0.015625 0.0203125
0 0.27265625 0.13984375 0.015625 0.015625
0 0.66328125 0.1125 0.0203125 0.0328125
0 0.20546875 0.14453125 0.015625 0.0203125
0 0.43984375 0.13046875 0.0203125 0.0296875
0 0.884375 0.09921875 0.0203125 0.0328125
0 0.2203125 0.14609375 0.015625 0.025
0 0.48828125 0.1296875 0.0203125 0.0296875
0 0.190625 0.15078125 0.0203125 0.0296875
0 0.328125 0.140625 0.0203125 0.025
0 0.14140625 0.15625 0.0203125 0.0328125
0 0.8046875 0.1125 0.015625 0.0203125
0 0.12109375 0.16015625 0.0203125 0.0203125
0 0.2953125 0.02734375 0.015625 0.0203125
0 0.334375 0.02421875 0.015625 0.0203125
0 0.353125 0.0234375 0.0203125 0.0203125
0 0.06640625 0.1640625 0.025 0.0328125
0 0.54609375 0.13046875 0.0203125 0.0203125
0 0.7859375 0.11328125 0.025 0.0203125
0 0.15859375 0.159375 0.0203125 0.0296875
0 0.24609375 0.15390625 0.015625 0.0296875
0 0.46796875 0.13828125 0.025 0.0296875
0 0.39375 0.1453125 0.0203125 0.0203125
0 0.359375 0.14765625 0.0203125 0.0328125
0 0.37109375 0.14921875 0.015625 0.0296875
0 0.62578125 0.13203125 0.0203125 0.0328125
0 0.3046875 0.15390625 0.0203125 0.0203125
0 0.8515625 0.11796875 0.0203125 0.0296875
0 0.95546875 0.1109375 0.025 0.0296875
0 0.01328125 0.1765625 0.0203125 0.025
0 0.50703125 0.1421875 0.0203125 0.0203125
0 0.5859375 0.13671875 0.0203125 0.0203125
0 0.084375 0.171875 0.0203125 0.0296875
0 0.271875 0.1609375 0.0296875 0.034375
0 0.3203125 0.1578125 0.015625 0.0203125
0 0.70859375 0.1328125 0.015625 0.0328125
0 0.4546875 0.15078125 0.0203125 0.025
0 0.10390625 0.17734375 0.015625 0.0203125
0 0.92109375 0.1203125 0.025 0.0203125
0 0.02734375 0.1828125 0.015625 0.0296875
0 0.634375 0.140625 0.015625 0.0328125
0 0.40625 0.15859375 0.025 0.0296875
0 0.33671875 0.16328125 0.0203125 0.025
0 0.12265625 0.17890625 0.015625 0.0203125
0 0.653125 0.14140625 0.0203125 0.0328125
0 0.725 0.13671875 0.0203125 0.0328125
0 0.17578125 0.03828125 0.015625 0.015625
0 0.8125 0.003125 0.015625 0.00625
0 0.053125 0.04609375 0.025 0.025
0 0.43203125 0.0203125 0.015625 0.0203125
0 0.21953125 0.17578125 0.0203125 0.015625
0 0.00546875 0.18984375 0.0109375 0.0203125
0 0.78515625 0.1359375 0.0203125 0.0203125
0 0.134375 0.184375 0.0203125 0.0328125
0 0.50625 0.1578125 0.0203125 0.0203125
0 0.55703125 0.1546875 0.0296875 0.0296875
0 0.43984375 0.16484375 0.0265625 0.0375
0 0.5296875 0.15859375 0.0203125 0.0296875
0 0.05625 0.19453125 0.025 0.0296875
0 0.58515625 0.15703125 0.015625 0.0203125
0 0.11796875 0.0421875 0.015625 0.015625
0 0.0171875 0.19921875 0.015625 0.015625
0 0.47421875 0.16953125 0.025 0.0296875
0 0.67578125 0.1578125 0.0203125 0.0328125
0 0.85859375 0.14765625 0.0265625 0.0375
0 0.17265625 0.1953125 0.0203125 0.025
0 0.3109375 0.1859375 0.025 0.0328125
0 0.38046875 0.18125 0.0203125 0.0296875
0 0.8328125 0.14921875 0.0296875 0.0296875
0 0.26015625 0.1890625 0.0203125 0.0296875
0 0.1125 0.2 0.025 0.0328125
0 0.09140625 0.20390625 0.0203125 0.0296875
0 0.15234375 0.0421875 0.015625 0.0203125
0 0.075 0.2046875 0.015625 0.0203125
0 0.2140625 0.19765625 0.0203125 0.0203125
0 0.42421875 0.1828125 0.025 0.0328125
0 0.49375 0.178125 0.0203125 0.0328125
0 0.034375 0.2125 0.015625 0.025
0 0.928125 0.15 0.0296875 0.034375
0 0.778125 0.1625 0.025 0.0328125
0 0.15234375 0.20859375 0.0203125 0.0296875
0 0.60234375 0.17734375 0.0296875 0.034375
0 0.240625 0.20234375 0.015625 0.0296875
0 0.459375 0.1875 0.03125 0.0390625
0 0.62265625 0.009375 0.0203125 0.01875
0 0.903125 0.15859375 0.03125 0.04375
0 0.0234375 0.2203125 0.015625 0.0296875
0 0.39453125 0.19375 0.025 0.0328125
0 0.55703125 0.1875 0.03125 0.0390625
0 0.88046875 0.16484375 0.0265625 0.0375
0 0.50625 0.190625 0.021875 0.0375
0 0.05859375 0.225 0.025 0.0328125
0 0.08046875 0.04921875 0.015625 0.0203125
0 0.51484375 0.01875 0.015625 0.025
0 0.24609375 0.2140625 0.0109375 0.01875
0 0.278125 0.2140625 0.0265625 0.0375
0 0.340625 0.209375 0.0265625 0.0375
0 0.1765625 0.22109375 0.015625 0.025
0 0.696875 0.18671875 0.015625 0.025
0 0.0046875 0.23515625 0.009375 0.0328125
0 0.82734375 0.18046875 0.0296875 0.034375
0 0.31796875 0.215625 0.0296875 0.0296875
0 0.94375 0.17421875 0.03125 0.0390625
0 0.0453125 0.2375 0.0203125 0.025
0 0.59921875 0.1984375 0.034375 0.0296875
0 0.66875 0.19375 0.021875 0.0375
0 0.2078125 0.040625 0.00625 0.0140625
0 0.69296875 0.01015625 0.0203125 0.0203125
0 0.43125 0.2125 0.03125 0.0390625
0 0.21640625 0.22734375 0.025 0.0328125
0 0.2609375 0.225 0.015625 0.0296875
0 0.14921875 0.234375 0.0203125 0.0296875
0 0.73203125 0.19609375 0.03125 0.0390625
0 0.64375 0.20234375 0.0203125 0.0296875
0 0.096875 0.240625 0.025 0.0328125
0 0.125 0.2390625 0.0265625 0.0375
0 0.0828125 0.24375 0.015625 0.0296875
0 0.3875 0.225 0.025 0.0328125
0 0.715625 0.20234375 0.0203125 0.0296875
0 0.30546875 0.03359375 0.015625 0.015625
0 0.59609375 0.01328125 0.0109375 0.0140625
0 0.83515625 0.00390625 0.0109375 0.0078125
0 0.4984375 0.02265625 0.015625 0.0203125
0 0.74609375 0.2 0.03125 0.04375
0 0.5640625 0.2140625 0.025 0.0328125
0 0.62890625 0.2125 0.025 0.0328125
0 0.0515625 0.2546875 0.0203125 0.0296875
0 0.45078125 0.2296875 0.0203125 0.0296875
0 0.19921875 0.246875 0.0203125 0.025
0 0.45703125 0.025 0.0109375 0.01875
0 0.78828125 0.20546875 0.034375 0.0390625
0 0.88125 0.2015625 0.021875 0.0375
0 0.1671875 0.2515625 0.0203125 0.0296875
0 0.59609375 0.221875 0.0296875 0.0203125
0 0.65390625 0.21953125 0.025 0.025
0 0.00390625 0.2671875 0.0078125 0.0375
0 0.14609375 0.2578125 0.0203125 0.0203125
0 0.703125 0.21875 0.025 0.0296875
0 0.3640625 0.24453125 0.015625 0.0296875
0 0.68984375 0.221875 0.025 0.0328125
0 0.3453125 0.2484375 0.0203125 0.0296875
0 0.76484375 0.00625 0.0109375 0.0125
0 0.0609375 0.053125 0.0140625 0.0109375
0 0.8625 0.2125 0.03125 0.0390625
0 0.4171875 0.24375 0.021875 0.0375
0 0.47734375 0.24140625 0.021875 0.0375
0 0.315625 0.253125 0.0265625 0.0375
0 0.0171875 0.2734375 0.0203125 0.0328125
0 0.928125 0.2125 0.0203125 0.0328125
0 0.37890625 0.25546875 0.025 0.025
0 0.0953125 0.053125 0.0203125 0.025
0 0.53515625 0.24453125 0.021875 0.0375
0 0.0765625 0.27890625 0.0203125 0.025
0 0.5953125 0.24296875 0.0265625 0.0375
0 0.1546875 0.27578125 0.015625 0.0328125
0 0.46875 0.25859375 0.03125 0.0390625
0 0.24296875 0.27421875 0.025 0.025
0 0.27265625 0.27265625 0.025 0.0328125
0 0.75625 0.240625 0.0296875 0.0296875
0 0.2015625 0.2796875 0.0265625 0.0375
0 0.29140625 0.2734375 0.0203125 0.025
0 0.50859375 0.2578125 0.0265625 0.0375
0 0.33046875 0.03671875 0.0109375 0.0140625
0 0.58203125 0.01875 0.0203125 0.025
0 0.38125 0.0328125 0.0203125 0.025
0 0.9609375 0.2265625 0.0359375 0.053125
0 0.55234375 0.25546875 0.0203125 0.0328125
0 0.6265625 0.25 0.0203125 0.0328125
0 0.90546875 0.2328125 0.0265625 0.0375
0 0.346875 0.271875 0.0296875 0.025
0 0.17421875 0.28828125 0.0296875 0.034375
0 0.05390625 0.296875 0.0203125 0.0328125
0 0.7875 0.00859375 0.015625 0.0171875
0 0.1390625 0.05234375 0.015625 0.015625
0 0.675 0.01484375 0.0203125 0.025
0 0.6453125 0.2625 0.0203125 0.0328125
0 0.06875 0.303125 0.03125 0.0390625
0 0.33359375 0.284375 0.025 0.025
0 0.09609375 0.30078125 0.025 0.0203125
0 0.80078125 0.25390625 0.03125 0.04375
0 0.884375 0.2484375 0.0265625 0.046875
0 0.6734375 0.26328125 0.0203125 0.0296875
0 0.02734375 0.3109375 0.0203125 0.025
0 0.8609375 0.25234375 0.021875 0.0421875
0 0.84609375 0.00625 0.0109375 0.0125
0 0.2484375 0.04453125 0.015625 0.0203125
0 0.6 0.27421875 0.021875 0.0375
0 0.38828125 0.2890625 0.03125 0.0390625
0 0.1203125 0.31015625 0.025 0.0328125
0 0.2953125 0.2984375 0.0265625 0.0375
0 0.01328125 0.3171875 0.0265625 0.04375
0 0.8359375 0.26015625 0.03125 0.04375
0 0.70234375 0.271875 0.0203125 0.0328125
0 0.57578125 0.28125 0.021875 0.0375
0 0.25234375 0.30390625 0.03125 0.04375
0 0.22265625 0.0484375 0.015625 0.015625
0 0.2921875 0.04375 0.0109375 0.028125
0 0.40703125 0.0359375 0.015625 0.0203125
0 0.42578125 0.034375 0.015625 0.0203125
0 0.30390625 0.04296875 0.015625 0.0203125
0 0.76015625 0.2703125 0.021875 0.0375
0 0.0015625 0.32578125 0.003125 0.0203125
0 0.46484375 0.29609375 0.0265625 0.0421875
0 0.21328125 0.315625 0.0203125 0.0328125
0 0.1234375 0.32421875 0.0203125 0.0296875
0 0.52265625 0.29609375 0.0203125 0.0328125
0 0.92265625 0.26875 0.040625 0.0484375
0 0.4375 0.30234375 0.03125 0.04375
0 0.5484375 0.02578125 0.015625 0.0296875
0 0.73984375 0.28359375 0.0203125 0.0296875
0 0.2296875 0.31953125 0.025 0.0296875
0 0.08125 0.3296875 0.034375 0.0296875
0 0.66171875 0.2890625 0.03125 0.0390625
0 0.03359375 0.33515625 0.0203125 0.0296875
0 0.2828125 0.32265625 0.0265625 0.0375
0 0.3453125 0.31796875 0.0390625 0.04375
0 0.565625 0.0015625 0.01875 0.003125
0 0.75546875 0.01171875 0.0109375 0.01875
0 0.1875 0.0515625 0.0109375 0.0140625
0 0.45546875 0.0328125 0.015625 0.025
0 0.546875 0.30859375 0.0296875 0.034375
0 0.7109375 0.30234375 0.03125 0.0390625
0 0.63046875 0.3078125 0.025 0.0328125
0 0.4828125 0.31796875 0.025 0.0296875
0 0.021875 0.0640625 0.0109375 0.01875
0 0.1421875 0.3515625 0.0265625 0.0421875
0 0.171875 0.34921875 0.03125 0.04375
0 0.60078125 0.31875 0.0390625 0.0390625
0 0.790625 0.3078125 0.0453125 0.053125
0 0.51640625 0.3296875 0.0265625 0.0375
0 0.4515625 0.334375 0.034375 0.0296875
0 0.2015625 0.0515625 0.015625 0.025
0 0.60859375 0.0234375 0.015625 0.025
0 0.740625 0.01640625 0.015625 0.0203125
0 0.90390625 0.30234375 0.0359375 0.053125
0 0.8671875 0.3078125 0.0359375 0.053125
0 0.890625 0.30625 0.021875 0.0421875
0 0.95078125 0.3015625 0.040625 0.053125
0 0.3953125 0.340625 0.03125 0.0390625
0 0.57421875 0.328125 0.025 0.0296875
0 0.06640625 0.365625 0.03125 0.04375
0 0.30625 0.34921875 0.03125 0.0390625
0 0.01328125 0.36953125 0.0203125 0.0328125
0 0.69921875 0.321875 0.03125 0.0390625
0 0.23203125 0.35625 0.03125 0.0390625
0 0.02890625 0.37109375 0.03125 0.04375
0 0.234375 0.0515625 0.015625 0.0296875
0 0.8921875 0.0078125 0.015625 0.015625
0 0.57109375 0.028125 0.015625 0.0203125
0 0.1171875 0.37109375 0.0265625 0.0375
0 0.53984375 0.34140625 0.034375 0.04375
0 0.753125 0.33359375 0.03125 0.0484375
0 0.725 0.33515625 0.034375 0.04375
0 0.4171875 0.0390625 0.0203125 0.025
0 0.4953125 0.03359375 0.0203125 0.0203125
0 0.040625 0.065625 0.015625 0.0203125
0 0.18125 0.05546875 0.015625 0.0203125
0 0.42734375 0.35625 0.0265625 0.0375
0 0.4921875 0.35390625 0.03125 0.0390625
0 0.64609375 0.34296875 0.0359375 0.053125
0 0.17109375 0.37890625 0.0390625 0.03125
0 0.603125 0.353125 0.040625 0.053125
0 0.38046875 0.37578125 0.034375 0.04375
0 0.03125 0.40078125 0.0296875 0.0296875
0 0.50546875 0.371875 0.0265625 0.0375
0 0.146875 0.06015625 0.015625 0.0203125
0 0.44453125 0.03984375 0.015625 0.025
0 0.08046875 0.4015625 0.03125 0.04375
0 0.30859375 0.3859375 0.0265625 0.0375
0 0.44296875 0.38125 0.0296875 0.034375
0 0.82890625 0.35390625 0.0484375 0.040625
0 0.246875 0.396875 0.03125 0.053125
0 0.290625 0.39375 0.03125 0.04375
0 0.00625 0.41796875 0.0125 0.0421875
0 0.17578125 0.40703125 0.03125 0.04375
0 0.20625 0.40703125 0.03125 0.04375
0 0.52890625 0.38671875 0.0359375 0.053125
0 0.9078125 0.3625 0.0265625 0.0421875
0 0.33359375 0.403125 0.0265625 0.046875
0 0.878125 0.3671875 0.0265625 0.0515625
0 0.91484375 0.01171875 0.0203125 0.0234375
0 0.165625 0.06171875 0.015625 0.0203125
0 0.7765625 0.3765625 0.021875 0.0515625
0 0.4140625 0.4015625 0.034375 0.034375
0 0.6875 0.38984375 0.040625 0.053125
0 0.0359375 0.4375 0.040625 0.0578125
0 0.46171875 0.4078125 0.0359375 0.0484375
0 0.97578125 0.37578125 0.0265625 0.0515625
0 0.7984375 0.390625 0.021875 0.0375
0 0.8171875 0.3890625 0.0359375 0.0484375
0 0.38671875 0.01171875 0.0140625 0.0109375
0 0.1328125 0.065625 0.0140625 0.0109375
0 0.35234375 0.05078125 0.0203125 0.025
0 0.103125 0.06796875 0.015625 0.0203125
0 0.50546875 0.415625 0.0359375 0.0484375
0 0.6125 0.41328125 0.03125 0.04375
0 0.58046875 0.415625 0.0359375 0.053125
0 0.196875 0.44453125 0.034375 0.034375
0 0.0046875 0.075 0.009375 0.025
0 0.07109375 0.07265625 0.015625 0.0203125
0 0.85 0.40078125 0.0359375 0.053125
0 0.3609375 0.43515625 0.03125 0.0484375
0 0.3078125 0.4390625 0.034375 0.0390625
0 0.4421875 0.434375 0.0265625 0.0421875
0 0.7171875 0.41953125 0.03125 0.04375
0 0.78203125 0.02265625 0.015625 0.015625
0 0.41484375 0.44765625 0.040625 0.053125
0 0.246875 0.46171875 0.040625 0.053125
0 0.084375 0.071875 0.015625 0.0203125
0 0.325 0.0546875 0.015625 0.015625
0 0.2625 0.059375 0.0203125 0.0296875
0 0.11328125 0.478125 0.03125 0.0484375
0 0.68359375 0.43828125 0.025 0.0328125
0 0.01171875 0.4875 0.0234375 0.065625
0 0.77421875 0.434375 0.0390625 0.03125
0 0.93125 0.4234375 0.0453125 0.053125
0 0.98203125 0.42734375 0.021875 0.0421875
0 0.6359375 0.4515625 0.040625 0.053125
0 0.21875 0.06484375 0.015625 0.0296875
0 0.16484375 0.49140625 0.0359375 0.053125
0 0.19765625 0.4890625 0.03125 0.0484375
0 0.73515625 0.4515625 0.03125 0.053125
0 0.078125 0.49921875 0.0453125 0.0578125
0 0.1421875 0.49453125 0.0265625 0.0421875
0 0.0546875 0.50546875 0.03125 0.053125
0 0.3546875 0.484375 0.0265625 0.0421875
0 0.53046875 0.471875 0.0453125 0.053125
0 0.20703125 0.06796875 0.0109375 0.01875
0 0.52421875 0.0453125 0.015625 0.0296875
0 0.74140625 0.03046875 0.0203125 0.0296875
0 0.30234375 0.0609375 0.0109375 0.028125
0 0.7 0.46953125 0.0390625 0.04375
0 0.478125 0.4875 0.040625 0.0578125
0 0.33125 0.5046875 0.03125 0.0578125
0 0.63203125 0.040625 0.015625 0.0203125
0 0.725 0.03359375 0.0203125 0.0328125
0 0.990625 0.46328125 0.01875 0.0609375
0 0.27421875 0.515625 0.040625 0.0578125
0 0.78359375 0.48046875 0.0453125 0.0625
0 0.56171875 0.0453125 0.0203125 0.0203125
0 0.37421875 0.52265625 0.03125 0.053125
0 0.0890625 0.03203125 0.009375 0.009375
0 0.20703125 0.02421875 0.009375 0.009375
0 0.053125 0.08125 0.015625 0.015625
0 0.903125 0.021875 0.015625 0.025
0 0.12265625 0.07578125 0.015625 0.025
0 0.07890625 0.55078125 0.0265625 0.0421875
0 0.83671875 0.49765625 0.05 0.0625
0 0.9421875 0.02109375 0.0203125 0.0296875
0 0.95625 0.0203125 0.015625 0.025
0 0.69140625 0.51875 0.0453125 0.053125
0 0.5390625 0.53203125 0.0453125 0.0671875
0 0.43671875 0.05625 0.025 0.0296875
0 0.4640625 0.54375 0.0359375 0.053125
0 0.10546875 0.57109375 0.04375 0.0484375
0 0.0484375 0.578125 0.0453125 0.0625
0 0.14765625 0.07890625 0.0203125 0.025
0 0.3125 0.0671875 0.015625 0.0296875
0 0.33046875 0.06640625 0.0109375 0.01875
0 0.8546875 0.0296875 0.0203125 0.025
0 0.64921875 0.04375 0.015625 0.025
0 0.23046875 0.56953125 0.040625 0.0578125
0 0.93359375 0.52734375 0.040625 0.0484375
0 0.540625 0.0515625 0.0203125 0.025
0 0.67265625 0.0421875 0.0203125 0.025
0 0.15703125 0.078125 0.015625 0.0203125
0 0.78359375 0.03671875 0.0203125 0.0203125
0 0.2921875 0.58671875 0.0546875 0.06875
0 0.83125 0.03359375 0.015625 0.025
0 0.01875 0.090625 0.015625 0.025
0 0.59140625 0.05 0.0203125 0.0296875
0 0.61015625 0.04921875 0.0203125 0.0203125
0 0.425 0.5890625 0.0453125 0.053125
0 0.61484375 0.58046875 0.040625 0.053125
0 0.090625 0.61953125 0.040625 0.053125
0 0.1640625 0.61640625 0.0453125 0.0625
0 0.0171875 0.63125 0.0234375 0.0609375
0 0.67578125 0.5921875 0.0453125 0.0671875
0 0.39921875 0.61328125 0.0453125 0.0625
0 0.47109375 0.60859375 0.0453125 0.0671875
0 0.5140625 0.60546875 0.0453125 0.053125
0 0.09765625 0.08984375 0.015625 0.025
0 0.9609375 0.58125 0.05 0.0625
0 0.8828125 0.59375 0.053125 0.05
0 0.321875 0.01796875 0.015625 0.015625
0 0.55625 0.0046875 0.015625 0.009375
0 0.07734375 0.03515625 0.015625 0.015625
0 0.6140625 0.00234375 0.015625 0.0046875
0 0.22890625 0.6421875 0.0359375 0.0625
0 0.746875 0.6125 0.05 0.0671875
0 0.29140625 0.64453125 0.05 0.0625
0 0.1765625 0.084375 0.0203125 0.025
0 0.49296875 0.0640625 0.0203125 0.0296875
0 0.0390625 0.67421875 0.0453125 0.0625
0 0.3765625 0.6625 0.040625 0.0578125
0 0.36796875 0.07265625 0.015625 0.025
0 0.47421875 0.065625 0.0203125 0.0296875
0 0.17109375 0.67890625 0.0359375 0.0578125
0 0.84140625 0.0421875 0.015625 0.025
0 0.08671875 0.0953125 0.0203125 0.0203125
0 0.403125 0.07265625 0.0203125 0.025
0 0.46015625 0.06875 0.015625 0.025
0 0.58046875 0.65859375 0.040625 0.0671875
0 0.55546875 0.6609375 0.040625 0.0578125
0 0.890625 0.6421875 0.059375 0.06875
0 0.35234375 0.0765625 0.015625 0.015625
0 0.02109375 0.71875 0.0171875 0.05625
0 0.1328125 0.09453125 0.015625 0.025
0 0.25546875 0.71953125 0.0546875 0.06875
0 0.0546875 0.1 0.015625 0.0296875
0 0.1265625 0.7328125 0.0453125 0.0578125
0 0.75234375 0.69140625 0.0609375 0.078125
0 0.70078125 0.05703125 0.0203125 0.0296875
0 0.46953125 0.7265625 0.0453125 0.053125
0 0.22578125 0.02734375 0.0203125 0.0203125
0 0.37109375 0.0171875 0.015625 0.0203125
0 0.7453125 0.05625 0.0203125 0.0328125
0 0.3546875 0.7375 0.0453125 0.0671875
0 0.66640625 0.72265625 0.05625 0.0734375
0 0.1703125 0.09609375 0.025 0.025
0 0.19765625 0.09453125 0.0203125 0.0296875
0 0.978125 0.721875 0.04375 0.053125
0 0.2515625 0.09296875 0.0203125 0.025
0 0.76328125 0.05703125 0.0203125 0.025
0 0.62109375 0.0671875 0.0203125 0.0296875
0 0.025 0.10859375 0.015625 0.0203125
0 0.39140625 0.0828125 0.015625 0.025
0 0.86953125 0.74375 0.065625 0.0828125
0 0.6390625 0.06796875 0.0203125 0.0296875
0 0.865625 0.05234375 0.0203125 0.025
0 0.41640625 0.790625 0.0515625 0.071875
0 0.571875 0.07265625 0.0203125 0.0296875
0 0.25234375 0.80703125 0.05625 0.0734375
0 0.03984375 0.821875 0.040625 0.0578125
0 0.15546875 0.81875 0.0453125 0.053125
0 0.7890625 0.0578125 0.0203125 0.0296875
0 0.121875 0.10390625 0.0203125 0.015625
0 0.821875 0.0578125 0.0203125 0.0296875
0 0.48515625 0.08125 0.015625 0.0296875
0 0.97734375 0.77734375 0.0453125 0.0859375
0 0.48984375 0.8140625 0.0515625 0.071875
0 0.74296875 0.7984375 0.0796875 0.09375
0 0.4640625 0.08515625 0.015625 0.025
0 0.596875 0.8203125 0.0703125 0.078125
0 0.12578125 0.034375 0.015625 0.0203125
0 0.0984375 0.0359375 0.015625 0.0203125
0 0.4890625 0.00859375 0.0140625 0.0109375
0 0.28125 0.09765625 0.025 0.0296875
0 0.63203125 0.0734375 0.0203125 0.0328125
0 0.2125 0.8640625 0.05625 0.0734375
0 0.0078125 0.11953125 0.015625 0.0296875
0 0.90078125 0.821875 0.065625 0.0828125
0 0.33828125 0.8734375 0.0421875 0.071875
0 0.684375 0.85390625 0.0796875 0.0796875
0 0.94453125 0.05625 0.015625 0.025
0 0.16640625 0.1109375 0.015625 0.0203125
0 0.68203125 0.07421875 0.015625 0.025
0 0.30546875 0.10078125 0.0203125 0.015625
0 0.53359375 0.08515625 0.0203125 0.025
0 0.8203125 0.865625 0.0546875 0.0546875
0 0.77578125 0.06796875 0.015625 0.0296875
0 0.33984375 0.10078125 0.0203125 0.0328125
0 0.921875 0.06015625 0.0203125 0.0328125
0 0.80234375 0.07109375 0.0203125 0.025
0 0.8546875 0.0671875 0.0203125 0.025
0 0.13984375 0.03359375 0.015625 0.0203125
0 0.19296875 0.03203125 0.0203125 0.025
0 0.253125 0.02578125 0.015625 0.0203125
0 0.3515625 0.10390625 0.015625 0.0203125
0 0.25859375 0.11015625 0.0203125 0.0203125
0 0.84609375 0.06953125 0.0203125 0.015625
0 0.03046875 0.1265625 0.0203125 0.025
0 0.49296875 0.09609375 0.0203125 0.0296875
0 0.515625 0.09453125 0.0203125 0.0296875
0 0.596875 0.09140625 0.025 0.0328125
0 0.9015625 0.0703125 0.025 0.0296875
0 0.1578125 0.121875 0.015625 0.025
0 0.4625 0.10078125 0.025 0.0296875
0 0.56640625 0.09609375 0.0203125 0.0328125