0 0.41953125 0.1265625 0.028125 0.0421875
0 0.4703125 0.13984375 0.0375 0.0609375
0 0.1234375 0.16171875 0.0328125 0.065625
0 0.54296875 0.17265625 0.01875 0.0421875
0 0.5734375 0.18359375 0.0375 0.05625
0 0.5109375 0.1921875 0.0328125 0.0375
0 0.28828125 0.1984375 0.025 0.05625
0 0.43671875 0.1953125 0.0234375 0.0234375
0 0.36953125 0.19921875 0.025 0.05625
0 0.31875 0.209375 0.025 0.05625
0 0.2734375 0.2125 0.0328125 0.05625
0 0.3515625 0.21328125 0.0234375 0.0421875
0 0.43515625 0.2140625 0.0234375 0.0421875
0 0.0140625 0.23203125 0.028125 0.0609375
0 0.66640625 0.22109375 0.0296875 0.0515625
0 0.22890625 0.23125 0.0375 0.05625
0 0.7171875 0.23671875 0.0328125 0.05625
0 0.7484375 0.25703125 0.0375 0.0609375
0 0.1046875 0.26875 0.025 0.0515625
0 0.36875 0.26640625 0.0328125 0.065625
0 0.5796875 0.271875 0.0296875 0.065625
0 0.28046875 0.27734375 0.0234375 0.0328125
0 0.8390625 0.271875 0.0328125 0.0515625
0 0.67890625 0.28359375 0.0296875 0.046875
0 0.4265625 0.29765625 0.025 0.0515625
0 0.51484375 0.2984375 0.0296875 0.0515625
0 0.45078125 0.30390625 0.025 0.0515625
0 0.09375 0.3125 0.0328125 0.05625
0 0.28125 0.309375 0.0375 0.0515625
0 0.63828125 0.3078125 0.0328125 0.0421875
0 0.73984375 0.31796875 0.0328125 0.0609375
0 0.21875 0.33828125 0.0328125 0.05625
0 0.15234375 0.34453125 0.0328125 0.046875
0 0.6703125 0.34140625 0.0328125 0.0515625
0 0.57890625 0.3453125 0.0328125 0.0515625
0 0.4765625 0.34765625 0.0328125 0.0515625
0 0.3703125 0.35859375 0.0375 0.0515625
0 0.61796875 0.35625 0.0328125 0.0609375
0 0.29140625 0.36484375 0.0375 0.0515625
0 0.778125 0.35859375 0.0328125 0.05625
0 0.70390625 0.36640625 0.0328125 0.05625
0 0.534375 0.36953125 0.0328125 0.0609375
0 0.2109375 0.3796875 0.0328125 0.0609375
0 0.34921875 0.38203125 0.0328125 0.0609375
0 0.4078125 0.390625 0.0328125 0.0609375
0 0.021875 0.409375 0.0421875 0.0703125
0 0.42890625 0.4046875 0.0296875 0.0609375
0 0.0953125 0.4140625 0.0421875 0.0609375
0 0.82734375 0.40390625 0.0328125 0.0515625
0 0.05625 0.43359375 0.0328125 0.0609375
0 0.36484375 0.43515625 0.0375 0.0609375
0 0.53828125 0.434375 0.0328125 0.05625
0 0.64765625 0.4375 0.0296875 0.0515625
0 0.621875 0.43984375 0.0328125 0.0515625
0 0.6890625 0.4484375 0.0328125 0.065625
0 0.9828125 0.45703125 0.025 0.0796875
0 0.328125 0.475 0.0328125 0.05625
0 0.14375 0.49453125 0.0328125 0.05625
0 0.196875 0.49609375 0.0296875 0.0515625
0 0.1640625 0.50625 0.01875 0.0375
0 0.01875 0.50859375 0.0296875 0.0609375
0 0.76875 0.51875 0.0328125 0.0421875
0 0.94296875 0.52421875 0.0296875 0.05625
0 0.15390625 0.55 0.0328125 0.065625
0 0.19765625 0.54921875 0.0328125 0.0515625
0 0.4796875 0.54375 0.0375 0.065625
0 0.79921875 0.54296875 0.0328125 0.0515625
0 0.0171875 0.56875 0.0328125 0.0421875
0 0.53125 0.5640625 0.0375 0.0515625
0 0.828125 0.56640625 0.0375 0.05625
0 0.27265625 0.578125 0.028125 0.0421875
0 0.08984375 0.5859375 0.0296875 0.0515625
0 0.31640625 0.58671875 0.0375 0.0515625
0 0.6546875 0.5921875 0.0375 0.0609375
0 0.5984375 0.5953125 0.0375 0.0609375
0 0.4875 0.596875 0.0296875 0.046875
0 0.7171875 0.59296875 0.0375 0.05625
0 0.77265625 0.6015625 0.0375 0.05625
0 0.42265625 0.6078125 0.0375 0.0515625
0 0.29765625 0.6125 0.0375 0.05625
0 0.028125 0.6265625 0.0328125 0.0515625
0 0.90546875 0.62734375 0.0375 0.05625
0 0.09921875 0.64609375 0.0375 0.0421875
0 0.55078125 0.640625 0.0375 0.0703125
0 0.50234375 0.65546875 0.0375 0.065625
0 0.88046875 0.66015625 0.0375 0.0609375
0 0.67890625 0.665625 0.0375 0.075
0 0.62578125 0.66640625 0.028125 0.0375
0 0.71875 0.68125 0.0328125 0.0609375
0 0.0125 0.6984375 0.0203125 0.046875
0 0.0421875 0.69765625 0.0328125 0.0609375
0 0.08203125 0.70390625 0.0328125 0.0515625
0 0.07421875 0.08359375 0.0328125 0.046875
0 0.27109375 0.0875 0.0375 0.0609375
0 0.01484375 0.10078125 0.0296875 0.0609375
0 0.44453125 0.1046875 0.0328125 0.0421875
0 0.146875 0.12421875 0.0328125 0.05625
0 0.215625 0.12265625 0.0375 0.0609375