0 0.41953125 0.00234375 0.0421875 0.0046875
0 0.88046875 0.77734375 0.084375 0.059375
0 0.33203125 0.05625 0.034375 0.0265625
0 0.60546875 0.8015625 0.09375 0.0640625
0 0.69375 0.84609375 0.0953125 0.0734375
0 0.175 0.046875 0.0390625 0.03125
0 0.35703125 0.06640625 0.04375 0.0328125
0 0.03984375 0.79765625 0.0796875 0.0640625
0 0.31875 0.82734375 0.0984375 0.0703125
0 0.9234375 0.89921875 0.08125 0.0671875
0 0.2578125 0.0609375 0.0484375 0.0328125
0 0.43046875 0.89296875 0.1078125 0.075
0 0.5671875 0.10390625 0.04375 0.0328125
0 0.5234375 0.09921875 0.04375 0.0359375
0 0.06328125 0.05078125 0.0390625 0.03125
0 0.846875 0.14296875 0.04375 0.0359375
0 0.39921875 0.10546875 0.0484375 0.0328125
0 0.21484375 0.090625 0.0484375 0.028125
0 0.7296875 0.15625 0.0484375 0.0359375
0 0.640625 0.15390625 0.04375 0.0328125
0 0.1296875 0.1078125 0.0484375 0.028125
0 0.51015625 0.1546875 0.04375 0.028125
0 0.5984375 0.02421875 0.0296875 0.0265625
0 0.33515625 0.13984375 0.04375 0.0359375
0 0.46015625 0.01171875 0.0484375 0.0234375
0 0.60625 0.17578125 0.04375 0.0328125
0 0.834375 0.2 0.0484375 0.0359375
0 0.075 0.13203125 0.0484375 0.0328125
0 0.52890625 0.18203125 0.0484375 0.0359375
0 0.3078125 0.16328125 0.0578125 0.0375
0 0.65390625 0.209375 0.053125 0.0375
0 0.19765625 0.165625 0.0484375 0.028125
0 0.34375 0.190625 0.053125 0.0375
0 0.05625 0.1625 0.0484375 0.0328125
0 0.17109375 0.17734375 0.0484375 0.028125
0 0.52890625 0.021875 0.0390625 0.0265625
0 0.8015625 0.2484375 0.0578125 0.0375
0 0.1828125 0.19609375 0.04375 0.0359375
0 0.4953125 0.2390625 0.0640625 0.0421875
0 0.371875 0.23515625 0.053125 0.0375
0 0.65546875 0.03984375 0.0390625 0.03125
0 0.2546875 0.24140625 0.053125 0.0375
0 0.415625 0.2609375 0.053125 0.0375
0 0.140625 0.2390625 0.0390625 0.03125
0 0.5109375 0.28203125 0.059375 0.0421875
0 0.11953125 0.240625 0.0453125 0.040625
0 0.8609375 0.328125 0.059375 0.0421875
0 0.3296875 0.28203125 0.053125 0.0375
0 0.71875 0.32734375 0.0578125 0.034375
0 0.203125 0.28984375 0.053125 0.0375
0 0.96875 0.37734375 0.0625 0.0421875
0 0.36953125 0.31875 0.05 0.040625
0 0.5171875 0.36171875 0.053125 0.0375
0 0.94921875 0.4140625 0.059375 0.0421875
0 0.090625 0.32421875 0.053125 0.0375
0 0.66953125 0.38984375 0.06875 0.04375
0 0.71640625 0.415625 0.0640625 0.0421875
0 0.26875 0.3734375 0.0640625 0.0421875
0 0.0640625 0.00390625 0.03125 0.0078125
0 0.14296875 0.378125 0.0640625 0.0421875
0 0.38671875 0.02734375 0.04375 0.0328125
0 0.5078125 0.4265625 0.059375 0.046875
0 0.34140625 0.415625 0.0734375 0.04375
0 0.9875 0.51015625 0.025 0.0484375
0 0.64453125 0.48046875 0.059375 0.046875
0 0.5703125 0.053125 0.034375 0.0265625
0 0.403125 0.47109375 0.0734375 0.04375
0 0.153125 0.01171875 0.034375 0.021875
0 0.58125 0.55 0.06875 0.0484375
0 0.33671875 0.5265625 0.06875 0.0484375
0 0.0578125 0.5 0.0734375 0.0484375
0 0.890625 0.59453125 0.0796875 0.0578125
0 0.61015625 0.06953125 0.0359375 0.0359375
0 0.50234375 0.59140625 0.078125 0.053125
0 0.8515625 0.63046875 0.0734375 0.053125
0 0.17109375 0.59140625 0.059375 0.046875
0 0.19375 0.03046875 0.034375 0.03125
0 0.44453125 0.05625 0.0484375 0.0328125
0 0.55625 0.678125 0.084375 0.059375
0 0.03671875 0.62421875 0.0734375 0.0546875
0 0.3046875 0.65625 0.075 0.0578125
0 0.73125 0.09375 0.04375 0.0328125