0 0.48828125 0.496875 0.0046875 0.0046875
0 0.4765625 0.4953125 0.0046875 0.0046875
0 0.50234375 0.49765625 0.0046875 0.0046875
0 0.5046875 0.4984375 0.0046875 0.0046875
0 0.509375 0.4984375 0.0046875 0.0046875
0 0.4859375 0.49609375 0.0046875 0.0046875
0 0.5 0.49765625 0.0046875 0.0046875
0 0.48828125 0.49921875 0.0046875 0.0046875
0 0.49765625 0.5 0.0046875 0.0046875
0 0.4765625 0.49765625 0.0046875 0.0046875
0 0.51171875 0.50078125 0.0046875 0.0046875
0 0.51875 0.5015625 0.0046875 0.0046875
0 0.50703125 0.50078125 0.0046875 0.0046875
0 0.48828125 0.49921875 0.0046875 0.0046875
0 0.50234375 0.5 0.0046875 0.0046875
0 0.4859375 0.50078125 0.0046875 0.0046875
0 0.48828125 0.5015625 0.0046875 0.0046875
0 0.47421875 0.5 0.0046875 0.0046875
0 0.509375 0.503125 0.0046875 0.0046875
0 0.49765625 0.50234375 0.0046875 0.0046875
0 0.4859375 0.50078125 0.0046875 0.0046875
0 0.5140625 0.50390625 0.0046875 0.0046875
0 0.515625 0.50625 0.0046875 0.0046875
0 0.52265625 0.50703125 0.0046875 0.0046875
0 0.4765625 0.50234375 0.0046875 0.0046875
0 0.50859375 0.50546875 0.0046875 0.0046875
0 0.46328125 0.5015625 0.0046875 0.0046875
0 0.4859375 0.503125 0.0046875 0.0046875
0 0.50390625 0.50546875 0.0046875 0.0046875
0 0.5015625 0.5046875 0.0046875 0.0046875
0 0.49921875 0.50703125 0.0046875 0.0046875
0 0.496875 0.50703125 0.0046875 0.0046875
0 0.50625 0.5078125 0.0046875 0.0046875
0 0.51328125 0.50859375 0.0046875 0.0046875
0 0.50859375 0.5078125 0.0046875 0.0046875
0 0.525 0.509375 0.0046875 0.0046875
0 0.53359375 0.51015625 0.0046875 0.0046875
0 0.51796875 0.50859375 0.0046875 0.0046875
0 0.4875 0.50625 0.0046875 0.0046875
0 0.515625 0.50859375 0.0046875 0.0046875
0 0.52265625 0.509375 0.0046875 0.0046875
0 0.53125 0.5125 0.0046875 0.0046875
0 0.47578125 0.50703125 0.0046875 0.0046875
0 0.50390625 0.509375 0.0046875 0.0046875
0 0.54296875 0.51328125 0.0046875 0.0046875
0 0.48515625 0.5078125 0.0046875 0.0046875
0 0.496875 0.509375 0.0046875 0.0046875
0 0.46015625 0.50625 0.0046875 0.0046875
0 0.5109375 0.51015625 0.0046875 0.0046875
0 0.45078125 0.50546875 0.0046875 0.0046875
0 0.50859375 0.51015625 0.0046875 0.0046875
0 0.53828125 0.5125 0.0046875 0.0046875
0 0.48515625 0.5078125 0.0046875 0.0046875
0 0.5453125 0.51328125 0.0046875 0.0046875
0 0.4921875 0.5109375 0.0046875 0.0046875
0 0.49921875 0.51171875 0.0046875 0.0046875
0 0.5015625 0.51171875 0.0046875 0.0046875
0 0.53125 0.51484375 0.0046875 0.0046875
0 0.47578125 0.509375 0.0046875 0.0046875
0 0.51796875 0.51328125 0.0046875 0.0046875
0 0.42265625 0.5046875 0.009375 0.00625
0 0.50625 0.5125 0.0046875 0.0046875
0 0.53359375 0.51484375 0.0046875 0.0046875
0 0.525 0.5140625 0.0046875 0.0046875
0 0.53984375 0.51796875 0.0046875 0.0046875
0 0.4484375 0.509375 0.0046875 0.0046875
0 0.46484375 0.5109375 0.0046875 0.0046875
0 0.47109375 0.51171875 0.0046875 0.0046875
0 0.5265625 0.51640625 0.0046875 0.0046875
0 0.484375 0.5125 0.0046875 0.0046875
0 0.5515625 0.51875 0.0046875 0.0046875
0 0.478125 0.5125 0.0046875 0.0046875
0 0.4296875 0.5078125 0.0046875 0.0046875
0 0.44140625 0.50859375 0.0046875 0.0046875
0 0.4984375 0.5140625 0.0046875 0.0046875
0 0.52890625 0.51640625 0.0046875 0.0046875
0 0.56796875 0.5203125 0.0046875 0.0046875
0 0.521875 0.51875 0.0046875 0.0046875
0 0.5375 0.51953125 0.0046875 0.0046875
0 0.5125 0.5171875 0.0046875 0.0046875
0 0.5171875 0.51796875 0.0046875 0.0046875
0 0.45703125 0.5125 0.0046875 0.0046875
0 0.51953125 0.51796875 0.0046875 0.0046875
0 0.5609375 0.521875 0.00625 0.009375
0 0.546875 0.5203125 0.0046875 0.0046875
0 0.55859375 0.521875 0.0046875 0.0046875
0 0.43125 0.51015625 0.00625 0.009375
0 0.5515625 0.5234375 0.0046875 0.0046875
0 0.53984375 0.52265625 0.0046875 0.0046875
0 0.4640625 0.515625 0.0046875 0.0046875
0 0.475 0.51640625 0.0046875 0.0046875
0 0.46796875 0.51640625 0.0046875 0.0046875
0 0.49140625 0.51796875 0.0046875 0.0046875
0 0.45 0.51484375 0.0046875 0.0046875
0 0.40390625 0.5125 0.0046875 0.0046875
0 0.4453125 0.51640625 0.0046875 0.0046875
0 0.4125 0.51328125 0.0109375 0.0109375
0 0.53203125 0.52421875 0.0046875 0.0046875
0 0.54375 0.525 0.0046875 0.0046875
0 0.42421875 0.51484375 0.009375 0.00625
0 0.5671875 0.52734375 0.0046875 0.0046875
0 0.43828125 0.515625 0.0046875 0.0046875
0 0.4546875 0.5171875 0.0046875 0.0046875
0 0.53671875 0.52421875 0.0046875 0.0046875
0 0.55078125 0.52578125 0.0046875 0.0046875
0 0.5140625 0.525 0.0109375 0.0109375
0 0.4859375 0.52265625 0.0046875 0.0046875
0 0.509375 0.52421875 0.0046875 0.0046875
0 0.57421875 0.5296875 0.009375 0.00625
0 0.5046875 0.5265625 0.00625 0.009375
0 0.4609375 0.52265625 0.0109375 0.0109375
0 0.49296875 0.525 0.0109375 0.0109375
0 0.54609375 0.5296875 0.0046875 0.0046875
0 0.5625 0.53125 0.0046875 0.0046875
0 0.48125 0.52421875 0.0046875 0.0046875
0 0.5296875 0.528125 0.00625 0.009375
0 0.58046875 0.53515625 0.00625 0.009375
0 0.5671875 0.534375 0.00625 0.009375
0 0.6078125 0.5375 0.0109375 0.0109375
0 0.45390625 0.52421875 0.00625 0.009375
0 0.41640625 0.52109375 0.00625 0.009375
0 0.5484375 0.5328125 0.00625 0.009375
0 0.5390625 0.53125 0.00625 0.009375
0 0.43984375 0.525 0.0046875 0.0046875
0 0.44921875 0.52578125 0.00625 0.009375
0 0.55703125 0.5359375 0.0046875 0.0046875
0 0.36328125 0.51875 0.0046875 0.0046875
0 0.48515625 0.53125 0.009375 0.00625
0 0.46953125 0.5296875 0.0046875 0.0046875
0 0.35625 0.51953125 0.009375 0.00625
0 0.4921875 0.53125 0.0109375 0.0109375
0 0.5203125 0.53359375 0.009375 0.00625
0 0.40703125 0.5265625 0.0109375 0.0109375
0 0.42109375 0.52734375 0.0109375 0.0109375
0 0.42578125 0.528125 0.0109375 0.0109375
0 0.50859375 0.5375 0.0109375 0.0109375
0 0.46484375 0.53359375 0.00625 0.009375
0 0.5734375 0.54296875 0.0109375 0.0109375
0 0.6 0.5453125 0.0109375 0.0140625
0 0.434375 0.53125 0.0109375 0.0109375
0 0.40234375 0.53046875 0.00625 0.009375
0 0.3671875 0.52734375 0.0109375 0.0109375
0 0.546875 0.54296875 0.0109375 0.0109375
0 0.565625 0.5453125 0.00625 0.009375
0 0.35546875 0.5265625 0.0109375 0.0109375
0 0.390625 0.53203125 0.0109375 0.0140625
0 0.4296875 0.53515625 0.009375 0.00625
0 0.5609375 0.546875 0.00625 0.009375
0 0.528125 0.54375 0.0109375 0.0109375
0 0.44375 0.53671875 0.015625 0.015625
0 0.609375 0.55078125 0.0109375 0.0109375
0 0.47265625 0.54140625 0.0109375 0.0109375
0 0.4546875 0.53984375 0.0109375 0.0109375
0 0.58671875 0.5515625 0.009375 0.00625
0 0.41796875 0.53671875 0.0109375 0.0109375
0 0.50546875 0.546875 0.0109375 0.0109375
0 0.40546875 0.53828125 0.0109375 0.0140625
0 0.57421875 0.553125 0.0109375 0.0109375
0 0.5171875 0.54765625 0.0109375 0.0109375
0 0.42421875 0.5421875 0.0109375 0.0109375
0 0.37109375 0.5375 0.015625 0.015625
0 0.62734375 0.559375 0.0109375 0.0140625
0 0.36171875 0.5390625 0.015625 0.015625
0 0.5484375 0.55546875 0.0109375 0.0109375
0 0.58359375 0.55859375 0.015625 0.015625
0 0.54140625 0.55703125 0.009375 0.00625
0 0.65 0.56640625 0.015625 0.015625
0 0.39609375 0.546875 0.0109375 0.0140625
0 0.4515625 0.5515625 0.009375 0.00625
0 0.40234375 0.546875 0.00625 0.009375
0 0.35859375 0.5453125 0.0109375 0.0109375
0 0.52265625 0.56015625 0.015625 0.015625
0 0.56875 0.5640625 0.0109375 0.0140625
0 0.29140625 0.5421875 0.015625 0.015625
0 0.603125 0.56953125 0.009375 0.00625
0 0.55 0.56484375 0.0109375 0.0109375
0 0.39140625 0.55078125 0.0140625 0.0109375
0 0.4515625 0.55625 0.0046875 0.0046875
0 0.365625 0.55078125 0.015625 0.015625
0 0.43671875 0.55703125 0.0140625 0.0109375
0 0.61640625 0.57265625 0.0203125 0.015625
0 0.303125 0.54765625 0.0203125 0.015625
0 0.6328125 0.5765625 0.0203125 0.0203125
0 0.60234375 0.57421875 0.0109375 0.0109375
0 0.34140625 0.55390625 0.015625 0.015625
0 0.40625 0.559375 0.0109375 0.0140625
0 0.5375 0.57109375 0.0203125 0.0203125
0 0.66484375 0.58203125 0.015625 0.015625
0 0.42265625 0.5609375 0.0109375 0.0109375
0 0.284375 0.5484375 0.01875 0.0109375
0 0.584375 0.575 0.015625 0.015625
0 0.353125 0.55703125 0.015625 0.015625
0 0.45 0.565625 0.015625 0.015625
0 0.32109375 0.55390625 0.0109375 0.0109375
0 0.3859375 0.5625 0.015625 0.015625
0 0.265625 0.5515625 0.015625 0.015625
0 0.178125 0.54375 0.0140625 0.0109375
0 0.55625 0.57734375 0.0109375 0.0140625
0 0.75 0.59375 0.01875 0.0109375
0 0.43359375 0.56875 0.0203125 0.015625
0 0.521875 0.5765625 0.0203125 0.0203125
0 0.40078125 0.565625 0.015625 0.015625
0 0.67578125 0.5921875 0.015625 0.015625
0 0.3109375 0.56015625 0.0203125 0.015625
0 0.2328125 0.553125 0.015625 0.0203125
0 0.37578125 0.56796875 0.0140625 0.0109375
0 0.1703125 0.55 0.015625 0.015625
0 0.4078125 0.57109375 0.0109375 0.0140625
0 0.82578125 0.6078125 0.0390625 0.034375
0 0.42578125 0.575 0.0203125 0.015625
0 0.5984375 0.58984375 0.015625 0.015625
0 0.534375 0.584375 0.0140625 0.0109375
0 0.359375 0.56953125 0.015625 0.015625
0 0.28515625 0.5625 0.0203125 0.015625
0 0.26953125 0.56171875 0.015625 0.015625
0 0.25546875 0.5625 0.015625 0.015625
0 0.44921875 0.5796875 0.0109375 0.0109375
0 0.36328125 0.571875 0.0109375 0.0109375
0 0.24375 0.56171875 0.0203125 0.025
0 0.39375 0.5796875 0.0203125 0.0203125
0 0.4578125 0.58515625 0.0109375 0.0140625
0 0.57578125 0.5953125 0.03125 0.03125
0 0.48515625 0.5875 0.0453125 0.0546875
0 0.67421875 0.60390625 0.015625 0.0203125
0 0.5359375 0.59375 0.0140625 0.0109375
0 0.74375 0.6125 0.021875 0.0328125
0 0.1109375 0.559375 0.059375 0.0453125
0 0.2984375 0.57578125 0.015625 0.0203125
0 0.22421875 0.57109375 0.015625 0.0203125
0 0.76171875 0.61796875 0.021875 0.0296875
0 0.5171875 0.5984375 0.0203125 0.0203125
0 0.19921875 0.57109375 0.0203125 0.0203125
0 0.00703125 0.55546875 0.0140625 0.0609375
0 0.371875 0.5859375 0.015625 0.0203125
0 0.3234375 0.58203125 0.03125 0.0390625
0 0.55859375 0.6046875 0.015625 0.0203125
0 0.6296875 0.6109375 0.015625 0.025
0 0.2765625 0.5796875 0.021875 0.0296875
0 0.3875 0.5921875 0.0203125 0.0203125
0 0.5484375 0.60625 0.015625 0.0203125
0 0.678125 0.6171875 0.015625 0.015625
0 0.01640625 0.56171875 0.0328125 0.0390625
0 0.21015625 0.57890625 0.0203125 0.025
0 0.6015625 0.61328125 0.015625 0.0203125
0 0.35703125 0.5921875 0.01875 0.0109375
0 0.2578125 0.5875 0.0265625 0.0296875
0 0.43046875 0.603125 0.0390625 0.034375
0 0.509375 0.61015625 0.015625 0.0203125
0 0.87578125 0.64453125 0.021875 0.0296875
0 0.53359375 0.61640625 0.03125 0.03125
0 0.95390625 0.653125 0.040625 0.04375
0 0.796875 0.6421875 0.0390625 0.0390625
0 0.90703125 0.65625 0.0265625 0.034375
0 0.16875 0.59375 0.05 0.0546875
0 0.84140625 0.6578125 0.0265625 0.034375
0 0.7 0.659375 0.0546875 0.059375
0 0.34921875 0.63125 0.05 0.059375
0 0.04921875 0.609375 0.05625 0.0640625
0 0.97109375 0.6921875 0.03125 0.04375