0 0.57578125 0.17578125 0.05 0.0703125
0 0.209375 0.2296875 0.0390625 0.0546875
0 0.82421875 0.1484375 0.0578125 0.0984375
0 0.703125 0.16796875 0.053125 0.09375
0 0.3390625 0.21875 0.040625 0.0640625
0 0.446875 0.20859375 0.05 0.075
0 0.621875 0.190625 0.040625 0.0734375
0 0.934375 0.14921875 0.046875 0.1140625
0 0.05546875 0.27734375 0.0640625 0.103125
0 0.8828125 0.16328125 0.053125 0.0890625
0 0.3140625 0.2453125 0.0421875 0.078125
0 0.38828125 0.23984375 0.0515625 0.084375
0 0.509375 0.234375 0.05 0.075
0 0.7921875 0.196875 0.0546875 0.0984375
0 0.246875 0.27578125 0.0359375 0.0640625
0 0.6671875 0.22421875 0.05625 0.0796875
0 0.225 0.290625 0.0515625 0.084375
0 0.2828125 0.28515625 0.0578125 0.09375
0 0.346875 0.29296875 0.0453125 0.0734375
0 0.59296875 0.2625 0.0390625 0.059375
0 0.103125 0.334375 0.059375 0.103125
0 0.1859375 0.3265625 0.0546875 0.1015625
0 0.72578125 0.27890625 0.05 0.0703125
0 0.50625 0.3265625 0.05 0.065625
0 0.2671875 0.3921875 0.0421875 0.0828125
0 0.340625 0.38203125 0.046875 0.0828125
0 0.228125 0.42890625 0.0515625 0.084375
0 0.4234375 0.40546875 0.0578125 0.09375
0 0.47421875 0.40078125 0.040625 0.0640625
0 0.57890625 0.39140625 0.040625 0.0640625
0 0.0484375 0.48359375 0.0609375 0.08125
0 0.54296875 0.42109375 0.0515625 0.0796875
0 0.7046875 0.4078125 0.053125 0.09375
0 0.4953125 0.446875 0.04375 0.0546875
0 0.6421875 0.4265625 0.0515625 0.084375
0 0.971875 0.42109375 0.05625 0.1109375
0 0.471875 0.50390625 0.046875 0.078125
0 0.77265625 0.4921875 0.053125 0.09375
0 0.3453125 0.55859375 0.0640625 0.103125
0 0.07265625 0.60390625 0.0609375 0.08125
0 0.26875 0.59765625 0.065625 0.1171875
0 0.165625 0.61484375 0.0703125 0.1171875
0 0.42421875 0.59765625 0.046875 0.078125
0 0.8953125 0.54921875 0.053125 0.09375
0 0.60859375 0.5921875 0.075 0.11875
0 0.36640625 0.7296875 0.0734375 0.140625
0 0.853125 0.090625 0.0453125 0.0734375
0 0.65 0.1375 0.0546875 0.075
0 0.7515625 0.13046875 0.040625 0.0640625