0 0.5421875 0.121875 0.0390625 0.059375
0 0.0375 0.1859375 0.025 0.0484375
0 0.29296875 0.159375 0.034375 0.053125
0 0.39921875 0.15078125 0.046875 0.046875
0 0.5765625 0.134375 0.0453125 0.0421875
0 0.6359375 0.12890625 0.0296875 0.021875
0 0.61328125 0.134375 0.0234375 0.0390625
0 0.09765625 0.20390625 0.046875 0.0875
0 0.01484375 0.215625 0.0296875 0.03125
0 0.94609375 0.10703125 0.021875 0.034375
0 0.5921875 0.15 0.046875 0.046875
0 0.921875 0.1125 0.0421875 0.0453125
0 0.77421875 0.1328125 0.0546875 0.0375
0 0.8625 0.12421875 0.040625 0.0328125
0 0.04921875 0.22890625 0.028125 0.04375
0 0.315625 0.1984375 0.0171875 0.0328125
0 0.553125 0.16953125 0.0328125 0.04375
0 0.3734375 0.19140625 0.040625 0.0734375
0 0.63046875 0.159375 0.0390625 0.028125
0 0.2796875 0.20546875 0.059375 0.0484375
0 0.51640625 0.178125 0.0546875 0.046875
0 0.6546875 0.1640625 0.04375 0.059375
0 0.43828125 0.19296875 0.0375 0.0765625
0 0.20703125 0.2234375 0.071875 0.0625
0 0.8296875 0.146875 0.0453125 0.0734375
0 0.6921875 0.16640625 0.0390625 0.059375
0 0.32890625 0.2109375 0.0234375 0.04375
0 0.1125 0.246875 0.0421875 0.0546875
0 0.40859375 0.2109375 0.05 0.0828125
0 0.64765625 0.1859375 0.040625 0.0359375
0 0.15234375 0.24921875 0.0421875 0.0453125
0 0.78203125 0.1765625 0.0546875 0.0796875
0 0.73984375 0.190625 0.0453125 0.078125
0 0.946875 0.171875 0.034375 0.090625
0 0.8984375 0.17578125 0.040625 0.0734375
0 0.259375 0.25390625 0.0359375 0.040625
0 0.3015625 0.2515625 0.0546875 0.0421875
0 0.59375 0.21796875 0.046875 0.0921875
0 0.81875 0.1921875 0.0375 0.0859375
0 0.93125 0.190625 0.0421875 0.0875
0 0.5078125 0.2421875 0.0609375 0.09375
0 0.21640625 0.28046875 0.053125 0.096875
0 0.565625 0.2421875 0.046875 0.0921875
0 0.6421875 0.23515625 0.05 0.078125
0 0.12109375 0.29921875 0.065625 0.053125
0 0.34296875 0.28359375 0.034375 0.053125
0 0.47421875 0.26796875 0.0375 0.08125
0 0.40390625 0.2859375 0.0359375 0.071875
0 0.2953125 0.3125 0.0625 0.1015625
0 0.69921875 0.26328125 0.0546875 0.0796875
0 0.134375 0.36796875 0.046875 0.0875
0 0.63515625 0.3625 0.05 0.0734375
0 0.3140625 0.40859375 0.040625 0.078125
0 0.1015625 0.48828125 0.053125 0.065625
0 0.54453125 0.5015625 0.05 0.0734375
0 0.15078125 0.55703125 0.046875 0.0875
0 0.184375 0.553125 0.040625 0.078125
0 0.9 0.56484375 0.0453125 0.078125
0 0.33828125 0.70390625 0.0546875 0.084375