0 0.165625 0.28359375 0.0328125 0.053125
0 0.76171875 0.24453125 0.0328125 0.0484375
0 0.27578125 0.2984375 0.028125 0.04375
0 0.83359375 0.2421875 0.0359375 0.04375
0 0.9671875 0.228125 0.01875 0.0515625
0 0.2375 0.30703125 0.0359375 0.0484375
0 0.0140625 0.33359375 0.028125 0.0484375
0 0.26875 0.05 0.0265625 0.0390625
0 0.07421875 0.33046875 0.0328125 0.0484375
0 0.67109375 0.26953125 0.03125 0.0390625
0 0.0390625 0.0765625 0.0171875 0.0328125
0 0.48125 0.29921875 0.0328125 0.04375
0 0.3984375 0.3125 0.0328125 0.0484375
0 0.09453125 0.34453125 0.0375 0.053125
0 0.646875 0.28671875 0.0328125 0.0484375
0 0.54921875 0.30625 0.0328125 0.04375
0 0.76015625 0.29140625 0.0359375 0.0484375
0 0.8328125 0.30234375 0.0265625 0.0390625
0 0.4234375 0.35 0.0328125 0.0484375
0 0.5140625 0.340625 0.0328125 0.0484375
0 0.259375 0.378125 0.0328125 0.0484375
0 0.10234375 0.396875 0.0359375 0.04375
0 0.6953125 0.3375 0.03125 0.0390625
0 0.3625 0.3890625 0.0328125 0.0484375
0 0.834375 0.34140625 0.0328125 0.04375
0 0.0546875 0.42578125 0.0421875 0.0546875
0 0.753125 0.35703125 0.0328125 0.04375
0 0.61796875 0.3828125 0.0375 0.053125
0 0.53046875 0.396875 0.0328125 0.0484375
0 0.9015625 0.3578125 0.0359375 0.04375
0 0.31953125 0.41953125 0.0359375 0.0484375
0 0.01171875 0.45703125 0.0234375 0.0484375
0 0.16640625 0.45078125 0.040625 0.05
0 0.42421875 0.04921875 0.0265625 0.0390625
0 0.43203125 0.45390625 0.040625 0.05
0 0.215625 0.4765625 0.0359375 0.04375
0 0.32890625 0.4671875 0.040625 0.05
0 0.5984375 0.44296875 0.0328125 0.04375
0 0.053125 0.503125 0.0359375 0.04375
0 0.73203125 0.43125 0.0328125 0.04375
0 0.12734375 0.4953125 0.0359375 0.0484375
0 0.0078125 0.09609375 0.015625 0.0390625
0 0.54296875 0.46953125 0.0328125 0.0484375
0 0.66953125 0.45625 0.0359375 0.0484375
0 0.91953125 0.4390625 0.0359375 0.04375
0 0.16640625 0.52109375 0.03125 0.0390625
0 0.24375 0.51953125 0.0359375 0.0484375
0 0.440625 0.5109375 0.0359375 0.04375
0 0.346875 0.528125 0.0328125 0.053125
0 0.74140625 0.49609375 0.0359375 0.0484375
0 0.1328125 0.0890625 0.0359375 0.0484375
0 0.6375 0.0359375 0.0328125 0.04375
0 0.2640625 0.55546875 0.0265625 0.0296875
0 0.140625 0.57734375 0.0375 0.053125
0 0.98984375 0.4875 0.0203125 0.053125
0 0.20078125 0.5734375 0.0359375 0.0484375
0 0.65234375 0.5328125 0.0359375 0.0484375
0 0.409375 0.565625 0.0359375 0.04375
0 0.59609375 0.5453125 0.0359375 0.0484375
0 0.28359375 0.5859375 0.0359375 0.04375
0 0.48984375 0.5640625 0.0328125 0.04375
0 0.80390625 0.5359375 0.0359375 0.04375
0 0.90390625 0.5296875 0.0359375 0.04375
0 0.040625 0.62265625 0.0375 0.053125
0 0.1546875 0.625 0.0359375 0.0484375
0 0.9859375 0.5484375 0.028125 0.053125
0 0.7359375 0.575 0.0359375 0.04375
0 0.409375 0.61171875 0.0328125 0.04375
0 0.053125 0.10703125 0.03125 0.034375
0 0.521875 0.61875 0.0328125 0.0484375
0 0.33515625 0.63828125 0.0359375 0.0359375
0 0.08046875 0.66953125 0.0328125 0.0484375
0 0.58046875 0.62421875 0.0328125 0.04375
0 0.81328125 0.60234375 0.03125 0.0390625
0 0.24296875 0.6671875 0.0421875 0.059375
0 0.87109375 0.603125 0.0328125 0.0484375
0 0.72109375 0.6328125 0.0359375 0.04375
0 0.78359375 0.63046875 0.028125 0.04375
0 0.4453125 0.66796875 0.0328125 0.04375
0 0.31875 0.684375 0.0359375 0.040625
0 0.590625 0.05546875 0.0328125 0.04375
0 0.64921875 0.65390625 0.040625 0.05
0 0.9234375 0.634375 0.0421875 0.0640625
0 0.97734375 0.63125 0.0375 0.053125
0 0.36875 0.6953125 0.0359375 0.04375
0 0.85234375 0.65859375 0.0359375 0.04375
0 0.4859375 0.71796875 0.0328125 0.0484375
0 0.6109375 0.7078125 0.0328125 0.04375
0 0.0765625 0.76796875 0.040625 0.040625
0 0.79765625 0.69453125 0.0328125 0.04375
0 0.51953125 0.728125 0.0375 0.053125
0 0.71484375 0.7078125 0.0359375 0.0484375
0 0.56328125 0.728125 0.028125 0.04375
0 0.3078125 0.7578125 0.0453125 0.05
0 0.58515625 0.7375 0.040625 0.05
0 0.6640625 0.734375 0.0359375 0.040625
0 0.4 0.76875 0.0328125 0.053125
0 0.99453125 0.7140625 0.0109375 0.053125
0 0.84609375 0.73359375 0.0421875 0.059375
0 0.8953125 0.73828125 0.0375 0.0578125
0 0.65859375 0.771875 0.040625 0.0453125
0 0.96875 0.75078125 0.0421875 0.0546875
0 0.375 0.81328125 0.0453125 0.0453125
0 0.78515625 0.77734375 0.0359375 0.0484375
0 0.4515625 0.81953125 0.0421875 0.0546875
0 0.5546875 0.0734375 0.0328125 0.053125
0 0.25546875 0.03203125 0.025 0.021875
0 0.68828125 0.80390625 0.0359375 0.0484375
0 0.33359375 0.84375 0.040625 0.0453125
0 0.75546875 0.80859375 0.0421875 0.0546875
0 0.2296875 0.87109375 0.0375 0.053125
0 0.89921875 0.803125 0.0375 0.0625
0 0.1125 0.88984375 0.0359375 0.040625
0 0.9609375 0.81484375 0.0375 0.053125
0 0.2265625 0.1125 0.021875 0.034375
0 0.53828125 0.865625 0.0375 0.0578125
0 0.39140625 0.88828125 0.0453125 0.05
0 0.83515625 0.85390625 0.0421875 0.0546875
0 0.32578125 0.10703125 0.028125 0.0484375
0 0.1625 0.940625 0.0359375 0.0484375
0 0.26796875 0.93359375 0.0359375 0.0484375
0 0.446875 0.921875 0.040625 0.05
0 0.60390625 0.91015625 0.0328125 0.04375
0 0.815625 0.88984375 0.0375 0.053125
0 0.8671875 0.89453125 0.0375 0.053125
0 0.94296875 0.903125 0.046875 0.059375
0 0.703125 0.928125 0.0375 0.0578125
0 0.521875 0.95625 0.0375 0.053125
0 0.7203125 0.07109375 0.0328125 0.0484375
0 0.75234375 0.94765625 0.05 0.05
0 0.49609375 0.9796875 0.0359375 0.040625
0 0.08984375 0.13984375 0.0265625 0.0390625
0 0.50703125 0.103125 0.0265625 0.0390625
0 0.36640625 0.11796875 0.0265625 0.0390625
0 0.1921875 0.1390625 0.03125 0.0390625
0 0.2671875 0.14296875 0.0328125 0.04375
0 0.790625 0.09453125 0.0328125 0.0484375
0 0.1390625 0.165625 0.0359375 0.04375
0 0.84140625 0.09375 0.0265625 0.0390625
0 0.41953125 0.15234375 0.03125 0.034375
0 0.65 0.13515625 0.0359375 0.04375
0 0.4953125 0.1625 0.0328125 0.0484375
0 0.6125 0.009375 0.03125 0.01875
0 0.375 0.17734375 0.028125 0.04375
0 0.76953125 0.140625 0.0359375 0.04375
0 0.1625 0.0515625 0.0265625 0.0390625
0 0.2734375 0.2046875 0.0265625 0.0390625
0 0.58671875 0.1765625 0.03125 0.034375
0 0.190625 0.21796875 0.0359375 0.04375
0 0.01328125 0.24140625 0.0265625 0.0359375
0 0.93125 0.14765625 0.03125 0.0390625
0 0.86015625 0.159375 0.0328125 0.0484375
0 0.46640625 0.021875 0.0265625 0.034375
0 0.3421875 0.2140625 0.03125 0.034375
0 0.61875 0.18984375 0.0328125 0.04375
0 0.05859375 0.06484375 0.0265625 0.0390625
0 0.1125 0.24296875 0.03125 0.034375
0 0.3296875 0.2359375 0.0359375 0.0484375
0 0.49296875 0.228125 0.0328125 0.04375
0 0.02109375 0.2828125 0.0359375 0.04375
0 0.921875 0.18984375 0.021875 0.0390625
0 0.546875 0.2390625 0.0328125 0.04375
0 0.21796875 0.27578125 0.0328125 0.04375