0 0.06484375 0.18046875 0.05 0.0578125
0 0.68671875 0.18046875 0.0515625 0.0859375
0 0.76640625 0.19375 0.025 0.0328125
0 0.78984375 0.20078125 0.0296875 0.034375
0 0.22265625 0.24765625 0.040625 0.0578125
0 0.33203125 0.26328125 0.0359375 0.0484375
0 0.175 0.2953125 0.0390625 0.04375
0 0.5078125 0.27734375 0.0296875 0.034375
0 0.4390625 0.2859375 0.0359375 0.0484375
0 0.91953125 0.259375 0.0203125 0.0328125
0 0.828125 0.275 0.04375 0.0484375
0 0.5609375 0.303125 0.0609375 0.0875
0 0.9375 0.28359375 0.0203125 0.0328125
0 0.97890625 0.28125 0.015625 0.0296875
0 0.1734375 0.33984375 0.0390625 0.034375
0 0.9703125 0.290625 0.0203125 0.0328125
0 0.403125 0.34453125 0.040625 0.0484375
0 0.27421875 0.36015625 0.0328125 0.025
0 0.27265625 0.37890625 0.0296875 0.034375
0 0.3015625 0.41171875 0.0453125 0.0625
0 0.2265625 0.50703125 0.0765625 0.115625
0 0.403125 0.5046875 0.0609375 0.0921875
0 0.72578125 0.0453125 0.00625 0.0140625