0 0.09765625 0.6640625 0.0046875 0.009375
0 0.14453125 0.675 0.0046875 0.009375
0 0.43125 0.67265625 0.0046875 0.0046875
0 0.42890625 0.675 0.0046875 0.0046875
0 0.39921875 0.675 0.0046875 0.009375
0 0.21171875 0.678125 0.009375 0.0140625
0 0.4359375 0.6765625 0.0046875 0.0046875
0 0.1625 0.68203125 0.0046875 0.009375
0 0.14453125 0.684375 0.0046875 0.009375
0 0.1765625 0.68359375 0.0046875 0.0140625
0 0.08671875 0.6875 0.009375 0.009375
0 0.18359375 0.6859375 0.009375 0.009375
0 0.22265625 0.68515625 0.0046875 0.0140625
0 0.3921875 0.68203125 0.0046875 0.009375
0 0.44765625 0.68359375 0.0046875 0.0046875
0 0.440625 0.68359375 0.0046875 0.0046875
0 0.75546875 0.678125 0.0046875 0.0046875
0 0.76015625 0.678125 0.0046875 0.009375
0 0.7296875 0.67890625 0.0046875 0.0046875
0 0.76484375 0.68046875 0.0046875 0.009375
0 0.10703125 0.6921875 0.0046875 0.009375
0 0.378125 0.6875 0.009375 0.009375
0 0.4890625 0.68515625 0.0046875 0.0046875
0 0.35 0.68984375 0.0046875 0.0046875
0 0.725 0.68359375 0.0046875 0.0046875
0 0.72265625 0.6859375 0.0046875 0.0046875
0 0.20703125 0.6953125 0.0046875 0.009375
0 0.34609375 0.6921875 0.0046875 0.009375
0 0.88984375 0.6828125 0.0046875 0.009375
0 0.646875 0.6875 0.0046875 0.0046875
0 0.09765625 0.696875 0.009375 0.0140625
0 0.35703125 0.69453125 0.009375 0.009375
0 0.68125 0.6890625 0.0046875 0.0046875
0 0.4796875 0.6921875 0.0046875 0.0046875
0 0.65859375 0.6890625 0.0046875 0.009375
0 0.7578125 0.6875 0.0046875 0.0046875
0 0.65390625 0.68984375 0.0046875 0.0046875
0 0.8875 0.68515625 0.0046875 0.009375
0 0.6421875 0.6921875 0.0046875 0.0046875
0 0.9015625 0.6875 0.0046875 0.009375
0 0.72265625 0.690625 0.0046875 0.0046875
0 0.725 0.690625 0.0046875 0.0046875
0 0.725 0.690625 0.0046875 0.0046875
0 0.896875 0.6875 0.0046875 0.0046875
0 0.66953125 0.69140625 0.0046875 0.0046875
0 0.6953125 0.69140625 0.0046875 0.009375
0 0.12578125 0.70078125 0.0046875 0.009375
0 0.22734375 0.7015625 0.0046875 0.0140625
0 0.75546875 0.6921875 0.0046875 0.0046875
0 0.87578125 0.690625 0.0046875 0.009375
0 0.74140625 0.69296875 0.0046875 0.0046875
0 0.7390625 0.69296875 0.0046875 0.0046875
0 0.68359375 0.69375 0.0046875 0.009375
0 0.26484375 0.703125 0.0046875 0.009375
0 0.2421875 0.70390625 0.009375 0.009375
0 0.43828125 0.7 0.0046875 0.0046875
0 0.4546875 0.7 0.0046875 0.0046875
0 0.6515625 0.696875 0.0046875 0.0046875
0 0.66015625 0.69609375 0.0046875 0.009375
0 0.315625 0.70234375 0.0046875 0.0046875
0 0.66953125 0.69609375 0.0046875 0.0046875
0 0.72265625 0.6953125 0.0046875 0.0046875
0 0.66484375 0.69609375 0.0046875 0.009375
0 0.30859375 0.70234375 0.0046875 0.009375
0 0.65859375 0.69609375 0.0046875 0.009375
0 0.6421875 0.69921875 0.0046875 0.0046875
0 0.76015625 0.696875 0.0046875 0.009375
0 0.74609375 0.69765625 0.0046875 0.009375
0 0.7484375 0.696875 0.0046875 0.0046875
0 0.75546875 0.696875 0.0046875 0.0046875
0 0.5375 0.70078125 0.009375 0.009375
0 0.88046875 0.6953125 0.0046875 0.009375
0 0.32578125 0.70703125 0.0046875 0.009375
0 0.6546875 0.7015625 0.0046875 0.009375
0 0.9015625 0.696875 0.0046875 0.009375
0 0.3 0.7078125 0.0046875 0.0046875
0 0.46484375 0.7046875 0.0046875 0.0046875
0 0.76328125 0.69921875 0.0046875 0.0046875
0 0.88984375 0.696875 0.0046875 0.009375
0 0.25625 0.7078125 0.0046875 0.0140625
0 0.2796875 0.7078125 0.009375 0.009375
0 0.31640625 0.70703125 0.0046875 0.009375
0 0.73984375 0.7 0.0046875 0.0046875
0 0.48046875 0.70390625 0.0046875 0.0046875
0 0.72578125 0.7 0.0046875 0.0046875
0 0.43671875 0.7046875 0.0046875 0.009375
0 0.0921875 0.71328125 0.0046875 0.009375
0 0.478125 0.70703125 0.0046875 0.0046875
0 0.69609375 0.703125 0.0046875 0.0046875
0 0.8859375 0.69921875 0.0046875 0.009375
0 0.75859375 0.7015625 0.0046875 0.009375
0 0.66328125 0.703125 0.0046875 0.009375
0 0.7515625 0.7015625 0.0046875 0.0046875
0 0.27265625 0.71015625 0.0046875 0.009375
0 0.7375 0.70234375 0.0046875 0.0046875
0 0.83515625 0.703125 0.0046875 0.0046875
0 0.746875 0.7046875 0.0046875 0.009375
0 0.29765625 0.7125 0.0046875 0.009375
0 0.75390625 0.70390625 0.0046875 0.009375
0 0.88359375 0.7015625 0.0046875 0.009375
0 0.35546875 0.7109375 0.0046875 0.009375
0 0.11484375 0.715625 0.0046875 0.009375
0 0.71484375 0.7046875 0.0046875 0.0046875
0 0.10078125 0.715625 0.0046875 0.009375
0 0.675 0.70546875 0.0046875 0.009375
0 0.26796875 0.7125 0.0046875 0.009375
0 0.665625 0.70546875 0.0046875 0.0046875
0 0.89296875 0.7015625 0.0046875 0.0046875
0 0.7234375 0.70703125 0.0046875 0.0046875
0 0.1078125 0.71796875 0.0046875 0.009375
0 0.6453125 0.70859375 0.0046875 0.009375
0 0.4296875 0.7125 0.0046875 0.0046875
0 0.03828125 0.71875 0.009375 0.009375
0 0.08515625 0.71796875 0.0046875 0.0140625
0 0.86484375 0.7046875 0.0046875 0.009375
0 0.09453125 0.71796875 0.0046875 0.009375
0 0.6984375 0.7078125 0.0046875 0.0046875
0 0.05703125 0.71875 0.0046875 0.009375
0 0.6609375 0.7078125 0.0046875 0.009375
0 0.9 0.70390625 0.0046875 0.009375
0 0.26328125 0.71484375 0.0046875 0.009375
0 0.06171875 0.71875 0.009375 0.009375
0 0.8328125 0.70546875 0.0046875 0.0046875
0 0.10546875 0.71796875 0.0046875 0.009375
0 0.04765625 0.71875 0.0046875 0.009375
0 0.61484375 0.70859375 0.0328125 0.0796875
0 0.078125 0.7203125 0.0046875 0.009375
0 0.42734375 0.71484375 0.0046875 0.009375
0 0.73984375 0.709375 0.0046875 0.0046875
0 0.74453125 0.709375 0.0046875 0.0046875
0 0.890625 0.70625 0.0046875 0.0046875
0 0.121875 0.71953125 0.009375 0.0140625
0 0.30234375 0.71640625 0.009375 0.009375
0 0.0453125 0.72109375 0.0046875 0.009375
0 0.86015625 0.70703125 0.0046875 0.0046875
0 0.00625 0.721875 0.0046875 0.009375
0 0.3234375 0.71640625 0.0046875 0.009375
0 0.1265625 0.71953125 0.009375 0.0140625
0 0.7078125 0.709375 0.0046875 0.009375
0 0.31875 0.71875 0.009375 0.009375
0 0.69609375 0.7125 0.0046875 0.0046875
0 0.90234375 0.70859375 0.0046875 0.009375
0 0.24453125 0.7203125 0.0046875 0.009375
0 0.4296875 0.7171875 0.0046875 0.009375
0 0.83515625 0.71015625 0.0046875 0.0046875
0 0.73984375 0.71171875 0.0046875 0.0046875
0 0.10078125 0.72265625 0.0046875 0.009375
0 0.309375 0.71875 0.0046875 0.009375
0 0.8375 0.71015625 0.0046875 0.0046875
0 0.39296875 0.7171875 0.0046875 0.009375
0 0.0203125 0.72421875 0.0046875 0.009375
0 0.6546875 0.71328125 0.0046875 0.009375
0 0.27734375 0.721875 0.0046875 0.0140625
0 0.034375 0.72578125 0.0046875 0.009375
0 0.7234375 0.7140625 0.0046875 0.009375
0 0.89296875 0.7109375 0.0046875 0.009375
0 0.7171875 0.7140625 0.0046875 0.0046875
0 0.746875 0.7140625 0.0046875 0.0046875
0 0.11484375 0.725 0.0046875 0.009375
0 0.6453125 0.715625 0.0046875 0.0046875
0 0.75859375 0.71328125 0.0046875 0.009375
0 0.8625 0.71171875 0.0046875 0.009375
0 0.11015625 0.725 0.009375 0.009375
0 0.7609375 0.71328125 0.0046875 0.009375
0 0.01328125 0.7265625 0.0046875 0.0140625
0 0.515625 0.71796875 0.0375 0.0609375
0 0.89765625 0.7109375 0.0046875 0.009375
0 0.71484375 0.715625 0.0046875 0.0046875
0 0.86484375 0.71328125 0.0046875 0.0046875
0 0.23984375 0.72421875 0.0046875 0.0140625
0 0.0640625 0.72734375 0.0046875 0.009375
0 0.07109375 0.72734375 0.009375 0.009375
0 0.74453125 0.715625 0.0046875 0.0046875
0 0.22578125 0.72421875 0.0046875 0.0140625
0 0.078125 0.7265625 0.009375 0.009375
0 0.65 0.7171875 0.0046875 0.0046875
0 0.09453125 0.7265625 0.0046875 0.009375
0 0.02265625 0.73046875 0.0046875 0.009375
0 0.7125 0.71796875 0.0046875 0.0046875
0 0.31640625 0.725 0.0046875 0.0046875
0 0.38828125 0.72421875 0.0046875 0.009375
0 0.8484375 0.715625 0.0046875 0.0046875
0 0.19609375 0.72734375 0.0046875 0.0140625
0 0.44375 0.72265625 0.0046875 0.0046875
0 0.06875 0.7296875 0.0046875 0.009375
0 0.33984375 0.725 0.0046875 0.009375
0 0.2078125 0.72734375 0.0046875 0.0140625
0 0.32109375 0.725 0.0046875 0.009375
0 0.35546875 0.72421875 0.0046875 0.0046875
0 0.75625 0.7171875 0.0046875 0.009375
0 0.72578125 0.7203125 0.0046875 0.0046875
0 0.8578125 0.71796875 0.0046875 0.009375
0 0.0875 0.73125 0.0046875 0.0140625
0 0.6453125 0.721875 0.0046875 0.0046875
0 0.84453125 0.71796875 0.0046875 0.009375
0 0.89296875 0.7171875 0.0046875 0.0046875
0 0.75859375 0.71953125 0.0046875 0.0046875
0 0.2703125 0.728125 0.0046875 0.009375
0 0.0828125 0.73359375 0.0046875 0.009375
0 0.44609375 0.72734375 0.0046875 0.0046875
0 0.8625 0.7203125 0.0046875 0.0046875
0 0.328125 0.7296875 0.0046875 0.009375
0 0.11015625 0.73359375 0.0046875 0.009375
0 0.7515625 0.721875 0.0046875 0.0046875
0 0.3953125 0.728125 0.0046875 0.0140625
0 0.8484375 0.7203125 0.0046875 0.009375
0 0.453125 0.72734375 0.0046875 0.0046875
0 0.0921875 0.7359375 0.009375 0.009375
0 0.64765625 0.7265625 0.0046875 0.0046875
0 0.90234375 0.721875 0.0046875 0.009375
0 0.31171875 0.73203125 0.0046875 0.009375
0 0.890625 0.721875 0.0046875 0.009375
0 0.2953125 0.7328125 0.0046875 0.009375
0 0.30234375 0.73203125 0.0046875 0.009375
0 0.84453125 0.725 0.0046875 0.009375
0 0.025 0.73984375 0.0046875 0.0140625
0 0.36484375 0.73359375 0.0046875 0.009375
0 0.58046875 0.7296875 0.0203125 0.0515625
0 0.23046875 0.7359375 0.009375 0.0140625
0 0.453125 0.73203125 0.0046875 0.0046875
0 0.8953125 0.7265625 0.0046875 0.009375
0 0.31875 0.73671875 0.0046875 0.009375
0 0.03828125 0.74140625 0.0046875 0.0140625
0 0.5359375 0.7328125 0.01875 0.028125
0 0.75390625 0.72890625 0.0046875 0.0046875
0 0.3234375 0.73671875 0.0046875 0.009375
0 0.4578125 0.734375 0.0046875 0.009375
0 0.86484375 0.72734375 0.0046875 0.0046875
0 0.1078125 0.740625 0.0046875 0.009375
0 0.2375 0.73828125 0.0046875 0.009375
0 0.3 0.7375 0.0046875 0.0140625
0 0.0546875 0.74140625 0.0046875 0.0140625
0 0.56171875 0.7328125 0.0328125 0.075
0 0.46015625 0.734375 0.0046875 0.009375
0 0.65 0.73125 0.0046875 0.0046875
0 0.7515625 0.72890625 0.0046875 0.0046875
0 0.3046875 0.7390625 0.009375 0.009375
0 0.6453125 0.73359375 0.0046875 0.009375
0 0.4828125 0.7359375 0.0046875 0.0046875
0 0.18671875 0.74140625 0.0046875 0.009375
0 0.89296875 0.72890625 0.0046875 0.009375
0 0.0296875 0.74453125 0.0046875 0.0140625
0 0.71484375 0.73203125 0.0046875 0.0046875
0 0.16796875 0.74140625 0.0046875 0.0140625
0 0.75625 0.73125 0.0046875 0.0046875
0 0.88828125 0.72890625 0.0046875 0.009375
0 0.71953125 0.734375 0.0046875 0.0046875
0 0.08046875 0.7453125 0.009375 0.0140625
0 0.45078125 0.7390625 0.0046875 0.009375
0 0.0921875 0.7453125 0.009375 0.009375
0 0.74453125 0.734375 0.0046875 0.0046875
0 0.73515625 0.734375 0.0046875 0.009375
0 0.746875 0.734375 0.0046875 0.009375
0 0.71484375 0.734375 0.0046875 0.0046875
0 0.73984375 0.734375 0.0046875 0.0046875
0 0.71015625 0.734375 0.0046875 0.0046875
0 0.8671875 0.73203125 0.0046875 0.009375
0 0.0453125 0.7484375 0.009375 0.0140625
0 0.74921875 0.7359375 0.0046875 0.009375
0 0.08515625 0.74765625 0.009375 0.0140625
0 0.44609375 0.74140625 0.0046875 0.009375
0 0.48046875 0.740625 0.0046875 0.0046875
0 0.65 0.73828125 0.0046875 0.009375
0 0.06171875 0.7484375 0.009375 0.009375
0 0.75625 0.73828125 0.0046875 0.0046875
0 0.17265625 0.7484375 0.009375 0.009375
0 0.19375 0.7484375 0.009375 0.0140625
0 0.1796875 0.7484375 0.0046875 0.0140625
0 0.675 0.73984375 0.0046875 0.009375
0 0.69375 0.73984375 0.009375 0.009375
0 0.70546875 0.7390625 0.0046875 0.009375
0 0.1015625 0.75 0.0046875 0.009375
0 0.71015625 0.7390625 0.0046875 0.0046875
0 0.4625 0.74375 0.0046875 0.0046875
0 0.3234375 0.74609375 0.0046875 0.009375
0 0.45546875 0.74609375 0.0046875 0.009375
0 0.31484375 0.7484375 0.009375 0.0140625
0 0.890625 0.73828125 0.0046875 0.0046875
0 0.4921875 0.7453125 0.0046875 0.009375
0 0.28046875 0.74921875 0.0046875 0.009375
0 0.71484375 0.74140625 0.0046875 0.0046875
0 0.71953125 0.74140625 0.0046875 0.0046875
0 0.7375 0.74140625 0.0046875 0.009375
0 0.978125 0.73671875 0.0046875 0.009375
0 0.7421875 0.74140625 0.0046875 0.009375
0 0.46484375 0.74609375 0.0046875 0.009375
0 0.471875 0.74609375 0.0046875 0.009375
0 0.73984375 0.74140625 0.0046875 0.0046875
0 0.9828125 0.73671875 0.0046875 0.009375
0 0.971875 0.73671875 0.0046875 0.009375
0 0.48046875 0.7453125 0.0046875 0.009375
0 0.23125 0.75 0.0046875 0.0140625
0 0.09296875 0.7546875 0.009375 0.0140625
0 0.8953125 0.740625 0.0046875 0.009375
0 0.64609375 0.7453125 0.0046875 0.009375
0 0.68671875 0.74453125 0.0046875 0.009375
0 0.2015625 0.753125 0.0046875 0.009375
0 0.98515625 0.7390625 0.0046875 0.0046875
0 0.99609375 0.74140625 0.0078125 0.0140625
0 0.90078125 0.74296875 0.0046875 0.009375
0 0.75234375 0.7453125 0.0046875 0.009375
0 0.27578125 0.75390625 0.0046875 0.009375
0 0.696875 0.746875 0.0046875 0.009375
0 0.21796875 0.7546875 0.009375 0.0140625
0 0.240625 0.7546875 0.0046875 0.0046875
0 0.28515625 0.75390625 0.0046875 0.009375
0 0.89609375 0.74296875 0.0046875 0.009375
0 0.46328125 0.75078125 0.0046875 0.009375
0 0.95546875 0.7421875 0.009375 0.0140625
0 0.6734375 0.74921875 0.0046875 0.0140625
0 0.73359375 0.7484375 0.0046875 0.009375
0 0.00703125 0.7609375 0.0046875 0.0140625
0 0.9703125 0.74453125 0.0046875 0.009375
0 0.74765625 0.7484375 0.0046875 0.0046875
0 0.7203125 0.7484375 0.0046875 0.0046875
0 0.65078125 0.75 0.0046875 0.0046875
0 0.97421875 0.74375 0.0046875 0.009375
0 0.69453125 0.74921875 0.0046875 0.009375
0 0.83359375 0.746875 0.0046875 0.009375
0 0.98828125 0.74375 0.0046875 0.009375
0 0.68515625 0.7515625 0.0046875 0.009375
0 0.7109375 0.75078125 0.0046875 0.0046875
0 0.0765625 0.7625 0.009375 0.0140625
0 0.06015625 0.7625 0.009375 0.01875
0 0.6921875 0.7515625 0.0046875 0.009375
0 0.48125 0.7546875 0.009375 0.009375
0 0.84296875 0.7484375 0.0046875 0.009375
0 0.22265625 0.759375 0.0046875 0.009375
0 0.24765625 0.759375 0.009375 0.0140625
0 0.99296875 0.7484375 0.0046875 0.009375
0 0.178125 0.7625 0.009375 0.0140625
0 0.678125 0.75390625 0.0046875 0.009375
0 0.45390625 0.7578125 0.0046875 0.009375
0 0.84765625 0.75078125 0.0046875 0.009375
0 0.2890625 0.7609375 0.0046875 0.009375
0 0.740625 0.753125 0.0046875 0.009375
0 0.465625 0.7578125 0.0046875 0.009375
0 0.72890625 0.753125 0.0046875 0.009375
0 0.7546875 0.75234375 0.0046875 0.0046875
0 0.8609375 0.75078125 0.0046875 0.009375
0 0.89375 0.75 0.0046875 0.009375
0 0.696875 0.75625 0.0046875 0.009375
0 0.73828125 0.75546875 0.0046875 0.009375
0 0.70390625 0.75546875 0.0046875 0.009375
0 0.8703125 0.753125 0.0046875 0.009375
0 0.7453125 0.75546875 0.0046875 0.0046875
0 0.9765625 0.75078125 0.0046875 0.009375
0 0.67109375 0.75625 0.0046875 0.009375
0 0.87265625 0.753125 0.0046875 0.0140625
0 0.98828125 0.75078125 0.0046875 0.009375
0 0.19453125 0.76484375 0.0046875 0.0140625
0 0.70859375 0.7578125 0.0046875 0.009375
0 0.93984375 0.75390625 0.009375 0.009375
0 0.7203125 0.7578125 0.0046875 0.009375
0 0.87734375 0.75546875 0.0046875 0.009375
0 0.240625 0.76640625 0.0140625 0.0140625
0 0.88203125 0.75546875 0.0046875 0.009375
0 0.83359375 0.75625 0.0046875 0.009375
0 0.67578125 0.75859375 0.0046875 0.009375
0 0.8703125 0.7578125 0.0046875 0.0046875
0 0.47265625 0.76484375 0.0046875 0.009375
0 0.86328125 0.7578125 0.0046875 0.009375
0 0.98359375 0.75546875 0.0046875 0.009375
0 0.6875 0.7609375 0.0046875 0.009375
0 0.3171875 0.7671875 0.0046875 0.009375
0 0.46796875 0.76484375 0.0046875 0.009375
0 0.8984375 0.75703125 0.0046875 0.009375
0 0.72421875 0.76015625 0.0046875 0.009375
0 0.9765625 0.75546875 0.0046875 0.009375
0 0.0671875 0.77421875 0.009375 0.009375
0 0.74296875 0.7625 0.0046875 0.0046875
0 0.7546875 0.76171875 0.0046875 0.009375
0 0.8515625 0.76015625 0.0046875 0.009375
0 0.76875 0.76171875 0.0046875 0.0046875
0 0.04609375 0.77421875 0.0046875 0.0140625
0 0.928125 0.75859375 0.0046875 0.009375
0 0.98828125 0.7578125 0.0046875 0.009375
0 0.29140625 0.7703125 0.009375 0.009375
0 0.83828125 0.76015625 0.0046875 0.009375
0 0.45859375 0.76953125 0.0046875 0.009375
0 0.67109375 0.765625 0.0046875 0.009375
0 0.278125 0.77265625 0.009375 0.01875
0 0.36796875 0.77109375 0.0046875 0.009375
0 0.81015625 0.76328125 0.0046875 0.009375
0 0.73359375 0.76484375 0.0046875 0.009375
0 0.8796875 0.7625 0.0046875 0.009375
0 0.93515625 0.7609375 0.009375 0.0140625
0 0.37265625 0.77109375 0.0046875 0.0140625
0 0.8265625 0.76328125 0.0046875 0.009375
0 0.01171875 0.77734375 0.009375 0.01875
0 0.7203125 0.76484375 0.0046875 0.0046875
0 0.97265625 0.76015625 0.009375 0.0140625
0 0.47890625 0.76953125 0.009375 0.0140625
0 0.74765625 0.76484375 0.0046875 0.0046875
0 0.9421875 0.7609375 0.0046875 0.009375
0 0.2890625 0.775 0.0046875 0.009375
0 0.89140625 0.7640625 0.0046875 0.009375
0 0.46328125 0.771875 0.009375 0.009375
0 0.8171875 0.765625 0.0046875 0.009375
0 0.196875 0.7765625 0.0046875 0.009375
0 0.20625 0.7765625 0.009375 0.0140625
0 0.22265625 0.778125 0.009375 0.0140625
0 0.06484375 0.78125 0.009375 0.0140625
0 0.22890625 0.778125 0.009375 0.009375
0 0.31484375 0.7765625 0.009375 0.0140625
0 0.4078125 0.775 0.009375 0.0140625
0 0.72890625 0.76953125 0.0046875 0.0046875
0 0.3265625 0.7765625 0.009375 0.009375
0 0.73828125 0.76953125 0.0046875 0.009375
0 0.76171875 0.76875 0.0046875 0.009375
0 0.77109375 0.76875 0.009375 0.009375
0 0.81015625 0.76796875 0.009375 0.009375
0 0.86328125 0.7671875 0.0046875 0.009375
0 0.4515625 0.77421875 0.009375 0.009375
0 0.1828125 0.77890625 0.009375 0.009375
0 0.71328125 0.76953125 0.009375 0.0140625
0 0.73359375 0.76953125 0.0046875 0.009375
0 0.66640625 0.7703125 0.0046875 0.009375
0 0.72421875 0.771875 0.0046875 0.009375
0 0.903125 0.76875 0.0046875 0.009375
0 0.6875 0.77265625 0.009375 0.0140625
0 0.7546875 0.77109375 0.009375 0.0140625
0 0.84765625 0.76953125 0.0046875 0.0046875
0 0.66171875 0.77265625 0.009375 0.009375
0 0.43046875 0.77734375 0.009375 0.0140625
0 0.8984375 0.76875 0.0046875 0.009375
0 0.29375 0.7796875 0.0046875 0.009375
0 0.71796875 0.771875 0.0046875 0.009375
0 0.76640625 0.77109375 0.009375 0.009375
0 0.8171875 0.7703125 0.009375 0.009375
0 0.75 0.77109375 0.0046875 0.009375
0 0.70625 0.771875 0.009375 0.009375
0 0.80078125 0.7703125 0.009375 0.009375
0 0.98359375 0.7671875 0.009375 0.0140625
0 0.9234375 0.76875 0.009375 0.0140625
0 0.928125 0.76796875 0.009375 0.0140625
0 0.1734375 0.78125 0.009375 0.009375
0 0.83359375 0.7703125 0.0046875 0.0046875
0 0.39140625 0.7796875 0.009375 0.009375
0 0.875 0.771875 0.0046875 0.009375
0 0.42578125 0.7796875 0.0046875 0.009375
0 0.8265625 0.77265625 0.0046875 0.009375
0 0.83828125 0.771875 0.009375 0.0140625
0 0.27109375 0.78203125 0.0046875 0.0140625
0 0.48828125 0.778125 0.0046875 0.009375
0 0.88671875 0.77109375 0.009375 0.009375
0 0.9375 0.7703125 0.009375 0.009375
0 0.98125 0.76953125 0.0046875 0.009375
0 0.30078125 0.78203125 0.009375 0.0140625
0 0.44921875 0.77890625 0.0046875 0.0140625
0 0.465625 0.77890625 0.0046875 0.009375
0 0.80546875 0.77265625 0.009375 0.009375
0 0.36796875 0.78046875 0.009375 0.0140625
0 0.38671875 0.78046875 0.009375 0.009375
0 0.7890625 0.77578125 0.009375 0.009375
0 0.696875 0.77734375 0.009375 0.0140625
0 0.41171875 0.78203125 0.0046875 0.009375
0 0.740625 0.7765625 0.0046875 0.009375
0 0.81484375 0.775 0.0046875 0.009375
0 0.83359375 0.775 0.0046875 0.009375
0 0.7734375 0.77578125 0.0046875 0.009375
0 0.74296875 0.7765625 0.0046875 0.009375
0 0.86796875 0.77421875 0.0046875 0.009375
0 0.990625 0.771875 0.009375 0.01875
0 0.79375 0.7765625 0.0046875 0.009375
0 0.0390625 0.78984375 0.009375 0.0140625
0 0.78046875 0.77734375 0.0046875 0.009375
0 0.821875 0.7765625 0.009375 0.009375
0 0.22890625 0.78671875 0.009375 0.0140625
0 0.26875 0.7859375 0.0046875 0.009375
0 0.715625 0.778125 0.0046875 0.0140625
0 0.23828125 0.78671875 0.0046875 0.009375
0 0.72421875 0.778125 0.0046875 0.009375
0 0.3984375 0.78359375 0.009375 0.0140625
0 0.72890625 0.778125 0.009375 0.0140625
0 0.28671875 0.7859375 0.009375 0.01875
0 0.7640625 0.77734375 0.009375 0.009375
0 0.7359375 0.78046875 0.0046875 0.009375
0 0.9953125 0.77578125 0.009375 0.0140625
0 0.85625 0.778125 0.009375 0.0140625
0 0.8796875 0.778125 0.0046875 0.0140625
0 0.3078125 0.7875 0.0046875 0.0140625
0 0.80546875 0.77890625 0.0046875 0.009375
0 0.84921875 0.778125 0.009375 0.009375
0 0.75234375 0.7796875 0.0046875 0.009375
0 0.02578125 0.79296875 0.0046875 0.009375
0 0.0625 0.7921875 0.0140625 0.0140625
0 0.8984375 0.77734375 0.0046875 0.009375
0 0.4421875 0.78515625 0.009375 0.009375
0 0.87265625 0.778125 0.0046875 0.009375
0 0.31953125 0.7875 0.009375 0.009375
0 0.8890625 0.77734375 0.009375 0.009375
0 0.6734375 0.78125 0.009375 0.0140625
0 0.71796875 0.78046875 0.0046875 0.009375
0 0.38203125 0.78671875 0.009375 0.0140625
0 0.41171875 0.7859375 0.0046875 0.0046875
0 0.96796875 0.7765625 0.0046875 0.009375
0 0.0078125 0.7953125 0.0046875 0.01875
0 0.4078125 0.78828125 0.009375 0.009375
0 0.77109375 0.78203125 0.009375 0.009375
0 0.865625 0.78046875 0.009375 0.009375
0 0.946875 0.77890625 0.0046875 0.009375
0 0.45390625 0.7875 0.0046875 0.009375
0 0.70859375 0.7828125 0.009375 0.0140625
0 0.73359375 0.7828125 0.0046875 0.009375
0 0.69453125 0.78359375 0.009375 0.009375
0 0.90546875 0.7796875 0.0046875 0.009375
0 0.740625 0.7828125 0.009375 0.009375
0 0.48125 0.78671875 0.0046875 0.009375
0 0.81015625 0.78125 0.0046875 0.009375
0 0.678125 0.78359375 0.0046875 0.009375
0 0.20390625 0.7921875 0.009375 0.0140625
0 0.26171875 0.790625 0.0046875 0.0140625
0 0.3265625 0.78984375 0.009375 0.0140625
0 0.82890625 0.78125 0.0046875 0.009375
0 0.97421875 0.778125 0.009375 0.0140625
0 0.4328125 0.78828125 0.009375 0.009375
0 0.965625 0.78125 0.0046875 0.009375
0 0.42109375 0.790625 0.0046875 0.0046875
0 0.79375 0.78359375 0.009375 0.009375
0 0.4703125 0.78984375 0.009375 0.0140625
0 0.72265625 0.78515625 0.009375 0.009375
0 0.9375 0.78125 0.009375 0.0140625
0 0.68515625 0.7859375 0.0046875 0.0140625
0 0.78671875 0.784375 0.009375 0.0140625
0 0.18125 0.79453125 0.009375 0.0140625
0 0.81953125 0.7859375 0.009375 0.009375
0 0.75703125 0.78671875 0.009375 0.0140625
0 0.40390625 0.79296875 0.009375 0.0140625
0 0.41484375 0.79296875 0.0046875 0.009375
0 0.928125 0.78359375 0.009375 0.0140625
0 0.2484375 0.79609375 0.009375 0.01875
0 0.3921875 0.79296875 0.0140625 0.01875
0 0.83359375 0.7859375 0.0046875 0.0140625
0 0.171875 0.796875 0.0046875 0.0140625
0 0.315625 0.79453125 0.009375 0.0140625
0 0.23671875 0.7984375 0.009375 0.0140625
0 0.88671875 0.78671875 0.0046875 0.009375
0 0.86328125 0.7875 0.009375 0.0140625
0 0.440625 0.79453125 0.009375 0.0140625
0 0.47734375 0.79453125 0.0046875 0.009375
0 0.75078125 0.7890625 0.0046875 0.009375
0 0.18828125 0.79921875 0.009375 0.01875
0 0.79921875 0.78828125 0.009375 0.0140625
0 0.80390625 0.78828125 0.0046875 0.0140625
0 0.81328125 0.78828125 0.0046875 0.009375
0 0.690625 0.790625 0.009375 0.0140625
0 0.83828125 0.7875 0.0046875 0.009375
0 0.99765625 0.784375 0.0046875 0.01875
0 0.359375 0.7984375 0.0140625 0.01875
0 0.76953125 0.79140625 0.009375 0.0140625
0 0.84609375 0.78984375 0.009375 0.0140625
0 0.72109375 0.7921875 0.009375 0.009375
0 0.8546875 0.78984375 0.009375 0.009375
0 0.3828125 0.7984375 0.009375 0.0140625
0 0.86875 0.78984375 0.009375 0.0140625
0 0.26953125 0.8 0.0046875 0.009375
0 0.3296875 0.79921875 0.009375 0.0140625
0 0.37578125 0.7984375 0.009375 0.0140625
0 0.7765625 0.79140625 0.009375 0.0140625
0 0.9453125 0.78828125 0.009375 0.0140625
0 0.21875 0.80078125 0.009375 0.009375
0 0.709375 0.7921875 0.009375 0.0140625
0 0.825 0.790625 0.009375 0.0140625
0 0.0171875 0.8046875 0.0046875 0.009375
0 0.87578125 0.7921875 0.009375 0.0140625
0 0.209375 0.80390625 0.009375 0.01875
0 0.2296875 0.803125 0.009375 0.01875
0 0.81796875 0.79296875 0.009375 0.009375
0 0.9890625 0.78984375 0.009375 0.0140625
0 0.4640625 0.79921875 0.009375 0.0140625
0 0.44765625 0.79921875 0.0140625 0.01875
0 0.3390625 0.8015625 0.009375 0.0140625
0 0.6953125 0.79765625 0.009375 0.01875
0 0.71640625 0.796875 0.0046875 0.009375
0 0.43359375 0.80234375 0.009375 0.009375
0 0.02890625 0.809375 0.009375 0.0140625
0 0.97109375 0.79296875 0.009375 0.0140625
0 0.66953125 0.79765625 0.009375 0.01875
0 0.7578125 0.79609375 0.009375 0.0140625
0 0.83203125 0.7953125 0.009375 0.0140625
0 0.8921875 0.79375 0.009375 0.01875
0 0.0359375 0.80859375 0.0046875 0.01875
0 0.2625 0.8046875 0.0046875 0.0140625
0 0.41484375 0.8046875 0.009375 0.009375
0 0.6859375 0.8 0.009375 0.009375
0 0.959375 0.7953125 0.009375 0.009375
0 0.46875 0.80390625 0.009375 0.0140625
0 0.7625 0.7984375 0.0046875 0.009375
0 0.4265625 0.8046875 0.009375 0.0140625
0 0.734375 0.79921875 0.009375 0.0140625
0 0.7859375 0.7984375 0.009375 0.0140625
0 0.29921875 0.80703125 0.009375 0.01875
0 0.88515625 0.79609375 0.009375 0.009375
0 0.859375 0.796875 0.009375 0.0140625
0 0.67421875 0.8 0.009375 0.01875
0 0.92890625 0.79765625 0.009375 0.0140625
0 0.95 0.79765625 0.009375 0.0140625
0 0.378125 0.8078125 0.009375 0.0140625
0 0.80625 0.8 0.009375 0.009375
0 0.79453125 0.8 0.009375 0.0140625
0 0.97734375 0.796875 0.009375 0.01875
0 0.47734375 0.80859375 0.009375 0.0140625
0 0.753125 0.803125 0.009375 0.009375
0 0.74140625 0.80390625 0.009375 0.0140625
0 0.76953125 0.803125 0.009375 0.0140625
0 0.28984375 0.81171875 0.009375 0.0140625
0 0.85 0.8015625 0.009375 0.01875
0 0.7484375 0.80390625 0.009375 0.009375
0 0.3109375 0.81328125 0.0140625 0.01875
0 0.8015625 0.8046875 0.0046875 0.009375
0 0.9015625 0.803125 0.009375 0.0140625
0 0.9359375 0.80234375 0.009375 0.0140625
0 0.7765625 0.80546875 0.009375 0.0140625
0 0.2390625 0.81484375 0.009375 0.01875
0 0.18125 0.815625 0.009375 0.01875
0 0.87578125 0.80390625 0.009375 0.009375
0 0.82265625 0.8046875 0.0140625 0.01875
0 0.32734375 0.815625 0.0140625 0.01875
0 0.7140625 0.80859375 0.0046875 0.009375
0 0.46171875 0.81328125 0.009375 0.009375
0 0.4015625 0.8140625 0.0140625 0.0234375
0 0.4453125 0.81328125 0.009375 0.01875
0 0.8828125 0.80625 0.009375 0.0140625
0 0.83203125 0.80703125 0.009375 0.0140625
0 0.43359375 0.8140625 0.009375 0.0140625
0 0.021875 0.82109375 0.0140625 0.0234375
0 0.3828125 0.81484375 0.0140625 0.01875
0 0.24609375 0.81953125 0.0046875 0.0140625
0 0.36640625 0.8171875 0.0140625 0.01875
0 0.86875 0.80859375 0.0140625 0.01875
0 0.3546875 0.8171875 0.009375 0.01875
0 0.6671875 0.81171875 0.009375 0.0140625
0 0.98671875 0.80625 0.009375 0.028125
0 0.7578125 0.81015625 0.009375 0.0140625
0 0.43828125 0.81796875 0.009375 0.0140625
0 0.84140625 0.8109375 0.0046875 0.009375
0 0.234375 0.821875 0.0046875 0.0140625
0 0.47109375 0.81796875 0.009375 0.0140625
0 0.13515625 0.8234375 0.009375 0.01875
0 0.34140625 0.8203125 0.01875 0.028125
0 0.95703125 0.809375 0.0046875 0.0140625
0 0.41484375 0.81875 0.009375 0.0140625
0 0.9265625 0.81015625 0.009375 0.0140625
0 0.68125 0.8140625 0.0140625 0.01875
0 0.75078125 0.81484375 0.009375 0.0140625
0 0.72109375 0.815625 0.009375 0.0140625
0 0.2921875 0.8234375 0.009375 0.01875
0 0.18828125 0.825 0.0140625 0.0234375
0 0.40859375 0.82109375 0.009375 0.01875
0 0.80625 0.8140625 0.0046875 0.0140625
0 0.39453125 0.82109375 0.0140625 0.01875
0 0.11640625 0.8265625 0.0140625 0.01875
0 0.78359375 0.81484375 0.009375 0.0140625
0 0.896875 0.8125 0.009375 0.01875
0 0.81328125 0.8140625 0.009375 0.0140625
0 0.96875 0.81171875 0.009375 0.0234375
0 0.85234375 0.815625 0.009375 0.01875
0 0.22109375 0.8265625 0.009375 0.01875
0 0.27421875 0.82578125 0.0140625 0.0328125
0 0.7875 0.8171875 0.009375 0.01875
0 0.79921875 0.81640625 0.009375 0.01875
0 0.95 0.8140625 0.009375 0.0140625
0 0.97734375 0.81328125 0.009375 0.0140625
0 0.3296875 0.82734375 0.0140625 0.0234375
0 0.46171875 0.825 0.009375 0.0140625
0 0.253125 0.82890625 0.01875 0.028125
0 0.26484375 0.83046875 0.0140625 0.028125
0 0.709375 0.82265625 0.009375 0.009375
0 0.084375 0.83359375 0.0140625 0.028125
0 0.42890625 0.83046875 0.009375 0.0140625
0 0.88984375 0.821875 0.0140625 0.028125
0 0.36171875 0.83125 0.0140625 0.0234375
0 0.8390625 0.82265625 0.009375 0.01875
0 0.1 0.8359375 0.0140625 0.028125
0 0.04453125 0.83671875 0.0140625 0.028125
0 0.771875 0.82421875 0.009375 0.01875
0 0.378125 0.83125 0.0140625 0.01875
0 0.690625 0.82578125 0.0140625 0.01875
0 0.44296875 0.8296875 0.009375 0.01875
0 0.83203125 0.8234375 0.009375 0.01875
0 0.0125 0.8375 0.009375 0.01875
0 0.88046875 0.82265625 0.0140625 0.0234375
0 0.91484375 0.821875 0.0140625 0.0234375
0 0.05625 0.8390625 0.0140625 0.028125
0 0.7390625 0.82734375 0.01875 0.01875
0 0.1609375 0.8375 0.01875 0.0328125
0 0.17890625 0.83671875 0.0140625 0.0234375
0 0.82265625 0.82578125 0.0140625 0.01875
0 0.93359375 0.8234375 0.009375 0.009375
0 0.959375 0.8234375 0.009375 0.0140625
0 0.9953125 0.825 0.009375 0.028125
0 0.45234375 0.83203125 0.009375 0.01875
0 0.94296875 0.82578125 0.009375 0.009375
0 0.15 0.83984375 0.009375 0.01875
0 0.859375 0.82734375 0.009375 0.01875
0 0.11015625 0.840625 0.0140625 0.01875
0 0.896875 0.8265625 0.009375 0.01875
0 0.70703125 0.83203125 0.009375 0.0140625
0 0.7578125 0.83125 0.0140625 0.0234375
0 0.78984375 0.83125 0.0140625 0.01875
0 0.671875 0.8328125 0.009375 0.0140625
0 0.31171875 0.8390625 0.01875 0.0375
0 0.72109375 0.83203125 0.0140625 0.01875
0 0.20546875 0.84140625 0.0140625 0.0234375
0 0.140625 0.84453125 0.009375 0.0140625
0 0.70078125 0.83515625 0.0140625 0.01875
0 0.43671875 0.8390625 0.01875 0.0140625
0 0.290625 0.8421875 0.0140625 0.01875
0 0.86953125 0.834375 0.0140625 0.01875
0 0.76796875 0.8359375 0.0140625 0.0234375
0 0.8 0.83515625 0.009375 0.0140625
0 0.82578125 0.8375 0.009375 0.0140625
0 0.80703125 0.8375 0.0140625 0.01875
0 0.33515625 0.84609375 0.01875 0.028125
0 0.35546875 0.8453125 0.01875 0.0234375
0 0.83515625 0.8375 0.009375 0.0140625
0 0.92734375 0.8359375 0.0140625 0.01875
0 0.121875 0.8515625 0.01875 0.0328125
0 0.97578125 0.8359375 0.0140625 0.01875
0 0.38828125 0.846875 0.0234375 0.0328125
0 0.409375 0.84609375 0.01875 0.028125
0 0.02265625 0.853125 0.01875 0.028125
0 0.04296875 0.8546875 0.0140625 0.0140625
0 0.7375 0.84296875 0.009375 0.01875
0 0.96484375 0.84140625 0.0140625 0.01875
0 0.4671875 0.85 0.0140625 0.0234375
0 0.84921875 0.84296875 0.009375 0.0234375
0 0.13828125 0.85546875 0.01875 0.028125
0 0.14765625 0.85546875 0.0140625 0.0140625
0 0.1796875 0.85703125 0.0140625 0.01875
0 0.90703125 0.84453125 0.0140625 0.01875
0 0.74453125 0.84765625 0.0140625 0.01875
0 0.953125 0.84375 0.0140625 0.0234375
0 0.94140625 0.84375 0.0140625 0.028125
0 0.265625 0.8578125 0.01875 0.028125
0 0.81640625 0.8484375 0.01875 0.01875
0 0.71953125 0.85 0.0140625 0.01875
0 0.67734375 0.85078125 0.0140625 0.0234375
0 0.98984375 0.84765625 0.0140625 0.01875
0 0.88828125 0.84921875 0.01875 0.028125
0 0.86015625 0.85 0.009375 0.0234375
0 0.43671875 0.85703125 0.01875 0.0234375
0 0.29765625 0.86015625 0.01875 0.0375
0 0.8765625 0.85234375 0.01875 0.0234375
0 0.9 0.8515625 0.0140625 0.0234375
0 0.23984375 0.86328125 0.01875 0.028125
0 0.33046875 0.86171875 0.01875 0.028125
0 0.8 0.853125 0.01875 0.0234375
0 0.353125 0.86328125 0.0234375 0.028125
0 0.69609375 0.8578125 0.0140625 0.01875
0 0.7125 0.859375 0.0140625 0.0328125
0 0.91328125 0.85859375 0.0140625 0.0234375
0 0.8328125 0.8625 0.0140625 0.0234375
0 0.04296875 0.87578125 0.0140625 0.0328125
0 0.775 0.86328125 0.01875 0.0328125
0 0.99609375 0.8609375 0.0078125 0.0375
0 0.2125 0.875 0.01875 0.028125
0 0.1890625 0.87578125 0.01875 0.0375
0 0.846875 0.8640625 0.0140625 0.01875
0 0.78828125 0.86796875 0.0140625 0.0234375
0 0.72578125 0.87109375 0.0140625 0.0234375
0 0.02265625 0.88359375 0.0140625 0.0328125
0 0.98046875 0.86640625 0.0140625 0.0328125
0 0.69140625 0.871875 0.0140625 0.028125
0 0.3375 0.88046875 0.0140625 0.01875
0 0.14140625 0.88359375 0.0140625 0.0328125
0 0.7609375 0.87265625 0.01875 0.0375
0 0.9296875 0.86953125 0.01875 0.0328125
0 0.2359375 0.884375 0.01875 0.0375
0 0.746875 0.87578125 0.0140625 0.028125
0 0.43203125 0.88125 0.01875 0.0234375
0 0.3984375 0.88359375 0.01875 0.0421875
0 0.94140625 0.87421875 0.0140625 0.028125
0 0.1578125 0.88828125 0.0140625 0.0375
0 0.853125 0.87578125 0.0140625 0.01875
0 0.8171875 0.87890625 0.01875 0.0328125
0 0.73828125 0.8828125 0.0140625 0.028125
0 0.36328125 0.89140625 0.01875 0.0328125
0 0.96328125 0.88125 0.0234375 0.0421875
0 0.91015625 0.88203125 0.01875 0.01875
0 0.465625 0.8921875 0.0234375 0.028125
0 0.84296875 0.88515625 0.01875 0.0375
0 0.0859375 0.8984375 0.025 0.046875
0 0.80078125 0.8859375 0.01875 0.028125
0 0.8984375 0.884375 0.01875 0.01875
0 0.3359375 0.896875 0.0234375 0.0375
0 0.678125 0.890625 0.0234375 0.028125
0 0.17578125 0.89921875 0.028125 0.0421875
0 0.37734375 0.8984375 0.0140625 0.0328125
0 0.8703125 0.8921875 0.01875 0.0375
0 0.7203125 0.896875 0.01875 0.0234375
0 0.26171875 0.909375 0.0296875 0.0515625
0 0.69453125 0.90625 0.0140625 0.028125
0 0.85625 0.903125 0.0140625 0.028125
0 0.79375 0.9046875 0.028125 0.0234375
0 0.4421875 0.91484375 0.01875 0.0328125
0 0.01875 0.925 0.025 0.05625
0 0.6578125 0.91640625 0.01875 0.0375
0 0.7109375 0.9171875 0.0234375 0.0421875
0 0.90078125 0.9140625 0.01875 0.0375
0 0.93984375 0.91796875 0.01875 0.0328125
0 0.928125 0.92109375 0.0140625 0.0375
0 0.34140625 0.93828125 0.025 0.0515625
0 0.80625 0.9296875 0.0203125 0.046875
0 0.21875 0.946875 0.01875 0.0328125
0 0.96171875 0.9390625 0.0140625 0.0328125
0 0.08671875 0.96796875 0.0328125 0.05625
0 0.99140625 0.95703125 0.0171875 0.0515625
0 0.69296875 0.96484375 0.0234375 0.0421875
0 0.74375 0.965625 0.01875 0.0421875
0 0.7796875 0.96953125 0.0328125 0.0421875
0 0.71484375 0.97265625 0.025 0.046875
0 0.6640625 0.9734375 0.0328125 0.0375
0 0.93203125 0.97109375 0.01875 0.0421875
0 0.11171875 0.98671875 0.0234375 0.0265625
0 0.221875 0.98828125 0.0375 0.0234375