0 0.51015625 0.40546875 0.01875 0.0265625
0 0.64140625 0.43515625 0.01875 0.0265625
0 0.61640625 0.4296875 0.01875 0.0265625
0 0.59453125 0.425 0.0140625 0.025
0 0.6625 0.4390625 0.0171875 0.021875
0 0.5328125 0.4140625 0.0125 0.0203125
0 0.40546875 0.38984375 0.01875 0.0265625
0 0.48828125 0.40703125 0.0171875 0.021875
0 0.55234375 0.42109375 0.01875 0.0265625
0 0.44375 0.39765625 0.01875 0.0265625
0 0.31171875 0.36953125 0.0125 0.0203125
0 0.38203125 0.384375 0.0140625 0.025
0 0.72890625 0.4609375 0.01875 0.0265625
0 0.359375 0.384375 0.01875 0.0265625
0 0.465625 0.40703125 0.01875 0.0265625
0 0.70546875 0.4578125 0.01875 0.0265625
0 0.26796875 0.3671875 0.01875 0.0265625
0 0.68203125 0.45546875 0.01875 0.0265625
0 0.290625 0.37265625 0.0125 0.0203125
0 0.421875 0.40234375 0.01875 0.0265625
0 0.5703125 0.434375 0.0171875 0.021875
0 0.75390625 0.4734375 0.01875 0.0265625
0 0.33515625 0.38671875 0.01875 0.0265625
0 0.78125 0.48125 0.0203125 0.0296875
0 0.24375 0.3671875 0.01875 0.0265625
0 0.6171875 0.4703125 0.01875 0.0265625
0 0.59296875 0.465625 0.01875 0.0265625
0 0.5671875 0.4625 0.0171875 0.021875
0 0.4578125 0.44140625 0.01875 0.0265625
0 0.38984375 0.42734375 0.0171875 0.021875
0 0.66015625 0.484375 0.0203125 0.0296875
0 0.68203125 0.4890625 0.0171875 0.021875
0 0.54609375 0.46015625 0.0171875 0.021875
0 0.52578125 0.45625 0.0203125 0.0296875
0 0.6390625 0.48203125 0.0234375 0.0265625
0 0.36640625 0.42421875 0.0203125 0.034375
0 0.43203125 0.43828125 0.01875 0.0265625
0 0.478125 0.4484375 0.01875 0.0265625
0 0.7265625 0.50078125 0.01875 0.0265625
0 0.703125 0.50078125 0.0234375 0.0265625
0 0.30234375 0.415625 0.0234375 0.0265625
0 0.34375 0.42421875 0.01875 0.0265625
0 0.49921875 0.4578125 0.01875 0.0265625
0 0.41171875 0.4390625 0.01875 0.0265625
0 0.75078125 0.5109375 0.01875 0.0265625
0 0.32265625 0.42265625 0.01875 0.0265625
0 0.27890625 0.415625 0.0234375 0.0265625
0 0.2578125 0.41328125 0.01875 0.0265625
0 0.7765625 0.5234375 0.01875 0.0265625
0 0.234375 0.4109375 0.01875 0.0265625
0 0.20703125 0.40859375 0.01875 0.0265625
0 0.56796875 0.50234375 0.0234375 0.0265625
0 0.66953125 0.5265625 0.0234375 0.0265625
0 0.590625 0.509375 0.01875 0.0265625
0 0.63828125 0.51953125 0.0234375 0.0265625
0 0.42734375 0.475 0.0140625 0.025
0 0.52265625 0.4953125 0.01875 0.0265625
0 0.54453125 0.50234375 0.0203125 0.0296875
0 0.44921875 0.48203125 0.0203125 0.0296875
0 0.37890625 0.4671875 0.0203125 0.0296875
0 0.6171875 0.51796875 0.01875 0.0265625
0 0.69375 0.534375 0.0234375 0.0265625
0 0.4015625 0.47421875 0.01875 0.0265625
0 0.32890625 0.45859375 0.0203125 0.0296875
0 0.4734375 0.48984375 0.0203125 0.0296875
0 0.4984375 0.4953125 0.0203125 0.0296875
0 0.715625 0.54140625 0.01875 0.0265625
0 0.353125 0.46640625 0.0140625 0.025
0 0.73984375 0.55078125 0.01875 0.0265625
0 0.30703125 0.46171875 0.01875 0.0265625
0 0.7640625 0.56328125 0.0234375 0.0265625
0 0.27890625 0.46015625 0.0203125 0.0296875
0 0.25546875 0.4578125 0.01875 0.0265625
0 0.23203125 0.45703125 0.0171875 0.021875
0 0.54609375 0.52890625 0.0234375 0.03125
0 0.61484375 0.55078125 0.0171875 0.021875
0 0.56484375 0.5421875 0.0234375 0.0265625
0 0.58828125 0.55 0.0203125 0.0296875
0 0.52109375 0.5359375 0.0125 0.0203125
0 0.63359375 0.5609375 0.01875 0.0265625
0 0.5 0.53515625 0.0203125 0.0296875
0 0.67890625 0.5734375 0.0203125 0.0296875
0 0.48125 0.53125 0.01875 0.0265625
0 0.65546875 0.56796875 0.0203125 0.0296875
0 0.46171875 0.52734375 0.0171875 0.021875
0 0.43828125 0.52421875 0.0171875 0.021875
0 0.41953125 0.5203125 0.0203125 0.0296875
0 0.34921875 0.50546875 0.01875 0.0265625
0 0.3953125 0.515625 0.0203125 0.0296875
0 0.70078125 0.5828125 0.01875 0.0265625
0 0.371875 0.5125 0.01875 0.0265625
0 0.3265625 0.50546875 0.0171875 0.021875
0 0.721875 0.5921875 0.0203125 0.0296875
0 0.30546875 0.503125 0.01875 0.0265625
0 0.234375 0.490625 0.0203125 0.0296875
0 0.28125 0.503125 0.0203125 0.0296875
0 0.25703125 0.49765625 0.01875 0.0265625
0 0.746875 0.60703125 0.0203125 0.0296875
0 0.48984375 0.56875 0.01875 0.0265625
0 0.534375 0.58125 0.01875 0.0265625
0 0.56015625 0.5859375 0.0171875 0.021875
0 0.51171875 0.578125 0.01875 0.0265625
0 0.44375 0.56640625 0.0203125 0.0296875
0 0.465625 0.57109375 0.0203125 0.0296875
0 0.60625 0.60078125 0.0171875 0.021875
0 0.62734375 0.60546875 0.0203125 0.0296875
0 0.65625 0.61171875 0.0203125 0.0296875
0 0.5828125 0.5984375 0.01875 0.0265625
0 0.421875 0.56640625 0.01875 0.0265625
0 0.39921875 0.56171875 0.0203125 0.0296875
0 0.684375 0.625 0.0203125 0.0296875
0 0.37890625 0.559375 0.0203125 0.0296875
0 0.2609375 0.534375 0.0203125 0.0296875
0 0.3515625 0.55390625 0.0171875 0.021875
0 0.33046875 0.54921875 0.0171875 0.021875
0 0.2828125 0.54140625 0.0203125 0.0296875
0 0.70546875 0.63359375 0.0234375 0.03125
0 0.309375 0.55 0.0125 0.0203125
0 0.2359375 0.540625 0.021875 0.021875
0 0.734375 0.64609375 0.0234375 0.03125
0 0.4890625 0.69921875 0.01875 0.0265625
0 0.63125 0.72890625 0.0234375 0.03125
0 0.68359375 0.74765625 0.0234375 0.03125
0 0.24140625 0.6609375 0.0203125 0.0296875
0 0.83046875 0.8046875 0.025 0.0359375
0 0.53125 0.7453125 0.025 0.0359375
0 0.13828125 0.6640625 0.0234375 0.03125
0 0.40390625 0.73046875 0.025 0.0359375
0 0.45703125 0.7484375 0.0234375 0.03125
0 0.33359375 0.725 0.0203125 0.034375
0 0.0734375 0.66953125 0.0234375 0.03125
0 0.75546875 0.821875 0.0234375 0.0265625
0 0.22109375 0.71328125 0.0234375 0.03125
0 0.5890625 0.79609375 0.025 0.0359375
0 0.65 0.809375 0.0234375 0.03125
0 0.2734375 0.73125 0.0203125 0.0296875
0 0.7734375 0.8421875 0.0234375 0.03125
0 0.04375 0.6875 0.0234375 0.03125
0 0.56484375 0.80703125 0.0203125 0.0296875
0 0.71484375 0.8390625 0.0234375 0.03125
0 0.48828125 0.8 0.0234375 0.03125
0 0.440625 0.7921875 0.025 0.0359375
0 0.3546875 0.78125 0.025 0.0359375
0 0.1578125 0.7421875 0.0265625 0.04375
0 0.83203125 0.8875 0.025 0.0359375
0 0.28984375 0.775 0.025 0.0359375
0 0.47421875 0.81875 0.0203125 0.0296875
0 0.60390625 0.84609375 0.0234375 0.03125
0 0.13125 0.75546875 0.021875 0.021875
0 0.21875 0.77421875 0.03125 0.040625
0 0.36328125 0.809375 0.025 0.0359375
0 0.77734375 0.89765625 0.0234375 0.03125
0 0.53203125 0.84765625 0.0234375 0.03125
0 0.04765625 0.7453125 0.025 0.0359375
0 0.853125 0.91875 0.0265625 0.0390625
0 0.61640625 0.87578125 0.0234375 0.03125
0 0.23046875 0.8 0.0234375 0.03125
0 0.11953125 0.77578125 0.0234375 0.03125
0 0.684375 0.90078125 0.0234375 0.03125
0 0.034375 0.77265625 0.0234375 0.03125
0 0.28515625 0.83046875 0.0203125 0.0296875
0 0.8765625 0.95625 0.025 0.0359375
0 0.775 0.9421875 0.0234375 0.03125
0 0.625 0.91484375 0.0234375 0.03125
0 0.70546875 0.93671875 0.0234375 0.0265625
0 0.26953125 0.84609375 0.0234375 0.03125
0 0.128125 0.82578125 0.0234375 0.03125
0 0.20859375 0.8453125 0.0296875 0.0359375