0 0.3171875 0.465625 0.05 0.090625
0 0.23671875 0.47734375 0.05625 0.1140625
0 0.4015625 0.4796875 0.0609375 0.109375
0 0.4890625 0.475 0.0515625 0.1078125
0 0.57265625 0.47265625 0.0453125 0.090625
0 0.75390625 0.4796875 0.046875 0.0953125
0 0.6421875 0.51796875 0.065625 0.1234375
0 0.16484375 0.075 0.05 0.090625
0 0.35 0.07421875 0.0421875 0.1078125
0 0.08671875 0.08828125 0.0515625 0.1078125
0 0.503125 0.07109375 0.0421875 0.1125
0 0.471875 0.09140625 0.0421875 0.0984375
0 0.23828125 0.10625 0.0421875 0.0984375
0 0.39609375 0.11796875 0.0515625 0.1078125
0 0.57890625 0.115625 0.0515625 0.0984375
0 0.71796875 0.11328125 0.0515625 0.103125
0 0.65859375 0.11875 0.05625 0.109375
0 0.32734375 0.13828125 0.0515625 0.1171875
0 0.44609375 0.134375 0.046875 0.1078125
0 0.81484375 0.1265625 0.046875 0.1171875