0 0.7171875 0.28828125 0.0328125 0.028125
0 0.82734375 0.325 0.0328125 0.0515625
0 0.13046875 0.32734375 0.0234375 0.0234375
0 0.3921875 0.334375 0.0375 0.0609375
0 0.14375 0.3640625 0.0203125 0.0515625
0 0.66640625 0.3828125 0.0421875 0.0609375
0 0.2546875 0.384375 0.046875 0.0609375
0 0.29609375 0.38515625 0.0375 0.065625
0 0.19609375 0.390625 0.0328125 0.0609375
0 0.4203125 0.396875 0.0375 0.075
0 0.56171875 0.40390625 0.0296875 0.046875
0 0.496875 0.4140625 0.0328125 0.065625
0 0.96484375 0.4265625 0.0328125 0.0328125
0 0.16796875 0.415625 0.0296875 0.05625
0 0.3328125 0.41796875 0.046875 0.065625
0 0.93125 0.43828125 0.025 0.05625
0 0.89921875 0.43984375 0.028125 0.0421875
0 0.76484375 0.44453125 0.0421875 0.0796875
0 0.46171875 0.4484375 0.0375 0.0703125
0 0.60234375 0.45078125 0.0296875 0.0609375
0 0.84140625 0.46015625 0.046875 0.0890625
0 0.6671875 0.46640625 0.0375 0.065625
0 0.08203125 0.45859375 0.0375 0.065625
0 0.22265625 0.46484375 0.0421875 0.05625
0 0.5765625 0.4828125 0.0421875 0.0609375
0 0.27578125 0.4796875 0.0296875 0.0609375
0 0.14140625 0.50078125 0.0328125 0.046875
0 0.3234375 0.53359375 0.0328125 0.0609375
0 0.9203125 0.56015625 0.0328125 0.0609375