0 0.2671875 0.13828125 0.028125 0.0359375
0 0.68515625 0.071875 0.0328125 0.040625
0 0.565625 0.0984375 0.034375 0.05
0 0.05546875 0.07578125 0.03125 0.028125
0 0.01171875 0.0828125 0.0234375 0.028125
0 0.58125 0.003125 0.03125 0.00625
0 0.12421875 0.1703125 0.0375 0.0453125
0 0.7578125 0.0703125 0.0390625 0.05
0 0.25234375 0.15234375 0.028125 0.03125
0 0.59453125 0.10078125 0.028125 0.040625
0 0.37890625 0.13671875 0.04375 0.05625
0 0.2875 0.15390625 0.034375 0.0453125
0 0.61796875 0.10390625 0.0453125 0.0609375
0 0.64609375 0.1046875 0.0375 0.0453125
0 0.50234375 0.1296875 0.04375 0.05625
0 0.50859375 0.0109375 0.0328125 0.021875
0 0.42734375 0.14375 0.0390625 0.0546875
0 0.73125 0.0953125 0.0390625 0.05
0 0.09140625 0.19921875 0.0484375 0.05625
0 0.23984375 0.17578125 0.028125 0.040625
0 0.196875 0.1828125 0.0296875 0.0453125
0 0.015625 0.21484375 0.03125 0.0515625
0 0.34453125 0.16640625 0.034375 0.05
0 0.7921875 0.09765625 0.0453125 0.0609375
0 0.26484375 0.18359375 0.0328125 0.040625
0 0.40078125 0.1671875 0.0375 0.040625
0 0.19375 0.05859375 0.028125 0.0359375
0 0.17734375 0.20859375 0.04375 0.05625
0 0.52109375 0.15625 0.04375 0.05625
0 0.0796875 0.0796875 0.01875 0.0296875
0 0.47890625 0.01796875 0.0328125 0.0359375
0 0.33046875 0.19609375 0.0359375 0.0546875
0 0.66171875 0.14375 0.04375 0.0515625
0 0.9265625 0.10390625 0.0296875 0.0484375
0 0.45859375 0.18046875 0.0453125 0.0609375
0 0.63984375 0.15703125 0.034375 0.0453125
0 0.89375 0.11640625 0.0515625 0.0703125
0 0.55078125 0.17109375 0.04375 0.05625
0 0.36640625 0.2046875 0.04375 0.05625
0 0.11875 0.07578125 0.0328125 0.040625
0 0.715625 0.15625 0.0375 0.0453125
0 0.171875 0.2453125 0.0359375 0.0328125
0 0.03671875 0.26640625 0.0421875 0.0421875
0 0.40390625 0.03046875 0.0328125 0.040625
0 0.55 0.01484375 0.0375 0.0296875
0 0.10390625 0.26328125 0.0484375 0.05625
0 0.75078125 0.1625 0.05 0.065625
0 0.40703125 0.221875 0.0453125 0.0609375
0 0.61015625 0.18984375 0.059375 0.0625
0 0.2984375 0.24375 0.0515625 0.075
0 0.26875 0.2546875 0.034375 0.0453125
0 0.53515625 0.21953125 0.046875 0.0703125
0 0.675 0.2 0.0484375 0.05625
0 0.2375 0.27421875 0.05 0.065625
0 0.01484375 0.3140625 0.0296875 0.071875
0 0.5734375 0.22578125 0.0453125 0.0609375
0 0.93984375 0.17265625 0.0375 0.0640625
0 0.803125 0.19453125 0.0453125 0.065625
0 0.50859375 0.24296875 0.0453125 0.0609375
0 0.05234375 0.3203125 0.0546875 0.0625
0 0.17578125 0.30078125 0.0359375 0.059375
0 0.87734375 0.18984375 0.0421875 0.06875
0 0.63671875 0.2375 0.046875 0.0703125
0 0.2 0.30859375 0.0515625 0.075
0 0.75859375 0.22265625 0.0453125 0.065625
0 0.7890625 0.22265625 0.046875 0.075
0 0.8390625 0.21484375 0.059375 0.0890625
0 0.72421875 0.24375 0.0671875 0.0859375
0 0.434375 0.28984375 0.059375 0.0671875
0 0.48515625 0.2890625 0.0578125 0.084375
0 0.3078125 0.33359375 0.0578125 0.08125
0 0.56015625 0.30078125 0.0671875 0.090625
0 0.25078125 0.065625 0.028125 0.040625
0 0.3890625 0.33515625 0.0609375 0.0765625
0 0.25703125 0.3578125 0.0390625 0.05
0 0.9359375 0.253125 0.065625 0.0734375
0 0.1359375 0.3796875 0.0671875 0.0859375
0 0.815625 0.2765625 0.0484375 0.0515625
0 0.640625 0.30703125 0.0515625 0.0703125
0 0.459375 0.36328125 0.0625 0.090625
0 0.04140625 0.43203125 0.0625 0.0859375
0 0.54140625 0.02421875 0.0234375 0.03125
0 0.3609375 0.053125 0.0296875 0.0453125
0 0.11953125 0.43359375 0.071875 0.1140625
0 0.25 0.415625 0.0828125 0.0984375
0 0.7125 0.009375 0.0375 0.01875
0 0.01796875 0.4625 0.0359375 0.09375
0 0.61796875 0.01875 0.0421875 0.0375
0 0.6328125 0.37578125 0.0625 0.090625
0 0.4375 0.0453125 0.0328125 0.040625
0 0.83671875 0.35078125 0.0859375 0.0890625
0 0.8921875 0.3421875 0.0625 0.08125
0 0.9359375 0.33671875 0.0703125 0.0828125
0 0.15390625 0.090625 0.0328125 0.040625
0 0.53671875 0.4046875 0.0625 0.090625
0 0.7359375 0.378125 0.078125 0.096875
0 0.31328125 0.4453125 0.0453125 0.0609375
0 0.38515625 0.440625 0.0671875 0.090625
0 0.96796875 0.37890625 0.0546875 0.125
0 0.284375 0.07421875 0.021875 0.0265625
0 0.18515625 0.51015625 0.065625 0.078125
0 0.5 0.040625 0.0421875 0.0421875
0 0.47109375 0.48125 0.0859375 0.115625
0 0.671875 0.47734375 0.075 0.1046875
0 0.0328125 0.58359375 0.0625 0.090625
0 0.35 0.53125 0.0625 0.08125
0 0.8578125 0.4671875 0.0890625 0.1078125
0 0.24296875 0.08828125 0.034375 0.05
0 0.11328125 0.58984375 0.08125 0.0890625
0 0.3328125 0.0765625 0.034375 0.0453125
0 0.4 0.065625 0.028125 0.0359375
0 0.246875 0.60546875 0.084375 0.10625
0 0.56796875 0.57421875 0.0796875 0.10625
0 0.0703125 0.12265625 0.034375 0.05
0 0.0625 0.68515625 0.0953125 0.13125
0 0.3578125 0.64921875 0.0859375 0.0890625
0 0.1796875 0.68203125 0.090625 0.090625
0 0.35625 0.0796875 0.028125 0.040625
0 0.01875 0.1359375 0.0375 0.05625
0 0.30625 0.08984375 0.028125 0.040625
0 0.48515625 0.6546875 0.0796875 0.10625
0 0.5375 0.05625 0.034375 0.0453125
0 0.1125 0.12578125 0.04375 0.0515625
0 0.85234375 0.6390625 0.10625 0.1328125
0 0.6109375 0.04921875 0.034375 0.05
0 0.46328125 0.075 0.0390625 0.0546875
0 0.26015625 0.10703125 0.0234375 0.034375
0 0.23671875 0.7921875 0.103125 0.11875
0 0.62109375 0.7578125 0.115625 0.14375
0 0.3203125 0.903125 0.10625 0.084375
0 0.17734375 0.13671875 0.034375 0.05
0 0.43359375 0.09609375 0.0359375 0.0546875
0 0.50703125 0.084375 0.0421875 0.046875
0 0.7109375 0.05234375 0.0359375 0.0359375
0 0.9203125 0.02578125 0.028125 0.0515625
0 0.66484375 0.06328125 0.0390625 0.05
0 0.3734375 0.0234375 0.021875 0.021875
0 0.29296875 0.0359375 0.021875 0.021875
0 0.3359375 0.115625 0.028125 0.0359375
0 0.40078125 0.1078125 0.0359375 0.0546875
0 0.22421875 0.1375 0.028125 0.040625
0 0.63671875 0.07265625 0.0328125 0.040625
0 0.3078125 0.1296875 0.0296875 0.0453125