0 0.796875 0.3546875 0.0109375 0.0109375
0 0.71328125 0.3453125 0.0109375 0.0109375
0 0.4953125 0.3171875 0.0109375 0.0109375
0 0.08046875 0.25859375 0.0109375 0.015625
0 0.68046875 0.34296875 0.0109375 0.0109375
0 0.68515625 0.34375 0.009375 0.00625
0 0.69921875 0.34609375 0.0109375 0.015625
0 0.89609375 0.3734375 0.0109375 0.015625
0 0.24296875 0.284375 0.015625 0.015625
0 0.50390625 0.3203125 0.0109375 0.0109375
0 0.7265625 0.35234375 0.0109375 0.015625
0 0.10546875 0.2671875 0.015625 0.0109375
0 0.3390625 0.3 0.0171875 0.025
0 0.5578125 0.3328125 0.0109375 0.015625
0 0.7625 0.36171875 0.0109375 0.015625
0 0.78125 0.3640625 0.0125 0.025
0 0.82421875 0.3703125 0.00625 0.0140625
0 0.19609375 0.284375 0.0125 0.0203125
0 0.5859375 0.3390625 0.015625 0.015625
0 0.65390625 0.3515625 0.0171875 0.0203125
0 0.53203125 0.3390625 0.015625 0.015625
0 0.6421875 0.35390625 0.0171875 0.0203125
0 0.67421875 0.35859375 0.0109375 0.015625
0 0.68515625 0.36015625 0.00625 0.0140625
0 0.74453125 0.36875 0.0109375 0.015625
0 0.52265625 0.3375 0.015625 0.015625
0 0.353125 0.31640625 0.0109375 0.015625
0 0.61640625 0.353125 0.015625 0.015625
0 0.8890625 0.39140625 0.0109375 0.0109375
0 0.66484375 0.3625 0.0109375 0.015625
0 0.63671875 0.35859375 0.0109375 0.0109375
0 0.81328125 0.3828125 0.009375 0.00625
0 0.86796875 0.390625 0.0109375 0.0109375
0 0.6 0.35546875 0.0125 0.0203125
0 0.840625 0.3890625 0.0109375 0.015625
0 0.2359375 0.30390625 0.015625 0.0109375
0 0.2484375 0.30625 0.015625 0.0109375
0 0.57890625 0.35390625 0.0109375 0.015625
0 0.71875 0.3734375 0.0171875 0.0203125
0 0.75078125 0.378125 0.0125 0.0203125
0 0.05859375 0.28125 0.021875 0.021875
0 0.4390625 0.334375 0.0125 0.0203125
0 0.71171875 0.37265625 0.0109375 0.0109375
0 0.4984375 0.3453125 0.0125 0.0203125
0 0.56484375 0.3546875 0.0125 0.0203125
0 0.88359375 0.39921875 0.0109375 0.015625
0 0.9109375 0.403125 0.0125 0.0203125
0 0.45234375 0.3390625 0.0171875 0.0203125
0 0.08125 0.28671875 0.0125 0.0203125
0 0.259375 0.3140625 0.0171875 0.0203125
0 0.278125 0.31640625 0.021875 0.021875
0 0.5875 0.36015625 0.0171875 0.0203125
0 0.6328125 0.36640625 0.0171875 0.0203125
0 0.77109375 0.3859375 0.0109375 0.0109375
0 0.1453125 0.29765625 0.01875 0.034375
0 0.30703125 0.32265625 0.0171875 0.025
0 0.1015625 0.29375 0.0171875 0.025
0 0.8578125 0.40078125 0.0109375 0.015625
0 0.946875 0.41328125 0.0109375 0.015625
0 0.328125 0.32578125 0.015625 0.0109375
0 0.4703125 0.34609375 0.0171875 0.0203125
0 0.534375 0.3546875 0.0109375 0.0109375
0 0.15625 0.3015625 0.0171875 0.0203125
0 0.6125 0.36796875 0.015625 0.015625
0 0.62578125 0.3703125 0.0125 0.0203125
0 0.4328125 0.3453125 0.0171875 0.025
0 0.68046875 0.38046875 0.0109375 0.015625
0 0.97890625 0.421875 0.015625 0.015625
0 0.1828125 0.31015625 0.015625 0.015625
0 0.4078125 0.3421875 0.015625 0.015625
0 0.19609375 0.31484375 0.0125 0.0203125
0 0.21953125 0.31796875 0.0171875 0.025
0 0.36171875 0.3375 0.0171875 0.0203125
0 0.384375 0.340625 0.015625 0.015625
0 0.503125 0.3578125 0.0125 0.0203125
0 0.69609375 0.384375 0.0125 0.0203125
0 0.90234375 0.4140625 0.015625 0.015625
0 0.21015625 0.31875 0.0171875 0.025
0 0.6640625 0.3828125 0.0125 0.0203125
0 0.24140625 0.32578125 0.0171875 0.025
0 0.51171875 0.36328125 0.0109375 0.015625
0 0.1640625 0.31484375 0.0171875 0.025
0 0.9359375 0.42578125 0.015625 0.015625
0 0.52734375 0.3703125 0.0109375 0.015625
0 0.84375 0.41484375 0.0109375 0.015625
0 0.346875 0.3453125 0.0125 0.0203125
0 0.378125 0.34921875 0.0171875 0.025
0 0.29609375 0.340625 0.021875 0.0265625
0 0.3296875 0.3453125 0.021875 0.0265625
0 0.9484375 0.434375 0.015625 0.015625
0 0.44921875 0.3640625 0.0171875 0.0203125
0 0.2765625 0.3421875 0.0171875 0.0203125
0 0.58125 0.38515625 0.0125 0.0203125
0 0.05625 0.31171875 0.0125 0.0203125
0 0.40546875 0.36015625 0.0171875 0.025
0 0.03828125 0.3109375 0.0171875 0.0203125
0 0.6453125 0.396875 0.0171875 0.025
0 0.72109375 0.409375 0.0109375 0.0109375
0 0.690625 0.40546875 0.0171875 0.0203125
0 0.08046875 0.321875 0.015625 0.0109375
0 0.6171875 0.39765625 0.0109375 0.015625
0 0.671875 0.4046875 0.0109375 0.015625
0 0.490625 0.3796875 0.0125 0.0203125
0 0.50703125 0.38203125 0.021875 0.021875
0 0.85390625 0.43046875 0.0171875 0.0203125
0 0.915625 0.4390625 0.0171875 0.0203125
0 0.603125 0.39765625 0.0171875 0.0203125
0 0.54140625 0.3890625 0.0171875 0.0203125
0 0.8203125 0.43046875 0.0171875 0.0203125
0 0.96328125 0.45078125 0.015625 0.015625
0 0.5265625 0.39375 0.0171875 0.0203125
0 0.82890625 0.43671875 0.0125 0.0203125
0 0.503125 0.390625 0.0171875 0.0203125
0 0.321875 0.36796875 0.0171875 0.0203125
0 0.14140625 0.3421875 0.0171875 0.0203125
0 0.4640625 0.38984375 0.0171875 0.0203125
0 0.03515625 0.33203125 0.021875 0.0265625
0 0.44296875 0.3890625 0.0125 0.025
0 0.19765625 0.3546875 0.0171875 0.025
0 0.89921875 0.45390625 0.0171875 0.0203125
0 0.309375 0.37265625 0.01875 0.034375
0 0.34609375 0.38046875 0.0171875 0.0203125
0 0.4515625 0.39765625 0.0171875 0.0203125
0 0.69453125 0.43203125 0.0171875 0.0203125
0 0.39140625 0.3890625 0.0171875 0.025
0 0.41953125 0.39296875 0.0171875 0.0296875
0 0.296875 0.37734375 0.0171875 0.0203125
0 0.4765625 0.403125 0.0171875 0.025
0 0.6734375 0.43046875 0.0125 0.0203125
0 0.5671875 0.41796875 0.0171875 0.025
0 0.6109375 0.42421875 0.0171875 0.025
0 0.0703125 0.3484375 0.0234375 0.034375
0 0.16640625 0.3640625 0.021875 0.0265625
0 0.35390625 0.3953125 0.021875 0.021875
0 0.225 0.3796875 0.0171875 0.025
0 0.43046875 0.4125 0.0171875 0.0203125
0 0.1296875 0.3703125 0.0171875 0.0296875
0 0.10234375 0.36953125 0.0171875 0.025
0 0.25078125 0.38984375 0.021875 0.0296875
0 0.0359375 0.3625 0.0265625 0.0265625
0 0.44375 0.41953125 0.0171875 0.025
0 0.06171875 0.38984375 0.021875 0.0265625
0 0.5875 0.46328125 0.015625 0.015625
0 0.02109375 0.38359375 0.0234375 0.034375
0 0.20390625 0.41171875 0.021875 0.021875
0 0.44296875 0.4546875 0.021875 0.021875
0 0.421875 0.4546875 0.0171875 0.0203125
0 0.2109375 0.43125 0.021875 0.0265625
0 0.06328125 0.41484375 0.0125 0.025
0 0.64453125 0.50390625 0.0171875 0.025
0 0.65390625 0.5046875 0.0125 0.025
0 0.15390625 0.4375 0.021875 0.0265625
0 0.41015625 0.4734375 0.0171875 0.0203125
0 0.565625 0.49765625 0.0171875 0.0203125
0 0.38359375 0.47890625 0.021875 0.021875
0 0.053125 0.43515625 0.021875 0.0265625
0 0.5390625 0.50546875 0.0203125 0.0171875
0 0.48125 0.5 0.0171875 0.0203125
0 0.51328125 0.50390625 0.0171875 0.0296875
0 0.1328125 0.453125 0.021875 0.0296875
0 0.246875 0.471875 0.0171875 0.0296875
0 0.225 0.4734375 0.0265625 0.03125
0 0.17734375 0.46875 0.0234375 0.034375
0 0.7953125 0.56015625 0.009375 0.00625
0 0.540625 0.52734375 0.0171875 0.025
0 0.35625 0.50546875 0.0171875 0.0203125
0 0.88125 0.584375 0.0171875 0.0203125
0 0.91015625 0.58828125 0.0171875 0.0203125
0 0.93125 0.59140625 0.021875 0.021875
0 0.8390625 0.578125 0.0171875 0.0203125
0 0.5234375 0.5359375 0.0171875 0.0203125
0 0.9546875 0.59609375 0.015625 0.015625
0 0.75703125 0.57109375 0.0171875 0.0203125
0 0.4140625 0.525 0.021875 0.021875
0 0.86171875 0.58828125 0.0171875 0.0203125
0 0.34296875 0.5171875 0.0125 0.0203125
0 0.80625 0.5828125 0.0171875 0.0203125
0 0.3015625 0.51171875 0.0125 0.0296875
0 0.3109375 0.51328125 0.015625 0.015625
0 0.78984375 0.5828125 0.0171875 0.0203125
0 0.3296875 0.51796875 0.0171875 0.0203125
0 0.74375 0.57578125 0.0171875 0.0203125
0 0.709375 0.57578125 0.0171875 0.0203125
0 0.459375 0.54296875 0.021875 0.021875
0 0.76875 0.58671875 0.0109375 0.015625
0 0.68984375 0.578125 0.0109375 0.015625
0 0.21328125 0.5109375 0.021875 0.0296875
0 0.44296875 0.54296875 0.021875 0.021875
0 0.67578125 0.58046875 0.0171875 0.0203125
0 0.178125 0.51328125 0.021875 0.021875
0 0.73046875 0.590625 0.0171875 0.0296875
0 0.77578125 0.59921875 0.0171875 0.025
0 0.303125 0.53515625 0.015625 0.0109375
0 0.98359375 0.63359375 0.0078125 0.0234375
0 0.0890625 0.5078125 0.0171875 0.0203125
0 0.63046875 0.5859375 0.0171875 0.0203125
0 0.9578125 0.634375 0.015625 0.015625
0 0.27265625 0.540625 0.0171875 0.0296875
0 0.9375 0.634375 0.0125 0.0203125
0 0.3359375 0.54921875 0.0171875 0.0203125
0 0.596875 0.58828125 0.0171875 0.0203125
0 0.65234375 0.59609375 0.0171875 0.0203125
0 0.58515625 0.5890625 0.021875 0.021875
0 0.68671875 0.60390625 0.0125 0.0203125
0 0.88125 0.63125 0.0171875 0.0203125
0 0.6640625 0.6125 0.0171875 0.0203125
0 0.7875 0.6296875 0.0171875 0.025
0 0.84765625 0.63828125 0.0125 0.025
0 0.675 0.61875 0.021875 0.021875
0 0.56875 0.61015625 0.021875 0.021875
0 0.5046875 0.603125 0.0171875 0.025
0 0.80703125 0.6453125 0.0109375 0.015625
0 0.10546875 0.546875 0.021875 0.0265625
0 0.82109375 0.64765625 0.0171875 0.0203125
0 0.28203125 0.58359375 0.021875 0.0265625
0 0.41953125 0.60546875 0.0234375 0.034375
0 0.46484375 0.6140625 0.021875 0.0265625
0 0.5265625 0.62265625 0.0171875 0.025
0 0.75390625 0.659375 0.021875 0.021875
0 0.77578125 0.6625 0.0171875 0.0203125
0 0.77109375 0.6640625 0.0125 0.0203125
0 0.2 0.59375 0.0265625 0.03125
0 0.44296875 0.62734375 0.021875 0.021875
0 0.6140625 0.6515625 0.021875 0.0265625
0 0.56796875 0.65 0.0171875 0.0203125
0 0.25546875 0.6109375 0.021875 0.0265625
0 0.58046875 0.65625 0.0171875 0.0203125
0 0.6578125 0.671875 0.0171875 0.0203125
0 0.678125 0.68203125 0.01875 0.034375
0 0.51640625 0.665625 0.021875 0.0296875
0 0.66015625 0.68828125 0.0171875 0.025
0 0.35234375 0.65 0.0171875 0.025
0 0.5359375 0.678125 0.0234375 0.034375
0 0.20078125 0.6328125 0.028125 0.0390625
0 0.31171875 0.66015625 0.021875 0.0265625
0 0.240625 0.653125 0.0265625 0.0265625
0 0.26953125 0.65703125 0.0234375 0.034375
0 0.1234375 0.65078125 0.0234375 0.034375
0 0.3921875 0.69765625 0.021875 0.0265625
0 0.50234375 0.71328125 0.01875 0.034375
0 0.10078125 0.66171875 0.0234375 0.034375
0 0.46484375 0.71484375 0.0234375 0.034375
0 0.06640625 0.659375 0.028125 0.0390625
0 0.0359375 0.6734375 0.0296875 0.04375
0 0.01171875 0.67890625 0.0234375 0.0390625
0 0.40234375 0.74375 0.0234375 0.034375
0 0.29453125 0.73515625 0.0234375 0.034375
0 0.37109375 0.7484375 0.0234375 0.034375
0 0.38515625 0.753125 0.0234375 0.034375
0 0.3078125 0.7515625 0.021875 0.021875
0 0.27578125 0.7671875 0.0234375 0.0390625
0 0.35859375 0.77890625 0.0234375 0.034375
0 0.19921875 0.778125 0.034375 0.0453125
0 0.2515625 0.7875 0.0234375 0.0390625
0 0.13203125 0.78984375 0.034375 0.0453125
0 0.08671875 0.796875 0.0296875 0.04375