0 0.846875 0.28203125 0.01875 0.0328125
0 0.1125 0.26875 0.01875 0.0234375
0 0.13359375 0.271875 0.01875 0.0234375
0 0.67265625 0.03125 0.0140625 0.0234375
0 0.00859375 0.271875 0.009375 0.0328125
0 0.8859375 0.29609375 0.01875 0.028125
0 0.70234375 0.03359375 0.009375 0.01875
0 0.996875 0.0390625 0.00625 0.028125
0 0.19375 0.2859375 0.01875 0.0375
0 0.784375 0.30078125 0.01875 0.0328125
0 0.25390625 0.29375 0.0140625 0.0234375
0 0.9171875 0.0375 0.0140625 0.0234375
0 0.14921875 0.296875 0.01875 0.028125
0 0.51484375 0.03203125 0.009375 0.01875
0 0.60078125 0.03359375 0.0140625 0.0234375
0 0.53359375 0.0328125 0.0140625 0.028125
0 0.4265625 0.315625 0.0140625 0.0328125
0 0.74609375 0.3234375 0.01875 0.0234375
0 0.89921875 0.0390625 0.0140625 0.0234375
0 0.13828125 0.02578125 0.009375 0.0140625
0 0.27890625 0.3203125 0.01875 0.0328125
0 0.47109375 0.03125 0.0140625 0.0234375
0 0.35703125 0.3265625 0.01875 0.0328125
0 0.31328125 0.328125 0.01875 0.028125
0 0.40625 0.33203125 0.01875 0.028125
0 0.959375 0.03984375 0.0140625 0.0234375
0 0.8390625 0.3421875 0.0234375 0.0375
0 0.878125 0.3421875 0.01875 0.0328125
0 0.2 0.02890625 0.0046875 0.01875
0 0.04453125 0.33046875 0.01875 0.0375
0 0.81015625 0.3484375 0.0234375 0.0375
0 0.10234375 0.3359375 0.01875 0.0234375
0 0.52421875 0.034375 0.009375 0.01875
0 0.6828125 0.35234375 0.0234375 0.0375
0 0.63515625 0.03671875 0.0140625 0.01875
0 0.47890625 0.3515625 0.01875 0.0375
0 0.18046875 0.35078125 0.01875 0.028125
0 0.71796875 0.36015625 0.0234375 0.0328125
0 0.30078125 0.353125 0.01875 0.0328125
0 0.19921875 0.35078125 0.01875 0.0234375
0 0.91640625 0.365625 0.0140625 0.0234375
0 0.09921875 0.3515625 0.01875 0.028125
0 0.52578125 0.36171875 0.01875 0.0234375
0 0.37265625 0.35859375 0.01875 0.028125
0 0.990625 0.36953125 0.015625 0.046875
0 0.85390625 0.371875 0.01875 0.0328125
0 0.209375 0.03125 0.0140625 0.0140625
0 0.7359375 0.371875 0.01875 0.0328125
0 0.8703125 0.37421875 0.01875 0.0328125
0 0.40546875 0.36875 0.01875 0.028125
0 0.9421875 0.378125 0.0328125 0.0421875
0 0.6390625 0.37734375 0.0140625 0.0375
0 0.57265625 0.03828125 0.009375 0.01875
0 0.5328125 0.3828125 0.01875 0.028125
0 0.4828125 0.0046875 0.009375 0.009375
0 0.94765625 0.046875 0.0140625 0.028125
0 0.9203125 0.3984375 0.01875 0.0421875
0 0.89296875 0.40078125 0.01875 0.0234375
0 0.8234375 0.4015625 0.01875 0.0328125
0 0.9046875 0.40546875 0.01875 0.0375
0 0.775 0.403125 0.0234375 0.0375
0 0.38125 0.3984375 0.0234375 0.0328125
0 0.45078125 0.40234375 0.01875 0.0328125
0 0.19375 0.39765625 0.01875 0.028125
0 0.11953125 0.3984375 0.0234375 0.0328125
0 0.51328125 0.0046875 0.009375 0.009375
0 0.665625 0.0078125 0.0140625 0.009375
0 0.6125 0.41328125 0.0234375 0.0375
0 0.23515625 0.41640625 0.01875 0.0234375
0 0.525 0.42421875 0.01875 0.0375
0 0.94609375 0.43125 0.028125 0.0421875
0 0.8859375 0.43046875 0.025 0.046875
0 0.30234375 0.42265625 0.01875 0.028125
0 0.72109375 0.4296875 0.01875 0.0375
0 0.103125 0.42109375 0.0234375 0.0328125
0 0.70234375 0.43671875 0.0234375 0.0375
0 0.575 0.43671875 0.0234375 0.0421875
0 0.4640625 0.434375 0.01875 0.028125
0 0.984375 0.05234375 0.0140625 0.01875
0 0.1578125 0.4359375 0.01875 0.0234375
0 0.00546875 0.43828125 0.009375 0.0375
0 0.815625 0.45703125 0.025 0.046875
0 0.05625 0.03828125 0.01875 0.028125
0 0.18359375 0.040625 0.009375 0.009375
0 0.30625 0.4578125 0.0234375 0.0328125
0 0.359375 0.45859375 0.0234375 0.0375
0 0.9796875 0.46953125 0.0203125 0.046875
0 0.31328125 0.04296875 0.0140625 0.01875
0 0.7578125 0.46796875 0.0234375 0.0375
0 0.4125 0.4640625 0.0234375 0.0328125
0 0.62109375 0.46796875 0.028125 0.0328125
0 0.5421875 0.046875 0.009375 0.01875
0 0.4984375 0.46953125 0.01875 0.0375
0 0.93515625 0.48203125 0.01875 0.028125
0 0.10703125 0.4671875 0.0234375 0.0328125
0 0.4640625 0.4734375 0.0234375 0.0375
0 0.1484375 0.47734375 0.01875 0.0328125
0 0.56484375 0.48671875 0.01875 0.0421875
0 0.8171875 0.49375 0.0234375 0.0421875
0 0.5140625 0.49296875 0.01875 0.0375
0 0.2890625 0.00234375 0.009375 0.0046875
0 0.34921875 0.49296875 0.0234375 0.028125
0 0.875 0.50625 0.0234375 0.0421875
0 0.60859375 0.50390625 0.0234375 0.0421875
0 0.12109375 0.04375 0.0140625 0.01875
0 0.25234375 0.509375 0.028125 0.0421875
0 0.215625 0.51640625 0.028125 0.0421875
0 0.603125 0.00625 0.009375 0.009375
0 0.890625 0.01171875 0.0140625 0.009375
0 0.15859375 0.52421875 0.0234375 0.0328125
0 0.5015625 0.534375 0.0234375 0.0375
0 0.33515625 0.53359375 0.028125 0.0375
0 0.934375 0.54453125 0.01875 0.028125
0 0.9203125 0.54609375 0.0234375 0.0375
0 0.1765625 0.05 0.0140625 0.01875
0 0.0296875 0.53828125 0.0234375 0.0328125
0 0.14296875 0.53984375 0.0234375 0.028125
0 0.86015625 0.5640625 0.01875 0.028125
0 0.73984375 0.56171875 0.01875 0.028125
0 0.0921875 0.55546875 0.0234375 0.0375
0 0.3921875 0.56796875 0.0234375 0.0328125
0 0.2578125 0.565625 0.0234375 0.0375
0 0.7578125 0.57890625 0.01875 0.028125
0 0.315625 0.00546875 0.009375 0.0109375
0 0.61640625 0.06015625 0.0140625 0.0140625
0 0.83203125 0.584375 0.0234375 0.0375
0 0.18828125 0.05234375 0.0140625 0.01875
0 0.146875 0.57734375 0.028125 0.0421875
0 0.046875 0.578125 0.0296875 0.046875
0 0.8015625 0.59375 0.028125 0.0421875
0 0.62578125 0.06015625 0.0140625 0.0234375
0 0.83671875 0.59921875 0.0234375 0.0328125
0 0.17890625 0.5890625 0.0234375 0.028125
0 0.878125 0.60546875 0.0296875 0.0515625
0 0.0890625 0.59453125 0.0234375 0.028125
0 0.6453125 0.009375 0.009375 0.0140625
0 0.5609375 0.609375 0.0203125 0.046875
0 0.91640625 0.6296875 0.028125 0.0421875
0 0.37578125 0.06015625 0.0140625 0.0234375
0 0.25234375 0.62265625 0.0234375 0.0375
0 0.0078125 0.62265625 0.015625 0.0421875
0 0.09453125 0.625 0.028125 0.0375
0 0.8078125 0.63984375 0.025 0.0515625
0 0.40703125 0.63515625 0.0328125 0.0375
0 0.5078125 0.06484375 0.0140625 0.0234375
0 0.471875 0.64296875 0.0234375 0.0375
0 0.29140625 0.6421875 0.0234375 0.0421875
0 0.984375 0.0734375 0.01875 0.028125
0 0.665625 0.65859375 0.0234375 0.0375
0 0.23046875 0.0046875 0.0140625 0.009375
0 0.04296875 0.65390625 0.028125 0.0421875
0 0.14296875 0.671875 0.0234375 0.0375
0 0.56875 0.68203125 0.0234375 0.0375
0 0.9484375 0.690625 0.0296875 0.0515625
0 0.73515625 0.68671875 0.0296875 0.046875
0 0.8140625 0.0125 0.0140625 0.0140625
0 0.11875 0.0625 0.0140625 0.01875
0 0.809375 0.69765625 0.028125 0.0421875
0 0.26796875 0.690625 0.0234375 0.0375
0 0.075 0.06171875 0.0140625 0.0234375
0 0.85234375 0.70546875 0.0296875 0.0515625
0 0.08515625 0.69453125 0.028125 0.0421875
0 0.01015625 0.70234375 0.0203125 0.0515625
0 0.234375 0.70859375 0.0234375 0.0421875
0 0.88046875 0.72890625 0.025 0.0515625
0 0.2140625 0.06953125 0.0140625 0.028125
0 0.4734375 0.0734375 0.01875 0.028125
0 0.7171875 0.01328125 0.01875 0.01875
0 0.846875 0.015625 0.01875 0.01875
0 0.659375 0.7484375 0.0234375 0.0375
0 0.1515625 0.0703125 0.0140625 0.0140625
0 0.80546875 0.08203125 0.0140625 0.0140625
0 0.9125 0.08359375 0.01875 0.0234375
0 0.340625 0.0734375 0.0140625 0.0140625
0 0.15078125 0.76953125 0.0328125 0.046875
0 0.40546875 0.07734375 0.0140625 0.0234375
0 0.52265625 0.009375 0.009375 0.01875
0 0.75234375 0.08828125 0.01875 0.028125
0 0.265625 0.82265625 0.028125 0.0421875
0 0.3375 0.828125 0.028125 0.0421875
0 0.86796875 0.08984375 0.01875 0.028125
0 0.9421875 0.09140625 0.0140625 0.028125
0 0.8015625 0.85 0.028125 0.0421875
0 0.575 0.86484375 0.0234375 0.0421875
0 0.0671875 0.08046875 0.0140625 0.028125
0 0.7375 0.01328125 0.01875 0.01875
0 0.953125 0.0171875 0.0140625 0.01875
0 0.16640625 0.08203125 0.01875 0.0234375
0 0.54375 0.0890625 0.009375 0.01875
0 0.57421875 0.08984375 0.01875 0.0234375
0 0.66875 0.8875 0.0328125 0.0515625
0 0.19453125 0.0828125 0.0140625 0.0234375
0 0.9703125 0.0984375 0.0140625 0.028125
0 0.14140625 0.8921875 0.0375 0.0515625
0 0.30546875 0.9 0.0296875 0.046875
0 0.03515625 0.08515625 0.01875 0.0328125
0 0.32890625 0.08984375 0.0140625 0.01875
0 0.06640625 0.925 0.0375 0.046875
0 0.10625 0.0875 0.0140625 0.0234375
0 0.58671875 0.95078125 0.0296875 0.046875
0 0.2375 0.95390625 0.028125 0.0421875
0 0.4234375 0.0953125 0.01875 0.028125
0 0.8828125 0.971875 0.0375 0.05625
0 0.02265625 0.959375 0.028125 0.0421875
0 0.5125 0.971875 0.0328125 0.05625
0 0.66640625 0.97578125 0.0328125 0.0484375
0 0.83984375 0.98203125 0.0328125 0.0359375
0 0.38515625 0.984375 0.0375 0.01875
0 0.9203125 0.01640625 0.0140625 0.01875
0 0.3703125 0.09921875 0.01875 0.0234375
0 0.60625 0.10546875 0.0140625 0.01875
0 0.2546875 0.1015625 0.01875 0.0234375
0 0.64140625 0.10859375 0.01875 0.01875
0 0.715625 0.11015625 0.0140625 0.0234375
0 0.91640625 0.11328125 0.0140625 0.028125
0 0.7828125 0.1109375 0.01875 0.0234375
0 0.8671875 0.01796875 0.01875 0.0234375
0 0.91171875 0.01875 0.009375 0.01875
0 0.15859375 0.00625 0.0140625 0.0125
0 0.44453125 0.1125 0.0140625 0.01875
0 0.85390625 0.121875 0.0234375 0.0328125
0 0.696875 0.11875 0.01875 0.0234375
0 0.37421875 0.009375 0.009375 0.0140625
0 0.5390625 0.11875 0.0140625 0.01875
0 0.9921875 0.12890625 0.015625 0.0234375
0 0.08828125 0.11328125 0.0140625 0.028125
0 0.3984375 0.11875 0.01875 0.0234375
0 0.665625 0.1234375 0.01875 0.028125
0 0.90234375 0.12734375 0.01875 0.0234375
0 0.971875 0.128125 0.01875 0.0234375
0 0.953125 0.13046875 0.01875 0.028125
0 0.4484375 0.12421875 0.0140625 0.01875
0 0.809375 0.13046875 0.01875 0.028125
0 0.61015625 0.12890625 0.01875 0.0234375
0 0.18203125 0.1265625 0.0140625 0.0234375
0 0.56171875 0.1328125 0.0140625 0.028125
0 0.16328125 0.128125 0.0140625 0.01875
0 0.43203125 0.13515625 0.0140625 0.01875
0 0.98984375 0.14765625 0.01875 0.028125
0 0.6453125 0.14140625 0.0140625 0.0328125
0 0.7125 0.14296875 0.01875 0.0234375
0 0.31171875 0.13828125 0.01875 0.0328125
0 0.59921875 0.1453125 0.01875 0.0234375
0 0.3671875 0.14609375 0.0140625 0.0234375
0 0.13359375 0.146875 0.0140625 0.0234375
0 0.75390625 0.16171875 0.01875 0.0328125
0 0.79296875 0.16171875 0.01875 0.028125
0 0.94140625 0.1671875 0.01875 0.01875
0 0.88359375 0.165625 0.01875 0.0328125
0 0.22421875 0.1546875 0.0140625 0.0234375
0 0.78671875 0.16640625 0.0140625 0.01875
0 0.99453125 0.171875 0.0109375 0.028125
0 0.146875 0.1625 0.0140625 0.0234375
0 0.28203125 0.0125 0.0140625 0.0234375
0 0.51328125 0.01640625 0.0140625 0.01875
0 0.09609375 0.16640625 0.0140625 0.028125
0 0.346875 0.015625 0.0140625 0.01875
0 0.11484375 0.01171875 0.0140625 0.01875
0 0.68359375 0.18125 0.01875 0.028125
0 0.6078125 0.0203125 0.0140625 0.01875
0 0.96953125 0.0265625 0.0140625 0.028125
0 0.82734375 0.1859375 0.01875 0.0328125
0 0.2953125 0.01484375 0.0140625 0.01875
0 0.25390625 0.0140625 0.0140625 0.01875
0 0.9171875 0.19453125 0.0140625 0.01875
0 0.6375 0.18984375 0.01875 0.01875
0 0.325 0.1890625 0.0140625 0.0234375
0 0.42421875 0.190625 0.01875 0.0234375
0 0.96875 0.20234375 0.01875 0.0328125
0 0.57109375 0.021875 0.009375 0.01875
0 0.2859375 0.1953125 0.01875 0.0234375
0 0.0125 0.19296875 0.0140625 0.028125
0 0.30390625 0.20078125 0.01875 0.01875
0 0.0359375 0.203125 0.01875 0.0328125
0 0.91640625 0.21796875 0.01875 0.028125
0 0.9828125 0.0296875 0.0140625 0.01875
0 0.64140625 0.2203125 0.01875 0.0328125
0 0.28515625 0.2140625 0.01875 0.028125
0 0.64296875 0.02578125 0.0140625 0.01875
0 0.446875 0.21875 0.01875 0.0234375
0 0.09765625 0.21484375 0.0234375 0.0234375
0 0.93671875 0.03125 0.009375 0.01875
0 0.98359375 0.23046875 0.0140625 0.028125
0 0.4 0.021875 0.0140625 0.0234375
0 0.77578125 0.23125 0.0140625 0.028125
0 0.0625 0.21875 0.0234375 0.0328125
0 0.9421875 0.23671875 0.01875 0.0375
0 0.40546875 0.2296875 0.0140625 0.0234375
0 0.23125 0.22890625 0.01875 0.0328125
0 0.340625 0.2328125 0.0140625 0.028125
0 0.178125 0.23046875 0.0140625 0.028125
0 0.48828125 0.2359375 0.01875 0.028125
0 0.37265625 0.2359375 0.0140625 0.0234375
0 0.83359375 0.24609375 0.01875 0.0328125
0 0.24453125 0.01875 0.0140625 0.0140625
0 0.74765625 0.246875 0.01875 0.028125
0 0.8453125 0.25390625 0.01875 0.0328125
0 0.446875 0.24921875 0.0140625 0.0234375
0 0.38203125 0.25234375 0.0140625 0.0234375
0 0.81640625 0.26015625 0.01875 0.0234375
0 0.98046875 0.265625 0.01875 0.0234375
0 0.07578125 0.01796875 0.0140625 0.0359375
0 0.41796875 0.26015625 0.01875 0.028125
0 0.0203125 0.0171875 0.0140625 0.0234375
0 0.790625 0.27109375 0.01875 0.0234375
0 0.96953125 0.2765625 0.0140625 0.028125
0 0.87578125 0.034375 0.0140625 0.0234375
0 0.078125 0.2640625 0.01875 0.028125
0 0.88359375 0.28046875 0.01875 0.0234375